128.75,90.92,84.32,68.77,55.39,44.7,41.03,45.74,42.36,31.72,26.7,20.96
85.53,78.43,81.31,71.08,60.08,40.4,26.68,31.9,26.49,24.18,38.29,77.41
60.33,27.33,46.5,35.35,37.2,34.29,38.81,29.22,27.43,39.63,41.73,54.83
31.55,32.42,36.5,27.82,30.66,38.44,40.75,39.56,40.58,48.15,57.88,77.97
16.33,14.86,29.53,32.14,26.63,31.49,31.56,34.3,38.41,50.45,71.83,96.06
34.15,25.99,27.67,27.24,15.34,19.41,18.03,27.01,47.54,75.68,109.38,175.22
41.34,28.99,14.76,21.72,31.26,32.38,39.55,41.96,67.43,107.04,202.56,357.19
43.75,27.48,26.25,31.16,40.06,48.55,78.43,99.73,125.84,179.67,251.75,264.86
18.37,33.77,25.79,25.7,18.71,29.95,65.22,132.54,291.75,319.91,207.99,158.36
0.0,28.92,33.94,9.79,19.06,40.62,73.07,160.96,324.46,315.36,296.11,286.18
36.45,38.79,17.54,25.81,43.68,69.85,109.97,196.41,230.14,269.96,318.3,285.94
50.74,39.84,41.4,42.4,52.19,72.64,135.52,307.07,383.18,325.2,317.77,357.35
85.57,48.21,55.02,71.79,85.94,122.93,210.89,285.4,319.43,348.51,389.35,481.61
87.74,66.6,97.0,151.45,198.46,160.01,152.39,161.32,172.14,175.41,166.16,154.86
46.77,46.24,55.78,72.8,104.92,150.57,232.38,203.84,190.8,196.56,183.68,148.73
73.2,75.68,106.81,193.6,339.82,277.0,174.58,191.64,215.78,195.85,155.12,132.86
98.23,105.05,145.44,227.26,278.76,285.43,293.46,307.81,296.4,254.71,195.33,165.84
122.48,136.67,172.65,208.85,184.79,179.32,175.41,166.03,152.61,143.15,128.12,85.59
147.73,172.45,277.49,311.44,303.87,321.78,310.94,284.82,279.6,261.45,206.57,86.75
186.0,229.86,296.04,445.87,571.48,563.28,463.51,345.61,276.49,323.41,294.47,202.84
361.01,252.97,256.62,313.76,401.56,400.78,315.65,286.79,311.42,267.69,183.81,126.52
294.09,285.23,197.36,203.14,240.53,263.39,208.49,124.03,88.74,63.77,46.42,58.24
194.79,178.5,194.35,208.68,189.2,134.28,112.29,101.52,80.13,57.67,50.98,49.67
161.23,108.72,94.22,86.82,73.87,66.38,57.83,47.71,36.95,25.72,31.38,22.45
124.61,116.92,86.05,67.64,45.88,41.18,47.6,31.27,11.01,17.33,23.65,10.38
89.3,110.29,86.99,83.91,76.16,67.82,56.78,56.15,53.14,22.99,9.49,21.95
70.45,57.08,44.5,68.71,80.33,105.42,125.93,148.57,165.85,165.44,129.02,109.18
47.41,40.5,33.81,45.21,50.84,49.25,55.53,69.57,97.87,136.66,213.89,246.48
147.24,162.18,137.6,97.7,91.69,135.51,199.93,206.08,200.74,208.06,234.35,261.49
122.02,75.27,119.95,238.73,391.42,417.18,375.09,355.04,380.36,437.23,485.85,504.14
89.92,37.61,61.14,110.55,206.6,422.37,465.57,466.55,481.77,466.46,441.75,396.08
54.56,68.53,75.9,142.49,260.27,480.14,441.29,415.56,419.97,422.93,437.73,492.6
148.24,211.77,401.39,451.27,462.05,465.77,488.5,532.08,581.32,606.37,579.02,435.1
42.34,52.72,46.01,75.09,125.35,249.63,303.02,187.43,139.13,156.97,161.12,136.94
0.0,23.69,31.97,20.5,31.99,54.07,77.55,131.82,147.97,139.86,166.88,196.45
47.59,28.33,24.1,40.92,45.83,52.98,61.53,84.17,98.48,88.98,117.85,156.41
28.8,21.37,11.26,8.91,27.13,39.62,60.35,132.95,324.13,433.57,382.97,327.26
0.0,17.38,22.22,15.64,34.83,49.99,56.31,88.53,172.45,332.54,324.22,249.81
0.0,14.13,17.83,15.59,41.17,74.64,134.92,280.91,280.38,199.24,142.54,134.82
0.0,16.42,20.28,23.18,35.96,79.81,174.87,347.96,237.97,115.94,116.48,142.48
49.0,19.29,35.79,50.27,79.42,144.07,286.09,285.11,220.17,174.55,154.28,163.0
107.54,81.44,114.66,170.01,164.43,153.13,157.43,146.66,121.25,89.72,73.69,61.48
152.78,192.17,250.2,277.5,291.71,239.38,197.97,120.77,52.34,39.57,33.19,34.55
149.22,176.81,183.08,198.97,212.06,208.19,158.58,78.3,37.59,35.19,33.32,32.24
136.42,149.81,161.02,162.41,140.5,113.98,85.94,44.21,31.83,29.4,27.69,27.39
134.18,118.05,123.6,108.6,81.98,60.7,42.4,34.24,31.34,22.45,20.58,19.97
97.46,81.28,67.99,64.48,43.31,32.24,29.78,12.11,12.42,24.82,49.22,31.99
89.83,24.96,44.56,16.72,48.02,28.48,34.81,20.93,14.27,28.56,59.41,89.78
142.89,70.71,49.48,57.35,32.88,31.23,26.71,22.12,18.71,17.73,19.08,18.3
146.61,101.43,91.06,71.74,66.31,54.62,46.33,40.49,36.25,36.86,34.11,32.08
192.31,125.02,117.33,75.54,78.52,65.95,59.49,45.37,43.77,33.85,29.98,30.25
150.08,106.87,78.88,75.73,61.57,38.14,40.65,36.94,30.13,26.93,27.4,29.3
70.19,35.15,41.34,39.76,45.28,45.12,47.45,48.05,45.01,48.54,54.78,43.72
22.8,18.11,29.36,22.03,19.56,24.7,18.21,4.03,5.67,21.48,23.39,20.96
23.62,12.95,23.02,33.92,17.94,7.25,0.56,1.18,14.68,19.42,32.79,60.5
39.05,15.11,15.59,16.8,27.12,30.31,31.49,36.03,43.52,44.27,71.18,120.4
0.0,0.0,7.79,5.43,14.45,23.13,35.39,46.1,58.92,76.2,135.99,249.55
0.0,8.5,15.76,16.7,19.09,23.98,34.94,43.0,64.96,110.88,250.08,310.33
0.0,30.24,34.88,31.14,50.21,88.14,173.18,304.57,231.89,133.96,146.69,218.89
0.0,6.98,20.49,20.76,23.45,34.44,51.75,75.5,152.65,199.25,158.91,160.94
0.0,53.89,15.9,25.02,19.22,32.54,54.45,96.68,209.56,247.99,179.5,204.22
0.0,48.19,34.97,81.5,162.75,289.69,153.6,55.75,91.2,181.38,254.79,321.0
0.0,70.1,64.5,91.91,148.66,169.01,127.78,138.15,153.95,178.94,213.52,237.66
0.0,8.57,10.19,17.76,26.88,37.91,45.27,50.06,40.26,23.99,43.39,59.41
0.0,5.85,0.0,2.47,12.44,15.0,18.99,34.65,27.54,16.39,24.54,34.64
0.0,23.11,16.59,11.42,10.26,17.23,21.69,17.88,18.79,14.53,15.94,20.94
0.0,44.05,15.62,12.14,21.78,17.26,17.86,12.59,16.52,13.83,17.53,19.03
2.39,21.86,11.19,14.01,22.07,15.75,18.89,13.41,16.96,10.53,10.47,8.58
48.43,36.12,19.66,29.85,26.73,20.37,17.14,16.25,15.41,14.09,13.8,14.81
144.28,84.13,70.89,47.04,30.42,33.71,33.19,25.06,22.17,19.17,20.38,22.27
136.2,103.99,68.73,65.03,39.5,35.91,29.12,26.46,24.81,21.55,17.55,18.31
87.06,49.22,23.26,24.95,20.41,19.97,23.34,19.4,19.36,18.55,21.8,27.22
68.08,58.56,40.58,18.91,24.73,10.13,23.4,14.86,21.05,14.8,18.35,14.25
58.38,44.67,42.18,33.96,23.48,17.11,21.92,18.83,18.7,15.45,17.49,21.46
40.87,40.5,36.89,31.73,31.29,32.22,10.53,20.96,14.31,15.2,12.75,18.99
34.11,35.31,34.85,34.56,25.1,25.33,20.3,23.45,16.72,15.05,16.99,22.61
16.21,38.43,21.4,25.63,13.91,10.3,11.17,6.47,0.0,7.49,25.72,42.56
11.05,30.74,5.94,0.0,0.0,0.0,0.97,10.1,42.79,82.79,215.07,303.82
0.93,16.0,4.75,0.0,0.0,0.0,0.0,5.06,27.78,79.94,222.09,350.97
27.71,30.99,8.52,10.26,17.27,34.89,47.21,56.22,68.13,44.48,28.52,45.13
17.58,23.38,8.35,10.71,11.39,18.72,30.03,44.64,69.85,121.25,165.94,140.59
0.0,30.26,14.4,8.6,17.96,31.58,55.44,100.47,218.03,211.86,127.88,156.2
0.0,13.85,19.37,15.74,30.21,84.15,223.73,346.57,225.12,110.8,127.08,150.7
0.0,17.26,30.84,40.78,73.1,182.5,342.82,232.95,119.98,144.93,184.29,202.24
0.0,18.83,27.13,41.18,87.15,202.5,323.09,228.15,153.41,152.03,165.44,179.96
21.69,41.98,68.05,138.27,298.19,228.5,143.36,138.17,145.76,150.46,146.25,127.97
45.7,57.15,81.34,117.67,157.97,83.94,71.34,64.7,52.28,37.47,25.55,23.04
80.0,61.28,55.34,66.47,65.85,47.42,43.51,38.18,29.83,23.16,9.22,13.05
129.7,109.36,88.45,61.8,50.45,43.6,42.17,46.19,43.22,28.39,26.26,24.25
156.05,106.61,104.05,78.86,56.94,45.36,30.79,35.7,31.47,28.97,24.52,22.03
153.99,124.24,122.28,89.99,68.42,51.51,28.39,37.53,33.92,29.64,26.29,23.09
153.51,122.58,119.81,90.14,71.16,52.46,29.48,38.26,32.85,28.67,25.79,20.74
153.0,114.26,96.04,65.13,44.82,27.54,30.34,31.11,24.24,25.33,17.36,14.95
168.38,136.87,136.4,123.68,104.61,76.96,56.94,52.07,40.28,38.32,27.57,24.64
146.04,119.8,106.0,91.25,67.0,54.74,48.13,41.14,36.94,37.3,31.59,27.87
133.4,110.0,123.62,89.08,65.39,57.74,47.61,45.01,42.65,34.62,31.77,28.49
137.92,129.6,139.15,103.28,56.21,44.24,48.26,45.88,38.53,36.0,30.28,28.7
71.6,73.65,60.18,53.53,40.3,30.18,24.04,26.66,27.2,20.48,18.37,21.03
47.92,30.75,48.51,38.94,44.65,37.57,26.39,26.49,32.68,33.51,41.38,58.62
32.2,29.75,33.77,24.28,28.31,34.9,40.03,39.74,45.73,61.95,76.63,92.25
0.0,20.25,26.57,25.03,27.02,30.58,36.39,44.75,53.37,75.47,98.97,162.42
25.4,13.71,27.49,28.66,23.91,23.36,21.53,32.63,50.34,75.21,104.5,162.0
0.0,21.44,23.44,27.55,27.07,31.72,39.18,58.08,85.85,105.96,129.92,146.86
11.68,14.13,30.33,23.1,22.62,49.19,60.2,70.92,83.43,90.67,81.79,87.88
9.02,13.2,23.42,23.26,18.13,39.24,58.95,79.15,112.09,128.85,144.25,152.95
0.0,17.99,18.71,17.99,26.26,49.29,88.47,180.61,169.95,111.51,128.01,147.7
20.24,44.02,43.02,45.48,78.7,125.92,223.61,217.23,138.41,136.04,136.71,116.61
25.42,37.06,42.85,64.17,106.78,178.81,274.27,226.69,175.91,174.7,166.06,156.48
75.0,77.58,118.07,192.69,291.66,253.68,209.23,208.91,207.62,194.88,185.68,189.89
43.26,46.84,86.39,128.34,193.18,193.16,141.02,128.22,128.55,127.8,117.99,109.5
49.95,63.7,78.89,116.23,163.91,220.03,207.01,206.48,201.84,190.07,169.86,144.38
77.0,93.47,135.36,195.39,260.46,244.69,219.54,216.76,225.52,197.95,153.74,135.02
145.57,158.33,200.75,186.51,173.76,206.57,254.82,294.27,303.51,225.02,138.36,119.37
154.69,177.58,213.08,202.85,218.48,231.51,182.64,90.74,66.77,65.92,52.15,53.81
174.69,138.07,167.16,172.74,177.54,156.7,108.81,73.42,62.99,49.45,39.11,41.77
174.17,140.67,173.06,171.76,177.9,177.73,135.73,96.98,79.3,59.55,45.17,51.33
184.61,146.82,198.52,224.58,257.29,287.06,317.06,281.12,187.29,134.28,93.09,58.52
211.39,221.23,304.84,482.13,671.22,761.21,814.95,803.77,546.1,234.35,92.07,47.78
167.76,161.41,209.25,250.28,261.88,182.33,88.09,62.16,43.99,40.02,40.69,36.61
164.45,167.86,219.35,247.06,233.98,114.72,61.01,45.12,41.2,34.98,28.25,24.53
175.1,256.92,358.03,483.84,548.52,384.06,146.96,55.96,28.23,28.62,26.1,25.74
102.65,68.64,95.41,97.86,69.3,48.53,49.43,45.6,34.06,32.27,27.73,25.44
72.17,80.11,69.12,48.57,28.74,22.02,31.68,23.06,18.14,23.89,21.19,27.32
49.88,33.55,49.52,37.47,41.0,39.76,35.77,26.98,31.2,35.59,38.07,53.76
39.43,38.8,35.48,40.95,37.73,37.08,43.23,47.45,51.66,66.33,79.77,117.67
22.79,35.53,24.27,29.8,36.04,42.3,47.28,56.19,70.2,98.29,161.76,246.25
24.47,39.0,35.35,35.3,36.45,31.97,46.12,66.74,94.51,124.44,178.96,165.35
33.2,34.62,30.33,35.63,49.14,58.31,68.64,91.47,109.12,153.63,207.5,200.09
20.04,29.74,24.81,30.94,39.42,48.49,69.21,108.82,195.29,283.39,202.2,136.57
0.0,28.33,29.98,18.58,38.02,67.67,111.15,229.1,223.12,196.84,204.18,203.98
60.44,47.61,51.35,78.9,108.5,168.74,329.85,281.69,234.14,245.95,220.24,144.97
44.04,26.24,33.13,34.49,50.67,73.63,111.87,170.9,167.41,175.14,213.47,272.35
32.16,28.92,40.6,36.55,53.63,66.02,75.38,118.82,168.72,184.4,188.48,215.65
78.61,108.83,160.98,306.88,386.78,344.78,264.86,239.0,231.99,272.38,359.54,555.25
159.84,217.15,288.68,295.35,236.12,204.43,198.52,209.74,244.85,340.01,474.23,649.38
81.22,117.33,194.68,306.09,284.76,213.83,191.27,175.14,163.59,175.28,193.32,226.17
136.63,200.49,250.12,223.56,212.56,205.56,209.43,271.69,397.14,586.38,690.47,735.1
177.75,212.02,235.66,224.95,234.15,271.35,410.87,619.1,690.93,727.73,717.16,550.23
224.04,216.48,267.25,348.31,419.33,505.34,644.09,630.73,498.27,389.1,253.44,170.19
239.97,323.0,314.41,348.28,389.66,484.87,623.16,545.65,369.73,295.84,220.25,122.08
228.45,260.61,277.37,334.79,471.76,822.1,979.47,973.11,829.62,360.53,131.87,56.86
236.5,313.06,366.47,616.73,969.22,1042.0,1032.95,968.82,614.2,253.24,99.45,44.62
162.91,164.1,200.42,209.28,189.89,137.88,89.44,64.82,44.51,45.22,42.78,37.41
139.9,108.96,132.95,117.99,86.74,64.19,54.81,51.16,44.77,38.79,34.98,31.27
91.53,58.65,63.76,53.56,65.13,45.56,36.87,30.87,25.05,27.61,34.09,38.26
66.01,65.53,51.05,49.52,36.3,42.14,45.25,27.22,19.28,20.56,29.3,20.96
46.39,46.0,57.38,41.17,38.05,48.33,46.26,30.48,28.19,26.13,25.15,28.07
35.64,33.76,48.27,43.71,38.61,37.68,41.92,50.16,54.38,47.03,47.69,72.81
26.91,39.4,35.72,34.26,32.43,25.14,33.67,43.14,56.69,62.85,76.35,132.27
28.75,35.05,29.78,25.06,33.8,28.56,32.94,41.48,56.01,78.51,92.62,164.47
35.22,37.95,36.91,38.07,44.34,44.64,55.34,67.82,77.33,93.15,115.91,164.34
45.61,28.26,27.69,40.66,48.72,54.65,74.64,81.2,84.22,103.98,135.33,138.66
31.41,37.17,24.14,38.3,35.96,44.55,61.45,80.05,136.19,198.16,163.15,122.1
20.3,29.32,21.21,28.01,45.12,44.45,47.57,53.67,85.04,117.37,140.94,151.64
31.06,19.35,31.53,21.46,25.92,35.34,42.06,58.39,71.35,72.83,77.47,94.38
0.0,21.86,42.71,28.55,46.4,69.57,108.39,165.29,157.13,133.78,131.06,125.24
31.33,50.27,49.24,77.39,112.5,205.16,275.05,183.65,129.14,97.12,98.16,121.52
61.21,47.68,64.09,103.02,159.66,253.27,286.94,266.37,278.36,315.18,371.61,430.58
69.72,44.95,57.21,91.42,136.47,217.79,278.24,264.89,299.14,380.61,492.48,484.68
97.77,107.32,118.75,140.56,157.18,188.15,254.26,279.94,286.07,337.04,394.05,391.07
128.22,123.49,158.39,233.55,248.95,236.69,231.28,240.15,265.36,288.04,229.1,114.87
189.48,229.35,311.43,284.6,274.86,266.34,323.94,465.12,592.67,614.1,523.08,341.22
347.27,350.09,371.71,403.6,388.67,344.22,327.33,330.05,342.6,332.55,256.06,162.22
226.19,310.26,308.78,330.26,315.31,300.03,348.7,361.03,254.56,148.18,62.91,40.27
175.75,154.89,172.81,169.27,136.62,94.66,63.61,54.64,47.1,47.74,43.44,44.97
163.48,153.21,144.71,128.43,97.11,84.59,69.77,50.81,35.7,41.32,34.57,36.1
156.83,152.61,168.74,160.73,131.15,89.82,47.86,61.87,40.62,42.27,35.45,30.54
152.44,126.54,145.29,113.61,59.87,46.35,55.66,48.38,40.17,36.18,27.78,23.41
142.38,106.99,111.19,66.45,53.3,45.38,41.7,43.36,33.05,26.13,24.1,24.05
118.5,87.34,85.69,54.37,44.93,49.87,42.34,42.56,42.97,39.05,32.13,23.27
132.06,89.88,80.9,47.93,27.63,24.66,21.76,23.22,22.11,17.84,17.03,34.59
80.15,19.01,47.14,33.86,31.92,31.95,36.61,35.98,26.73,32.14,31.19,31.56
31.33,29.8,39.9,37.17,35.28,38.32,40.7,36.75,39.11,50.89,60.32,85.23
7.68,15.49,28.66,31.56,29.1,36.32,39.77,42.1,49.48,71.41,100.38,148.98
8.15,22.46,27.05,32.45,32.63,35.46,33.83,41.8,49.66,54.25,67.25,98.07
22.25,21.03,23.17,21.04,24.87,34.76,29.82,41.99,59.0,82.93,117.61,184.21
0.0,7.77,31.17,4.39,25.32,47.93,74.75,107.87,194.45,227.86,177.42,140.67
45.99,34.35,16.11,20.85,33.58,53.27,86.48,172.64,304.34,252.69,209.1,261.3
34.84,22.94,18.88,13.97,24.48,36.84,76.86,150.66,336.31,302.98,205.85,158.75
11.5,40.21,43.81,62.51,101.32,162.08,362.9,323.36,263.37,279.11,310.35,341.66
87.63,81.19,120.29,204.26,365.89,362.68,310.47,329.41,354.27,339.44,262.08,205.37
106.02,170.12,302.65,336.1,262.86,171.53,166.32,194.26,252.37,350.78,529.84,608.97
88.38,81.73,126.22,231.15,357.26,365.49,275.97,288.32,316.43,332.39,379.11,418.47
79.03,122.05,216.58,339.53,317.91,248.7,244.78,247.29,245.78,222.1,174.67,136.93
153.43,210.37,255.43,210.27,173.11,163.64,226.17,437.8,710.72,787.93,808.79,695.22
180.46,224.84,261.04,244.26,252.77,300.64,531.32,954.22,965.33,904.05,689.32,434.94
173.59,192.55,223.55,261.16,299.14,232.09,94.03,64.07,58.5,46.82,50.36,50.11
149.18,148.28,163.09,160.25,152.11,150.79,128.06,70.43,42.93,36.25,35.78,34.79
144.57,118.32,124.79,111.52,79.85,94.79,91.72,59.02,30.49,38.71,31.19,34.03
143.36,126.8,141.12,134.55,118.81,110.46,96.62,83.63,57.9,30.56,40.12,34.41
129.32,92.76,95.83,97.37,68.19,63.44,58.55,54.87,57.83,41.18,33.62,35.75
102.3,53.5,68.62,51.42,36.27,38.97,33.8,22.73,23.5,17.3,20.67,36.49
66.83,65.67,53.2,51.83,41.41,38.25,35.78,33.75,18.44,25.01,37.23,28.59
61.77,60.94,54.52,49.37,38.1,41.53,50.51,32.92,37.83,28.47,31.17,22.6
82.01,59.34,69.34,43.75,54.97,39.22,55.13,35.96,49.06,33.16,49.72,44.49
60.54,38.34,48.22,34.63,44.02,45.0,56.84,58.24,54.9,71.68,121.67,229.02
62.33,42.24,48.25,53.77,54.55,65.4,79.91,97.19,105.45,156.98,257.92,258.27
64.66,48.58,55.67,76.48,89.5,113.22,149.91,215.15,285.76,196.26,140.89,149.01
117.72,122.39,127.64,138.87,145.75,180.04,228.25,231.57,193.21,134.76,93.79,115.33
82.72,57.03,71.04,127.04,169.79,245.33,297.4,231.73,235.24,275.6,326.33,366.75
89.74,40.71,63.35,129.15,217.93,412.36,366.23,331.02,329.29,332.93,346.89,383.43
91.71,82.63,141.75,301.6,457.55,398.31,363.2,361.59,373.59,384.84,383.12,395.59
93.31,59.33,79.3,126.47,194.64,365.99,348.77,284.15,289.85,318.47,312.14,285.05
9.86,36.13,31.92,30.22,42.36,44.69,38.58,33.01,38.37,22.89,8.84,10.65
8.85,26.02,4.4,8.14,7.06,24.19,18.21,22.89,17.88,7.98,11.27,26.68
27.98,22.14,10.2,16.31,17.77,28.34,41.09,73.17,111.36,102.39,77.02,79.95
11.64,0.0,15.36,1.95,8.48,16.89,24.95,39.9,59.82,68.09,51.59,41.7
0.0,15.17,5.48,0.0,5.75,3.57,0.0,12.32,42.99,101.02,254.67,304.94
54.05,60.28,85.79,132.44,226.02,294.1,221.92,169.31,155.91,136.55,111.16,87.71
105.04,153.38,251.62,302.52,228.45,209.75,204.21,174.99,151.92,154.73,163.53,149.97
48.65,69.95,91.1,111.19,101.15,85.43,91.02,84.41,77.56,66.86,48.48,34.24
56.15,53.71,67.25,83.96,80.63,64.17,65.47,61.03,40.91,23.2,13.94,7.88
68.59,57.84,54.57,61.12,58.01,57.83,59.82,44.23,20.78,19.31,8.8,17.81
84.03,60.16,43.37,32.01,32.3,22.05,26.11,18.76,18.96,15.16,15.04,11.44
31.33,37.49,41.5,35.1,28.56,19.81,18.51,18.32,18.39,18.4,20.81,20.17
73.77,79.51,86.56,80.4,75.2,60.77,54.51,32.99,20.89,26.0,27.15,22.44
56.1,46.77,36.48,40.74,30.73,26.47,14.6,12.43,16.0,13.53,13.42,16.45
64.66,48.5,41.91,35.45,36.3,24.75,13.0,10.62,14.87,11.2,11.61,12.09
120.4,78.67,78.54,67.79,56.4,46.9,40.44,32.84,31.76,18.64,6.02,6.6
139.61,116.88,141.77,131.9,117.46,110.11,75.68,27.68,28.42,24.42,26.53,28.03
144.91,120.31,138.76,130.2,111.05,97.11,58.86,22.14,28.85,22.09,25.09,23.6
124.95,35.6,39.71,27.56,40.18,13.22,27.6,11.04,21.87,12.56,28.04,37.36
39.78,40.18,21.16,22.92,10.67,9.84,6.27,35.5,42.35,81.37,181.84,199.74
6.78,27.09,31.35,22.16,29.68,34.33,52.98,84.61,135.85,266.94,293.2,186.92
2.47,14.64,15.49,14.26,24.52,38.86,56.97,89.73,155.35,278.15,204.73,90.04
9.84,16.09,5.24,4.69,9.11,19.98,36.33,61.15,99.86,193.29,310.92,322.25
23.96,22.16,17.86,18.42,18.1,16.56,25.63,56.6,112.88,261.5,356.26,318.99
12.4,17.49,15.96,21.46,18.79,12.9,18.83,43.19,92.67,230.34,404.68,316.98
0.0,23.08,18.06,16.81,23.5,33.03,55.89,93.18,213.99,322.47,254.13,222.09
0.0,26.99,20.84,28.76,45.35,72.36,141.34,248.69,195.74,154.2,183.4,223.05
0.0,25.97,28.58,50.81,97.14,214.46,293.67,185.73,169.23,211.28,216.6,193.49
56.39,130.14,270.28,397.49,289.19,145.23,145.6,241.75,327.58,304.36,170.05,77.45
53.8,118.79,259.63,285.21,183.64,172.78,206.22,241.87,251.7,231.57,170.43,98.4
111.7,191.45,211.4,133.38,134.98,150.92,143.56,123.38,111.61,89.22,56.05,43.87
70.98,86.7,110.11,139.06,83.2,59.71,59.52,58.7,43.04,22.92,19.59,16.4
112.62,121.34,150.5,135.59,111.58,102.91,84.39,70.88,54.85,43.2,36.17,28.12
143.82,83.53,77.64,54.4,38.22,32.51,28.03,25.31,24.31,20.25,18.66,14.43
142.58,117.89,88.23,72.53,47.13,42.6,26.97,33.32,30.24,24.55,22.64,18.47
111.33,81.08,64.97,55.34,37.83,37.27,24.39,14.43,13.51,9.7,32.23,56.74
74.31,76.95,56.64,29.07,42.1,15.6,21.84,16.03,23.3,16.1,18.63,16.3
42.45,44.9,28.51,31.04,13.25,17.47,16.94,21.63,16.64,15.99,13.46,18.03
22.95,29.72,29.47,18.89,8.07,15.45,13.27,10.78,6.2,8.77,6.69,9.18
50.68,38.52,34.27,32.22,31.41,35.6,10.03,10.23,5.18,13.57,7.51,15.81
46.67,30.89,32.92,27.33,20.67,18.7,11.59,0.0,3.43,9.21,23.34,32.55
0.0,28.62,28.82,8.75,18.95,12.62,18.91,30.6,51.38,107.6,181.95,190.62
9.66,20.63,12.06,13.87,10.44,22.34,22.96,33.94,68.92,149.51,197.27,144.85
18.56,20.85,16.68,29.14,43.54,81.75,141.28,144.87,126.24,160.42,190.12,204.02
24.22,10.9,21.18,31.54,51.96,93.3,178.99,163.64,131.04,150.29,168.18,175.04
36.85,35.44,40.05,62.26,59.41,85.27,121.76,148.46,140.92,123.31,108.79,97.78
45.67,50.33,71.8,113.6,145.73,136.11,146.49,158.31,169.53,155.82,133.71,117.12
92.34,134.15,224.79,245.24,187.73,175.33,183.21,192.69,200.45,195.45,171.21,165.38
31.01,21.75,46.47,44.25,52.76,47.03,43.01,37.65,33.5,31.21,27.32,23.94
45.15,31.75,55.66,63.31,64.39,89.1,107.62,110.04,100.11,97.02,90.71,81.42
41.15,23.21,60.44,53.87,72.32,78.88,85.08,89.16,87.66,69.3,56.2,39.75
87.18,92.25,96.49,99.82,98.2,91.67,79.96,71.33,68.46,69.58,71.31,58.69
83.48,73.37,82.63,87.23,90.33,87.87,76.59,65.3,56.07,46.14,32.11,12.43
113.93,47.53,89.62,72.54,62.08,41.24,41.83,40.01,25.42,13.77,17.92,22.97
153.22,115.09,152.78,133.06,107.31,93.08,69.02,44.69,28.88,29.31,30.89,33.17
175.93,136.68,155.84,152.5,143.54,123.03,78.0,63.41,43.95,44.98,39.44,38.94
177.65,138.78,161.39,163.14,145.83,109.19,72.18,63.56,48.21,48.94,40.98,39.66
180.03,153.31,165.68,140.73,106.01,66.12,53.14,42.35,43.29,34.1,29.63,26.79
159.77,145.21,140.99,107.95,66.46,55.16,48.05,43.12,39.58,31.01,28.22,30.98
150.48,149.58,164.18,110.52,53.79,41.97,48.35,43.35,37.9,29.47,28.45,28.59
157.99,161.09,181.39,137.23,68.5,45.32,51.17,42.95,40.06,31.91,29.33,25.36
145.84,125.67,132.09,62.02,42.83,41.53,39.76,33.96,24.7,22.5,21.16,26.18
133.25,91.89,69.26,50.4,39.85,40.39,43.02,34.07,31.08,29.44,24.7,31.86
125.98,78.89,56.23,39.88,32.77,27.08,20.74,20.44,15.79,25.53,55.76,194.96
119.6,66.34,40.24,33.89,36.35,16.34,4.6,0.0,5.98,96.54,409.35,256.48
302.67,142.94,68.8,72.8,44.88,42.54,47.33,40.43,34.7,35.93,38.79,48.08
377.59,188.98,59.01,77.7,32.07,47.37,40.11,35.42,32.04,32.78,33.24,38.19
153.02,118.82,71.17,48.0,39.19,22.76,23.75,27.13,26.92,35.63,48.59,59.75
63.93,36.11,39.85,40.12,39.36,32.23,36.15,44.62,41.12,51.92,64.46,74.07
45.57,34.53,41.81,46.74,44.48,48.37,57.69,72.38,69.6,82.11,86.14,93.96
0.0,39.27,39.23,46.86,48.76,53.62,61.19,60.78,58.17,54.43,59.8,66.8
25.38,25.36,36.8,48.24,68.91,67.92,81.11,79.94,75.63,67.91,75.41,77.01
39.43,12.38,26.71,34.6,57.09,82.9,113.6,153.35,209.88,238.13,178.74,127.86
0.0,22.22,40.6,43.74,52.59,70.62,105.96,145.52,212.73,280.44,236.38,221.88
62.95,99.62,111.78,152.94,240.65,303.46,322.23,307.99,300.0,296.05,380.62,492.55
124.19,154.3,207.15,314.32,354.87,355.29,348.77,344.91,384.15,492.78,608.59,675.33
99.85,122.32,189.23,302.44,367.86,330.85,276.81,265.76,268.74,314.94,392.37,419.02
189.86,229.01,327.54,336.13,331.74,344.97,369.62,407.6,443.87,462.14,454.81,397.39
227.41,331.5,349.84,383.56,364.22,321.08,380.87,429.25,391.86,341.05,278.98,214.84
255.82,253.58,272.18,321.76,425.54,572.85,572.51,509.09,484.68,460.24,322.45,175.86
218.32,252.25,246.17,243.03,260.58,329.66,417.11,360.7,235.31,138.53,58.65,40.92
168.31,138.89,171.53,172.21,160.63,122.43,86.04,84.24,56.69,40.43,38.09,30.63
173.98,146.24,162.46,152.94,109.99,64.27,56.33,38.81,45.4,31.34,28.94,27.59
152.9,141.89,159.51,124.91,79.11,52.5,58.23,41.46,48.94,33.09,31.7,28.44
146.07,124.27,111.95,74.82,51.34,42.1,43.61,38.24,33.32,30.72,27.11,28.74
124.07,95.5,85.05,75.09,49.27,53.4,46.78,40.01,36.7,31.12,32.29,36.33
95.91,47.77,77.36,58.29,61.02,43.65,37.49,32.05,28.92,24.81,18.75,19.59
60.87,54.62,63.11,43.6,44.51,32.91,31.61,41.86,26.98,28.4,42.69,55.93
48.93,40.4,49.22,37.17,41.89,39.55,42.61,29.54,38.5,39.78,47.62,73.07
36.2,39.83,40.16,36.56,34.51,28.73,37.3,44.0,43.88,40.14,55.96,84.4
24.4,27.12,28.95,32.07,36.84,39.71,42.78,52.09,59.45,69.83,82.32,116.73
30.79,39.8,39.01,36.99,32.99,27.04,30.82,30.91,37.75,42.73,64.26,112.91
43.2,38.53,42.55,33.99,31.0,28.8,45.05,58.78,78.95,101.89,133.64,192.28
35.72,28.82,34.52,35.23,42.85,48.45,58.07,55.17,65.39,100.52,146.38,159.18
20.56,29.63,26.35,44.57,69.06,101.67,130.01,183.55,171.82,161.92,186.3,203.59
34.56,36.73,36.0,53.13,76.57,100.93,131.95,201.0,206.73,198.23,169.3,148.63
17.88,34.94,35.38,49.97,64.75,99.11,147.56,144.4,151.61,162.02,161.51,161.76
48.11,39.5,61.8,123.4,224.27,220.83,131.68,151.43,188.84,186.84,133.03,79.06
57.13,57.71,86.98,129.4,131.86,152.33,147.29,140.3,142.43,122.66,87.63,54.77
41.75,30.65,47.5,65.74,58.15,85.15,152.44,151.98,116.33,96.2,87.28,93.56
41.92,45.39,73.52,89.25,112.63,109.65,111.5,98.53,91.62,77.16,74.57,82.28
121.45,93.81,124.42,151.51,174.02,152.87,142.6,119.8,67.52,39.91,39.82,14.47
150.4,103.74,136.6,114.42,92.77,89.0,72.53,30.16,27.84,28.19,29.36,31.04
154.51,118.16,142.39,128.71,113.28,96.35,46.26,38.1,39.82,37.76,30.67,29.96
150.15,117.43,128.61,132.3,110.08,80.5,33.89,30.67,31.94,30.58,26.25,21.01
198.84,174.97,172.5,162.82,114.55,69.29,57.11,45.95,45.0,35.81,35.26,38.3
169.58,152.84,157.34,117.25,57.33,44.03,45.83,40.32,36.72,28.66,27.54,33.34
156.67,138.2,141.14,108.04,58.44,47.1,48.86,44.17,40.01,33.17,31.24,29.14
151.64,103.73,103.34,63.62,50.86,44.47,43.5,38.53,31.94,25.68,23.19,29.53
139.59,107.65,86.73,68.98,62.43,40.55,41.03,38.25,30.9,26.01,26.21,30.73
118.92,92.85,78.9,72.67,53.35,54.91,46.59,46.67,45.27,37.72,32.66,23.68
122.19,79.59,62.87,44.52,38.03,45.84,34.7,34.67,35.22,34.71,34.73,41.52
90.79,72.04,70.82,53.71,13.97,33.74,28.1,19.34,10.36,13.15,114.46,338.53
61.26,46.74,51.94,40.02,34.1,41.45,40.32,15.33,20.75,37.56,31.35,38.59
47.55,32.21,44.58,39.19,36.59,34.75,37.23,40.12,43.35,44.38,53.84,74.56
28.3,36.41,31.42,40.67,39.43,36.71,35.88,37.62,49.6,56.91,66.1,100.28
23.13,37.78,34.66,34.19,33.92,26.64,32.76,41.64,58.42,78.69,103.67,174.82
27.02,32.03,27.6,28.8,34.31,38.66,44.54,54.16,66.97,95.73,142.23,219.78
29.56,39.23,35.51,40.8,36.82,34.58,53.65,76.4,98.36,127.58,185.36,192.05
20.27,31.11,31.11,35.57,43.63,47.57,62.95,85.15,121.66,220.16,286.4,206.52
0.0,15.9,25.02,18.25,40.84,68.85,111.6,231.98,209.74,158.5,165.27,174.23
0.0,19.69,23.66,18.98,29.61,55.43,84.58,132.6,176.62,156.05,145.42,177.2
8.3,27.46,31.14,31.67,43.93,72.58,105.82,154.84,161.23,123.59,111.95,118.11
29.73,26.39,42.65,60.78,78.58,109.89,158.21,182.84,168.94,131.2,113.17,110.52
52.59,49.86,78.19,111.41,140.85,125.47,118.22,135.04,129.97,121.93,106.74,95.74
122.5,103.0,137.9,155.11,158.69,130.59,124.01,119.73,98.46,56.63,32.89,26.8
187.51,155.61,163.31,131.67,121.56,127.82,113.47,86.54,68.35,47.22,43.53,45.64
205.87,203.83,223.99,234.44,210.16,161.09,151.44,158.16,153.32,100.27,49.92,44.67
153.19,152.7,154.19,149.36,152.95,154.56,115.3,74.17,61.28,49.2,47.72,45.97
167.7,127.96,146.02,130.39,100.89,90.5,81.96,62.68,44.68,47.06,38.58,39.94
177.35,150.31,159.4,155.27,136.31,84.89,51.23,40.63,46.24,35.36,32.53,28.01
165.26,153.59,151.64,114.51,71.32,45.68,47.86,42.18,38.4,30.55,25.87,27.64
136.22,115.38,117.04,94.17,68.66,53.4,42.67,43.95,42.05,35.61,27.18,23.97
151.87,139.55,144.66,77.59,50.09,43.07,45.46,40.16,37.52,30.85,26.83,28.83
88.37,79.4,75.65,55.35,16.27,35.22,34.25,17.53,24.41,44.68,77.21,53.71
61.27,28.69,45.93,30.42,37.12,28.84,28.19,41.84,46.26,55.15,72.88,105.65
27.06,13.98,28.24,22.14,17.08,15.95,22.29,24.92,38.57,47.21,71.96,123.93
2.18,3.05,24.93,19.26,21.2,17.18,26.19,47.04,76.4,100.27,214.72,310.37
0.0,24.66,27.81,35.42,69.67,89.01,122.23,217.82,374.63,391.12,300.14,267.28
25.34,48.06,38.27,60.52,84.02,126.67,191.05,320.55,328.09,251.62,194.98,248.13
45.79,31.46,26.09,37.63,48.22,71.68,123.14,281.39,292.63,185.93,150.51,162.35
50.97,20.29,29.64,34.12,51.27,72.45,135.3,274.02,257.3,173.9,154.93,188.54
67.19,47.77,76.74,130.56,199.17,251.35,261.29,292.07,353.1,385.13,360.83,346.91
51.15,66.35,69.81,93.98,91.96,95.46,101.76,113.45,127.48,119.42,105.08,83.32
0.0,51.65,51.55,55.44,38.08,33.65,28.01,22.32,24.11,24.38,25.56,29.34
0.0,22.64,44.84,63.1,74.96,144.2,141.04,63.63,53.72,30.03,27.59,28.56
1.09,17.82,30.21,43.15,53.04,84.18,146.87,91.45,78.92,65.94,51.77,38.68
0.0,15.94,13.39,23.42,24.02,19.87,41.55,64.33,128.38,115.69,90.03,86.32
0.0,3.82,0.0,0.68,19.52,20.93,23.66,37.18,48.69,71.63,101.24,100.23
0.0,11.55,14.36,25.59,36.78,33.15,36.78,50.77,79.46,124.33,111.13,97.64
78.12,60.79,77.95,90.03,79.5,62.22,53.7,45.16,45.38,44.45,43.66,31.87
59.43,39.2,87.14,124.2,172.12,142.32,107.86,94.9,88.81,79.41,64.87,53.08
68.7,75.16,65.8,45.66,49.33,49.57,46.7,34.37,22.06,15.49,17.02,11.51
69.18,48.06,37.83,34.75,26.85,22.86,23.76,20.31,20.04,13.87,13.72,12.41
87.55,44.46,63.45,61.77,29.43,24.74,32.78,20.19,14.68,27.76,28.28,30.69
96.01,52.43,69.08,64.25,32.07,28.56,33.92,20.38,13.38,18.54,17.16,27.89
77.66,40.98,42.11,37.43,37.33,20.68,2.64,0.0,0.0,0.0,1.37,8.92
72.9,32.03,43.46,18.47,28.09,19.37,3.24,0.0,0.0,0.0,6.1,10.05
82.78,53.96,37.13,44.8,32.66,33.62,32.46,18.03,7.65,13.53,23.79,80.34
160.23,118.83,172.63,168.06,209.81,284.13,333.73,331.56,231.88,105.13,37.6,32.79
162.11,151.35,182.73,179.61,205.46,312.19,413.84,301.69,103.64,46.81,32.94,35.41
168.89,201.22,259.52,269.97,341.15,487.56,572.95,524.78,446.44,290.24,177.21,102.48
107.05,53.97,45.32,51.65,36.09,32.41,7.15,9.17,6.51,2.46,6.52,5.94
79.51,70.35,47.13,46.3,49.61,61.22,71.97,65.91,83.2,113.71,196.25,342.26
67.68,36.88,51.09,80.03,122.79,197.2,376.9,399.04,345.51,300.61,302.36,359.11
65.43,31.48,32.88,24.25,33.56,53.89,99.67,151.7,298.41,304.72,265.48,252.67
8.69,30.62,26.95,22.2,23.84,41.06,44.24,62.05,81.77,111.47,147.07,179.57
37.87,27.3,27.3,27.7,36.94,49.5,58.7,62.43,75.29,112.11,174.84,227.92
4.22,33.24,40.14,35.68,26.03,32.36,60.87,99.53,158.19,160.7,175.33,207.22
0.0,20.31,38.96,30.61,37.3,46.81,83.26,150.29,263.78,227.97,169.14,101.21
36.58,39.16,30.13,55.87,80.84,102.67,128.25,162.75,217.03,233.32,229.73,258.2
39.32,19.05,20.77,18.32,30.69,40.91,56.69,87.25,124.71,117.48,117.54,134.32
1.98,30.07,17.71,20.95,39.61,64.69,97.58,139.8,134.04,128.61,138.47,158.31
7.38,47.76,37.15,46.26,56.29,78.18,119.51,194.31,184.58,140.47,155.61,174.04
50.55,52.14,63.64,113.54,188.61,338.43,322.64,245.38,260.11,281.94,266.51,217.36
93.62,88.57,129.88,237.42,359.66,350.88,299.54,286.57,265.15,219.84,183.56,153.28
146.5,205.83,311.84,312.85,328.94,323.62,295.32,263.5,261.41,257.18,200.33,111.0
159.87,190.52,250.73,276.13,317.51,316.63,271.57,245.43,210.66,137.4,61.39,46.9
157.72,192.59,247.56,249.97,293.84,295.26,239.76,204.9,142.9,70.42,43.26,40.69
127.83,125.57,163.88,177.79,148.18,159.38,149.31,131.83,102.93,86.89,66.34,33.31
105.46,85.08,98.75,94.49,69.38,59.16,54.58,52.3,30.49,14.98,17.63,10.48
78.22,51.11,54.76,57.55,49.8,48.41,31.64,23.51,17.4,22.42,22.77,26.14
44.38,31.34,33.18,19.21,10.77,6.43,5.63,0.0,2.11,0.0,9.68,21.16
151.59,100.68,108.84,86.87,61.12,45.95,20.22,36.39,38.32,23.87,26.09,25.83
247.01,312.35,320.87,398.61,573.32,834.56,979.76,961.9,821.68,508.92,295.47,176.12
308.37,552.15,774.67,847.53,769.13,616.57,457.16,281.28,196.99,130.51,68.33,47.45
104.73,36.28,32.1,40.22,59.8,72.74,80.63,90.31,111.64,145.91,138.94,99.77
84.96,85.54,50.59,45.25,40.56,55.09,68.5,62.35,66.69,75.45,89.23,123.61
76.0,54.7,44.38,58.83,60.4,74.3,84.65,84.64,94.21,92.53,115.73,175.29
46.67,36.07,28.32,22.74,19.49,21.98,28.71,42.41,62.37,87.32,128.0,207.18
0.0,9.63,25.99,6.97,5.4,0.0,6.57,8.46,18.11,25.3,40.11,72.44
0.0,0.0,11.41,3.05,1.89,4.55,16.46,38.72,65.52,132.74,295.06,261.55
0.0,4.39,21.85,13.86,8.67,16.87,31.15,59.12,173.12,328.18,233.85,107.75
0.0,29.14,7.96,6.95,15.84,19.09,27.33,38.68,86.38,201.02,292.28,213.12
0.0,10.02,14.32,8.21,13.44,16.32,43.28,87.38,173.14,187.41,124.59,123.83
0.0,15.21,20.16,13.26,22.19,44.71,88.38,127.02,125.27,78.12,81.94,97.85
0.0,50.48,19.74,9.09,11.72,19.01,29.99,53.72,104.22,163.3,127.55,96.83
0.0,17.89,13.65,27.62,39.46,43.68,56.66,76.41,76.46,61.51,56.84,55.58
38.42,37.36,57.37,96.25,169.22,205.78,104.48,74.83,78.51,76.41,63.26,53.6
49.8,45.17,42.57,46.96,36.36,29.25,21.26,20.34,18.54,21.58,19.51,15.22
65.35,32.67,12.06,26.52,21.77,21.22,20.78,18.66,17.16,15.05,14.08,14.91
97.56,75.59,69.98,50.54,37.67,33.24,23.46,17.95,20.97,23.92,36.08,45.06
116.76,102.4,81.81,62.27,47.83,36.03,22.51,31.83,38.86,20.04,8.46,5.07
140.05,107.61,101.64,70.59,47.56,36.17,20.51,28.43,32.52,25.61,15.71,16.04
89.72,48.58,34.34,31.74,26.13,21.86,22.3,16.4,14.81,14.23,15.45,15.84
55.85,37.45,34.89,19.18,10.86,15.64,14.78,11.1,11.01,10.79,11.41,10.56
32.75,14.94,19.4,13.19,14.14,12.43,13.14,7.92,7.24,3.85,5.5,4.8
33.55,32.55,24.52,26.91,3.95,23.22,15.15,13.77,5.19,12.13,11.44,23.12
38.88,20.04,40.79,33.06,26.69,33.98,29.15,18.25,16.27,17.28,18.88,27.02
7.42,19.32,20.87,11.49,17.03,23.36,24.62,25.92,26.28,38.43,55.62,75.38
2.82,19.86,16.99,15.32,26.79,49.27,85.81,171.05,169.48,141.36,127.82,120.95
44.64,21.56,19.66,19.56,22.66,21.62,14.97,28.56,61.19,129.92,235.46,227.42
34.27,14.32,23.9,24.62,31.42,41.95,50.48,68.61,70.71,81.92,101.05,144.09
0.41,16.82,23.32,16.24,36.99,66.61,112.95,126.38,109.54,112.78,123.65,129.72
6.22,48.35,37.98,68.21,117.92,163.87,127.34,121.77,119.45,119.33,113.04,111.65
9.71,26.69,2.98,0.0,0.0,0.0,0.0,26.53,67.11,121.51,210.39,165.9
12.33,20.88,8.64,9.06,0.14,0.0,7.84,35.8,81.37,164.11,245.91,139.9
16.22,23.47,11.12,10.55,10.22,29.8,65.07,118.24,232.69,217.14,95.81,96.99
24.87,2.12,17.86,0.0,2.46,8.55,42.28,89.09,180.84,309.29,171.91,97.87
43.49,34.01,67.63,74.89,79.82,80.27,76.87,81.27,75.8,63.7,46.71,46.28
106.33,115.95,164.05,170.87,151.08,135.21,123.48,121.54,120.11,109.09,81.76,62.59
148.38,130.56,176.99,181.2,184.96,201.43,176.91,104.44,55.01,46.75,34.39,40.43
170.93,150.68,203.21,224.28,258.97,250.24,163.48,76.35,50.87,41.16,42.45,47.14
172.01,142.27,184.5,185.63,188.75,158.27,97.63,61.41,48.58,39.92,40.79,38.13
158.1,130.37,151.62,135.12,118.76,102.93,63.07,49.6,37.39,36.56,35.49,30.75
155.99,127.49,153.58,142.43,121.95,106.45,62.64,39.6,38.55,37.38,36.08,31.86
152.87,128.9,159.86,145.17,126.14,100.97,51.18,41.53,40.43,40.93,36.9,33.8
141.0,105.51,129.2,120.23,73.7,49.41,44.39,47.85,40.34,33.25,29.29,29.44
149.79,140.23,172.61,155.31,86.59,44.16,55.83,44.57,43.3,36.04,32.76,29.55
146.62,118.76,130.93,81.47,49.7,40.79,47.46,38.07,31.83,27.26,24.99,24.62
67.64,54.04,47.48,37.22,38.59,19.2,19.51,21.67,24.27,21.99,17.26,1.51
47.04,31.4,46.21,35.75,38.53,35.33,37.58,46.75,46.46,49.22,63.34,82.31
36.25,37.2,40.44,38.77,38.45,37.73,43.49,47.68,57.87,71.06,83.94,118.24
26.58,32.11,30.82,34.13,37.63,50.91,55.83,54.44,50.14,67.81,109.53,194.37
24.62,19.3,25.09,31.34,34.22,34.71,34.69,40.84,67.05,103.96,177.31,290.97
6.99,27.12,22.61,28.29,34.4,34.61,33.32,57.83,102.07,147.45,216.94,210.29
19.7,32.57,36.21,44.98,47.96,55.79,72.28,115.44,185.81,272.21,254.63,193.04
19.55,23.41,32.67,40.16,50.08,78.25,136.74,291.2,235.77,147.68,105.14,114.74
0.17,35.89,30.13,58.69,89.72,138.48,186.5,166.93,190.89,254.58,259.33,132.17
40.2,50.13,52.56,92.77,150.41,284.42,192.08,137.56,149.02,144.46,110.71,73.75
43.32,42.24,33.8,54.29,80.23,131.0,218.06,196.98,155.42,150.15,157.57,150.27
62.77,41.75,50.96,74.18,100.96,154.4,230.22,183.4,157.56,160.14,161.34,137.95
94.44,75.67,98.9,152.47,214.27,236.96,211.38,194.87,188.54,190.35,201.71,221.34
63.32,34.76,74.32,87.03,78.66,73.05,92.15,104.53,99.46,92.66,88.94,88.96
74.18,104.8,143.15,142.9,140.32,124.97,119.38,115.63,110.05,106.9,97.6,74.48
117.7,78.85,90.32,97.54,99.86,103.3,104.03,98.93,94.82,79.14,48.46,59.91
154.11,102.84,115.98,91.08,77.71,74.47,52.59,33.68,35.81,29.89,26.67,38.23
178.05,137.1,158.25,159.47,159.43,139.43,97.16,71.48,51.46,40.73,39.43,37.82
167.94,141.5,159.7,146.66,128.48,103.03,68.04,55.38,41.83,44.85,41.85,38.87
194.28,169.45,180.22,172.63,138.1,89.75,55.79,47.67,47.87,39.86,32.53,31.37
164.08,162.42,174.07,141.47,96.44,56.94,56.75,44.93,48.57,35.8,33.08,30.38
157.07,152.15,175.37,138.21,86.7,48.96,50.02,44.44,44.98,33.43,30.77,28.98
168.76,149.4,152.1,102.75,50.07,48.52,44.9,39.02,33.87,27.45,26.42,31.09
142.62,133.78,138.61,90.72,47.55,44.92,46.03,38.53,34.37,29.46,27.22,27.1
153.66,110.61,76.23,62.14,40.56,38.69,32.52,26.73,22.05,23.95,39.27,72.98
140.36,104.19,78.83,69.34,56.9,51.41,44.27,36.54,34.73,25.56,22.32,25.05
63.42,36.98,45.76,34.88,40.27,31.86,37.59,43.31,35.5,37.3,39.7,60.44
37.13,30.01,42.32,39.79,38.57,38.17,35.63,39.21,40.05,48.06,62.21,80.54
26.82,16.64,31.3,20.89,21.85,28.53,25.25,23.41,28.49,41.57,58.0,93.19
6.45,23.0,23.36,24.94,31.38,33.28,33.58,35.01,38.83,62.98,101.54,162.01
16.34,28.26,29.73,27.51,29.42,35.95,43.34,55.8,70.55,80.17,111.33,162.04
20.5,15.75,17.92,7.88,13.9,29.01,51.18,67.75,101.33,170.65,206.2,162.8
2.67,38.58,15.32,17.65,25.38,29.32,51.43,92.86,183.83,383.36,329.96,333.32
73.88,35.3,52.76,74.39,105.52,178.62,372.31,446.92,388.94,354.24,307.53,236.87
0.0,20.54,37.56,33.44,46.42,63.26,99.64,193.27,308.31,261.15,207.4,188.33
42.58,51.37,60.06,81.2,121.95,209.45,314.06,282.21,163.58,102.33,88.37,124.12
61.9,63.14,94.01,154.42,255.1,338.93,296.88,222.53,203.15,178.54,148.18,136.43
64.31,57.49,79.66,127.13,209.87,328.77,261.19,194.86,202.23,225.58,213.44,159.95
123.34,179.66,320.8,359.1,287.58,255.73,227.34,199.62,171.84,136.65,108.59,72.99
180.7,219.09,278.86,237.74,231.73,246.64,213.36,126.56,78.82,84.57,84.43,67.16
233.48,330.08,312.49,280.9,253.2,311.32,698.18,924.54,858.4,698.31,486.95,387.43
233.68,287.79,287.76,276.5,251.88,248.26,350.02,392.36,314.84,304.82,302.21,232.9
172.17,144.2,197.34,225.2,223.74,165.92,89.47,63.68,59.42,47.82,43.66,43.87
157.24,134.46,170.73,181.86,174.54,140.23,69.97,51.17,50.47,43.98,39.82,38.58
153.18,131.03,151.38,139.22,118.74,92.91,58.24,54.73,44.65,39.91,37.13,32.46
156.9,146.14,188.25,202.64,201.9,152.33,81.86,68.81,50.79,47.89,41.49,32.62
287.86,179.76,164.69,159.8,164.45,97.28,53.23,52.8,51.89,55.09,53.54,53.22
152.19,171.49,127.43,95.27,43.42,54.03,62.43,56.74,45.86,38.94,34.24,30.28
138.73,142.35,161.87,114.92,62.92,62.72,61.77,53.19,45.46,37.01,29.23,24.47
85.8,85.26,83.41,70.01,29.89,33.12,41.46,27.88,21.03,39.35,58.65,46.67
88.77,52.74,81.1,55.78,56.11,40.8,51.29,32.92,31.54,45.15,59.15,49.26
47.84,22.2,32.37,23.54,24.57,23.35,25.69,29.0,31.86,49.38,65.32,85.39
28.15,19.14,30.82,22.43,19.12,23.76,21.36,22.95,29.38,45.41,63.11,87.0
37.45,23.34,28.15,36.87,39.17,29.28,31.89,36.76,42.28,54.26,70.73,111.83
53.75,25.34,23.17,26.16,27.45,26.62,41.82,52.43,59.41,82.86,120.99,242.61
33.18,29.49,24.34,22.39,25.99,25.41,31.93,38.47,56.23,106.5,220.85,414.21
6.94,36.42,39.3,38.15,36.4,57.03,97.68,170.8,352.54,356.18,263.76,220.71
0.0,17.21,21.83,12.18,27.34,56.85,126.83,324.72,342.54,203.18,87.04,58.38
0.0,7.27,15.79,4.27,19.87,30.05,45.05,63.82,103.94,138.2,113.22,105.51
2.23,11.58,13.8,28.2,31.55,31.42,38.04,50.84,54.92,58.89,66.42,66.78
31.8,8.12,39.83,26.8,36.48,54.45,78.79,102.78,88.23,79.73,71.07,69.21
20.8,10.42,23.59,27.98,24.98,27.05,35.44,48.44,65.2,78.23,75.71,90.63
42.8,61.88,69.01,51.65,38.75,29.0,17.6,8.72,10.0,13.62,17.66,13.59
88.29,59.49,83.8,89.33,67.25,34.79,44.01,40.28,49.44,43.73,24.93,10.71
152.25,139.15,179.48,167.19,169.62,172.44,142.77,90.82,64.47,55.07,44.84,47.44
203.26,165.46,158.83,144.79,150.76,151.63,117.75,94.56,91.58,75.12,43.81,44.97
182.32,146.95,150.69,137.47,123.76,118.94,96.56,78.47,62.88,48.01,37.32,40.24
208.82,169.59,188.89,184.09,210.12,211.36,163.59,124.99,107.58,77.12,49.2,58.08
160.38,139.34,132.15,105.4,76.19,61.36,59.99,44.0,39.61,38.86,31.1,31.33
148.56,140.24,150.38,109.52,73.55,56.67,61.55,40.65,43.9,37.91,32.65,26.87
154.83,134.8,136.72,81.2,53.62,42.23,47.43,37.97,37.06,32.25,26.95,26.49
142.12,119.9,128.47,87.36,50.49,44.27,45.92,43.07,31.66,28.6,23.9,23.31
121.97,95.01,98.97,78.3,64.06,58.18,44.34,50.01,45.82,37.98,29.3,23.58
65.19,42.92,48.81,41.01,34.06,23.25,14.28,17.61,22.83,22.35,29.98,39.37
43.83,31.36,45.59,40.65,39.79,39.5,45.77,50.17,57.25,57.6,68.87,81.84
28.27,30.43,29.57,30.72,31.47,36.24,39.08,46.65,56.31,65.68,77.13,104.99
30.08,20.24,26.03,15.1,22.97,26.04,32.92,46.15,59.78,80.84,113.38,207.1
0.5,16.14,23.17,23.51,24.51,32.4,43.25,69.62,94.52,125.38,173.18,150.88
34.57,31.25,33.6,40.32,47.29,44.27,66.6,91.17,112.48,133.88,154.96,178.31
22.68,18.84,16.64,9.59,21.44,34.7,51.9,64.34,110.44,188.95,187.64,169.51
24.85,38.83,9.6,28.17,42.27,62.09,102.22,234.85,490.98,525.14,483.02,499.14
79.24,51.39,77.68,119.86,202.99,396.57,451.32,398.58,367.31,324.77,272.86,230.66
30.5,67.5,91.21,125.19,221.07,422.48,426.14,324.99,206.0,128.02,114.69,157.7
39.13,70.6,87.85,139.77,273.08,416.34,419.96,388.98,341.05,254.34,197.5,215.35
56.28,67.07,99.48,175.5,332.4,345.68,238.43,197.81,209.65,191.74,136.36,112.37
49.5,68.7,93.8,168.9,353.79,415.59,301.42,188.27,185.33,222.23,200.28,153.22
193.62,267.09,333.02,347.41,322.93,264.59,237.92,255.07,256.06,221.44,169.39,86.7
163.57,204.66,261.88,279.81,312.74,321.26,293.55,273.33,237.86,176.87,78.97,46.88
175.32,138.05,172.59,149.03,144.0,149.17,137.6,101.59,87.16,92.61,77.9,55.53
163.92,176.58,167.23,172.6,160.68,158.63,142.05,110.74,74.85,60.8,43.02,38.24
134.57,108.78,114.66,87.73,64.66,63.77,49.81,32.81,24.55,26.48,23.64,18.53
112.36,98.43,78.15,77.78,57.23,45.25,30.24,22.69,28.58,21.07,10.48,8.82
128.25,105.2,78.94,77.32,52.67,49.13,26.65,23.36,31.48,26.21,18.94,19.32
108.68,74.93,62.48,59.3,51.95,41.63,28.13,32.0,35.56,22.95,11.64,10.5
87.7,73.46,45.27,48.37,38.42,47.23,44.2,39.79,33.13,34.08,31.03,37.59
74.57,52.7,35.26,41.38,31.95,31.32,32.07,30.79,24.14,25.89,25.27,27.9
64.15,64.52,36.05,45.88,36.64,39.14,48.23,35.13,32.63,32.24,33.8,28.94
141.97,88.92,77.44,73.14,51.35,39.53,40.73,58.44,56.4,34.17,32.67,33.75
132.0,86.17,73.86,82.09,67.38,53.8,35.81,43.0,58.51,38.55,31.53,32.32
113.62,92.4,72.05,56.07,41.87,35.62,33.03,20.88,14.45,20.79,54.27,111.31
94.37,77.4,78.82,58.86,67.0,29.14,21.66,18.67,18.43,19.1,16.88,24.56
62.08,41.77,44.39,40.9,43.12,27.59,22.85,20.96,19.96,19.4,26.16,43.56
55.7,42.66,38.36,40.08,40.0,36.56,26.81,36.49,43.85,49.86,65.01,92.57
42.27,40.44,35.51,28.09,20.39,19.55,31.19,31.95,34.25,47.42,72.34,118.67
0.0,26.65,31.23,30.74,24.41,29.84,32.64,35.56,47.19,69.71,92.83,131.79
0.0,9.82,19.54,15.76,17.52,14.58,14.05,25.08,46.99,89.01,164.09,299.14
1.2,8.18,13.62,5.37,17.05,32.9,45.5,62.05,81.97,112.11,122.04,104.3
0.0,12.85,7.55,0.0,0.0,18.4,53.61,80.25,128.22,228.14,238.24,260.22
13.09,17.32,13.08,6.78,12.08,36.55,65.55,116.7,217.89,203.29,105.82,109.57
0.0,8.14,5.27,14.71,28.03,42.88,57.02,97.7,175.22,201.29,149.7,170.78
0.0,16.32,11.41,24.03,45.81,91.52,191.43,216.83,70.35,71.64,99.66,109.44
0.0,27.02,50.4,75.19,161.27,272.57,103.07,69.26,87.87,139.38,162.81,132.66
58.35,77.53,125.08,227.68,242.0,170.32,134.81,136.14,138.52,132.41,120.81,95.0
229.95,277.46,274.81,266.14,273.54,248.88,209.9,168.24,140.37,118.8,90.42,76.19
135.31,164.49,232.3,185.73,156.56,136.27,108.15,92.08,75.61,60.82,52.51,44.38
138.23,112.44,113.68,91.41,77.74,92.49,86.53,68.66,54.34,38.25,26.56,27.89
168.59,125.07,118.34,95.09,76.97,61.64,51.98,48.85,43.6,39.74,33.21,30.08
163.74,132.6,121.87,91.62,69.44,54.15,38.04,35.34,39.77,34.39,30.88,26.31
167.35,129.5,134.42,109.74,86.92,72.62,48.33,48.81,42.66,36.15,35.21,32.72
185.11,169.68,93.62,84.12,84.7,57.17,34.5,20.57,24.77,15.71,5.44,1.4
69.87,48.49,24.71,38.42,10.1,21.38,12.05,15.91,8.64,10.6,12.62,15.99
125.22,69.85,60.14,57.91,33.12,25.08,16.53,9.34,5.16,5.63,20.02,59.83
87.16,39.23,28.6,46.54,72.14,120.37,197.04,390.52,435.0,468.13,560.37,638.04
93.12,89.78,62.2,88.23,130.19,240.04,399.3,446.7,516.11,586.13,580.31,571.34
99.99,101.65,75.74,89.31,120.84,187.77,321.62,394.44,499.85,578.54,548.53,512.82
85.14,21.88,28.75,46.16,75.42,108.7,140.14,197.88,350.72,437.46,413.5,330.32
50.69,19.74,22.23,15.88,16.98,26.03,39.12,59.08,82.99,119.49,253.64,304.55
39.59,23.73,25.43,21.88,11.74,20.42,27.83,41.24,54.11,71.84,122.82,268.09
35.18,35.08,30.9,29.61,11.74,19.85,38.21,58.32,79.37,107.08,175.59,299.58
1.53,28.23,20.63,19.62,13.52,23.03,42.04,58.59,109.22,107.12,109.8,145.1
17.22,19.15,8.61,0.0,6.57,7.82,15.16,34.68,61.29,97.93,112.1,141.68
32.04,27.53,15.81,9.72,11.28,25.81,42.88,65.59,113.13,172.69,163.1,191.61
26.68,30.84,19.47,21.87,39.56,49.63,70.61,114.96,171.63,178.26,209.42,275.94
31.29,22.68,21.52,19.66,37.29,59.93,99.58,181.77,163.67,149.42,161.95,185.48
59.16,57.75,85.97,141.67,202.47,168.26,142.79,150.32,154.09,150.62,137.96,134.62
51.2,63.52,115.04,137.6,131.48,136.88,121.49,113.24,107.22,103.1,94.65,78.19
83.0,81.83,112.25,136.57,143.16,120.52,126.29,120.31,113.3,103.27,83.58,64.8
49.29,57.25,100.13,141.31,180.07,148.09,126.65,129.62,119.87,104.32,97.71,83.76
88.86,110.17,141.19,148.54,119.39,120.06,109.4,101.61,95.87,83.71,66.87,45.8
112.86,72.51,96.25,91.59,89.4,94.05,93.79,92.5,83.78,69.23,59.79,63.7
130.7,113.0,148.39,164.99,169.64,165.33,131.44,80.75,32.15,30.08,21.68,21.02
144.09,142.73,187.13,189.74,183.93,177.2,133.65,57.94,26.01,29.79,26.1,22.98
107.21,82.39,64.46,57.16,55.06,52.74,52.15,53.59,52.46,34.4,15.73,25.13
76.95,62.05,44.67,47.63,38.41,32.87,34.55,29.15,0.0,2.2,12.69,22.44
61.28,46.78,34.58,30.4,24.93,14.73,19.9,20.78,0.0,3.81,0.0,17.39
52.69,41.73,34.92,33.87,28.79,29.82,36.72,40.05,27.79,12.2,11.8,18.44
38.25,35.49,25.18,31.83,28.86,29.01,37.32,42.98,52.8,64.25,78.6,131.51
33.53,33.95,24.51,23.47,27.18,28.5,33.21,43.82,50.16,74.28,152.71,208.86
10.67,49.95,22.05,20.19,17.51,50.74,81.13,138.59,229.13,217.36,163.81,157.34
8.88,32.12,37.43,44.37,72.15,111.91,162.92,193.45,159.07,181.0,211.9,241.38
57.48,38.7,41.63,61.33,111.43,188.95,346.88,260.59,183.27,219.54,232.41,230.06
57.56,35.75,63.82,101.81,162.13,278.66,238.34,143.74,147.62,145.61,120.2,96.58
24.62,45.04,53.67,91.38,151.83,264.65,229.72,159.61,191.38,215.07,210.93,189.3
40.08,49.61,51.34,74.89,111.77,168.1,147.48,143.04,140.43,142.97,150.0,149.59
21.01,45.04,31.43,36.62,52.67,70.61,99.89,99.05,82.67,74.85,72.89,64.96
24.75,38.18,25.7,27.27,27.22,42.38,61.47,83.38,86.66,90.93,94.59,103.37
49.33,18.56,36.75,37.34,55.67,86.44,135.93,189.26,204.34,184.88,191.43,214.35
43.39,21.99,66.71,59.56,73.81,78.33,93.06,93.36,86.28,86.43,89.97,90.0
93.01,88.13,105.35,109.75,95.42,96.57,89.14,84.46,75.8,61.09,44.58,22.74
119.44,80.48,111.41,139.18,121.65,123.93,126.38,111.74,89.78,63.68,38.66,24.99
145.58,99.09,118.43,112.04,96.4,91.6,95.66,76.6,52.85,27.93,23.93,25.16
205.01,172.4,173.57,174.07,140.06,87.95,61.03,53.54,46.42,46.33,34.07,32.81
177.18,153.77,161.3,133.44,90.26,59.6,65.37,45.19,45.16,37.18,30.11,27.61
176.22,158.14,161.57,131.53,86.16,58.3,55.94,41.92,43.8,32.57,28.35,25.65
206.35,174.23,167.35,154.28,117.95,74.4,53.65,46.4,45.07,35.59,32.04,29.59
193.52,175.59,175.93,162.01,104.03,60.97,52.09,42.45,40.13,32.74,30.77,31.71
207.66,223.15,254.09,185.72,81.86,58.21,46.89,48.09,42.98,38.4,34.89,34.78
168.02,202.44,216.45,117.24,64.57,49.13,39.91,33.65,24.77,20.28,15.74,15.46
109.54,83.61,85.67,62.58,40.25,38.11,44.28,37.11,30.17,27.09,20.48,23.27
56.38,47.59,43.1,35.8,37.99,33.28,33.97,43.02,43.99,51.85,67.23,90.17
37.96,29.54,49.35,48.3,49.68,44.81,46.02,55.68,62.15,72.52,101.14,154.63
13.58,28.96,19.9,27.46,32.11,47.81,69.53,86.74,130.6,240.64,369.34,337.4
21.31,21.8,32.7,39.03,50.55,77.52,98.05,141.89,281.0,283.73,229.26,235.47
46.0,30.88,30.68,32.7,41.78,67.47,94.75,114.12,162.21,277.9,327.93,319.57
47.1,28.3,23.8,22.94,28.24,42.32,67.59,90.56,114.58,155.53,233.84,230.87
18.81,33.74,32.27,29.42,25.06,32.89,52.95,89.99,180.81,318.8,261.91,171.74
0.0,30.55,32.86,33.16,40.42,62.16,125.88,316.83,316.38,187.63,120.47,106.35
21.6,49.61,51.74,77.61,101.8,183.47,249.46,199.5,201.48,222.71,165.09,102.88
0.0,31.34,37.94,29.91,51.32,84.35,150.61,272.98,171.49,139.2,174.69,200.23
0.0,9.08,11.71,7.95,24.7,35.41,22.63,14.73,11.75,18.46,35.29,54.65
33.42,17.02,37.7,37.27,46.39,67.9,86.97,110.14,102.35,98.52,84.36,82.86
23.66,8.18,14.45,19.15,17.43,27.37,27.98,31.61,52.29,88.28,140.33,180.12
41.71,51.09,66.17,65.19,47.9,43.55,32.13,24.78,13.14,17.41,15.34,15.74
108.74,84.28,107.43,160.81,141.49,106.58,101.6,101.29,100.39,88.47,82.05,69.36
157.41,103.19,129.47,124.71,113.78,108.5,81.68,55.17,42.74,39.7,35.63,31.38
242.85,177.81,202.65,217.23,265.34,283.08,224.44,136.73,114.45,98.49,69.2,56.71
242.83,242.89,220.3,215.01,219.4,260.41,286.14,220.04,149.43,145.55,108.6,72.99
360.89,252.38,215.25,178.0,136.95,131.61,138.47,123.88,86.78,57.11,51.56,43.6
288.52,272.2,240.09,207.01,162.58,148.37,123.96,79.25,51.52,50.54,47.39,49.31
221.76,262.8,244.11,219.23,135.93,118.8,88.13,50.98,49.92,46.56,42.75,44.13
168.02,137.68,155.99,116.36,69.48,53.06,47.6,43.66,40.25,33.26,30.35,29.93
145.73,111.4,133.03,89.13,52.18,45.31,43.63,41.05,33.41,30.38,28.27,30.24
139.07,113.55,110.45,57.26,53.35,40.5,38.32,30.77,26.97,21.96,21.13,24.09
87.59,83.26,74.27,48.35,59.48,58.04,73.78,40.08,31.21,44.8,48.7,29.63
56.04,47.99,47.96,40.38,48.27,39.54,47.32,72.11,88.87,105.24,121.78,113.07
31.41,20.37,27.37,32.62,38.1,34.54,39.95,54.23,75.39,108.03,185.23,328.72
26.65,19.97,27.14,20.16,24.86,33.74,42.42,48.93,66.91,95.58,139.72,287.47
51.03,17.99,38.0,31.36,45.95,62.18,74.13,72.07,113.22,198.84,349.92,261.8
61.39,35.24,47.23,51.94,63.85,74.47,87.35,86.0,116.09,187.33,300.66,288.32
42.59,32.34,39.1,40.04,43.81,42.9,56.42,74.92,106.61,164.05,280.42,275.97
25.4,37.14,45.27,52.65,72.14,105.78,146.32,258.88,376.41,311.22,292.46,309.7
44.14,37.26,68.8,119.67,183.26,343.87,403.03,312.87,293.57,274.13,243.32,205.27
99.87,148.06,296.18,495.57,475.25,444.43,398.61,404.24,412.55,335.63,248.65,251.58
50.69,50.48,69.72,121.06,200.33,362.76,374.86,244.06,171.73,159.93,152.84,146.73
119.39,143.67,214.63,376.65,460.54,442.47,376.93,403.33,490.81,575.61,561.22,414.36
156.76,168.42,277.74,420.55,506.07,527.86,491.92,388.1,330.14,342.88,417.46,470.78
113.26,134.88,173.59,267.11,347.76,391.19,369.23,338.66,362.67,528.77,763.22,821.98
152.19,213.97,279.97,307.02,317.47,334.89,514.32,855.38,950.24,972.7,965.44,892.43
197.35,267.95,277.43,239.11,268.31,434.15,901.28,1010.89,1026.24,1023.63,997.27,860.98
231.88,339.87,331.71,302.97,321.82,620.8,977.69,931.08,779.32,411.1,163.05,103.78
227.92,313.65,346.45,409.58,537.85,650.19,632.91,539.09,395.31,319.14,260.24,181.61
219.82,226.72,285.09,361.62,457.64,706.48,855.86,865.87,704.57,308.3,130.34,63.91
249.9,342.59,470.54,860.99,1037.77,1053.01,1045.52,1003.21,717.94,299.52,124.88,55.79
290.98,570.36,925.33,1048.07,1063.74,1049.33,1006.03,806.3,295.83,99.72,35.59,29.67
154.12,132.16,163.83,165.36,151.17,110.24,56.91,53.63,49.66,43.58,38.1,32.06
181.45,293.7,506.37,784.27,911.48,889.18,599.99,243.49,82.98,38.87,30.24,34.39
154.33,149.64,168.72,139.71,74.72,46.53,55.78,41.92,44.06,34.91,31.34,24.92
139.04,99.04,75.29,47.49,26.89,25.46,29.55,26.26,21.46,17.25,16.23,41.11
95.04,77.52,78.6,53.18,12.18,39.18,26.98,6.14,7.96,49.03,341.28,194.07
60.75,36.26,43.0,36.95,37.33,36.21,40.32,30.06,28.43,35.48,36.51,48.67
35.02,32.96,34.67,27.97,32.33,38.93,39.38,37.83,35.76,50.45,72.34,90.52
59.63,18.9,43.18,31.22,51.11,66.16,92.33,136.82,255.71,257.89,275.8,317.95
57.99,33.09,42.39,50.46,63.1,76.53,94.26,120.64,155.77,277.62,296.57,329.54
51.29,28.96,38.99,31.9,36.04,35.13,46.87,61.0,84.81,129.4,220.84,305.27
20.17,33.5,30.83,35.54,35.92,37.28,55.86,92.91,144.49,285.83,345.37,253.55
25.03,31.8,40.99,52.64,54.54,64.49,95.22,137.25,230.93,301.52,303.64,234.7
31.8,42.73,38.26,53.11,74.95,99.55,131.29,204.39,278.98,311.27,262.18,220.65
29.42,18.09,31.62,44.68,60.65,80.87,111.19,161.25,153.47,131.54,117.43,96.2
25.72,30.17,35.52,55.73,63.26,90.38,141.65,202.83,199.13,201.25,183.65,183.0
31.02,27.73,42.54,62.06,77.15,99.68,160.86,282.73,332.25,266.35,252.43,232.54
68.78,61.34,61.02,111.13,187.25,309.28,364.35,319.81,334.37,360.43,361.99,323.67
133.24,99.76,119.97,114.02,90.88,79.05,95.26,84.88,39.53,21.87,22.82,28.0
144.96,106.8,127.98,125.75,98.94,99.19,88.18,40.31,23.67,29.34,31.25,26.78
164.52,119.86,169.2,163.83,169.52,122.24,42.16,29.45,39.99,36.41,32.47,31.56
170.72,133.6,178.0,181.27,176.94,93.74,40.39,50.48,42.37,42.16,38.69,40.55
171.99,143.89,191.65,199.92,133.62,54.25,42.93,42.63,42.06,35.06,36.2,36.05
161.63,165.77,225.77,253.32,167.87,70.75,40.12,45.47,36.42,30.86,24.88,23.15
139.47,119.89,150.33,96.2,48.95,41.71,47.45,40.93,33.9,29.84,26.86,27.67
144.05,112.28,115.42,67.27,52.27,38.73,46.56,40.37,32.05,27.07,25.73,26.91
133.4,92.25,76.25,53.64,35.26,38.2,40.55,38.13,35.5,27.66,17.76,12.76
77.94,89.27,79.62,63.07,32.79,14.31,32.63,32.33,10.32,23.35,34.02,31.34
64.26,54.08,63.87,38.84,44.43,43.12,32.75,13.48,26.78,27.36,18.04,35.49
38.45,34.42,45.23,41.56,36.33,37.08,39.96,38.88,36.6,47.94,60.94,76.77
18.96,33.0,27.99,35.28,37.28,38.81,36.4,39.4,47.76,63.04,83.41,132.28
20.01,20.38,26.91,30.02,28.34,44.54,56.26,62.39,76.79,95.01,147.74,220.58
13.02,29.32,20.92,29.24,33.12,45.14,54.48,69.87,107.1,161.99,231.29,222.03
77.81,52.94,63.97,59.29,93.13,110.53,130.0,159.38,196.17,194.57,139.97,99.39
60.74,36.48,33.93,34.69,51.75,83.0,107.81,128.07,158.22,192.06,193.59,223.1
63.11,53.45,50.37,77.56,99.19,132.76,173.02,257.32,305.44,270.68,299.1,307.44
73.09,50.18,73.42,133.31,188.28,320.29,417.84,442.24,473.49,469.28,460.0,434.7
88.32,117.95,223.61,480.21,451.89,455.88,477.95,459.76,454.68,439.65,427.87,416.16
165.12,268.58,459.6,501.53,524.85,489.83,493.38,495.81,472.01,374.31,304.61,331.03
193.74,356.48,438.54,491.24,510.34,511.78,530.19,565.25,548.14,427.74,265.3,270.63
198.1,370.32,465.21,546.31,599.76,622.62,652.2,696.3,714.85,683.9,531.37,317.81
225.79,404.47,521.02,671.06,723.53,738.3,761.31,784.05,788.34,729.61,579.61,359.39
297.31,494.34,622.23,644.07,615.45,607.03,658.08,752.03,811.07,750.3,532.18,273.96
212.06,268.13,306.53,351.04,401.58,456.7,547.51,602.31,476.52,187.67,65.0,34.84
194.11,206.47,265.9,324.73,409.82,424.63,334.93,244.09,227.34,198.0,123.91,66.58
354.88,259.7,243.38,326.32,500.27,517.03,279.97,155.76,95.25,50.34,43.16,42.62
229.06,252.33,263.86,336.3,399.83,380.54,280.11,160.91,70.93,42.48,37.43,40.4
177.0,200.55,225.88,248.04,318.56,212.14,82.62,34.48,27.63,26.14,19.96,19.26
166.46,174.67,187.82,185.2,120.28,72.6,62.93,48.39,43.85,37.35,30.6,27.29
85.94,76.96,62.85,55.36,18.98,13.37,37.88,30.55,21.39,25.03,37.13,45.34
60.61,58.22,57.38,46.69,38.93,38.25,36.58,30.0,22.79,24.13,34.23,43.0
50.42,39.75,40.21,37.61,38.09,34.36,35.34,26.69,35.96,44.25,49.44,73.01
65.16,59.04,65.49,40.24,50.28,31.69,47.28,31.68,29.72,30.98,40.36,51.64
37.76,42.93,40.8,38.77,31.79,23.84,35.02,43.14,56.19,65.88,76.83,126.13
61.13,33.38,50.04,38.43,53.2,46.98,49.58,63.75,91.65,127.8,206.19,242.22
49.25,26.47,31.21,24.35,19.83,29.15,43.56,63.88,86.17,107.36,139.04,156.58
33.39,39.83,26.54,26.94,24.48,37.12,69.42,124.56,267.75,297.69,178.52,136.24
28.55,34.71,29.76,34.59,40.23,54.69,83.01,121.08,186.62,209.79,205.07,229.49
61.34,45.64,38.26,42.42,68.59,90.45,140.32,172.36,144.96,129.8,122.2,129.94
0.0,30.38,36.48,25.86,28.48,43.17,81.23,155.61,179.79,141.48,157.64,163.97
5.89,25.83,23.87,40.5,72.99,115.54,240.45,229.95,198.32,197.95,177.26,126.71
141.83,129.34,114.8,103.33,86.5,147.88,193.79,192.24,146.67,116.63,112.6,94.42
71.48,50.04,69.8,95.17,138.76,258.81,350.44,306.27,156.25,114.77,146.03,180.31
81.63,53.36,66.73,102.59,156.44,310.22,372.93,380.19,296.48,239.01,230.7,257.99
79.18,76.17,99.4,185.58,372.39,403.91,370.33,317.73,260.87,203.72,138.38,114.73
24.35,60.64,83.4,163.98,368.99,390.36,246.42,147.38,154.79,194.75,191.41,168.95
26.67,55.98,84.17,156.33,303.84,191.02,150.71,140.54,129.37,123.38,118.76,94.17
47.58,44.2,84.42,104.99,118.13,93.98,93.0,82.09,69.68,59.13,46.17,30.81
