167.53,259.07,443.41,559.29,680.51,699.66,645.46,594.34,566.47,506.7,502.32,510.22
207.99,409.38,540.63,679.53,703.56,651.75,595.36,565.53,492.35,482.0,492.15,519.72
468.6,580.83,707.68,713.99,643.55,573.25,545.45,478.7,481.45,501.76,534.55,574.61
584.85,706.63,713.81,644.61,575.71,547.37,480.63,481.35,501.91,533.08,573.83,633.27
798.31,775.16,686.5,589.68,534.46,448.59,447.92,475.17,525.98,583.9,654.53,690.49
735.79,659.6,572.81,529.78,452.99,458.48,483.57,531.28,579.92,644.45,679.48,712.49
681.5,587.71,535.21,450.9,458.07,486.33,538.43,587.5,658.04,692.97,720.79,717.87
517.16,490.66,430.7,460.82,489.65,537.98,575.94,642.3,657.81,680.18,689.84,670.25
472.54,417.73,443.72,478.35,546.27,601.39,676.53,688.84,710.39,708.44,673.84,593.28
400.5,432.63,474.8,550.13,602.58,673.44,680.95,701.18,692.42,656.01,582.73,465.49
464.04,495.2,560.32,603.95,672.91,679.02,702.94,694.15,665.87,593.13,474.66,308.38
552.68,597.74,630.1,680.67,669.86,680.0,670.42,645.2,584.97,478.46,320.79,233.58
679.21,681.99,708.41,670.21,673.98,662.16,645.98,589.98,505.5,358.37,263.59,213.47
778.54,769.61,708.16,680.21,648.79,618.89,569.45,494.79,371.29,295.14,245.23,234.42
718.5,674.58,660.78,645.59,626.42,581.87,502.35,374.45,284.69,229.32,218.76,281.24
617.08,623.37,621.51,619.67,587.95,517.58,387.47,294.68,226.64,208.7,268.8,406.79
673.78,654.94,639.57,591.49,509.29,373.58,286.01,224.09,218.73,285.93,421.93,558.33
623.66,615.61,577.97,505.44,375.05,289.81,226.01,222.1,281.2,414.08,547.88,651.91
537.19,527.91,473.31,365.4,298.73,252.2,249.81,310.36,429.37,558.61,642.75,658.8
486.89,441.07,352.01,302.9,252.53,243.62,299.8,420.18,536.08,611.53,636.93,620.06
315.46,265.06,234.49,224.72,267.4,362.78,490.92,593.84,644.4,636.46,594.59,555.1
158.48,164.82,179.61,254.55,375.33,520.74,617.84,659.78,627.44,566.92,525.79,496.76
208.3,208.71,273.36,380.3,514.78,606.21,650.14,621.62,569.99,534.46,507.41,510.43
167.27,245.46,362.1,509.8,611.33,661.86,632.72,578.73,533.93,499.5,499.15,544.89
169.71,311.79,477.16,602.82,673.06,657.09,602.05,551.76,500.22,485.85,524.61,590.39
230.56,423.89,575.22,673.48,663.57,609.88,550.11,494.14,457.37,485.59,559.4,645.97
286.02,485.85,621.89,658.56,626.53,577.37,511.01,463.09,455.88,505.67,598.43,667.47
379.24,551.97,619.44,623.92,589.24,529.58,471.26,453.21,475.11,549.08,627.59,652.29
436.69,543.43,574.41,577.34,545.44,505.43,480.48,490.1,536.52,591.14,616.43,628.03
482.29,533.89,548.83,535.4,514.29,503.2,511.9,551.17,591.48,601.78,610.91,587.44
727.66,673.85,598.84,514.43,487.05,493.63,558.97,613.16,675.29,702.64,657.53,540.84
674.57,597.35,514.02,488.3,494.45,557.22,609.72,670.9,698.6,653.15,539.3,429.01
592.21,510.41,484.53,493.49,560.92,615.64,676.12,701.05,654.4,539.27,429.32,320.41
600.31,545.08,532.63,571.68,603.84,649.46,677.36,639.12,543.81,450.67,346.17,255.51
622.79,583.09,606.75,617.02,641.1,651.57,614.84,524.98,448.0,356.89,273.36,194.7
565.56,595.66,615.35,646.91,650.62,606.03,510.3,432.02,334.27,250.86,181.51,128.0
646.48,648.01,668.57,656.65,600.14,495.76,419.96,324.78,253.65,192.51,141.45,88.71
714.07,707.82,673.46,594.78,490.36,416.87,334.21,268.92,227.33,181.9,117.47,88.35
541.24,563.09,526.94,475.83,439.79,378.64,301.75,244.54,158.05,67.2,37.82,60.12
657.0,589.1,513.91,446.47,365.5,277.07,225.69,147.29,79.32,65.59,90.76,162.07
454.65,424.02,388.63,350.37,292.52,261.29,177.23,98.89,53.93,55.67,123.23,259.73
441.88,398.29,350.68,283.34,257.97,181.11,109.97,70.69,79.06,148.32,272.34,419.56
438.26,378.61,299.23,257.72,173.81,105.85,76.78,99.68,183.92,325.24,449.06,609.11
343.9,312.87,259.2,162.62,117.33,103.63,95.26,138.32,273.68,417.94,606.15,755.5
283.07,252.67,158.23,101.01,98.07,103.53,140.16,278.7,421.4,610.47,761.75,756.07
283.89,177.74,116.99,108.74,101.81,125.81,266.45,405.41,596.32,752.71,752.4,731.2
158.83,107.4,105.12,100.13,119.51,250.29,386.71,579.01,733.01,738.93,726.21,714.07
106.58,103.84,100.6,120.43,248.59,386.08,578.5,735.02,737.78,726.89,714.42,645.89
57.58,70.96,101.84,246.73,386.0,583.17,735.99,743.37,721.2,702.35,635.0,603.94
45.68,84.47,241.25,391.36,594.62,746.5,751.05,718.87,692.89,618.68,590.9,591.84
107.1,248.38,399.55,595.05,740.93,742.58,702.82,674.1,603.55,582.89,592.25,575.17
233.0,393.98,591.67,739.15,741.17,700.24,669.45,600.72,575.16,582.73,569.03,604.61
440.69,627.37,758.11,741.63,694.6,661.68,604.7,581.0,601.45,591.37,620.88,656.18
928.56,956.82,868.62,730.4,628.17,521.31,511.46,555.47,615.44,695.53,740.47,733.43
933.8,849.75,713.45,621.65,529.83,529.76,575.06,631.13,707.43,747.08,733.69,676.76
820.34,695.11,609.96,530.03,542.25,594.29,646.41,715.93,743.61,727.09,667.32,552.96
668.17,596.0,529.84,545.63,586.86,629.33,688.29,717.28,689.94,632.19,529.83,398.75
661.25,568.65,568.83,589.96,622.3,675.57,712.42,683.79,645.37,547.37,414.76,289.51
447.87,488.24,540.28,604.35,679.28,735.11,700.4,658.32,534.62,387.15,258.53,146.19
634.27,636.85,665.15,695.12,723.87,673.67,636.52,522.53,408.94,304.38,195.76,96.89
478.69,562.71,633.56,712.29,687.16,663.61,534.87,416.97,270.16,140.29,50.78,68.57
504.38,596.54,681.36,678.05,690.4,592.6,475.96,313.55,170.75,58.21,55.88,113.97
555.38,656.75,665.14,690.95,584.41,463.63,295.09,156.08,40.58,37.99,106.23,299.62
573.26,607.18,648.03,566.74,480.63,336.22,201.67,78.56,57.59,105.55,275.23,457.97
564.67,623.8,558.1,486.64,346.64,213.3,81.85,58.72,93.0,265.13,447.9,703.43
709.21,624.89,530.58,374.13,213.1,67.04,56.19,86.33,281.47,465.49,729.31,794.97
579.27,485.0,342.46,222.08,87.7,54.72,57.35,193.84,339.2,518.45,686.1,817.51
674.8,460.01,293.24,103.22,31.97,12.6,169.0,337.19,563.1,754.3,874.93,832.8
359.89,225.47,73.4,40.6,21.27,168.29,317.66,534.01,695.26,808.36,786.69,765.29
125.6,12.24,6.76,16.46,175.85,331.25,534.04,686.38,773.74,740.33,730.69,673.7
33.53,22.12,27.2,178.0,326.77,527.25,680.38,769.93,740.47,735.03,679.31,603.58
47.68,44.51,186.88,326.36,524.34,676.75,770.7,743.49,745.32,691.27,612.13,508.76
28.53,175.77,320.72,523.52,678.95,773.18,744.35,744.02,685.99,606.24,503.04,425.26
207.04,341.87,532.87,676.33,769.24,742.24,746.62,693.09,622.91,524.52,440.26,393.37
366.04,547.28,684.03,769.22,742.11,745.7,696.41,629.12,537.74,457.91,405.44,426.99
618.63,731.47,803.07,754.95,736.6,671.4,603.3,517.03,452.65,414.47,443.48,480.99
721.19,797.7,768.57,756.43,664.92,570.0,464.04,398.95,350.82,392.04,460.47,545.72
910.16,843.42,795.32,665.2,558.53,450.66,399.08,359.4,430.54,512.31,586.88,642.47
713.93,709.98,611.31,545.12,467.54,435.09,388.88,449.43,501.31,556.21,606.8,639.16
635.28,563.09,509.26,453.33,446.66,419.83,481.71,526.72,566.99,601.01,623.44,579.97
570.97,514.17,455.4,447.1,420.38,482.25,528.35,567.06,603.17,625.72,583.13,479.97
384.02,370.38,387.58,400.55,501.85,575.22,611.15,635.04,629.01,560.41,447.62,291.6
408.56,415.73,424.36,513.21,567.59,586.77,604.27,598.85,536.18,435.83,295.55,186.41
401.31,413.99,494.91,549.45,592.63,631.76,637.57,573.32,475.5,326.38,196.17,120.95
433.5,505.32,556.75,592.96,631.17,634.68,572.2,474.73,330.87,206.07,128.81,89.37
523.59,568.82,595.35,624.89,631.76,573.65,482.22,341.84,225.01,151.3,103.48,122.24
526.65,566.71,607.6,626.49,580.12,494.96,351.91,231.91,147.76,96.32,112.15,230.24
592.86,625.13,634.16,577.96,492.33,351.93,236.63,155.79,112.59,132.93,244.77,401.8
732.98,705.05,624.74,504.51,334.69,200.41,124.95,93.35,139.59,272.05,432.44,555.66
685.45,609.07,494.6,330.09,201.84,129.35,95.83,142.36,269.73,428.7,549.11,671.56
746.75,588.22,389.39,212.72,108.96,60.39,117.62,264.76,460.53,617.17,726.45,743.43
538.5,348.65,179.33,93.44,69.6,147.18,305.68,503.69,652.72,743.67,738.2,664.84
452.89,244.88,129.49,74.69,138.07,288.71,497.34,652.5,769.25,776.97,697.29,587.69
241.8,129.84,81.63,145.28,283.9,481.85,627.98,746.01,750.68,677.95,581.22,492.08
97.78,61.04,136.19,284.25,484.19,630.39,743.22,745.85,663.45,564.82,479.96,393.83
37.2,121.77,275.63,482.17,632.21,747.62,749.12,665.73,561.88,474.64,387.38,366.81
152.76,295.83,495.97,635.25,743.52,739.71,658.85,558.08,478.49,397.24,375.98,380.54
267.66,476.7,625.73,743.7,741.21,659.97,555.15,475.19,386.11,363.11,370.13,430.05
473.97,625.63,745.28,743.85,659.74,551.86,471.2,383.3,359.7,367.55,429.1,498.52
705.08,795.1,773.46,664.96,544.69,456.85,375.28,356.62,384.31,456.64,523.6,603.95
730.4,732.2,648.62,550.7,461.15,372.3,337.1,358.36,410.57,474.91,574.07,675.14
688.92,620.03,524.46,445.3,380.3,366.05,393.61,442.33,500.33,587.46,672.96,708.62
529.17,465.73,406.67,370.03,378.24,421.31,466.37,515.81,581.74,650.43,682.19,694.31
644.91,525.15,441.26,390.67,398.12,422.31,484.94,565.96,679.05,738.23,749.66,681.7
443.76,386.43,351.19,385.67,436.91,519.18,600.67,705.93,748.37,742.89,663.86,555.32
378.22,347.11,387.07,440.65,518.93,594.39,693.85,735.33,725.55,649.35,549.44,390.46
329.0,375.97,435.04,520.06,598.17,697.34,735.59,721.94,640.16,537.3,382.37,248.98
442.6,478.94,546.16,600.88,688.23,718.3,709.05,631.33,545.19,401.04,269.19,157.87
405.89,497.93,571.98,681.82,727.81,727.52,644.24,550.8,389.82,249.04,136.97,128.33
638.2,663.29,731.39,728.84,710.18,619.18,542.04,394.74,291.86,201.23,181.29,183.3
607.24,692.74,707.62,707.38,628.03,555.55,403.01,295.81,190.01,164.86,166.22,275.23
561.66,623.36,657.69,618.99,569.46,429.9,311.84,196.23,139.49,124.32,237.41,376.45
656.72,678.65,624.89,563.16,427.03,316.42,211.48,158.48,154.91,267.61,393.74,526.51
752.04,670.85,592.15,431.63,304.92,188.88,138.63,142.98,272.32,411.68,545.63,638.77
799.57,677.33,477.72,305.12,174.14,123.58,147.07,295.71,474.14,636.82,700.34,692.22
730.64,507.27,326.71,182.69,114.58,125.36,278.2,466.68,640.8,711.34,704.09,654.97
372.29,234.02,122.79,100.0,145.93,319.66,502.98,664.03,702.06,671.77,616.44,551.01
165.73,80.44,72.17,137.39,326.58,521.54,679.1,712.5,666.9,599.98,533.22,431.0
47.66,51.19,126.06,325.35,523.91,683.89,713.67,665.35,589.41,517.84,418.66,369.55
47.71,125.27,325.0,523.65,682.63,712.22,663.82,588.76,516.63,417.39,367.88,377.5
107.0,311.88,515.61,679.63,714.86,670.45,596.99,524.69,422.3,370.9,374.88,387.96
323.51,522.0,685.28,717.81,668.52,590.94,518.56,418.87,369.51,375.81,390.2,445.86
501.97,672.88,716.29,675.51,592.16,510.94,404.06,352.51,350.8,364.99,432.54,522.13
730.09,752.55,691.17,589.1,507.95,405.22,363.29,364.72,395.82,466.49,545.72,595.3
726.85,673.55,581.66,509.88,406.99,362.29,356.08,384.39,447.36,526.4,583.73,658.47
701.69,601.26,517.13,402.91,359.98,358.94,392.93,457.93,545.6,605.19,672.32,725.93
514.28,462.23,378.77,364.28,364.66,394.32,445.0,526.66,560.72,621.68,690.09,723.41
393.84,333.27,327.48,348.09,406.09,479.43,567.2,595.64,644.37,693.5,711.44,636.83
419.61,383.02,377.49,409.75,472.38,555.92,594.86,648.78,720.48,745.89,665.45,513.64
336.62,347.57,391.86,469.66,561.82,604.26,652.0,718.55,732.0,644.87,497.57,330.8
362.64,402.77,479.8,567.33,602.69,642.59,705.16,717.74,632.46,490.85,332.11,199.56
382.19,465.54,555.71,595.91,646.2,716.04,730.26,642.02,496.83,333.07,196.34,108.85
479.0,564.75,609.47,655.76,712.1,711.84,616.44,470.37,306.56,178.38,105.23,102.75
544.32,595.67,637.97,697.15,714.82,635.6,497.93,334.72,206.78,127.53,109.38,166.03
737.96,728.82,743.02,713.23,624.69,487.35,344.49,228.88,188.06,187.03,221.71,319.14
561.18,632.85,653.11,620.14,504.84,370.97,237.29,184.78,140.96,157.07,264.59,434.18
602.69,634.06,609.5,503.27,372.33,240.58,186.62,141.41,150.36,253.05,424.1,531.74
659.0,624.14,514.95,375.98,234.41,172.48,125.39,137.53,243.68,419.59,532.8,636.54
707.69,570.85,404.77,231.82,162.57,118.51,145.43,265.49,468.23,601.05,680.66,646.82
529.6,370.64,203.28,149.61,125.56,169.77,299.63,504.67,631.39,694.62,641.83,550.01
440.37,246.0,171.29,126.59,164.99,292.31,506.1,636.35,717.31,672.61,573.86,476.28
251.15,174.23,130.04,165.98,290.92,502.23,630.51,713.18,669.07,573.76,478.47,408.45
108.26,87.73,143.46,289.82,508.71,640.69,715.91,667.11,553.9,450.19,384.92,316.71
60.1,126.19,281.05,508.73,641.91,716.95,665.27,551.08,440.42,372.34,306.42,326.22
111.02,271.41,504.85,642.81,717.69,665.06,549.39,438.03,365.75,298.48,319.38,378.08
256.88,494.55,638.68,718.72,664.65,547.63,434.69,364.29,292.96,313.49,372.99,458.95
613.84,717.81,771.57,681.74,532.66,397.09,331.85,271.0,318.16,396.7,489.44,572.07
708.39,761.54,674.57,531.19,401.83,339.61,278.9,322.73,399.11,486.9,568.41,606.49
784.68,689.91,541.71,405.71,336.69,270.2,310.83,387.3,479.62,565.53,610.28,613.76
520.85,431.25,333.58,315.96,291.24,360.45,428.48,505.87,553.04,570.28,568.29,611.95
786.21,567.51,453.84,313.39,319.17,353.2,459.95,536.55,640.92,690.22,724.0,699.02
385.56,333.84,249.93,317.15,370.3,482.12,537.78,629.28,630.97,643.93,633.67,592.51
496.61,356.92,376.14,376.95,466.33,511.97,621.66,636.2,691.48,701.03,649.13,488.15
385.45,394.4,391.77,474.63,507.73,607.0,618.32,675.66,689.47,644.79,491.25,387.44
436.2,418.85,492.16,512.29,604.53,608.33,666.38,681.54,646.18,499.13,398.81,249.75
327.17,431.98,480.63,602.91,616.06,676.6,680.96,638.18,467.19,356.94,216.17,140.1
503.29,528.27,634.04,623.38,667.54,659.89,618.92,450.61,357.19,228.39,158.76,129.31
443.65,577.94,595.75,666.05,664.09,621.1,441.31,343.45,191.46,116.86,99.53,210.31
552.85,579.05,638.36,639.49,632.52,486.25,405.1,251.18,178.06,145.98,223.4,317.59
550.13,616.37,625.9,629.29,490.43,414.24,261.21,188.54,150.49,223.93,313.4,488.79
601.86,615.96,622.18,489.14,415.53,264.54,191.77,152.05,222.0,306.08,481.63,589.5
672.27,657.46,514.05,421.37,253.31,168.08,128.21,206.2,302.59,491.72,603.49,705.5
832.3,629.98,487.23,259.36,147.89,100.21,198.74,316.67,554.34,699.8,776.6,789.56
590.03,453.37,243.58,150.36,102.97,197.87,313.17,553.1,686.19,755.46,771.25,719.81
524.74,289.41,174.83,106.8,191.5,302.12,551.05,689.04,775.98,798.87,741.81,598.96
103.77,52.36,32.57,176.05,323.68,593.83,717.11,788.46,766.44,682.23,542.99,473.79
76.27,50.5,186.2,324.95,590.8,713.84,787.74,768.23,688.81,550.67,480.41,402.81
81.76,205.75,338.37,594.89,708.45,776.36,759.52,684.27,553.84,489.44,411.26,357.37
172.45,315.8,583.2,708.6,781.32,765.16,687.14,553.89,481.03,396.88,344.39,332.43
293.06,567.91,707.59,789.56,762.98,673.51,530.15,456.48,362.68,312.87,316.15,368.58
566.29,708.3,788.39,762.12,675.49,534.27,462.51,368.77,319.13,319.31,370.01,457.49
674.11,762.2,746.46,672.41,540.37,473.02,377.99,324.59,316.45,360.5,447.34,538.34
661.42,679.9,623.04,523.61,490.15,421.07,366.71,348.13,370.89,433.83,513.55,588.0
809.25,710.55,591.01,516.57,396.21,302.94,278.4,312.85,400.54,511.8,612.72,699.81
699.65,580.82,489.32,369.9,315.41,327.8,383.63,469.57,587.17,669.95,717.86,735.06
586.67,493.54,381.7,327.61,322.4,361.39,439.25,558.56,639.24,693.89,726.77,664.84
360.39,294.19,273.29,312.83,379.87,474.4,585.27,652.68,674.71,683.7,623.32,512.61
434.82,366.32,367.88,389.39,457.64,552.92,630.19,662.8,705.34,664.59,555.12,387.16
420.8,402.67,407.79,460.03,550.04,624.36,662.39,707.13,680.25,575.59,404.28,255.31
588.15,529.63,540.19,570.77,598.17,603.1,653.62,641.81,579.69,443.42,305.23,182.21
496.47,515.99,555.85,594.35,609.77,666.01,652.96,587.23,443.93,301.77,174.69,129.4
735.5,698.71,682.86,626.72,636.92,593.53,541.7,418.18,328.99,240.05,197.33,183.71
685.53,673.39,623.34,638.61,596.1,542.84,416.03,326.49,232.61,191.69,178.53,290.75
672.82,623.01,638.33,595.44,541.67,415.31,326.58,235.03,195.0,183.82,294.39,415.57
527.78,575.52,561.97,540.49,422.82,337.35,236.21,190.36,154.28,252.69,380.66,532.06
540.04,538.7,532.49,424.91,335.36,227.74,173.12,137.03,223.58,351.13,513.48,646.17
354.12,412.03,345.28,310.43,251.07,234.81,198.51,278.13,367.98,506.42,610.81,704.51
481.62,384.61,329.43,250.66,226.78,189.55,284.82,385.59,542.35,645.39,727.29,687.51
294.29,263.43,198.14,206.3,208.58,333.34,441.65,588.8,674.46,730.31,668.98,606.37
363.25,265.26,247.59,216.52,319.66,414.57,564.84,658.08,738.05,692.97,635.57,573.57
240.27,230.56,210.51,322.34,416.54,564.78,651.65,730.16,676.17,618.66,562.43,584.34
155.82,161.89,292.15,409.91,574.24,671.08,746.39,687.41,611.86,542.72,562.22,569.32
95.84,248.97,389.13,576.43,676.88,751.15,684.73,604.54,516.95,528.49,542.58,578.04
232.56,380.24,573.46,680.35,749.48,679.32,595.47,508.4,514.22,525.4,567.24,621.57
250.19,488.3,632.01,744.96,694.45,619.76,522.63,518.94,496.76,518.45,577.75,646.45
460.4,612.2,728.48,688.54,627.38,541.7,541.91,515.69,532.36,578.74,640.0,604.58
423.42,602.58,619.98,623.37,563.29,571.74,522.6,520.33,516.23,549.55,534.35,512.15
664.75,662.42,642.99,560.84,566.19,518.85,524.0,520.81,570.23,556.91,532.69,478.67
633.51,622.33,539.31,551.98,526.4,549.75,552.85,598.52,582.03,547.12,479.11,437.1
651.66,557.18,552.34,515.6,551.31,567.72,625.69,611.22,588.47,517.04,457.29,393.81
806.16,715.17,620.16,579.47,537.1,555.96,553.01,550.51,536.56,520.24,464.94,409.75
664.31,586.43,559.57,535.23,563.85,565.07,557.96,540.99,511.33,448.94,394.13,333.42
503.47,505.52,509.53,567.87,574.37,564.19,534.46,496.88,410.39,347.01,299.6,243.27
538.56,531.65,575.8,571.27,561.31,535.46,506.15,421.6,368.57,319.6,255.68,180.04
562.73,594.61,593.01,575.66,528.58,478.53,386.44,333.54,287.83,234.05,176.99,135.57
722.83,676.14,618.12,527.8,464.22,368.32,331.94,297.09,278.33,236.23,183.06,128.51
495.29,497.11,455.63,449.94,391.83,375.71,327.25,292.8,205.61,126.43,73.46,90.89
582.61,510.48,474.89,387.07,369.28,324.7,304.24,223.35,168.17,122.76,127.77,178.46
552.69,501.22,400.37,368.73,318.1,296.1,221.39,171.62,138.3,148.97,194.45,299.03
554.72,431.99,383.45,313.53,289.45,215.97,174.36,149.71,175.27,228.48,320.85,462.0
272.6,282.14,263.09,288.76,226.88,191.57,150.38,174.45,188.74,277.75,418.0,595.91
363.22,355.67,337.31,223.77,187.58,150.09,152.72,136.08,247.97,425.31,629.75,771.05
610.76,516.38,337.2,199.64,108.81,83.06,74.69,212.48,454.46,706.52,857.53,881.78
362.61,233.04,133.77,97.29,108.46,120.22,253.95,477.21,689.36,812.33,828.97,769.6
167.77,94.0,74.06,101.35,119.65,251.24,470.13,679.9,790.53,806.27,753.14,644.31
84.65,68.06,100.97,122.31,249.76,466.67,671.96,782.34,791.45,740.2,638.69,587.23
66.16,101.29,123.17,251.61,459.84,662.97,771.41,789.06,736.47,637.24,589.33,585.67
89.43,115.41,250.99,465.61,672.27,780.61,798.48,738.83,636.61,583.71,578.57,580.3
134.38,254.3,474.65,676.01,774.33,784.09,714.63,610.16,559.01,562.44,576.86,558.63
278.75,494.13,680.58,767.07,782.07,718.59,621.51,574.27,585.43,598.79,571.56,619.69
487.85,683.61,773.7,786.82,715.04,609.84,562.11,571.68,582.34,558.53,614.12,708.92
604.27,720.49,752.01,709.52,627.24,590.39,598.3,601.5,559.35,599.1,687.54,739.61
688.14,729.94,694.22,625.84,596.46,608.58,609.02,561.02,592.16,672.72,728.98,677.73
882.36,797.54,694.36,618.71,593.64,567.63,521.38,560.79,670.75,755.78,715.37,657.0
886.27,752.71,645.85,584.84,554.98,513.44,566.92,687.4,797.3,766.02,687.78,588.1
703.72,606.6,556.07,543.7,525.14,595.4,721.13,821.17,783.88,690.07,576.43,411.28
645.11,580.11,566.17,530.4,577.56,688.9,784.95,756.14,671.08,572.3,419.31,210.73
563.07,557.04,530.03,585.3,695.85,788.89,747.78,656.68,550.3,398.74,204.89,115.59
560.45,537.86,592.76,698.92,778.82,728.77,630.99,534.55,378.85,191.89,116.72,125.28
493.71,563.82,673.37,771.58,753.35,685.34,592.95,425.29,228.99,134.18,117.98,159.26
626.45,715.5,799.48,762.71,666.11,556.75,391.73,208.4,136.14,134.51,183.37,276.77
658.26,758.97,738.01,660.82,568.42,411.31,225.43,146.48,129.15,167.22,251.18,396.39
729.94,722.14,653.03,569.23,422.73,243.27,159.49,139.77,169.31,255.46,395.61,595.55
556.0,551.5,502.97,419.96,278.2,223.45,207.41,211.71,263.78,360.4,554.18,578.76
692.78,584.99,474.07,312.64,215.1,139.98,119.03,126.66,226.23,370.51,516.1,641.95
793.21,605.38,404.35,245.54,107.61,42.55,59.03,184.8,374.97,558.96,694.57,813.72
346.05,230.17,133.65,81.3,78.84,135.15,250.88,419.9,543.26,635.3,740.52,808.11
248.75,147.78,89.3,78.9,131.08,246.3,417.12,543.53,640.94,748.98,815.62,781.85
40.39,19.0,38.39,125.65,258.34,439.04,555.37,642.69,722.93,771.95,743.92,701.53
27.63,46.18,131.19,259.16,435.81,548.98,635.15,715.24,766.23,740.06,701.63,635.3
84.95,158.07,276.59,439.31,542.85,623.74,705.89,759.87,743.24,712.61,646.28,578.17
112.02,244.99,420.91,538.3,628.39,714.72,764.94,745.88,703.71,632.33,565.04,512.84
340.23,484.95,576.45,635.7,704.65,744.29,733.22,699.3,651.21,598.71,543.82,524.52
522.77,600.41,649.44,706.36,741.2,727.65,696.61,651.31,609.3,561.16,538.86,546.32
812.92,786.71,791.37,759.61,703.34,645.15,611.47,587.11,589.72,602.7,610.26,624.66
728.73,754.87,744.2,707.57,648.6,611.0,574.35,572.57,569.14,575.18,600.71,619.69
655.64,682.62,682.08,654.48,617.24,573.22,552.68,541.42,518.54,538.89,578.77,620.41
605.56,633.59,624.4,610.47,581.44,570.73,554.75,524.28,525.89,552.5,596.22,620.04
562.83,576.43,568.77,561.09,586.35,599.04,577.46,571.4,586.57,608.13,611.92,498.28
438.57,478.86,502.13,570.95,617.66,617.98,604.98,607.12,596.65,575.71,458.88,314.36
459.44,490.92,557.29,607.85,624.29,623.64,628.07,611.94,589.25,465.83,315.06,197.55
619.64,640.01,652.52,624.42,610.52,609.71,608.46,595.69,506.34,373.27,244.64,160.07
592.13,619.71,604.21,604.88,618.03,623.93,607.62,511.8,368.22,234.56,148.05,101.64
489.0,519.1,552.09,603.97,636.72,636.04,532.7,381.02,217.55,114.66,67.36,97.99
433.82,496.98,566.46,623.72,648.35,562.81,408.87,237.31,114.35,53.22,76.81,204.85
627.22,652.62,671.19,651.11,547.07,386.7,230.41,121.37,95.47,139.24,255.57,417.12
890.58,823.62,736.42,556.55,361.02,189.29,106.94,103.04,209.16,356.62,498.18,581.85
828.38,736.76,567.79,373.18,183.93,82.17,64.96,172.99,316.24,469.17,570.25,636.15
842.87,640.51,421.59,193.69,65.21,33.78,148.37,308.54,490.26,624.46,680.89,637.55
568.37,366.68,148.86,44.18,47.0,188.85,359.4,538.91,660.79,694.3,627.5,568.95
430.88,191.27,74.27,58.12,178.75,332.88,512.05,638.68,684.62,632.19,581.96,534.1
165.53,58.27,46.04,172.58,334.02,521.06,648.54,695.23,638.56,585.43,531.37,458.41
18.61,20.79,161.28,335.37,523.66,650.6,691.77,633.73,569.3,512.41,443.51,399.33
50.07,180.83,348.15,526.21,646.0,682.53,626.92,566.22,516.78,454.29,408.82,434.35
164.88,336.1,515.2,639.26,687.88,641.79,585.44,534.77,470.83,419.83,434.75,463.3
294.12,486.11,628.28,692.24,643.33,580.74,521.13,455.68,391.72,404.53,443.59,474.91
537.96,664.83,715.63,650.6,573.84,504.45,440.29,379.42,404.4,451.4,487.74,549.91
539.96,635.7,613.76,577.28,513.5,445.1,362.22,376.21,388.04,415.61,500.86,666.5
614.71,599.46,557.65,497.24,452.6,391.86,414.91,425.0,451.71,527.15,673.27,793.56
580.72,543.91,481.52,442.01,397.2,435.82,454.12,480.54,554.77,691.74,796.14,825.55
541.98,480.21,441.32,398.19,436.71,454.01,480.18,553.22,689.37,791.51,821.8,773.27
468.53,435.47,394.46,436.09,453.6,480.02,550.38,684.71,784.79,814.06,768.56,698.1
434.09,392.82,430.61,447.99,484.1,562.67,701.43,799.89,831.1,781.97,704.11,565.55
418.31,447.77,464.07,493.41,558.86,685.06,778.56,810.41,763.57,692.97,566.11,390.81
533.69,523.34,536.32,575.6,672.77,742.75,771.38,728.72,675.25,565.92,407.37,227.72
471.65,501.34,548.46,659.39,750.58,793.83,752.5,693.36,574.42,406.07,218.41,117.18
471.83,528.65,638.89,736.12,802.22,779.63,726.49,603.56,433.01,238.29,120.5,87.31
557.63,656.24,743.66,798.01,775.39,723.78,608.29,443.83,259.24,147.85,105.26,128.45
537.51,666.02,758.25,775.16,737.49,624.87,445.1,249.91,105.28,49.59,84.12,196.14
724.07,798.33,803.46,746.55,613.96,420.58,225.68,87.05,44.43,92.13,212.37,339.87
784.82,791.99,727.49,597.54,426.44,252.64,126.02,82.17,132.76,241.32,347.7,451.87
921.41,809.54,646.08,431.46,236.26,96.3,60.54,123.05,263.2,391.94,492.72,576.97
827.3,658.7,433.76,228.02,95.24,72.31,145.61,295.81,436.33,549.35,604.98,607.84
649.31,421.05,221.79,95.09,72.1,143.62,296.41,441.35,551.26,602.61,603.45,551.61
342.97,169.38,59.91,63.59,154.67,320.35,463.34,565.82,598.49,585.39,528.8,497.68
132.33,37.19,46.21,145.79,323.2,476.84,580.04,611.79,592.25,529.38,492.45,449.01
81.7,75.34,166.14,329.85,470.26,565.85,599.54,585.4,531.6,502.66,459.92,446.99
41.97,143.9,317.14,468.47,569.03,605.3,589.68,534.67,498.3,450.86,436.57,416.03
144.6,316.3,470.13,570.96,606.0,587.69,532.21,495.39,447.71,433.86,414.28,420.97
307.5,464.84,573.78,612.43,584.58,519.31,474.36,426.53,407.42,391.24,410.94,469.34
434.61,553.94,595.2,576.02,526.04,492.81,449.06,427.92,406.95,417.7,466.72,538.48
789.85,749.91,673.91,549.69,463.01,385.37,375.96,373.57,439.79,527.88,605.59,669.83
632.54,595.93,505.63,457.93,398.76,397.6,381.7,438.7,496.92,561.2,631.53,733.65
787.86,632.38,531.68,409.01,375.07,343.11,417.2,492.15,604.12,702.75,796.72,814.69
586.35,500.79,391.57,373.98,349.12,426.68,497.69,606.21,693.03,780.77,798.65,786.25
448.1,357.55,355.45,347.69,431.5,504.0,607.18,689.81,764.41,774.05,766.82,654.72
454.71,420.23,388.22,442.84,492.3,581.22,668.16,748.19,780.38,787.79,680.76,529.97
516.6,452.63,486.11,504.52,567.82,635.49,716.21,755.94,784.39,695.73,554.86,378.26
426.21,467.63,493.43,566.07,641.77,725.15,762.13,785.87,690.15,545.66,369.91,218.72
586.87,572.8,612.01,647.18,710.45,736.21,769.31,682.59,568.5,411.52,257.79,131.22
559.49,600.45,642.89,710.34,738.83,770.11,680.52,564.21,403.77,252.15,127.41,119.31
536.16,600.76,676.25,721.69,778.73,709.25,596.59,432.64,270.19,133.93,111.79,163.17
598.33,675.74,728.27,785.53,706.54,584.78,415.51,255.32,115.59,100.76,158.92,313.23
649.73,710.75,774.24,703.74,588.03,423.47,263.33,122.49,101.87,155.6,307.84,497.44
670.26,747.44,689.57,587.41,425.36,265.87,121.78,99.45,143.09,289.74,482.39,620.74
802.26,722.83,601.26,419.36,260.2,119.92,106.95,156.48,318.86,515.67,642.28,721.38
713.31,594.93,410.97,250.74,122.22,122.92,179.48,347.6,548.39,682.04,737.6,752.12
535.34,365.82,217.99,110.27,131.09,203.27,377.46,578.89,700.48,738.11,739.05,656.56
326.27,190.16,92.0,127.52,209.21,388.79,588.82,705.19,732.64,726.63,643.27,581.35
173.07,83.0,123.53,208.64,387.87,587.49,700.15,727.77,717.01,633.14,575.63,543.21
116.32,144.44,218.67,386.9,584.72,699.91,734.36,727.8,652.64,597.59,556.57,502.94
116.05,200.46,377.26,584.86,702.51,737.52,728.54,652.65,590.97,546.57,493.1,478.14
173.3,357.81,575.65,702.87,741.34,732.11,653.71,589.66,538.04,481.29,467.65,477.7
302.79,539.83,683.85,741.18,737.0,660.19,588.74,533.0,461.09,439.68,456.22,493.55
467.35,639.16,726.07,746.79,663.38,579.35,507.29,429.97,385.61,398.31,458.78,533.44
607.66,703.39,721.3,647.14,589.81,541.36,473.56,423.77,433.65,477.94,534.08,586.77
710.92,726.87,656.82,598.47,537.46,457.66,399.52,409.11,451.76,513.62,580.93,641.16
573.24,555.1,526.21,511.48,480.48,458.59,468.23,497.99,527.15,563.81,606.43,641.01
515.39,499.85,487.21,467.48,467.69,496.14,532.14,557.32,587.72,617.1,636.91,622.43
520.78,501.05,478.6,473.23,491.93,519.95,544.1,575.95,609.28,631.92,623.89,568.34
563.3,518.97,496.54,496.98,514.5,532.17,568.85,605.19,643.16,642.5,587.3,471.66
589.97,543.38,522.95,517.72,525.29,556.86,598.98,642.34,659.52,613.97,495.53,356.12
455.11,465.43,489.12,526.87,567.51,608.71,638.0,645.3,574.69,447.14,321.67,222.8
437.54,471.17,512.97,560.25,612.41,649.37,657.91,584.27,451.16,319.9,217.48,136.22
568.1,575.13,593.83,614.14,640.71,645.37,583.52,456.6,351.46,260.61,170.55,125.09
446.32,508.07,561.66,628.6,658.68,610.5,475.03,360.96,239.73,132.2,87.77,124.61
435.44,514.88,598.8,650.29,620.26,497.14,380.17,253.53,128.48,73.49,105.7,188.24
628.97,672.42,691.17,623.88,484.78,361.67,248.35,133.95,109.07,156.35,230.35,350.54
722.29,721.48,644.56,491.42,354.72,230.83,118.42,97.92,156.22,237.68,361.48,470.94
667.64,607.18,466.96,346.14,235.9,132.19,108.05,164.03,232.84,349.27,455.32,530.23
545.68,428.32,319.15,223.66,138.74,132.97,192.36,264.35,372.18,478.28,530.83,570.21
646.46,455.21,302.48,150.38,107.28,147.07,243.49,374.84,534.91,612.86,639.51,631.26
390.34,257.3,122.85,104.56,156.19,258.92,386.81,541.72,603.16,619.5,609.14,596.56
281.39,139.49,118.88,162.41,252.73,371.13,523.54,589.13,609.87,606.81,600.97,544.95
77.54,77.13,136.42,248.24,379.92,541.88,604.42,619.89,600.88,582.4,524.51,477.39
69.95,132.6,248.61,382.27,540.7,598.74,611.39,592.15,571.21,513.31,471.79,432.48
109.01,233.09,374.75,541.07,601.26,614.34,592.64,569.46,505.11,460.41,422.6,445.75
184.42,341.98,522.3,598.85,618.48,600.32,573.1,506.42,449.01,403.19,428.72,438.79
246.12,460.68,569.13,621.87,609.19,579.49,500.08,435.42,362.47,376.19,400.45,450.83
354.81,500.64,579.49,600.45,592.33,526.42,454.4,370.98,359.34,365.46,418.28,510.33
413.01,519.45,555.98,575.34,541.69,494.06,412.41,393.22,380.89,412.63,491.58,605.95
573.08,590.27,591.83,541.17,489.46,409.13,398.43,390.05,435.84,517.31,624.42,650.42
741.56,689.78,599.41,500.68,392.37,365.43,369.33,427.49,546.56,674.32,696.55,664.6
1034.65,824.85,639.26,422.48,323.94,282.89,361.07,506.77,717.37,793.04,765.12,696.68
964.4,729.09,482.0,342.07,267.5,320.61,468.9,689.46,796.37,795.73,735.51,616.23
837.17,552.55,384.72,276.18,309.68,445.26,672.86,789.31,814.35,772.07,650.89,422.23
515.07,361.76,272.48,321.74,447.43,660.3,761.42,780.36,723.24,603.56,396.98,225.25
427.74,319.79,359.39,462.69,644.62,721.33,735.14,684.14,576.21,387.74,234.6,113.76
440.62,436.41,503.17,644.97,709.85,721.59,687.97,590.28,435.25,297.46,159.65,58.03
644.15,636.1,724.39,723.02,696.25,639.17,559.52,424.82,339.53,234.22,125.71,37.48
618.56,710.3,725.67,707.74,640.04,544.91,397.74,310.17,194.91,92.6,20.96,33.18
868.04,829.25,768.97,648.96,526.16,363.21,286.46,184.03,121.52,75.84,86.96,168.86
639.82,641.84,570.86,507.99,384.99,331.92,217.8,141.16,50.87,34.13,114.23,316.41
519.36,490.76,456.77,368.97,343.56,248.27,164.49,67.34,21.4,84.19,281.88,534.7
386.78,394.06,340.64,344.42,250.0,168.43,61.44,20.11,58.38,260.35,510.18,801.02
396.57,333.68,325.38,231.67,173.0,90.8,74.27,121.04,330.02,561.43,816.52,994.26
282.67,286.94,203.76,167.17,101.09,96.8,148.09,353.46,573.35,812.9,978.66,1066.69
360.57,250.4,191.24,102.19,90.03,139.37,353.59,579.53,839.21,1009.44,1091.3,1011.59
260.57,195.15,108.25,96.39,139.5,347.0,567.89,824.97,994.25,1075.94,1005.63,894.1
136.07,72.9,81.41,143.04,349.98,565.42,808.42,970.35,1034.32,958.95,865.81,739.51
51.64,69.61,142.68,355.16,564.05,799.03,952.85,1014.34,930.19,839.34,725.81,667.18
57.24,136.07,350.14,562.28,798.42,954.66,1016.85,934.12,839.43,723.14,663.24,625.51
116.83,337.64,554.92,798.85,957.51,1020.92,940.82,848.05,727.11,662.91,620.68,587.67
337.17,553.48,798.42,960.49,1022.96,942.31,850.32,729.29,665.01,619.94,585.51,561.35
480.99,747.79,934.78,1024.57,952.1,860.54,728.77,657.49,592.32,547.32,532.54,529.74
815.5,979.17,1055.34,963.32,852.42,706.68,635.13,572.51,541.23,534.69,542.18,492.75
875.36,988.49,934.06,858.68,714.95,635.67,552.1,508.68,471.34,468.74,445.85,432.96
960.12,916.47,839.3,701.71,642.05,574.69,535.86,492.99,486.91,451.76,431.19,416.22
819.87,775.19,653.68,623.73,591.45,578.41,536.84,520.29,464.96,424.07,397.34,390.03
735.58,626.88,591.68,568.92,590.99,579.85,577.02,519.55,475.45,432.03,396.75,335.84
656.22,609.11,574.46,589.44,581.56,582.63,532.83,489.71,454.96,419.04,348.43,279.29
752.89,668.38,647.74,595.03,564.45,493.93,459.44,436.35,434.77,386.01,319.26,224.13
626.56,618.33,584.76,570.02,497.55,455.92,422.86,416.12,354.75,286.87,203.52,133.7
533.39,528.6,531.41,483.98,466.05,448.67,440.12,371.62,285.61,186.75,113.14,64.92
749.55,676.14,579.57,491.15,419.74,373.4,312.62,243.49,193.04,158.43,123.36,132.7
642.53,554.98,465.76,403.59,381.84,341.84,280.34,227.26,189.56,143.22,135.61,184.27
621.91,507.94,425.15,380.49,333.04,269.73,226.4,196.9,169.79,172.02,211.23,285.01
508.02,422.35,376.18,327.03,268.59,230.08,202.37,179.14,182.19,223.54,288.8,462.37
508.16,433.96,369.37,280.46,214.2,170.84,153.27,175.53,239.41,335.99,499.34,650.54
367.47,364.5,273.79,205.92,183.5,180.04,165.86,186.61,268.34,449.27,633.55,805.52
318.03,258.48,204.82,175.87,170.88,157.34,161.02,244.59,416.13,605.56,797.3,849.24
252.89,198.73,169.44,169.89,163.31,171.07,262.9,428.56,613.46,798.89,841.76,855.75
226.8,190.41,178.5,157.53,161.52,248.36,421.39,611.55,809.72,861.91,872.62,817.15
283.8,236.96,195.91,171.44,236.45,396.96,592.37,800.68,871.91,899.45,844.8,783.89
114.52,116.32,122.64,229.27,406.52,614.94,811.81,879.34,876.33,804.06,747.56,691.1
81.21,100.22,223.48,413.32,625.13,818.11,879.66,867.3,785.16,724.03,675.02,650.66
77.06,201.81,405.56,623.92,816.47,877.67,852.47,763.11,693.53,646.03,634.5,663.42
192.29,404.88,622.23,813.29,875.41,850.85,761.39,694.9,644.21,631.63,661.1,749.58
402.0,626.07,817.37,877.62,848.3,755.81,695.53,645.21,631.84,660.1,747.04,788.78
816.67,940.27,944.92,858.99,743.4,668.71,639.12,638.8,716.76,825.82,853.33,820.05
909.39,923.07,849.07,748.07,674.03,639.89,630.26,702.87,801.88,827.48,806.21,757.21
834.86,792.17,711.99,667.52,659.75,665.59,729.98,815.59,815.16,781.25,730.56,614.62
731.67,675.89,649.15,654.52,664.51,731.39,809.31,807.4,756.77,698.6,586.64,445.41
984.63,846.84,772.13,684.23,696.3,742.84,767.01,733.38,754.07,681.98,536.16,366.9
723.54,690.95,639.73,685.17,744.71,778.24,730.69,747.76,646.88,492.6,330.24,239.67
303.46,386.23,527.95,710.67,833.44,843.1,834.71,700.98,454.34,232.86,136.51,74.68
454.06,574.73,727.37,825.12,834.58,834.76,716.12,483.11,278.91,184.14,109.2,108.11
524.46,696.69,818.21,852.27,850.89,727.33,476.14,257.65,142.6,57.77,73.19,158.25
573.09,738.04,791.63,827.81,735.74,512.94,296.58,177.4,76.38,68.07,139.56,270.8
693.92,761.2,806.75,728.1,522.2,317.09,198.69,92.84,73.67,135.37,252.96,414.21
713.14,774.78,708.0,517.02,334.44,229.71,121.93,97.6,146.78,260.2,410.84,628.66
702.37,672.48,498.66,349.93,248.86,144.95,120.75,151.67,249.38,377.39,605.97,671.58
495.82,369.86,264.31,242.98,179.96,154.0,150.86,179.38,239.04,361.77,527.02,686.04
588.43,399.71,321.04,192.36,128.98,107.4,162.99,248.53,425.94,615.96,756.08,804.46
262.62,230.39,146.81,132.96,119.81,173.58,240.7,407.58,560.39,687.23,750.53,784.48
219.25,142.46,134.11,122.34,171.49,234.7,396.37,549.42,672.61,737.28,778.62,776.56
76.01,89.93,99.31,171.3,242.43,407.67,552.29,667.99,712.83,743.23,748.83,686.76
42.28,67.55,145.12,229.59,416.28,576.85,696.87,736.65,759.16,749.64,677.83,478.03
58.18,140.68,229.03,417.67,576.21,692.69,727.22,745.51,733.04,662.47,470.59,373.05
139.05,229.72,413.17,567.83,692.27,734.98,755.2,743.67,674.81,484.02,380.28,386.27
299.15,457.55,593.14,694.43,729.13,745.97,745.25,685.86,513.12,420.69,415.0,418.08
546.48,650.6,731.89,740.9,736.5,721.44,666.5,500.99,429.88,439.24,443.2,439.39
761.31,804.99,799.9,763.95,702.41,609.24,434.45,372.58,402.23,434.48,456.99,535.51
640.59,693.02,695.07,684.4,630.26,482.02,410.57,425.5,419.38,415.71,489.48,562.22
956.23,867.85,786.13,645.46,451.81,356.27,394.62,411.48,474.33,587.35,649.38,614.45
667.93,653.57,567.59,440.71,380.86,437.36,436.95,480.89,544.52,575.18,547.55,516.18
545.01,501.51,413.4,388.56,444.09,433.35,453.56,504.82,502.42,468.32,468.56,390.88
531.81,433.63,381.03,421.0,436.67,486.26,559.53,559.71,541.47,533.67,422.82,286.88
347.04,320.23,366.56,407.98,508.2,619.73,630.72,601.77,580.79,443.97,278.89,143.54
261.92,331.56,396.82,515.12,619.77,620.19,576.23,551.51,396.48,232.81,115.61,62.12
433.7,463.18,550.45,619.36,610.12,564.21,552.62,405.02,269.99,167.49,102.11,67.08
416.56,516.15,596.16,600.76,570.45,567.44,420.88,284.25,172.43,100.4,59.07,122.89
536.19,611.16,612.0,574.13,564.49,412.79,274.52,163.66,94.97,60.47,127.1,216.52
558.3,577.9,553.62,559.38,417.4,285.81,171.3,100.5,54.51,116.43,205.35,387.32
588.99,558.61,556.77,409.98,285.9,179.25,116.27,71.71,138.95,225.21,396.34,531.11
614.94,592.14,427.01,282.57,171.99,109.86,72.59,147.15,249.14,428.77,553.06,656.01
796.29,564.62,375.6,196.41,78.14,6.4,89.78,218.15,448.05,623.73,724.3,768.63
631.53,409.13,203.89,67.0,5.17,102.25,253.68,494.16,691.43,788.65,802.13,738.32
442.36,224.63,83.27,14.54,97.68,237.27,476.56,676.45,779.73,801.38,742.64,594.01
168.78,48.29,0.46,100.55,239.26,473.21,659.85,758.67,764.19,704.79,571.16,481.83
-10.93,-35.92,80.12,236.58,479.0,671.44,763.88,764.61,688.91,546.96,461.25,405.3
-11.78,96.16,248.06,481.76,666.26,753.56,756.78,685.07,549.06,468.53,412.25,334.04
117.49,262.05,491.18,669.11,751.29,750.56,680.61,546.17,471.22,418.36,339.35,315.43
238.07,474.6,661.43,751.34,751.12,679.73,540.93,465.68,406.3,327.03,306.86,351.47
518.65,691.2,768.59,754.06,676.47,534.05,463.3,407.92,339.7,325.67,367.29,442.9
743.23,800.69,777.25,684.34,527.84,445.75,390.78,326.44,324.2,376.85,456.96,530.49
700.8,710.27,638.22,514.28,461.84,427.36,359.04,346.67,377.12,437.25,503.95,589.21
665.18,613.8,514.04,475.51,422.69,335.21,302.61,329.36,371.52,444.5,559.74,677.48
674.63,553.05,481.6,404.58,335.13,325.92,376.77,424.99,520.97,633.54,716.76,749.55
514.89,454.64,384.52,328.17,332.7,393.72,444.37,537.42,643.0,716.11,740.82,690.75
420.26,363.65,322.77,340.9,395.83,437.26,519.54,620.55,681.7,705.46,671.33,546.96
293.25,276.99,308.11,384.06,447.79,545.87,645.74,700.05,708.33,659.89,530.29,359.64
344.79,351.93,404.27,445.53,543.17,644.77,708.53,718.51,688.74,563.77,385.28,214.19
530.49,522.68,524.44,564.34,618.41,648.63,662.7,647.26,562.82,419.14,260.91,146.93
415.87,453.08,520.24,607.25,663.37,692.54,670.44,575.97,408.05,235.93,118.4,79.63
497.36,548.95,623.4,662.44,685.16,659.11,570.07,408.45,248.5,141.3,99.13,128.71
674.57,705.09,708.56,689.83,647.26,550.64,401.92,252.63,176.93,153.66,172.67,275.35
629.7,658.55,661.92,643.9,558.43,414.85,258.55,179.11,137.71,149.49,254.13,414.49
712.26,696.87,664.02,561.54,407.04,246.04,172.57,136.95,162.9,274.83,431.41,531.5
631.47,619.68,540.4,406.53,249.15,173.51,126.4,149.05,242.34,394.64,504.52,607.8
726.29,613.04,450.79,254.14,158.41,103.84,137.85,247.32,429.72,567.72,655.08,680.24
734.91,523.45,289.64,157.08,91.98,125.79,257.3,455.01,626.29,721.43,725.46,661.56
571.93,316.26,167.36,89.54,125.15,259.03,466.66,640.65,749.4,756.43,680.57,543.76
164.95,69.28,31.58,114.39,275.18,497.64,656.88,753.52,723.78,629.06,497.63,401.01
26.18,6.67,103.47,275.79,499.25,658.41,747.38,715.14,607.84,474.47,385.38,368.42
11.99,107.05,279.46,500.41,656.3,743.17,712.23,607.3,474.61,387.39,369.49,419.67
111.92,282.1,502.49,657.51,742.71,711.05,609.16,478.39,392.91,374.51,420.61,427.61
285.64,504.15,663.4,749.45,706.86,595.61,460.85,378.01,358.9,408.67,423.08,464.87
477.75,647.57,742.6,709.1,598.72,461.38,373.0,350.73,392.62,404.67,453.53,569.03
676.6,759.04,714.38,593.96,462.11,380.06,365.33,408.82,430.36,479.87,585.06,656.6
723.9,689.6,578.16,459.31,386.53,377.18,417.15,434.03,474.73,572.22,644.51,673.86
918.64,730.5,557.69,411.61,345.04,347.23,371.62,429.93,579.66,692.11,735.23,740.16
561.83,447.98,340.88,326.54,368.44,419.34,468.99,605.11,678.62,695.47,693.56,711.32
480.48,363.12,335.41,363.74,416.01,470.09,614.36,692.17,719.92,721.85,729.35,678.76
372.44,340.2,365.73,417.82,471.96,617.11,698.67,727.12,731.37,737.3,682.54,579.21
353.78,374.97,429.5,481.66,613.85,681.98,704.5,708.89,714.31,663.55,573.86,376.17
453.48,483.04,518.81,627.58,671.29,674.93,677.54,686.66,652.55,577.77,392.35,230.06
434.38,485.48,599.88,655.78,683.28,703.41,715.38,675.56,593.22,397.07,223.99,119.46
449.54,575.34,644.68,682.9,708.58,720.67,674.87,587.5,381.34,206.98,107.13,99.94
570.2,642.55,683.77,708.71,716.68,666.51,577.29,372.95,197.2,101.47,99.36,138.9
582.18,641.72,674.29,699.74,679.82,613.43,415.13,234.12,126.89,109.49,130.99,257.74
686.56,705.01,716.18,680.9,606.92,406.5,230.07,128.01,123.07,152.68,276.01,448.18
636.19,668.83,644.83,591.46,416.52,260.91,163.78,156.21,174.13,283.07,437.99,592.59
819.19,740.9,653.73,431.02,240.58,119.84,118.71,151.11,293.86,474.91,632.71,741.44
742.08,656.4,439.21,247.04,115.63,108.29,138.08,288.43,471.03,644.16,748.2,755.74
558.42,369.47,203.56,106.2,118.91,160.84,310.15,489.44,639.01,720.88,724.74,635.67
266.25,133.19,51.16,97.16,179.12,358.95,542.57,680.32,741.19,720.03,613.28,531.37
191.71,90.81,117.81,177.74,351.22,534.21,678.79,746.09,741.17,641.99,554.81,460.9
135.64,145.96,198.13,358.41,528.36,664.28,732.58,732.14,641.66,563.2,471.31,397.77
137.18,193.02,356.33,529.32,664.68,731.76,730.22,640.32,560.08,467.88,394.56,354.11
122.07,308.29,503.83,662.63,740.06,741.62,644.94,558.84,448.21,366.27,329.46,350.67
284.12,488.84,654.01,739.02,742.85,647.66,558.5,447.04,358.7,318.84,342.31,418.81
508.44,668.07,753.19,752.03,642.92,541.8,428.36,343.72,306.61,336.01,420.18,531.48
663.37,748.41,747.85,642.29,544.95,434.62,350.91,311.31,339.7,419.28,528.85,615.48
810.28,789.03,676.35,561.32,423.02,316.36,269.92,303.15,393.3,519.03,623.91,689.3
614.28,559.91,476.5,391.34,343.98,342.08,377.04,451.38,540.79,608.18,650.7,678.51
560.06,477.48,390.35,341.92,342.94,380.52,455.96,544.15,611.54,652.29,678.91,663.7
576.34,454.91,377.68,346.79,369.0,437.75,536.82,612.57,679.16,716.75,695.95,597.91
567.24,449.87,389.78,378.22,426.55,512.57,596.23,670.1,735.2,730.33,632.07,477.99
374.8,342.92,356.8,430.0,518.27,598.04,657.39,716.71,689.9,587.29,447.9,329.71
278.37,315.02,404.09,512.48,607.96,675.86,731.11,697.36,578.77,429.3,311.42,210.9
383.34,447.8,536.75,609.61,668.39,718.98,693.69,580.58,448.45,338.25,233.18,160.56
511.16,576.89,634.84,674.22,712.13,677.89,568.75,440.14,345.92,250.67,178.41,133.95
611.71,656.97,687.02,712.55,671.22,557.17,431.11,341.64,256.23,192.26,147.35,184.95
606.72,653.54,694.35,668.27,564.07,442.2,347.21,257.65,179.87,131.17,169.82,285.12
607.99,663.38,645.39,554.59,449.94,368.31,281.21,200.89,143.53,173.03,279.76,418.37
661.43,644.52,558.75,456.08,364.56,268.69,184.25,127.23,153.93,261.73,410.17,537.83
544.73,491.02,409.69,348.0,280.08,215.1,155.23,175.71,260.89,391.31,510.73,618.48
523.37,432.73,354.68,270.91,211.32,165.14,200.2,297.11,443.51,574.34,651.3,671.73
665.75,499.75,355.82,225.24,138.09,151.18,273.46,445.16,634.01,739.18,745.72,702.67
615.44,427.16,271.1,152.57,139.82,242.96,420.93,618.18,748.92,773.49,732.07,649.46
277.87,173.34,98.62,134.44,258.44,444.71,624.41,743.19,729.32,669.47,598.72,477.47
178.54,103.52,138.45,260.25,443.1,621.13,738.28,724.05,664.01,593.68,476.57,386.11
47.2,102.65,238.98,438.73,626.03,748.34,729.48,665.09,581.05,456.21,367.93,382.03
84.21,227.82,434.55,627.0,749.02,729.39,663.65,579.88,449.87,360.72,375.03,416.93
240.76,442.14,635.65,755.59,724.64,650.94,566.6,441.27,353.52,371.56,416.79,457.31
459.11,645.87,763.51,729.99,650.58,559.98,435.89,349.43,370.51,415.78,459.05,505.15
731.26,818.01,764.18,659.25,551.0,414.9,332.04,357.9,423.3,478.94,528.52,575.76
763.85,726.17,630.18,539.4,425.81,359.39,384.73,444.08,489.11,526.09,565.19,609.39
696.6,610.75,530.42,426.34,361.51,386.22,439.85,481.56,509.36,545.47,596.47,622.69
610.99,533.57,432.95,367.91,382.61,427.88,464.2,491.54,525.0,579.19,615.93,633.9
614.01,486.97,400.69,388.41,415.86,441.82,475.45,516.79,590.89,640.2,658.61,666.84
467.54,385.06,367.64,402.11,451.62,506.21,558.95,631.09,680.29,686.57,673.1,605.09
329.41,330.22,378.26,447.1,514.76,575.33,645.35,691.07,683.97,659.94,589.09,423.95
458.2,462.44,504.54,534.57,559.79,602.7,649.62,649.88,653.3,603.85,452.73,297.56
596.55,592.4,591.53,573.98,584.34,607.93,611.78,624.08,605.31,477.4,331.95,233.48
673.98,643.91,609.42,593.55,598.05,587.49,601.62,588.05,479.08,350.28,256.15,187.32
532.43,535.48,548.54,587.14,598.57,624.59,603.68,487.43,332.43,224.82,156.72,160.27
551.32,559.2,592.82,597.54,624.13,603.68,490.02,336.3,231.68,166.62,167.24,259.53
497.03,552.22,570.56,616.24,610.72,508.44,353.66,246.14,167.44,158.59,246.08,417.55
620.82,613.45,635.42,607.43,501.51,349.92,256.99,186.94,198.78,290.9,446.21,558.61
560.95,597.19,587.01,499.68,354.03,262.57,186.28,196.62,274.38,423.19,537.26,641.74
753.58,692.73,572.37,374.39,238.02,134.04,150.29,248.44,435.68,590.26,693.97,718.9
659.97,543.59,356.61,234.62,137.66,158.08,259.37,449.08,595.43,687.91,707.92,708.51
522.08,338.13,211.18,122.54,168.45,290.84,491.59,633.33,724.41,730.09,710.93,633.34
354.29,222.72,133.36,174.13,285.43,477.52,615.09,708.54,716.42,702.94,634.09,563.71
102.47,55.27,126.22,275.39,491.6,644.84,729.93,728.1,684.97,597.08,526.93,494.02
28.2,109.54,265.14,488.96,646.92,735.84,733.94,690.66,596.54,522.63,487.03,522.38
133.2,279.94,500.41,652.13,732.92,725.35,684.62,593.62,524.4,491.57,526.44,542.66
206.07,449.67,625.95,733.85,732.35,691.86,592.79,519.35,466.16,489.76,513.22,518.02
387.68,587.89,716.35,737.18,697.12,593.82,510.11,450.86,456.49,470.9,489.71,519.2
711.29,795.11,781.59,702.16,581.98,489.93,441.82,454.91,500.57,533.95,559.42,597.17
782.3,770.68,694.43,579.97,494.32,449.75,460.96,504.08,533.93,555.4,592.97,626.05
982.51,832.81,661.99,508.08,425.07,414.88,473.97,520.53,593.91,662.85,692.48,654.83
670.41,556.26,448.99,419.7,432.71,501.63,530.65,590.38,617.1,625.68,598.48,619.9
435.13,370.86,369.6,419.11,515.43,562.29,616.54,633.77,614.29,567.3,586.48,572.87
398.41,387.57,422.37,510.55,563.11,627.12,656.18,639.46,602.34,617.86,589.3,537.35
377.4,415.11,512.73,571.75,626.37,644.42,621.09,583.43,592.56,563.88,524.53,413.59
334.55,460.38,543.7,627.49,654.84,633.23,585.35,585.09,534.14,481.33,380.66,263.73
544.84,598.78,658.77,657.49,622.63,567.08,574.08,528.04,496.92,406.72,289.97,171.35
607.31,659.59,650.03,611.69,573.71,593.99,556.2,521.7,437.2,315.17,182.66,152.99
526.99,563.4,559.45,562.06,606.95,582.18,537.07,442.81,288.81,139.3,114.0,135.08
530.6,537.6,544.74,598.11,588.61,555.47,464.01,307.68,151.06,118.79,130.93,238.14
568.44,565.7,611.79,592.54,549.51,452.36,297.78,145.63,120.38,138.94,248.14,445.01
587.87,624.35,593.22,542.72,451.06,305.32,164.69,144.58,172.47,279.73,459.94,619.96
592.74,570.2,534.39,454.58,305.36,159.35,132.2,161.45,257.92,436.96,602.63,732.17
511.67,495.36,429.93,297.92,166.76,153.2,185.06,284.08,453.32,616.9,728.04,725.99
423.22,422.49,289.36,157.7,167.15,212.46,271.22,391.8,538.26,663.43,703.44,685.49
480.21,342.5,189.76,155.85,194.48,255.18,371.21,524.55,668.92,725.74,717.78,606.28
280.0,145.38,118.1,178.03,272.52,413.12,577.76,710.93,753.1,726.67,592.24,489.24
291.82,217.02,238.46,280.96,387.45,526.02,670.88,729.17,741.97,640.37,539.51,399.38
220.64,239.2,286.02,392.92,523.55,663.06,718.75,736.03,631.59,537.86,400.33,370.75
197.13,258.44,371.85,517.11,664.73,731.19,748.62,649.49,547.35,403.25,366.59,396.42
174.45,315.61,491.32,669.89,748.68,768.04,660.54,546.01,380.1,330.15,364.53,439.09
250.21,442.03,656.42,758.09,766.88,645.32,504.98,328.74,255.77,290.79,397.9,464.97
331.76,589.72,714.36,754.09,655.98,530.47,347.59,266.27,274.12,361.01,430.75,591.37
510.28,669.84,726.24,647.65,536.53,363.11,282.6,282.19,350.27,405.93,567.37,705.64
736.85,765.63,648.04,515.59,372.31,320.06,349.59,421.09,503.49,656.99,751.69,774.55
709.9,608.65,482.36,359.62,333.28,381.93,455.84,531.12,674.3,753.94,766.28,714.78
786.63,600.09,433.13,351.97,367.08,418.74,501.0,654.4,771.09,815.13,765.57,673.49
835.36,589.62,449.43,383.84,382.89,434.91,601.87,743.04,842.83,832.95,737.73,598.27
680.5,502.35,420.72,394.2,424.56,575.12,721.64,823.79,837.9,756.36,618.86,445.1
672.79,534.06,477.98,449.93,537.19,641.93,740.96,775.61,731.33,635.8,485.3,322.27
543.23,485.09,464.53,552.08,643.22,728.94,750.38,705.33,607.0,467.4,322.53,214.69
620.81,555.0,598.83,643.94,710.97,726.5,696.64,618.63,511.87,384.11,267.29,186.09
645.58,660.42,691.1,737.25,726.64,679.51,594.37,485.86,373.54,271.05,198.85,193.37
727.78,736.3,765.69,733.69,660.23,560.0,454.14,354.72,276.66,220.79,221.27,292.84
703.43,742.18,723.92,661.76,565.76,458.06,353.16,271.45,203.97,202.88,271.6,403.27
620.78,647.82,618.8,560.61,479.71,390.17,297.01,220.46,188.2,246.29,374.28,591.03
580.85,585.32,545.1,496.45,407.35,315.55,240.01,191.35,234.61,341.58,569.22,660.85
608.62,547.69,491.12,418.4,326.23,224.6,155.35,145.99,232.85,385.29,575.76,744.8
637.45,542.31,454.54,338.89,210.69,123.34,123.48,227.44,400.73,604.72,769.06,879.75
551.53,457.95,341.96,215.13,123.84,119.86,223.71,396.53,601.65,767.98,878.55,949.07
297.32,238.73,159.96,119.26,134.2,245.12,397.92,590.98,715.71,807.85,893.6,920.39
174.63,118.36,90.72,124.49,254.29,421.65,613.12,730.4,807.16,878.33,901.83,847.76
56.71,53.12,101.32,248.91,426.65,624.77,736.98,807.92,864.57,878.35,827.31,771.43
34.99,90.58,241.06,421.73,626.45,743.56,815.21,869.8,880.13,826.44,767.6,705.3
136.39,271.21,435.91,624.07,738.21,811.67,873.5,889.71,848.89,796.89,725.3,677.58
356.89,491.93,658.0,745.05,803.27,855.27,880.11,848.51,818.14,759.97,706.93,641.4
556.69,698.38,772.65,812.94,849.56,862.28,831.46,804.4,760.72,719.2,657.39,605.32
897.54,905.06,905.42,880.51,833.35,758.46,729.27,701.25,702.76,682.25,653.08,618.87
749.23,802.75,818.01,819.63,777.63,768.1,728.27,716.17,658.46,607.52,573.39,576.75
890.5,879.69,863.45,791.86,754.1,693.81,680.21,628.73,596.11,581.86,597.38,596.58
745.66,776.67,741.06,745.24,707.78,706.64,644.66,601.49,554.74,551.84,555.18,563.75
649.3,656.75,682.37,684.0,729.11,700.89,660.81,600.89,572.01,546.46,537.57,460.08
532.45,602.19,629.04,712.08,717.87,701.89,638.5,598.99,545.9,514.54,429.08,333.02
564.19,603.56,686.39,702.2,713.12,670.41,637.32,577.61,541.68,442.46,331.79,224.03
635.67,707.19,715.17,714.17,665.75,627.95,569.19,534.3,442.92,339.19,233.38,180.87
624.54,660.84,678.15,653.58,640.09,597.21,559.34,458.98,338.03,219.48,161.51,125.87
430.27,526.08,557.93,614.57,623.76,617.37,504.71,365.8,193.6,101.76,62.92,129.49
567.87,587.0,623.08,614.18,615.99,514.64,387.47,217.86,139.22,102.45,153.02,267.08
611.35,636.98,613.04,604.42,514.74,401.63,245.21,171.47,146.56,197.17,290.42,446.02
561.69,562.64,571.6,505.99,410.5,266.27,190.48,160.99,195.22,276.03,425.52,558.45
737.28,684.61,577.35,424.58,241.56,141.2,120.56,172.35,294.36,475.91,609.65,702.81
840.23,680.12,487.53,251.48,121.63,87.34,153.62,296.35,520.08,689.74,764.84,776.84
722.11,508.37,265.92,126.24,81.05,138.77,286.6,518.91,698.0,777.7,787.55,727.52
450.65,226.75,96.73,71.38,148.78,311.48,545.22,718.47,786.05,783.72,713.86,616.2
152.37,49.64,49.52,149.08,315.29,546.81,706.7,768.93,745.87,671.95,588.39,515.93
87.56,76.51,164.07,316.27,541.81,701.29,768.13,749.27,684.61,606.08,529.43,475.45
78.79,165.73,317.57,541.59,699.76,766.14,748.95,686.44,609.54,534.47,477.44,448.56
135.51,296.41,530.61,699.18,770.87,755.1,690.47,611.13,528.27,467.14,437.69,426.54
317.66,543.96,708.73,773.95,750.56,680.62,601.26,521.63,465.52,441.17,432.13,420.13
509.22,687.37,763.82,751.89,684.86,604.08,518.82,459.28,425.61,412.97,407.2,486.77
635.8,730.76,738.74,688.57,607.62,517.75,446.45,407.02,378.6,370.71,464.22,587.43
726.53,734.57,675.97,594.69,523.11,469.87,439.7,410.79,406.29,491.9,597.38,660.12
733.47,676.27,599.27,527.99,466.75,429.21,395.26,390.56,473.84,583.06,654.72,718.47
612.14,558.05,494.43,451.09,440.38,428.14,427.04,504.6,602.11,659.17,708.14,750.83
602.44,523.32,464.47,438.2,423.85,424.8,510.76,612.95,683.43,736.23,769.79,721.67
601.0,513.17,465.73,428.86,419.53,499.36,609.3,684.1,756.46,798.76,746.94,595.17
437.58,418.13,405.77,421.88,506.1,613.53,674.66,739.55,760.35,701.27,564.17,386.53
454.7,432.69,442.15,513.99,607.96,657.1,717.58,737.89,685.21,557.57,392.17,254.31
474.77,469.27,525.48,602.58,652.95,716.65,744.9,695.45,580.48,420.47,273.88,182.77
404.76,480.66,568.46,637.69,729.54,778.35,733.05,611.75,440.6,280.53,173.41,100.1
518.45,594.46,658.55,737.18,768.32,708.38,584.49,418.57,266.35,172.51,108.83,134.55
507.21,600.84,701.15,758.54,720.55,609.95,439.39,280.21,165.13,89.66,111.35,234.09
650.03,731.83,767.26,711.18,608.3,449.62,305.31,195.84,137.89,161.64,264.11,389.03
792.53,807.08,741.88,621.3,437.85,274.93,163.58,111.82,148.25,264.69,400.0,534.0
668.54,649.03,567.24,426.76,288.83,189.69,124.39,151.05,232.3,350.19,488.65,627.41
852.4,703.24,503.16,294.0,165.17,91.88,143.14,249.11,423.51,601.09,711.38,732.34
689.82,486.34,278.92,157.38,95.08,155.53,270.78,449.99,626.9,727.4,733.53,706.52
506.5,289.07,157.54,90.78,157.66,278.91,465.69,642.68,749.55,754.59,716.43,639.06
213.73,110.48,66.79,156.92,283.56,471.87,637.47,739.77,725.1,680.99,612.81,533.06
52.77,28.99,135.83,280.15,478.21,649.19,746.74,727.85,668.43,591.75,514.19,441.26
65.87,161.27,295.19,480.93,643.83,737.4,721.89,665.71,598.32,525.93,451.79,426.25
178.12,306.39,491.69,649.1,733.71,710.34,652.93,587.7,518.54,449.74,428.14,413.94
276.62,469.99,636.42,731.34,713.45,658.76,591.61,521.59,445.25,419.64,404.75,420.94
381.06,580.22,698.42,709.22,669.42,609.66,532.24,448.64,401.3,373.38,393.13,455.98
624.62,726.92,730.08,676.31,603.72,516.27,432.36,387.68,369.04,397.63,466.67,574.47
703.46,713.67,663.11,598.48,521.38,445.62,400.47,378.82,402.37,465.34,569.33,671.74
776.57,703.93,619.15,520.55,438.82,393.66,381.2,410.93,491.47,602.55,696.26,720.49
930.63,768.0,610.98,457.38,366.98,327.48,372.0,470.19,635.94,764.74,787.78,783.1
503.01,437.77,357.3,352.08,356.71,423.12,496.75,641.14,704.21,692.19,698.26,692.32
414.5,342.3,335.47,346.22,430.63,520.16,671.88,731.81,717.07,712.75,694.13,562.7
435.65,397.91,387.26,443.36,507.43,641.46,703.42,695.08,710.67,706.8,584.45,426.8
501.34,455.31,486.69,518.74,629.69,674.09,669.46,691.28,711.22,605.14,453.87,278.24
411.52,458.09,497.67,620.65,679.47,685.52,706.54,722.11,607.73,450.41,269.05,152.24
634.84,612.19,690.31,690.6,666.21,668.24,696.79,596.09,483.0,331.56,210.77,139.6
579.83,665.2,673.95,659.69,673.02,706.98,606.76,492.34,334.07,209.73,134.23,144.16
611.88,641.92,646.17,675.84,711.0,607.3,481.75,318.78,178.27,101.21,122.27,200.14
572.36,601.17,648.34,704.16,613.06,496.48,329.84,186.31,93.6,106.78,183.62,373.18
822.38,791.39,779.23,615.39,473.59,300.38,185.39,111.74,184.24,286.32,452.51,586.57
832.22,804.13,643.14,489.71,288.03,147.78,64.57,145.51,252.38,437.48,587.46,733.76
924.97,722.95,533.1,288.61,135.07,51.78,150.87,275.36,496.6,672.86,791.18,797.81
868.03,619.73,340.92,146.08,34.94,116.77,256.28,494.28,705.26,839.99,840.4,760.57
462.51,235.42,78.84,20.18,138.2,298.82,527.86,723.59,820.86,795.07,712.8,591.46
127.77,12.1,-17.62,131.41,306.79,544.25,727.29,816.72,764.27,671.24,558.13,517.7
43.61,5.2,148.87,313.02,537.21,713.02,802.54,754.51,666.42,559.78,523.53,509.86
47.61,174.89,329.16,540.13,707.66,792.01,750.2,667.92,571.9,541.52,523.32,490.09
221.1,359.45,558.47,711.96,786.96,739.63,662.26,570.91,552.95,541.18,504.16,489.07
290.57,510.1,680.95,778.66,748.91,682.22,587.24,564.49,536.89,488.81,470.42,526.29
460.17,649.93,765.51,752.89,687.24,588.51,556.66,525.11,461.96,438.94,505.27,591.28
688.19,790.13,771.39,694.25,582.65,541.31,509.46,448.72,434.17,508.02,600.01,674.38
761.02,753.15,688.25,587.93,542.99,505.33,434.48,415.65,478.93,568.46,656.36,792.09
692.36,651.0,569.51,542.4,507.8,437.22,409.13,467.97,540.15,623.69,769.17,865.96
556.14,505.01,480.26,471.78,459.48,481.99,560.34,625.84,697.27,810.89,863.23,848.2
462.81,451.57,456.19,459.24,486.92,566.1,627.32,694.33,797.02,841.53,831.01,774.68
490.68,482.53,476.41,493.9,562.7,616.31,683.64,786.9,839.43,832.89,782.39,640.62
486.58,479.74,499.03,567.18,614.42,675.05,774.02,826.03,818.51,770.24,637.23,429.42
420.55,460.25,540.84,607.33,686.22,795.4,843.73,827.03,764.92,619.67,412.05,248.67
416.19,514.46,597.6,688.9,795.85,838.06,810.64,743.81,584.77,376.64,228.15,154.2
636.91,676.04,728.02,792.91,828.75,802.7,754.26,603.81,429.79,295.14,203.26,158.81
572.63,656.83,742.7,810.64,817.13,790.79,641.87,461.97,306.54,196.21,137.84,152.2
637.09,729.65,800.84,813.13,795.87,653.11,473.54,315.78,200.9,139.07,148.54,219.76
713.64,792.44,817.23,805.76,649.36,456.72,288.19,173.6,104.46,120.42,208.48,392.44
595.0,685.24,717.62,623.01,483.48,351.69,233.85,149.15,121.28,171.44,341.02,482.93
614.32,670.39,595.95,478.48,357.13,244.63,152.9,120.49,151.55,310.24,456.19,567.92
693.04,613.55,488.14,355.12,239.01,150.48,124.55,164.66,333.51,492.12,588.78,625.08
551.54,437.59,306.12,210.61,165.9,177.2,236.96,405.24,556.73,624.65,624.37,589.43
534.72,366.57,237.74,163.56,171.37,234.16,418.7,576.51,671.39,679.01,626.74,544.35
230.26,147.79,114.08,165.73,248.24,440.86,583.14,668.08,640.81,572.43,499.59,460.68
191.86,143.86,185.82,254.51,435.05,570.03,655.98,631.86,571.68,505.13,470.15,419.72
103.44,160.77,242.32,436.07,571.68,656.55,627.21,565.23,488.11,449.21,403.86,414.65
145.04,231.56,429.77,570.08,658.74,631.36,570.09,492.25,449.74,401.25,409.67,447.37
197.68,406.69,556.27,657.17,634.22,576.68,497.28,454.38,397.27,400.1,436.27,486.76
514.72,627.82,706.65,651.56,562.41,459.49,420.23,373.11,399.51,453.39,512.92,528.58
636.12,708.94,654.63,566.07,460.75,417.63,368.75,392.91,447.55,506.77,526.77,551.91
708.13,654.05,564.35,459.71,418.88,371.5,393.41,446.11,505.19,523.57,551.07,548.67
805.98,663.13,518.79,428.35,353.01,359.23,422.62,493.63,548.82,599.82,596.1,586.02
735.02,566.07,455.17,356.65,351.94,409.76,486.85,547.71,616.73,623.57,609.44,590.01
348.67,313.62,277.66,343.12,431.41,522.15,561.93,615.12,566.95,525.48,517.97,511.31
481.08,388.65,407.57,442.7,503.83,528.53,597.12,561.93,561.5,575.98,564.7,498.85
389.89,406.29,441.27,504.02,529.64,598.29,564.88,565.93,580.53,567.54,499.35,405.62
420.79,450.27,508.63,531.8,599.81,564.69,566.74,580.03,570.53,501.35,407.84,272.74
531.32,563.07,574.79,617.84,548.82,523.77,531.18,527.52,473.77,400.97,285.59,226.97
601.8,596.81,626.4,543.73,524.21,536.4,540.92,487.63,426.82,313.25,245.08,202.86
509.78,568.75,510.69,518.09,543.77,553.54,491.95,424.99,289.67,212.39,175.9,207.2
553.85,502.87,512.11,540.23,555.4,498.21,431.35,295.28,214.17,176.09,204.96,305.41
559.56,546.6,553.54,549.66,494.23,433.99,311.29,236.76,216.02,249.21,333.68,483.93
495.6,519.78,528.48,490.16,438.57,322.24,246.35,224.09,245.98,321.9,468.73,583.4
516.79,524.44,493.13,442.47,318.07,234.04,207.04,232.71,305.52,457.04,577.13,692.56
473.9,461.25,423.47,313.29,239.37,223.01,249.33,324.96,467.45,587.97,688.41,736.82
590.74,501.42,362.65,251.76,205.36,212.24,300.89,459.54,610.1,723.96,771.52,683.93
516.45,368.52,245.22,197.11,216.87,317.95,487.04,635.69,756.59,796.66,693.63,594.42
437.51,291.34,230.32,227.21,306.21,458.16,603.22,729.74,784.27,697.81,610.93,546.82
252.63,204.31,210.34,301.65,464.56,618.41,743.94,796.11,699.57,605.71,536.95,481.12
194.71,204.55,301.21,467.43,617.87,738.97,788.8,692.8,595.72,527.85,475.91,439.59
178.36,283.97,459.29,619.63,741.93,790.96,692.68,593.76,518.32,461.82,427.41,458.45
207.65,410.1,595.61,744.02,795.12,695.11,585.05,505.5,427.4,384.8,427.17,467.63
306.55,528.52,705.19,790.77,707.35,606.01,520.35,435.71,367.54,392.61,434.7,490.49
386.38,610.07,733.05,697.33,625.22,556.65,462.84,380.15,370.34,385.7,444.18,497.36
568.91,705.78,684.28,627.09,561.18,465.82,374.41,358.41,360.63,411.34,477.02,533.02
687.88,671.5,611.14,549.02,470.6,394.62,384.79,383.78,433.1,488.25,534.15,541.18
