166.23,312.55,396.03,498.34,609.13,699.78,653.34,551.21,474.6,486.13,421.04,474.44
289.68,389.38,496.48,602.96,691.62,646.32,545.59,469.37,476.53,415.58,461.47,479.61
329.81,461.29,590.81,687.39,647.69,546.59,468.53,474.69,419.08,451.97,466.53,527.71
464.0,596.04,689.31,644.94,541.71,464.34,471.72,415.86,446.29,465.9,524.33,526.43
582.53,677.61,641.38,544.84,471.11,477.41,419.05,447.36,472.36,522.02,527.6,552.15
710.29,661.64,550.91,471.14,473.44,416.61,448.0,477.28,517.79,533.11,555.75,527.06
768.32,604.54,489.06,487.2,426.14,457.21,488.62,533.64,540.95,574.69,558.38,528.32
453.37,393.67,452.97,418.76,469.0,498.51,534.68,531.51,590.29,535.44,502.55,537.75
486.16,505.34,437.99,479.1,501.0,536.97,536.07,597.45,534.91,516.49,560.59,443.08
631.82,518.99,507.08,504.5,524.45,526.59,596.89,544.03,499.39,579.41,460.66,355.79
514.05,499.18,501.38,527.95,534.44,603.82,548.16,500.24,584.98,460.04,358.94,280.64
521.38,519.77,533.94,530.17,593.33,539.16,496.68,589.76,452.03,363.34,278.98,185.96
620.82,592.37,551.01,601.75,539.4,497.09,594.15,461.34,359.11,295.01,208.0,181.62
591.05,551.24,600.89,536.92,493.95,591.74,460.43,360.46,292.71,208.55,178.93,201.74
485.83,564.46,524.35,487.27,590.48,457.88,354.64,281.99,208.37,168.86,187.61,246.25
619.39,552.28,498.15,599.7,465.2,360.48,287.24,213.0,173.84,196.64,264.61,381.76
511.35,472.53,589.71,461.48,361.48,288.0,212.7,173.49,200.11,259.79,373.62,417.82
457.37,582.46,459.95,360.47,287.48,211.19,170.53,195.05,258.93,370.56,414.8,604.33
453.44,389.63,336.06,273.4,205.66,165.06,186.21,244.55,370.3,394.01,572.41,676.66
334.11,291.64,258.33,211.45,183.17,200.54,251.36,370.9,415.52,566.22,679.73,566.36
239.26,228.13,201.25,179.2,201.29,251.14,367.96,409.18,568.12,671.42,555.89,619.35
259.22,210.78,183.31,212.04,264.69,380.05,419.33,577.65,683.56,561.18,635.15,675.11
217.2,185.6,212.34,265.33,380.59,420.69,580.77,690.83,562.65,636.68,675.66,600.26
121.77,184.41,255.57,368.53,408.88,570.08,679.5,546.76,624.78,663.3,577.37,558.61
140.41,231.24,361.35,406.97,571.17,680.05,545.27,620.44,664.56,568.66,548.73,607.29
200.84,343.42,401.38,570.02,682.17,547.05,620.76,663.32,569.56,542.78,599.89,568.97
243.78,349.17,551.31,668.91,539.02,613.44,654.26,556.56,538.55,583.32,541.42,489.99
288.63,513.6,656.76,538.23,619.97,659.27,557.06,533.65,589.4,530.6,479.88,478.42
406.89,595.29,517.42,611.76,659.97,556.76,529.6,582.38,534.57,462.71,454.43,476.5
556.16,490.62,601.13,657.48,560.41,533.35,585.08,536.8,470.49,449.98,471.12,392.5
551.63,614.8,662.69,583.86,566.52,613.56,557.31,483.28,478.09,482.58,429.51,306.95
805.41,775.22,622.81,580.18,609.02,555.58,491.11,498.5,470.61,458.72,342.97,332.7
747.83,609.63,573.25,600.55,547.83,485.35,495.12,470.13,453.97,340.09,321.02,264.31
627.97,578.17,601.86,552.82,492.54,501.24,475.18,458.6,348.22,325.43,275.15,235.51
630.12,632.08,564.02,497.92,502.7,476.36,460.18,348.6,322.36,282.19,247.28,230.54
661.74,585.4,504.77,500.61,468.59,453.73,345.79,324.08,274.61,252.34,231.84,175.69
565.77,489.13,494.81,469.25,459.4,350.03,325.94,274.26,259.0,230.39,176.63,122.02
397.47,435.63,449.04,456.77,359.68,332.58,274.63,253.53,243.47,163.92,110.24,107.84
482.95,477.39,467.06,362.52,330.28,272.31,254.61,250.38,162.0,118.75,117.7,108.05
536.02,498.12,373.35,336.91,276.12,257.77,254.55,167.95,120.02,127.95,123.99,174.65
464.19,350.19,328.18,274.95,262.04,257.65,168.3,117.43,134.18,120.45,171.82,225.86
357.97,326.27,274.81,268.46,267.77,176.31,122.57,137.31,129.94,174.29,235.8,372.82
255.32,239.43,256.13,257.11,168.09,114.54,128.63,119.52,169.36,224.58,352.49,522.08
231.27,251.37,256.36,169.25,116.47,130.27,119.96,167.58,226.12,350.04,521.26,716.49
291.21,283.05,179.23,118.37,126.32,116.71,165.85,224.39,343.34,525.99,721.9,725.93
261.24,169.75,115.07,122.34,112.16,162.13,221.23,340.93,522.66,717.95,717.54,732.15
123.7,86.13,112.32,110.36,165.7,224.22,341.66,521.49,723.42,710.47,724.33,688.27
92.26,116.14,112.26,166.52,223.74,341.43,522.89,728.48,711.24,725.12,689.01,644.67
130.08,124.94,171.0,221.69,335.43,518.61,726.42,709.92,716.83,689.16,641.38,556.97
68.11,140.69,211.18,329.33,515.58,723.47,705.16,709.19,686.92,631.36,541.75,441.09
121.49,203.15,327.29,512.88,720.77,702.77,707.01,684.5,627.37,537.11,433.38,450.7
186.74,315.39,509.12,722.15,707.61,711.56,687.66,628.83,540.73,429.8,448.41,459.63
374.16,549.68,736.22,707.19,701.75,680.26,627.07,544.7,417.26,455.79,463.45,403.25
626.5,786.38,725.27,705.05,673.81,622.34,543.75,418.49,442.9,472.64,412.65,417.72
908.73,799.71,729.67,678.65,613.45,537.94,421.51,457.75,462.19,432.67,437.62,331.39
726.24,677.67,658.96,612.03,549.59,431.28,462.19,462.39,447.67,428.86,324.12,287.3
621.4,622.72,599.17,547.25,436.52,465.93,462.14,442.4,436.94,316.21,280.41,280.47
600.69,582.28,541.58,438.11,472.05,466.85,444.63,437.16,323.65,277.85,280.88,229.51
556.3,523.02,431.54,472.51,472.32,448.64,437.79,320.11,283.05,277.52,228.24,186.67
554.24,442.65,476.21,479.79,458.08,445.86,327.12,290.16,286.92,234.97,201.46,166.59
387.89,434.65,465.61,461.39,461.06,339.19,296.17,287.94,250.9,194.59,165.36,142.6
535.99,528.4,483.54,465.75,332.03,290.32,288.63,260.08,185.65,181.54,160.4,136.91
484.97,461.19,457.16,324.45,284.97,283.4,254.72,179.78,178.23,154.5,124.35,128.54
515.13,481.92,333.79,295.58,293.58,262.9,186.51,184.6,162.51,134.04,148.98,236.53
491.91,339.45,296.7,292.7,261.19,185.26,184.94,165.49,133.54,152.04,238.24,349.07
467.17,365.77,316.94,275.86,192.02,191.46,174.86,146.91,154.36,259.07,382.4,505.81
347.81,313.28,274.59,185.6,182.56,167.6,141.07,148.02,249.24,377.68,493.98,676.63
347.53,302.31,195.87,180.22,156.85,131.88,142.3,245.61,365.83,497.74,676.77,671.96
235.85,161.31,168.39,148.58,126.61,137.1,239.15,357.39,495.45,665.97,654.23,622.44
161.98,168.25,149.18,128.2,138.81,240.3,357.95,495.78,667.23,654.0,623.74,578.94
206.65,173.09,136.82,140.7,236.97,355.66,497.54,676.02,651.2,629.88,584.5,558.1
167.6,135.77,139.96,234.23,352.25,495.3,675.11,651.44,625.67,582.93,552.8,507.84
137.02,141.4,235.03,352.56,494.91,674.77,651.05,624.71,582.02,552.29,507.76,459.91
120.5,226.55,350.36,491.8,671.86,648.48,621.83,577.22,546.75,502.31,451.02,497.35
273.66,380.38,503.04,675.09,646.01,620.09,577.74,548.8,496.59,456.68,504.55,507.01
413.58,531.24,684.45,640.93,606.22,566.89,543.92,497.8,441.14,507.97,502.1,505.82
580.61,718.0,653.12,607.52,560.78,539.02,495.82,441.36,498.1,507.92,510.71,541.24
826.5,721.3,630.33,563.64,528.18,488.64,443.55,512.71,495.94,527.68,555.84,576.18
735.41,629.77,562.29,534.41,499.92,453.72,520.19,500.6,538.16,559.78,587.44,473.67
556.1,516.6,518.08,495.7,458.12,523.47,499.54,531.8,567.1,576.42,461.53,425.45
585.13,555.99,509.53,465.97,526.61,502.17,535.81,572.84,576.59,472.3,443.1,313.72
545.04,503.52,463.39,524.2,500.2,534.07,572.28,579.28,471.94,442.39,309.91,273.04
452.6,433.8,513.3,494.9,533.82,571.75,576.9,466.58,443.65,302.32,261.91,223.16
496.07,542.48,506.28,545.95,582.98,586.14,475.12,453.3,310.91,272.41,245.25,225.82
479.37,474.4,534.32,572.83,579.06,468.51,446.4,302.81,266.67,235.34,206.33,192.13
457.68,518.96,567.89,582.58,477.39,452.99,305.81,266.25,245.08,204.91,196.4,230.14
648.98,642.85,609.15,488.44,453.07,306.34,272.19,258.39,200.53,217.29,258.68,302.55
591.53,577.81,476.87,449.21,308.22,273.52,257.17,196.82,220.45,251.45,292.27,422.9
525.25,451.63,439.43,297.8,263.73,248.38,189.2,214.0,246.81,284.99,406.51,500.99
602.09,516.77,326.4,286.56,264.87,203.73,228.89,262.97,294.5,430.33,545.89,682.02
527.11,334.33,288.14,262.72,199.44,226.47,262.61,295.76,425.72,547.4,679.83,707.73
320.15,280.72,260.02,197.63,225.25,261.22,293.43,421.61,547.07,677.54,704.83,642.83
314.05,285.29,207.75,225.19,254.34,287.27,418.37,546.56,668.76,708.4,644.94,640.79
254.96,193.54,219.92,248.53,281.23,413.55,543.76,669.72,704.9,640.21,628.94,554.83
137.51,191.2,238.37,273.08,407.73,538.22,663.93,698.7,636.9,619.89,538.74,477.21
182.61,232.52,272.48,410.28,542.8,667.36,699.58,633.31,621.77,535.75,477.75,486.31
180.3,240.4,399.28,540.46,670.69,702.34,633.89,621.01,539.99,469.43,475.74,427.77
157.78,356.7,525.81,659.77,695.62,627.1,612.67,528.77,464.41,461.72,404.48,443.13
412.08,558.39,672.49,702.17,629.03,614.74,532.25,468.31,459.58,411.14,455.01,572.48
538.15,660.76,697.66,627.02,614.38,532.48,468.5,460.4,410.59,451.45,565.63,539.61
729.72,743.39,642.35,614.41,522.44,460.61,457.92,413.95,439.91,576.0,547.62,566.28
718.34,621.45,606.46,524.61,469.56,466.05,418.98,441.46,585.81,544.59,566.9,623.43
661.5,617.85,528.43,482.06,482.52,433.8,454.11,598.86,560.38,574.89,643.7,585.69
606.36,527.79,480.82,475.0,423.58,445.63,592.57,554.7,565.61,641.44,576.14,483.63
426.16,418.1,453.34,418.98,452.73,597.49,552.78,554.87,651.17,560.35,467.34,381.48
459.21,471.84,426.41,461.56,605.94,559.95,562.06,661.12,567.3,474.34,396.12,308.07
500.24,444.47,467.04,604.91,555.63,558.7,661.03,571.58,469.9,401.49,311.1,198.58
450.71,464.52,603.93,560.73,567.69,668.75,577.37,474.21,409.75,312.95,206.28,157.66
457.04,600.39,560.23,567.33,669.01,576.81,472.87,407.68,311.24,204.57,155.37,151.01
613.1,574.08,571.79,663.48,565.74,463.01,401.95,310.49,195.26,158.08,147.27,172.65
522.36,532.78,649.5,568.01,476.48,412.86,315.4,193.54,172.49,140.82,171.52,273.48
509.37,632.97,563.01,478.16,418.71,319.26,193.84,168.81,146.47,168.1,273.37,410.63
731.59,624.77,499.71,422.9,311.53,188.29,169.9,155.44,158.17,288.51,426.35,576.28
426.88,379.49,379.84,298.08,196.15,175.17,150.22,140.2,303.47,397.08,539.8,581.07
451.15,416.06,312.15,208.42,184.27,157.86,147.78,312.23,404.72,551.28,604.77,670.51
496.73,355.87,223.83,193.53,162.33,152.48,318.9,413.86,551.92,617.48,690.25,625.97
298.21,190.45,180.62,155.52,149.92,316.8,411.24,550.38,619.5,682.64,612.22,507.95
179.91,176.47,154.73,148.41,315.19,409.42,548.23,616.2,680.48,609.67,504.65,491.96
136.65,132.37,141.35,312.33,409.3,547.6,614.66,678.74,611.12,498.17,482.99,465.79
124.85,138.64,311.34,407.43,545.48,613.37,678.36,611.41,495.38,480.86,461.08,443.7
80.08,280.4,397.55,540.17,612.14,676.21,605.52,482.12,477.81,449.72,429.17,430.7
258.69,389.84,538.69,608.6,671.37,601.2,478.69,475.21,444.41,423.85,420.86,473.08
366.5,525.82,604.09,668.84,600.43,478.13,474.56,444.19,422.85,416.71,465.59,463.55
500.61,594.89,665.04,592.7,468.74,466.33,438.24,419.46,410.38,461.76,452.12,468.37
594.28,654.96,589.84,478.04,482.82,452.81,429.06,414.36,475.26,451.58,478.04,566.64
740.9,637.28,493.5,489.86,453.05,430.29,419.62,487.13,451.44,493.24,586.37,452.72
614.84,476.51,482.64,452.28,434.54,423.72,489.59,452.25,498.67,584.09,451.0,479.21
434.08,448.27,440.74,440.1,440.07,503.24,458.78,496.37,599.79,444.45,481.42,481.87
529.85,492.74,458.3,442.52,494.6,452.15,496.74,609.96,435.49,494.18,493.59,378.25
507.8,470.06,446.28,493.05,448.26,493.59,607.35,430.88,486.92,494.8,377.63,284.74
495.64,459.35,497.46,451.37,495.05,608.65,433.5,492.84,497.07,382.65,292.17,198.34
440.01,483.51,446.85,495.4,613.08,436.76,494.83,499.25,386.64,289.84,196.47,162.61
444.18,425.28,487.42,607.48,433.83,491.66,495.71,382.64,290.1,191.4,153.45,112.08
397.88,468.88,601.1,433.5,495.73,498.35,383.06,288.42,196.21,150.0,109.76,116.31
530.04,633.2,446.21,505.89,506.01,388.96,293.13,199.5,152.13,118.72,134.6,279.7
717.75,498.99,522.63,506.71,379.23,286.35,200.64,163.63,109.94,149.53,291.76,352.34
419.3,465.02,486.4,381.59,304.07,214.69,168.51,104.41,167.99,280.89,348.2,448.61
525.0,529.75,397.8,303.86,203.32,158.84,99.77,167.89,267.84,355.72,453.88,626.24
557.99,415.88,309.76,203.48,155.11,97.18,167.94,271.06,352.24,458.65,629.67,615.38
341.5,263.2,186.79,151.17,101.93,171.19,269.4,344.96,466.53,619.12,603.95,568.7
304.06,209.46,159.8,107.26,173.5,271.49,347.89,470.59,620.07,610.06,579.69,583.22
172.7,135.61,99.07,172.92,275.62,351.25,472.53,622.67,616.0,574.63,577.53,533.71
117.46,94.26,171.03,269.06,342.47,465.32,617.86,613.25,567.01,573.75,522.92,492.84
86.88,167.16,268.69,343.45,467.27,619.04,612.46,561.9,573.23,520.15,492.03,435.9
133.92,252.26,338.74,464.18,617.09,610.37,559.07,569.66,517.2,485.27,425.49,419.02
190.76,309.06,453.7,606.97,601.92,551.53,562.46,509.61,478.45,414.84,398.52,414.03
273.5,433.75,600.38,598.87,551.17,561.68,507.94,475.91,415.98,392.65,405.99,453.96
492.59,632.71,611.08,559.39,566.32,512.81,481.74,422.8,392.21,413.43,467.23,570.64
651.69,627.18,563.72,561.86,503.0,474.25,419.23,392.69,404.22,470.16,567.28,520.82
577.34,528.08,548.9,503.57,484.02,427.44,396.11,402.27,481.66,560.56,517.43,526.47
822.92,709.45,560.3,517.8,442.16,411.31,425.19,515.58,564.05,563.89,600.06,555.63
604.05,507.33,496.59,422.44,395.24,411.9,504.21,554.97,553.7,584.39,520.34,415.24
563.32,529.88,434.57,400.12,411.53,504.07,556.14,554.97,581.63,528.13,428.01,389.79
485.33,409.35,391.33,407.03,502.95,554.44,552.08,577.7,529.21,421.65,380.0,240.31
537.81,461.35,431.69,517.05,560.15,557.85,587.62,546.25,422.71,400.95,271.92,203.49
410.66,402.85,506.22,554.08,556.76,586.38,543.2,416.15,400.47,264.17,191.3,148.22
344.34,472.15,543.05,552.83,587.73,542.86,413.22,395.55,267.7,182.6,137.37,99.3
588.62,613.19,578.29,596.25,539.6,410.66,398.53,277.65,174.45,155.09,121.86,161.27
552.37,547.48,583.87,527.84,401.27,389.87,269.83,167.76,149.81,114.03,142.45,190.71
619.12,614.3,539.59,417.83,407.95,285.22,180.26,160.1,128.34,154.58,219.9,418.09
588.44,525.62,412.29,403.85,282.9,178.21,157.55,124.77,153.14,216.43,410.73,498.61
539.26,422.28,406.92,281.46,173.43,153.16,122.32,153.61,214.34,414.1,500.67,582.29
417.38,400.17,280.03,178.13,161.79,129.8,157.49,212.49,419.49,498.5,585.79,807.28
507.95,344.01,200.47,169.33,125.9,155.0,215.76,430.38,493.77,603.25,829.24,713.69
287.81,169.45,157.87,119.2,152.41,213.83,427.28,489.09,601.99,820.09,698.4,670.14
130.44,139.13,113.3,147.32,209.41,422.37,482.83,592.86,816.83,691.49,659.73,559.88
156.45,124.47,152.16,210.79,420.68,481.92,595.71,827.55,691.18,662.28,561.27,592.82
90.6,133.07,203.99,417.51,482.44,596.17,825.6,683.66,660.41,554.63,584.0,453.83
88.21,183.81,410.77,474.79,588.01,818.05,676.84,654.26,549.08,576.03,438.8,396.07
162.68,399.97,472.93,588.67,821.05,678.85,653.39,542.9,572.92,432.25,389.84,481.65
480.26,524.72,606.49,822.63,668.88,646.05,543.57,585.0,422.85,402.47,491.57,516.18
472.21,578.43,811.55,660.69,642.0,540.71,581.51,416.52,398.35,482.53,499.69,513.77
620.82,832.35,669.76,652.32,550.06,589.01,420.78,397.66,486.8,504.38,529.07,600.59
868.66,702.53,661.92,540.18,567.25,403.83,390.92,493.24,485.72,535.17,592.21,553.84
724.43,655.41,537.45,583.75,431.73,414.83,509.41,494.47,561.12,598.35,579.43,541.02
587.86,499.35,569.33,423.47,411.68,507.0,491.28,556.83,599.66,569.37,524.45,500.63
581.18,608.65,438.57,427.21,521.0,503.25,567.1,608.7,577.88,537.01,527.94,412.33
629.66,460.34,433.41,512.27,485.77,552.81,601.47,579.2,521.84,531.7,404.82,277.93
520.3,458.1,520.82,498.48,567.64,614.41,590.18,531.31,542.93,415.51,301.64,208.18
555.56,574.7,517.93,578.29,618.35,593.91,538.3,555.59,415.38,317.21,231.58,191.89
517.0,496.06,569.45,601.72,574.94,521.74,542.79,405.8,301.3,222.45,165.7,111.24
566.38,608.1,616.01,583.33,525.4,545.29,409.32,306.39,223.61,177.22,130.79,181.88
597.44,612.41,582.13,522.21,541.86,405.93,303.56,221.22,173.05,129.13,176.59,311.75
571.56,554.15,512.45,541.82,412.46,308.5,222.41,170.27,137.38,171.33,308.47,431.23
489.8,476.42,528.98,405.37,306.28,219.54,165.24,129.31,172.58,299.19,417.25,498.51
466.72,518.17,403.14,312.26,230.0,173.15,132.8,171.25,308.27,415.55,504.24,662.63
448.25,364.89,298.43,221.5,168.88,129.15,167.06,303.99,415.7,493.7,644.31,717.98
306.28,257.0,207.17,170.04,140.33,175.62,306.56,411.87,507.8,636.7,715.17,650.07
250.76,199.2,168.14,144.96,183.63,313.24,415.88,509.33,644.09,713.99,654.25,680.55
182.82,158.77,141.65,182.18,312.74,415.68,509.47,645.77,714.3,651.65,675.74,642.82
150.09,138.27,181.1,310.73,413.24,507.68,645.1,715.22,650.03,673.87,638.69,643.81
112.12,166.44,306.16,412.22,509.41,646.74,714.55,644.17,673.23,632.53,637.49,598.06
105.84,276.19,402.54,502.01,641.02,709.04,637.7,665.18,627.49,626.12,579.5,533.3
251.3,396.69,500.57,633.13,698.1,628.35,658.06,621.37,614.23,573.12,518.03,553.51
300.16,441.5,612.59,692.89,633.79,662.28,620.77,608.16,581.62,502.82,535.57,503.7
346.98,556.55,673.6,627.52,665.27,622.74,605.87,574.7,508.06,520.17,484.05,453.04
488.51,633.45,613.98,661.09,625.29,607.26,572.11,500.14,523.85,472.77,439.72,428.99
650.86,615.06,660.89,632.76,618.85,582.77,509.77,535.0,485.51,444.4,441.01,394.12
728.44,711.43,650.0,639.74,604.38,529.54,553.27,503.92,460.25,460.42,433.18,368.5
656.67,620.14,627.76,595.87,524.75,549.42,499.71,455.12,458.52,425.22,353.14,305.46
708.43,674.61,612.5,535.82,555.64,505.56,462.68,468.88,428.28,367.36,329.41,279.58
731.26,646.07,546.8,558.16,502.67,460.72,470.35,434.29,363.1,339.03,289.89,231.77
635.21,538.85,554.43,501.42,461.84,471.4,434.69,362.44,341.09,289.21,230.85,186.01
590.76,578.34,510.36,471.74,481.16,442.77,369.31,347.31,296.2,239.71,204.84,153.78
576.38,513.84,472.55,475.87,434.47,361.73,342.6,295.69,232.97,205.49,148.24,91.62
707.78,580.88,513.74,453.18,366.11,347.63,307.77,255.1,203.94,179.86,137.39,150.73
622.26,537.82,460.62,367.35,345.58,306.14,255.87,207.86,176.51,145.23,158.58,148.94
533.92,459.96,367.2,343.78,303.75,253.21,205.31,174.07,143.42,158.54,147.64,230.34
409.73,341.87,334.84,295.95,247.32,199.02,167.03,134.86,155.53,140.55,217.19,286.52
333.37,328.75,294.74,248.68,201.75,168.24,134.63,154.46,144.04,216.49,288.15,465.27
333.25,297.55,250.26,203.2,169.64,136.0,155.15,142.63,216.01,287.81,466.22,653.79
272.44,237.83,198.94,166.0,132.73,151.83,138.89,211.65,286.5,462.52,647.02,644.68
235.92,199.86,167.27,132.6,150.57,137.61,210.35,284.99,460.39,645.66,642.86,741.24
273.79,210.75,148.11,156.7,136.46,210.2,288.67,469.25,642.45,654.08,755.86,764.12
202.69,146.1,155.52,132.75,205.01,284.78,467.71,644.57,650.73,754.64,758.18,722.13
149.11,160.59,135.03,204.13,281.91,465.51,642.1,645.43,748.83,756.38,719.38,700.29
105.03,110.99,195.78,271.13,453.36,631.41,636.58,742.15,747.41,709.64,679.41,635.84
119.36,201.27,274.06,455.5,632.92,638.41,744.17,749.22,707.83,678.55,635.93,728.02
178.51,264.53,452.22,628.66,634.06,741.02,746.44,703.28,673.67,630.38,718.15,661.33
236.81,440.52,625.27,629.89,736.68,742.8,699.6,668.73,624.44,711.32,649.78,559.85
371.5,592.53,619.33,727.0,734.83,692.0,659.79,611.98,702.75,636.3,537.14,485.85
536.51,588.24,715.32,727.08,687.46,656.0,609.69,704.85,637.6,529.74,470.7,387.11
676.93,750.82,739.68,707.65,679.59,630.72,723.03,654.62,548.25,486.02,422.17,362.25
791.62,763.46,714.49,680.62,628.02,721.88,656.46,553.84,482.47,429.13,368.45,310.98
731.76,691.91,671.93,627.52,727.28,661.06,555.71,481.48,435.32,364.5,308.03,287.19
664.23,648.94,619.6,730.49,671.83,564.38,485.7,434.63,375.7,304.69,289.56,313.04
718.87,656.85,743.12,679.26,568.02,489.35,440.36,384.17,306.81,301.5,331.52,259.83
640.81,730.9,675.15,569.45,494.78,444.53,385.23,303.77,304.93,328.77,259.41,244.09
668.35,646.4,558.97,482.33,432.23,373.72,293.52,296.17,321.05,250.2,223.29,166.26
635.02,541.21,476.26,439.4,389.08,305.93,304.92,329.22,268.12,224.75,176.63,156.73
463.98,421.83,419.93,388.99,319.41,315.26,332.9,265.54,241.52,167.31,151.15,138.03
457.46,433.39,394.29,328.67,326.33,341.91,272.56,247.31,177.25,158.01,155.07,204.67
561.13,465.77,353.87,339.06,345.43,276.07,254.41,188.97,155.97,175.7,235.06,251.27
431.45,336.27,331.92,339.01,271.0,249.81,184.87,153.1,173.1,230.87,240.85,354.79
463.65,407.02,365.75,281.13,248.08,184.18,157.82,183.83,224.66,260.31,381.47,551.88
405.94,369.77,282.71,244.65,177.86,152.43,179.89,221.28,253.54,380.39,546.6,651.87
308.25,256.02,235.18,165.78,139.69,168.68,210.52,240.98,369.95,535.49,629.48,669.88
208.75,208.71,157.59,136.85,169.23,209.72,237.06,361.63,537.35,621.54,661.22,666.12
184.8,142.25,132.24,169.45,212.65,239.46,363.35,540.11,625.9,657.56,662.43,692.1
62.77,83.71,152.4,207.95,243.3,366.56,539.83,622.06,664.15,649.98,676.61,627.55
75.9,152.42,208.53,239.87,360.56,534.4,618.02,661.28,644.39,674.27,621.61,541.75
122.01,190.06,234.58,361.13,538.73,621.63,662.12,641.31,676.15,614.97,535.86,551.48
220.52,253.52,367.35,539.6,618.65,660.4,642.71,682.06,611.51,540.46,554.91,487.11
415.45,461.48,572.64,632.11,659.92,643.95,690.08,627.2,532.72,579.12,520.29,518.45
492.98,596.98,640.28,658.03,635.89,684.56,625.04,532.32,566.5,522.46,515.77,576.38
639.17,677.56,670.25,627.85,663.59,608.01,523.68,567.13,502.12,521.06,570.06,522.17
744.77,710.83,641.98,667.75,605.81,522.57,568.97,506.14,515.24,579.66,534.33,551.31
689.98,624.89,661.0,607.16,529.16,574.99,509.61,515.7,587.07,531.83,551.29,456.3
510.7,592.83,583.2,520.83,578.03,511.1,512.01,578.21,539.02,534.02,433.91,346.37
578.39,575.3,518.68,576.87,511.06,511.05,576.33,535.84,534.94,431.91,344.56,248.13
522.29,478.31,562.32,513.1,523.81,586.95,542.44,540.27,448.25,338.88,246.11,158.16
445.86,535.55,503.98,527.36,599.31,552.02,544.66,447.49,350.73,242.3,160.26,111.33
630.8,556.35,545.86,609.15,555.53,548.04,454.05,361.93,243.38,176.2,135.46,134.93
473.24,490.53,589.13,553.09,558.25,461.95,363.78,239.15,188.06,124.3,123.96,118.44
533.39,616.12,563.09,560.55,459.02,360.61,238.03,189.65,120.43,130.8,127.08,277.78
643.25,581.6,566.82,458.4,356.21,234.52,188.56,121.12,125.59,131.31,280.56,426.58
549.22,540.44,449.18,359.93,246.01,197.95,125.41,124.89,143.57,276.68,428.24,512.67
624.49,504.67,379.02,246.91,186.76,116.4,122.07,147.04,263.95,441.05,523.9,596.38
506.54,373.38,245.17,192.7,126.73,130.84,152.88,267.23,451.14,525.19,604.48,668.26
404.98,261.5,198.05,130.2,132.33,155.02,271.34,459.16,527.45,610.19,676.12,640.58
219.36,178.02,123.13,125.04,148.63,265.1,452.31,518.4,605.32,669.14,627.82,520.33
177.75,125.33,126.77,148.39,263.04,450.24,516.89,604.57,666.91,626.89,518.87,497.7
65.2,91.65,136.41,258.72,451.39,517.5,603.09,663.82,629.09,509.18,484.19,448.8
92.02,141.06,260.68,448.05,511.15,597.45,660.4,628.09,503.34,483.64,444.51,434.45
136.92,257.86,448.1,513.34,601.19,663.84,629.86,501.46,483.49,441.61,433.53,493.67
183.62,412.27,501.35,590.44,654.79,621.35,492.31,472.76,433.58,420.05,469.55,470.03
405.95,505.63,592.31,648.32,610.34,482.87,466.45,429.84,409.36,467.05,460.16,532.89
481.88,570.61,640.83,615.17,495.45,477.25,436.03,410.4,478.93,456.79,535.76,552.62
611.07,663.52,622.69,498.75,476.88,436.48,413.5,487.01,456.32,542.51,560.64,570.14
560.79,563.92,477.52,466.87,435.55,412.46,481.89,444.87,544.16,544.15,546.36,600.64
692.22,542.56,489.54,453.45,424.53,493.52,459.0,563.55,554.26,568.12,638.38,551.08
456.47,433.37,433.07,421.45,502.98,467.02,565.46,548.91,578.12,625.31,537.43,474.94
434.52,435.19,422.44,502.43,465.39,563.81,547.1,575.0,623.91,537.04,474.95,372.66
482.35,448.02,511.54,470.48,565.79,549.22,579.61,633.16,537.96,482.82,383.84,245.85
449.92,511.91,470.48,566.11,550.22,580.2,633.45,538.42,482.2,384.31,246.13,151.85
475.53,453.98,559.58,541.72,571.68,626.07,533.24,479.96,379.47,241.04,138.56,119.61
554.49,607.53,559.48,589.41,642.55,547.27,492.83,392.28,251.48,155.19,153.01,118.15
522.57,513.51,572.45,631.21,541.39,487.11,385.18,242.66,152.92,140.47,95.73,134.63
495.32,560.41,627.07,540.91,489.69,386.58,242.02,149.31,143.35,93.43,133.64,217.17
581.31,634.27,544.55,496.83,395.28,248.58,153.72,146.3,100.9,137.6,228.85,357.39
687.4,577.2,507.28,396.53,243.82,150.79,147.67,107.76,132.15,237.72,364.91,462.64
591.63,511.27,397.39,247.58,156.05,151.85,110.33,133.11,243.56,368.75,471.44,490.09
514.65,398.13,248.19,157.75,154.15,112.36,134.77,245.27,371.06,472.1,492.53,610.3
473.35,286.53,171.06,164.36,119.13,141.22,252.95,381.16,477.37,505.48,632.27,554.51
310.38,188.99,169.77,116.11,132.98,246.22,378.35,479.73,498.38,636.6,554.57,494.81
194.45,174.03,118.71,134.85,247.56,379.16,478.97,493.73,634.5,553.58,496.16,520.81
108.13,87.19,123.84,236.5,368.59,469.67,486.32,630.64,547.48,485.62,498.68,461.18
55.9,109.75,232.2,363.51,465.11,481.64,625.57,540.62,480.87,492.76,451.06,417.33
140.39,250.19,371.1,470.01,484.11,627.88,543.05,482.42,491.4,453.8,423.96,507.68
222.04,360.23,466.41,477.84,620.59,536.76,477.46,487.69,446.12,418.25,494.41,450.0
362.13,471.51,480.07,618.19,531.7,473.08,484.78,444.62,412.46,493.58,446.0,509.16
431.55,459.91,610.48,524.9,467.84,480.33,440.56,408.16,490.53,439.75,496.62,494.05
545.04,651.52,540.18,483.24,493.56,452.59,420.14,504.93,448.72,509.93,520.68,629.86
691.87,572.01,492.79,487.77,437.91,409.09,499.92,448.49,494.38,526.12,627.05,615.4
576.88,486.24,485.01,445.45,422.23,511.52,456.47,499.17,539.58,629.16,626.56,574.37
527.44,509.37,454.27,425.97,511.72,457.12,501.05,542.34,625.97,631.91,582.16,559.39
523.37,465.87,429.67,509.27,450.82,496.12,540.55,628.16,626.66,584.25,557.85,480.43
447.54,418.77,505.03,448.61,495.91,540.55,627.97,626.12,584.84,555.12,475.99,324.66
485.48,542.18,462.43,503.92,543.87,630.57,629.63,589.7,554.36,486.01,341.41,216.87
451.73,415.95,486.81,529.61,620.17,620.16,581.04,547.57,480.46,328.01,189.75,134.27
582.96,572.19,560.12,643.55,636.73,596.03,564.98,503.32,338.31,217.46,182.67,170.76
491.17,516.49,627.19,625.2,590.07,559.3,496.38,328.98,213.98,170.52,148.6,159.75
524.18,631.49,627.65,592.52,561.63,497.67,328.68,210.85,170.66,148.99,163.29,277.36
717.6,681.81,611.53,565.02,490.55,322.7,210.3,176.61,139.81,177.04,291.75,363.0
630.47,578.39,552.68,487.64,326.8,213.52,176.94,137.47,183.32,285.16,355.01,497.01
568.69,542.74,484.35,329.86,220.39,182.63,140.34,182.58,292.6,353.91,500.65,605.25
587.55,511.99,339.77,222.75,179.49,137.57,182.54,296.56,350.7,508.17,613.8,609.41
486.87,322.72,216.59,179.24,141.19,185.7,297.66,349.53,512.72,610.37,606.59,633.49
307.22,203.65,174.35,142.28,190.43,301.59,351.93,514.32,617.25,605.46,634.69,568.12
194.02,165.88,140.34,193.33,307.37,356.21,516.47,617.63,610.89,633.21,570.49,532.51
114.09,114.55,184.49,300.26,350.93,511.99,612.87,604.96,628.61,561.0,515.93,507.58
92.37,177.48,298.14,344.74,503.45,604.86,598.67,624.28,554.02,511.91,497.25,426.32
157.35,287.04,342.39,504.08,607.83,601.04,624.64,550.91,511.45,491.69,421.38,562.46
266.7,333.07,500.61,604.07,597.37,621.76,548.6,509.08,488.61,417.55,554.46,481.18
289.32,477.79,596.47,592.23,618.87,545.57,505.31,484.34,415.38,546.83,468.79,510.67
493.12,608.57,597.29,619.35,543.29,503.55,482.97,412.21,541.1,468.93,510.58,610.76
584.18,580.72,612.55,541.4,504.43,484.42,414.51,547.26,474.0,508.31,605.93,575.97
625.42,634.42,548.84,511.19,490.65,420.3,552.18,477.0,510.94,612.76,589.57,573.11
662.01,562.01,515.31,494.84,423.73,555.95,481.12,515.61,615.87,594.13,581.44,577.92
573.04,516.93,494.82,427.41,561.73,486.71,521.01,622.81,599.79,584.13,583.64,485.21
576.8,529.31,439.48,566.75,486.96,521.66,625.36,603.91,581.79,592.64,498.42,432.2
475.64,411.37,556.0,478.54,516.05,620.55,599.16,576.39,589.79,490.24,416.57,265.38
439.8,566.07,483.48,525.7,632.15,608.34,582.85,594.75,498.45,420.94,279.38,216.56
565.58,493.98,528.34,620.98,590.05,567.36,585.61,496.26,404.92,279.46,203.69,136.58
595.31,573.41,636.94,609.31,587.03,602.88,512.42,422.46,295.17,221.73,173.05,135.57
489.11,590.93,592.9,577.03,599.12,508.26,415.71,284.63,219.08,159.69,113.75,174.36
755.96,691.85,612.01,610.2,502.42,411.37,288.5,232.87,149.81,139.84,207.55,265.96
578.9,542.61,585.02,494.55,416.66,292.13,230.6,140.71,148.44,191.42,245.19,335.14
606.37,620.4,507.54,424.13,294.93,232.66,143.56,152.32,192.33,255.47,352.6,473.49
498.59,439.65,400.16,282.06,228.81,139.23,144.37,179.5,256.73,333.91,444.9,563.94
401.23,371.3,272.64,231.96,149.85,152.58,182.73,255.16,346.33,439.94,564.51,604.65
401.32,288.48,237.7,153.7,154.52,184.57,257.99,351.03,442.05,569.72,613.23,633.3
256.35,214.26,145.72,156.14,192.51,264.51,353.85,440.87,577.51,608.53,631.51,613.17
169.98,118.89,147.1,190.28,266.53,355.33,440.61,576.19,613.16,624.77,605.27,560.96
75.89,125.89,183.12,260.19,350.43,435.85,571.16,607.35,620.78,597.87,547.81,488.5
109.44,174.55,258.23,350.19,436.32,571.16,606.49,618.84,598.0,544.12,484.8,521.89
136.26,239.21,343.64,431.11,567.58,603.89,616.25,594.61,539.8,477.09,508.34,557.03
182.46,312.81,420.89,562.34,602.39,614.13,589.95,531.0,476.61,498.49,543.68,512.75
318.43,426.28,564.86,602.57,612.81,589.55,531.6,477.74,494.8,542.49,510.33,610.95
421.56,561.83,601.64,613.09,590.5,532.41,477.89,493.87,542.51,508.98,609.6,548.16
594.92,623.74,620.41,590.12,527.0,474.42,494.56,548.86,503.51,614.21,550.15,579.83
787.3,709.67,620.82,544.48,481.56,502.36,560.56,519.3,614.28,575.93,619.74,463.24
730.73,633.21,547.2,480.4,498.42,558.26,520.79,623.12,573.94,624.55,464.63,420.99
754.43,616.54,504.09,508.25,558.82,522.69,629.4,584.09,619.67,483.31,447.11,401.84
711.07,555.48,525.39,567.73,525.1,632.6,591.41,633.47,484.64,463.35,424.77,310.66
534.46,518.48,564.81,518.49,625.34,585.01,627.31,476.2,454.01,420.28,299.82,198.21
660.61,650.83,549.54,635.53,580.13,623.35,478.67,464.03,410.45,321.3,226.38,194.54
652.82,556.62,636.85,572.68,611.92,469.05,459.44,412.82,311.49,227.91,186.55,95.45
602.41,655.73,579.94,622.53,481.15,469.31,420.56,318.06,237.14,194.71,114.5,157.58
719.93,628.71,638.6,474.62,449.25,403.52,310.08,239.37,175.49,125.21,158.74,129.26
641.54,635.18,474.4,460.34,421.26,324.26,248.2,179.82,140.25,162.23,145.18,289.2
598.82,459.27,453.83,411.01,313.16,238.38,172.1,134.34,155.1,140.7,275.09,373.18
388.94,404.78,394.74,315.05,252.19,182.0,136.55,149.04,156.82,265.74,370.19,520.08
379.63,382.27,311.91,250.68,181.56,135.65,146.48,151.13,264.49,364.84,513.71,738.91
407.34,329.92,256.87,180.61,129.44,141.35,149.06,266.39,359.84,517.88,740.71,781.58
269.57,220.39,168.32,126.53,145.01,151.68,265.2,353.8,522.7,730.93,770.84,858.79
162.91,132.5,114.81,143.93,157.24,269.61,354.11,517.88,737.83,761.19,849.91,847.45
164.34,135.78,151.56,157.96,264.93,350.39,518.02,744.49,757.64,855.02,851.23,746.8
133.04,152.57,158.73,263.75,348.28,516.65,743.29,755.11,850.17,848.78,742.5,756.92
118.55,142.68,258.03,342.84,511.29,739.16,751.88,847.76,844.95,736.03,744.6,681.27
113.31,243.85,338.71,508.14,737.03,749.96,845.32,841.43,732.41,738.05,671.28,650.66
188.18,313.07,499.63,728.43,742.39,838.89,834.58,722.37,730.01,659.8,631.02,647.16
235.55,456.05,713.63,735.92,838.43,834.01,719.41,723.87,660.75,617.33,628.03,588.19
384.79,673.99,723.31,833.53,835.05,719.52,719.96,650.56,617.07,614.44,571.17,551.88
535.01,646.0,805.79,819.74,713.97,714.65,642.32,605.39,615.5,549.53,517.51,422.72
596.59,762.66,805.01,721.76,736.43,660.28,615.81,620.26,572.6,511.73,427.56,364.53
711.17,767.33,708.2,737.53,671.43,625.29,625.26,573.7,524.62,420.75,360.84,368.39
686.93,648.67,715.54,673.03,642.63,640.06,581.29,525.43,442.26,350.99,364.07,262.12
718.38,742.41,682.73,659.66,660.38,598.66,539.06,452.97,367.31,376.52,292.4,216.42
853.39,745.99,680.97,669.0,598.53,540.21,458.97,379.4,372.47,310.37,239.89,226.62
716.96,657.47,659.53,599.19,548.04,465.91,383.81,375.37,320.06,237.36,226.01,184.85
637.62,648.51,595.25,545.31,464.88,382.08,372.65,315.78,237.66,223.58,181.39,129.28
583.53,557.73,532.42,459.36,382.32,371.54,311.6,229.65,226.47,171.93,116.77,97.37
586.24,541.77,462.83,390.18,381.48,319.61,236.33,234.01,181.74,123.29,111.91,101.24
487.36,425.24,376.66,380.46,327.82,242.33,235.68,179.43,134.05,105.68,96.76,114.84
558.4,445.08,404.73,345.92,254.56,246.68,192.49,151.53,113.96,119.46,153.71,169.01
399.27,379.2,336.47,248.74,244.35,189.75,147.74,109.58,118.67,147.56,157.61,215.66
423.41,367.04,259.77,244.21,182.4,141.19,106.57,119.32,139.8,164.42,221.42,377.03
285.3,209.25,226.64,178.22,146.61,110.26,117.81,131.5,172.58,209.39,364.09,454.49
201.42,221.35,177.15,148.01,112.61,119.02,130.83,169.81,211.59,362.77,455.35,538.55
255.33,203.57,157.76,111.08,109.95,123.32,165.97,210.93,352.25,459.22,539.03,683.08
265.33,192.47,123.39,116.33,124.65,168.16,216.02,361.85,458.73,548.51,696.35,758.24
153.16,103.37,109.17,119.14,164.27,212.99,358.56,454.34,545.88,689.33,746.02,722.1
82.27,102.76,117.46,159.06,205.79,352.13,448.41,538.7,682.06,740.92,712.12,643.92
79.48,106.34,156.05,203.54,350.02,446.28,536.48,680.11,739.21,707.42,636.72,576.28
70.09,137.46,197.06,345.24,443.09,534.11,678.04,737.7,704.61,629.96,564.17,551.39
106.77,182.08,340.03,438.49,530.28,674.76,734.53,700.78,627.18,558.47,541.57,473.22
189.14,344.49,441.02,532.66,676.72,736.76,702.83,628.58,556.74,540.35,473.01,519.73
295.19,418.39,524.7,668.1,728.81,695.99,621.93,548.62,532.74,463.6,501.72,447.09
454.92,544.34,675.1,733.21,698.43,624.72,552.8,538.92,464.46,506.94,455.68,430.23
705.6,764.61,764.59,715.37,630.69,559.36,549.68,479.86,504.73,480.3,467.82,353.63
685.38,725.1,699.76,615.98,546.83,539.27,471.41,499.81,472.63,455.95,326.53,308.58
744.92,709.99,619.16,548.41,540.08,472.16,501.2,474.76,457.21,330.42,314.63,289.54
820.12,672.28,566.64,556.81,486.12,514.18,489.03,475.55,341.93,334.08,324.16,289.65
473.88,447.64,513.85,470.98,520.11,492.81,469.05,321.7,345.07,294.07,250.62,188.27
310.31,429.03,442.85,515.15,503.59,475.67,318.43,329.89,309.39,229.49,168.72,165.87
417.28,432.97,512.7,505.72,480.95,321.81,331.89,311.4,235.81,168.08,168.08,74.83
411.62,490.48,497.96,486.71,335.97,343.56,318.92,241.48,182.73,166.69,80.0,95.71
492.03,501.44,487.12,332.01,337.82,313.83,238.64,182.76,162.69,81.38,93.06,92.41
530.3,490.03,333.94,352.3,335.22,256.38,195.46,172.2,101.01,99.76,114.85,184.49
378.26,268.68,327.97,323.58,254.87,193.48,166.77,91.84,104.03,99.41,160.34,203.85
350.32,368.34,338.61,268.47,204.66,175.79,99.8,111.1,107.65,173.99,231.84,389.21
437.96,379.92,283.48,211.06,176.05,100.94,114.4,112.03,169.24,241.21,402.62,591.14
296.07,240.14,194.88,163.7,91.86,106.56,103.45,159.21,236.48,389.46,566.51,576.58
232.4,197.44,165.16,86.31,96.77,94.47,152.15,230.48,381.07,564.35,569.32,621.03
239.03,182.86,93.94,107.91,106.41,162.81,239.49,388.75,572.93,575.05,637.08,682.9
193.93,101.25,109.45,104.8,158.87,237.18,389.64,579.2,573.14,639.52,681.86,488.56
44.81,80.8,94.9,151.14,232.2,384.4,571.92,561.5,635.12,672.09,473.27,332.13
71.14,89.83,150.51,232.96,385.3,572.37,561.8,636.29,672.85,470.99,330.12,315.69
55.1,131.01,225.88,381.07,570.46,560.43,636.06,676.28,470.77,324.96,305.07,305.74
207.33,273.98,397.98,573.91,555.37,632.51,676.56,472.92,315.64,315.33,317.98,354.53
326.27,428.02,585.04,561.99,635.54,680.06,476.63,317.32,312.05,323.69,365.11,392.96
564.54,672.51,592.81,640.81,667.62,467.12,316.66,321.89,305.03,384.62,411.6,405.27
698.24,618.96,648.31,657.6,447.47,300.95,314.06,305.44,366.67,415.4,396.5,448.26
598.41,626.7,649.8,453.23,315.15,326.28,312.91,369.3,430.27,394.43,454.11,425.14
464.04,560.47,421.96,297.59,319.41,305.32,356.75,411.51,393.81,428.4,385.63,342.36
611.81,451.56,308.02,323.52,304.66,356.15,412.99,397.93,427.97,394.56,355.16,301.33
394.11,253.43,303.96,316.0,386.86,438.98,413.92,435.89,427.24,349.94,311.27,255.79
200.69,265.62,302.9,388.98,451.49,424.05,440.43,426.12,362.75,303.68,252.83,227.84
380.18,374.36,414.64,457.54,416.74,434.61,426.88,370.53,292.78,269.89,247.88,158.27
415.93,441.45,466.64,417.41,429.99,423.15,370.09,296.8,262.79,254.33,162.82,110.78
373.51,430.75,404.57,420.93,417.99,364.75,289.97,253.76,251.49,152.3,92.79,164.68
505.79,446.21,435.54,425.07,366.37,291.59,258.53,261.08,153.24,105.82,183.6,238.78
453.7,433.69,424.33,371.93,300.87,266.39,266.33,156.17,113.52,185.7,246.72,330.63
419.69,424.23,371.43,292.81,254.22,256.07,148.51,107.32,174.18,243.4,318.63,489.05
487.78,406.46,305.84,262.07,259.73,151.75,111.43,178.66,244.73,328.42,506.25,565.73
472.39,339.21,273.64,269.07,158.53,118.26,186.46,254.56,332.5,516.98,583.97,561.31
450.96,344.57,292.99,161.44,106.85,177.64,253.31,339.73,503.08,601.4,578.05,458.74
314.67,280.42,157.23,100.65,170.79,247.24,335.02,500.53,595.92,572.81,446.88,503.04
270.88,153.02,99.1,168.56,244.62,333.02,499.72,596.99,571.97,445.62,499.27,418.44
47.65,39.16,147.26,234.16,330.86,496.72,590.53,561.45,448.16,483.43,395.24,309.97
35.75,145.0,235.3,334.44,501.8,593.98,561.5,441.77,483.89,392.29,311.83,383.85
158.86,243.3,338.09,504.43,595.3,563.04,444.48,489.17,392.06,313.06,385.65,419.83
169.43,302.61,491.46,582.04,551.73,434.35,479.74,382.48,304.26,373.49,394.92,346.5
314.79,499.87,586.28,554.07,435.11,480.06,382.23,302.05,371.76,394.93,348.9,458.27
462.2,568.34,547.69,428.65,474.03,377.07,297.99,369.74,390.47,342.61,444.46,460.68
658.32,594.74,444.68,484.69,382.94,304.03,378.19,403.44,346.67,459.75,484.78,514.31
574.47,427.82,477.1,382.91,309.61,383.67,406.55,346.1,466.36,482.95,514.16,489.72
562.31,544.69,407.39,330.81,399.59,421.15,361.44,485.07,493.13,535.62,529.84,563.22
517.67,404.11,328.35,385.28,401.27,345.4,474.32,486.45,517.06,524.12,541.42,543.27
396.98,321.58,382.72,402.52,348.9,477.14,487.6,515.58,529.13,540.84,545.86,398.72
358.43,402.66,410.6,355.03,481.45,491.18,518.77,531.62,540.98,550.37,408.51,312.19
377.52,402.69,352.13,473.5,480.87,509.5,524.62,536.85,541.2,404.26,299.0,181.83
472.52,391.17,486.58,485.9,508.9,524.87,542.16,555.28,404.41,311.73,197.27,116.39
380.14,473.43,481.52,513.46,535.88,550.99,560.04,404.58,320.09,196.11,121.03,97.45
465.99,483.4,514.01,529.81,541.18,551.34,398.78,317.74,187.99,119.8,89.48,139.28
628.48,595.01,558.37,555.77,555.9,403.39,326.3,201.05,117.65,112.46,173.87,232.74
923.6,746.97,621.15,583.61,403.35,328.97,216.95,150.42,101.38,226.15,303.94,380.16
657.26,577.37,566.1,386.17,314.89,205.5,139.75,89.64,214.45,289.45,348.66,519.95
457.43,504.29,365.37,299.87,195.51,129.01,75.59,194.66,285.6,329.29,489.88,577.38
533.28,386.44,308.22,195.53,123.18,70.3,192.44,287.01,324.54,494.19,580.94,624.65
424.02,320.04,199.73,134.84,85.43,205.5,296.34,330.02,506.17,587.8,643.48,584.32
270.88,171.79,124.67,80.05,203.66,294.6,327.7,504.43,589.52,636.58,572.91,541.16
241.82,159.72,93.44,215.24,303.9,335.81,513.0,600.15,642.53,584.23,562.76,473.19
93.71,61.16,203.27,292.01,325.0,503.52,592.98,639.75,578.38,553.0,451.07,389.85
60.0,208.46,294.8,321.88,497.48,587.37,634.81,571.53,543.91,448.39,384.19,455.26
240.1,314.37,330.15,501.87,588.55,635.66,572.26,542.96,445.81,387.25,462.01,495.21
236.69,290.96,487.4,576.53,626.57,564.42,535.09,437.58,380.25,449.29,470.34,472.83
325.58,510.76,585.7,628.62,561.37,532.25,436.37,380.27,443.58,474.11,477.63,668.67
527.06,601.02,634.21,558.43,524.11,430.75,379.18,447.39,465.2,478.18,663.4,848.69
578.02,616.89,552.12,525.54,437.02,385.1,450.06,463.06,484.07,659.27,846.94,741.35
644.74,574.4,532.57,433.39,374.67,441.29,457.47,480.64,649.09,850.95,741.27,574.99
601.54,536.66,435.42,387.39,459.42,473.06,492.42,658.98,866.74,746.65,593.28,567.66
545.91,436.39,386.28,460.64,475.54,495.99,665.54,881.08,752.66,596.97,570.65,503.27
395.8,364.58,451.97,468.58,491.82,661.86,876.85,746.0,594.95,564.58,492.44,319.98
404.64,473.5,477.8,500.02,668.27,882.1,749.23,593.99,565.06,496.34,331.95,308.92
489.09,491.49,504.78,665.65,875.13,743.35,591.19,566.21,487.77,333.89,305.89,214.68
457.43,480.91,656.86,874.02,748.57,595.18,568.26,488.58,341.13,302.17,211.65,185.67
551.59,694.19,887.66,758.09,601.68,573.94,494.9,347.79,304.29,222.41,205.05,173.58
593.7,839.84,741.55,585.03,558.83,480.54,333.86,291.45,210.62,188.44,140.16,208.13
797.42,723.91,578.24,547.96,468.63,323.07,282.76,203.98,181.01,134.39,192.35,310.89
634.83,500.51,520.48,481.28,361.25,314.21,221.07,184.17,176.55,183.37,321.67,368.26
529.05,522.41,482.5,376.3,336.81,240.1,197.26,184.44,203.33,327.84,391.11,474.22
559.29,508.5,385.35,336.19,233.26,191.75,181.98,203.41,319.61,396.12,477.14,586.87
572.69,423.71,349.08,236.52,188.05,179.64,205.58,328.14,392.67,488.05,598.84,586.06
418.91,342.76,234.4,190.78,185.39,210.52,330.85,392.74,492.88,598.17,588.79,589.5
351.84,245.78,194.48,180.64,200.52,322.26,387.38,490.64,589.53,590.04,585.4,508.9
193.19,160.31,169.38,200.12,328.95,392.4,491.89,587.35,597.95,577.4,502.2,482.39
102.11,138.7,189.72,322.15,388.78,488.22,582.49,591.18,575.21,492.35,466.7,440.97
114.36,178.37,318.83,385.43,485.07,579.29,588.2,572.42,490.14,462.23,433.46,417.39
141.19,297.36,379.04,484.07,582.27,590.4,571.83,485.33,462.67,425.74,409.01,471.84
226.01,342.51,471.45,572.73,583.81,565.61,478.39,454.39,421.91,397.11,451.29,441.49
318.12,455.8,567.85,583.86,569.2,481.18,455.32,420.77,400.28,446.93,437.84,491.17
481.8,580.71,588.71,573.94,485.25,459.04,424.14,403.24,448.89,441.44,498.82,532.17
645.54,627.64,586.64,488.05,454.78,421.95,406.15,459.14,436.43,509.22,542.18,576.71
731.75,643.1,507.17,465.77,426.67,411.53,466.96,446.77,509.48,558.68,602.14,595.29
656.53,513.81,466.94,427.07,411.25,467.82,449.05,513.93,559.22,604.83,597.65,585.91
554.47,488.68,434.57,416.06,470.56,451.85,517.12,562.23,605.26,603.75,596.5,511.55
448.02,414.75,409.04,464.0,446.41,512.17,557.2,599.33,600.03,589.58,498.93,418.69
404.62,403.79,462.41,445.36,511.73,556.55,598.39,598.49,589.02,497.05,416.06,269.28
465.41,496.99,457.94,518.06,558.07,599.69,602.29,597.52,496.32,426.04,283.55,183.17
458.36,438.46,510.5,550.67,594.06,597.29,593.63,494.23,422.32,278.22,170.4,105.63
462.65,516.07,553.15,603.17,610.15,604.25,502.45,429.58,289.83,175.51,120.51,116.0
531.45,565.13,607.15,608.05,599.25,497.75,426.87,289.06,169.67,123.26,116.07,121.35
564.51,604.12,607.24,601.71,502.48,430.34,290.5,168.63,126.91,116.39,124.99,255.75
654.78,637.67,612.05,505.1,427.84,288.54,169.42,131.08,112.75,133.51,265.53,387.44
695.1,643.42,516.04,433.97,290.93,171.73,134.83,118.77,134.09,275.16,402.0,564.56
474.97,421.12,400.0,273.77,167.75,130.51,108.69,115.68,277.65,375.73,525.45,661.85
440.98,406.61,277.35,175.21,139.02,115.21,119.81,279.64,384.64,529.05,674.38,687.79
452.14,301.35,183.9,145.12,118.94,123.43,284.11,390.58,530.93,681.7,700.0,669.45
261.78,156.3,134.8,118.49,129.26,289.19,392.89,531.15,689.66,694.97,665.14,560.69
238.51,183.17,135.86,135.76,287.52,391.93,534.79,700.41,691.67,678.13,577.68,500.21
118.26,102.12,124.06,279.15,387.01,530.33,695.21,685.03,674.17,566.58,481.14,461.25
96.84,124.84,279.55,383.79,524.71,690.55,682.26,673.35,561.64,479.45,455.81,420.28
94.94,265.78,380.15,521.55,688.72,679.9,668.96,552.26,474.35,448.7,410.9,440.62
231.02,364.21,516.9,684.48,676.22,665.59,548.22,468.18,444.03,403.37,428.68,489.85
358.95,518.14,684.82,672.14,659.02,542.91,465.41,444.62,396.9,427.03,482.46,497.02
521.63,690.66,674.63,656.9,538.25,461.3,441.78,394.88,421.22,481.77,493.49,579.58
629.23,637.82,643.54,533.59,462.82,443.62,394.72,418.73,485.9,483.73,566.06,605.65
654.31,644.55,533.54,470.25,454.98,404.36,425.64,491.22,495.41,570.49,618.56,481.45
809.27,624.03,501.42,471.8,410.03,432.14,502.99,514.57,570.95,645.28,521.44,506.48
563.58,457.81,455.08,409.84,443.27,513.14,519.99,571.82,657.96,513.49,500.07,455.79
510.43,487.49,421.17,445.59,509.05,516.72,572.35,664.02,509.68,508.61,465.45,381.36
545.56,460.53,459.46,509.49,509.11,566.35,661.74,509.05,496.9,472.88,387.59,322.77
594.21,534.57,535.68,522.12,568.83,664.87,517.02,511.95,470.57,408.89,353.2,229.82
511.25,527.83,518.87,561.02,656.06,509.25,506.11,466.63,399.87,349.26,217.43,194.08
692.08,614.11,594.64,669.42,508.18,505.94,473.53,415.75,343.69,243.79,230.12,165.2
534.91,551.74,653.35,496.91,499.58,467.48,409.55,338.64,241.18,218.96,143.21,136.79
644.88,711.89,518.3,504.8,461.87,404.28,337.29,243.35,208.92,156.92,153.93,292.21
692.12,506.76,500.03,458.63,402.83,336.0,242.41,208.6,158.38,152.44,288.18,376.8
448.48,453.93,442.73,408.32,355.27,257.73,215.12,155.64,171.88,280.9,378.69,445.37
427.66,435.3,406.36,347.69,247.16,205.07,146.88,163.34,272.17,373.74,433.55,606.61
477.46,429.57,356.54,252.63,207.63,149.43,167.38,278.64,374.81,439.97,616.98,733.67
441.62,360.61,253.95,210.88,153.24,170.92,281.63,377.91,443.9,619.42,739.04,714.47
381.67,272.51,216.83,149.01,160.52,273.01,372.88,441.93,609.15,741.9,712.15,673.96
324.38,240.49,158.4,171.9,283.91,382.26,450.28,617.9,750.13,720.47,692.89,699.18
182.91,130.73,161.42,273.06,372.37,442.4,612.38,748.2,713.83,683.54,678.01,685.6
72.26,131.88,263.23,365.01,437.61,607.39,741.15,701.67,679.97,667.41,670.21,609.0
174.22,291.24,376.57,441.9,605.96,740.32,702.37,681.23,660.76,673.59,614.45,670.41
235.59,351.84,433.37,595.9,730.26,693.6,673.1,652.25,663.52,603.88,648.89,592.74
312.43,413.92,589.1,724.02,688.55,668.97,649.22,662.13,601.14,642.01,579.7,619.54
555.68,666.74,752.09,705.63,677.27,657.51,673.32,615.21,642.34,600.6,654.24,574.47
1036.28,971.78,781.65,702.27,645.49,667.22,629.0,682.23,576.62,711.2,643.13,586.27
888.95,745.22,686.09,624.03,646.21,611.97,668.15,562.82,692.99,630.01,551.77,491.0
590.3,587.37,589.88,640.98,626.06,678.37,562.69,681.75,651.42,529.23,470.36,492.4
508.61,544.01,625.82,620.68,680.44,563.05,678.07,642.31,533.32,457.83,477.41,417.46
457.69,574.03,603.15,675.88,567.37,680.53,639.29,523.32,463.85,463.49,401.91,428.11
487.3,550.96,657.93,562.23,684.81,642.26,521.55,455.79,469.6,388.08,411.81,372.28
600.96,671.85,568.57,702.73,665.85,541.21,471.06,483.76,408.83,421.58,399.97,299.36
628.44,546.1,693.11,656.14,533.35,464.49,480.01,410.38,418.73,395.46,284.7,184.18
621.22,723.46,667.37,550.56,484.34,496.7,424.25,431.43,411.76,298.24,215.53,249.2
827.91,730.05,571.97,489.99,491.81,420.81,433.84,421.39,290.59,232.61,268.81,279.88
557.0,468.65,452.25,477.55,424.01,435.27,414.43,273.34,241.98,243.7,245.86,322.19
489.69,462.81,481.96,428.1,438.33,416.08,274.11,241.74,247.16,249.82,331.77,534.32
722.55,627.15,480.33,466.63,425.61,284.78,260.48,276.23,247.55,371.04,594.64,866.98
684.02,520.75,478.81,421.86,271.32,251.15,273.11,249.13,355.42,602.4,867.4,797.71
453.49,450.14,411.9,257.8,236.77,259.65,235.34,338.28,590.45,855.31,774.25,640.06
438.61,408.38,258.53,235.96,257.47,231.97,334.73,587.6,853.52,771.87,636.99,551.54
412.2,258.15,234.68,256.74,231.11,334.64,591.74,868.46,776.79,640.9,552.46,444.32
220.71,209.16,246.96,229.26,339.15,595.25,869.12,773.66,646.51,547.72,440.26,369.88
357.12,329.97,260.04,357.1,602.29,875.98,783.32,658.95,546.05,461.55,405.79,474.34
305.72,253.13,354.06,593.77,865.12,774.56,653.1,543.29,449.68,400.97,458.54,491.1
172.08,311.42,579.3,855.48,770.11,648.26,535.83,436.59,398.11,444.48,470.42,614.48
288.65,569.92,854.35,769.08,647.91,534.87,433.34,388.32,440.61,463.16,607.33,686.36
469.58,808.69,754.12,631.67,518.52,418.04,373.02,424.76,448.86,588.96,651.03,623.68
628.44,664.46,599.09,489.24,393.83,351.0,403.49,428.29,575.49,623.05,568.76,631.2
551.55,503.58,456.47,409.12,396.09,441.1,449.94,583.6,673.31,555.69,640.55,736.81
611.12,495.38,422.66,423.46,474.44,480.27,610.39,700.54,585.5,660.33,783.06,719.42
581.27,471.85,439.33,480.48,479.92,611.66,704.33,589.79,654.91,795.84,736.65,598.26
674.46,557.43,521.93,497.02,610.6,705.23,598.45,672.12,786.31,767.16,640.73,537.95
586.15,543.32,503.76,607.9,696.98,592.44,670.89,791.67,757.22,644.65,535.8,480.77
720.54,619.67,647.12,698.38,568.95,652.72,788.39,770.81,618.53,562.97,503.08,389.46
697.02,697.51,715.82,570.92,644.86,782.6,769.9,621.31,549.85,513.3,398.74,383.16
749.06,753.02,584.26,644.07,772.58,761.57,617.18,549.54,499.49,405.1,385.84,347.47
777.99,602.75,649.55,768.84,752.94,609.95,546.88,502.82,398.55,391.25,348.15,249.5
442.01,545.17,732.77,748.78,628.59,560.37,503.77,384.85,413.24,324.8,229.02,195.05
602.39,768.11,762.8,633.64,558.55,501.43,385.49,418.95,321.53,237.56,206.84,260.09
694.31,728.14,620.8,543.9,487.95,372.93,407.78,312.07,227.76,196.04,234.82,265.32
713.64,601.35,536.94,494.95,388.28,420.16,319.54,231.69,213.88,235.65,275.9,392.37
487.07,457.69,467.28,389.08,440.28,335.53,237.4,208.84,258.62,260.24,382.49,560.29
610.79,549.51,419.04,459.86,345.84,246.69,220.86,275.14,265.46,407.08,602.06,740.89
554.98,427.17,461.68,341.06,238.6,215.06,271.99,263.33,398.17,601.97,734.71,834.7
309.35,396.2,318.74,228.12,213.0,268.5,253.88,379.89,602.9,715.29,808.65,817.2
340.44,294.63,220.83,203.42,257.67,244.03,371.61,596.8,708.27,798.62,797.66,886.32
219.42,171.37,186.13,256.07,252.73,378.67,599.03,705.89,810.29,786.83,876.08,793.91
84.54,132.38,237.67,249.06,384.53,603.65,706.11,806.44,796.14,862.36,778.93,755.52
108.14,222.97,245.41,385.97,608.63,710.2,807.09,790.62,863.4,772.47,751.25,688.64
187.78,225.61,379.27,605.51,709.04,806.04,789.83,864.89,773.87,745.86,679.64,533.4
216.69,375.27,604.12,707.44,805.33,789.67,865.0,773.54,742.57,676.75,528.26,512.14
443.05,644.52,722.39,811.68,789.5,865.32,776.39,747.87,672.51,537.19,525.34,529.25
631.3,722.82,810.92,780.66,852.35,766.55,742.59,672.28,524.15,521.74,513.98,526.31
772.36,838.99,790.16,856.84,767.41,743.6,673.83,525.02,519.58,521.32,537.7,505.62
814.98,776.1,851.04,764.04,742.46,673.44,525.23,521.09,522.25,534.43,499.06,567.22
775.36,836.91,759.62,754.5,695.53,544.19,533.0,526.22,553.38,499.37,581.63,551.49
726.65,701.86,732.92,678.7,532.41,522.27,515.3,542.23,495.3,565.43,520.81,368.81
626.93,680.32,661.15,534.76,537.93,527.09,545.44,488.59,581.76,509.94,364.74,268.18
609.35,610.83,517.43,539.15,540.09,555.56,493.5,584.42,527.26,356.11,263.03,213.76
537.93,466.59,520.36,538.11,565.86,501.63,588.19,528.38,371.26,254.98,206.85,91.32
534.54,542.83,546.86,586.23,527.95,610.35,544.96,382.87,276.92,219.34,125.84,114.96
479.36,512.9,573.82,519.3,605.72,540.27,377.25,270.27,216.38,116.4,97.52,111.09
543.64,587.97,525.03,612.0,546.57,381.97,274.07,220.0,121.3,103.03,123.23,259.77
693.77,587.43,633.08,552.81,378.46,271.96,223.46,130.93,97.07,140.69,280.9,347.83
594.04,632.16,552.55,383.28,279.57,229.7,134.42,97.76,146.41,282.37,354.47,488.04
606.45,549.32,381.85,267.59,212.04,119.2,86.31,137.67,266.82,349.29,470.17,629.15
543.57,373.45,264.72,215.32,125.92,91.66,141.14,269.27,358.72,471.11,634.89,652.59
465.98,310.08,231.37,140.64,103.74,152.42,280.89,372.0,479.55,650.14,681.1,683.03
303.17,231.06,140.22,99.97,146.85,276.16,368.08,475.44,644.31,679.38,677.33,615.05
219.24,137.37,99.45,143.18,270.4,363.01,472.25,644.12,675.35,675.13,608.64,558.66
74.64,64.17,131.2,264.74,362.25,470.99,640.82,669.6,675.88,598.47,544.04,468.23
44.37,124.59,262.98,357.43,464.41,634.74,664.97,672.96,592.87,540.03,459.2,446.28
125.91,265.38,359.59,465.73,635.75,665.87,673.02,590.24,536.76,456.84,444.62,509.78
205.96,329.88,455.49,627.48,659.65,667.37,584.12,529.48,451.95,434.23,491.27,467.0
334.9,462.31,630.21,657.46,662.35,579.86,527.04,451.25,428.23,490.93,463.52,514.15
477.14,638.05,660.86,665.54,582.73,529.75,453.57,429.61,490.93,464.48,517.46,631.37
687.62,692.47,675.81,583.25,523.54,449.61,430.67,498.63,458.32,525.12,636.7,635.58
629.02,636.31,568.7,519.64,453.58,433.89,497.37,450.59,530.09,626.89,624.4,588.49
711.0,608.92,533.61,462.18,437.4,501.02,456.42,539.58,629.38,636.81,608.24,570.54
630.9,538.66,463.42,444.45,511.4,466.25,548.49,639.18,645.98,612.71,581.27,563.29
454.48,414.37,426.41,503.1,465.69,547.72,635.33,637.68,615.94,568.57,545.14,428.86
402.7,418.18,500.96,467.04,551.27,637.85,638.28,613.74,571.82,542.83,429.3,293.6
413.18,497.27,466.63,552.78,640.6,639.83,613.92,571.0,543.5,428.13,293.64,185.22
530.78,487.67,559.42,640.12,635.07,610.33,571.9,551.69,424.63,300.14,189.27,140.2
503.23,559.24,639.94,643.01,623.89,583.33,560.02,430.22,311.68,193.15,153.1,111.21
496.9,605.75,631.23,617.2,580.94,556.88,425.1,304.42,192.67,143.52,96.32,136.48
686.66,681.74,634.94,584.48,551.01,420.3,304.49,198.36,135.13,108.98,150.26,253.53
689.4,632.75,583.25,555.96,429.33,311.93,203.35,137.93,117.91,153.32,262.67,378.66
638.05,581.01,554.91,433.75,319.79,210.33,142.66,120.01,160.59,264.22,385.51,522.52
508.13,514.24,419.62,312.64,208.49,139.91,113.94,149.77,265.21,374.28,506.66,555.03
548.5,442.5,321.06,209.24,135.02,109.79,148.87,269.07,370.42,512.21,560.04,642.63
514.72,355.05,221.06,147.22,120.97,159.34,279.4,381.46,520.54,572.25,665.96,647.52
317.77,198.17,138.47,117.54,159.68,279.58,380.53,519.23,575.58,661.33,640.55,529.99
243.99,164.57,127.53,165.25,281.63,382.32,521.8,578.81,660.53,647.0,541.31,483.89
85.74,86.73,150.93,270.82,374.79,514.64,571.55,653.89,643.11,528.93,461.25,414.92
95.05,159.22,274.49,373.74,510.73,568.15,652.31,643.34,524.05,461.31,413.23,453.49
132.08,261.05,369.89,508.46,567.57,651.54,640.67,516.69,458.11,406.79,445.36,467.69
200.52,341.79,499.06,557.91,642.4,632.21,508.35,449.25,399.02,434.47,447.15,444.73
318.73,487.69,554.9,640.59,631.63,507.57,447.56,395.66,432.28,441.86,437.48,573.25
501.84,563.83,643.45,631.55,505.55,446.33,396.64,436.46,440.84,439.9,574.51,592.68
495.45,598.53,615.74,504.28,454.94,404.02,438.76,437.36,449.45,563.67,582.54,611.59
703.43,678.75,526.17,461.86,399.99,436.11,439.31,456.08,556.26,598.47,631.89,561.19
838.13,612.94,491.16,415.84,441.08,445.73,469.13,580.25,599.96,658.63,598.96,573.74
550.45,447.44,399.03,439.76,455.62,478.26,584.48,598.43,669.33,590.18,565.78,547.83
453.22,405.98,442.13,452.85,472.19,579.21,595.17,667.74,586.26,566.51,546.52,426.86
420.37,453.04,457.74,473.25,578.06,593.86,666.27,582.85,561.26,546.8,427.68,335.14
535.18,509.53,491.27,581.36,586.79,660.76,582.9,568.39,537.28,440.22,347.6,234.21
450.67,457.58,568.77,579.5,658.8,580.89,565.84,535.04,440.92,339.48,219.76,155.02
567.27,624.77,600.25,675.36,593.24,576.42,546.24,454.33,346.66,237.52,187.81,146.6
493.83,533.68,650.71,572.05,560.37,531.65,440.48,334.0,228.09,168.03,106.66,104.32
564.8,664.39,577.99,567.93,539.95,446.38,337.35,228.13,173.8,111.89,118.61,234.49
682.0,582.82,569.48,545.22,453.93,343.87,233.5,178.48,119.3,122.81,244.31,359.69
512.95,521.14,527.74,453.59,355.11,242.27,180.79,114.86,135.87,235.24,353.23,420.84
592.53,573.05,470.04,358.71,236.74,176.12,114.22,139.73,228.22,363.87,433.46,635.25
524.82,442.06,348.76,232.45,176.22,114.38,138.42,225.01,365.8,426.01,624.16,732.13
474.29,361.67,237.14,183.86,122.51,145.69,231.16,371.7,434.35,630.07,745.92,704.59
350.3,234.35,182.52,117.96,139.87,225.97,366.92,428.3,624.39,743.79,698.56,598.05
282.55,203.9,126.5,150.95,236.65,376.05,436.61,634.2,752.75,706.65,616.35,580.26
182.96,119.88,147.81,228.7,365.97,428.82,630.55,755.25,698.71,612.96,566.88,533.22
97.58,138.44,225.73,361.65,424.26,626.08,750.65,692.4,608.94,562.56,525.81,451.58
114.64,215.52,359.39,422.19,624.28,749.1,689.93,603.62,557.86,519.17,442.53,497.08
161.34,333.32,413.79,616.94,743.27,684.06,596.49,547.96,512.76,432.36,479.86,431.98
340.77,422.34,620.17,740.54,677.92,591.52,546.09,514.77,426.73,480.31,428.54,497.59
409.69,608.12,736.81,681.83,600.56,553.89,519.0,425.86,486.12,425.5,498.95,513.52
689.13,791.82,700.89,600.38,540.2,508.25,423.41,495.08,411.31,510.96,520.69,544.89
766.02,688.25,594.73,534.27,503.74,420.17,492.11,406.99,506.68,516.5,535.06,560.65
748.16,613.9,540.58,520.57,441.55,510.97,422.54,521.17,537.74,547.3,590.72,534.45
515.16,480.03,498.64,434.82,515.8,426.32,519.78,529.99,554.32,575.75,515.67,492.83
541.19,532.27,447.33,523.64,429.91,522.84,533.63,558.25,577.09,524.83,509.6,463.16
500.25,432.61,517.72,422.6,515.6,527.75,554.52,576.48,520.03,504.84,450.39,351.61
414.71,501.39,417.76,520.32,538.6,562.96,580.06,517.97,513.52,447.45,355.09,296.15
483.53,412.07,517.79,531.76,554.26,572.58,513.71,513.81,442.3,353.08,286.9,193.43
491.01,551.36,544.31,571.43,591.56,529.81,527.48,455.24,366.83,300.57,223.68,154.97
473.27,505.22,556.95,578.43,519.52,517.99,446.1,357.85,294.06,211.82,130.93,161.14
509.28,557.0,578.74,521.7,521.63,448.61,359.37,294.74,215.34,132.31,165.58,228.87
654.55,630.58,540.35,534.1,455.7,365.62,302.56,226.15,135.5,181.64,255.55,362.2
456.6,443.27,498.76,436.2,359.31,296.33,214.91,116.97,181.51,228.7,319.64,477.02
457.21,499.74,438.1,368.68,309.2,224.94,122.63,182.02,240.88,322.05,491.22,605.94
597.83,495.22,388.96,317.46,224.37,123.15,187.04,251.76,318.01,506.35,625.9,666.17
455.05,364.1,307.77,221.04,124.22,188.07,250.82,314.84,509.32,620.4,658.25,607.39
305.11,274.96,209.68,118.12,185.92,248.39,311.08,504.57,621.93,649.24,594.03,589.8
341.83,243.59,130.99,196.62,256.29,317.95,512.06,631.55,654.79,604.95,610.31,520.24
144.49,74.59,175.76,245.41,314.71,509.34,627.17,649.43,606.43,595.47,495.73,440.43
68.34,173.21,245.52,315.12,510.21,627.13,647.51,600.27,594.03,493.25,439.84,420.01
156.42,236.13,313.35,511.18,629.66,649.54,601.13,593.49,493.95,435.45,416.13,481.87
182.68,287.74,501.73,620.24,641.41,594.22,587.25,487.68,428.4,406.84,462.79,388.7
275.72,499.06,620.19,638.37,589.64,582.64,483.36,423.48,401.58,459.34,382.53,459.68
507.97,627.16,641.56,590.39,581.99,483.28,424.06,402.01,455.9,382.1,458.58,529.29
607.08,626.17,584.07,581.68,486.47,427.12,404.5,460.11,388.27,457.09,527.34,450.55
695.0,624.46,594.78,489.89,424.42,402.9,461.98,393.73,452.81,538.77,464.32,452.82
695.79,622.5,499.92,442.26,423.77,480.73,409.4,466.5,555.46,476.37,482.31,551.19
505.55,435.06,417.86,408.72,473.73,403.54,459.44,547.59,475.67,464.97,520.42,448.72
475.43,439.49,416.95,479.45,407.29,462.07,549.12,474.06,466.88,526.49,462.25,374.3
492.12,445.26,489.78,414.38,466.16,553.13,479.15,473.55,527.15,470.0,387.36,334.27
576.96,564.92,440.54,477.58,553.55,480.67,481.05,544.0,465.57,408.35,361.85,267.09
513.34,418.89,468.41,539.26,465.75,468.3,534.49,459.04,397.58,354.46,245.83,172.03
349.5,420.12,523.27,467.66,482.04,544.69,461.98,392.61,369.5,235.96,167.92,109.37
614.83,639.53,509.25,496.34,539.25,458.1,398.46,388.64,223.85,198.06,147.5,184.05
618.39,502.0,492.02,530.29,448.4,390.33,382.6,218.76,189.38,145.08,172.56,229.22
523.84,492.98,530.96,460.28,408.26,397.78,229.27,195.56,161.85,177.5,247.9,353.98
522.99,555.25,469.18,405.59,388.05,220.49,190.2,159.87,165.95,251.84,353.48,444.53
503.5,446.77,397.61,377.31,208.99,179.95,151.09,158.18,243.87,345.0,425.68,607.25
473.32,407.56,381.04,216.03,188.48,158.68,164.11,247.41,352.43,430.12,619.43,654.06
434.13,393.41,221.01,194.2,163.94,168.08,249.99,353.89,433.89,623.96,664.38,597.76
364.11,209.11,189.43,156.52,159.51,242.97,348.94,431.58,617.71,659.75,584.99,588.99
168.36,160.78,146.72,160.06,249.96,354.24,434.16,619.41,669.69,580.04,586.13,562.97
160.43,148.51,161.43,249.25,352.4,432.8,619.25,670.88,577.9,585.03,560.67,605.53
181.87,181.49,256.55,355.78,433.23,620.22,672.02,576.87,581.44,564.12,611.55,520.01
114.02,225.1,345.05,422.2,609.86,662.23,566.98,570.8,555.25,599.69,497.55,461.68
190.91,327.56,417.53,607.68,662.31,566.79,569.1,550.69,597.7,489.84,451.94,600.78
251.75,375.28,592.52,653.75,563.26,566.05,547.28,594.82,491.12,440.31,581.27,534.83
312.94,559.48,642.92,557.07,563.81,544.71,589.57,481.1,437.57,569.48,518.23,541.41
457.0,585.96,537.84,555.17,543.77,587.87,474.42,422.93,569.93,500.42,517.57,553.01
618.99,546.23,557.58,553.71,601.12,486.46,434.74,586.15,515.9,525.74,570.33,481.99
