201.27,249.95,487.7,792.35,785.35,730.9,619.56,563.41,547.8,531.44,515.49,503.34
380.47,686.49,775.9,745.33,669.87,581.19,561.21,551.4,539.57,527.0,513.21,499.38
434.99,727.18,770.27,734.03,650.87,578.07,562.29,552.65,541.74,530.14,517.2,503.78
582.58,657.79,662.98,630.99,605.36,585.57,577.36,574.06,571.8,569.47,566.9,564.01
580.3,644.84,649.59,622.65,602.61,584.63,577.12,574.1,571.96,569.74,567.28,564.51
594.53,646.13,632.35,617.6,600.53,585.96,579.08,575.7,573.57,571.68,569.73,567.58
591.46,642.77,629.63,614.73,598.75,586.74,584.87,580.11,575.22,572.24,570.01,567.82
544.23,591.58,621.23,614.19,599.97,582.88,582.28,582.9,575.42,567.62,561.83,555.76
573.71,604.44,618.85,607.36,593.79,576.37,570.01,554.96,530.12,494.01,441.2,389.35
572.84,597.91,613.34,604.32,592.73,574.18,561.33,527.35,483.73,416.83,352.31,338.71
562.74,580.72,601.43,592.05,585.48,570.41,556.65,513.42,442.23,337.18,250.26,190.4
559.78,576.27,598.54,587.49,574.78,549.66,520.37,476.68,382.94,258.89,154.98,114.64
572.8,585.87,588.3,568.24,555.27,523.73,451.47,332.51,220.11,147.96,107.35,90.66
571.32,583.81,587.15,557.04,525.52,467.26,381.37,272.97,174.02,114.46,86.43,84.94
540.25,566.6,580.91,552.46,511.69,418.89,316.04,217.02,142.67,96.77,78.3,95.41
572.1,581.15,582.36,544.24,487.18,368.94,269.62,176.54,107.74,81.79,85.55,140.42
560.69,545.54,496.96,409.59,306.45,221.34,145.64,92.3,77.11,90.98,154.54,252.58
489.58,392.62,276.74,183.34,117.74,65.77,60.34,82.23,145.8,230.19,374.63,600.39
251.5,214.71,210.44,183.38,141.12,96.62,68.04,77.46,117.34,177.72,329.31,604.29
233.54,153.83,151.25,130.72,91.94,64.68,75.59,119.62,193.03,372.21,664.86,792.26
173.47,112.54,91.7,79.54,77.95,110.75,154.35,256.31,463.94,767.29,800.47,780.82
193.68,103.28,68.18,56.41,70.61,160.06,251.93,422.84,740.9,802.7,786.21,762.69
199.99,97.96,60.57,55.67,91.76,222.53,372.64,626.83,792.85,792.18,767.26,728.96
93.81,76.36,106.53,145.49,228.16,391.64,661.51,812.03,793.77,765.17,724.79,656.87
55.57,69.99,111.69,187.12,312.38,522.94,785.71,790.44,717.56,591.64,555.03,539.96
141.09,173.9,279.33,496.06,781.47,797.74,766.42,694.82,592.92,564.45,550.62,535.06
130.13,262.03,431.53,647.98,797.83,796.82,776.0,728.49,630.99,575.22,560.49,545.84
241.13,461.76,729.94,786.71,763.51,693.01,602.2,580.68,575.73,571.35,567.8,565.08
321.02,669.4,760.74,758.06,689.55,601.29,587.37,577.82,569.19,562.66,556.77,550.55
579.42,661.36,692.99,654.14,609.06,587.58,584.76,588.7,591.54,587.34,579.25,574.27
608.7,658.62,654.29,624.18,600.51,580.55,576.19,576.01,570.18,557.15,536.37,505.04
605.73,655.25,651.34,619.97,600.42,580.09,573.84,569.94,556.37,530.66,490.63,424.64
590.48,614.72,626.75,610.4,594.41,576.57,570.39,555.14,528.34,485.04,407.44,321.23
590.1,607.02,620.46,601.33,584.34,567.59,554.92,515.46,446.97,339.3,242.07,178.19
593.17,601.96,603.82,586.09,571.52,544.15,501.42,434.84,332.84,222.99,135.76,118.97
596.66,606.68,599.37,569.33,545.57,507.55,430.17,309.37,200.07,128.92,97.47,94.72
592.64,595.69,590.97,552.09,493.43,372.61,272.56,179.44,109.87,82.83,82.38,101.8
477.37,417.74,308.4,215.34,167.12,126.65,91.6,82.9,83.12,79.47,74.84,77.73
540.0,530.69,447.39,327.1,230.53,161.62,101.02,71.33,72.23,92.65,100.38,89.99
566.84,533.95,425.75,288.76,164.04,97.08,59.78,59.32,85.77,106.43,97.54,114.16
531.0,499.5,364.05,239.44,127.44,69.75,54.08,63.82,106.4,215.0,330.69,498.7
497.53,399.64,268.25,169.71,114.13,62.09,55.11,93.52,150.36,179.09,251.75,481.59
269.5,220.81,211.25,182.64,142.47,97.11,53.79,60.76,94.89,134.17,268.19,568.47
195.6,154.39,146.49,121.19,85.24,58.16,55.38,87.64,135.21,259.8,521.36,788.15
227.24,127.37,105.96,85.69,67.8,68.33,96.66,156.31,279.16,508.47,776.04,799.63
194.57,114.01,77.23,53.15,47.68,80.35,121.28,179.73,323.06,671.24,802.74,774.79
108.0,71.61,74.85,67.55,82.97,142.77,237.16,535.77,807.6,790.05,762.99,721.09
76.23,65.15,71.97,74.65,103.11,166.35,343.67,739.94,799.98,783.5,758.35,719.82
96.74,85.95,125.4,181.37,234.45,414.48,677.22,759.17,706.98,585.46,517.85,504.98
51.85,76.31,141.63,236.57,444.69,707.41,753.9,660.79,545.16,511.2,501.17,486.36
76.73,96.55,200.14,418.67,718.54,777.73,715.03,592.36,552.28,541.87,527.93,508.74
197.02,320.64,528.76,785.29,777.2,714.82,609.18,570.55,563.87,557.9,551.49,537.66
577.14,642.82,647.06,621.45,599.14,583.82,582.99,585.42,585.51,585.9,583.14,573.68
611.06,656.15,635.71,614.1,597.16,583.41,583.12,584.45,582.91,580.4,578.32,572.49
609.76,656.4,634.07,611.77,595.13,582.23,581.57,580.02,574.89,566.16,551.61,528.84
595.01,622.33,623.9,606.87,592.67,575.22,567.24,546.17,514.1,456.0,360.71,270.18
577.63,595.82,616.73,605.0,592.32,574.03,561.67,527.33,479.57,394.73,293.18,214.63
570.06,584.29,604.25,591.48,583.89,569.32,555.94,513.74,444.31,336.31,240.17,175.95
569.24,582.64,599.19,582.62,570.03,544.3,507.56,456.44,358.91,243.76,157.52,132.15
581.68,585.25,593.94,570.01,550.31,513.74,440.02,321.58,213.76,133.58,103.97,108.58
558.86,587.94,594.45,565.48,533.57,455.92,339.86,244.22,156.76,99.9,71.24,78.16
584.68,579.23,558.88,521.67,427.15,289.39,192.01,123.48,73.35,61.0,83.86,124.27
539.04,525.03,425.62,291.24,172.94,119.94,78.24,70.31,83.87,98.95,95.56,101.11
564.52,532.25,426.53,289.88,164.43,95.95,56.97,57.58,89.44,124.52,128.81,166.62
559.81,526.18,413.07,277.19,150.63,86.63,64.12,71.4,113.79,195.34,294.12,489.49
565.72,491.02,321.41,218.07,137.19,76.17,59.87,84.77,177.49,306.37,477.6,654.16
480.14,361.07,240.26,149.2,105.08,48.84,50.34,110.65,262.72,469.99,688.81,770.89
358.54,206.73,130.86,72.4,41.86,54.98,124.52,255.1,444.55,657.23,710.11,676.02
182.88,122.12,95.22,82.96,104.8,187.52,271.9,394.75,582.74,704.79,701.04,604.59
168.45,104.73,83.63,81.74,132.66,260.01,376.89,516.92,655.18,684.6,622.29,519.74
178.95,103.82,82.05,92.78,210.62,349.08,453.16,617.09,684.27,651.86,549.34,498.73
159.07,104.4,112.54,207.51,353.14,484.22,613.76,661.77,629.47,533.59,493.03,487.46
117.09,101.42,150.71,283.47,424.35,600.68,693.89,693.29,608.95,538.92,519.7,508.04
128.3,140.43,242.47,393.51,674.89,815.86,789.56,746.79,680.05,612.79,578.6,566.7
354.18,386.52,485.65,710.63,758.83,698.26,589.26,558.12,543.52,526.53,511.33,499.25
583.87,666.35,676.77,647.75,612.53,587.86,578.17,574.46,572.22,569.94,567.43,564.68
597.36,660.3,651.89,626.54,603.98,585.18,577.41,574.42,572.45,570.4,568.15,565.62
596.47,659.02,643.96,622.07,601.65,586.55,579.43,575.78,573.52,571.54,569.51,567.28
589.46,643.73,636.8,619.67,600.19,586.53,584.79,580.49,575.67,572.66,570.48,568.38
571.97,607.28,627.89,614.0,599.28,581.07,578.27,576.66,564.71,549.25,532.41,513.02
578.46,616.85,626.95,611.05,595.26,577.5,571.76,559.55,536.56,504.58,456.18,405.11
566.22,599.49,624.94,611.47,595.04,575.19,563.05,530.89,489.76,425.1,357.72,341.91
522.43,564.6,611.05,612.49,596.25,575.55,562.71,523.26,457.89,355.25,254.69,196.41
548.68,575.3,603.02,592.35,581.36,564.77,551.24,509.98,431.21,315.0,206.9,133.36
470.75,441.12,446.83,485.97,533.74,535.09,499.54,434.45,334.07,218.8,127.56,106.79
516.87,539.38,571.06,567.45,540.64,492.45,416.65,300.91,191.62,124.08,95.68,119.29
577.59,580.67,582.06,557.31,524.68,441.09,341.84,241.55,156.52,106.26,85.83,169.22
562.79,521.29,452.35,388.36,309.59,215.21,146.31,92.1,78.47,104.56,222.39,384.87
516.78,424.75,296.83,195.52,129.8,77.93,69.44,89.49,140.81,198.16,322.54,550.23
556.5,460.01,305.4,201.99,126.9,70.71,66.23,164.39,394.06,611.61,681.85,704.3
542.01,436.61,292.96,194.15,120.3,60.88,78.14,252.58,525.72,675.04,734.79,696.81
381.06,217.42,138.4,78.52,53.21,91.8,275.75,545.64,718.45,730.17,669.17,575.67
289.35,140.5,78.94,54.78,82.0,237.86,464.68,674.0,724.07,679.72,573.34,535.24
211.12,116.9,87.54,103.96,254.03,466.35,670.34,722.34,681.25,576.94,536.6,524.86
126.23,86.71,105.09,219.52,452.69,705.32,753.7,708.27,596.8,546.78,521.94,503.25
90.4,90.69,190.93,345.57,522.0,744.04,748.07,649.61,551.64,514.53,498.05,481.14
138.36,192.88,347.61,527.27,754.34,789.8,727.47,608.59,559.79,543.88,528.59,518.25
163.29,371.27,680.72,781.24,720.19,586.18,532.59,498.44,470.5,453.37,448.34,449.24
504.19,648.71,692.68,641.82,597.32,577.15,564.41,554.98,546.01,536.12,524.94,512.88
594.56,662.64,650.57,606.23,589.77,579.74,575.27,572.91,570.69,568.27,565.57,562.51
607.71,656.6,626.77,605.03,590.97,580.91,576.38,574.41,572.73,570.96,569.01,566.82
601.38,640.51,621.37,601.23,589.53,583.6,579.07,575.93,573.72,571.92,570.15,568.22
594.63,624.78,615.44,596.05,583.89,581.44,581.72,573.82,565.19,558.0,549.85,539.28
588.08,611.15,611.57,593.2,580.1,571.69,565.55,545.11,516.73,476.45,426.36,379.41
512.6,559.65,598.42,597.51,584.72,570.88,557.93,528.03,489.23,428.29,367.39,353.89
549.32,583.46,606.61,594.05,581.21,568.1,547.46,496.77,418.67,318.23,260.74,216.7
556.48,577.2,597.69,587.09,578.48,566.88,543.41,487.13,389.84,267.27,175.08,137.24
541.97,569.33,587.78,570.22,558.24,536.41,501.17,437.05,323.43,209.06,122.54,101.71
525.43,552.11,576.34,569.53,554.24,522.87,455.42,344.22,235.4,146.38,106.16,102.94
568.79,589.59,594.41,562.92,537.65,495.42,415.46,296.08,188.16,121.88,93.8,105.71
564.96,585.07,588.24,550.73,500.3,398.11,298.16,194.85,120.5,88.46,89.96,197.26
553.36,562.26,541.95,491.15,383.93,269.27,182.27,110.27,81.67,87.87,171.16,330.97
577.29,553.26,448.12,319.07,223.56,151.31,92.83,78.33,106.95,234.6,403.33,610.15
345.81,248.37,187.7,145.0,114.05,65.36,53.08,60.17,98.59,165.45,299.85,573.79
510.99,411.0,272.47,181.79,121.75,66.01,77.45,256.16,538.18,694.11,752.18,704.41
415.3,245.39,136.52,74.75,49.84,78.86,218.63,449.25,659.54,721.7,700.09,610.56
284.04,146.43,85.06,60.39,93.82,263.16,476.35,669.05,716.31,668.42,552.84,510.91
218.22,127.52,101.07,100.94,213.63,412.95,619.77,699.97,674.91,568.21,510.06,505.74
76.94,80.37,110.98,198.89,413.29,688.38,744.44,679.61,549.78,490.94,481.97,480.91
99.74,94.93,184.71,415.4,711.95,758.44,705.85,589.15,533.37,502.89,488.3,476.37
95.66,187.02,421.38,742.49,782.74,705.42,573.94,527.74,494.88,468.0,453.39,452.92
210.08,398.6,658.31,781.36,733.81,608.21,539.43,504.69,475.68,455.58,448.55,447.44
463.56,638.53,713.16,677.67,607.78,575.19,563.09,554.33,545.22,535.25,523.96,511.7
589.44,663.13,665.45,625.95,601.24,584.43,577.2,574.21,571.96,569.63,567.06,564.17
602.64,651.58,645.18,616.68,598.72,583.21,576.71,574.05,572.02,569.89,567.53,564.86
607.79,651.92,630.2,612.17,597.76,585.02,578.91,575.92,574.0,572.31,570.58,568.69
595.46,622.74,621.07,606.19,594.65,583.34,580.51,574.77,568.12,562.3,555.75,546.93
560.93,591.66,615.3,604.01,592.16,578.03,576.19,567.0,546.86,524.11,498.13,456.51
583.1,603.55,616.6,602.87,590.44,573.56,563.26,537.93,506.45,452.77,389.95,356.87
571.17,585.94,608.25,599.0,589.66,572.71,558.08,515.95,454.09,367.14,307.79,284.46
564.08,579.13,598.75,587.86,582.74,569.22,554.26,508.01,428.65,316.58,220.3,151.35
534.17,562.27,590.4,586.37,573.42,547.06,510.95,458.22,363.61,244.2,146.52,109.91
482.15,488.25,538.93,561.17,558.37,531.06,472.3,366.18,251.51,165.14,116.87,97.45
501.87,515.93,562.48,566.72,549.1,510.25,429.07,307.91,194.9,123.8,94.15,86.74
568.3,571.25,560.92,519.97,419.42,291.46,200.25,131.55,88.96,77.18,96.56,163.37
584.71,571.4,512.81,412.98,288.99,191.69,123.51,82.48,82.12,145.47,307.47,498.88
558.57,551.62,493.38,372.69,255.46,162.35,98.46,76.41,176.24,429.52,663.72,723.95
559.05,517.45,407.55,275.97,156.84,90.6,66.06,86.6,238.73,486.68,665.19,735.47
535.21,422.45,279.11,188.22,113.91,57.21,68.19,226.43,501.62,672.91,742.5,718.11
303.84,168.04,103.58,64.33,56.1,88.3,203.44,386.63,600.15,696.39,688.4,602.54
265.83,107.23,53.65,36.97,74.66,207.01,397.96,602.47,701.02,694.73,603.47,544.1
143.31,73.09,63.52,78.57,177.47,365.44,541.19,667.55,691.17,622.5,523.61,501.06
99.28,64.55,78.46,188.58,435.97,680.88,724.55,683.28,559.61,498.64,488.25,487.42
89.52,101.82,253.58,543.73,767.88,774.62,711.35,589.53,535.3,503.31,487.48,475.22
101.33,174.11,323.43,491.29,715.46,790.43,725.22,591.08,536.01,502.46,476.18,466.46
158.41,299.81,510.59,779.77,773.15,681.92,561.11,519.48,488.67,463.56,451.37,448.19
342.97,666.97,763.05,704.92,598.2,555.69,528.24,502.91,481.66,466.98,451.27,444.9
607.01,670.84,658.68,617.07,596.96,582.7,576.43,573.68,571.44,569.09,566.48,563.54
611.02,655.77,635.5,614.01,596.5,582.39,576.79,574.64,573.0,571.25,569.32,567.15
595.49,624.65,626.84,611.19,596.27,584.14,578.57,575.94,574.27,572.76,571.18,569.44
607.82,655.93,628.98,606.85,592.75,585.87,585.32,579.93,574.43,571.21,568.79,566.31
595.61,619.51,619.11,601.98,589.38,578.07,578.13,570.27,552.5,532.4,512.16,481.8
594.48,618.5,617.48,600.27,587.79,572.04,558.65,527.5,487.9,426.76,366.21,353.68
560.05,591.44,614.95,602.13,589.29,572.45,557.63,514.89,451.85,363.51,305.09,278.05
584.16,602.17,611.22,597.34,587.0,571.3,554.35,506.48,425.79,312.64,217.34,149.1
537.71,565.4,591.9,585.4,575.01,559.12,542.91,497.82,406.94,281.48,170.46,115.74
417.98,470.62,548.87,570.06,574.54,546.92,497.56,423.73,309.6,189.02,112.23,86.89
581.48,587.93,595.01,562.66,535.86,490.86,410.92,294.1,190.23,122.17,96.83,122.32
569.62,580.1,585.85,545.77,488.11,371.68,274.2,177.39,108.14,83.7,95.43,197.93
582.01,571.13,508.57,409.05,292.85,202.28,135.3,87.82,78.01,103.93,205.71,356.7
566.21,535.87,419.79,284.18,166.39,100.8,68.73,75.43,142.94,272.1,430.78,634.61
549.54,450.6,288.98,195.52,120.89,64.01,58.19,90.9,231.53,432.32,659.99,735.31
502.23,394.98,261.96,167.39,114.11,56.97,59.44,156.46,386.23,629.79,729.3,751.17
425.56,252.95,133.88,76.36,44.44,64.21,181.23,407.84,630.16,708.73,706.64,627.49
299.4,157.23,84.79,49.54,66.39,162.46,360.1,582.29,701.21,701.57,613.31,539.41
154.29,101.19,86.19,97.74,204.3,379.93,544.72,651.98,668.56,594.96,507.23,487.45
115.23,82.25,101.25,206.92,448.75,664.69,706.35,668.68,556.11,502.3,489.92,488.11
82.92,96.35,197.72,443.65,698.53,731.2,677.91,561.15,513.64,495.92,483.62,474.39
69.97,124.58,252.36,458.95,703.7,760.23,704.62,583.41,530.09,501.89,487.13,475.84
191.82,360.67,609.22,780.4,758.81,662.1,554.36,516.92,486.02,461.76,451.2,451.03
574.2,651.74,664.06,624.23,599.65,583.97,577.06,574.08,571.75,569.34,566.74,564.01
597.4,660.43,655.27,616.3,597.55,582.97,576.63,573.9,571.73,569.45,566.94,564.18
609.53,653.22,635.57,612.58,597.0,582.73,577.08,574.99,573.47,571.88,570.11,568.15
605.16,644.18,627.81,608.62,592.62,583.3,580.01,575.21,570.64,566.89,562.92,557.98
594.19,621.25,618.36,602.85,591.21,578.01,577.35,571.97,557.73,540.73,521.98,496.24
586.15,606.15,616.7,601.45,590.18,577.08,574.41,568.78,550.67,525.55,496.42,452.73
592.43,615.63,616.39,599.87,587.81,572.64,561.99,536.19,503.5,447.45,381.72,353.51
586.7,608.26,614.91,599.62,587.79,571.64,555.51,511.84,446.29,349.01,271.62,215.51
582.13,599.21,609.66,596.59,586.91,571.3,554.26,506.23,424.39,308.62,208.39,145.49
581.95,594.54,597.8,577.36,569.8,557.45,535.49,480.72,379.15,254.85,150.86,112.59
550.58,576.51,593.93,575.6,563.32,535.07,478.28,380.29,271.37,173.8,117.09,108.95
582.37,592.97,594.58,564.75,546.58,511.18,432.8,311.07,199.65,128.64,97.78,95.8
581.46,589.12,591.75,555.76,523.14,460.3,355.76,241.08,155.81,108.02,86.51,160.64
558.13,565.43,537.59,457.4,341.52,241.16,159.42,99.35,81.25,107.58,241.43,442.01
528.36,513.37,415.31,286.39,173.14,120.93,81.73,81.8,156.77,325.35,525.16,673.55
489.4,395.05,266.47,169.73,117.3,67.88,62.53,107.03,264.19,443.84,639.33,725.62
330.06,226.73,195.47,160.89,126.76,78.86,63.22,103.59,172.8,288.15,539.63,762.59
236.32,154.92,152.43,135.06,105.73,81.69,93.86,137.24,235.86,433.7,717.32,789.82
193.53,103.71,72.93,54.65,58.18,129.71,215.58,373.26,674.59,805.24,790.8,768.61
137.72,60.26,55.2,68.9,89.37,172.41,325.59,628.04,805.95,792.76,770.51,739.67
102.19,62.97,75.69,139.0,209.16,385.59,708.18,801.14,789.65,764.59,728.35,659.99
104.76,112.5,169.48,249.67,436.46,730.02,823.11,808.56,789.37,769.52,740.86,693.17
58.54,75.26,156.45,285.03,421.16,629.02,810.2,787.34,716.86,604.02,572.82,567.48
131.63,148.27,248.25,433.09,737.51,807.7,773.74,707.1,599.79,565.61,552.59,540.21
148.88,304.34,543.55,771.23,788.14,770.63,728.81,639.02,581.74,565.59,550.87,538.12
282.93,574.7,759.64,788.93,749.95,662.99,587.15,573.03,568.42,562.58,557.15,552.43
460.14,631.74,686.6,691.22,628.91,591.23,575.94,568.44,563.26,558.8,554.29,549.22
609.5,654.94,638.71,618.88,600.79,585.24,578.45,575.7,574.04,572.44,570.72,568.83
607.27,652.5,632.8,613.42,596.65,581.33,581.18,583.47,575.9,564.85,555.71,546.35
590.24,615.13,624.09,607.99,594.88,578.87,574.57,571.12,557.91,534.03,506.06,465.55
591.51,617.08,621.51,606.05,592.51,574.85,566.12,543.72,514.21,464.66,399.54,353.39
585.51,600.5,609.24,598.49,590.23,573.1,558.99,516.48,449.8,347.08,256.23,199.75
582.96,597.61,604.38,587.69,577.85,562.15,547.06,503.09,417.76,298.33,197.35,139.43
584.06,595.67,596.22,572.67,560.3,531.14,470.01,370.39,258.07,156.95,108.85,108.25
587.54,600.15,597.36,559.9,522.44,442.64,348.64,251.5,161.42,108.19,82.3,86.15
589.86,597.58,575.84,518.97,419.09,289.19,199.58,131.67,89.36,76.61,86.38,105.06
586.82,577.46,525.82,416.44,296.63,194.14,116.26,76.63,73.34,90.67,113.06,128.03
578.3,564.89,497.23,378.43,258.9,160.61,87.96,65.55,74.85,122.03,222.23,361.45
534.33,527.95,457.14,324.89,213.97,126.85,71.53,66.04,127.42,304.72,505.62,657.56
375.19,254.32,174.43,125.59,98.15,54.45,46.63,70.81,118.92,239.96,455.0,747.6
312.74,203.88,187.46,162.95,132.23,82.09,52.6,70.54,110.46,172.02,328.07,628.21
222.25,142.57,141.96,124.3,92.41,61.11,70.52,107.1,161.54,327.52,610.47,781.81
198.84,111.21,87.94,63.71,53.81,81.17,135.04,227.21,451.17,776.31,800.66,781.1
243.55,101.27,58.15,40.57,48.26,102.61,194.76,381.13,740.71,803.81,785.97,761.27
188.42,95.89,77.05,91.26,151.94,222.17,396.68,723.16,815.97,800.26,785.01,768.82
150.88,104.65,102.88,132.21,214.65,352.14,645.98,815.46,800.8,787.76,775.56,760.86
64.08,80.91,108.49,132.81,231.71,418.87,640.67,744.32,728.35,635.6,560.85,536.78
105.46,106.52,180.88,298.5,477.03,768.79,814.74,797.22,776.69,750.24,704.37,636.02
194.67,267.19,404.45,613.88,782.74,775.25,723.1,621.62,575.18,571.32,571.58,565.13
306.07,515.05,716.21,776.8,739.87,652.31,587.81,576.88,573.41,569.88,567.66,568.54
333.75,591.74,746.25,780.52,745.6,660.85,589.59,576.54,572.9,568.97,565.82,564.2
513.73,641.47,678.19,648.45,612.71,591.5,575.86,567.77,562.42,557.8,553.11,547.83
600.84,657.79,638.35,618.58,597.43,581.14,580.7,580.8,571.23,559.99,549.5,537.42
593.57,640.69,630.73,612.41,597.99,579.45,574.66,572.83,558.8,534.7,508.7,471.36
579.04,604.75,616.51,605.46,593.53,576.14,569.52,553.4,529.3,492.27,435.41,379.58
573.88,596.0,608.98,596.48,588.1,571.95,558.73,516.99,450.43,349.86,263.6,209.19
581.59,603.77,607.21,590.49,576.58,553.15,530.22,489.28,397.11,271.86,168.81,125.84
578.24,592.69,593.98,576.23,564.74,535.77,477.85,373.5,259.3,170.73,120.73,97.27
573.59,581.35,588.76,556.53,517.27,431.81,332.07,231.64,150.6,101.32,78.37,82.34
577.47,566.97,535.55,469.32,357.4,247.47,163.33,98.28,76.91,79.73,94.38,96.75
548.07,550.71,513.48,442.98,334.36,233.91,156.33,96.11,76.43,80.77,98.43,108.53
553.91,546.62,492.84,389.27,269.2,178.43,113.25,79.56,76.46,93.8,118.05,151.17
575.07,528.64,402.03,268.33,152.68,86.27,61.68,66.61,100.95,185.01,295.78,485.31
504.27,407.44,283.28,188.28,119.22,62.36,54.58,69.71,128.33,234.88,392.53,599.5
558.2,466.26,310.95,205.47,130.09,72.34,60.81,107.93,212.29,358.95,566.9,694.02
382.34,228.01,140.81,78.31,46.37,62.32,141.83,295.1,501.7,702.62,725.4,671.5
247.58,146.64,106.76,71.39,75.69,135.11,221.99,353.44,551.48,726.51,731.88,643.71
154.99,106.61,97.57,112.13,182.08,276.07,393.68,559.09,685.04,694.54,614.46,515.17
109.44,78.15,78.25,114.66,264.77,516.03,685.58,664.81,571.94,498.24,469.36,449.81
57.61,101.55,185.68,369.56,605.99,699.68,651.14,536.75,475.82,451.14,436.25,428.88
172.34,282.21,519.34,734.17,672.87,535.06,474.86,460.31,445.88,433.63,436.3,451.89
143.06,221.62,417.29,686.06,705.15,595.04,499.56,470.7,467.49,469.79,473.92,475.23
414.1,669.24,736.37,683.12,601.95,572.03,558.68,547.55,535.93,523.74,511.86,503.98
598.65,644.34,641.06,613.67,596.76,581.9,575.12,572.11,569.68,567.22,564.68,562.59
576.93,605.02,626.17,618.06,600.9,583.56,576.83,574.67,573.41,572.05,570.62,569.33
586.66,612.69,624.43,615.42,599.63,585.08,578.24,575.32,573.62,572.11,570.59,569.04
589.41,617.6,621.86,614.02,597.63,585.99,584.14,579.63,574.94,572.23,570.36,568.64
589.71,615.64,620.09,611.09,597.65,584.88,587.26,587.27,579.51,572.96,569.85,567.78
541.78,578.02,608.8,605.36,594.24,577.78,572.86,560.4,536.51,502.5,454.65,403.86
546.39,579.63,608.66,604.89,593.56,575.17,561.42,518.76,456.53,373.38,318.18,295.76
531.11,569.25,605.82,606.84,594.7,575.7,562.11,516.79,440.31,331.49,236.19,166.53
504.08,537.16,580.26,592.5,586.27,571.35,558.74,511.42,427.03,310.09,201.58,128.61
571.08,571.77,591.62,581.19,568.74,541.32,488.03,399.7,289.21,180.04,113.94,108.98
551.66,569.88,586.11,566.1,537.93,487.42,388.25,272.78,174.89,118.57,92.45,154.78
571.45,562.6,577.91,548.79,487.91,368.01,270.12,173.6,108.13,85.29,130.2,331.9
567.87,527.12,463.74,364.11,257.62,172.35,105.32,81.81,100.47,217.59,420.57,640.87
542.12,488.35,366.75,251.0,156.09,100.87,76.06,91.3,153.26,250.23,431.37,672.44
562.2,490.04,335.71,227.63,135.02,80.21,69.34,124.27,306.73,509.65,661.9,720.84
497.25,364.06,230.66,134.16,81.64,57.26,115.97,315.17,549.27,698.19,745.26,691.97
357.86,197.02,123.29,60.45,54.8,121.98,318.5,537.84,694.23,739.63,704.39,611.57
227.84,109.49,59.92,56.43,113.66,268.66,468.47,678.75,727.12,680.01,569.78,530.59
139.4,63.65,65.2,104.93,215.83,436.64,661.22,720.79,682.36,560.79,499.51,491.29
69.06,83.92,158.52,359.22,660.58,731.49,709.51,609.79,528.31,500.86,488.58,473.34
95.18,118.1,275.6,567.33,731.18,735.67,662.6,554.99,517.69,499.32,485.03,475.82
155.47,220.65,434.5,664.33,774.67,720.01,590.04,548.67,524.35,510.08,501.5,500.39
167.05,360.29,611.06,763.52,762.52,678.01,561.04,520.98,489.78,464.8,452.53,449.71
423.43,649.15,761.86,740.83,670.91,585.25,565.07,556.56,547.4,537.5,526.4,514.2
588.92,672.39,690.49,655.7,612.98,588.16,578.5,574.81,572.52,570.21,567.69,564.89
609.9,661.32,647.53,625.28,602.8,584.68,577.5,574.88,573.21,571.46,569.52,567.35
560.49,605.48,647.36,630.12,605.86,586.77,578.98,576.64,575.7,574.67,573.47,572.14
597.99,633.51,632.83,616.79,598.53,583.89,579.32,574.47,569.57,565.02,559.83,552.97
569.36,597.96,625.69,611.47,597.51,580.63,577.5,573.54,559.95,543.01,524.3,500.2
554.28,591.39,628.25,612.79,595.38,576.48,569.58,553.02,527.69,490.07,435.63,382.76
559.28,588.35,618.38,607.97,593.75,574.66,561.96,525.06,474.35,402.44,340.23,328.19
554.45,583.19,608.12,596.29,586.89,571.18,558.4,516.53,445.4,337.94,240.02,173.01
520.91,557.22,606.42,602.82,581.56,560.37,536.78,488.95,413.67,297.14,188.78,124.98
583.85,588.34,598.38,583.22,572.3,552.78,522.26,443.32,320.21,212.88,132.95,104.94
554.32,581.63,593.95,569.94,548.99,520.23,460.86,338.02,214.97,138.32,95.32,91.93
563.68,571.53,561.66,519.86,416.74,281.62,185.41,110.24,66.55,69.35,167.1,392.2
559.79,554.52,517.54,432.84,302.36,175.67,104.8,66.45,79.96,214.21,454.45,660.59
583.3,565.83,505.09,409.4,278.91,154.36,81.94,62.21,94.3,262.79,488.25,657.31
577.18,546.99,448.58,319.81,207.43,126.59,78.56,70.49,140.22,330.81,523.97,653.25
545.32,451.69,296.14,200.66,124.54,68.67,68.24,197.91,439.62,630.46,696.47,724.94
431.75,259.53,140.22,77.46,48.01,74.59,211.48,443.61,657.4,720.19,696.23,594.56
362.35,188.57,100.38,65.27,90.25,233.79,465.63,661.37,725.92,693.46,582.84,527.76
238.38,128.49,96.26,98.15,220.72,460.65,661.35,707.47,662.84,545.94,491.49,483.0
82.03,82.91,130.29,331.84,641.29,705.22,686.08,571.35,499.94,483.44,483.07,477.46
80.01,89.79,184.03,463.68,720.11,738.4,681.31,572.84,520.95,499.62,487.5,478.2
171.51,198.81,426.55,710.55,747.6,654.88,547.49,523.69,509.52,491.97,483.43,480.09
384.66,728.51,769.44,720.47,616.92,560.39,535.62,512.61,488.79,468.89,457.06,457.23
511.17,654.33,681.74,636.04,599.83,579.12,565.44,555.71,546.67,536.83,525.73,513.44
562.19,647.24,650.96,613.04,593.1,575.63,565.62,559.65,554.53,549.67,544.74,539.52
601.86,652.6,627.46,611.04,596.81,582.92,576.96,574.56,572.75,570.88,568.84,566.54
598.52,645.61,622.73,607.56,594.09,585.92,582.41,577.71,574.01,571.54,569.39,567.13
588.24,620.85,615.38,602.63,591.65,581.22,582.26,577.66,567.37,557.8,547.98,535.77
582.6,610.56,612.22,599.35,588.8,575.92,571.81,559.54,535.51,505.06,460.84,412.44
572.86,596.73,610.44,599.73,588.63,572.75,560.91,532.81,497.52,438.59,373.59,353.95
538.82,569.33,598.2,596.2,588.46,572.21,557.26,515.72,454.94,362.37,283.56,236.4
562.06,575.59,592.07,581.01,575.68,563.77,545.66,495.32,402.81,280.8,188.43,143.06
440.14,386.43,363.1,367.86,332.71,224.2,141.21,89.02,76.59,71.53,73.73,85.59
574.56,588.22,587.9,561.42,542.75,506.1,426.97,305.33,196.01,126.13,94.31,90.14
542.92,571.86,586.3,558.71,524.22,451.12,362.29,263.69,167.88,109.27,83.64,89.16
569.71,582.99,585.47,549.04,491.43,374.46,275.67,179.69,109.06,82.13,84.28,130.38
584.27,581.49,554.86,507.09,396.69,276.35,191.45,122.02,85.28,78.64,106.03,197.27
578.87,558.27,492.86,385.83,269.76,187.41,120.08,82.67,79.57,113.04,211.33,343.64
558.18,496.59,347.71,230.03,143.77,82.01,63.45,76.01,143.13,261.37,415.27,616.36
559.64,475.22,318.83,211.07,135.3,79.07,67.65,140.19,350.94,575.36,694.56,728.91
397.0,233.72,140.96,78.0,49.8,78.25,222.39,462.4,679.74,727.28,689.12,583.76
312.86,159.81,83.19,51.62,73.19,197.74,413.04,646.69,706.74,668.67,547.57,487.42
203.84,112.4,80.02,88.83,196.26,392.69,557.17,668.54,693.07,624.81,519.01,484.65
77.13,68.9,87.47,186.78,482.21,760.75,755.13,658.25,533.37,489.92,485.73,481.28
94.39,107.92,212.28,399.46,643.98,755.39,704.12,581.63,527.25,501.51,487.59,475.72
139.82,260.48,484.0,737.17,778.62,699.96,571.21,526.81,494.96,468.74,457.38,465.11
336.09,628.7,735.75,737.09,672.52,579.73,558.19,548.25,535.06,521.3,506.77,493.31
445.1,697.79,723.48,652.82,592.56,573.38,561.43,551.68,541.95,531.15,519.07,506.55
579.58,655.83,650.04,610.47,594.35,581.41,575.27,572.26,569.73,567.12,564.27,561.09
593.13,647.82,636.16,608.22,593.88,581.51,576.03,573.53,571.41,569.17,566.68,563.85
599.38,645.75,621.91,606.52,594.43,584.44,578.61,575.2,572.78,570.65,568.45,565.98
585.47,615.34,612.88,600.37,590.53,580.99,578.35,570.56,560.42,549.36,535.2,517.65
582.03,609.47,610.91,597.75,587.59,576.31,573.86,560.73,536.96,510.78,473.84,427.5
579.91,606.0,609.51,597.0,586.3,572.03,560.14,534.23,500.33,443.68,382.46,358.54
537.96,566.54,591.9,591.9,586.45,571.44,556.38,515.71,458.98,379.13,327.02,316.89
540.73,567.78,587.09,577.97,570.93,556.97,537.31,486.67,390.48,270.89,187.47,149.31
538.08,565.43,584.07,573.64,562.88,534.79,479.33,388.86,280.35,174.18,112.22,101.67
577.04,590.0,587.66,556.46,525.12,465.9,380.12,272.53,174.28,116.13,86.56,88.02
535.75,562.68,579.59,559.55,525.56,447.65,355.77,261.57,166.72,108.44,82.96,88.66
583.91,593.6,578.49,535.59,466.1,338.42,249.82,162.42,102.08,79.6,86.24,136.26
567.74,559.98,517.23,424.87,314.79,225.21,147.14,93.03,77.82,94.96,179.0,308.61
576.52,550.33,445.77,312.18,208.31,127.94,74.82,67.04,104.91,235.43,386.32,579.99
407.13,290.74,206.41,147.3,115.43,62.32,51.73,61.5,120.36,260.66,493.82,740.44
425.24,299.2,208.07,142.9,112.15,59.72,55.78,109.22,254.48,477.55,725.13,778.39
364.67,209.57,129.65,75.41,43.0,55.95,133.07,267.2,435.17,655.45,745.07,738.62
238.66,136.8,100.73,64.09,79.71,195.2,360.13,532.33,681.64,711.55,645.7,528.59
124.31,96.81,95.78,131.62,288.33,511.37,662.02,677.38,614.58,517.21,481.26,461.91
77.07,86.73,128.08,243.54,473.15,709.41,735.79,661.64,536.13,487.65,480.72,478.13
75.76,114.66,211.92,407.61,634.28,738.28,742.12,668.38,561.03,517.52,498.12,482.56
156.95,286.52,548.52,794.52,765.37,663.06,547.09,507.7,476.04,450.76,444.63,457.01
206.41,620.18,790.66,742.76,630.25,551.41,514.99,483.65,460.05,450.18,448.1,449.17
459.63,701.88,746.01,679.19,597.95,574.43,562.52,553.21,543.91,533.64,522.05,509.68
585.33,675.69,678.78,625.73,596.92,578.21,567.93,562.36,557.73,553.44,549.17,544.7
610.71,660.8,646.93,612.75,595.63,582.11,576.22,573.63,571.5,569.24,566.74,563.91
610.98,657.07,630.09,609.93,596.15,583.88,578.1,575.61,573.9,572.3,570.62,568.77
603.41,639.82,625.58,605.84,593.06,586.45,583.93,579.15,575.41,573.24,571.58,569.94
604.1,644.59,625.46,604.08,588.84,582.25,585.37,579.85,568.98,560.56,554.18,547.25
601.55,635.21,621.59,601.99,587.4,574.8,567.26,547.05,520.37,478.24,430.13,392.93
585.99,605.69,612.93,598.12,586.91,571.26,554.81,511.28,448.65,365.14,320.23,296.1
587.84,603.91,610.06,596.01,586.15,570.91,553.24,504.42,421.7,307.2,213.88,148.58
583.4,595.99,599.89,584.06,579.46,567.78,547.99,495.4,401.87,275.62,165.21,115.25
586.81,597.72,595.66,566.63,551.63,527.27,486.02,405.01,279.27,164.58,108.04,104.15
594.05,608.46,597.57,559.23,521.58,438.94,342.71,249.96,164.76,114.82,93.85,138.44
588.42,592.17,570.62,513.68,412.74,284.36,196.4,128.86,88.11,78.41,96.83,158.71
572.29,549.88,468.05,343.07,237.46,153.9,95.16,77.26,92.5,156.91,284.02,548.13
510.51,462.17,322.14,217.95,141.74,84.19,65.36,77.52,122.52,194.57,307.03,551.34
354.43,254.96,184.47,140.14,111.29,62.81,49.85,57.72,99.87,176.48,339.33,629.44
468.16,340.63,225.79,140.78,104.94,53.05,62.12,158.36,381.06,632.15,738.08,772.61
237.21,163.55,159.52,134.14,92.78,81.1,115.4,194.11,333.06,577.33,798.28,792.8
95.54,62.89,70.28,54.14,44.2,61.53,123.79,254.6,545.18,794.75,798.16,772.82
195.4,115.09,99.96,113.47,137.71,200.94,321.09,589.6,804.27,809.53,796.4,784.75
111.8,97.55,112.81,153.97,217.01,339.58,630.85,816.74,804.69,785.36,764.03,730.2
100.49,117.68,213.88,373.31,630.72,816.25,814.87,794.19,773.49,744.56,696.48,629.86
105.47,124.26,196.99,334.77,641.96,808.35,797.0,747.91,648.69,589.95,576.54,569.49
97.36,149.73,262.22,393.69,576.76,807.46,791.94,725.05,609.03,567.47,558.0,547.76
140.58,237.86,412.33,751.64,809.44,767.31,676.2,579.33,557.26,543.28,531.21,522.21
249.73,457.8,690.37,772.95,727.19,615.4,556.85,537.04,517.46,496.72,481.28,479.75
442.46,747.26,783.75,751.54,680.87,588.77,565.58,556.95,547.2,536.85,525.67,515.41
607.45,664.03,660.54,632.0,604.84,585.35,577.54,574.73,572.9,570.97,568.82,566.44
602.13,646.34,645.56,623.52,600.71,581.2,572.31,568.71,565.18,560.02,552.59,542.29
588.46,614.01,634.54,613.72,596.56,580.47,575.59,562.8,543.68,523.39,497.94,456.7
591.33,607.81,625.06,611.66,595.66,576.3,567.81,542.85,511.61,463.19,403.62,360.74
591.34,605.15,612.01,598.32,587.57,571.6,559.75,523.77,471.86,401.47,342.7,334.44
590.46,596.65,597.13,573.76,557.45,528.49,474.15,391.91,276.14,178.07,129.96,199.88
594.82,602.46,598.19,566.98,537.07,487.18,408.99,294.54,190.72,123.33,97.23,113.95
584.85,595.16,596.99,567.32,536.91,455.78,347.67,258.72,168.03,110.26,82.84,84.1
589.76,590.73,580.94,543.24,480.62,346.04,246.62,163.46,102.85,79.84,81.63,95.8
543.09,537.88,465.91,352.72,254.41,173.75,106.5,78.73,78.15,91.44,97.14,92.14
577.13,548.65,448.42,319.02,210.55,129.37,75.29,65.07,81.68,107.75,120.16,145.81
542.36,529.06,430.7,295.62,175.12,106.88,62.62,61.51,99.49,215.91,325.45,440.98
523.68,445.68,293.63,197.99,127.89,68.22,58.99,108.94,164.29,152.21,168.57,331.59
275.72,218.54,212.55,185.15,148.15,100.82,62.1,61.1,76.77,100.91,162.26,350.71
217.42,151.87,148.7,125.84,86.42,54.3,59.77,93.99,140.68,278.01,558.82,792.36
215.95,128.51,108.47,84.06,66.82,76.71,102.21,135.43,236.41,460.88,772.77,799.81
245.02,114.65,73.85,45.72,44.91,86.58,153.9,240.01,436.08,765.02,799.46,777.91
143.44,91.73,79.92,66.82,82.75,155.64,232.07,397.5,728.48,801.51,784.48,759.22
88.3,63.52,68.59,78.74,117.76,221.45,429.68,774.2,798.88,776.82,744.98,691.23
59.82,107.98,171.54,311.98,561.61,740.3,741.45,652.72,533.75,489.94,485.19,481.54
57.67,85.58,105.28,107.56,184.14,452.9,773.37,779.44,720.76,617.36,559.38,551.5
74.2,109.87,234.25,479.2,750.89,782.95,724.04,602.29,559.41,539.53,511.31,476.4
195.83,252.59,458.43,779.13,791.24,748.65,648.09,576.81,560.98,546.17,530.35,517.1
371.13,671.74,769.06,769.42,706.42,611.87,591.3,583.48,575.07,569.29,565.4,561.98
593.65,650.89,647.97,622.08,600.45,584.23,584.03,589.0,586.92,578.72,572.91,570.01
607.8,654.04,638.19,614.65,598.4,581.51,578.5,577.48,571.82,561.63,544.36,518.18
594.17,617.23,630.37,611.4,594.96,577.47,571.94,559.49,535.64,500.03,437.85,366.4
588.19,605.03,617.27,604.86,592.68,574.34,562.56,530.01,485.28,405.71,309.8,238.43
591.02,606.02,610.72,593.62,583.4,568.23,554.91,513.03,441.6,332.61,236.83,171.41
547.01,572.73,594.83,586.99,575.96,553.92,522.59,474.77,385.04,263.08,166.05,131.33
297.54,334.58,427.37,554.18,617.42,593.84,548.92,495.94,408.44,296.25,199.49,144.19
362.65,309.99,230.63,156.09,146.29,109.75,73.89,54.78,45.67,50.76,66.64,82.19
394.64,279.64,190.9,141.94,139.99,110.01,81.38,58.48,38.14,30.2,33.84,48.32
509.98,462.89,323.67,223.33,155.32,104.21,58.56,45.34,44.99,41.72,34.4,38.93
522.47,468.94,340.04,223.98,128.35,77.81,48.12,46.6,50.2,43.45,34.56,50.91
351.88,250.91,160.33,103.54,87.26,49.93,31.64,35.34,52.88,113.02,250.32,529.19
519.31,448.73,304.05,200.91,118.99,64.46,48.19,52.66,110.08,246.4,365.23,466.81
509.53,407.08,266.94,164.3,104.58,58.99,52.87,102.5,248.66,400.47,546.49,637.42
242.36,162.24,149.69,103.5,52.05,52.46,116.77,229.75,365.9,538.48,694.55,702.73
224.3,127.64,88.22,45.08,36.99,96.58,207.47,305.42,411.92,536.79,566.27,537.62
204.81,113.14,65.56,30.29,34.73,103.04,205.33,300.43,389.19,459.08,484.65,469.23
195.81,106.49,75.32,54.51,95.59,191.41,299.88,469.65,725.4,771.26,722.25,607.25
66.16,67.73,79.02,124.78,196.66,388.19,645.99,750.73,719.3,601.56,529.46,518.04
46.66,67.49,123.94,227.63,428.07,644.03,721.09,715.64,621.55,559.29,535.7,518.2
63.1,99.27,157.4,311.89,637.99,791.81,768.85,687.01,582.38,539.63,540.04,539.73
404.44,491.09,656.84,690.65,638.83,585.3,571.84,563.33,554.28,537.41,511.98,467.4
559.47,624.62,655.31,638.71,610.05,581.66,566.98,559.58,551.01,534.91,511.37,478.0
601.52,630.74,636.01,619.81,602.84,580.43,568.31,561.85,554.38,540.98,521.13,492.96
593.55,611.32,625.22,611.9,601.21,583.09,573.05,564.99,555.82,542.55,523.6,497.27
584.44,594.57,612.79,603.11,592.92,579.24,576.31,563.87,544.12,523.02,497.19,455.46
458.27,517.84,587.93,601.08,594.24,582.04,576.59,560.7,530.03,491.38,436.38,374.23
579.18,589.46,601.68,584.53,573.96,559.02,542.69,510.91,458.3,388.12,341.73,340.0
543.78,572.28,602.19,598.82,588.76,577.04,568.4,537.89,496.27,435.76,370.94,358.46
375.22,434.17,548.71,603.89,609.9,587.87,573.74,537.7,476.31,379.56,294.71,252.07
544.79,573.16,599.27,594.7,580.9,560.98,539.64,502.05,425.49,311.58,213.02,145.97
567.69,585.74,599.44,585.27,573.07,554.42,521.37,437.73,320.77,215.7,129.72,106.96
447.09,488.94,547.55,570.62,585.27,563.26,524.36,438.0,295.88,177.32,119.74,89.79
578.09,584.5,586.59,556.69,528.97,473.04,360.48,232.19,138.33,82.72,72.49,211.78
560.54,560.34,531.12,459.25,337.02,220.6,137.99,76.17,64.76,141.48,390.97,647.43
546.81,551.2,517.04,429.15,299.06,169.38,97.86,61.96,106.48,344.84,647.25,702.35
537.11,446.42,304.49,201.34,124.1,80.62,71.41,142.7,340.86,553.45,674.88,720.73
543.58,439.66,302.77,205.64,123.78,66.48,101.53,331.14,654.67,709.26,728.58,662.46
463.03,275.65,144.22,82.37,50.51,80.67,254.03,620.98,744.22,733.15,667.78,589.74
295.65,145.0,84.82,71.77,140.41,397.62,731.86,720.22,629.97,531.68,511.81,507.84
213.04,97.86,58.73,77.42,201.74,414.51,634.96,708.48,686.15,584.23,536.12,521.42
64.92,49.2,88.88,211.62,503.47,768.34,773.48,721.81,605.19,546.16,513.28,496.25
70.76,128.47,258.38,550.51,753.74,767.35,710.42,587.03,528.33,496.72,481.36,470.86
141.41,180.31,369.94,703.83,747.88,659.17,550.53,519.95,499.87,478.67,467.93,467.13
272.36,707.0,757.62,720.85,626.17,567.21,533.0,495.76,466.9,450.83,446.07,445.23
436.39,701.91,756.43,706.39,612.57,574.48,561.99,552.51,542.24,530.95,518.08,504.24
540.5,662.39,700.37,659.0,606.34,575.41,552.69,535.91,515.61,489.76,458.32,430.59
598.82,632.83,623.25,609.34,593.25,575.23,566.01,560.2,550.5,534.64,514.34,482.39
589.56,614.1,618.44,607.13,595.0,576.9,567.66,562.38,554.56,541.37,523.3,498.24
589.92,614.2,614.89,600.31,591.76,579.73,570.71,560.9,548.09,531.15,510.23,475.61
578.37,597.99,614.49,601.76,590.11,575.97,569.03,547.46,520.94,486.92,437.78,388.04
554.09,586.04,611.25,601.42,589.91,573.68,564.49,539.12,507.34,455.8,396.09,358.86
536.42,563.95,592.73,594.2,587.31,571.8,557.76,517.55,460.81,385.52,334.27,330.88
456.2,450.31,518.18,567.83,587.07,571.14,557.3,515.0,434.58,312.65,209.59,140.33
558.57,579.58,596.09,579.34,567.16,540.17,494.45,426.94,323.04,210.77,122.71,96.25
540.77,566.79,585.72,575.94,562.68,540.25,488.61,387.87,272.27,175.46,121.39,90.73
519.19,548.23,581.65,572.65,550.8,521.7,466.65,348.87,227.4,148.08,106.7,84.45
587.57,595.8,588.46,557.31,523.6,443.48,339.52,234.12,144.99,88.33,66.99,107.06
579.35,573.27,538.75,498.91,390.66,260.69,173.25,100.94,63.76,68.45,146.99,319.85
578.78,550.95,453.99,328.74,219.38,139.48,81.03,62.08,100.35,254.97,447.21,633.86
513.45,446.91,299.32,200.01,130.17,73.93,61.01,89.31,234.03,436.26,622.83,698.95
519.34,434.94,284.74,191.25,125.7,67.01,64.93,175.23,420.82,627.75,690.03,716.57
408.29,238.06,134.98,75.55,48.85,75.59,207.68,426.49,634.73,707.68,697.73,607.14
236.33,131.58,90.14,70.83,131.74,283.93,446.2,623.51,688.73,652.78,541.19,483.96
262.7,130.48,95.07,123.91,250.78,509.05,645.73,690.44,645.79,532.2,480.48,467.61
114.12,79.77,99.34,205.86,453.63,685.7,717.08,656.94,529.56,478.12,465.88,461.02
89.87,81.96,127.14,308.22,615.05,749.15,718.77,604.84,522.83,501.88,492.6,478.46
183.81,263.92,558.0,774.38,754.44,658.57,550.65,517.73,488.25,456.58,442.45,452.9
346.09,653.76,728.46,675.5,594.81,568.95,554.71,541.35,527.18,512.01,496.87,483.3
563.67,647.81,642.98,598.73,582.75,569.92,562.77,557.33,552.49,547.8,542.92,537.81
583.37,639.53,632.86,600.44,586.72,578.28,574.66,572.59,570.49,568.16,565.54,562.52
589.65,635.98,623.0,602.15,587.63,578.59,574.91,573.03,571.14,569.02,566.62,563.84
588.77,625.78,612.33,594.57,581.84,580.67,580.61,572.71,564.0,556.25,547.0,535.3
577.67,604.77,606.82,590.45,577.81,573.1,571.73,556.32,531.61,503.87,463.47,417.6
574.75,599.61,606.22,590.19,575.96,567.31,552.75,525.56,484.48,423.8,368.93,359.07
544.47,580.95,602.01,590.15,576.55,565.42,542.6,498.73,432.32,352.4,319.58,288.33
526.77,553.82,581.2,585.71,576.67,565.34,541.5,486.16,394.28,279.34,208.28,164.84
529.43,557.48,577.62,573.4,568.82,560.02,533.34,472.32,367.52,248.21,157.53,129.28
512.4,535.03,572.5,574.12,559.67,536.14,501.17,441.29,329.29,214.16,124.39,102.23
567.82,573.8,587.78,566.27,542.54,502.95,425.79,306.95,201.24,124.78,97.51,113.0
522.77,545.05,575.1,567.82,542.25,486.04,405.05,294.69,186.58,119.09,90.91,89.61
565.69,556.05,549.32,528.92,462.42,339.86,250.56,161.51,100.93,78.8,85.22,126.14
563.28,546.22,500.93,433.3,332.19,234.83,158.55,96.23,76.72,87.25,144.44,239.59
576.81,543.21,454.4,343.29,244.59,170.17,106.85,77.79,80.86,125.58,222.71,353.04
567.71,505.71,364.06,236.89,137.54,88.08,70.05,85.86,141.37,210.08,336.39,571.49
557.12,465.15,311.1,206.23,135.41,82.62,75.27,163.01,374.69,614.36,708.78,725.73
394.63,225.11,141.11,81.07,58.83,106.32,314.53,608.85,720.67,723.9,655.25,584.55
315.02,157.56,82.06,52.93,80.22,236.72,467.19,675.94,720.49,671.96,563.75,529.07
167.62,93.28,77.71,122.2,308.03,490.41,631.59,682.02,640.13,536.07,497.79,496.96
76.62,81.34,136.49,274.1,511.19,742.61,751.1,666.41,554.99,512.39,496.51,483.4
91.0,119.77,266.16,479.84,683.32,741.59,661.01,538.81,500.23,476.15,463.08,468.78
152.5,335.59,622.96,778.99,742.33,617.82,536.85,502.29,474.46,455.08,448.24,447.09
197.24,518.67,762.84,753.96,661.33,554.37,516.26,485.47,461.47,450.76,448.14,448.21
451.47,740.36,763.77,720.4,630.46,575.48,562.01,552.33,541.56,530.04,517.14,503.73
605.8,673.29,670.14,628.36,602.25,584.64,577.14,574.07,571.82,569.49,566.93,564.03
611.53,660.12,638.76,617.02,599.47,583.62,577.41,575.15,573.64,572.06,570.32,568.37
610.8,657.31,634.01,614.41,598.36,585.17,578.99,576.03,574.15,572.5,570.8,568.95
601.85,635.52,627.51,610.52,596.18,585.41,583.79,579.43,574.81,571.91,569.68,567.41
594.15,618.85,620.26,604.25,592.41,578.52,576.75,569.2,550.52,528.66,505.41,467.55
563.64,593.91,618.18,605.53,592.08,575.32,568.8,552.24,527.16,489.04,434.21,381.31
534.23,575.35,614.58,610.21,594.23,574.95,562.83,528.67,484.11,417.72,351.68,332.67
556.29,579.57,602.31,594.34,587.94,572.15,557.81,513.37,440.04,332.29,238.44,170.88
502.56,530.79,578.18,586.75,575.93,552.79,529.65,489.13,397.67,271.27,164.1,120.56
544.8,572.79,592.04,572.58,558.28,528.66,464.54,355.46,244.1,153.21,110.92,106.76
571.61,584.3,593.26,560.87,527.4,461.53,377.03,273.56,173.99,113.81,87.2,94.85
576.78,579.56,577.92,529.58,438.0,306.88,218.21,144.91,96.26,80.95,113.71,255.59
584.68,575.2,521.91,428.25,311.28,212.73,140.06,91.17,80.57,121.95,275.29,475.94
580.66,563.26,473.51,345.29,236.68,142.37,78.72,64.47,84.88,201.89,385.63,585.96
479.45,401.78,278.75,174.61,118.47,64.84,54.86,63.77,110.23,248.56,415.44,606.38
486.08,372.45,248.65,155.71,108.35,55.33,60.55,173.7,415.1,638.65,725.8,753.52
392.67,226.55,137.73,76.21,47.92,71.96,201.6,421.45,633.66,707.63,698.01,617.77
250.14,122.05,70.92,49.21,84.05,210.83,413.77,635.31,705.16,672.82,553.01,490.94
291.58,142.98,80.62,68.42,171.35,392.26,628.38,690.6,655.22,544.4,494.67,488.67
102.06,71.44,86.38,211.02,536.6,768.63,751.96,654.77,533.38,488.17,481.79,480.95
99.71,87.75,170.95,471.38,765.02,751.73,665.68,552.09,508.67,494.94,483.09,475.88
89.04,99.56,202.4,437.72,713.51,771.82,709.68,577.79,528.29,502.2,485.96,475.08
180.51,406.37,716.35,755.98,660.2,546.59,508.36,480.47,458.9,450.03,447.94,448.42
500.19,650.96,693.16,634.07,593.46,574.83,562.86,553.53,544.47,534.37,522.93,510.62
604.71,665.76,646.97,604.63,587.82,578.56,574.67,572.47,570.27,567.83,565.08,561.93
589.88,645.96,638.78,605.34,589.07,579.41,575.56,573.64,571.75,569.66,567.32,564.64
607.5,648.18,622.65,599.13,587.15,583.28,579.16,575.7,573.27,571.34,569.46,567.39
606.84,652.05,622.95,596.52,581.89,583.89,586.14,578.26,570.91,566.93,563.84,560.46
591.19,613.5,612.52,592.15,577.1,569.73,561.37,538.82,507.89,460.86,410.56,372.31
590.22,612.92,612.08,591.54,576.19,564.83,540.05,494.68,429.91,357.56,337.92,323.03
586.77,608.16,611.17,591.51,576.41,564.71,537.67,478.97,384.55,272.95,208.19,177.42
584.69,596.27,598.86,581.14,572.02,562.16,531.82,468.37,362.51,244.08,153.96,123.97
572.3,582.79,593.37,567.87,552.83,527.23,483.38,403.98,279.17,164.79,108.88,108.06
587.31,600.03,594.73,564.15,545.65,510.74,437.78,327.75,221.65,128.95,96.54,118.68
577.96,591.87,593.21,559.0,526.25,466.56,379.41,272.02,176.42,118.5,91.52,111.32
584.11,592.75,571.25,525.06,448.28,327.59,240.56,155.29,99.69,78.38,84.92,117.42
575.53,554.52,469.67,353.85,253.06,172.52,105.3,78.87,80.26,101.19,136.72,189.05
551.81,534.8,434.32,303.91,204.7,145.75,91.26,77.05,92.99,163.48,283.67,520.49
504.65,444.28,308.95,207.72,134.34,76.23,61.66,76.33,136.64,244.76,422.75,687.01
502.58,403.88,269.14,177.24,122.95,71.61,69.53,158.48,366.76,608.36,718.93,733.09
384.28,222.85,140.05,79.78,51.21,73.3,181.88,375.65,586.46,709.07,732.64,687.95
350.16,190.57,101.5,61.66,75.24,189.55,406.81,647.65,714.78,691.66,590.93,549.81
313.83,157.97,80.35,53.95,98.57,278.22,499.51,678.88,720.2,672.8,569.03,533.94
174.05,102.38,85.63,112.67,270.6,448.82,608.01,676.46,648.87,548.21,501.73,498.14
88.09,104.16,217.66,467.0,703.67,742.93,698.1,582.2,523.05,494.47,479.97,470.04
176.54,203.73,433.71,772.75,784.37,720.45,601.17,557.86,543.2,530.67,519.42,518.05
202.46,316.79,529.41,764.8,783.77,720.33,601.33,557.41,539.94,522.08,509.09,502.72
403.54,697.33,773.48,743.13,667.97,583.85,564.84,556.26,546.89,537.04,527.01,519.26
603.16,664.64,644.99,619.76,600.51,583.6,576.63,573.84,571.73,569.6,567.8,568.49
599.3,661.05,633.8,616.45,599.95,584.02,577.01,574.31,572.3,570.31,568.33,567.25
593.79,646.31,629.82,612.95,598.47,586.57,579.9,575.71,572.71,570.42,568.43,567.29
574.39,613.34,625.41,615.56,599.52,586.4,584.93,581.12,576.68,574.03,572.29,571.02
546.41,596.11,627.29,619.11,601.32,584.82,585.55,587.84,581.89,576.07,573.23,571.52
465.16,506.3,590.64,613.94,603.83,586.65,584.04,585.7,578.62,565.71,553.17,539.27
406.66,459.24,568.72,616.86,605.73,584.98,575.36,554.46,519.26,467.38,394.46,338.81
564.92,596.62,617.12,606.78,593.19,574.14,559.54,516.55,448.23,347.66,264.62,209.73
566.85,593.08,609.93,600.4,589.33,572.3,555.81,508.67,428.38,312.96,205.66,125.03
577.97,595.68,602.92,590.9,581.13,568.26,544.53,488.27,389.42,262.97,153.71,105.75
578.34,583.41,570.3,543.58,527.43,487.06,396.21,260.24,146.83,102.24,105.71,203.26
547.55,554.86,541.68,497.24,417.6,313.08,218.62,132.57,100.29,116.04,241.96,565.71
574.42,567.08,537.65,464.45,354.83,251.43,166.85,104.04,88.6,101.59,184.7,431.81
579.1,554.37,456.99,329.11,233.01,159.3,101.44,98.93,141.69,345.78,729.85,773.47
572.23,503.59,343.28,228.0,147.28,89.55,74.13,94.07,154.16,263.08,529.46,750.7
538.49,436.63,298.36,199.32,129.26,73.79,75.84,210.75,616.62,775.02,731.56,649.56
354.04,204.46,133.74,78.58,50.49,81.56,267.12,578.17,772.26,757.75,687.74,585.35
313.28,160.77,85.09,54.13,78.89,256.49,517.67,725.76,753.97,697.78,586.24,545.83
239.14,122.36,81.91,80.23,193.53,426.97,647.92,708.66,685.48,589.79,541.73,524.17
342.84,188.67,111.68,128.81,367.79,798.41,766.91,719.34,641.5,592.56,574.88,560.74
263.02,127.48,99.24,279.06,772.72,765.91,697.35,603.95,560.06,531.44,507.01,486.22
162.48,144.7,258.2,590.82,801.94,783.06,706.98,605.08,571.7,557.49,538.13,512.85
135.81,140.81,305.71,557.16,767.1,793.83,733.57,617.52,563.95,549.66,534.36,521.01
185.85,215.76,459.12,790.83,784.84,729.08,616.8,563.53,548.72,532.92,517.5,505.2
407.92,666.7,704.75,638.04,592.29,573.19,560.91,550.86,540.67,529.26,516.41,502.94
529.07,617.29,633.09,607.69,587.73,566.92,552.19,539.73,524.78,507.09,485.05,463.51
584.61,622.88,612.2,601.76,590.08,574.8,565.29,557.7,545.23,527.2,503.5,466.04
583.16,620.11,610.64,597.94,588.93,577.94,567.04,553.78,536.16,515.64,484.07,441.26
584.56,624.96,611.92,597.54,585.2,577.08,568.16,546.01,520.95,489.18,450.76,413.78
574.8,600.25,604.6,594.05,582.98,570.06,551.11,514.28,461.15,393.91,351.96,355.42
572.3,595.99,603.02,592.85,582.38,568.97,545.22,494.09,418.12,333.29,299.46,270.03
571.07,583.68,587.99,575.08,565.27,554.26,517.1,443.55,331.85,225.98,149.9,153.43
571.26,581.57,583.26,562.98,550.38,535.58,494.27,399.57,272.66,160.08,109.38,118.04
570.82,577.5,576.4,550.06,517.47,469.76,410.82,295.74,176.89,109.0,96.22,156.05
499.65,456.11,387.73,314.97,235.04,162.72,100.95,86.14,93.4,114.3,128.4,132.91
526.45,432.77,298.46,210.04,157.96,108.33,107.41,143.24,230.96,279.29,274.62,346.39
498.87,400.21,280.41,195.09,147.49,96.01,103.37,144.63,218.23,262.63,250.56,334.24
545.16,443.94,299.87,206.42,148.96,96.96,103.2,149.74,245.17,294.74,321.64,561.04
466.46,346.4,237.13,157.37,114.9,69.73,66.43,82.68,107.37,136.17,223.08,513.42
559.88,468.78,312.82,207.9,137.79,85.71,77.02,110.96,255.76,526.52,729.91,765.43
428.86,257.73,140.88,71.46,45.12,74.03,188.49,390.71,614.44,733.69,731.6,671.55
244.65,130.01,87.37,63.0,85.4,201.31,338.17,505.58,706.17,743.59,690.62,587.53
155.17,92.92,79.69,101.62,205.02,354.63,517.71,692.49,733.9,668.12,545.09,493.64
129.0,88.36,103.77,183.28,331.28,521.08,736.54,783.99,760.78,715.74,657.29,602.38
78.19,170.44,373.11,555.72,680.68,719.21,730.0,657.25,569.08,531.76,516.02,504.84
91.43,163.48,324.33,504.63,689.08,735.16,660.44,548.46,516.47,508.98,497.59,493.18
193.12,509.45,776.52,770.25,690.9,570.22,527.55,494.08,467.18,455.35,461.75,477.09
403.48,686.35,777.32,745.88,673.89,585.44,564.3,555.28,545.29,534.63,523.43,514.25
597.75,670.07,678.61,640.19,606.59,586.23,577.83,574.54,572.33,570.14,568.33,569.2
607.22,659.97,657.52,626.37,603.11,584.82,577.24,574.26,572.18,570.03,567.78,565.98
610.53,656.88,638.94,618.6,600.5,585.59,578.93,576.05,574.35,572.8,571.2,569.57
599.99,631.84,629.74,613.03,598.4,584.52,580.82,576.09,571.14,567.09,562.97,557.91
594.83,621.78,624.88,607.9,594.61,579.53,577.41,571.11,554.04,533.73,512.72,479.84
585.28,606.78,624.3,608.38,593.32,575.48,568.27,550.36,524.32,483.79,427.56,375.93
566.72,588.81,616.57,606.17,592.9,574.24,561.26,523.55,471.44,397.72,336.44,324.49
535.95,567.17,605.03,605.79,593.28,574.7,561.96,521.42,453.9,348.78,246.78,182.63
530.74,564.81,600.71,596.51,581.88,563.65,550.41,511.5,434.9,319.82,210.22,132.56
583.02,591.44,603.95,586.39,572.59,545.11,500.49,416.55,301.16,198.93,124.28,100.29
554.04,579.32,595.86,576.92,558.99,528.38,463.48,348.21,230.58,151.51,113.08,92.4
580.82,586.47,592.27,560.76,517.04,417.89,312.0,215.18,142.11,98.54,84.01,159.1
584.03,574.15,529.31,468.42,352.95,243.35,162.24,99.34,79.96,99.35,211.72,388.35
576.37,552.33,442.19,307.16,201.38,132.29,79.6,71.53,96.81,175.2,272.34,449.1
561.75,512.75,361.94,243.34,147.5,84.61,65.77,86.35,198.78,362.68,555.05,675.76
531.35,418.76,269.9,179.7,115.69,54.11,60.7,177.45,419.57,633.46,717.41,738.55
455.89,273.65,138.5,76.83,43.06,66.49,183.93,426.27,661.01,722.93,698.37,595.73
325.84,171.85,89.08,52.64,69.92,157.84,333.52,555.66,711.74,718.06,628.4,524.19
218.86,127.17,104.62,112.57,227.86,480.35,659.93,701.29,655.36,540.9,486.57,473.82
94.13,96.58,154.26,319.88,635.0,677.06,676.19,579.24,483.65,456.11,451.97,449.09
71.47,103.85,221.05,487.34,708.13,744.17,685.75,571.79,518.13,497.92,486.2,475.99
158.13,317.07,534.53,744.81,757.37,654.97,544.72,507.6,482.2,470.09,476.93,490.09
245.01,689.92,757.81,692.05,578.59,539.79,503.51,473.51,454.39,448.19,447.33,449.22
493.2,659.44,713.81,663.85,601.81,575.6,563.37,554.4,545.37,535.45,524.21,512.09
599.64,664.49,656.13,618.24,597.52,582.86,576.48,573.71,571.48,569.12,566.52,563.62
609.37,655.08,630.47,612.84,597.03,582.76,577.08,574.99,573.45,571.85,570.09,568.13
597.65,627.91,624.88,609.31,596.65,584.92,579.27,576.54,574.84,573.42,572.0,570.48
599.55,631.97,622.77,604.96,592.03,585.24,584.86,579.11,573.11,569.46,566.59,563.5
592.82,617.09,616.71,600.65,588.7,575.12,570.86,553.73,527.74,495.81,450.19,402.78
554.94,588.16,614.17,602.62,589.9,573.03,560.63,528.49,488.42,427.29,364.28,348.51
507.95,543.41,593.44,601.41,591.41,573.7,560.05,518.73,456.07,366.33,295.55,264.38
488.09,495.1,550.35,581.29,582.74,569.14,555.41,511.04,433.29,321.73,223.17,150.93
553.79,579.3,597.45,580.48,567.76,541.05,497.52,434.72,331.71,218.28,126.57,100.68
573.04,582.82,597.36,575.65,560.52,531.05,468.04,356.39,241.67,159.67,115.63,101.14
545.73,576.2,593.74,577.35,560.07,530.9,468.02,353.45,235.42,153.99,114.7,94.09
589.89,591.29,579.81,543.8,489.91,375.91,276.4,176.57,107.28,83.14,95.69,199.44
585.61,573.46,533.45,475.74,357.52,245.89,163.67,100.18,79.88,94.37,180.58,334.14
578.23,552.56,464.9,344.91,239.05,156.25,96.19,77.57,98.95,210.27,375.35,583.43
539.01,500.28,353.44,238.99,146.75,85.34,66.81,90.37,208.74,374.89,573.95,699.55
534.8,422.55,271.54,181.56,116.12,61.23,70.66,232.06,501.91,677.84,746.57,714.96
439.85,261.6,134.03,73.85,45.55,74.17,204.82,437.12,655.75,720.62,698.52,598.17
301.85,143.85,68.47,36.4,65.29,189.28,404.7,639.83,705.31,675.17,566.59,523.5
279.6,135.59,81.4,82.37,224.72,474.38,668.77,708.3,655.93,539.42,495.24,491.94
82.0,70.53,77.91,163.56,429.96,725.14,742.69,669.33,541.07,489.58,481.71,480.54
98.04,100.59,200.15,477.72,749.87,755.95,684.24,572.28,522.27,499.9,486.5,477.39
108.16,138.99,327.7,586.19,727.91,715.06,585.51,521.69,488.0,468.97,468.82,472.77
227.33,629.07,768.68,739.52,629.52,546.31,509.48,479.75,457.97,449.47,447.62,448.1
433.85,727.24,753.88,695.0,605.8,574.31,561.92,552.14,541.92,530.78,518.31,505.32
599.64,664.54,654.35,608.65,591.16,580.34,575.46,573.0,570.75,568.32,565.62,562.54
586.13,648.49,645.71,609.16,592.4,581.17,576.36,574.14,572.17,570.04,567.68,564.99
608.45,652.46,625.02,603.24,590.37,583.02,577.96,574.71,572.26,570.06,567.72,565.02
608.04,654.04,624.24,600.0,586.76,585.27,585.88,579.41,573.36,569.94,567.31,564.52
594.7,619.46,614.8,595.55,582.34,576.19,576.74,566.22,546.65,525.51,501.75,468.23
581.86,601.16,612.34,595.34,581.68,569.19,554.37,523.98,482.09,419.55,363.28,354.63
559.88,589.89,609.62,595.21,581.96,568.5,548.45,498.47,421.83,322.89,265.29,219.74
573.91,585.99,601.09,587.54,578.6,566.94,543.28,486.84,389.14,265.73,169.16,128.78
519.15,552.32,581.89,575.99,562.8,538.53,502.63,447.69,339.45,223.49,129.36,100.78
577.89,589.01,593.86,565.45,548.04,514.13,439.02,322.22,216.26,130.27,98.79,103.31
485.57,495.66,542.25,551.8,531.63,484.98,406.25,293.38,182.92,117.79,89.41,91.61
571.21,573.4,564.57,516.68,422.27,292.63,203.72,136.97,91.26,76.14,88.18,127.83
575.2,555.36,485.65,375.99,266.73,184.34,117.4,81.97,78.08,96.79,138.23,193.77
549.22,536.65,440.58,307.2,205.41,142.04,88.46,75.41,91.53,154.43,248.82,449.16
573.53,544.4,424.2,287.44,170.56,103.34,67.56,70.81,134.33,288.56,477.76,691.27
502.95,404.01,268.5,174.76,117.84,65.95,61.66,132.37,336.34,570.27,720.92,747.1
403.44,233.24,135.27,74.11,45.13,64.14,169.25,373.56,588.16,699.63,719.48,669.55
321.87,166.27,84.25,47.68,61.46,156.94,346.51,559.35,689.76,700.2,617.09,526.07
292.03,144.53,77.31,52.24,96.81,265.49,475.41,670.5,716.52,670.94,564.06,528.59
200.97,116.39,88.15,106.97,263.57,463.05,641.66,701.34,665.22,561.58,520.43,513.63
111.95,79.98,107.91,290.03,648.98,752.93,714.12,604.36,541.04,513.75,495.53,474.82
109.77,159.16,354.34,527.05,733.74,779.08,699.78,572.69,534.53,508.96,494.73,497.05
122.97,255.01,403.03,519.1,718.94,770.96,688.67,564.07,519.72,488.83,463.76,451.92
407.97,629.3,737.61,742.58,678.17,585.87,563.62,555.93,546.54,536.42,525.14,512.9
553.84,636.89,648.69,612.98,592.45,574.99,564.46,557.64,551.67,545.84,539.77,533.35
598.41,638.74,622.25,608.42,595.02,581.98,576.79,574.9,573.42,571.86,570.16,568.26
593.01,626.68,618.21,603.79,593.38,584.35,578.93,575.86,573.71,571.99,570.33,568.53
586.24,614.57,613.74,600.1,588.58,580.79,577.89,566.63,553.01,539.63,525.55,506.53
565.03,587.0,608.02,598.3,587.91,573.38,564.52,539.13,507.85,458.39,401.88,362.33
571.06,587.38,604.6,594.68,586.25,571.25,555.22,515.49,459.97,387.99,340.65,339.54
543.35,571.24,591.95,582.21,577.75,566.01,548.82,500.66,421.44,317.08,248.16,195.38
526.05,554.13,582.79,582.14,570.7,545.09,510.21,461.29,365.59,246.94,155.22,122.88
494.98,502.18,540.72,557.83,552.94,524.02,457.29,344.14,232.95,148.73,109.92,104.28
575.03,587.66,590.67,556.29,524.12,464.61,367.36,256.48,165.19,113.53,85.28,92.62
490.76,446.46,402.69,350.48,283.9,185.36,119.78,81.71,71.24,78.69,90.44,92.97
554.4,562.25,545.49,509.6,413.81,296.97,203.75,132.87,89.18,75.59,90.08,135.12
579.03,556.34,486.47,398.38,291.46,202.78,139.45,89.9,76.3,89.71,138.17,208.9
412.21,309.48,190.4,118.16,110.37,100.88,91.78,74.85,68.41,90.08,187.74,407.84
516.24,465.95,326.13,214.01,126.67,74.96,60.83,76.05,131.4,223.13,353.15,570.58
555.29,460.92,300.45,201.76,126.22,70.59,65.14,158.46,389.5,618.86,707.33,730.91
392.82,229.63,140.37,78.73,49.74,75.82,222.86,465.4,674.8,727.09,693.54,594.98
252.01,143.68,99.94,72.34,97.49,246.29,427.58,614.77,702.98,680.19,571.61,515.79
291.48,146.95,81.68,58.33,117.72,310.67,542.21,694.09,727.19,675.03,573.55,538.54
127.69,94.84,88.45,149.48,327.9,551.79,693.07,702.31,617.67,519.48,496.0,493.2
112.72,83.24,133.9,372.61,749.38,749.3,671.71,559.12,515.68,498.53,484.79,475.62
86.6,221.64,537.18,773.08,753.15,630.99,528.34,493.27,470.66,464.62,470.81,474.05
237.68,506.72,740.39,761.96,695.6,581.79,539.34,504.64,474.24,454.23,447.77,447.05
443.36,736.76,764.62,721.03,630.44,575.97,563.19,554.3,544.61,534.22,522.52,509.91
575.93,672.49,679.07,627.26,597.31,577.96,567.33,561.48,556.6,552.06,547.52,542.74
605.28,656.21,645.38,612.18,595.77,582.19,576.27,573.67,571.54,569.28,566.78,563.95
607.1,651.32,628.38,609.89,596.07,583.89,577.99,575.28,573.41,571.65,569.77,567.67
594.21,622.61,618.48,603.28,592.34,582.13,578.18,571.89,564.92,557.78,548.54,536.01
559.74,590.81,612.67,601.33,590.81,578.35,577.13,568.75,550.8,530.36,508.55,472.6
577.0,597.02,613.33,600.34,588.52,573.35,565.24,544.75,516.68,470.55,412.89,366.41
567.86,582.81,604.81,595.5,587.03,571.54,555.99,514.67,456.94,377.5,328.77,319.56
580.96,593.32,597.75,580.86,576.24,565.28,545.53,492.93,399.07,277.27,186.8,143.51
554.58,576.36,591.6,569.9,556.12,526.44,463.44,364.41,250.93,150.18,106.43,116.39
468.68,481.19,533.67,547.18,533.69,487.43,406.36,291.36,179.89,116.67,88.8,88.75
590.33,594.91,587.86,547.08,486.67,372.92,276.16,176.71,107.57,81.64,82.23,100.75
587.53,580.43,562.47,513.55,401.85,277.24,191.75,122.2,85.81,78.49,96.85,151.34
582.55,567.25,527.8,464.45,346.14,234.44,156.12,96.4,77.5,87.81,142.52,234.43
572.35,546.91,453.92,321.53,217.52,137.0,82.71,72.14,97.55,187.71,315.21,555.67
512.94,461.33,336.56,223.87,141.44,82.76,64.64,81.2,159.61,283.39,463.77,684.71
520.87,431.92,288.38,195.04,124.68,70.26,68.23,191.32,440.19,645.17,714.39,731.35
389.02,223.88,137.71,76.36,46.96,66.65,185.05,402.05,617.36,700.92,698.64,618.42
291.64,151.64,83.94,51.26,69.87,177.34,380.63,602.81,696.72,679.29,567.82,501.25
190.08,109.35,80.23,86.89,189.87,378.92,525.55,641.0,677.65,624.06,520.85,484.84
120.8,83.72,101.62,207.08,416.16,629.91,693.48,666.69,557.09,495.02,483.41,483.82
182.16,102.19,110.03,272.18,464.4,623.78,690.07,675.02,587.28,544.98,527.93,511.5
108.24,128.71,248.53,420.86,677.76,802.93,751.11,631.77,555.54,541.02,519.65,496.23
129.24,189.87,329.88,470.27,714.0,809.68,766.05,675.24,576.61,555.72,541.63,527.31
165.39,308.39,537.54,790.02,788.16,731.31,617.78,563.27,547.23,530.31,514.12,502.34
329.43,592.59,760.86,775.31,729.89,629.91,570.29,560.22,552.64,543.0,532.77,521.75
439.58,748.15,764.6,718.07,624.25,572.49,558.61,547.11,534.12,521.08,509.69,493.96
612.14,673.74,652.57,612.39,594.94,581.71,575.8,573.07,570.74,568.2,565.35,562.05
