168.87,183.67,437.21,734.3,801.99,807.39,800.7,775.8,729.75,660.74,560.55,388.38
188.62,337.15,684.96,811.65,801.27,762.5,716.27,653.0,584.86,539.58,533.14,532.97
474.2,613.1,758.12,745.28,697.71,633.1,534.79,428.15,347.69,297.51,261.0,239.93
651.05,725.13,726.88,692.18,639.86,550.55,451.08,375.31,326.93,303.67,294.41,299.37
701.55,738.1,716.13,678.61,624.57,525.4,409.75,328.84,279.65,256.7,259.83,280.11
700.48,738.3,716.61,677.07,623.36,525.97,396.64,293.87,223.96,204.77,202.42,220.39
707.17,738.71,715.94,676.07,619.7,516.01,374.01,248.56,177.79,171.3,206.1,370.59
555.87,620.24,738.75,725.45,683.37,628.78,527.87,378.4,246.37,174.1,167.39,203.89
591.79,643.04,731.58,706.2,660.18,579.15,437.63,291.69,176.74,144.65,174.47,355.56
651.79,718.75,723.26,685.2,634.12,537.16,386.9,249.9,164.57,146.05,191.45,432.22
598.11,647.14,729.23,701.51,653.42,565.37,416.7,272.35,167.87,143.24,177.98,375.9
625.39,681.94,722.61,685.98,628.66,519.78,359.6,225.34,154.03,147.9,211.06,503.03
655.3,704.97,694.08,628.56,495.3,321.25,185.37,135.84,150.46,245.26,573.19,781.89
658.47,708.49,695.95,629.44,491.42,315.15,178.12,133.48,147.63,232.48,553.71,784.06
672.12,712.41,682.83,593.55,430.13,267.05,152.52,133.1,148.49,234.99,559.39,795.16
654.47,700.71,687.4,609.09,455.57,288.49,160.61,133.42,150.16,248.04,576.88,789.59
674.81,704.63,665.41,550.77,373.92,222.0,136.89,133.71,150.8,242.9,580.46,805.6
687.09,684.6,584.39,408.13,252.81,143.11,129.11,139.55,205.92,443.06,752.41,802.25
451.76,383.38,256.21,143.33,108.13,114.9,169.27,323.84,645.84,815.52,817.63,807.94
358.39,158.38,78.64,81.35,113.6,189.51,488.69,806.94,818.55,809.51,794.95,767.89
358.66,145.36,76.35,81.34,125.2,297.59,650.27,820.64,818.21,803.24,761.4,686.42
360.83,142.54,81.29,90.75,160.15,404.86,716.68,816.61,814.79,803.42,787.71,755.94
343.27,145.27,99.67,132.77,298.73,631.24,810.69,808.27,799.05,792.48,786.22,775.09
151.75,103.44,155.01,389.47,699.31,817.06,817.2,807.53,793.23,769.02,720.74,652.04
116.21,125.49,217.11,563.5,831.94,835.92,824.61,785.2,715.22,630.42,547.06,485.44
76.96,124.95,311.35,657.65,825.48,824.42,807.5,763.55,699.68,627.5,566.81,539.71
117.37,326.23,673.19,824.61,822.66,802.14,759.52,698.89,638.71,581.79,553.46,541.17
541.09,743.98,782.43,762.77,729.68,707.19,694.43,680.41,664.03,641.91,610.69,573.42
590.33,755.01,777.42,764.19,732.71,709.98,698.39,686.95,674.43,659.42,637.24,600.6
582.47,727.08,769.64,757.67,729.96,709.23,697.93,686.77,673.36,653.11,619.49,568.79
720.68,744.9,719.37,687.63,679.09,678.44,675.02,670.12,664.18,654.53,640.92,620.83
720.9,745.92,721.77,683.64,661.14,657.5,660.95,661.04,657.6,649.22,636.01,614.88
719.53,746.35,723.42,685.59,648.62,616.72,608.28,609.81,606.52,592.96,566.84,531.41
720.2,745.98,722.53,685.1,645.67,586.25,536.9,522.99,523.17,519.44,506.31,489.53
713.94,745.57,723.52,685.47,645.01,580.87,509.4,472.6,469.85,478.9,483.59,477.49
711.18,741.3,712.47,667.07,603.71,521.38,447.89,381.7,343.36,355.16,383.39,398.43
693.7,728.56,695.64,629.19,533.91,442.53,354.08,265.11,199.25,154.35,143.81,146.03
701.3,723.77,678.8,590.48,481.3,386.86,285.08,205.29,154.74,139.32,144.88,171.72
694.76,713.94,664.62,563.93,453.47,351.29,252.82,183.51,143.72,138.27,151.91,200.32
689.9,700.73,639.42,533.11,434.32,330.94,238.28,175.16,142.71,140.78,160.16,225.68
666.36,681.62,608.25,490.34,397.49,292.3,203.8,150.12,136.74,146.29,202.73,438.84
656.03,663.98,571.36,448.89,339.74,245.61,171.64,133.13,132.66,162.61,311.74,659.08
470.11,449.35,364.81,257.2,179.21,122.91,111.84,127.6,159.22,225.36,451.83,744.52
509.32,460.82,363.85,229.94,125.9,99.84,118.61,140.99,200.38,390.44,710.75,794.4
452.54,430.94,363.52,213.73,96.06,92.4,117.98,162.38,326.26,655.12,816.29,811.82
422.8,335.25,179.72,66.07,63.68,83.38,132.33,285.39,636.71,818.42,815.92,797.68
347.99,189.4,61.18,57.67,71.83,118.46,266.36,626.1,817.84,817.29,804.8,759.25
68.91,44.75,56.16,98.4,211.97,481.54,752.75,788.49,705.57,614.92,534.48,469.02
64.97,72.0,143.97,449.81,754.59,833.63,817.24,745.58,655.03,561.9,489.68,452.84
130.82,286.5,650.09,829.92,826.94,793.11,739.3,683.29,626.91,579.14,552.79,543.72
204.76,584.82,804.06,805.17,786.18,745.08,689.98,632.35,575.19,546.42,533.66,526.33
552.55,748.45,781.3,767.99,736.94,716.52,707.27,700.55,694.01,687.0,676.99,658.48
579.73,687.88,757.03,759.83,741.8,719.03,708.01,702.87,699.97,696.61,688.45,676.52
717.68,743.81,736.44,716.62,701.88,694.85,691.46,689.24,687.0,681.89,674.38,664.1
721.18,746.58,734.62,704.88,692.51,692.23,691.16,689.32,687.09,681.95,674.42,664.15
724.22,747.33,736.34,702.75,681.92,682.91,687.9,688.73,687.05,681.99,674.45,664.19
717.93,747.66,739.05,706.76,678.89,668.07,674.04,682.9,685.17,681.24,674.01,663.78
711.98,747.56,740.1,708.39,680.7,655.67,637.54,642.5,658.28,665.65,662.99,652.96
713.77,747.26,739.03,707.03,679.43,649.66,594.96,524.75,468.85,420.37,378.83,346.39
677.59,737.37,732.14,694.98,652.68,572.91,429.64,288.94,177.25,156.68,197.69,431.03
601.72,658.46,747.05,730.35,688.61,631.73,521.65,354.06,220.43,156.52,157.97,249.45
662.3,737.19,738.9,703.95,665.77,600.46,475.6,322.26,201.88,149.05,163.62,288.35
695.7,737.55,727.95,694.0,657.72,590.01,463.15,317.15,200.34,149.76,164.22,289.28
692.57,725.16,706.03,670.23,608.89,489.68,332.87,210.66,151.05,159.58,268.79,586.46
673.57,674.54,595.5,443.48,297.42,161.8,131.58,157.09,314.91,633.96,794.68,799.18
658.49,623.33,441.5,298.42,161.74,123.4,136.62,264.72,614.45,807.45,805.04,797.04
596.58,426.06,227.63,111.12,101.38,130.01,199.64,424.44,746.99,811.59,803.4,790.48
488.25,268.29,96.58,77.53,99.41,158.08,336.42,674.66,815.93,812.27,786.59,712.48
429.17,180.13,60.53,67.79,92.23,185.55,507.7,800.59,815.44,797.78,743.24,661.39
182.05,66.13,68.93,117.27,362.37,714.96,820.39,816.24,800.34,747.95,671.43,579.91
92.84,63.3,115.05,353.95,699.8,832.99,829.34,798.19,727.34,645.29,564.32,504.66
119.34,164.34,467.36,772.78,832.47,814.32,752.77,674.71,588.91,529.24,498.1,477.55
160.4,289.05,645.49,828.36,824.95,784.03,707.04,614.89,536.61,492.3,465.38,440.1
175.98,472.13,779.51,821.73,804.33,766.82,708.31,651.97,591.31,556.41,540.55,528.26
573.75,693.97,763.87,759.3,732.66,713.49,704.45,700.25,697.69,695.87,693.46,687.29
700.14,747.38,744.3,719.54,700.8,693.37,690.35,688.57,687.5,686.69,685.07,680.09
717.8,747.31,738.7,709.58,693.54,689.73,688.25,687.27,686.66,686.13,684.67,679.79
717.29,747.23,738.26,706.73,684.33,680.61,682.04,683.58,684.49,684.83,683.89,679.3
711.68,747.15,739.46,707.78,681.09,663.27,657.89,662.67,669.84,675.47,678.13,675.69
657.12,729.79,748.21,724.48,694.08,669.97,644.52,627.42,619.18,614.09,607.5,593.12
663.8,734.71,746.88,720.68,690.88,665.86,624.44,558.57,490.34,448.49,414.47,393.82
675.89,741.59,744.69,715.34,686.51,660.69,611.9,521.41,394.72,310.7,278.82,293.28
505.08,632.68,762.3,761.5,739.07,708.38,681.52,637.54,555.26,410.71,296.0,220.27
530.76,634.2,760.16,758.79,732.1,700.35,666.19,595.79,460.05,297.23,175.8,143.04
568.03,654.32,746.68,732.24,689.97,631.37,516.36,338.43,207.67,145.58,143.71,188.58
582.34,676.14,746.96,729.75,689.1,633.46,524.64,350.08,218.23,150.77,142.37,179.05
695.62,736.48,720.13,677.55,608.58,476.59,314.13,186.87,141.0,156.93,260.49,578.66
698.02,728.85,698.93,635.95,508.56,331.77,193.31,137.5,151.73,246.63,568.91,771.21
705.43,700.95,630.81,480.72,306.91,166.91,130.49,141.73,199.99,474.12,779.49,801.05
685.21,681.15,565.34,385.65,232.12,135.83,129.97,144.0,219.45,476.69,787.34,803.73
673.64,620.32,364.45,190.41,115.19,116.71,148.89,226.53,506.67,800.64,804.43,796.28
568.43,376.15,162.54,87.42,99.45,134.48,257.64,612.57,814.31,812.5,802.12,787.52
581.19,377.37,151.46,87.61,108.6,179.18,474.55,789.95,806.27,796.08,762.79,695.78
294.25,96.28,69.95,93.7,215.33,585.23,815.03,810.95,791.29,735.86,655.79,571.2
132.53,82.01,110.16,300.97,655.73,820.16,816.84,800.55,753.04,673.93,583.87,513.72
118.12,126.76,321.95,680.65,833.95,830.21,802.36,730.13,645.06,561.47,510.32,485.86
126.68,201.26,476.14,788.99,826.26,784.6,697.46,595.7,513.38,490.14,492.43,498.92
206.95,594.29,801.34,795.7,765.14,718.35,660.95,589.44,546.46,526.54,516.47,510.34
598.26,731.31,761.85,749.03,720.87,705.59,698.41,694.27,691.27,688.78,685.22,675.79
684.24,740.35,745.7,728.22,704.93,693.1,688.48,685.66,683.74,682.21,679.52,671.29
711.18,742.12,734.26,712.47,698.39,691.44,687.65,685.05,683.25,681.82,679.38,671.65
713.56,744.94,732.75,701.74,689.27,688.79,687.3,685.12,683.35,681.9,679.55,672.18
721.12,745.42,732.33,697.68,676.98,678.01,682.88,683.78,682.85,681.62,679.42,672.39
714.86,745.73,734.67,701.14,672.2,658.54,662.72,672.74,677.44,678.51,677.54,671.64
694.17,745.51,739.26,706.2,676.4,645.27,614.63,600.53,595.27,584.98,564.73,531.82
714.43,745.47,734.24,701.4,672.49,633.29,561.11,468.17,394.22,353.3,355.04,378.59
495.44,631.24,761.72,760.35,735.41,703.4,672.11,619.87,551.75,472.42,392.18,324.31
702.69,745.51,737.12,703.93,674.47,636.23,560.02,427.77,299.22,192.86,154.31,151.83
463.22,605.36,750.35,743.25,699.86,643.05,530.47,345.87,204.66,138.61,138.52,172.57
509.91,609.4,746.16,734.66,687.02,607.24,456.94,288.06,159.21,130.57,143.49,215.88
652.53,713.19,722.1,678.02,594.21,440.87,283.76,157.09,127.13,141.47,217.92,513.18
535.85,617.24,739.93,718.79,659.78,538.83,350.29,199.29,126.68,130.06,155.86,276.89
681.23,717.4,684.1,591.51,423.74,262.44,149.36,132.38,144.37,206.09,468.18,762.5
680.75,686.68,593.64,417.5,262.41,144.76,128.89,139.97,212.11,476.3,775.04,791.9
681.02,639.59,428.77,264.53,140.51,126.76,136.57,207.33,449.94,767.23,803.98,797.79
662.05,546.35,280.38,130.97,114.42,127.99,206.06,480.96,800.58,811.49,801.78,788.34
542.37,310.24,112.26,84.26,109.1,176.42,444.94,769.07,804.98,798.88,782.04,737.88
313.64,104.84,70.29,91.73,187.41,525.26,808.64,811.05,793.48,743.43,664.81,578.14
82.58,58.82,99.22,284.16,662.66,830.79,828.04,791.43,718.03,635.24,553.91,494.17
106.93,234.29,627.65,831.07,829.97,793.44,712.99,617.98,537.63,492.46,464.69,438.79
86.79,250.62,640.69,813.56,808.97,760.97,686.71,604.06,545.69,519.56,507.33,502.35
303.08,649.41,797.38,785.19,734.14,665.74,595.61,548.68,526.56,516.41,512.07,507.69
664.63,731.19,728.45,696.09,676.51,666.48,657.18,648.76,641.25,633.91,625.25,610.88
692.36,732.31,726.88,701.96,686.34,679.06,673.74,669.2,665.42,662.18,658.65,651.75
664.59,734.41,736.64,715.94,699.34,690.97,686.79,683.95,681.97,680.48,678.53,673.12
701.74,742.56,731.18,700.79,689.33,689.41,688.2,686.26,684.73,683.56,681.88,676.75
706.97,743.55,732.8,698.69,678.64,679.93,684.93,685.87,685.04,684.03,682.5,677.69
699.75,743.73,735.11,702.2,674.16,662.69,668.23,677.94,681.92,682.67,682.48,680.9
549.6,644.04,761.63,759.16,731.65,699.7,683.84,686.71,692.24,692.81,690.4,683.03
538.0,638.83,761.99,760.19,734.55,702.96,675.28,657.79,656.38,655.61,640.85,608.41
628.76,715.65,751.71,733.25,700.86,673.12,631.9,556.42,453.12,358.9,296.18,263.3
502.77,632.58,762.49,761.27,737.53,705.88,675.51,617.65,511.33,353.01,245.51,181.49
592.24,708.8,757.39,746.13,711.35,676.2,617.41,502.68,324.22,197.53,145.12,143.09
586.5,704.68,756.02,740.48,699.8,658.16,576.7,425.38,274.1,165.67,137.39,149.25
580.75,672.81,745.1,721.52,677.49,601.68,457.69,292.63,162.74,129.93,142.98,212.41
701.44,729.18,696.05,635.75,518.04,348.25,212.92,145.44,149.79,223.4,527.81,764.68
700.94,705.55,646.1,508.99,330.19,186.33,132.74,144.04,210.19,507.75,782.97,793.16
680.15,678.2,561.43,384.24,230.87,133.58,128.82,146.57,242.49,565.4,808.71,805.68
657.54,597.13,339.48,173.19,117.0,119.51,177.06,332.33,646.21,809.7,805.74,791.73
649.52,515.25,255.38,114.84,106.75,147.91,253.73,586.99,809.21,807.13,792.47,756.75
493.98,246.39,83.03,83.15,117.99,250.72,612.14,815.05,812.37,786.68,715.07,618.32
380.24,166.68,89.83,113.34,241.38,605.75,812.79,808.81,790.16,736.85,657.36,566.64
190.8,84.27,97.76,230.04,603.43,816.81,816.62,801.42,757.62,680.19,586.3,510.61
74.76,96.5,280.12,658.63,831.31,829.9,802.81,729.95,643.43,558.14,503.49,480.89
127.46,390.26,713.07,824.16,818.84,794.33,745.39,682.01,612.14,559.93,535.77,522.33
362.21,677.48,804.62,795.37,763.51,719.11,668.76,608.43,555.28,528.42,517.13,510.48
573.23,707.26,768.66,764.76,737.17,717.2,707.33,702.4,698.91,695.55,690.21,684.35
698.55,742.22,744.39,726.02,704.28,693.96,689.93,687.55,685.96,684.23,680.38,675.88
717.47,744.38,734.59,711.19,698.35,692.66,689.42,687.21,685.73,684.26,680.95,676.11
722.88,746.57,733.33,700.86,688.31,689.21,688.73,687.14,685.78,684.62,682.44,677.7
718.18,747.15,736.22,701.71,678.33,678.05,683.88,685.77,685.4,684.56,682.83,678.38
715.01,747.06,737.84,704.59,676.04,660.16,663.23,674.43,680.36,682.13,682.23,679.79
709.09,746.95,738.84,705.96,677.74,648.57,615.48,599.74,597.81,594.98,586.35,571.3
560.45,645.45,761.62,759.82,733.5,702.48,674.51,652.1,648.29,654.78,657.25,649.82
557.23,643.48,761.74,760.13,734.05,703.17,674.06,625.74,558.57,483.56,413.89,348.91
702.24,746.23,738.54,705.11,676.06,641.06,571.57,451.87,323.42,212.49,158.03,141.08
467.28,618.29,757.43,754.17,719.27,681.39,617.22,494.12,319.47,192.15,140.68,142.6
518.19,625.44,754.4,749.43,709.6,661.54,566.53,396.85,244.18,155.3,136.69,153.08
639.58,725.6,736.09,699.85,653.34,563.8,403.46,254.9,147.65,129.18,146.88,237.22
584.21,660.36,736.94,704.49,644.9,528.35,355.29,217.35,146.75,144.24,188.68,417.75
693.79,710.7,663.99,545.81,371.85,224.25,139.15,135.6,157.84,287.33,625.82,799.86
690.24,686.2,577.33,400.4,247.81,142.54,129.94,141.07,209.09,466.2,777.08,799.19
667.23,627.53,406.67,242.37,132.61,122.05,141.12,232.81,536.1,804.18,804.21,795.32
663.01,611.22,365.29,193.9,115.22,116.32,159.0,274.92,612.71,807.94,805.29,797.25
403.24,156.81,68.51,77.16,115.05,250.15,614.93,817.66,815.72,797.5,743.19,661.83
303.84,94.68,63.53,82.21,169.63,492.32,795.81,809.89,790.4,732.61,650.92,565.51
125.65,62.6,67.3,147.8,459.67,775.34,819.19,808.97,775.57,704.04,611.55,534.46
92.55,85.69,124.98,311.67,670.49,838.74,836.2,821.05,774.09,706.89,625.26,547.0
90.46,231.93,604.21,817.55,816.39,782.95,714.66,637.42,566.29,530.72,509.87,497.36
245.23,619.86,801.15,794.82,760.23,709.43,653.05,585.03,538.9,518.41,508.79,502.07
605.95,749.8,776.57,753.67,722.25,703.21,691.34,677.61,660.72,634.98,592.4,541.5
706.07,742.67,741.07,711.92,692.87,683.64,677.21,671.7,666.7,660.23,647.65,632.71
716.25,744.4,728.88,700.8,689.53,682.87,676.96,671.56,666.54,660.01,647.37,632.31
722.01,745.77,719.29,685.89,676.38,674.84,670.52,664.72,658.58,650.69,636.15,616.68
716.47,743.87,715.27,671.74,641.35,626.2,618.06,602.86,578.49,548.25,516.15,484.48
702.26,743.74,725.15,682.99,639.35,593.02,564.12,545.0,528.54,513.97,496.38,473.36
624.33,719.7,749.92,715.0,676.69,636.71,594.84,570.32,549.77,521.56,491.5,466.75
702.73,743.91,726.49,684.86,638.64,563.36,475.04,414.39,376.88,364.48,361.21,358.19
698.73,746.16,736.24,697.33,661.13,607.09,528.8,453.57,400.93,382.6,388.61,398.49
711.63,742.64,717.19,675.37,622.48,540.44,451.19,364.31,279.3,232.29,223.3,229.71
706.84,733.53,696.55,630.95,528.27,418.71,305.19,207.2,154.23,147.27,179.53,341.36
686.71,734.43,715.41,663.48,579.74,465.99,354.24,245.81,177.78,146.21,154.2,207.55
709.5,733.02,693.84,625.93,518.84,404.03,284.73,189.78,147.85,149.62,199.16,438.23
697.74,722.93,678.38,579.34,444.48,311.17,196.31,141.61,138.85,166.88,333.98,650.4
672.74,691.01,617.69,482.25,351.57,227.7,148.6,130.26,138.29,192.28,456.52,777.62
628.54,639.24,576.77,432.37,299.06,177.41,127.49,128.01,160.61,290.43,628.47,807.04
473.62,470.46,418.72,296.38,189.29,119.49,119.46,173.52,324.85,645.17,813.89,810.85
591.46,467.27,285.74,135.49,106.76,119.64,168.14,331.17,654.0,816.1,817.96,808.2
469.87,357.12,189.35,80.05,90.2,119.64,195.85,484.24,802.02,811.28,801.08,785.57
470.47,273.63,95.66,80.57,113.39,209.61,535.52,811.88,815.66,805.86,793.03,774.02
118.64,55.05,62.12,134.09,413.75,736.94,820.8,816.4,801.06,751.78,676.33,584.25
98.15,75.13,123.85,382.77,726.36,838.1,831.86,802.62,734.78,653.59,569.8,500.72
70.23,99.06,192.53,501.13,798.92,827.04,816.14,784.22,731.14,670.96,604.0,562.08
100.19,219.76,595.35,820.56,823.6,805.79,767.18,710.02,654.68,597.46,562.84,548.18
560.02,750.22,781.81,760.98,728.15,706.57,693.87,679.88,663.76,642.3,612.04,575.98
388.49,705.87,807.02,795.52,762.26,718.95,671.05,615.21,563.5,535.31,522.87,511.49
614.87,774.79,781.4,754.0,723.26,705.58,694.06,681.23,665.3,639.43,598.73,544.36
710.91,748.2,733.9,702.39,685.87,678.15,672.24,667.19,661.5,651.88,639.36,619.45
715.84,747.06,726.89,692.96,672.94,663.82,659.3,656.47,652.76,644.52,632.11,610.87
718.3,745.96,723.67,687.46,655.8,628.52,614.27,605.34,594.58,575.82,547.81,517.62
718.45,746.5,724.37,687.37,650.41,598.43,554.36,537.39,530.71,521.35,506.65,491.57
721.18,746.39,723.21,686.23,648.05,588.21,523.29,494.75,499.81,505.18,498.99,487.85
721.44,746.77,723.66,686.55,648.23,587.23,515.01,459.4,434.12,444.73,467.11,473.92
713.56,744.59,720.03,679.68,632.75,561.67,484.82,419.46,361.88,332.83,351.2,383.42
708.61,739.55,709.25,659.63,585.73,496.24,420.59,347.57,275.99,217.28,167.66,149.33
709.14,733.11,693.32,623.48,525.68,435.28,344.47,256.74,193.7,145.44,135.4,144.3
660.2,708.42,686.61,613.12,511.02,419.74,321.66,235.17,176.14,140.28,135.52,148.68
584.1,598.12,576.3,471.13,370.29,262.65,177.78,133.77,127.69,135.73,187.2,380.43
536.9,531.42,522.55,441.42,342.88,244.47,166.23,128.0,124.83,144.35,217.91,496.34
634.63,608.59,494.37,400.01,299.06,203.1,139.37,124.69,131.82,191.84,409.18,754.15
663.34,617.89,436.38,317.26,209.48,134.96,119.63,126.12,173.83,286.32,586.48,798.94
464.12,433.17,361.38,227.56,115.95,97.18,120.15,161.38,310.04,642.33,814.58,808.15
496.95,279.36,95.78,56.81,59.27,81.91,144.94,374.49,725.41,819.09,814.31,794.08
275.31,71.76,52.03,56.08,75.9,145.34,427.1,763.44,818.55,811.59,783.11,714.66
300.89,89.6,56.3,60.42,98.05,240.96,615.31,816.51,815.58,797.92,744.88,663.77
120.47,46.38,42.39,61.2,124.76,345.52,689.1,814.37,805.68,754.49,677.45,588.81
79.19,84.33,178.19,533.84,808.97,826.31,786.61,704.69,612.42,525.18,476.09,438.16
81.0,133.04,409.66,729.59,829.6,825.79,812.43,778.66,724.93,667.31,605.88,565.33
99.95,211.28,574.7,821.26,824.47,806.71,768.44,710.86,654.74,596.09,560.65,544.56
352.55,663.98,804.09,796.45,768.39,728.07,679.74,627.79,571.61,536.84,522.95,515.8
577.47,698.17,762.21,758.45,731.62,712.11,702.69,698.23,695.35,692.87,688.13,677.73
716.58,743.94,737.99,716.76,700.01,692.6,689.22,687.15,685.79,684.44,680.69,671.57
710.99,746.43,736.97,708.85,695.87,691.62,689.02,687.1,685.79,684.45,680.72,671.59
717.23,746.7,736.41,702.89,683.52,684.65,686.11,685.75,685.02,683.97,680.41,671.37
714.64,746.86,737.97,705.19,677.28,667.32,672.91,678.79,681.23,681.7,679.02,670.43
716.99,746.44,735.82,703.37,675.07,646.68,626.63,624.92,628.67,630.81,629.24,621.23
714.49,743.79,728.92,694.37,660.34,605.75,532.97,465.45,401.51,359.53,345.46,348.19
705.79,732.48,701.17,648.7,546.62,381.14,239.56,161.12,150.05,217.92,515.41,765.89
614.36,655.09,732.52,701.12,645.91,538.63,369.7,228.63,157.19,151.05,227.83,534.85
685.14,726.73,703.86,652.15,547.83,379.07,234.55,150.7,145.5,203.4,479.33,756.98
691.03,732.55,708.89,661.76,571.03,412.51,265.19,159.68,142.59,184.6,408.01,681.42
694.36,715.4,674.57,577.82,411.17,257.43,152.04,139.54,171.04,350.19,643.67,775.26
660.31,688.66,653.07,542.15,373.34,227.96,144.13,142.81,192.02,450.5,748.12,778.18
679.0,669.99,541.5,373.21,225.12,135.5,133.3,157.53,299.85,637.42,812.53,806.85
619.07,499.86,310.81,171.06,115.83,118.99,187.73,388.27,699.58,816.01,814.83,802.21
573.68,378.64,179.21,94.87,105.36,135.21,223.22,535.01,810.94,811.19,800.47,783.94
471.4,239.17,72.17,71.68,97.03,181.65,489.84,796.27,815.78,798.74,745.84,664.22
229.34,62.68,64.29,88.48,225.08,608.32,816.81,817.53,805.34,761.04,684.99,591.8
86.92,64.74,129.67,404.26,717.35,832.6,826.5,784.71,710.93,626.64,544.48,495.07
77.44,98.45,245.86,638.19,832.48,832.36,802.51,726.46,638.49,556.02,510.26,491.94
94.66,274.46,636.32,811.3,808.12,757.75,681.69,600.85,542.37,512.77,500.01,495.9
192.95,527.44,794.2,800.27,749.47,678.6,606.39,559.88,538.12,527.76,523.21,518.56
592.09,726.28,761.59,751.12,723.62,707.93,700.26,696.05,693.13,690.83,687.94,681.2
705.06,740.83,742.88,724.29,703.67,694.03,690.23,688.01,686.64,685.63,683.89,678.81
712.72,742.47,735.52,715.2,700.77,693.81,690.32,688.1,686.7,685.67,683.91,678.82
706.31,745.62,736.14,706.29,692.73,691.66,690.26,688.33,686.88,685.77,683.96,678.84
710.64,746.19,737.35,703.3,681.7,682.14,686.83,687.59,686.74,685.71,683.9,678.76
691.53,745.94,741.33,708.92,679.67,667.99,673.23,681.75,684.81,684.95,683.51,678.53
605.69,688.18,756.74,748.71,716.02,686.99,674.21,678.88,686.13,684.81,677.31,667.02
523.85,636.14,762.51,761.14,737.7,705.95,678.04,657.27,647.94,634.95,603.21,547.66
539.37,639.49,762.22,760.48,735.35,700.4,660.93,587.6,481.08,342.68,253.99,196.92
594.63,701.18,753.09,737.99,701.37,662.26,587.54,447.1,292.5,173.5,140.08,150.49
619.29,719.46,744.58,715.42,675.36,609.31,482.54,320.7,195.83,142.87,148.67,216.98
581.42,670.59,748.14,728.82,685.98,619.13,490.93,320.88,193.42,144.73,153.04,233.54
693.7,735.51,718.63,675.68,601.57,462.15,304.9,178.2,140.95,166.88,314.93,607.61
709.99,728.6,691.53,623.36,490.94,320.05,184.93,138.41,158.29,282.92,606.54,779.92
685.16,702.87,647.13,510.4,333.5,188.76,130.0,137.67,181.12,404.95,709.66,800.54
690.53,687.73,586.46,408.14,252.65,144.46,131.68,144.26,215.74,505.6,794.39,802.56
667.23,615.49,377.94,205.66,118.71,119.74,170.32,351.63,665.34,808.56,805.43,797.9
620.45,439.08,192.17,87.87,108.66,152.59,301.94,637.97,813.72,811.37,800.46,783.58
526.46,316.06,120.63,89.48,123.94,295.04,647.46,814.05,805.07,782.53,717.09,631.95
190.86,70.2,71.02,128.97,407.93,747.76,819.73,813.37,789.01,723.7,638.93,550.23
107.84,67.71,101.62,308.22,660.56,820.64,826.33,806.27,739.09,657.59,573.76,516.23
63.07,95.92,258.06,631.07,824.58,819.17,745.95,647.78,548.99,465.62,402.25,347.91
116.6,300.59,657.9,822.14,818.68,791.27,738.59,673.85,600.21,553.74,531.38,521.04
236.63,685.89,786.19,756.8,689.05,609.68,541.52,510.32,496.19,490.71,486.44,479.9
420.93,693.65,790.97,762.07,709.54,648.46,581.79,540.52,520.78,510.55,503.87,499.43
621.69,726.04,737.22,706.38,684.17,673.46,665.25,657.17,648.04,634.1,619.3,600.25
708.45,738.16,723.06,697.19,686.93,681.86,677.63,673.75,668.75,658.52,647.05,635.44
713.23,744.71,733.03,701.04,688.79,688.75,687.54,685.46,682.41,674.39,664.04,655.53
714.83,745.95,735.95,702.32,680.06,680.69,685.85,686.9,685.32,679.73,669.82,659.94
714.32,746.15,737.05,704.96,677.28,663.54,668.52,678.74,682.4,679.11,670.85,660.37
665.8,739.98,746.48,718.22,688.44,663.61,644.24,646.85,660.69,666.94,663.52,652.89
643.43,725.94,750.73,729.97,698.76,672.74,637.9,594.72,558.68,522.96,474.83,416.25
450.3,632.39,765.63,763.03,734.25,699.37,652.95,563.17,417.43,293.51,199.91,146.15
673.15,737.31,734.43,698.25,659.54,589.61,458.35,307.14,179.1,133.31,142.02,205.04
653.09,730.26,735.86,699.47,656.54,576.82,432.56,287.58,165.89,130.97,146.09,228.67
516.18,635.36,757.87,754.43,720.43,683.11,617.12,488.15,311.13,180.54,135.66,141.33
708.82,738.59,719.72,682.4,631.79,532.96,377.35,238.88,150.11,131.39,154.6,273.27
707.23,723.07,687.38,617.77,484.48,316.69,183.6,135.02,145.61,218.33,514.71,766.86
692.61,700.8,635.8,488.66,321.97,182.92,129.99,138.79,185.7,413.83,725.35,790.45
685.0,685.83,603.89,438.61,287.47,156.72,127.9,135.62,185.01,376.83,681.99,799.83
668.09,634.02,438.87,286.87,153.88,123.0,132.74,226.11,544.7,807.29,806.28,796.66
503.78,255.37,76.57,63.83,81.92,156.14,440.38,770.37,813.24,794.64,728.24,636.64
491.8,232.81,70.35,72.5,96.97,232.75,608.66,813.97,811.71,785.11,711.99,614.04
235.67,63.43,64.98,89.25,231.72,615.27,815.37,814.73,797.23,736.91,654.32,559.35
114.34,58.26,66.13,177.99,555.25,805.3,812.31,789.27,719.72,625.25,533.94,473.05
56.24,66.3,153.87,517.98,803.93,824.25,776.82,691.96,596.5,506.35,454.92,409.47
84.01,342.71,710.53,822.67,808.15,755.59,688.8,620.63,568.45,542.11,521.13,503.1
128.06,456.18,769.49,809.28,775.55,710.15,641.57,577.23,546.68,530.4,516.42,498.57
613.53,761.99,782.3,770.28,737.22,704.82,671.62,622.02,558.13,495.46,446.0,402.05
696.12,740.59,744.48,726.55,704.88,694.61,690.06,684.51,677.35,670.72,661.97,650.53
711.92,741.73,734.98,714.36,700.48,693.84,689.82,684.35,677.23,670.66,661.96,650.67
713.08,744.5,732.91,702.99,691.35,691.28,689.53,684.44,677.35,670.78,662.12,651.01
712.66,745.56,736.42,702.49,681.5,682.24,686.4,683.93,677.39,670.89,662.27,651.34
703.07,745.62,738.61,705.99,677.78,666.6,671.66,677.38,674.81,669.06,660.18,648.54
702.45,744.88,737.29,705.36,677.63,650.3,627.7,626.02,633.15,632.75,617.14,583.28
667.24,739.21,744.17,714.57,685.66,659.26,615.14,563.97,524.97,498.09,464.55,414.57
551.04,644.51,762.2,760.18,734.47,703.63,674.06,624.19,556.06,468.95,371.47,303.66
643.45,725.83,750.09,727.87,696.36,669.47,625.4,538.53,391.31,269.91,184.18,144.28
576.27,652.47,756.63,751.34,717.06,684.04,635.44,540.63,373.16,232.9,157.79,140.25
662.56,739.48,739.83,704.86,668.64,610.72,499.22,345.44,217.14,143.2,134.74,165.35
713.19,739.97,720.18,683.65,638.53,550.42,403.71,267.13,163.07,133.23,150.29,245.69
706.73,731.75,700.58,647.6,544.7,380.87,239.03,154.82,144.46,195.78,457.51,740.49
693.19,709.35,661.09,539.14,361.56,214.64,135.62,135.61,158.94,287.52,627.03,806.79
671.92,682.8,599.57,430.58,278.97,150.64,127.55,136.53,199.07,429.89,730.69,801.97
656.39,637.82,475.37,330.6,186.81,120.09,122.59,176.49,336.01,656.16,815.95,813.39
585.97,409.78,212.16,103.78,99.65,128.27,200.12,456.79,786.47,813.35,804.86,795.21
538.81,302.62,109.93,81.65,107.53,197.8,528.62,802.12,804.09,783.02,718.14,633.02
424.4,179.06,75.68,86.96,142.16,367.08,714.12,819.16,813.76,789.75,724.11,637.7
80.76,52.82,69.58,160.55,495.21,797.35,828.28,797.16,714.46,618.8,533.91,486.99
72.09,102.66,291.3,675.06,830.66,828.68,793.81,715.96,626.17,542.19,494.25,466.25
134.38,264.14,637.87,832.78,830.01,798.72,725.19,635.12,551.13,497.41,464.97,432.75
212.39,570.04,812.03,809.1,773.38,715.86,653.9,583.71,544.96,527.14,518.55,514.34
601.51,754.84,777.91,760.97,730.53,711.88,703.17,695.31,687.08,677.79,665.86,648.16
591.57,708.86,757.62,755.79,730.36,711.01,701.6,697.15,694.25,692.07,689.31,682.7
718.08,744.18,733.99,711.0,698.06,692.17,688.86,686.64,685.18,684.08,682.21,676.81
693.02,746.56,740.48,708.62,692.58,690.74,689.27,687.27,685.68,684.14,680.6,673.75
718.51,746.86,735.76,701.52,677.85,677.68,683.15,684.86,684.48,683.4,680.15,673.48
716.43,747.05,737.63,704.59,675.87,657.61,658.83,669.88,676.65,678.91,677.37,671.56
673.01,740.06,744.69,714.55,684.44,656.79,625.65,611.38,610.13,608.05,598.03,574.23
693.65,745.85,740.67,708.07,679.17,647.47,586.23,496.47,422.71,374.8,364.11,373.32
609.86,676.97,754.27,745.26,710.83,680.06,638.19,557.2,425.27,316.74,239.06,187.82
651.84,710.13,732.86,697.23,651.53,566.07,416.68,274.27,167.8,143.46,176.58,356.34
546.78,629.89,751.7,744.46,703.39,655.26,561.65,394.82,245.83,157.29,136.97,155.26
678.12,735.09,728.41,688.45,634.15,529.47,367.67,231.11,152.69,137.59,169.67,338.43
707.28,733.45,703.23,649.23,543.68,376.47,234.09,151.91,144.41,195.32,448.66,733.63
698.5,731.56,705.07,650.96,543.29,374.1,231.14,149.68,144.43,196.75,458.35,740.29
705.94,724.96,685.99,608.46,463.14,300.95,169.94,137.46,162.03,306.2,617.89,774.91
697.63,699.18,625.54,472.34,303.33,164.83,130.43,141.84,202.36,482.86,784.8,801.35
655.11,625.41,432.97,283.6,150.6,122.94,134.28,236.08,571.11,806.49,804.95,797.21
668.99,603.6,333.69,156.38,111.89,116.25,156.3,262.18,598.7,808.63,805.88,797.67
334.35,116.29,55.63,62.2,93.26,211.4,579.9,815.59,816.16,799.32,749.05,669.05
437.67,171.72,75.12,77.91,127.17,302.46,646.87,817.92,816.68,802.3,762.57,688.87
87.28,58.16,77.6,199.75,570.63,824.78,830.27,805.67,737.13,655.31,573.11,519.12
106.21,102.74,230.32,603.24,831.42,832.76,811.63,747.27,670.88,585.52,525.19,493.79
94.88,233.28,604.43,819.53,819.49,794.41,742.16,675.01,601.83,556.03,535.33,525.13
210.75,623.15,802.89,796.37,765.93,722.04,670.84,611.82,559.18,532.41,524.83,526.76
427.46,714.14,806.28,794.55,760.87,717.8,670.86,615.57,563.75,535.37,524.58,520.25
614.97,770.54,779.48,759.26,728.17,708.15,697.29,686.05,673.84,659.02,637.11,601.27
618.88,736.42,754.92,727.62,704.04,692.23,685.34,679.21,672.63,662.58,649.11,627.35
715.09,749.18,731.39,694.3,678.89,675.32,672.02,668.56,664.3,656.3,644.87,626.99
723.48,748.67,726.22,688.64,658.03,643.65,642.7,644.04,643.56,637.92,626.06,603.1
723.04,748.36,725.9,688.8,652.76,604.91,570.43,554.97,543.89,530.01,511.22,491.31
723.22,748.49,726.09,689.04,652.76,595.37,529.1,501.07,503.66,506.89,499.14,485.53
716.76,748.0,727.63,690.45,654.26,596.99,522.76,462.62,437.59,442.89,462.41,469.74
715.53,748.32,728.91,691.46,655.19,598.23,523.28,454.92,394.71,368.1,380.49,408.04
712.41,744.38,718.4,676.15,624.03,546.69,465.68,390.7,316.91,253.93,223.72,210.76
715.03,742.91,712.1,665.12,597.25,506.81,424.81,345.1,264.65,203.01,150.1,141.5
694.58,739.57,718.96,672.47,608.62,519.49,435.22,353.3,268.55,204.21,148.45,137.48
673.89,723.16,701.59,640.8,546.76,445.36,347.25,250.49,185.66,143.72,138.36,153.41
692.64,704.43,637.76,517.54,405.4,284.16,185.66,140.17,135.67,153.51,258.12,595.21
640.91,661.29,582.12,448.97,332.44,227.75,152.85,128.11,129.61,157.94,280.86,621.92
669.43,631.0,448.82,324.36,214.46,137.68,121.92,128.43,181.95,339.86,673.43,811.39
645.01,601.29,384.45,214.55,115.72,106.66,130.85,177.4,317.24,640.62,815.37,806.8
514.95,469.82,381.43,221.04,104.41,95.39,121.61,163.11,297.26,631.58,814.29,811.67
415.74,295.35,122.01,57.62,57.2,75.01,124.36,312.71,675.78,818.95,816.0,798.94
276.94,75.89,58.6,62.9,94.39,200.42,551.17,811.26,816.05,802.43,762.85,688.56
320.72,103.09,55.93,64.11,114.93,312.92,675.24,818.56,815.27,796.91,742.77,661.85
197.25,72.27,57.8,77.27,149.7,449.87,780.67,820.18,812.91,785.71,720.41,635.4
90.79,79.16,107.74,261.5,633.77,836.61,836.09,821.84,776.41,709.39,628.8,547.05
69.92,112.63,309.82,661.98,824.69,823.51,806.0,760.73,696.28,622.65,563.72,537.19
149.37,298.3,650.59,826.93,825.87,808.53,772.23,720.63,668.38,610.58,570.0,551.61
182.27,537.34,807.62,813.94,788.12,741.02,681.07,615.53,565.78,544.05,534.77,530.34
595.63,768.82,781.63,758.31,726.15,705.85,693.44,679.59,663.47,641.47,608.96,564.61
689.51,741.21,743.67,713.34,693.02,682.68,675.01,668.07,660.94,650.35,635.97,613.21
718.01,744.71,722.61,696.58,686.85,680.16,673.4,666.82,659.58,647.3,630.66,614.42
723.16,747.06,719.76,685.54,675.56,674.25,670.49,665.18,658.79,648.6,634.29,611.24
716.64,747.54,723.72,683.89,657.18,650.09,652.51,652.46,648.86,639.99,625.15,599.19
716.59,747.08,722.64,682.71,641.16,597.56,576.86,566.83,554.77,540.45,522.26,500.96
713.58,739.65,704.35,648.34,565.32,476.37,420.88,394.54,398.62,418.28,436.55,440.08
715.28,733.79,692.05,620.69,523.1,434.97,349.84,285.51,279.67,308.26,338.31,349.41
698.93,724.69,688.99,620.66,524.01,435.24,345.88,261.04,209.15,189.1,186.97,188.58
698.53,720.82,683.41,616.53,522.23,435.32,347.74,262.39,200.0,162.0,164.94,188.27
639.04,695.64,688.96,630.9,542.72,452.45,368.65,280.79,214.84,165.59,156.77,173.17
681.54,704.06,663.04,591.16,500.98,419.66,334.19,255.78,200.2,157.59,153.17,174.51
588.04,654.8,670.88,601.21,509.61,425.93,337.62,255.05,196.8,154.35,147.44,159.9
659.84,657.13,556.16,445.43,338.93,245.91,170.85,131.55,129.92,155.15,294.44,640.91
647.88,606.55,449.47,346.79,251.51,169.27,126.73,123.96,152.88,247.66,568.93,804.09
474.6,447.54,366.84,267.64,195.98,138.01,121.99,126.04,174.91,312.33,638.56,805.52
455.35,422.54,355.92,228.26,117.72,99.44,122.95,169.52,308.02,632.11,815.18,813.71
457.69,211.42,59.49,57.36,67.09,98.14,180.41,454.29,780.25,816.29,803.77,752.19
341.33,120.57,52.96,58.56,84.13,169.47,493.01,798.26,815.86,799.6,749.28,668.23
183.43,58.28,51.66,66.29,136.98,441.55,777.72,818.19,809.78,776.21,704.06,610.56
58.67,54.33,110.99,330.27,673.52,826.81,822.1,761.63,681.56,597.62,510.49,455.9
65.05,81.56,187.47,578.27,829.36,834.45,811.52,739.86,653.69,565.85,507.22,477.13
115.84,323.28,678.23,823.98,822.31,804.22,766.44,711.4,658.58,599.01,559.45,540.43
212.08,583.58,805.39,805.92,784.44,742.13,687.72,629.02,573.33,546.08,534.98,529.48
589.94,719.86,761.4,751.46,723.29,707.15,699.62,695.67,693.03,691.01,688.24,680.5
576.56,690.75,757.67,758.84,735.25,713.33,702.45,697.25,692.84,685.26,673.15,655.67
719.83,742.58,733.29,711.86,698.66,692.29,688.77,686.25,683.55,677.71,669.11,656.31
722.43,745.46,731.69,701.3,689.7,689.73,688.49,686.39,683.7,677.84,669.2,656.42
722.62,746.3,733.91,699.59,678.84,679.91,684.8,685.54,683.54,677.8,669.19,656.41
716.62,746.73,737.0,703.79,675.1,662.78,667.82,677.23,680.06,675.98,667.85,654.98
713.87,746.67,737.5,704.83,676.1,645.97,617.41,606.89,605.72,596.05,568.8,516.38
467.64,629.87,762.63,761.17,737.56,705.06,675.5,650.54,634.32,609.5,557.98,485.2
530.74,635.5,760.95,758.93,731.77,698.69,659.41,583.47,468.94,330.04,236.42,187.75
600.97,691.39,748.52,728.58,689.45,637.79,537.58,372.36,233.35,155.84,136.65,165.5
686.79,744.11,740.23,706.61,674.84,632.03,544.1,387.56,248.46,150.54,130.07,150.8
680.75,733.16,721.54,678.56,604.04,463.59,304.49,176.29,139.87,165.22,308.13,600.57
696.84,721.22,685.71,604.77,451.63,290.1,161.32,136.39,160.22,298.8,613.41,772.55
674.09,665.04,549.78,389.94,242.76,139.7,133.73,168.24,378.71,700.67,808.66,798.55
662.56,654.38,516.51,359.44,214.31,126.71,125.87,164.61,305.79,636.56,812.36,805.57
596.6,456.56,261.23,125.82,107.96,128.54,196.42,410.35,728.1,814.03,806.26,790.78
492.74,282.24,101.83,72.08,93.0,160.47,395.49,739.94,818.5,811.76,782.5,711.25
349.37,127.16,52.18,66.33,96.3,244.75,624.0,816.85,814.93,795.24,736.36,653.22
84.17,55.07,81.54,181.37,535.19,810.76,827.14,792.14,716.3,630.76,546.2,484.94
73.22,90.37,213.27,599.16,828.14,829.69,792.25,713.36,624.46,545.15,505.76,489.25
99.17,226.51,520.01,744.97,772.35,712.79,642.06,573.59,545.42,529.39,515.42,502.54
158.68,527.2,793.77,801.34,749.32,666.63,581.03,531.72,507.65,497.18,493.21,487.94
588.58,716.52,753.19,732.2,703.47,681.05,659.54,633.1,596.58,550.37,505.43,473.43
700.02,738.98,740.32,720.14,701.01,692.27,688.49,686.16,684.68,683.71,682.95,681.51
710.05,740.28,731.73,710.34,698.1,692.3,688.97,686.74,685.31,684.38,683.68,682.49
710.96,743.37,730.54,700.52,689.51,689.87,688.78,686.93,685.5,684.53,683.8,682.59
711.18,743.84,731.12,697.49,677.94,679.65,684.89,686.0,685.3,684.48,683.8,682.67
631.62,709.03,752.22,736.53,701.87,681.66,683.05,688.04,688.86,687.94,686.81,684.86
648.07,724.13,749.3,727.28,695.05,668.76,654.9,660.33,672.57,678.97,681.15,681.04
517.09,634.14,761.84,760.31,735.51,703.31,674.49,654.17,651.34,654.91,650.85,633.36
519.79,634.69,762.17,760.86,737.14,705.83,676.94,632.24,578.43,521.1,468.63,408.02
543.99,640.03,761.94,760.24,735.44,704.47,675.24,621.89,524.01,376.06,269.09,195.07
600.11,701.76,757.27,747.92,715.47,686.42,646.06,561.78,400.38,253.93,162.66,137.29
603.19,718.03,757.0,745.35,712.19,680.25,627.45,521.7,340.76,210.32,144.64,136.91
681.01,745.67,745.1,714.47,684.3,653.6,589.84,464.57,308.41,185.22,133.68,137.63
715.15,744.24,730.56,695.93,662.2,602.59,488.48,338.98,220.4,155.39,148.5,204.51
694.94,730.34,704.25,647.02,530.58,355.75,215.2,142.72,147.44,216.0,519.73,777.93
607.66,645.11,670.62,571.09,398.81,243.28,143.17,133.62,149.4,238.17,570.89,801.22
645.54,564.09,342.9,192.87,117.89,120.89,194.69,445.98,770.37,808.97,801.23,788.76
654.82,554.7,295.16,139.38,121.77,151.17,299.58,635.73,813.64,811.34,800.77,785.64
563.98,374.41,171.66,101.5,124.97,247.05,609.53,810.64,806.27,793.52,753.22,681.91
339.34,136.51,84.28,113.75,292.06,650.57,816.92,809.19,786.63,723.15,637.59,557.01
118.1,73.55,109.13,331.84,674.01,816.68,817.89,806.24,757.65,680.38,594.73,536.33
94.04,102.44,248.74,626.28,830.42,829.5,799.0,723.17,634.2,548.81,499.43,486.98
96.66,228.32,608.82,820.69,820.51,797.65,749.92,685.3,615.98,561.75,537.68,530.62
215.78,615.89,802.5,795.91,764.78,719.83,667.98,606.35,553.33,525.2,513.36,512.62
602.85,757.38,777.39,761.56,731.81,714.16,705.96,699.05,690.48,680.81,674.6,669.42
684.77,740.81,746.95,731.52,707.95,695.96,691.54,688.73,685.07,680.36,678.73,678.27
704.44,742.47,736.94,717.33,701.98,694.48,690.88,688.42,685.59,680.9,678.45,677.9
713.97,745.02,733.72,703.99,691.83,691.58,690.44,688.62,686.92,684.03,679.6,677.82
712.66,745.84,736.76,703.0,681.83,682.53,687.34,688.16,687.29,685.81,682.29,678.4
686.21,745.25,742.23,710.39,681.12,669.63,674.94,683.17,685.99,685.94,684.09,679.77
682.03,744.72,743.59,712.89,683.83,659.08,642.88,648.99,664.79,674.73,678.2,676.71
602.54,717.38,757.43,746.29,714.48,686.85,657.25,630.79,621.27,619.07,609.82,589.9
553.68,663.59,761.04,758.89,733.53,703.52,675.69,632.6,580.71,522.46,457.8,386.06
546.78,659.54,761.42,759.52,734.81,704.44,675.31,619.34,515.29,355.48,245.96,186.92
674.05,745.13,746.2,716.66,686.56,657.67,599.97,486.42,327.69,203.26,141.7,137.21
701.62,745.73,739.11,706.12,676.52,639.92,565.17,426.85,285.84,167.78,132.11,144.24
695.06,741.96,732.38,695.83,656.63,583.9,449.46,304.92,184.5,136.91,145.41,214.49
578.92,659.99,740.54,711.0,656.79,549.25,374.61,230.2,150.18,141.17,176.17,363.25
683.02,706.95,661.45,539.75,361.53,213.41,134.39,135.59,161.34,304.31,637.65,805.57
682.05,683.06,585.5,409.17,254.17,142.08,129.49,142.06,220.26,506.0,793.41,802.32
655.84,576.39,327.14,168.27,113.18,114.82,171.29,342.72,661.26,815.67,816.0,805.04
656.59,539.45,265.47,117.5,102.76,129.42,206.62,483.28,801.19,809.68,800.39,785.86
414.25,175.8,67.27,80.78,130.57,347.17,702.14,819.12,814.11,791.62,728.85,644.97
282.25,86.74,69.89,96.99,249.22,624.55,817.41,812.32,790.89,731.46,649.21,564.78
325.02,122.66,86.05,124.24,297.99,644.98,817.06,811.06,794.38,748.79,672.47,583.02
93.06,68.06,124.54,417.27,749.54,834.79,823.61,770.74,691.89,600.24,527.46,488.64
81.76,136.46,324.37,663.56,828.29,819.62,746.45,648.57,549.0,475.17,458.02,467.88
120.24,301.27,653.06,819.67,815.07,777.58,708.88,630.92,561.71,528.39,509.89,499.07
503.54,731.44,780.18,762.05,728.15,703.86,689.05,670.78,646.04,609.87,564.66,529.22
691.38,739.52,742.73,723.12,701.99,691.73,687.42,684.65,682.75,681.25,679.01,674.37
708.65,740.52,732.21,710.12,697.13,690.78,687.08,684.45,682.62,681.17,679.02,674.45
711.4,743.1,729.14,698.58,687.55,687.85,686.54,684.42,682.65,681.2,679.12,674.66
711.16,743.67,730.74,696.32,675.98,677.13,682.07,683.02,682.07,680.83,678.88,674.56
709.25,744.09,733.22,699.87,670.93,656.6,660.33,670.52,675.59,677.04,677.0,674.62
604.89,681.05,754.73,745.72,711.34,681.0,665.94,668.56,676.64,679.72,679.1,675.05
494.02,630.28,761.39,759.98,734.57,701.92,671.8,648.35,640.54,637.22,623.35,590.1
592.0,667.4,756.56,750.75,718.2,688.0,651.34,584.55,491.44,403.48,335.11,294.51
489.58,630.93,761.74,760.32,735.35,703.16,670.61,606.12,486.5,326.02,218.05,160.58
632.51,731.8,751.05,728.67,696.41,666.31,611.6,503.36,338.58,210.57,145.39,136.25
697.22,745.37,739.49,706.46,676.67,640.09,565.71,429.21,288.52,170.27,132.51,143.65
706.73,744.48,734.57,701.13,670.76,626.25,538.15,390.68,253.44,155.22,132.47,151.8
710.43,739.96,719.67,681.83,631.64,533.53,378.32,242.82,159.06,136.91,164.04,310.96
711.33,729.92,695.44,635.97,519.78,350.03,214.63,145.64,149.61,223.35,528.12,766.65
682.81,705.01,658.69,543.3,373.84,228.24,144.16,142.23,188.4,433.87,730.81,773.72
676.57,667.62,534.78,367.02,218.94,130.4,129.51,161.04,324.07,650.68,813.66,810.5
580.9,409.29,230.65,120.37,110.87,145.19,244.25,571.46,811.93,810.83,799.65,781.31
567.62,351.3,144.37,93.97,111.41,155.25,319.99,647.75,813.77,811.38,800.63,784.63
405.24,155.57,72.83,84.58,132.34,302.35,650.88,819.79,817.43,802.17,758.98,683.04
218.14,67.06,72.94,128.41,368.46,716.18,820.11,816.12,800.77,749.95,673.72,581.59
86.68,64.59,131.88,453.39,775.34,834.18,822.13,771.53,700.95,619.98,542.13,499.06
108.84,148.44,363.19,707.94,838.8,834.39,813.26,751.25,675.46,587.67,519.89,483.11
199.67,537.01,811.69,813.59,786.86,738.59,678.35,611.55,563.01,542.16,533.23,529.45
534.34,749.55,782.25,764.19,731.56,709.01,697.58,685.65,671.86,653.32,622.95,576.34
597.49,717.45,757.39,753.4,726.58,708.15,699.47,694.46,687.86,678.18,665.84,647.57
717.61,743.62,734.17,710.74,697.55,691.34,687.7,684.68,680.01,672.76,665.0,652.76
718.1,746.52,734.03,701.64,689.17,688.92,687.54,685.13,681.23,674.22,666.94,655.88
717.39,747.13,736.05,700.39,678.28,678.67,683.45,683.94,680.46,673.48,666.1,654.99
716.21,746.96,736.27,701.98,673.06,658.97,663.03,673.22,678.08,679.04,676.97,670.81
698.9,746.03,739.21,705.39,675.98,645.53,615.66,604.37,603.45,595.09,571.28,526.5
540.77,638.5,761.86,760.46,733.69,701.61,672.23,648.13,635.28,619.41,581.16,519.22
652.78,725.2,746.68,720.21,688.28,659.46,606.67,515.41,415.47,343.75,309.65,303.16
657.31,711.0,713.51,667.35,577.58,425.16,275.75,163.7,138.67,162.35,296.07,595.82
475.46,596.18,741.17,730.24,681.83,599.01,448.54,283.14,160.44,130.99,142.62,208.95
498.36,610.24,744.58,733.53,684.92,602.19,445.32,276.84,155.52,131.83,144.59,218.31
681.61,731.84,719.52,676.24,605.82,470.52,301.7,168.66,125.87,135.08,188.47,426.0
592.84,681.44,738.27,708.18,657.27,556.75,382.78,230.2,142.62,130.41,149.72,250.04
674.95,722.46,704.74,649.6,536.54,363.42,213.56,128.94,125.62,146.22,247.01,576.38
703.44,704.99,641.49,501.67,326.47,185.43,131.29,138.89,180.69,398.15,702.45,793.04
685.3,682.49,578.26,401.38,246.54,140.43,128.82,140.53,213.66,470.35,779.65,801.21
657.25,610.1,363.99,191.54,114.43,115.42,160.35,278.27,613.45,807.6,804.92,796.4
586.02,399.84,174.92,85.6,96.58,126.11,198.9,466.05,792.31,811.3,801.71,787.78
354.46,134.27,67.96,72.38,109.81,233.64,604.62,818.46,817.9,803.35,762.84,688.43
196.1,79.52,75.87,116.36,250.22,601.47,812.99,816.99,812.95,802.59,787.61,765.16
98.55,87.83,170.68,487.62,791.52,828.46,809.97,754.66,680.28,596.58,532.26,494.5
114.62,128.31,245.75,609.86,834.79,835.73,822.93,779.43,708.71,623.1,541.01,483.31
124.73,363.96,704.77,824.67,818.7,790.8,736.64,670.72,597.82,554.65,534.68,523.38
603.13,742.62,773.26,749.76,718.0,699.87,688.69,676.17,661.61,641.89,612.59,572.08
611.44,729.45,757.49,738.94,708.66,692.15,683.71,676.21,668.78,659.29,643.18,622.15
716.11,744.39,727.63,699.57,688.28,681.34,674.91,668.85,663.11,655.5,641.56,624.52
717.75,746.83,723.31,689.06,678.82,677.5,673.63,668.44,662.93,655.39,641.49,624.38
716.05,747.43,725.75,685.71,662.17,657.92,660.3,659.61,656.22,649.88,636.64,618.36
723.07,747.68,723.89,684.82,647.18,612.55,598.46,592.88,581.91,563.58,537.24,507.69
649.21,735.18,743.39,703.9,665.06,616.34,565.29,538.59,522.6,502.69,481.06,462.0
697.0,745.32,734.82,694.54,654.37,591.38,511.52,461.82,442.79,435.82,434.98,431.02
707.22,747.0,732.04,692.14,652.31,588.49,505.01,432.1,379.91,371.01,386.41,399.1
714.3,746.3,724.48,685.11,643.53,575.37,490.93,414.52,345.16,302.22,317.42,342.46
706.46,744.3,724.88,683.85,638.19,564.79,477.43,396.73,317.86,244.94,201.43,174.41
708.41,737.12,703.15,643.61,550.24,443.81,339.7,239.99,177.36,148.68,160.37,224.59
585.15,665.02,721.45,669.73,566.83,439.33,313.86,206.67,149.61,141.77,165.36,295.89
651.94,709.54,692.46,606.84,478.68,351.4,233.35,158.42,135.97,146.14,217.26,519.29
699.57,703.86,627.77,497.48,371.63,248.53,163.64,132.74,133.39,151.67,247.77,595.83
686.99,679.98,562.1,426.57,300.56,188.86,133.09,126.54,138.99,204.69,440.18,767.55
556.3,501.72,432.19,342.3,235.07,145.23,121.11,128.48,202.04,442.79,776.59,811.13
665.51,621.04,389.11,223.79,124.8,113.82,137.43,211.01,468.91,786.3,804.92,796.64
647.5,581.58,325.11,150.53,107.04,115.94,156.38,295.8,633.01,810.88,807.38,799.12
414.08,164.43,73.66,75.33,107.44,195.44,523.0,812.45,818.02,807.89,788.93,747.81
408.85,181.16,86.93,101.13,153.83,342.01,651.58,812.84,814.9,807.02,797.6,792.11
86.49,74.8,112.96,305.94,675.07,836.6,833.62,812.68,750.26,674.92,589.15,523.78
106.29,118.52,213.5,570.59,831.47,836.28,823.24,776.89,705.42,619.25,541.04,491.65
97.17,185.19,534.34,809.63,823.89,806.88,767.8,707.19,647.87,589.06,557.12,543.47
264.93,634.12,804.51,798.39,769.79,725.37,671.13,610.08,557.69,532.12,522.46,518.91
613.81,733.23,760.7,731.63,702.35,688.36,679.43,671.21,663.79,657.2,651.13,644.96
716.52,740.47,728.48,703.46,688.67,679.87,672.45,665.86,660.27,655.61,651.61,647.88
717.72,741.92,718.07,693.68,685.71,679.7,673.02,666.55,660.89,656.13,652.05,648.27
720.67,744.91,715.34,683.08,674.29,674.0,670.77,665.6,660.35,655.72,651.7,647.95
712.03,744.65,718.62,679.08,654.89,648.89,652.49,653.2,650.96,647.88,644.73,641.43
717.93,745.41,718.32,678.96,638.24,598.58,581.46,574.39,564.1,551.78,541.59,534.53
711.42,744.8,719.78,680.73,637.62,573.18,522.91,510.03,513.68,520.64,524.54,525.61
656.58,737.24,738.99,699.04,658.37,599.62,527.73,485.84,480.54,491.24,506.43,510.49
701.66,743.87,724.61,685.28,643.07,576.81,500.66,440.56,405.47,413.13,450.41,486.67
622.52,717.8,745.25,705.38,661.9,600.24,520.83,450.79,387.34,348.94,353.44,375.86
700.46,735.85,704.13,647.67,563.54,470.67,390.45,306.35,236.65,185.41,150.7,145.68
699.5,734.95,702.25,642.59,554.69,461.51,378.91,291.5,223.26,171.64,142.69,142.39
703.06,735.89,701.01,639.03,548.73,455.8,371.67,283.15,216.42,164.74,141.26,142.31
698.04,729.57,688.44,604.03,493.55,398.15,293.75,209.47,158.88,145.11,157.72,209.14
642.42,711.36,699.43,618.76,504.18,404.71,295.12,205.64,154.09,141.46,154.1,213.35
660.63,689.47,637.8,520.13,415.36,300.19,203.57,148.54,134.74,141.86,184.17,396.46
540.32,512.58,476.76,411.67,317.66,221.24,147.61,123.72,126.68,175.62,335.03,679.11
558.11,488.92,386.19,256.94,161.13,120.95,122.88,177.25,339.82,665.38,816.78,810.7
492.92,403.01,267.47,124.25,102.24,129.67,207.52,452.76,775.56,809.3,798.41,774.64
393.98,250.56,97.35,91.2,141.38,271.22,602.73,810.49,812.45,803.9,793.42,785.23
199.81,72.99,72.32,126.91,315.21,657.97,818.62,818.31,809.27,778.72,711.55,623.05
79.06,53.01,83.24,211.9,548.07,817.55,826.69,818.62,803.13,778.97,729.11,655.89
81.08,134.91,356.63,674.85,821.62,818.47,790.36,724.59,652.42,572.65,529.41,504.47
142.68,371.84,707.48,825.9,820.28,796.38,748.99,685.83,618.81,566.84,544.38,534.14
402.28,677.77,802.69,794.0,765.57,725.58,679.17,627.89,570.54,533.58,518.97,512.03
573.58,683.45,762.01,761.89,738.01,716.14,705.56,700.64,697.61,695.3,691.9,682.69
718.17,746.63,736.94,710.89,696.69,691.37,688.61,686.79,685.61,684.61,682.22,674.22
724.38,746.8,735.06,702.66,686.22,685.92,685.89,685.27,684.68,684.02,681.86,674.04
723.65,746.95,735.77,703.29,677.15,669.95,673.94,678.17,680.43,681.42,680.36,673.29
720.89,746.96,736.32,704.14,676.52,649.43,628.24,620.68,617.48,613.36,605.48,588.37
717.47,746.72,736.48,704.34,676.79,644.5,586.22,514.74,465.58,427.36,403.43,392.13
718.24,746.89,736.61,704.47,676.95,644.31,578.97,466.46,358.75,304.72,305.51,350.88
714.68,746.7,737.68,705.48,677.74,645.6,580.52,461.76,329.2,228.71,195.4,186.91
698.21,746.69,740.88,708.8,680.45,650.24,589.0,475.27,336.42,222.51,166.6,164.87
607.8,680.25,756.75,749.79,717.81,689.17,657.02,593.17,473.6,325.45,210.91,155.15
716.32,746.95,737.76,705.42,677.51,644.89,578.78,457.82,323.08,212.83,154.69,153.63
710.48,746.11,736.64,703.53,674.23,635.64,558.55,423.71,293.78,187.84,149.48,167.13
649.57,704.59,735.59,701.0,655.95,572.02,422.06,278.3,168.16,143.88,182.21,388.79
706.95,732.32,699.23,641.12,526.69,355.08,217.28,145.67,149.27,224.72,539.62,777.99
669.32,680.66,606.37,442.24,284.75,153.01,128.58,138.42,201.18,454.71,758.79,801.65
635.03,561.55,345.11,191.0,114.84,115.82,170.98,336.36,655.81,814.85,813.74,802.55
513.66,286.69,111.25,93.34,132.36,276.32,630.77,817.94,811.73,795.19,749.88,673.91
377.28,155.03,75.83,90.49,187.21,539.42,808.37,809.23,787.75,726.0,643.2,560.96
236.31,74.15,77.27,141.08,443.91,772.41,817.1,803.33,760.48,681.6,589.82,518.22
96.88,61.45,82.45,212.22,595.47,826.33,828.01,793.52,713.09,619.49,540.43,497.21
69.67,83.68,189.35,548.65,819.95,829.32,798.95,720.5,629.28,543.56,493.33,463.67
109.16,329.12,684.14,823.74,820.05,796.4,748.98,685.66,618.02,565.49,542.75,532.32
592.3,739.04,773.11,762.49,733.76,716.99,708.39,702.88,698.27,694.07,689.9,685.23
693.88,741.2,744.96,727.44,705.06,694.07,689.86,687.42,685.89,684.93,684.31,683.74
715.69,742.56,734.21,713.24,699.51,692.9,689.42,687.15,685.71,684.8,684.21,683.66
705.01,745.71,736.03,705.91,692.2,691.02,689.53,687.52,686.01,685.02,684.36,683.78
716.44,746.37,735.5,701.25,680.1,680.91,685.74,686.58,685.76,684.91,684.28,683.7
714.31,746.6,737.54,704.58,676.1,664.35,669.76,679.16,682.91,683.58,683.54,683.26
711.41,746.59,738.12,705.74,677.35,648.93,624.11,619.8,628.28,636.71,642.89,648.42
612.47,690.07,755.77,746.81,714.11,685.31,655.65,628.82,618.83,616.91,610.19,592.59
675.44,742.14,744.19,713.87,684.43,655.87,599.79,500.02,387.68,319.49,308.1,347.84
612.28,689.8,755.79,746.9,714.3,685.96,652.64,586.61,468.78,346.34,267.13,226.13
639.09,715.66,751.31,733.86,701.57,674.25,634.97,557.58,420.86,291.5,190.05,161.11
710.48,746.63,738.35,706.04,678.02,645.85,580.61,460.87,325.21,213.83,153.59,152.03
713.44,746.0,735.98,702.94,673.77,634.88,557.31,422.1,292.36,186.95,149.43,167.7
715.75,744.32,729.94,695.58,662.4,603.97,491.92,342.87,223.77,159.09,156.55,244.52
705.7,740.18,721.01,681.76,627.54,521.76,362.14,230.22,157.28,150.89,224.79,536.29
708.62,715.88,667.38,553.91,376.33,227.05,141.34,140.31,174.61,372.02,678.64,790.95
681.63,687.18,599.29,427.92,273.69,149.08,130.68,148.52,266.69,607.47,800.91,802.72
672.73,634.21,420.41,259.24,139.43,127.03,143.09,252.83,594.69,807.12,805.14,797.65
448.93,199.21,79.61,90.43,128.12,269.76,628.09,818.84,816.97,801.06,755.02,677.27
308.38,105.07,74.41,101.6,256.26,628.09,816.67,809.49,787.73,726.63,644.62,562.46
198.26,80.66,91.49,186.13,538.0,811.01,815.93,798.95,747.74,667.08,577.99,511.07
80.19,102.41,267.77,644.85,829.45,826.93,785.78,706.08,615.86,531.3,484.3,451.54
89.03,176.47,531.39,809.45,819.91,796.23,741.93,671.26,595.22,551.13,529.47,518.82
257.69,618.82,803.31,796.43,764.37,715.91,660.37,593.68,544.5,522.78,513.7,509.85
551.88,758.66,783.73,766.27,733.49,708.99,693.12,674.2,649.57,613.57,570.16,536.56
709.77,741.59,743.12,724.49,703.76,694.09,690.29,688.09,686.75,685.93,685.37,684.63
716.08,742.9,735.37,714.95,700.65,693.78,690.32,688.13,686.77,685.93,685.36,684.61
716.58,746.02,734.91,704.99,692.16,691.49,690.19,688.32,686.93,686.03,685.43,684.66
716.56,746.83,737.11,702.97,681.7,682.29,686.99,687.75,686.92,686.09,685.48,684.76
615.85,696.11,755.56,744.89,710.48,688.83,688.58,692.81,692.98,691.56,689.11,683.04
699.26,746.75,740.71,708.66,680.16,654.07,634.91,638.22,653.65,665.68,671.36,670.42
701.64,746.86,740.41,708.41,680.42,651.16,598.34,532.81,482.44,445.86,419.41,404.13
542.73,640.05,762.34,760.73,736.49,705.71,677.6,635.13,584.94,528.73,464.59,388.46
701.24,746.7,740.12,707.98,679.9,649.61,588.25,475.02,338.18,229.48,174.13,142.91
531.27,636.98,762.17,760.64,736.23,704.93,674.51,614.66,498.63,321.41,200.52,151.46
695.29,743.51,733.34,697.89,662.81,601.71,484.6,331.8,206.78,139.24,136.5,174.61
666.56,732.45,732.26,693.97,646.19,554.97,399.49,257.96,160.12,136.01,159.23,285.75
681.64,734.24,721.5,676.95,598.05,451.78,295.75,170.2,139.17,165.43,309.46,608.64
703.8,729.72,695.45,628.7,497.32,324.08,187.21,137.55,154.83,265.77,593.94,781.13
702.16,701.34,632.69,489.27,321.32,183.41,135.74,153.26,264.31,599.37,784.48,786.53
666.87,630.47,426.75,273.06,144.91,128.54,159.55,372.28,690.16,808.67,804.42,795.97
642.76,541.99,300.17,147.76,118.05,130.82,264.44,619.1,814.34,811.92,801.29,784.93
589.94,378.67,159.56,100.77,120.96,202.01,511.94,803.73,805.42,797.37,777.21,730.49
360.7,143.03,78.41,94.91,202.22,567.22,812.28,809.36,787.67,725.84,643.06,560.75
228.78,75.27,76.44,141.83,386.4,716.92,820.63,817.7,806.73,769.5,697.83,605.41
112.74,72.37,102.91,271.39,630.75,818.21,819.49,807.88,780.69,719.18,636.26,556.17
93.72,122.98,225.78,556.13,814.34,822.19,810.13,774.31,718.63,661.18,599.06,562.18
157.45,465.31,774.74,822.41,805.54,761.96,697.45,630.29,570.92,544.0,531.5,525.88
601.41,744.82,773.6,761.16,732.07,715.4,707.07,701.4,696.47,691.78,686.8,680.17
587.58,708.92,757.94,756.38,730.84,711.18,701.61,697.08,694.09,691.67,687.82,677.77
716.21,743.16,735.24,713.3,699.18,692.42,688.83,686.45,684.86,683.57,680.99,672.82
717.37,745.98,733.28,702.11,690.05,689.8,688.49,686.52,684.96,683.71,681.57,675.0
716.78,746.7,735.49,700.44,679.23,680.0,684.77,685.59,684.7,683.56,681.45,674.95
710.19,746.94,738.35,704.56,675.61,663.3,668.27,677.64,681.5,682.05,680.61,674.5
695.39,746.5,740.97,707.89,678.55,650.38,626.5,623.62,633.57,643.09,648.81,648.2
701.49,746.6,739.58,706.44,677.73,645.46,586.56,513.21,461.86,423.4,406.79,404.65
513.5,634.73,762.76,761.53,737.23,705.51,676.07,630.75,575.08,513.49,451.57,380.2
714.75,746.72,737.05,703.99,675.77,641.6,573.82,456.84,330.31,226.78,175.85,143.63
547.89,641.33,761.92,760.02,733.34,701.74,669.38,604.5,482.39,314.27,196.95,150.97
685.12,741.74,735.0,698.96,662.97,601.52,485.75,333.58,208.44,139.58,134.66,166.62
713.77,742.78,725.26,688.32,647.26,568.41,431.72,291.49,170.92,130.99,141.25,204.19
689.31,735.11,719.62,675.28,599.46,461.52,307.16,180.14,133.33,142.45,208.35,491.01
660.26,710.03,692.53,614.62,465.28,299.76,166.01,132.27,145.9,223.83,536.51,785.17
655.84,686.19,640.69,493.18,325.77,184.69,129.5,137.58,187.01,432.92,742.62,801.16
673.59,657.87,500.57,341.19,196.36,123.97,127.65,186.35,411.36,726.41,807.31,803.3
665.16,627.89,413.09,250.66,134.29,122.52,142.61,253.12,593.26,807.03,805.05,797.4
404.32,164.44,73.07,80.65,114.82,215.82,576.85,815.93,817.34,803.12,763.64,689.9
541.85,292.13,105.71,89.38,121.45,223.95,573.27,808.55,806.39,797.73,776.59,727.98
288.06,98.47,84.3,127.95,314.0,662.54,818.82,811.94,792.9,740.54,661.36,574.98
86.01,79.18,155.59,484.23,795.79,832.21,814.48,748.6,668.78,581.22,518.09,487.9
67.87,134.27,464.07,760.06,827.97,820.12,797.69,752.83,690.53,629.26,577.1,552.1
210.23,603.73,805.12,805.44,777.66,723.74,662.92,592.34,551.33,533.64,525.81,522.34
604.66,744.7,769.13,758.16,728.56,709.55,696.46,683.28,668.91,651.69,626.24,588.16
687.1,740.58,746.09,728.13,705.05,693.91,689.62,687.07,685.44,684.29,682.87,678.76
712.83,741.69,733.69,711.59,698.48,692.28,688.84,686.52,685.0,683.93,682.53,678.4
713.51,744.67,732.67,701.72,689.99,689.91,688.65,686.72,685.2,684.08,682.67,678.6
713.44,745.31,734.12,699.53,678.94,680.03,684.94,685.86,685.05,684.08,682.78,679.0
712.89,745.55,735.8,702.51,674.31,662.16,667.42,677.24,681.43,682.3,681.94,679.18
711.13,745.57,736.52,703.78,675.46,645.81,618.65,611.34,616.23,620.14,620.22,615.45
548.22,642.31,762.22,760.36,734.15,702.51,674.54,656.08,655.95,661.92,658.04,642.03
490.18,632.98,763.16,762.05,738.53,706.66,677.08,630.09,567.14,490.44,400.4,328.48
550.0,643.32,762.19,760.19,733.53,700.36,662.4,587.38,454.76,304.13,201.97,157.54
573.31,658.66,760.04,753.95,716.74,679.21,619.49,507.06,330.08,204.7,149.67,145.48
702.76,745.72,737.87,702.35,666.92,612.88,503.39,334.12,209.57,142.92,137.55,171.49
694.53,745.31,738.67,702.96,666.92,611.75,500.05,330.34,205.99,141.33,137.69,173.05
701.89,744.11,733.88,699.19,664.88,604.87,486.15,319.16,193.71,136.6,138.17,180.04
699.33,743.37,732.57,697.46,662.96,600.7,478.52,316.25,190.67,135.2,137.94,181.55
687.0,741.64,733.83,696.96,657.91,585.18,447.53,294.69,169.14,130.23,141.03,204.7
692.25,693.9,614.79,455.35,298.58,164.14,132.64,149.39,251.31,588.24,791.85,798.38
664.04,619.75,393.56,227.52,129.58,123.65,159.04,311.8,640.8,807.99,805.29,797.71
650.83,523.55,266.84,129.7,117.67,137.47,232.89,555.04,812.15,811.49,800.96,785.58
338.25,130.37,76.78,95.56,202.25,560.42,811.71,809.45,787.73,725.7,642.52,559.98
111.56,58.45,67.0,168.56,523.11,803.85,827.5,812.69,753.17,676.75,591.52,529.09
93.25,80.47,147.04,447.98,770.3,828.64,802.59,725.39,639.98,559.99,486.21,441.05
136.0,205.74,529.96,812.63,831.14,808.57,741.36,655.13,565.21,499.65,459.3,415.89
521.95,723.78,778.46,763.77,731.37,707.02,693.73,678.67,659.79,632.63,594.77,554.87
556.53,670.65,763.7,761.01,736.1,715.06,703.73,697.12,691.03,684.91,677.24,663.22
571.06,682.03,757.69,745.93,716.81,702.5,696.06,691.4,686.27,677.58,664.49,643.12
717.52,746.77,733.95,697.96,669.04,656.99,658.18,661.71,662.72,658.72,650.43,633.69
723.13,746.6,731.9,696.74,666.25,628.07,589.53,562.24,538.85,512.05,478.47,437.05
721.76,746.59,732.28,697.16,666.76,622.42,548.21,476.61,438.01,410.05,392.86,375.32
710.05,746.58,736.1,700.4,669.73,627.7,550.69,445.14,357.57,317.84,321.05,337.47
672.73,737.56,738.45,702.28,669.28,625.11,545.38,436.88,328.4,226.12,175.09,146.72
666.32,733.99,738.65,703.49,670.6,628.14,550.16,440.51,330.42,228.31,174.49,162.13
519.06,632.06,760.53,759.29,728.72,694.68,656.86,586.46,469.57,330.84,216.73,158.79
598.68,693.59,752.24,737.39,700.67,665.47,605.25,495.73,347.51,224.61,156.37,138.28
670.71,731.59,726.2,684.11,627.57,525.33,385.37,252.46,167.31,137.89,152.4,244.22
711.17,733.32,698.59,639.37,531.89,383.38,247.04,161.26,140.34,165.06,309.83,621.12
701.59,731.57,701.35,642.57,533.95,382.34,244.38,158.82,139.92,165.6,314.49,624.1
685.96,720.04,691.6,625.99,502.74,342.27,211.0,144.44,144.75,199.38,466.28,749.9
680.26,693.31,628.6,486.49,323.9,187.81,131.24,137.62,182.64,414.67,725.0,798.01
533.25,551.07,599.91,469.03,323.1,186.27,127.66,130.17,157.5,262.9,598.31,807.01
596.5,491.47,324.31,163.78,106.86,107.88,140.61,226.32,527.08,808.15,807.78,797.93
626.08,511.68,274.62,112.84,89.93,117.16,169.0,373.36,692.6,817.43,818.12,808.45
531.58,269.04,91.16,75.01,95.62,157.52,391.16,718.41,821.1,818.19,805.86,779.95
523.58,260.21,82.02,80.34,113.43,205.56,515.13,808.84,815.21,806.56,796.77,788.88
340.5,148.17,89.67,102.29,188.37,468.25,776.47,807.0,800.94,795.13,789.93,782.21
107.64,86.55,126.18,301.06,629.52,815.09,816.77,808.26,797.1,786.19,767.97,728.09
69.06,94.88,162.46,378.83,686.25,820.22,814.91,781.87,719.35,651.65,579.46,526.19
80.31,99.78,273.84,645.17,820.12,822.61,806.01,760.79,695.4,621.97,563.79,539.19
203.59,504.79,786.81,817.06,796.16,753.94,694.7,634.49,577.27,549.34,537.71,532.93
327.61,653.74,805.01,797.49,765.91,717.28,661.05,594.82,546.74,525.85,517.48,513.47
601.46,771.32,783.87,760.15,725.99,694.81,663.35,619.69,572.11,539.63,522.23,505.81
690.06,744.74,737.18,703.8,685.0,675.34,667.05,659.26,649.91,635.74,615.37,579.87
