158.38,252.49,553.81,836.85,785.31,603.35,419.16,429.94,556.16,464.8,436.6,562.25
260.85,547.91,899.34,864.68,739.1,612.13,463.41,568.76,496.09,644.11,507.51,653.05
409.7,831.92,748.78,779.9,623.62,461.94,476.7,419.39,464.82,550.56,548.27,579.36
943.96,1001.89,1143.41,846.71,648.09,555.69,579.81,614.66,549.14,811.13,713.57,801.7
738.32,1129.3,580.73,473.69,563.33,530.71,617.71,501.76,577.42,578.23,544.69,634.0
1048.64,618.89,471.76,511.3,428.8,528.15,508.0,521.95,538.03,620.86,650.45,635.37
681.24,505.21,469.24,433.02,405.2,503.39,533.38,595.93,656.15,542.79,673.71,551.89
505.38,622.47,398.65,431.11,423.41,562.87,696.51,650.71,480.15,525.7,410.79,298.38
661.85,541.17,490.39,396.14,430.15,633.86,671.81,639.67,411.75,384.15,291.57,290.28
557.82,466.65,437.28,391.92,615.67,649.81,588.79,457.35,454.82,332.23,247.07,236.88
473.5,597.67,416.62,526.59,491.53,572.47,574.43,512.48,312.23,219.45,170.04,134.63
700.74,427.53,480.09,519.4,628.68,677.33,465.58,288.89,212.37,122.1,143.68,90.69
413.16,515.99,525.44,680.22,652.78,489.07,337.53,250.66,136.06,97.7,80.03,66.23
421.38,538.17,679.82,780.57,523.53,289.93,254.43,119.42,90.62,68.67,47.25,132.81
505.99,703.43,725.18,605.14,351.37,236.25,112.41,103.87,51.46,48.48,101.43,335.72
809.24,844.44,859.85,553.15,190.34,127.19,107.16,34.85,36.45,101.29,401.45,892.25
766.12,904.72,656.73,280.07,135.11,98.23,59.18,28.29,89.46,297.46,1007.77,562.0
459.04,571.65,497.53,242.44,131.09,53.65,40.05,84.85,193.5,670.89,582.87,506.78
208.85,170.66,192.43,176.01,56.06,51.51,52.69,223.44,678.31,622.14,533.11,654.04
236.03,170.68,85.33,58.1,60.17,129.21,337.93,652.24,690.8,686.98,644.84,549.56
127.39,88.01,67.16,124.36,268.83,178.91,268.48,595.14,758.06,733.06,596.03,437.14
146.83,68.4,38.15,85.55,148.8,395.62,600.61,790.94,796.36,819.11,728.05,430.85
109.23,76.83,99.03,103.68,109.05,162.1,322.63,631.94,802.91,912.51,680.59,543.73
94.37,54.13,38.01,104.53,219.49,469.38,590.46,682.15,908.4,612.86,613.15,589.5
78.39,53.72,155.28,705.04,732.74,495.18,395.03,457.53,550.64,549.69,494.05,580.33
311.31,404.36,572.28,668.13,614.08,372.9,516.51,542.6,470.59,727.39,586.81,419.14
334.53,537.3,527.41,625.64,756.25,467.1,403.21,402.73,394.02,389.59,514.89,455.43
285.7,542.24,856.69,686.76,682.87,591.35,485.1,506.91,380.62,410.33,521.1,534.93
274.53,578.94,829.82,677.21,625.51,471.01,495.72,489.61,362.07,470.88,471.09,483.56
758.86,790.03,773.59,499.12,508.68,504.1,425.72,311.37,365.03,425.47,557.83,458.34
773.16,659.07,638.87,560.7,436.36,461.1,432.62,380.54,378.24,519.23,443.08,307.46
653.28,707.95,559.49,478.45,416.79,456.74,486.47,454.94,494.97,465.97,308.85,256.25
702.65,690.15,461.83,607.42,375.41,569.06,414.7,517.3,422.01,512.88,200.03,219.84
706.48,550.55,527.45,605.31,423.62,419.06,485.97,455.47,414.59,203.63,222.43,200.33
716.48,570.08,499.8,535.33,503.6,609.16,517.67,313.52,253.15,231.65,237.83,159.57
497.13,539.8,577.72,515.18,708.91,585.42,334.36,220.87,278.72,219.69,213.05,139.85
464.51,647.33,671.65,712.86,530.45,359.64,204.67,278.39,249.79,218.47,133.4,127.61
565.91,852.33,631.66,548.76,331.27,263.88,314.45,248.64,186.32,153.24,118.56,121.79
692.04,709.58,638.98,416.37,200.24,292.25,252.28,268.89,167.69,98.66,103.37,138.5
629.42,629.25,399.31,230.3,223.37,225.85,351.1,144.21,112.24,64.5,68.27,108.01
575.39,411.11,237.7,249.84,217.88,323.73,151.69,121.7,61.98,80.63,131.59,303.13
315.04,296.06,216.46,209.33,253.42,216.49,98.2,89.77,71.48,176.95,285.17,578.55
263.34,229.3,237.32,312.26,104.49,103.74,46.01,59.17,171.15,332.26,596.44,753.31
261.18,358.4,270.89,126.9,94.78,46.45,65.83,130.6,289.43,525.69,785.1,887.92
363.41,359.5,212.56,102.38,78.12,57.32,61.17,165.59,497.07,717.51,765.76,900.9
307.15,235.02,162.29,65.15,52.95,63.97,127.62,349.87,519.87,727.81,798.38,802.57
98.12,51.25,46.72,138.34,217.08,557.9,551.47,765.23,700.11,717.71,490.48,461.01
127.55,48.33,105.83,93.94,188.05,389.16,612.95,721.65,891.9,672.3,611.02,465.51
136.88,105.8,203.46,281.12,348.66,500.6,602.56,714.44,889.31,570.55,493.68,537.42
126.36,327.1,376.61,402.71,483.87,702.55,727.97,454.48,514.41,397.62,395.71,343.23
171.19,262.81,412.81,531.02,671.3,547.88,513.45,622.05,379.05,419.12,534.17,365.39
249.56,517.48,849.2,542.07,689.57,624.43,394.35,420.1,290.77,416.42,448.94,421.61
629.49,729.85,905.22,705.25,587.0,527.98,485.35,506.16,305.9,375.86,452.43,517.12
702.4,783.11,694.77,523.7,500.97,419.03,423.58,317.48,672.91,508.6,638.18,592.14
834.4,810.75,599.16,564.92,511.37,472.21,383.23,526.59,594.26,617.06,581.7,547.13
819.52,593.14,543.92,503.57,420.8,509.95,503.02,584.71,478.68,695.72,550.59,403.19
587.92,574.45,582.19,299.8,397.36,434.06,543.58,601.0,611.45,573.37,451.08,237.73
523.03,604.72,467.22,354.04,403.51,558.71,615.31,444.59,574.88,348.57,313.51,226.62
672.42,528.12,485.13,548.07,456.58,593.33,634.69,370.33,241.16,296.55,175.12,178.17
521.57,458.31,526.27,492.27,584.58,548.12,514.54,300.04,304.88,231.49,113.42,274.15
432.78,543.65,538.43,632.78,617.71,561.16,327.6,261.95,235.87,116.23,271.05,145.26
450.03,567.85,689.93,716.69,613.62,400.55,224.26,229.72,153.63,232.74,136.16,110.07
626.18,634.65,800.46,598.58,417.39,215.31,232.57,267.92,246.05,103.44,112.14,129.26
650.13,679.93,679.9,481.34,218.4,250.25,244.57,263.27,118.84,74.92,75.87,225.69
673.46,673.31,551.29,279.73,212.06,150.83,263.11,99.12,76.32,81.91,189.36,333.53
709.96,486.15,329.31,190.39,166.32,233.66,84.49,83.43,94.4,227.76,411.3,721.05
676.89,441.38,186.38,155.15,101.07,51.11,61.34,147.65,364.1,529.14,649.12,740.55
514.12,330.13,197.07,134.6,89.46,57.61,70.26,146.16,330.12,526.6,737.58,723.28
288.09,128.01,108.63,50.16,26.51,60.86,279.16,448.65,574.93,811.95,809.65,632.07
211.03,183.23,137.63,43.78,66.26,69.88,178.44,330.45,664.86,818.99,879.82,655.8
306.4,232.14,109.32,32.52,55.67,115.76,222.3,377.64,511.03,688.33,708.36,557.31
120.38,52.83,63.61,107.42,217.29,263.37,499.92,876.53,874.59,664.51,609.45,604.25
58.22,29.82,125.08,129.35,248.66,611.26,724.52,756.18,785.95,741.99,497.33,550.16
87.7,97.62,298.27,360.3,453.9,659.42,767.33,575.2,507.32,538.56,418.85,634.86
150.33,335.04,584.94,810.16,738.06,541.84,443.81,493.17,521.51,456.13,380.3,489.27
645.29,1032.07,687.83,618.73,600.97,644.09,685.4,791.44,1039.43,1006.03,590.38,408.36
814.89,856.46,528.67,474.99,480.85,612.41,676.45,611.7,695.76,868.02,723.89,470.94
879.6,588.47,463.63,455.18,487.68,730.94,506.41,623.59,478.12,736.18,575.44,418.84
815.11,480.34,397.87,475.48,465.02,645.1,529.15,629.94,470.91,571.49,502.86,483.38
779.14,510.88,414.89,437.84,398.19,588.27,646.03,490.62,393.83,436.71,593.96,319.64
798.15,452.0,331.95,390.11,425.22,650.48,548.49,418.46,298.06,380.61,304.42,293.5
742.1,457.9,324.36,376.7,461.88,448.07,372.73,256.67,201.85,162.9,96.99,72.51
624.18,412.74,260.32,238.94,140.58,146.4,148.57,261.21,316.65,105.96,39.25,54.52
592.59,333.17,164.2,108.03,86.79,100.19,222.74,218.39,151.65,41.97,55.24,53.44
471.21,228.9,173.86,62.58,75.13,99.52,204.6,177.62,58.08,52.29,32.13,64.09
284.67,71.02,136.71,90.81,269.42,283.01,152.17,38.53,49.34,9.04,70.15,108.03
530.06,544.12,606.96,382.21,192.58,119.86,139.75,54.26,101.97,140.82,156.42,246.99
651.32,440.08,519.87,334.31,204.89,100.31,97.46,42.03,51.57,77.74,241.02,443.89
464.29,422.71,526.91,216.07,73.57,73.7,58.82,96.85,124.61,225.61,466.55,789.78
396.11,282.51,248.45,136.73,71.06,53.11,54.57,136.71,228.66,407.82,691.0,702.29
238.85,73.13,119.68,48.77,86.52,162.2,156.83,209.49,620.83,703.63,656.83,634.05
179.27,55.16,81.34,29.96,90.07,186.65,308.11,504.82,819.35,575.01,546.88,588.48
182.35,67.45,89.02,44.76,75.99,270.71,795.53,777.63,642.07,672.17,528.86,634.42
172.05,55.45,95.85,109.98,301.68,1091.33,640.03,564.91,669.07,535.26,545.14,570.08
37.04,65.29,70.53,197.04,315.44,475.41,647.88,747.6,431.09,371.17,371.11,354.15
91.23,55.81,95.85,276.53,682.25,588.6,722.34,843.92,444.62,474.29,622.12,549.97
99.37,217.26,488.14,1146.02,1068.05,861.73,755.46,622.67,598.45,756.05,793.78,770.62
345.82,527.81,591.23,438.76,601.94,472.66,488.61,529.34,357.48,392.1,484.94,383.94
310.9,562.19,667.64,798.09,565.72,513.3,530.01,365.4,312.6,310.16,473.15,466.29
598.48,584.68,784.29,545.67,443.63,570.17,440.84,498.62,486.58,564.96,518.65,575.08
656.5,847.59,535.51,460.01,499.04,426.34,542.86,545.29,682.14,500.65,671.22,473.41
761.97,517.13,554.43,447.11,413.73,544.53,593.75,610.59,559.61,606.72,606.77,425.71
486.81,488.73,475.09,491.83,442.53,520.57,584.66,606.61,529.88,621.41,483.99,322.18
483.69,415.38,534.52,493.75,564.92,552.38,598.09,553.21,609.78,501.65,351.75,192.39
373.37,292.77,286.09,402.09,456.37,569.27,567.18,466.6,490.03,483.39,462.57,310.95
469.44,338.09,330.8,459.49,486.54,600.78,566.33,508.67,456.89,343.14,188.18,146.56
445.26,311.92,454.42,442.75,483.12,572.04,455.8,337.35,146.57,153.31,104.77,150.28
430.38,359.16,552.84,486.38,517.44,585.81,580.68,296.37,230.82,212.34,138.95,45.41
433.78,418.24,623.58,415.61,534.65,431.24,421.58,257.91,253.55,149.14,46.25,66.3
446.85,350.56,574.59,363.17,396.86,278.94,304.75,232.35,142.27,64.85,57.06,37.12
439.34,303.29,371.02,175.38,166.85,207.02,237.24,183.49,72.09,45.21,47.62,70.98
413.82,243.49,246.65,162.12,185.87,237.65,187.84,82.76,42.59,64.16,95.19,201.02
330.21,152.02,157.15,144.14,252.01,233.8,76.01,28.81,56.63,105.83,197.09,132.12
331.14,230.89,277.17,208.84,190.46,75.53,64.8,77.19,157.02,192.98,233.8,471.87
230.56,205.2,141.03,134.52,206.13,76.44,54.68,98.28,182.97,182.68,276.66,661.79
300.26,191.8,95.3,81.89,56.49,97.67,237.21,356.9,381.4,696.6,751.08,594.2
334.06,145.19,74.81,60.54,60.81,131.67,390.81,506.01,639.56,786.95,591.46,497.94
186.18,80.43,35.93,82.79,253.43,333.06,505.09,652.11,678.26,621.43,409.15,330.69
43.72,86.63,60.66,183.42,421.71,802.21,579.75,661.02,474.91,388.94,493.64,248.63
71.82,62.92,268.75,421.17,856.19,649.71,866.79,683.57,586.63,596.51,577.22,549.94
79.12,195.19,344.91,614.26,788.67,920.36,726.42,787.19,671.99,648.93,556.64,426.91
165.88,204.45,450.0,799.63,894.69,777.87,890.07,558.59,541.9,516.3,490.13,535.63
307.35,582.8,855.41,997.54,785.38,693.37,522.11,618.75,637.35,355.28,587.85,514.53
544.64,824.55,812.5,765.34,490.0,491.29,669.5,484.74,346.09,584.68,484.07,639.53
727.51,749.31,715.5,554.97,513.34,592.97,442.41,445.3,526.99,533.97,675.02,633.07
860.43,660.42,751.67,479.82,494.65,615.53,386.27,499.39,559.49,630.5,661.25,613.83
650.95,627.53,444.25,461.41,591.11,413.11,525.99,588.59,630.28,753.93,591.48,530.69
682.48,437.6,454.39,629.8,500.31,454.6,615.86,645.96,706.51,651.49,608.93,505.92
411.76,425.0,523.06,616.3,451.41,508.32,699.94,648.21,715.65,573.65,486.41,359.23
430.7,590.87,445.95,462.8,526.85,566.61,609.46,689.42,594.72,470.94,365.2,224.72
645.42,488.71,453.06,464.25,671.96,606.97,482.14,475.33,430.94,437.3,276.01,125.28
486.96,402.79,579.9,503.55,521.79,518.81,439.23,535.67,413.42,266.63,123.52,58.13
400.12,571.37,590.76,522.86,476.95,455.26,463.67,377.75,304.94,136.33,48.04,63.02
464.29,650.17,581.89,547.44,410.25,473.08,422.74,270.14,152.14,53.67,61.66,57.97
618.73,654.0,534.52,600.45,420.32,357.98,259.98,158.55,40.72,55.53,46.02,283.59
569.51,531.08,505.05,553.13,389.93,290.17,98.99,52.4,51.87,35.51,236.75,540.34
633.34,609.49,439.71,408.26,223.38,94.35,65.77,47.68,35.07,212.87,485.13,727.33
567.67,491.2,452.22,253.96,93.52,57.07,47.13,39.73,243.9,560.7,739.85,746.75
388.78,277.4,209.05,74.11,30.96,86.16,272.75,435.79,622.35,660.29,648.68,466.21
314.22,212.28,82.07,37.65,73.07,205.9,482.84,642.6,714.83,661.39,538.11,538.31
290.68,141.91,41.95,35.91,80.99,262.46,491.63,695.91,730.02,782.53,574.03,470.5
115.73,76.72,49.63,47.37,105.73,257.26,483.3,773.88,776.48,531.09,475.7,556.34
68.9,71.55,76.44,202.93,442.93,544.82,703.58,885.41,567.59,550.65,512.13,490.02
58.66,81.07,189.35,389.77,659.87,636.92,861.48,423.71,407.43,435.14,443.54,405.05
91.83,250.24,535.08,799.4,737.09,850.62,558.2,461.81,623.92,556.78,432.03,551.42
342.25,522.89,735.03,481.15,654.04,461.67,275.86,325.36,462.98,348.46,578.36,528.7
319.2,564.98,844.62,726.52,598.46,573.0,405.6,361.45,351.86,326.68,376.17,444.25
783.85,605.21,799.33,675.02,345.39,351.75,364.92,302.98,377.54,423.03,453.87,637.03
674.0,657.62,572.54,425.09,391.57,374.1,415.94,309.06,443.97,434.9,496.57,639.45
701.63,638.65,411.63,353.94,437.85,373.8,330.83,474.41,470.55,465.27,726.46,701.14
713.62,488.76,414.32,367.52,387.64,403.04,399.75,521.57,552.51,686.04,786.73,448.18
490.14,404.21,379.06,441.49,435.44,407.06,511.83,561.06,646.64,812.16,493.26,457.72
452.74,435.86,437.14,542.69,513.01,535.6,534.27,552.07,730.01,561.41,529.84,335.06
444.22,464.52,445.04,412.27,562.74,606.08,520.05,719.59,564.81,526.08,298.27,236.93
639.59,367.02,394.0,476.59,599.6,601.32,542.27,703.75,410.43,371.67,259.61,176.28
521.33,436.36,571.33,559.86,583.68,736.85,495.92,441.71,312.94,276.22,230.47,50.83
413.28,606.38,559.95,718.45,500.1,531.82,414.8,306.88,312.57,171.56,59.31,59.98
553.39,520.32,593.92,499.25,572.94,398.03,266.99,259.76,146.15,84.34,51.15,73.93
575.35,521.8,611.17,467.01,511.55,312.01,262.53,195.21,67.83,56.81,73.51,263.29
514.0,376.29,439.79,555.01,361.16,257.44,194.41,90.09,50.24,89.06,223.65,406.66
400.09,321.34,350.46,393.37,207.31,215.63,158.0,56.47,87.09,153.64,230.23,372.7
334.03,276.61,285.46,240.32,218.31,184.0,84.87,64.82,91.79,198.06,328.72,597.96
574.84,402.58,204.59,137.08,112.06,66.43,62.59,136.48,311.57,548.87,806.16,786.25
396.96,309.69,184.42,93.75,64.42,71.46,134.38,280.21,535.25,869.38,828.58,676.57
382.68,177.08,92.01,46.59,54.56,84.62,369.25,470.79,582.15,730.24,695.5,502.02
182.83,128.5,72.05,38.52,76.8,207.26,344.07,533.27,763.48,774.06,520.97,470.23
53.24,74.58,68.57,297.72,491.42,594.18,664.07,912.56,527.41,495.36,557.64,476.23
49.83,83.63,293.22,426.36,689.66,690.55,819.62,456.05,488.43,482.12,561.18,473.05
101.45,494.14,365.83,423.2,808.63,917.14,533.36,571.18,556.18,445.27,486.15,546.28
237.7,186.46,356.39,672.12,932.39,812.63,793.56,703.47,595.87,561.19,474.82,670.18
492.01,620.53,761.96,797.78,539.87,473.4,531.35,434.44,518.56,536.51,792.49,739.15
517.75,622.67,724.62,633.84,547.69,448.07,418.02,383.11,478.34,972.0,509.35,618.98
646.0,516.83,419.84,509.49,474.44,413.5,362.96,434.93,797.11,660.04,620.78,832.71
531.06,414.9,463.49,597.89,377.02,355.99,512.37,518.11,858.26,531.07,881.01,939.53
505.88,484.12,374.69,520.32,459.76,362.12,649.12,631.51,576.33,720.01,784.01,923.71
497.18,423.4,363.38,377.08,520.29,693.1,524.74,533.33,802.69,667.03,851.87,740.66
397.71,312.56,352.99,720.3,517.93,477.53,626.03,663.52,703.57,759.04,676.43,508.87
374.01,256.45,402.54,731.4,491.44,584.34,562.04,621.48,763.35,652.71,534.06,397.91
354.26,367.66,411.15,916.22,516.92,640.2,799.3,699.5,1023.63,681.08,289.09,330.22
475.15,380.36,560.69,799.24,529.66,823.09,944.87,778.68,532.67,330.17,294.73,93.49
540.34,562.72,523.51,644.71,727.66,633.78,921.83,721.04,324.8,220.58,68.86,59.42
575.75,766.12,742.81,827.76,847.2,631.99,503.35,352.42,210.24,69.95,65.81,76.58
747.28,769.62,787.03,782.16,649.6,546.96,386.54,151.46,65.44,51.97,87.23,312.2
589.3,798.0,697.42,690.88,423.76,228.78,141.99,78.7,50.78,56.61,334.29,586.36
614.37,853.15,556.17,454.84,198.58,106.72,106.82,31.39,68.87,391.54,535.79,668.88
615.52,703.18,381.01,246.44,101.43,91.69,44.9,60.17,318.61,543.4,706.14,817.75
531.73,524.22,170.19,148.58,78.93,54.3,82.46,270.34,623.06,767.86,910.52,835.67
332.22,206.54,100.2,48.42,53.88,80.06,349.01,569.56,804.07,922.0,815.91,735.89
160.02,177.69,83.7,70.05,48.48,125.9,272.21,616.77,1116.13,1066.57,930.79,654.57
142.64,151.86,76.1,55.47,159.56,488.16,523.5,638.91,865.66,706.58,582.24,677.82
57.48,52.53,126.4,269.68,570.12,829.94,792.1,737.94,843.62,665.89,715.73,692.03
52.62,88.05,310.79,1106.74,756.76,738.57,835.26,713.24,536.02,565.17,595.71,487.68
92.28,236.76,426.45,619.71,783.74,927.83,761.98,734.21,722.44,723.66,524.2,467.37
239.32,289.89,470.66,728.07,863.35,744.32,780.46,691.03,603.8,508.4,422.67,510.81
212.08,455.22,592.0,837.45,819.13,715.17,683.22,546.39,491.62,397.06,439.36,508.04
327.16,574.16,801.5,861.53,761.82,798.52,715.61,652.59,585.81,439.68,600.5,574.12
454.52,678.77,751.82,838.71,699.0,741.73,683.98,583.84,501.87,430.67,643.15,592.16
773.75,788.81,715.59,620.61,663.62,621.18,576.07,425.06,572.65,447.65,641.81,507.47
774.97,727.08,670.23,567.62,577.86,598.46,424.96,534.5,567.62,588.02,587.5,481.03
698.16,776.43,585.82,629.68,597.22,440.47,553.89,556.02,612.35,575.28,497.6,287.65
712.06,725.86,564.54,564.0,498.59,504.36,562.16,566.17,524.96,416.4,215.76,199.99
678.22,556.73,422.36,524.69,571.03,536.87,585.94,571.72,419.01,240.13,167.33,171.38
698.31,477.88,457.07,499.13,784.52,615.75,505.86,321.14,224.4,160.9,209.69,96.07
496.92,418.94,605.1,702.54,661.53,571.68,361.63,242.55,203.66,196.56,121.72,45.94
527.08,738.69,594.15,556.6,495.18,379.83,233.56,198.3,190.03,118.11,34.9,27.49
679.02,713.35,576.33,436.46,397.63,287.26,203.89,193.94,106.31,32.15,3.79,26.64
768.39,551.85,556.16,365.94,248.46,202.2,160.79,87.29,1.85,13.04,90.61,207.03
586.86,334.17,351.48,231.96,198.74,84.89,65.76,14.86,48.54,113.07,395.25,509.88
364.8,197.52,154.65,141.28,153.62,100.62,6.3,18.27,98.36,154.5,480.71,604.07
279.53,212.77,139.58,137.42,82.31,6.6,58.29,198.26,313.49,462.88,626.88,584.94
201.57,155.89,162.29,107.96,5.1,33.14,103.66,286.5,464.1,615.26,652.13,556.89
198.47,138.07,142.54,42.51,23.65,101.76,221.59,454.8,606.27,735.05,792.5,596.12
157.59,141.99,129.7,24.07,61.98,143.12,323.38,391.78,788.66,879.31,744.83,727.42
219.95,102.64,29.86,59.82,93.79,192.02,358.23,725.32,906.07,782.08,660.13,487.75
86.53,47.39,71.4,134.68,153.85,288.58,671.5,860.04,830.53,773.73,721.74,548.51
22.21,62.73,57.88,78.34,167.15,294.88,531.5,785.74,791.82,690.32,669.66,506.11
55.45,129.4,298.02,237.19,350.8,567.27,837.79,821.94,576.82,545.56,355.77,438.86
97.13,134.69,243.58,558.89,770.74,853.66,581.8,495.97,545.62,501.88,512.0,499.64
120.43,183.7,221.5,363.11,710.48,812.34,732.24,646.42,496.92,432.79,533.85,484.21
308.36,635.46,540.61,739.99,721.26,406.36,460.55,453.36,483.75,455.98,400.34,475.44
297.7,667.24,745.64,782.77,665.38,513.64,584.2,516.47,493.19,521.16,575.58,511.46
582.2,790.17,695.13,713.42,453.5,492.82,542.63,564.18,394.54,664.56,638.98,625.96
605.75,770.99,604.62,576.69,465.97,499.49,466.41,540.78,529.94,689.51,646.73,594.92
694.95,687.96,554.81,529.31,542.44,493.02,511.48,595.4,657.02,589.91,506.79,493.82
739.19,657.03,529.62,519.4,573.65,493.26,529.22,616.76,649.57,485.02,435.86,413.47
598.51,590.58,526.58,495.42,487.95,487.77,593.6,677.79,488.32,406.44,359.77,302.87
598.66,634.33,484.66,434.83,503.97,513.0,572.92,576.08,445.37,408.23,298.12,248.91
545.09,539.01,447.63,459.08,519.61,583.74,536.58,467.09,435.34,291.4,260.19,156.7
563.33,463.73,550.23,467.37,605.87,513.27,454.93,437.84,317.99,251.56,150.13,123.41
475.23,429.16,482.27,611.38,574.96,431.17,485.29,361.68,258.46,146.22,119.81,97.9
497.42,471.51,636.46,527.27,449.84,384.14,354.07,269.57,137.58,140.2,107.02,90.09
469.87,686.09,536.32,430.26,350.63,310.57,244.79,166.05,170.43,105.88,92.85,81.89
641.7,594.72,511.28,367.41,313.4,255.02,162.03,253.27,62.77,91.46,105.54,382.13
640.86,494.93,486.72,314.05,301.41,221.58,178.34,103.9,73.05,103.13,360.64,329.09
469.11,486.61,356.55,284.31,214.87,115.84,94.87,72.01,86.66,291.57,371.56,560.24
353.26,322.14,298.97,228.54,145.33,118.62,85.99,111.15,261.43,321.62,511.65,639.54
269.23,234.36,157.39,190.23,96.42,119.47,147.66,232.44,303.2,585.4,669.23,738.74
229.53,177.84,190.88,113.79,79.27,85.58,134.33,187.1,600.78,803.71,850.23,699.36
163.89,58.54,60.87,184.79,309.82,375.41,559.53,603.3,746.19,708.93,509.83,435.81
23.82,91.21,174.69,339.69,486.9,445.15,630.51,574.02,501.02,532.28,371.33,456.65
110.41,222.88,237.03,172.07,95.27,270.48,589.92,759.48,545.83,559.37,451.91,490.53
88.82,446.59,658.33,638.04,752.77,512.3,428.41,398.27,487.87,417.36,518.95,418.51
304.51,334.3,437.37,400.15,575.58,445.08,453.02,491.68,395.05,422.36,433.58,424.45
445.23,607.46,888.39,524.08,465.91,319.09,357.38,431.0,316.46,421.08,678.98,521.22
564.35,971.87,470.34,431.95,360.22,362.93,386.88,300.8,427.76,608.69,652.01,721.99
835.13,498.11,547.7,393.32,352.64,359.43,355.16,396.8,534.82,713.82,664.24,721.44
418.76,407.08,351.55,402.77,511.66,274.19,365.69,794.33,639.24,675.07,757.14,566.33
422.63,326.08,359.76,595.78,424.63,443.81,585.13,676.32,725.28,691.52,651.81,543.46
333.46,361.48,370.4,551.28,476.94,816.87,736.27,680.62,663.77,590.83,574.8,463.88
413.89,327.96,348.55,596.81,592.85,736.27,778.59,679.84,555.03,551.66,438.84,313.92
343.32,430.79,459.72,611.41,747.06,700.96,700.07,522.03,547.52,463.62,268.86,169.49
515.47,371.14,798.47,502.51,774.87,638.69,550.27,466.4,422.42,302.15,167.16,29.75
457.85,548.04,705.03,605.99,544.24,472.2,520.4,438.67,280.4,185.81,20.62,30.32
653.15,639.85,637.25,576.75,473.09,527.32,466.61,253.99,156.98,36.34,38.05,65.06
707.44,593.75,643.03,488.16,452.02,470.51,368.91,137.27,47.92,54.58,54.38,233.93
630.01,507.07,591.97,552.96,396.7,306.47,198.12,58.84,61.68,67.39,151.58,422.61
568.17,721.03,617.26,335.61,263.16,152.16,80.36,77.21,80.66,208.97,540.48,771.28
362.04,536.68,350.37,174.36,175.16,90.23,74.72,83.55,185.22,483.05,767.62,816.01
397.7,488.42,302.98,96.67,57.52,63.08,49.33,164.13,521.96,747.98,673.88,707.4
329.08,206.45,174.36,85.3,57.84,39.04,69.97,288.07,561.54,782.37,701.49,657.37
137.93,120.03,76.25,21.18,86.18,288.49,510.97,691.06,823.44,975.7,629.57,539.05
35.7,52.72,33.36,122.85,376.12,492.77,643.53,777.08,517.16,594.56,504.69,494.62
4.71,56.44,65.64,211.52,510.95,742.12,738.32,761.45,620.73,456.23,539.84,585.69
26.86,153.79,271.91,505.05,634.95,749.86,651.23,546.75,446.81,456.52,543.46,533.08
96.05,185.18,348.5,665.13,959.24,918.77,763.0,587.08,568.79,608.74,612.86,528.98
168.37,239.94,508.32,651.14,756.08,635.42,576.7,491.93,463.53,459.34,421.54,450.92
453.5,653.19,612.21,798.66,529.01,457.61,569.24,355.61,512.48,453.02,481.54,590.56
605.99,781.77,739.87,504.59,436.35,448.74,456.59,382.95,342.15,541.2,587.91,604.03
728.97,794.93,494.69,435.31,464.07,433.92,443.46,344.03,467.94,587.03,578.8,688.6
786.82,585.11,368.48,384.18,436.62,441.44,389.9,478.5,532.49,563.24,701.23,552.81
630.39,410.55,331.31,369.35,403.98,432.13,509.99,526.36,689.42,678.49,467.67,475.79
428.97,373.28,400.1,407.3,427.9,473.62,539.46,683.07,707.94,484.76,441.54,444.02
469.01,377.9,418.05,443.02,482.36,472.47,491.33,650.26,610.84,561.06,457.14,335.74
406.82,405.22,453.23,591.96,546.03,552.31,708.87,530.29,483.43,404.45,286.18,267.72
612.85,396.57,465.95,464.41,766.83,622.96,421.02,477.33,400.27,429.37,223.79,80.05
408.85,527.67,577.25,577.09,623.78,484.47,473.74,415.43,331.23,267.66,93.81,40.61
558.09,508.89,484.89,515.99,570.58,489.65,426.8,359.48,229.52,100.1,46.93,62.88
677.45,624.84,461.34,550.61,518.97,453.23,349.69,206.14,101.95,40.43,60.14,154.13
564.77,685.91,498.49,455.81,464.21,343.93,255.43,88.24,36.29,54.67,125.31,420.41
818.07,478.68,431.58,475.31,418.83,241.96,74.57,48.5,53.9,105.84,365.75,626.21
515.19,748.22,465.15,365.09,147.36,84.46,56.84,46.8,68.06,279.07,639.13,714.12
396.23,434.71,318.0,129.32,73.76,45.54,76.99,241.35,380.79,616.78,710.86,666.02
392.49,353.76,150.31,71.55,57.51,55.2,86.24,335.15,633.29,770.6,750.01,535.06
194.49,130.1,52.19,40.94,22.41,106.99,456.22,729.01,667.14,730.33,545.79,400.58
267.3,95.68,3.76,36.79,48.91,235.79,593.97,779.28,672.54,525.77,491.66,565.99
123.96,55.08,16.96,91.31,256.05,474.3,642.81,652.45,627.82,519.43,472.53,630.8
41.77,72.57,75.74,262.56,507.92,770.43,777.51,589.15,508.83,364.7,380.63,420.12
41.23,123.56,343.23,563.52,584.19,735.54,661.98,569.79,452.86,550.77,390.86,423.96
164.63,350.0,612.37,803.89,846.99,718.08,499.73,542.34,654.48,616.36,537.24,876.39
279.57,868.53,838.16,673.3,674.79,507.32,563.19,592.59,438.05,543.95,592.33,518.2
736.17,699.41,754.43,831.78,477.65,490.19,440.17,497.68,420.17,480.7,535.35,611.2
538.9,661.49,702.24,528.55,516.33,392.2,427.97,527.0,377.53,458.74,592.83,670.38
658.45,672.8,603.96,579.89,470.22,440.24,437.1,377.68,487.53,513.14,644.87,748.53
614.56,588.56,471.85,479.4,469.55,390.7,379.52,492.19,497.22,601.4,683.16,721.3
559.22,448.84,546.34,516.98,333.72,415.57,506.88,502.74,553.25,723.26,774.07,591.76
487.23,503.81,472.4,411.7,349.29,505.96,563.33,574.32,671.75,670.5,644.29,644.25
508.94,420.88,474.17,385.72,426.68,550.55,580.37,628.91,688.24,571.56,637.3,483.48
490.93,450.16,430.6,382.14,562.43,652.7,658.81,658.53,541.4,724.93,452.89,270.91
539.73,469.2,507.59,548.46,550.02,632.53,672.72,692.14,739.07,476.9,281.58,221.81
524.47,505.75,599.95,673.91,683.9,589.48,713.62,770.05,503.35,278.73,217.39,60.96
509.3,528.66,449.91,576.2,659.13,603.36,522.94,541.66,285.65,145.81,61.43,45.42
605.01,467.19,512.95,524.07,578.7,628.34,464.67,306.74,141.96,57.33,45.98,106.2
471.37,634.81,573.57,565.83,627.51,454.67,284.18,155.42,63.58,47.91,82.05,112.74
603.8,566.71,667.93,699.99,514.44,253.89,158.97,66.25,59.69,75.41,131.8,449.57
516.09,669.82,609.67,478.75,306.62,178.65,46.31,69.25,81.92,196.86,399.35,683.02
520.37,602.87,416.0,326.26,179.5,57.8,63.83,75.11,156.48,380.44,691.87,684.19
432.37,332.02,343.57,183.92,54.34,70.0,116.91,219.78,425.92,654.19,662.39,617.2
364.21,269.88,163.52,70.24,72.08,93.69,225.04,395.85,699.24,729.86,747.02,504.98
296.75,164.74,29.48,47.09,59.34,105.06,322.82,841.19,568.23,676.06,445.92,464.06
144.02,62.28,53.8,86.79,222.65,401.2,640.48,690.97,733.27,605.62,366.34,318.56
74.64,63.03,60.16,196.11,411.44,554.51,760.64,835.51,490.46,426.9,393.95,452.89
68.6,39.27,170.73,438.22,806.74,691.08,876.75,748.79,577.51,569.37,568.77,511.45
139.25,233.22,422.75,700.49,631.26,681.75,579.18,367.83,416.77,299.97,260.33,237.0
200.39,370.63,428.46,771.71,621.37,486.85,536.77,591.45,420.69,381.14,340.45,318.37
392.62,587.9,703.77,770.73,503.61,547.32,531.85,324.86,354.26,448.97,247.47,260.56
524.17,653.87,684.57,547.67,538.78,522.56,401.55,349.87,500.11,499.43,280.65,377.25
535.75,679.31,508.48,431.15,605.11,294.57,301.19,268.32,275.1,219.82,269.1,215.39
702.39,427.25,553.31,479.35,387.6,239.43,254.99,205.6,284.06,262.38,252.67,320.82
427.36,490.58,487.81,564.78,337.62,362.76,263.64,313.1,332.25,523.18,512.27,563.02
424.08,531.49,414.33,366.86,388.38,291.67,263.42,225.99,226.55,229.73,245.33,183.95
419.05,435.43,235.82,318.59,352.41,374.97,451.93,400.58,327.04,291.96,337.88,241.93
564.24,293.44,248.74,258.39,307.76,336.39,377.45,309.23,192.87,185.88,204.96,173.7
407.67,429.24,283.77,371.36,336.72,474.08,350.45,372.67,249.33,206.13,202.07,112.28
522.15,397.51,420.27,411.48,433.77,560.59,630.9,479.69,269.36,215.26,138.0,48.83
374.73,484.55,435.42,494.89,507.86,495.72,514.2,282.33,267.77,108.75,52.95,59.68
529.39,356.99,496.01,496.73,518.7,617.97,379.92,285.68,121.68,47.62,59.26,108.81
493.49,470.38,466.47,518.48,519.83,393.03,298.07,120.73,40.85,62.5,92.11,206.77
497.48,396.67,499.38,462.57,311.94,288.88,145.19,34.61,63.83,83.81,197.34,295.91
404.17,404.95,421.45,348.33,260.15,185.74,47.75,66.52,48.68,148.48,272.83,339.79
373.11,296.6,297.32,298.93,226.84,57.67,48.74,42.43,98.0,246.48,318.06,461.57
336.49,279.97,204.11,139.15,89.72,66.45,97.83,153.48,263.83,453.96,551.73,696.98
353.47,226.59,137.72,73.94,58.53,86.76,201.96,401.98,479.89,606.37,729.21,592.22
272.88,106.91,47.74,51.2,96.8,262.35,333.68,669.38,696.74,717.36,516.68,462.39
96.73,70.48,87.58,281.45,368.56,467.66,720.03,841.82,729.42,461.97,469.88,480.33
52.8,91.37,223.93,245.85,448.21,824.21,811.1,693.81,547.74,324.53,445.11,477.96
70.17,113.76,261.89,544.12,668.99,676.85,646.14,507.2,472.15,565.69,421.2,387.94
211.63,252.24,497.57,585.87,711.01,467.74,490.89,661.91,400.49,381.29,561.98,419.31
238.66,528.14,693.41,728.99,770.61,640.35,359.2,400.69,544.8,308.78,427.0,487.81
397.12,638.71,713.97,770.22,623.92,448.12,429.26,459.73,340.79,333.75,501.51,579.45
523.34,733.97,786.37,528.34,494.97,428.08,434.25,438.11,261.85,411.79,510.39,573.5
746.91,760.68,615.96,504.63,443.09,453.3,392.71,401.29,315.63,504.49,607.92,665.49
852.9,702.67,564.22,456.68,437.8,455.23,392.16,382.59,454.2,608.65,612.6,759.35
722.86,612.45,482.25,473.72,413.09,438.02,419.78,445.03,694.05,629.99,766.96,449.83
581.94,485.02,475.17,442.49,426.83,476.37,596.73,596.78,741.0,572.59,565.89,440.71
482.75,500.7,471.98,512.54,543.39,548.4,576.24,722.16,591.52,545.57,426.38,368.3
582.51,553.33,453.29,546.84,564.8,593.52,683.08,516.55,496.95,459.51,432.25,298.58
696.29,367.65,438.14,478.16,893.26,593.02,438.01,543.29,400.49,515.31,250.06,82.01
391.12,488.71,529.91,626.44,664.16,522.78,496.15,464.29,414.86,288.13,94.53,62.89
521.38,666.58,528.18,507.49,592.03,537.74,415.87,436.73,221.72,120.41,73.97,54.11
735.78,577.3,535.36,457.45,527.82,538.65,326.05,283.57,180.54,52.29,65.02,60.17
729.59,558.01,532.31,461.41,453.29,426.79,263.36,96.92,88.95,54.4,43.53,173.9
546.05,422.65,579.6,514.39,365.19,350.83,137.32,75.96,70.29,77.24,259.53,485.27
569.25,759.99,417.2,359.86,353.85,140.51,75.69,80.2,63.17,197.34,532.53,838.56
314.7,352.4,226.31,244.77,195.48,100.23,75.68,149.78,273.33,468.38,722.38,948.62
300.69,332.34,216.07,156.14,94.67,66.27,159.06,291.49,521.22,818.72,850.0,683.7
269.54,147.04,162.64,96.58,52.6,69.69,244.23,448.67,633.24,862.86,989.1,605.13
142.3,145.56,94.04,99.11,208.78,363.91,537.58,782.18,896.08,734.18,508.66,518.7
141.16,49.24,32.53,68.18,338.51,625.61,596.75,789.29,725.1,570.24,581.27,551.13
62.74,22.69,124.53,93.28,255.2,707.05,691.98,834.75,774.49,542.95,502.66,432.97
62.7,125.57,280.6,284.62,637.46,778.91,788.18,780.54,660.87,414.45,626.26,615.57
86.36,155.41,216.37,415.47,789.6,778.47,704.2,690.19,619.53,550.42,511.13,466.84
322.12,469.63,614.96,524.05,790.49,504.84,387.14,425.41,317.94,347.79,390.65,402.06
360.35,494.27,745.66,580.49,762.8,536.41,395.2,407.92,369.16,376.9,466.74,448.69
252.11,403.4,766.39,772.6,705.5,575.72,480.04,559.66,372.58,355.23,500.5,379.48
310.38,490.26,716.92,766.87,764.34,739.96,610.64,581.75,540.8,438.06,397.0,488.31
713.13,728.22,735.08,573.65,509.78,514.05,470.47,490.57,274.96,457.5,395.49,385.79
713.27,723.09,551.4,598.35,519.8,459.69,411.35,413.55,344.2,477.48,387.59,310.75
651.72,588.97,625.12,547.79,357.56,361.32,516.64,434.88,497.17,453.53,380.77,319.4
559.65,571.42,584.05,361.74,282.81,414.63,614.95,532.0,592.73,436.04,343.72,262.64
553.91,584.21,507.8,278.53,352.1,513.51,634.12,472.23,657.0,286.0,241.23,190.92
603.4,480.64,444.77,455.75,553.59,574.27,617.96,493.97,234.44,245.74,141.34,237.95
397.37,453.13,477.85,624.9,671.73,600.14,549.51,241.33,213.37,134.49,291.84,208.37
422.53,507.62,648.59,588.47,509.41,312.22,205.46,239.21,156.88,293.79,180.51,63.07
469.89,538.59,642.52,566.31,303.75,239.17,155.85,189.83,337.76,236.92,39.47,39.96
458.03,568.84,506.59,378.31,233.07,162.59,132.6,213.34,161.6,57.87,33.12,30.03
502.2,609.03,372.11,221.21,177.22,170.16,270.2,166.29,90.21,45.75,42.12,47.99
402.74,259.55,206.08,191.27,296.15,304.38,170.94,64.49,59.79,49.43,50.92,152.66
298.15,213.63,147.73,246.28,239.6,303.34,79.1,87.06,73.47,139.04,215.89,382.39
238.4,213.53,283.24,270.13,168.4,83.76,56.48,56.7,82.33,216.73,472.8,644.81
226.77,156.86,171.61,162.2,128.23,31.77,79.25,163.06,255.91,404.49,724.96,600.67
224.72,133.95,105.07,38.08,36.54,79.07,237.59,494.88,666.49,739.98,780.54,680.74
160.27,90.04,9.52,59.85,148.41,521.37,496.92,708.49,579.24,642.79,551.27,455.61
181.7,64.66,41.53,76.98,123.67,392.75,421.05,670.87,751.87,777.52,869.4,498.56
46.77,59.37,104.71,224.67,276.69,416.06,688.08,722.42,710.93,537.18,506.26,542.34
37.78,119.76,337.75,434.5,561.2,729.78,661.93,612.99,499.8,497.25,424.73,413.57
7.99,145.93,430.21,703.45,587.55,735.32,625.82,622.36,613.95,511.14,504.58,492.14
86.89,315.09,652.99,707.35,729.11,418.2,471.51,396.48,562.24,469.33,501.65,445.89
335.17,562.85,815.16,760.61,625.47,618.6,486.74,560.39,368.51,404.79,480.5,571.47
446.46,771.22,838.75,857.95,805.62,696.31,657.96,580.12,437.66,417.25,389.29,601.42
825.31,712.18,858.94,762.53,623.85,724.57,562.9,528.91,487.0,457.1,534.62,507.85
765.86,892.18,826.59,630.04,611.91,645.92,499.44,530.71,566.76,519.01,708.82,751.71
867.22,875.83,677.99,629.62,630.38,566.18,474.23,582.08,521.44,685.45,783.74,540.34
785.05,587.99,642.99,672.06,483.81,555.41,571.76,593.25,673.25,855.5,586.69,321.45
491.08,576.08,538.14,504.59,577.29,614.73,580.41,792.75,671.95,504.96,297.51,177.4
689.97,598.14,447.2,606.35,622.41,680.12,640.05,582.16,494.36,302.21,258.12,191.63
268.63,401.37,229.26,286.92,412.22,890.79,536.36,702.9,459.74,240.03,208.09,118.9
405.77,303.86,571.92,772.92,795.24,603.24,545.34,440.45,274.35,233.53,129.29,147.98
363.05,461.97,729.09,919.02,663.04,555.12,473.78,328.01,180.39,161.81,138.48,126.01
479.67,575.57,820.73,728.35,684.21,404.63,284.68,237.25,245.54,121.73,132.26,153.01
585.1,780.1,653.56,705.56,471.89,253.48,222.62,231.78,172.64,92.55,120.25,213.36
619.88,872.3,467.79,563.79,331.16,187.39,232.87,115.51,52.94,48.1,63.43,86.58
757.95,568.76,661.77,344.26,169.85,144.82,119.6,27.13,55.83,79.89,220.71,541.73
647.7,460.92,367.07,236.76,169.04,34.68,38.15,70.49,185.31,464.37,618.48,533.84
472.58,199.64,112.6,92.83,7.57,43.77,104.62,261.45,484.36,709.08,559.37,704.41
269.23,135.72,100.3,16.13,37.47,56.52,165.26,484.36,686.55,530.69,743.41,556.91
192.76,125.3,59.33,30.02,64.8,153.55,424.93,555.81,740.38,744.95,683.08,526.74
245.17,82.84,19.15,117.56,269.29,347.25,452.66,686.98,622.25,675.84,539.07,504.75
14.09,31.91,53.87,193.88,356.51,590.91,915.2,924.65,583.24,453.5,475.81,559.66
24.87,40.18,125.3,273.63,431.13,523.82,856.18,757.89,654.61,520.38,454.99,545.94
8.41,117.06,420.19,590.13,504.42,448.35,329.75,294.65,398.54,411.17,460.45,411.32
208.41,452.74,486.56,679.85,660.81,636.22,556.7,535.81,559.69,554.94,523.65,545.54
833.85,787.52,632.76,647.97,547.71,573.51,467.27,550.68,435.32,596.96,702.07,717.73
743.07,581.63,863.62,542.73,496.49,581.1,414.07,475.11,549.61,590.04,655.81,618.57
579.01,928.87,571.51,483.98,517.97,516.15,485.79,533.25,517.97,621.78,594.06,492.88
803.49,526.83,586.87,492.97,512.14,530.7,535.76,502.09,627.42,566.78,509.48,372.0
424.77,602.37,513.16,486.42,511.66,555.63,557.1,628.17,527.59,462.3,350.7,392.39
345.05,429.2,608.53,468.25,551.86,563.24,585.25,696.2,521.4,443.34,332.04,348.56
335.21,679.68,454.78,451.01,529.62,555.01,545.65,702.55,546.29,456.08,245.53,254.97
427.41,366.63,502.49,607.46,567.55,539.21,804.24,538.09,446.72,303.23,240.24,223.28
410.46,490.13,517.49,591.51,623.83,667.04,537.94,514.16,343.48,281.69,224.71,52.41
415.29,498.34,662.47,615.99,645.73,541.21,466.33,348.9,300.6,189.88,47.05,62.3
524.99,749.33,543.01,594.08,574.7,467.45,445.91,227.52,160.86,73.07,54.46,69.42
753.54,517.94,708.28,520.98,444.62,374.03,287.47,141.86,51.77,60.12,70.9,206.57
677.36,630.11,549.57,526.75,359.74,304.91,162.32,52.75,60.41,75.86,215.55,514.75
734.01,582.45,538.66,380.18,266.58,181.31,65.93,58.21,78.12,241.54,514.69,653.48
611.86,543.84,412.14,254.49,184.07,62.59,54.13,83.97,264.04,468.25,677.42,744.32
489.31,529.22,323.39,240.94,55.07,38.02,60.6,199.69,424.74,649.44,712.28,708.05
479.08,328.38,279.32,57.86,26.18,61.97,187.95,351.55,565.7,818.24,568.23,568.58
318.93,246.25,94.61,35.03,30.34,64.9,235.68,411.08,693.65,738.2,762.21,516.37
160.5,53.69,26.04,51.6,151.7,193.26,437.21,733.43,706.46,638.48,561.15,478.03
24.95,23.99,72.72,159.02,419.47,648.18,896.55,813.89,567.45,554.66,538.79,601.81
6.43,66.15,184.53,446.61,625.16,764.27,825.01,696.38,598.12,497.67,599.3,587.36
41.1,131.08,164.9,504.64,874.84,878.06,775.95,630.67,604.5,580.02,532.39,499.93
184.12,394.71,469.58,700.58,664.01,705.91,480.2,558.61,671.21,521.23,498.11,620.88
434.18,668.01,716.12,884.15,650.44,566.09,556.7,633.78,458.4,508.56,485.08,628.32
531.24,711.34,746.8,699.22,542.77,475.88,702.42,447.89,442.11,567.65,575.87,669.35
692.39,718.36,698.89,544.98,635.54,557.16,594.46,509.81,611.83,593.0,708.49,692.48
847.23,693.72,533.79,570.72,653.7,530.45,480.5,664.84,630.7,719.31,527.34,621.78
929.56,442.79,562.46,600.24,613.47,427.86,670.98,632.12,734.85,454.83,610.35,503.15
505.93,646.54,548.65,459.86,544.91,598.12,689.33,803.06,646.47,423.32,323.94,221.98
654.77,493.12,520.65,512.67,607.38,609.97,767.86,689.49,572.93,335.45,207.75,251.23
544.47,623.11,559.31,695.2,720.03,741.25,518.38,421.03,224.34,214.15,298.04,280.57
592.89,532.53,735.78,800.33,715.44,567.08,400.17,265.2,239.86,244.51,312.7,233.11
674.41,674.72,693.76,719.8,583.26,447.37,290.74,252.64,290.01,265.82,223.49,89.09
667.37,796.21,648.68,700.68,488.03,343.78,228.02,258.69,295.32,213.84,90.49,55.85
690.32,712.8,593.89,659.37,367.28,315.68,308.86,204.96,202.13,86.99,74.89,88.21
695.76,556.0,578.69,364.72,355.56,341.68,184.98,215.3,70.62,72.36,69.56,133.43
469.13,640.42,471.92,392.89,374.71,240.39,133.96,89.8,62.17,64.35,175.76,301.89
421.75,473.41,557.51,385.14,261.12,189.98,78.82,62.44,83.96,167.55,385.3,524.0
415.2,538.25,476.85,275.94,180.28,59.44,65.39,80.29,219.31,369.13,575.17,600.48
538.52,379.36,266.19,182.21,82.07,63.3,76.42,194.47,363.76,639.35,662.64,782.96
380.65,296.65,184.27,71.07,60.65,89.2,222.61,351.11,626.74,690.23,824.38,612.76
366.99,121.91,47.19,43.89,108.18,279.12,371.1,544.97,700.64,728.54,631.04,584.48
208.26,41.4,25.77,88.52,144.3,319.01,475.08,609.91,682.6,581.79,587.49,449.36
29.39,54.27,72.11,210.54,457.79,628.15,646.98,809.55,528.27,496.79,376.06,364.79
68.04,50.77,191.98,460.16,618.09,808.14,823.17,546.58,618.25,503.7,493.73,471.88
100.5,159.14,277.69,588.32,693.34,779.88,592.39,514.15,472.07,456.41,459.69,477.44
206.47,404.5,854.09,785.79,751.25,644.24,466.49,460.85,479.15,609.51,447.52,554.99
655.37,636.31,743.13,615.53,486.32,654.85,461.87,582.67,601.64,670.78,723.89,584.14
515.23,783.06,559.31,533.46,657.57,496.24,603.53,752.15,444.96,522.57,633.68,594.18
763.65,572.11,622.6,652.16,505.5,648.19,643.4,455.24,525.48,620.75,520.33,593.61
629.38,582.87,645.87,632.75,479.56,548.85,596.06,440.08,549.66,600.97,573.06,486.0
568.61,638.07,552.4,601.44,534.34,474.12,552.94,527.57,563.31,525.2,481.98,396.09
624.05,605.08,579.7,510.22,379.43,496.32,634.06,578.97,488.96,367.52,345.86,291.54
581.18,633.7,600.37,430.46,460.5,584.78,626.88,565.08,370.28,326.75,240.8,244.29
565.82,626.88,564.54,439.53,496.24,581.59,607.11,510.71,322.6,232.95,195.81,159.79
588.15,620.93,542.83,455.48,544.54,589.1,570.15,385.98,283.15,209.25,105.13,114.81
644.47,648.03,625.33,536.38,507.35,509.13,502.88,344.57,232.15,130.0,94.27,56.36
520.06,500.26,537.37,565.88,553.61,457.44,319.54,245.59,119.04,84.52,54.11,65.1
456.17,580.03,614.48,648.82,484.31,266.54,242.47,105.26,122.57,53.99,63.92,106.06
586.85,586.88,633.45,512.15,340.56,276.13,170.46,65.35,58.69,68.09,164.05,332.54
682.47,667.66,660.53,443.47,215.98,201.03,69.01,53.4,69.04,151.49,377.04,575.05
464.26,383.22,504.38,397.54,314.77,113.12,52.41,47.24,95.95,201.32,565.34,567.33
370.22,327.28,350.48,249.68,91.49,61.33,40.46,98.69,238.45,540.44,590.41,587.8
410.78,275.17,303.32,96.62,39.98,65.62,90.56,324.34,547.95,490.55,570.44,832.55
313.55,201.55,113.94,44.74,82.87,160.1,526.28,548.97,684.02,574.13,574.09,544.36
177.02,122.96,75.05,71.83,92.43,213.74,406.34,681.17,680.8,751.7,616.18,568.64
138.91,78.34,86.61,158.12,244.39,439.39,627.31,692.7,854.39,413.71,463.86,618.94
71.1,80.2,80.4,235.61,427.15,613.4,841.57,778.55,539.08,512.79,571.88,466.02
65.07,78.05,242.14,502.47,728.76,729.3,800.9,556.29,421.85,391.1,367.19,464.53
121.28,172.42,500.95,897.69,711.41,771.3,795.47,480.58,551.08,709.4,452.46,538.72
143.64,464.34,866.36,835.47,797.95,673.37,469.34,449.66,396.97,430.86,638.13,523.51
456.04,815.2,691.9,832.4,575.33,401.76,427.57,398.6,349.06,412.58,530.29,619.89
729.08,657.03,787.98,526.74,367.2,323.07,403.07,320.68,400.33,529.08,610.51,733.04
658.54,790.61,600.52,397.61,324.5,362.06,372.28,412.67,492.92,586.82,732.65,820.92
778.82,690.68,415.92,323.11,379.66,360.89,450.48,452.62,553.68,659.96,753.88,572.41
537.81,455.36,394.84,409.21,339.17,383.29,504.06,546.89,611.24,781.55,498.89,529.66
495.61,388.24,343.64,413.55,460.46,441.5,586.2,618.59,726.89,592.31,485.49,494.62
415.5,431.47,425.34,430.59,433.6,517.01,634.43,642.46,676.55,453.58,510.57,317.95
442.59,413.92,442.7,461.68,472.73,613.6,707.44,590.53,419.9,497.39,361.87,467.07
482.07,394.51,458.64,446.28,658.69,790.03,494.65,469.31,400.11,445.0,416.39,215.98
404.68,458.63,571.68,483.71,647.24,719.48,452.67,463.72,335.5,392.02,272.3,80.85
431.36,493.92,519.72,655.07,596.89,472.29,513.47,369.35,368.39,253.41,105.73,55.95
528.56,567.74,565.67,619.71,504.5,502.08,363.8,365.76,261.19,96.91,52.4,71.04
628.99,636.99,550.68,455.83,542.81,421.74,315.37,227.76,90.56,55.44,90.54,286.26
645.47,498.34,493.79,483.79,467.13,317.75,236.87,74.13,63.38,89.21,260.1,427.78
542.95,361.48,505.42,332.46,411.36,247.24,87.43,59.36,88.03,242.52,368.22,524.41
362.87,392.91,431.62,268.37,171.78,124.28,51.36,90.47,230.71,395.21,504.86,786.92
336.4,348.59,286.41,158.57,76.86,59.99,83.76,208.19,386.41,577.86,785.3,504.34
254.3,193.9,132.28,65.11,49.63,32.52,100.61,471.25,670.51,613.73,702.94,585.59
167.89,126.0,52.32,42.49,80.35,229.81,441.79,578.12,724.3,793.83,600.56,517.14
170.01,90.92,14.05,85.27,255.76,453.91,704.77,687.59,675.69,584.16,458.38,513.89
48.48,43.67,86.08,320.43,447.06,590.03,648.48,646.43,526.21,511.75,402.13,482.68
26.83,39.73,338.77,710.87,611.75,770.24,542.83,458.99,490.92,582.2,562.08,470.82
50.99,171.86,411.29,827.11,748.26,800.19,690.88,442.5,579.69,666.17,471.31,512.37
306.03,368.41,625.4,587.58,836.6,499.81,323.56,585.59,488.92,533.92,608.61,610.5
299.45,716.61,650.95,814.23,678.82,427.83,490.38,645.68,432.69,480.32,588.1,627.62
607.85,598.85,861.37,645.19,508.93,500.12,608.02,451.3,471.55,670.19,637.42,572.09
540.97,866.23,634.55,501.09,643.6,469.3,522.14,594.8,517.54,500.03,624.2,628.0
858.55,541.52,589.29,485.0,588.0,609.69,517.37,613.71,554.64,624.94,604.43,636.81
530.48,493.82,652.55,500.23,515.81,669.51,567.36,626.65,629.3,713.61,443.02,265.39
517.66,576.05,556.46,554.95,588.72,595.88,660.34,669.13,705.83,468.83,251.14,227.6
460.79,564.79,580.47,597.89,546.25,702.5,709.58,684.64,448.2,220.53,209.3,174.92
475.63,580.89,565.72,633.04,545.55,725.32,677.41,624.77,364.22,176.87,162.34,182.78
480.15,552.29,631.62,641.78,645.43,685.41,605.71,377.6,182.37,161.68,199.24,289.51
487.66,525.67,588.89,650.2,600.07,624.47,365.04,220.55,265.73,268.04,250.68,141.65
522.13,552.94,561.09,637.15,494.92,440.24,239.48,360.56,286.15,243.69,142.07,66.98
425.97,459.37,599.9,502.17,317.43,222.84,187.09,205.6,250.77,243.08,49.91,54.96
540.9,453.07,418.98,187.96,127.44,159.71,221.65,360.56,92.45,64.83,48.27,34.11
527.53,358.01,267.04,180.75,191.09,268.05,333.99,99.64,58.61,42.95,36.96,79.67
400.1,186.49,181.22,183.75,248.27,317.69,110.24,76.63,35.42,27.98,118.31,245.53
288.91,199.62,223.88,180.04,339.87,157.18,73.25,38.99,33.33,107.85,250.96,338.92
387.28,187.09,190.38,204.38,236.18,46.29,71.97,71.55,203.23,277.77,474.86,669.16
447.01,220.83,149.85,101.61,59.07,66.86,155.94,371.5,540.84,682.73,777.53,580.93
364.82,163.55,75.94,47.86,66.11,218.3,428.86,641.68,616.42,699.62,484.4,444.79
196.52,114.26,26.71,33.53,117.69,322.4,440.96,613.32,709.33,816.77,527.02,381.03
87.19,40.44,53.76,170.22,489.84,699.72,698.68,724.43,436.47,315.21,441.3,383.03
43.1,32.89,195.29,499.39,583.16,696.58,766.94,583.86,479.13,390.65,493.18,569.53
114.73,173.92,255.93,572.25,808.34,916.42,611.07,528.77,565.06,537.88,522.57,443.73
167.42,280.75,692.67,696.13,807.33,695.25,594.94,550.18,453.99,679.88,531.04,574.7
371.9,685.91,694.84,828.74,712.3,462.79,502.5,565.24,475.98,658.13,707.98,646.16
1171.22,853.5,1213.59,696.03,464.46,541.76,540.83,642.46,551.57,889.81,631.71,519.64
779.83,920.92,495.38,546.34,634.06,565.97,513.4,704.39,508.31,599.24,652.47,583.92
1050.19,525.08,481.66,545.18,539.36,627.81,539.18,675.51,609.02,589.08,667.33,602.51
514.75,622.46,586.41,701.1,542.72,528.99,721.64,563.48,531.48,496.35,560.65,459.87
578.35,683.24,607.88,554.13,465.83,637.39,629.03,549.72,416.61,470.84,406.8,290.77
461.79,710.16,559.98,452.88,564.05,611.05,529.71,439.17,415.68,353.05,263.1,264.28
453.26,655.89,706.05,493.26,547.5,594.63,434.6,403.66,343.03,309.24,271.18,189.22
729.59,537.06,505.51,473.08,585.95,550.05,547.69,408.57,351.89,261.05,246.63,226.8
527.65,614.16,522.54,573.61,522.62,532.19,514.68,352.39,281.68,263.81,125.21,104.89
450.5,581.12,614.98,632.37,492.7,362.99,310.22,279.09,172.28,130.51,86.06,48.99
499.43,550.56,602.79,618.7,381.27,289.31,257.66,180.99,149.22,91.8,52.5,52.53
490.28,625.72,635.22,438.65,315.19,261.32,171.45,97.2,68.18,53.64,64.49,172.34
512.27,636.45,759.41,572.05,188.73,106.07,114.62,37.37,44.7,64.87,270.03,609.46
750.51,538.29,438.3,267.33,118.54,91.12,37.26,34.71,78.61,297.05,667.99,550.19
480.01,360.7,393.0,226.25,70.53,50.16,37.67,59.69,259.02,696.18,581.08,580.81
388.54,328.9,387.72,148.68,40.15,40.67,93.59,211.83,706.57,524.99,546.53,611.94
310.52,218.16,131.7,44.77,86.28,176.48,505.02,571.31,664.33,553.3,601.08,529.61
270.87,146.82,67.89,67.97,88.31,206.69,453.95,704.14,696.38,713.37,572.67,502.79
157.68,53.25,66.11,91.43,248.43,549.72,592.37,718.23,647.05,593.13,540.49,447.72
209.54,75.04,66.88,81.94,369.39,1245.51,544.27,641.67,673.85,555.77,559.36,705.0
331.54,192.6,89.46,67.95,153.06,466.85,933.94,634.08,839.21,841.39,728.04,533.61
105.26,262.89,148.65,159.16,382.67,1272.38,936.33,596.31,435.59,432.64,465.97,489.65
121.71,146.52,177.39,486.58,666.53,980.91,751.13,570.6,509.23,479.88,492.33,401.66
109.66,186.98,267.95,489.37,635.03,789.33,874.02,595.06,555.12,481.96,525.77,395.61
141.11,293.23,458.51,789.13,779.96,752.12,703.2,407.04,382.11,391.48,396.06,500.59
465.57,687.33,612.53,661.02,618.16,501.51,647.27,549.9,665.58,536.09,536.1,636.34
917.01,670.27,506.8,517.73,505.22,715.97,529.49,666.27,619.02,745.37,629.15,430.36
812.38,556.7,478.49,500.04,506.64,699.59,473.95,561.99,494.68,670.21,540.54,410.42
782.61,457.59,383.69,470.85,470.06,674.7,471.5,497.27,509.62,565.61,424.93,391.72
742.19,459.47,364.34,384.45,394.69,605.64,492.49,482.44,407.59,472.61,526.03,440.27
742.86,457.87,294.6,276.08,380.8,504.67,323.61,286.3,270.0,300.52,259.7,192.75
707.53,424.69,271.04,228.22,225.42,290.18,296.05,268.36,200.79,119.73,140.89,180.2
584.95,356.57,207.52,98.03,93.64,101.21,281.63,342.56,212.81,72.38,76.26,91.26
551.15,319.45,171.14,82.88,98.78,85.33,249.02,291.7,201.38,70.48,72.82,77.63
470.92,230.68,130.92,67.2,68.82,97.98,280.3,306.53,138.91,31.17,39.83,71.31
359.71,135.3,71.92,86.55,78.99,252.23,316.77,197.94,53.24,44.9,34.82,57.74
209.82,51.02,102.99,82.96,260.43,304.9,150.02,28.96,69.4,32.04,91.78,110.44
218.69,61.23,115.15,90.42,245.4,297.82,104.17,25.17,62.15,38.58,84.87,118.34
455.94,560.33,537.94,202.25,52.48,79.65,63.44,172.9,80.57,42.79,171.18,473.49
488.91,230.79,311.61,139.66,112.05,72.94,70.71,78.87,83.5,229.47,487.62,728.15
192.11,46.3,123.42,65.93,144.29,145.26,54.53,12.7,81.63,299.45,680.78,572.19
154.63,48.8,95.58,62.79,101.98,145.56,201.26,319.75,580.64,716.56,661.41,586.03
72.22,76.51,77.98,124.86,104.39,163.88,402.42,721.32,657.05,695.7,522.61,453.8
104.2,89.5,99.49,163.95,361.59,599.53,718.82,704.12,644.12,418.94,535.75,577.14
69.46,141.67,330.84,417.82,357.71,449.49,637.18,680.93,543.47,532.59,573.14,526.26
21.13,129.61,346.23,535.57,718.77,836.25,765.83,740.26,574.39,544.48,492.41,569.43
127.32,306.73,528.64,583.21,759.66,727.85,578.89,569.68,506.82,476.06,440.52,539.11
391.93,855.44,692.48,935.5,728.89,443.03,489.45,475.13,548.07,411.68,482.87,678.01
679.26,738.87,830.86,795.77,401.99,487.99,477.92,512.69,382.76,485.73,720.04,629.22
703.29,888.6,644.81,508.9,513.79,498.76,459.67,393.08,477.7,629.55,590.29,720.13
843.77,682.54,587.52,519.0,473.87,505.5,449.75,449.72,593.88,688.51,705.03,609.62
629.72,593.58,474.27,537.01,501.0,401.59,503.16,576.69,600.44,746.53,633.72,522.05
545.36,446.5,523.68,496.37,449.49,510.19,550.61,627.74,735.03,635.22,503.3,445.37
378.92,594.58,398.32,465.32,497.81,604.6,697.54,736.32,554.19,448.67,501.22,391.69
610.44,399.44,447.03,457.5,514.77,803.29,721.25,499.41,479.78,452.54,433.13,402.57
453.01,411.2,444.09,533.34,752.96,735.5,491.64,491.99,433.08,447.21,411.66,145.34
425.58,402.5,525.81,659.9,632.31,594.51,487.95,479.14,421.75,342.5,165.18,29.7
484.52,497.77,544.07,595.69,585.75,534.71,488.25,443.7,301.75,120.61,47.72,47.22
550.8,509.4,598.64,487.24,560.98,522.54,438.05,319.56,104.48,46.44,46.69,58.04
624.85,535.12,524.64,515.05,520.13,485.58,315.08,118.26,46.5,48.4,62.91,178.56
567.95,388.9,510.69,568.08,445.73,345.69,132.73,44.57,47.48,67.52,190.1,429.21
549.43,493.66,455.75,476.21,364.25,124.83,48.13,50.5,74.8,209.11,412.88,586.6
579.67,288.73,365.1,272.05,161.68,60.56,87.37,109.46,240.14,523.27,804.67,931.94
274.65,317.25,181.14,116.63,61.45,63.72,89.61,222.15,530.5,861.18,983.02,737.3
338.01,290.96,167.64,55.7,56.06,81.14,236.98,411.9,507.1,810.2,796.7,578.87
312.81,183.01,75.95,25.74,84.97,224.87,392.0,534.26,696.14,728.77,619.42,634.13
137.36,6.77,34.34,67.3,339.04,446.46,604.07,652.85,794.21,508.51,507.07,305.1
50.57,51.99,111.83,346.71,511.11,646.69,740.52,616.39,532.96,410.69,350.54,417.94
38.13,88.91,255.4,489.93,716.46,742.46,859.33,561.4,530.45,440.18,590.52,519.12
79.22,163.63,439.83,635.07,628.85,741.05,537.76,413.96,611.7,482.4,393.57,452.63
214.78,482.88,1045.56,573.51,706.08,716.9,350.06,372.8,420.95,435.98,559.84,646.06
629.98,812.03,715.17,830.48,548.63,386.98,433.16,403.94,394.99,383.16,486.86,593.93
710.01,692.65,815.67,644.44,343.76,374.38,466.44,309.03,337.1,455.42,517.8,634.72
638.34,765.27,598.33,450.32,409.34,384.3,399.1,291.45,428.69,505.1,553.72,728.32
824.7,606.02,427.32,387.26,453.71,429.35,308.45,417.29,520.64,549.61,705.2,667.01
694.76,428.54,384.62,400.89,411.02,340.24,444.69,591.95,589.52,754.66,577.71,511.16
423.16,352.9,438.27,474.31,436.51,434.06,596.4,628.03,748.52,611.54,500.8,492.94
456.45,460.48,469.0,379.66,481.87,598.81,564.7,754.74,651.53,502.76,491.03,323.8
412.31,439.03,455.43,486.07,504.01,648.2,676.48,680.68,476.8,487.2,339.69,387.84
508.24,396.1,543.37,576.39,596.46,708.4,573.32,456.85,474.71,357.3,417.48,221.07
384.99,433.44,485.92,601.58,688.72,598.0,458.93,492.15,353.66,409.43,230.07,51.62
461.94,476.3,502.19,607.5,686.84,489.89,487.62,369.82,365.52,267.01,59.79,50.26
653.31,669.0,519.02,623.91,609.58,448.14,370.63,376.45,282.5,61.16,51.88,81.3
697.71,582.32,469.61,434.28,612.03,512.79,259.31,166.16,118.84,46.95,81.52,216.51
683.79,569.84,404.89,394.92,611.82,333.18,191.12,79.2,53.78,86.88,228.31,402.06
612.28,491.71,415.97,396.96,486.98,191.23,108.69,56.66,88.23,182.68,365.62,559.66
669.43,458.54,355.66,339.58,280.95,155.57,76.32,74.35,82.45,278.31,434.26,765.35
462.45,368.46,301.13,205.38,134.47,70.66,93.95,212.26,330.57,579.04,684.82,712.17
399.99,327.38,210.78,89.54,65.66,74.64,206.6,388.82,573.14,795.93,862.1,579.41
256.82,151.25,113.97,31.01,86.1,317.46,515.53,563.08,686.27,788.12,630.59,548.58
250.54,59.45,23.8,92.97,249.57,416.88,638.02,651.51,633.64,596.1,475.79,499.16
32.34,62.88,85.76,265.05,414.57,663.94,699.15,672.29,492.98,473.11,341.39,265.01
50.81,43.95,405.76,1048.78,552.96,620.36,518.95,535.66,499.26,463.3,609.73,376.82
75.8,191.05,406.99,656.48,702.91,736.78,559.72,476.93,535.69,439.83,427.79,384.66
285.6,430.19,810.93,497.9,689.12,410.79,257.36,293.62,414.29,388.23,481.1,477.9
286.63,654.61,678.97,798.81,588.91,457.28,358.29,407.11,296.24,339.2,406.29,480.64
814.25,567.42,759.77,741.22,367.84,302.07,306.3,315.43,367.76,443.39,578.7,615.88
544.72,837.02,539.48,413.47,398.87,269.74,387.75,316.73,427.85,486.66,530.03,670.42
859.51,563.08,531.01,384.92,289.33,419.25,301.42,429.3,515.91,441.55,681.65,551.29
597.03,602.35,378.72,287.4,351.38,353.05,417.11,529.3,506.6,704.19,560.68,521.97
559.89,385.75,311.55,378.31,350.27,404.17,564.34,517.06,749.7,648.14,544.48,438.11
358.18,296.24,373.67,490.9,432.23,465.03,548.03,644.13,743.24,594.07,515.77,463.95
453.45,373.78,404.08,437.12,489.16,560.04,477.62,736.42,661.28,540.72,388.35,254.99
393.18,404.6,437.7,557.64,551.88,604.15,744.92,541.14,563.79,394.31,220.65,169.25
435.39,445.64,561.12,541.94,553.75,721.65,630.24,519.54,375.52,217.74,151.74,47.53
433.59,458.3,502.92,586.65,541.52,669.55,566.34,381.33,268.66,151.92,44.25,50.26
517.85,612.67,554.52,740.39,543.91,558.48,289.72,255.61,169.08,51.38,60.41,67.27
650.85,677.34,621.05,623.35,473.81,269.93,257.78,189.82,99.4,53.97,92.82,264.37
695.4,583.09,485.67,319.12,238.34,234.57,198.38,123.24,59.14,94.4,209.39,223.35
416.65,243.47,239.42,222.17,240.71,302.45,78.0,49.15,48.78,74.88,191.44,215.49
298.6,189.14,179.1,173.5,312.46,133.79,70.66,48.74,33.34,108.2,273.41,405.88
387.86,279.86,174.18,103.32,70.1,73.83,140.73,265.31,336.03,567.27,745.94,729.89
307.34,225.05,85.09,51.34,58.93,70.64,330.38,441.56,623.47,722.12,683.4,455.77
308.64,160.4,63.43,43.83,76.92,183.17,428.06,622.36,630.48,690.45,500.53,440.46
205.46,83.3,16.35,54.94,85.08,378.49,538.41,528.78,662.57,554.44,499.1,360.3
136.41,40.5,54.96,64.59,166.12,372.85,815.95,576.95,684.7,544.66,430.43,405.67
37.33,41.75,76.55,280.06,634.27,633.82,739.48,660.62,596.76,501.38,483.28,489.43
69.81,62.47,163.64,420.06,775.8,594.62,847.92,654.12,523.6,498.93,397.6,575.27
58.92,216.65,454.27,775.58,764.69,1003.37,703.56,538.59,430.42,487.55,536.77,444.1
248.94,532.55,661.45,835.91,736.17,572.34,499.98,596.92,487.05,471.2,590.33,621.95
483.53,610.48,737.64,726.37,588.44,535.74,552.85,520.93,503.57,559.85,588.99,560.41
590.11,642.31,730.81,468.18,455.04,462.41,623.2,490.97,513.27,537.57,561.32,502.52
630.9,631.73,513.51,406.13,643.87,517.11,526.18,582.77,546.19,500.15,538.08,567.02
618.01,493.57,529.27,474.09,530.26,602.54,562.69,527.69,551.63,549.7,497.06,570.41
412.54,499.31,561.83,500.7,562.0,583.99,590.22,543.61,589.03,580.77,507.71,369.62
457.3,579.58,474.53,519.53,536.57,598.43,573.26,588.96,592.22,586.29,383.31,340.97
561.07,411.55,467.09,550.52,573.59,604.12,580.91,552.62,622.05,431.12,338.87,404.07
431.89,500.15,482.81,546.79,571.88,623.99,568.98,521.88,565.44,367.75,258.2,278.09
486.34,450.0,556.35,644.32,590.8,674.64,547.56,398.46,253.01,322.26,243.17,153.37
567.04,585.98,563.36,592.2,561.48,609.69,442.54,307.77,399.31,293.25,144.33,68.11
596.42,696.78,530.2,602.44,592.43,506.28,313.44,250.85,276.26,184.08,41.38,66.69
604.99,623.16,553.57,519.92,447.53,353.81,419.73,316.69,132.61,48.49,72.12,103.89
588.52,548.32,442.9,386.36,507.57,524.95,205.88,102.78,62.68,44.85,83.22,169.29
387.8,370.16,342.49,445.29,368.15,285.59,135.84,44.54,67.08,102.17,260.17,387.07
442.27,467.69,370.35,352.78,300.68,139.43,43.34,63.24,90.61,271.93,371.72,616.89
545.89,431.36,241.49,278.22,104.6,39.86,61.63,127.86,357.74,450.56,712.53,724.11
449.61,267.83,234.57,81.32,15.51,66.58,238.13,340.4,462.97,670.69,698.78,563.03
287.36,191.55,61.79,32.19,68.2,176.01,301.69,404.17,650.79,713.76,642.18,419.31
229.49,108.66,23.53,42.84,95.63,210.58,488.88,620.06,689.06,738.36,516.42,349.76
105.22,27.35,59.46,205.13,258.1,624.44,680.43,725.61,695.91,451.92,404.38,377.19
42.01,35.62,158.25,365.7,654.42,741.01,899.78,730.26,637.51,588.71,599.22,548.38
47.72,314.03,531.66,524.62,667.13,545.26,440.54,597.46,476.68,475.84,565.04,544.62
355.66,437.07,557.38,661.05,622.27,345.56,502.26,574.54,503.07,608.16,614.61,412.88
288.58,528.13,627.5,756.86,609.13,489.27,600.38,604.93,565.73,519.53,594.08,450.69
461.86,738.13,701.54,436.71,553.68,573.61,450.89,609.61,543.22,342.68,468.74,527.84
700.59,743.54,519.08,542.23,584.73,635.9,430.25,535.27,518.56,408.18,430.63,476.04
732.49,418.32,536.91,601.0,527.78,472.26,626.55,363.38,409.25,421.91,482.46,537.34
477.86,503.81,492.94,493.04,516.95,403.51,438.61,445.25,407.4,508.72,545.9,717.67
618.9,431.31,523.25,521.94,430.56,401.84,515.99,384.75,531.4,511.21,681.14,682.98
526.69,404.08,517.44,534.27,425.98,479.28,393.25,524.03,518.22,710.04,727.34,435.46
434.42,419.11,452.2,480.96,432.14,390.26,524.57,745.98,677.6,531.97,563.73,331.87
410.54,412.37,330.55,466.76,648.82,536.19,560.09,639.19,594.05,604.66,325.94,104.31
556.02,363.64,389.89,483.0,578.9,664.67,660.3,493.45,541.28,318.15,134.11,74.25
434.96,437.29,514.68,577.1,683.9,672.9,505.8,559.98,319.33,129.83,61.01,48.46
409.04,536.1,552.21,655.21,649.55,541.64,481.24,226.84,141.61,77.78,65.4,67.07
504.57,447.9,675.78,666.21,592.1,371.3,238.16,154.73,75.16,69.91,74.56,241.56
473.61,534.7,620.09,529.42,291.98,293.55,159.24,55.54,73.74,79.91,251.06,418.4
630.67,575.49,472.78,271.72,273.82,149.39,54.85,81.82,83.75,283.33,422.47,687.61
622.63,551.31,294.42,211.82,151.77,71.09,77.18,78.73,266.07,376.4,749.08,722.25
503.7,260.95,263.31,111.68,72.8,75.61,72.78,288.29,429.55,719.77,702.12,704.12
268.58,211.48,105.23,75.06,61.63,72.52,271.69,428.64,716.94,744.93,766.57,560.9
252.8,132.94,48.33,17.37,135.43,361.61,416.75,542.35,799.42,852.9,459.94,512.47
132.91,134.3,32.46,69.98,149.02,326.43,872.22,745.22,662.4,618.51,466.96,442.54
95.61,74.79,99.4,210.21,335.46,447.9,731.17,752.22,624.46,591.74,654.07,578.16
57.26,88.77,119.48,121.19,141.43,299.5,567.53,632.27,747.8,609.6,502.65,356.49
69.36,44.63,110.22,234.7,390.23,734.98,828.47,812.94,746.8,628.7,524.2,588.89
125.58,122.03,184.3,453.02,684.78,841.85,713.9,579.6,611.37,514.49,516.01,441.37
263.85,359.75,717.31,577.58,923.91,542.89,472.19,457.88,365.93,503.51,319.93,518.91
267.8,783.06,631.3,781.84,790.3,524.78,524.85,735.41,432.65,474.01,651.17,608.73
356.53,625.83,627.88,784.84,765.19,685.05,620.78,512.59,605.45,432.14,458.29,571.63
661.37,662.96,671.89,629.63,580.08,542.35,617.92,460.44,510.53,490.08,542.51,530.93
