135.06,401.32,555.96,606.51,678.43,732.21,640.86,584.21,559.35,590.5,640.53,676.25
391.15,552.68,607.87,684.66,736.14,643.07,583.58,556.53,585.62,633.58,673.98,761.99
572.2,617.79,686.55,731.12,636.46,577.47,554.86,588.03,639.9,683.18,765.01,865.08
618.71,688.74,735.13,641.33,580.43,556.39,586.97,638.11,680.96,760.31,863.6,895.72
672.8,725.81,637.64,580.9,559.54,590.83,639.93,680.18,756.61,858.87,893.04,900.83
726.62,635.88,576.2,552.08,587.1,637.99,680.46,758.83,862.63,898.18,901.83,858.72
688.29,607.83,568.01,590.11,629.22,668.19,752.3,863.67,907.96,915.77,869.25,813.61
574.23,550.63,586.35,638.38,679.14,762.63,867.32,904.68,904.97,852.19,804.27,688.61
624.32,633.99,666.22,689.1,754.02,851.47,893.52,903.19,862.95,819.29,703.29,563.35
698.84,709.74,717.44,769.53,847.33,881.64,893.52,860.12,826.33,711.53,574.33,437.7
786.56,762.56,789.99,845.73,866.33,874.19,850.14,829.11,728.76,599.0,454.72,316.04
748.11,781.6,842.72,870.33,878.76,854.96,832.06,728.23,595.38,447.72,311.26,196.51
775.39,838.5,867.74,873.46,855.64,833.31,726.87,594.17,447.34,309.68,195.35,143.46
808.48,854.12,875.0,870.88,846.85,737.86,595.85,441.39,296.54,174.61,134.38,163.79
826.14,853.19,853.23,831.46,736.52,599.87,446.55,300.21,174.88,136.47,160.0,420.96
846.27,842.39,816.03,715.27,590.96,444.17,303.62,181.6,144.28,172.5,422.64,573.78
848.1,817.39,712.93,585.27,439.72,300.47,181.2,146.44,176.45,428.29,574.88,609.37
801.98,703.65,580.97,439.59,302.51,183.93,147.61,176.01,425.33,570.25,605.09,667.36
504.2,455.07,369.3,280.52,211.51,192.69,205.35,426.28,537.95,562.12,630.97,730.51
514.87,406.02,298.98,213.31,182.54,191.29,418.12,539.29,573.91,647.72,743.04,719.26
373.61,277.64,200.01,175.3,193.45,423.93,543.12,574.35,643.73,737.65,714.04,691.23
292.31,208.26,177.83,191.01,419.17,538.02,571.98,644.61,741.39,720.25,694.49,676.17
273.41,216.79,209.39,418.44,525.15,555.43,635.27,742.77,733.71,714.11,689.47,705.0
228.96,218.89,426.39,532.17,556.75,634.24,740.67,732.04,713.78,687.7,706.35,716.11
244.99,444.21,544.09,565.08,633.06,736.15,728.84,713.26,689.7,708.16,719.59,703.36
382.18,508.39,550.18,635.73,748.97,743.66,719.56,686.2,694.16,698.65,690.43,704.28
397.56,480.58,598.05,740.08,760.12,744.68,702.38,694.22,679.5,663.69,680.76,734.11
393.54,542.29,708.29,747.59,756.11,721.86,706.62,680.51,650.21,662.65,717.35,773.17
481.32,669.13,725.44,746.63,729.12,719.85,689.16,650.82,653.36,705.4,762.34,806.21
759.88,781.86,775.66,734.02,704.87,667.43,637.7,653.58,722.46,786.36,825.41,799.28
792.24,777.76,728.98,693.43,659.82,632.99,654.27,726.65,793.89,837.31,803.48,710.37
802.89,747.25,707.12,670.48,633.27,650.01,722.04,791.73,838.25,803.78,713.45,614.99
926.42,821.47,735.9,655.96,627.59,682.79,765.0,835.53,831.29,751.27,649.72,524.06
813.49,731.97,656.47,632.64,687.68,769.3,837.0,830.19,748.06,643.51,520.98,391.97
766.4,675.74,639.94,683.82,761.28,827.67,825.57,749.9,652.28,534.21,400.45,299.48
600.34,591.0,655.39,751.39,837.24,842.34,761.53,653.78,522.92,384.0,283.42,215.69
657.64,695.68,771.15,834.8,830.82,746.06,643.16,523.22,397.25,301.04,229.13,192.75
645.49,739.19,817.81,827.47,753.17,654.62,530.61,398.04,292.79,216.58,181.71,154.68
707.52,797.92,816.62,750.09,659.16,537.18,401.97,292.33,211.08,174.16,148.09,333.37
891.44,875.13,781.53,666.38,523.01,380.5,278.71,210.89,190.35,170.53,352.71,465.34
686.78,660.53,597.52,499.93,404.89,320.68,238.96,193.45,141.97,311.94,427.22,466.01
538.5,515.02,446.62,373.32,328.44,261.37,210.8,146.98,299.31,412.83,444.72,566.46
550.66,474.05,394.09,342.9,262.53,205.79,140.39,293.6,412.86,446.42,576.68,752.97
439.95,369.18,323.98,249.51,206.04,147.39,301.7,418.17,446.07,575.57,746.74,789.17
376.47,329.03,251.64,206.25,144.51,298.19,415.99,445.82,576.67,749.14,790.99,824.49
252.59,204.89,181.92,139.67,309.19,432.26,455.1,575.47,734.61,771.06,808.32,777.71
300.7,241.74,171.49,315.55,417.06,432.11,560.9,734.29,787.53,832.47,796.66,763.78
172.62,128.55,293.31,413.51,443.54,577.56,744.43,787.67,819.99,778.3,749.02,695.94
119.12,285.57,407.37,437.67,576.79,745.53,789.38,821.55,778.29,749.43,694.46,640.44
284.89,406.51,436.69,573.85,744.51,788.26,820.44,777.85,750.52,696.32,642.03,629.04
327.45,386.36,546.03,737.04,799.99,839.19,790.9,751.69,683.86,623.84,612.2,633.22
313.26,500.55,713.93,795.28,852.33,809.67,762.62,683.55,610.52,592.36,617.87,663.65
586.55,772.81,834.38,874.29,803.53,745.31,669.39,605.33,600.69,629.53,680.88,706.84
778.97,837.28,873.64,800.99,742.86,667.56,605.59,602.02,633.0,685.1,708.84,681.26
813.57,858.4,792.16,740.51,670.45,610.47,605.51,633.02,681.22,704.14,676.75,632.78
1011.45,892.08,800.37,695.44,593.78,572.58,608.88,677.0,724.73,705.24,661.36,584.04
800.68,736.91,653.5,568.1,579.03,627.52,691.83,729.91,697.29,650.67,567.71,429.59
744.52,656.19,566.21,573.53,623.29,688.35,729.49,699.74,654.74,575.71,432.16,322.8
597.89,523.14,541.62,597.88,688.0,738.95,709.1,660.16,573.86,431.14,314.02,241.32
508.52,533.17,594.33,690.36,742.58,713.01,662.25,572.96,427.12,307.61,236.97,163.72
586.69,624.58,701.68,733.77,700.35,648.67,565.78,430.09,321.45,256.33,175.4,143.65
528.28,640.72,701.21,690.47,662.07,587.26,442.4,320.99,240.37,151.61,123.88,83.12
746.54,772.03,734.93,686.32,578.45,420.62,304.76,236.04,163.15,139.82,102.18,329.66
828.31,763.64,692.73,562.9,403.01,288.67,230.41,169.54,158.58,128.92,344.05,447.82
801.65,717.29,577.89,411.49,284.84,222.69,164.41,158.21,134.39,349.84,453.57,485.0
798.17,633.31,448.74,306.49,217.43,148.17,143.87,128.94,357.37,462.45,498.92,592.38
641.29,455.45,311.54,221.1,149.41,143.97,128.27,355.52,462.21,499.77,597.3,732.93
595.49,400.58,271.3,168.39,126.54,99.14,337.68,462.98,522.29,626.03,758.45,800.15
520.15,346.61,208.97,137.24,80.12,308.81,444.78,521.95,646.6,786.72,823.97,774.47
270.57,167.83,124.32,95.17,329.54,466.2,531.08,640.79,764.74,789.77,754.79,690.0
148.52,111.08,85.75,322.91,465.65,532.65,642.33,765.55,787.94,753.95,686.11,646.5
91.18,74.62,319.15,467.89,537.93,648.16,767.74,786.58,748.38,677.58,641.42,635.71
92.31,330.26,474.6,540.17,646.38,764.49,784.19,748.1,679.81,643.5,638.85,597.37
361.73,493.4,548.1,644.17,756.59,774.57,743.12,680.83,651.59,651.29,605.97,619.78
643.07,642.57,696.84,772.34,754.44,710.32,659.61,650.11,675.91,638.73,648.28,706.28
671.72,720.48,793.61,776.79,715.9,658.31,645.57,671.49,636.24,640.89,708.04,781.42
746.37,812.32,790.85,726.55,658.38,641.56,667.44,634.17,642.03,708.99,785.79,863.13
759.14,759.22,711.17,657.5,651.16,679.91,640.24,639.97,698.43,769.54,851.94,851.48
679.97,666.36,639.82,660.02,698.59,661.1,650.01,693.85,748.71,822.37,833.28,835.29
589.56,586.14,622.6,672.53,663.28,663.07,705.41,754.19,816.38,827.67,821.72,763.31
508.15,571.51,641.75,648.75,670.89,721.41,765.38,818.26,817.11,807.79,748.34,624.89
566.22,634.24,638.3,656.04,715.3,763.2,819.94,821.12,812.75,758.07,625.96,463.32
550.33,582.49,621.61,697.41,770.99,837.04,833.33,815.24,748.08,612.67,448.62,294.02
553.29,603.33,687.94,770.28,842.2,840.38,819.7,747.81,607.18,440.58,287.24,198.97
612.75,690.2,766.77,828.06,834.44,816.09,745.76,609.06,447.1,296.49,202.91,173.05
630.62,733.12,816.31,841.75,831.31,762.45,615.83,442.8,280.94,179.33,159.75,184.73
761.95,834.75,852.25,835.31,759.41,609.74,438.96,280.46,183.23,166.0,190.35,482.45
922.12,904.5,859.98,758.48,593.1,417.82,269.05,185.81,184.55,216.41,501.38,641.76
890.88,850.1,751.8,591.0,418.74,272.06,189.44,186.77,215.77,499.46,637.76,643.56
864.4,759.2,592.97,414.87,266.5,183.35,183.77,216.92,504.46,645.6,646.67,641.72
702.52,560.96,402.19,271.24,197.2,199.4,224.38,500.6,631.56,627.69,632.15,666.9
574.57,409.14,273.63,195.68,197.01,222.13,500.28,633.79,632.03,636.96,669.26,603.28
398.12,260.5,179.49,175.92,213.63,497.77,636.29,637.61,643.7,681.09,604.85,534.12
221.28,154.49,162.15,208.76,503.06,645.03,642.87,643.49,674.7,595.53,526.37,476.23
94.37,123.36,185.91,493.92,651.64,655.16,651.92,675.59,586.65,515.0,464.5,475.94
138.35,195.37,498.75,652.25,652.82,648.73,673.73,586.9,517.62,468.74,479.37,546.74
205.5,504.98,655.48,653.46,646.93,671.4,585.67,517.95,470.33,481.01,548.32,561.73
502.15,658.36,660.54,658.74,676.57,587.07,515.61,465.83,475.59,540.22,560.6,617.12
681.64,672.4,661.29,669.93,579.67,508.42,462.96,477.5,547.59,571.7,621.88,698.72
664.22,655.19,665.75,576.89,509.18,465.05,478.84,548.6,571.11,620.54,696.41,777.64
742.92,719.05,603.85,511.99,449.85,457.97,536.55,572.62,637.41,720.89,796.13,852.66
669.92,571.89,492.64,441.86,463.28,546.97,579.81,638.59,714.73,786.1,842.92,812.81
631.69,531.6,464.88,474.11,540.33,567.0,630.1,713.36,793.71,853.74,823.91,779.05
532.12,465.77,475.6,542.36,567.8,630.35,712.95,793.62,852.86,821.74,777.52,673.64
474.95,484.46,551.83,578.89,633.98,713.22,791.63,850.01,819.05,772.0,673.4,527.28
458.03,534.81,569.04,630.18,716.37,797.27,853.98,819.58,768.25,668.78,522.12,373.11
548.6,578.89,637.24,719.87,796.7,851.12,816.2,766.23,669.74,523.29,376.66,243.84
574.92,635.49,720.39,800.92,854.04,818.7,767.56,669.01,521.13,372.36,241.48,179.88
657.86,732.33,804.54,845.7,812.64,761.64,664.65,521.8,379.25,250.57,185.49,170.26
789.14,842.59,870.76,826.21,757.5,653.62,512.31,376.2,256.64,192.83,180.64,215.52
788.28,838.7,812.02,760.28,665.66,526.59,383.69,254.61,180.33,162.09,203.01,472.81
881.95,836.49,769.3,660.4,515.78,371.92,249.41,183.41,173.17,219.6,482.83,644.1
881.36,796.41,674.51,518.59,364.68,239.19,177.57,174.16,228.16,493.71,651.97,679.07
810.35,681.34,519.65,360.21,233.2,171.58,171.81,229.97,499.14,660.11,682.1,678.07
631.53,490.94,347.63,235.6,182.82,185.46,237.4,496.72,648.68,666.94,670.07,722.37
516.72,362.24,241.97,181.48,180.49,231.67,494.07,650.76,673.6,678.03,727.19,650.53
432.01,284.21,202.2,182.26,218.77,476.69,640.97,674.91,692.1,747.31,665.65,597.15
207.46,153.11,154.66,209.34,486.71,657.97,685.9,692.73,735.53,648.43,581.95,495.76
141.01,149.77,210.22,493.42,662.94,689.33,692.91,732.62,642.69,574.06,492.21,508.62
190.84,236.82,508.98,668.29,684.71,684.45,726.31,641.52,579.75,500.25,516.92,588.04
178.29,471.56,646.89,677.97,692.08,739.65,650.92,581.25,490.95,503.43,575.89,603.98
446.56,633.59,673.2,694.3,744.89,656.21,582.72,488.56,497.16,567.29,599.28,676.46
626.91,667.31,688.51,738.14,654.05,582.29,489.24,498.04,568.4,601.73,675.19,736.57
704.44,712.38,752.14,660.11,578.74,482.17,493.0,568.2,606.85,681.64,742.82,820.11
681.04,728.21,641.6,563.33,480.38,497.31,573.72,610.99,681.75,744.3,815.52,858.95
706.45,629.22,557.78,481.17,501.6,578.63,612.81,680.21,739.54,807.9,854.09,828.88
663.24,577.59,490.01,500.37,572.06,604.69,676.06,740.42,814.92,864.79,836.55,775.28
506.12,444.64,475.1,564.63,614.42,692.07,751.04,816.4,853.31,820.08,759.95,654.55
452.27,479.57,566.94,614.32,690.9,749.37,815.38,853.45,821.5,761.83,655.72,533.12
463.32,558.29,611.77,693.75,753.77,819.74,855.07,819.84,757.23,649.4,529.67,383.06
608.43,643.78,711.67,759.2,813.04,843.85,812.46,756.51,657.53,541.25,393.88,274.54
581.44,672.9,739.37,810.49,854.72,827.89,765.7,656.85,529.7,376.07,260.4,177.09
648.74,724.66,803.2,850.01,832.34,771.75,658.18,527.92,371.44,253.25,172.47,151.0
668.01,763.88,824.28,816.1,775.11,669.06,536.37,374.34,248.21,166.74,141.71,173.48
836.2,871.03,843.33,786.0,660.82,520.62,363.58,246.61,176.93,156.1,187.39,445.7
865.84,838.82,782.09,657.43,520.22,364.99,248.57,178.66,156.76,187.37,444.54,598.66
960.42,856.38,695.16,525.66,344.19,219.22,161.59,158.36,210.63,477.56,623.41,632.41
776.48,641.86,492.83,328.77,226.18,177.36,170.58,214.05,468.48,610.61,616.34,628.06
692.93,527.82,351.29,237.86,174.09,160.94,206.16,465.1,615.84,624.93,640.58,693.81
683.8,450.17,293.91,194.36,141.59,173.37,444.29,615.9,650.18,673.06,723.13,644.73
601.49,386.58,241.51,148.77,147.49,407.85,594.54,651.86,702.28,763.64,676.46,576.7
279.73,176.48,116.77,146.55,427.0,620.42,666.78,700.68,742.51,644.73,552.84,473.23
245.15,163.41,176.94,442.76,615.1,652.51,688.23,738.02,651.25,561.68,485.38,508.8
141.24,161.35,432.32,608.79,654.37,693.64,742.44,653.15,559.83,482.37,504.53,552.89
203.69,460.05,625.02,661.92,688.55,733.3,647.4,559.49,488.06,511.88,560.69,574.94
485.13,643.77,675.4,697.54,732.04,641.64,553.55,484.9,513.28,561.85,579.68,644.89
637.46,673.04,698.33,736.67,644.35,555.24,484.8,511.24,558.48,574.14,641.44,740.41
689.21,706.69,738.66,640.59,551.01,480.92,509.78,560.72,578.94,648.26,743.1,832.56
816.89,807.53,678.29,559.62,464.27,484.56,544.36,578.6,667.22,769.35,855.13,911.68
772.29,658.28,551.14,468.12,492.42,553.29,582.79,665.43,761.21,841.45,902.92,877.86
770.11,619.79,502.83,497.93,534.41,556.03,649.97,762.28,861.83,932.93,901.19,885.08
659.17,530.24,517.03,547.4,554.68,643.21,755.94,859.89,935.68,902.36,889.47,813.39
376.47,421.41,497.18,544.94,667.53,791.99,881.95,935.44,874.78,849.44,780.51,661.71
440.21,512.72,558.24,678.09,793.99,879.3,930.73,870.73,847.8,778.68,664.85,512.7
521.64,562.24,677.97,789.12,875.18,927.36,869.7,849.17,782.62,670.72,516.16,390.96
696.36,763.51,837.67,893.83,910.42,840.43,830.46,781.22,691.44,543.53,415.53,311.8
760.48,836.59,894.9,910.31,842.91,832.66,780.04,689.5,542.17,411.05,310.37,248.53
794.58,871.87,903.92,850.29,844.73,792.2,693.24,537.83,398.99,291.81,238.56,244.61
681.2,782.38,782.08,822.57,818.54,735.97,565.59,400.76,261.21,196.87,206.77,472.88
881.15,844.95,857.88,828.24,722.97,544.17,386.29,260.16,212.38,228.54,493.49,677.82
812.61,830.44,803.66,700.58,538.71,389.45,267.94,219.93,232.49,500.16,673.26,723.77
812.59,793.28,695.42,538.13,390.99,269.88,220.77,231.53,496.89,669.4,719.83,751.89
933.7,787.24,592.41,412.42,254.65,191.61,210.92,492.72,688.71,747.94,781.78,852.62
718.97,547.71,387.13,246.96,201.43,227.85,504.68,691.82,738.86,765.7,836.92,731.5
456.33,321.9,200.0,168.43,228.66,518.96,706.25,746.43,761.07,834.13,717.54,593.29
246.77,155.05,147.69,227.77,533.23,724.29,754.91,757.68,818.0,694.39,578.2,504.93
131.39,131.05,215.92,525.24,724.47,758.11,760.83,819.38,692.42,577.17,500.76,531.55
112.47,203.62,517.82,720.54,760.69,765.92,822.79,693.03,574.46,497.07,528.05,616.68
188.79,507.03,712.24,753.15,765.16,825.05,695.63,576.07,496.61,527.75,614.78,618.92
471.05,688.96,738.56,757.58,827.41,701.61,580.72,497.63,523.95,610.45,613.09,667.46
675.76,729.84,752.06,824.86,702.57,582.78,499.17,524.01,608.84,610.91,663.82,696.01
712.11,742.7,822.77,708.41,589.16,505.28,526.45,607.7,605.03,654.4,690.55,778.6
684.63,782.83,682.21,572.08,508.07,536.5,615.41,607.32,648.96,684.98,769.37,817.03
799.97,695.15,581.13,513.83,536.31,612.11,603.21,646.33,685.58,769.95,820.45,825.03
694.12,575.93,505.34,523.27,607.13,602.36,648.57,689.48,774.59,827.65,826.11,822.9
465.09,428.17,470.2,573.95,606.42,668.02,707.72,783.27,819.18,816.92,802.77,704.73
602.8,582.91,639.56,631.36,647.29,670.18,757.65,815.96,842.46,837.54,738.39,593.69
591.92,648.36,640.88,659.32,673.64,757.63,814.05,839.78,835.24,733.13,593.31,401.93
602.63,617.51,654.39,687.07,772.43,827.56,844.41,830.1,718.09,570.59,390.18,261.4
693.97,700.72,710.58,773.84,815.01,826.54,818.7,717.9,585.03,410.57,277.4,175.56
660.39,683.42,757.11,803.75,831.12,828.4,723.5,586.01,406.29,269.74,167.94,131.49
693.88,758.97,799.02,818.5,820.64,718.53,585.43,410.28,277.42,180.06,135.5,158.55
747.58,797.27,825.66,837.46,729.14,591.99,410.37,271.91,170.31,119.6,153.56,423.98
818.5,836.48,839.32,723.3,584.83,404.02,270.43,173.5,126.84,164.26,429.31,606.12
882.3,866.55,736.02,585.04,394.89,258.77,167.42,128.49,174.17,443.12,614.86,635.77
802.27,699.99,572.09,402.45,273.9,183.84,135.14,169.72,426.61,589.64,620.14,655.11
577.14,491.73,353.17,250.48,196.32,160.68,188.46,429.47,573.48,601.67,635.7,725.93
481.17,342.19,238.33,181.78,156.18,188.78,432.88,578.52,606.14,642.61,725.44,677.73
315.19,218.52,166.93,144.3,187.94,436.79,582.64,608.65,641.95,725.07,673.99,641.27
228.89,174.18,149.04,190.5,435.31,579.56,606.14,640.89,725.88,675.48,643.26,589.78
244.0,193.01,214.35,441.07,569.08,589.85,630.41,725.24,687.18,660.08,603.84,595.02
209.46,225.63,448.83,574.43,589.56,628.19,723.17,686.45,661.46,604.62,597.43,635.4
169.82,414.6,557.0,588.17,637.52,736.31,694.73,661.6,593.69,581.63,622.77,622.88
383.07,539.71,582.09,639.41,743.66,702.37,663.66,590.5,573.73,611.31,617.09,656.54
421.97,507.95,598.82,733.09,719.21,690.06,607.64,574.06,591.54,589.57,632.11,682.54
427.67,545.71,700.29,702.78,698.02,624.43,586.26,594.45,579.34,619.31,667.5,745.51
534.72,692.6,697.99,693.3,624.56,588.04,595.38,579.28,618.11,666.76,744.73,799.58
635.73,660.8,669.82,613.83,592.92,606.45,587.95,620.09,660.19,736.07,789.26,769.98
787.97,744.66,647.4,588.29,580.69,556.06,603.48,664.12,764.0,830.78,798.33,720.69
834.51,709.25,630.3,607.35,551.72,586.93,649.66,758.98,838.63,806.29,735.12,608.03
732.39,642.95,612.21,550.48,582.2,644.07,756.84,840.55,812.35,743.49,612.41,478.14
599.6,584.08,534.35,575.7,649.8,766.44,846.55,812.81,737.17,604.05,469.84,338.51
728.49,629.24,633.58,675.8,752.17,816.63,790.51,732.39,622.64,494.66,366.33,278.36
579.31,598.88,653.08,740.46,820.87,801.51,741.83,625.98,490.0,358.58,267.67,177.55
761.95,756.43,797.68,834.92,778.96,705.36,600.9,487.97,385.3,303.87,209.99,150.45
713.25,768.91,818.41,773.1,710.33,610.52,494.62,386.78,298.24,200.6,140.95,120.06
933.28,924.6,835.0,735.18,591.15,458.5,361.94,294.75,224.25,173.35,151.15,343.73
756.26,729.72,679.49,579.79,485.46,402.64,319.95,224.8,143.98,107.1,308.34,422.28
845.34,749.96,615.11,488.22,381.89,291.05,207.3,144.86,129.5,341.29,447.02,486.49
599.16,517.86,432.22,361.3,309.26,239.89,166.9,132.12,319.14,415.89,456.43,551.45
479.65,410.09,350.14,307.19,246.67,176.26,137.17,317.05,407.78,447.66,547.68,723.6
402.06,343.02,300.15,240.54,174.68,138.91,320.65,411.61,449.44,549.39,721.39,776.14
330.54,291.99,234.47,169.04,137.38,320.83,411.63,449.26,548.64,721.17,775.16,757.71
319.09,254.12,182.61,147.54,319.52,406.14,444.64,546.67,722.3,776.57,761.47,719.02
295.86,209.3,162.65,323.84,399.46,433.88,538.94,721.11,782.96,770.55,726.71,716.14
228.07,173.69,328.97,399.66,430.61,534.57,718.69,783.67,774.3,732.06,719.48,720.15
159.93,321.76,398.45,434.62,539.55,723.53,785.43,772.92,727.07,711.23,716.33,699.67
297.37,382.7,425.2,533.87,725.66,789.77,775.56,727.38,708.59,712.79,695.96,705.3
310.01,379.97,510.78,722.29,802.23,793.38,738.53,708.13,699.4,676.0,689.02,744.75
289.76,455.58,694.25,798.46,809.09,760.48,721.14,698.77,658.86,664.56,726.06,751.36
455.87,694.25,798.35,807.99,759.48,720.55,699.06,659.19,665.02,727.85,752.63,808.07
803.08,872.59,855.91,785.69,712.29,676.93,640.85,658.58,739.52,766.58,827.85,756.32
863.0,849.05,781.18,710.95,678.19,643.55,661.4,740.34,765.57,826.82,754.78,678.19
907.4,815.93,727.6,677.02,632.67,646.75,731.36,766.66,839.12,772.69,690.52,566.3
868.7,756.94,688.24,627.47,634.63,717.52,760.38,842.54,786.4,710.8,578.11,457.5
754.88,689.05,632.04,642.74,723.3,764.12,842.49,783.88,706.96,570.96,455.32,350.15
621.31,584.78,610.13,702.65,766.72,854.26,794.68,711.71,565.81,450.44,339.47,263.13
644.97,650.15,727.91,779.78,849.71,783.16,702.62,562.99,456.98,347.06,272.97,224.09
616.86,702.13,758.7,828.34,780.8,707.43,567.86,461.0,348.09,274.34,218.88,158.95
650.92,729.23,816.95,786.46,719.09,581.28,467.32,345.77,261.63,199.66,146.38,137.05
677.49,776.81,753.79,689.86,577.21,473.21,354.25,268.14,200.86,151.12,130.02,307.15
848.96,804.02,724.25,599.18,470.2,341.42,256.52,196.09,156.86,135.82,319.82,430.54
719.71,663.7,556.16,440.75,343.37,271.62,210.63,164.24,131.45,314.96,415.93,449.26
827.69,660.47,499.53,361.07,248.62,172.76,138.66,128.87,341.23,452.83,482.18,589.88
669.52,507.33,367.64,255.31,175.13,139.5,128.7,339.26,452.1,481.31,593.97,744.43
537.03,386.56,265.75,180.16,136.2,123.49,336.86,453.68,486.65,599.39,748.87,782.12
387.2,268.78,184.88,143.47,125.61,336.91,451.94,484.39,596.22,743.65,780.89,788.92
269.81,188.37,148.95,133.44,339.48,451.97,482.34,593.33,740.0,775.22,787.55,736.36
143.9,121.97,119.67,338.31,458.96,492.04,599.03,739.39,766.26,775.16,726.04,683.37
83.76,94.62,323.05,450.96,495.31,606.34,744.29,767.06,770.01,719.73,676.35,666.75
108.92,331.07,454.55,493.87,603.37,740.8,765.12,770.57,722.55,680.1,669.37,623.19
346.64,463.07,496.53,599.19,735.97,760.05,768.03,723.5,685.53,677.34,628.45,622.64
497.9,517.29,609.56,737.49,754.55,760.55,720.0,686.56,684.79,637.82,628.76,654.32
646.04,694.77,790.76,781.19,749.57,694.6,667.18,680.34,653.67,648.48,677.89,739.93
775.62,847.74,821.67,778.03,692.87,653.62,667.7,647.77,653.71,682.59,753.47,816.53
881.66,844.69,792.21,701.03,650.75,660.76,642.47,652.31,686.94,757.99,822.3,838.36
707.82,708.47,659.05,646.27,684.66,675.49,671.24,684.66,730.97,783.63,809.11,776.73
580.7,577.57,599.69,667.0,691.26,698.25,702.02,732.43,763.45,782.98,751.73,675.19
500.14,545.92,630.33,667.24,701.8,716.2,744.69,768.4,776.45,744.94,661.93,543.09
532.83,616.86,652.04,683.23,709.31,743.21,771.27,781.47,750.02,671.98,543.06,401.04
602.82,642.93,678.0,706.59,744.87,774.1,782.85,749.55,669.91,540.29,399.04,264.13
746.35,740.19,736.6,746.13,755.33,757.73,735.53,671.73,561.37,429.21,285.82,183.18
657.03,681.96,714.05,738.95,768.39,755.16,683.56,562.86,418.18,268.12,166.21,125.86
649.96,694.45,730.07,767.84,761.1,691.12,566.07,416.91,261.51,157.11,119.66,150.46
779.38,785.98,802.12,777.73,683.64,549.04,404.51,258.73,167.45,133.61,166.43,451.06
748.05,775.51,759.06,671.61,550.18,411.62,265.63,170.82,131.29,162.91,444.53,605.39
777.44,764.07,679.75,563.39,416.91,267.49,169.74,128.16,157.83,435.98,602.58,656.86
806.19,702.36,570.44,407.03,254.29,156.08,121.54,160.68,448.6,621.74,666.98,692.58
709.03,574.67,408.66,254.48,155.25,120.69,161.25,448.9,623.59,671.04,696.89,714.48
630.81,442.39,271.3,158.24,111.65,148.92,442.73,626.2,683.02,711.96,725.07,623.03
472.79,291.26,170.63,117.2,145.38,435.46,620.14,681.21,715.92,729.86,629.26,551.71
232.36,133.49,97.09,140.27,444.08,633.37,689.3,715.72,719.69,614.99,539.74,503.05
109.05,81.91,132.21,441.15,637.12,694.95,718.59,719.07,610.42,533.71,498.07,522.31
101.18,145.06,449.23,640.66,693.43,715.36,716.48,609.82,535.86,500.8,526.15,610.23
144.29,448.16,638.82,691.73,714.0,715.98,610.72,537.14,501.3,526.86,609.87,626.26
435.73,632.42,688.87,714.55,717.46,612.25,537.58,500.39,524.37,606.72,624.4,672.91
690.74,728.2,739.94,731.71,607.64,525.65,490.92,521.26,612.84,631.48,681.6,734.43
727.49,739.47,731.96,608.35,526.63,491.62,520.98,612.75,631.06,680.42,733.38,760.25
653.29,677.17,578.49,517.03,504.0,540.83,624.85,631.23,666.14,713.61,743.8,779.92
697.54,586.72,514.08,489.9,529.96,616.11,628.68,670.17,723.81,759.9,786.77,797.26
544.96,485.84,472.25,521.53,620.41,638.18,677.6,725.6,754.54,779.3,789.04,776.23
491.23,476.96,525.54,624.2,638.73,676.8,724.45,753.99,778.59,787.87,776.31,698.47
496.12,539.46,634.38,646.47,676.68,721.41,751.19,777.21,788.74,776.61,700.93,582.1
566.08,652.02,657.22,681.1,718.33,745.03,772.53,787.55,780.2,706.09,587.0,424.25
543.32,592.41,650.92,720.02,766.35,799.61,802.09,777.11,682.94,553.34,401.11,274.25
612.65,659.28,718.45,754.26,790.26,794.37,774.87,686.21,562.35,415.59,280.19,191.31
655.49,715.13,751.85,783.96,794.8,776.44,685.35,561.62,416.08,279.37,190.84,147.67
795.29,803.87,815.65,808.39,768.09,668.72,549.09,413.63,290.24,205.41,163.41,182.9
720.53,759.58,773.15,751.1,676.87,566.8,427.62,294.13,195.66,150.17,166.79,431.69
717.13,745.29,734.0,668.41,570.71,436.23,300.47,197.13,144.82,159.62,424.02,581.54
766.41,748.08,677.53,576.35,434.81,296.55,194.39,144.42,161.86,426.64,584.45,614.05
888.22,765.0,623.4,445.27,274.24,160.79,123.45,161.79,451.68,619.5,642.34,652.62
762.49,624.17,448.48,281.69,164.91,126.17,162.93,449.64,616.52,638.48,653.71,683.38
608.73,437.26,273.98,160.4,127.35,166.57,452.93,618.6,638.12,651.99,679.99,607.48
386.91,238.77,136.23,111.1,168.26,461.53,625.82,641.13,648.19,675.92,599.34,547.3
280.85,162.04,124.7,170.04,454.67,615.88,634.8,648.25,683.63,610.21,556.01,505.71
175.07,134.04,176.92,459.94,615.9,632.71,646.03,682.3,610.74,556.0,507.55,493.09
178.39,205.29,475.5,621.23,626.33,635.85,675.99,610.41,563.01,517.81,502.4,572.18
213.05,480.7,624.28,628.33,634.91,674.33,609.44,563.12,518.23,502.31,572.33,605.9
490.03,634.06,638.71,645.74,677.49,608.65,559.48,514.39,499.61,567.23,606.62,669.04
609.87,622.86,636.53,674.05,611.65,564.85,518.25,500.08,563.91,601.44,662.98,693.26
677.11,668.28,688.0,609.16,553.56,504.24,492.51,565.96,613.74,681.15,705.35,742.14
649.94,678.19,606.93,558.67,509.96,498.16,568.02,611.95,675.11,695.81,737.31,804.46
711.33,626.24,566.02,507.24,489.92,558.43,607.01,676.55,704.07,749.12,811.61,841.46
628.2,567.22,508.45,490.72,559.23,607.92,676.84,703.64,748.7,810.25,841.24,802.42
622.59,544.87,512.59,568.28,601.6,664.73,694.87,747.48,817.75,851.32,812.61,698.15
522.21,499.73,563.54,605.59,670.84,701.67,751.2,817.09,845.38,802.78,691.69,566.77
490.9,556.29,598.94,664.43,699.63,751.07,818.27,847.0,803.71,694.31,565.68,442.95
451.98,537.64,637.14,703.23,772.57,844.64,860.38,799.66,670.97,531.57,420.41,318.37
564.84,654.31,712.64,773.87,840.71,854.06,795.03,669.82,535.93,426.91,324.03,241.01
750.6,774.38,809.83,850.19,843.11,775.44,654.37,533.22,441.39,342.05,259.57,223.44
686.09,749.13,810.85,821.1,781.23,671.49,547.17,446.31,333.74,248.78,207.67,217.48
755.93,814.21,821.47,779.82,669.58,544.87,445.88,334.65,250.78,211.5,218.92,476.56
864.56,854.39,799.8,677.72,539.58,435.68,327.09,249.53,218.49,227.33,486.12,628.44
863.6,809.12,688.71,553.88,440.86,328.24,247.76,215.35,223.75,478.59,627.08,634.75
779.57,667.14,538.15,428.41,327.23,251.24,219.31,226.26,477.87,627.45,630.3,655.91
810.29,628.0,476.19,337.86,229.76,186.61,206.38,477.26,652.44,667.76,688.67,749.64
624.32,471.25,332.47,225.58,185.52,208.01,480.9,656.58,670.84,690.23,747.42,676.49
471.68,334.4,228.9,190.39,209.77,480.97,655.06,668.98,688.33,744.09,676.09,591.42
333.49,228.03,189.98,208.61,480.71,654.82,668.4,687.94,744.08,676.07,591.46,516.33
163.3,149.94,187.79,476.76,665.05,683.04,696.28,743.07,664.12,574.61,502.83,479.45
153.08,188.99,475.83,662.77,681.31,695.19,743.28,665.3,576.02,505.94,480.73,558.73
158.3,455.9,651.15,675.95,698.48,749.87,669.55,576.48,501.12,473.45,552.36,595.31
450.98,648.48,673.83,696.1,748.95,668.82,575.8,500.7,473.42,553.39,595.65,657.53
700.49,707.21,715.37,755.99,662.65,564.9,493.33,472.39,561.19,605.66,666.39,730.46
674.0,691.64,739.31,651.88,566.02,499.45,477.97,564.41,603.71,663.64,723.93,784.56
720.2,758.26,664.0,572.44,496.66,471.69,559.55,602.43,666.66,728.48,789.99,861.89
781.09,678.16,578.92,496.4,467.1,553.36,598.28,666.48,733.4,796.36,866.91,854.08
621.08,544.02,479.33,466.57,564.19,613.08,675.14,732.52,784.41,849.23,841.11,827.88
541.7,476.53,462.94,558.2,610.65,673.88,732.17,785.73,850.49,843.96,827.57,730.01
521.29,490.71,573.0,614.18,667.38,722.51,780.19,851.09,851.87,838.15,738.77,606.8
469.83,557.59,602.49,659.14,721.95,783.25,855.17,854.61,838.05,739.1,602.91,445.1
657.49,670.6,703.68,747.34,776.12,835.02,838.04,832.44,749.07,615.53,463.33,322.46
706.44,730.18,768.53,793.76,837.67,834.12,826.45,744.27,615.62,460.05,326.63,217.03
704.18,749.46,779.7,824.19,834.53,831.28,747.47,617.38,459.55,325.56,212.89,164.22
695.08,745.53,806.94,830.51,840.31,760.57,624.26,458.75,315.69,198.61,153.19,185.65
697.02,776.71,814.72,837.08,768.86,635.78,465.48,315.01,189.39,140.39,175.82,455.49
752.28,797.09,823.67,759.33,635.49,469.66,320.19,192.69,139.65,175.63,451.76,630.91
688.41,752.37,716.42,616.0,480.72,342.74,208.8,142.68,161.3,432.12,609.64,639.71
791.94,744.11,634.87,491.64,339.39,199.46,134.57,158.07,435.36,614.48,646.6,696.62
684.01,593.33,462.72,320.18,202.18,146.01,168.65,439.0,610.11,643.96,689.84,744.32
592.15,458.9,314.19,193.96,142.76,168.22,441.09,613.99,648.3,695.14,744.48,668.69
532.58,360.12,218.48,147.99,156.3,423.07,602.34,647.83,708.14,763.19,684.42,626.39
355.94,213.72,142.84,149.57,420.88,602.0,648.52,709.56,765.11,687.27,626.4,554.19
78.58,58.81,105.39,412.25,623.55,680.21,728.76,764.51,662.79,591.63,525.88,541.85
70.12,111.73,414.19,620.4,676.79,725.19,762.65,663.41,594.52,531.66,545.39,616.04
123.74,421.6,624.37,677.62,723.45,760.35,662.38,594.99,533.43,547.22,617.98,622.56
446.69,643.27,691.32,733.53,759.47,656.92,589.86,530.76,548.69,619.45,627.4,644.5
491.63,593.92,677.61,739.85,675.72,622.64,553.19,550.94,596.65,595.71,613.36,640.17
475.57,602.35,697.88,660.75,638.8,579.37,566.74,596.9,576.49,587.49,617.1,665.72
607.77,699.33,659.12,632.52,575.75,564.31,596.39,578.0,590.67,623.68,669.0,726.54
712.19,663.1,628.33,562.93,555.98,590.71,577.05,594.29,632.23,681.4,731.59,726.07
834.58,735.9,621.32,572.21,565.95,538.27,570.24,631.53,710.0,772.13,760.87,733.12
1007.3,793.6,668.53,597.17,501.66,509.85,592.46,708.28,815.75,820.55,785.74,698.04
1021.2,812.15,677.35,528.72,480.01,543.26,677.17,815.47,857.9,834.57,740.49,587.07
808.29,680.48,539.54,501.17,553.91,682.81,815.1,853.17,826.16,724.72,581.26,400.05
848.43,648.89,566.56,581.42,664.59,779.04,826.89,821.35,747.68,612.21,432.59,264.14
663.22,576.39,589.11,672.8,780.47,826.02,820.19,746.79,612.61,429.88,264.16,147.66
621.83,618.08,689.29,783.82,820.54,810.7,738.85,611.4,436.9,271.73,155.22,108.31
804.45,807.27,850.58,841.42,785.58,697.61,583.61,434.69,301.41,195.15,144.7,149.28
876.54,895.39,868.03,798.08,690.5,569.61,425.2,300.11,205.12,156.05,161.25,357.72
838.67,831.51,776.62,684.03,576.57,438.13,309.75,207.48,148.14,148.82,345.5,489.63
909.95,830.55,720.47,598.4,433.47,294.46,193.48,142.77,155.53,352.51,502.46,588.88
635.33,598.0,531.87,416.28,321.86,236.58,169.52,155.64,319.52,455.97,549.01,693.11
528.46,490.99,395.53,318.37,248.47,185.91,164.44,316.6,441.35,531.97,682.86,907.49
416.48,348.3,291.59,238.49,195.47,181.61,327.59,442.79,520.21,665.32,891.85,989.4
421.71,334.4,255.64,188.69,163.02,306.32,431.89,523.22,682.56,918.41,1006.23,1048.96
315.37,238.63,171.3,144.87,299.82,431.73,527.6,688.38,922.44,1013.45,1046.52,967.25
264.98,192.23,162.37,315.48,433.15,522.96,682.26,918.15,1012.21,1043.05,969.39,910.28
189.38,164.57,322.95,446.38,529.83,685.38,916.78,1008.12,1036.64,959.02,907.02,868.94
204.77,351.54,467.52,544.45,685.65,910.64,1001.46,1033.13,960.56,907.49,875.44,805.2
335.66,456.79,538.1,681.32,912.36,1004.93,1035.44,961.08,906.49,873.2,803.14,795.52
367.33,482.43,652.53,907.2,1019.53,1056.49,974.21,905.78,857.26,779.97,776.31,791.8
428.71,620.86,893.4,1021.21,1069.01,989.45,913.81,855.64,767.88,758.4,780.18,815.65
622.21,894.53,1022.73,1070.38,989.6,913.76,855.96,767.93,758.51,780.69,816.74,849.97
891.87,1024.35,1075.03,998.77,917.99,857.48,767.05,755.54,777.21,810.58,848.22,776.83
1112.25,1132.72,1034.15,933.84,849.19,748.96,741.7,773.22,821.48,863.54,794.47,709.27
958.87,922.13,869.22,825.36,770.59,779.26,798.18,824.49,837.64,759.29,674.86,569.46
946.7,874.19,813.55,739.37,760.95,785.92,822.94,846.64,776.81,704.25,579.14,498.11
762.55,740.98,697.63,744.02,800.6,848.45,863.01,778.55,687.89,556.19,476.37,366.65
954.84,825.44,803.58,799.12,806.92,809.2,749.77,693.91,601.44,543.57,414.0,330.35
643.36,684.95,729.53,780.95,831.41,790.28,722.34,605.87,517.75,375.77,292.59,198.4
738.91,766.45,804.5,840.92,785.63,710.6,594.52,513.67,380.99,299.3,207.93,186.62
827.34,839.88,857.68,784.41,698.93,580.05,505.48,383.12,312.45,225.89,198.52,197.63
721.28,779.65,737.17,677.76,592.29,529.88,400.64,315.69,210.62,177.33,174.89,325.62
829.17,770.98,699.81,605.58,526.89,391.53,308.36,208.42,181.89,180.36,334.34,478.21
639.99,609.55,545.7,489.88,398.43,332.46,227.96,188.68,168.67,319.65,455.22,506.62
674.83,587.54,513.41,406.7,323.27,212.77,178.93,168.1,329.82,469.89,518.84,654.25
452.3,429.39,361.45,310.9,233.39,211.16,188.02,328.96,446.64,487.2,630.51,787.25
369.26,327.04,296.13,237.25,224.02,203.7,337.22,444.87,473.41,609.79,773.56,800.73
331.1,296.79,233.77,215.9,198.0,333.08,443.6,474.96,613.23,780.61,803.57,846.34
280.07,223.51,209.66,195.52,333.75,445.72,476.43,613.35,777.85,800.17,842.67,797.72
293.94,254.52,220.92,342.5,436.02,460.29,602.82,777.08,810.89,857.68,810.26,814.18
178.55,174.6,319.51,432.22,473.19,620.49,786.16,808.81,842.95,789.25,798.79,737.35
132.82,291.89,415.58,466.07,625.46,795.63,816.17,845.0,783.18,791.0,729.12,703.98
262.97,394.74,451.52,613.04,795.86,820.59,848.56,784.99,790.16,728.17,700.2,701.17
301.04,392.79,581.6,789.84,834.98,870.22,799.7,790.75,712.24,677.62,681.33,689.29
337.47,549.2,776.23,836.86,883.34,815.38,798.34,709.66,664.89,662.26,677.64,709.65
494.41,743.17,820.58,881.3,823.96,810.31,716.65,663.73,651.62,664.13,699.76,722.27
738.29,820.06,884.38,830.78,815.21,719.94,663.9,649.01,660.36,693.01,720.11,719.03
914.94,937.61,850.73,803.81,696.67,637.99,637.08,665.41,717.45,757.6,742.37,640.26
867.27,808.33,783.57,697.54,651.58,654.61,675.54,716.66,743.5,721.72,624.47,513.2
730.19,728.29,659.17,624.29,657.54,689.21,727.99,748.09,716.2,619.41,500.47,383.71
872.7,754.14,682.32,684.61,675.4,698.34,726.13,711.73,637.52,525.79,410.98,343.58
676.21,620.56,633.63,629.63,692.21,737.04,727.06,649.64,529.53,418.85,333.43,228.5
392.08,490.63,552.32,674.27,771.04,779.02,682.39,529.56,379.24,277.69,181.46,94.5
510.69,564.25,679.3,764.52,774.39,676.9,524.23,378.27,281.78,188.18,99.59,104.04
508.1,636.61,731.9,747.5,674.48,532.57,387.89,288.51,188.03,100.79,95.3,85.0
623.51,725.3,745.85,679.94,536.97,391.72,290.94,187.28,96.43,89.04,81.09,276.72
717.12,736.64,669.08,521.25,386.15,289.79,188.61,99.5,93.55,88.45,278.24,372.1
747.37,677.72,529.15,394.33,291.4,187.34,96.92,91.18,87.35,275.84,372.93,419.78
531.86,431.42,332.87,259.58,199.7,126.29,113.72,93.61,259.32,351.69,392.55,508.93
611.52,448.15,324.27,218.85,102.49,74.32,67.56,256.3,380.12,434.57,549.28,707.53
561.3,398.09,263.28,124.46,63.19,45.49,241.76,378.99,450.67,568.06,727.59,724.11
382.55,255.01,120.86,65.56,48.07,244.54,380.27,449.7,564.06,721.83,720.64,693.82
242.9,117.25,69.2,59.56,251.56,384.89,449.8,560.54,713.85,708.19,688.21,672.98
112.63,63.99,53.77,243.45,381.48,448.26,560.57,715.46,710.23,692.04,672.17,614.11
116.59,88.32,264.41,391.25,443.39,550.19,708.14,708.99,698.98,681.57,624.43,544.14
149.92,304.02,414.7,452.99,543.08,695.15,700.2,698.04,690.28,635.18,555.78,485.52
383.6,463.84,478.57,547.43,681.66,680.33,685.8,690.45,650.42,577.07,502.28,513.47
637.82,589.69,611.43,705.72,659.71,649.25,666.32,648.03,603.81,537.36,546.1,575.48
628.89,638.43,724.88,673.43,649.53,661.66,643.45,602.27,540.99,547.54,581.07,607.36
757.62,805.75,726.72,680.3,653.51,620.19,583.31,534.79,559.55,595.85,628.87,692.34
839.79,754.44,703.65,676.45,624.42,579.37,527.79,553.36,593.62,622.55,696.25,711.96
710.4,673.06,655.3,613.0,581.56,536.29,561.62,597.07,618.39,691.56,703.7,733.23
615.71,619.48,593.28,575.02,543.49,573.27,603.69,618.38,681.64,690.25,720.45,655.84
597.01,582.28,573.41,549.26,580.92,610.62,619.61,677.96,681.93,708.16,650.04,532.81
476.68,500.6,500.16,550.83,616.17,639.42,695.06,688.61,698.84,639.74,514.31,396.18
373.37,410.78,488.03,573.77,642.22,716.14,708.58,708.15,631.24,506.67,375.63,278.7
560.07,586.36,633.99,669.82,701.64,677.91,684.98,625.48,525.26,399.65,306.1,247.98
470.62,561.47,630.91,689.19,695.73,712.67,641.07,524.55,380.08,276.31,224.27,201.44
643.35,683.29,719.45,705.49,701.88,622.67,511.55,378.45,288.66,242.14,217.91,267.1
771.03,776.45,739.96,716.82,614.03,493.78,365.47,286.08,253.71,232.5,283.29,545.68
905.48,822.47,763.5,631.98,477.26,337.61,268.85,253.49,252.84,310.15,570.44,704.97
758.79,720.82,605.7,466.16,343.87,282.39,264.38,256.27,302.83,559.21,691.16,690.8
838.07,688.17,523.99,380.69,277.18,241.36,234.57,293.09,567.48,700.22,710.47,714.98
678.61,519.44,380.18,281.41,246.25,239.44,296.06,566.35,696.77,706.3,715.05,758.94
578.79,413.9,295.31,242.37,226.84,281.75,560.22,701.11,721.67,735.48,771.57,658.58
490.66,343.71,269.14,235.28,270.55,542.33,689.77,721.21,748.37,789.02,674.02,586.42
333.66,263.76,234.24,272.97,545.4,692.47,721.59,746.65,785.91,668.56,583.76,489.56
205.17,198.51,255.04,544.17,702.88,735.74,754.97,785.25,657.07,567.53,476.64,462.83
138.13,217.24,524.14,697.09,745.13,769.31,793.45,656.61,556.95,461.79,451.1,518.86
195.33,510.17,688.73,741.59,771.44,797.55,659.48,557.22,458.1,446.77,514.93,538.02
572.64,729.73,765.28,779.62,789.33,644.92,546.77,456.14,456.12,528.38,551.56,652.8
786.04,796.74,791.02,782.78,630.6,531.1,449.2,459.61,543.19,572.75,663.95,743.75
701.0,731.07,750.89,623.95,546.28,471.91,473.34,543.52,555.86,639.22,722.77,808.95
704.43,732.22,611.22,536.24,472.49,477.59,546.62,557.04,636.96,721.36,805.39,852.02
721.54,602.67,528.12,465.13,475.5,547.11,558.83,639.13,722.69,807.37,850.56,857.69
547.53,491.63,442.97,465.73,552.95,570.62,647.64,724.11,799.56,839.89,846.7,804.6
513.22,458.06,475.47,558.38,568.51,642.53,719.97,798.48,841.51,849.45,808.2,727.52
483.26,490.17,565.0,567.05,637.55,714.14,795.45,842.49,855.15,815.64,732.32,607.19
481.0,558.17,561.83,633.48,713.73,796.73,844.26,856.5,815.81,732.95,605.25,444.1
525.13,546.83,633.95,729.0,810.72,855.99,859.49,810.15,719.61,584.2,435.42,303.63
589.64,656.69,735.5,802.19,843.66,846.8,805.14,722.93,597.0,454.73,314.13,215.12
674.76,751.74,818.37,858.17,852.49,805.33,717.72,591.19,451.3,305.84,216.1,193.87
722.24,801.22,851.87,854.69,812.34,725.68,593.97,449.13,298.4,205.03,187.37,230.16
893.4,910.56,888.1,823.77,714.48,574.11,435.94,297.1,218.92,206.85,248.07,522.86
765.7,790.34,761.03,680.55,585.43,465.25,320.65,226.39,191.77,227.86,496.51,609.61
952.2,864.5,739.48,606.71,444.37,284.68,202.85,190.09,252.67,531.0,640.58,658.67
721.16,646.72,553.36,424.56,301.39,233.03,210.61,255.36,510.48,611.21,629.65,636.02
758.64,626.59,467.19,317.95,220.11,186.26,238.72,507.05,626.99,654.4,661.55,708.88
555.98,421.5,292.48,212.36,197.06,256.71,519.21,629.27,644.24,644.46,693.6,616.79
408.32,281.26,201.69,184.92,252.84,518.6,630.32,646.33,646.53,698.31,616.71,554.35
238.07,171.54,164.63,240.24,521.0,638.69,653.55,649.29,694.49,612.24,546.63,509.98
130.81,138.02,223.94,512.66,642.04,661.07,654.42,695.07,607.05,540.21,502.87,499.23
150.69,232.82,518.45,646.6,660.71,652.54,693.9,606.84,541.02,504.2,501.06,585.54
225.03,516.16,648.91,666.61,656.71,696.6,606.17,538.06,499.15,493.08,582.99,598.85
468.7,620.72,652.62,655.36,704.52,616.74,543.75,498.0,483.82,570.28,589.55,664.29
590.37,628.19,634.57,684.7,612.97,546.75,503.32,488.31,572.18,593.95,659.57,729.61
696.59,677.22,707.46,618.33,536.74,487.87,478.55,572.65,605.82,676.2,742.94,783.61
673.44,704.69,617.39,536.89,488.89,480.17,573.58,605.96,675.46,741.11,782.76,841.01
683.67,602.96,526.03,481.9,479.84,575.92,608.51,676.87,740.21,781.9,837.47,797.96
723.33,602.56,525.51,494.75,561.04,583.06,660.04,738.6,800.01,862.28,821.32,792.41
551.02,494.46,480.17,561.21,592.87,672.83,745.39,799.2,851.72,804.7,780.15,639.69
424.18,435.88,536.75,587.06,682.99,761.42,810.25,852.88,792.97,764.19,625.11,509.6
398.13,512.51,573.36,675.89,766.01,818.2,857.1,792.42,758.45,617.63,502.82,361.46
546.59,597.79,692.97,778.42,816.96,850.48,786.74,755.83,619.68,505.77,368.04,269.25
550.81,661.66,759.44,808.27,856.12,797.76,763.71,620.95,499.8,358.69,259.36,178.77
664.88,760.74,807.66,849.36,795.55,761.95,618.23,499.0,360.66,262.1,180.7,147.05
765.9,812.47,855.44,802.46,764.76,618.98,497.41,358.48,260.13,177.1,147.01,196.13
718.93,790.33,758.03,736.68,623.66,514.59,373.58,266.13,169.48,138.68,180.09,425.43
878.97,818.55,776.48,647.17,509.17,357.18,252.86,165.41,147.15,190.05,440.97,621.06
786.43,748.95,622.35,484.18,351.13,255.3,171.68,153.81,194.3,448.46,617.09,622.68
756.76,631.31,494.76,364.67,259.32,171.31,150.97,190.57,444.63,610.77,622.02,656.33
778.77,585.06,409.85,263.7,146.34,116.46,171.04,446.35,639.32,664.69,690.32,753.36
609.16,424.9,273.04,152.43,115.01,167.76,444.82,640.68,669.17,692.75,755.82,640.84
460.79,295.8,164.95,119.31,162.39,435.99,635.01,668.78,698.82,764.39,648.54,545.22
203.71,107.31,88.73,154.73,449.78,655.87,681.04,698.17,748.3,625.38,526.52,445.91
236.13,172.16,203.81,469.19,640.71,652.82,678.26,745.07,643.42,551.62,470.37,486.41
233.36,242.65,491.26,648.75,645.64,666.09,737.17,643.12,561.26,482.65,498.29,538.62
317.11,538.55,674.85,654.23,655.52,720.41,632.86,561.22,494.64,514.3,553.06,561.56
525.67,669.16,654.04,660.38,724.64,636.02,561.21,492.21,509.81,545.66,558.09,628.36
674.26,659.09,665.73,731.24,637.99,560.96,490.65,507.77,543.88,554.64,627.05,696.92
648.94,657.71,724.99,633.46,561.33,493.31,510.42,546.13,554.69,626.57,694.27,778.75
675.48,735.63,638.63,560.38,488.78,504.72,542.36,554.5,630.3,700.29,783.4,829.45
732.13,640.03,565.15,498.55,509.64,544.72,553.42,626.82,695.37,774.84,826.96,843.47
667.21,577.8,499.26,498.54,534.46,544.9,624.31,699.09,784.45,841.79,850.41,847.17
612.71,519.8,507.59,533.48,537.25,615.16,694.63,786.74,849.7,861.42,853.2,755.2
561.33,535.54,551.88,547.43,612.64,687.19,780.46,847.71,865.88,857.51,762.01,610.4
465.3,511.51,530.57,618.38,702.57,798.28,856.59,862.78,840.84,737.73,594.44,446.07
608.64,593.02,654.21,715.06,785.8,834.69,847.69,838.87,752.17,614.95,465.61,391.64
631.99,680.95,733.65,798.13,833.84,841.62,832.94,749.24,617.94,466.9,396.89,310.68
704.77,750.43,809.88,838.74,841.36,829.59,744.42,615.53,468.85,397.58,314.47,282.81
703.78,778.3,819.54,830.46,833.67,753.92,621.76,470.14,392.27,307.1,274.24,274.17
826.79,852.96,852.99,848.51,751.87,612.61,462.52,389.35,310.82,278.75,282.12,530.52
857.91,853.84,846.03,746.81,609.37,461.12,390.63,313.93,282.65,286.77,531.63,664.74
750.84,780.43,710.21,598.05,474.55,412.9,328.45,283.61,270.66,508.78,643.76,638.55
738.93,688.09,591.77,481.43,423.81,338.89,286.6,266.04,496.54,626.35,628.72,675.92
682.1,584.57,471.71,409.5,334.28,286.01,268.34,499.29,630.46,638.33,680.53,765.13
688.57,533.69,439.09,336.21,267.64,244.7,487.68,635.14,660.79,710.56,785.83,733.85
529.12,432.09,326.47,254.43,238.34,484.96,636.15,664.38,715.87,794.09,735.27,649.27
428.5,329.38,263.26,253.89,492.71,639.44,662.51,710.47,786.52,723.3,646.27,575.11
213.32,189.58,213.11,480.0,655.61,688.46,726.63,787.03,704.09,619.67,551.23,572.37
176.06,204.37,474.88,652.74,690.14,729.61,788.61,704.17,617.39,548.97,570.19,629.05
162.46,445.5,632.39,676.56,731.11,796.36,711.43,620.59,545.55,566.32,622.06,632.94
455.13,638.61,678.96,728.98,792.85,707.04,617.61,545.06,569.09,626.86,636.57,675.19
615.7,662.86,717.86,786.73,708.01,621.8,549.4,570.96,625.04,633.99,669.2,734.95
704.06,742.54,799.06,708.39,615.03,540.09,565.11,625.95,642.28,680.31,742.88,778.25
750.85,803.56,710.48,614.7,538.15,562.95,625.1,642.97,682.62,746.36,780.62,788.7
840.33,735.52,630.47,546.5,559.94,617.26,636.19,680.18,750.75,785.45,795.62,766.24
850.77,702.87,586.37,572.17,601.55,610.79,664.0,750.0,803.82,821.25,788.87,773.33
615.98,531.43,542.21,593.86,623.6,684.21,762.82,804.95,806.67,767.26,754.28,694.94
570.05,563.87,601.67,618.1,674.52,752.21,800.13,809.2,777.34,769.67,703.68,590.66
639.53,653.5,652.7,694.84,747.81,785.99,797.13,773.08,776.77,711.78,603.48,467.18
642.16,645.5,690.72,747.42,787.36,799.26,774.7,777.1,710.1,600.64,464.77,324.33
760.97,763.9,788.26,801.66,783.84,748.94,760.68,709.07,618.95,489.52,345.94,253.02
814.81,820.27,819.73,785.62,742.37,749.92,699.67,617.17,498.22,355.53,262.51,191.35
763.27,786.27,772.22,746.83,763.14,715.12,624.11,495.47,341.97,241.69,177.9,190.5
616.3,664.23,686.78,744.0,739.16,662.59,519.82,342.91,213.77,139.28,156.71,426.54
573.73,624.68,702.22,712.79,667.15,536.76,357.44,219.35,131.15,147.61,411.69,618.65
565.35,663.48,689.36,657.19,542.57,369.58,228.47,133.03,139.57,400.94,606.85,688.63
611.16,657.42,640.24,538.14,375.89,238.52,138.98,138.84,391.74,594.78,678.12,756.05
579.71,594.31,515.98,374.37,252.9,158.16,149.43,388.78,578.47,657.09,742.95,853.4
524.72,467.63,341.31,231.73,161.26,162.39,400.42,583.89,652.18,737.19,841.16,778.88
433.03,316.7,214.11,147.88,162.5,405.71,588.74,654.56,735.33,840.17,774.25,716.6
335.35,222.9,148.81,154.72,398.27,581.78,651.67,737.37,847.08,785.36,722.12,650.6
304.04,201.5,186.16,411.76,572.93,634.24,725.0,844.83,796.42,737.36,665.84,651.64
298.26,246.89,445.26,582.38,621.39,704.31,831.62,796.18,753.48,687.76,671.03,692.85
350.06,511.78,621.68,638.61,692.96,810.32,782.28,752.56,702.38,689.52,711.22,679.03
1472.18,1230.41,977.7,796.95,678.51,566.74,613.13,694.93,845.96,927.7,870.16,794.82
657.75,620.93,610.83,649.71,660.84,751.03,780.78,846.15,826.2,716.62,670.74,522.36
518.07,549.97,620.68,660.66,769.95,803.28,857.07,822.42,693.9,642.69,501.22,540.31
906.01,845.8,787.41,805.11,755.45,778.43,768.86,689.11,699.37,580.04,612.27,673.88
1090.05,942.94,892.93,788.36,747.65,716.86,655.98,698.02,619.72,662.01,720.3,639.73
902.15,862.69,765.13,734.84,717.06,663.73,708.25,625.78,660.89,718.85,631.52,586.6
840.29,752.84,729.8,714.18,666.01,710.47,623.13,656.7,713.21,624.12,582.66,535.97
752.81,729.92,714.64,670.08,712.93,625.58,658.69,714.45,622.68,579.47,532.12,557.68
571.07,612.97,611.82,691.74,645.45,693.86,737.57,625.75,555.72,498.76,525.85,459.65
672.04,653.75,720.41,662.18,689.91,724.78,613.49,549.91,502.63,531.15,471.49,446.39
664.35,727.3,664.81,689.51,721.06,608.43,545.96,500.5,532.22,474.21,448.92,489.63
694.63,639.75,667.34,698.98,605.13,550.6,505.94,537.59,474.9,450.61,482.83,583.46
597.58,635.95,677.62,587.88,551.2,514.64,544.41,479.17,448.49,477.72,573.37,707.48
699.87,721.03,615.46,565.33,508.23,529.26,467.48,444.84,484.93,583.82,719.78,798.54
782.6,657.07,591.64,523.59,525.23,456.83,437.59,483.55,590.95,727.66,810.46,869.69
681.48,611.25,541.31,544.46,459.65,434.0,478.02,586.99,725.32,803.16,869.36,894.57
642.13,565.48,565.28,479.54,436.16,472.74,580.5,720.72,801.5,865.72,896.52,987.69
586.35,583.25,496.53,447.87,478.85,581.98,716.75,794.52,863.57,892.26,995.45,962.15
528.06,463.42,431.87,481.23,592.71,731.55,805.46,865.57,882.55,980.04,949.89,842.74
493.42,450.4,491.94,594.49,727.31,798.2,859.83,881.47,984.89,955.9,848.3,793.19
451.36,493.43,596.29,731.94,798.71,858.89,881.05,984.2,954.88,847.38,793.93,708.89
522.96,616.16,744.2,806.44,856.38,874.94,980.68,954.4,851.43,799.65,713.6,700.18
526.8,688.9,778.27,847.01,889.13,1000.79,963.52,848.2,783.41,690.72,682.46,627.61
519.03,689.17,825.1,930.54,1054.64,1015.88,867.55,766.34,636.04,600.1,585.1,637.52
416.46,613.11,755.99,898.91,993.0,901.03,816.03,675.5,609.61,614.94,603.86,667.4
431.11,638.22,829.65,965.79,921.68,854.29,702.63,613.37,589.19,568.99,631.3,691.77
540.04,776.7,949.32,938.02,881.62,730.43,623.66,580.33,540.24,589.08,668.37,753.96
812.37,968.62,943.89,872.75,719.41,612.44,575.01,542.44,599.08,685.8,764.39,835.16
938.81,913.75,839.23,679.81,598.96,573.83,549.73,610.07,697.11,783.27,834.21,791.23
872.76,809.19,657.84,583.19,574.23,556.74,617.13,700.6,781.3,832.93,784.62,714.9
928.57,732.86,624.13,584.89,539.35,589.39,682.51,780.96,852.91,813.28,738.61,642.78
824.72,677.02,607.91,535.28,570.96,660.25,769.89,857.25,834.75,768.4,661.94,543.21
926.28,770.68,633.14,615.01,634.24,717.88,820.15,828.5,802.11,706.32,589.49,459.1
756.97,625.5,613.07,638.51,722.68,825.03,830.64,801.22,702.34,581.43,454.92,344.03
655.98,632.11,648.88,726.51,821.02,823.83,796.93,702.05,586.19,460.57,348.49,259.17
745.45,721.0,767.32,832.16,809.51,772.88,684.83,584.83,478.48,371.01,279.94,222.0
692.19,750.4,826.33,813.34,779.97,693.02,588.16,477.01,364.1,267.2,214.09,161.83
765.49,838.64,823.76,791.31,694.81,585.57,473.8,361.25,265.74,211.7,163.32,359.88
823.38,813.73,785.03,690.58,586.72,476.98,362.96,265.81,209.94,160.21,357.5,502.58
781.32,762.63,676.05,578.7,479.31,369.65,270.94,211.81,156.97,352.42,495.42,588.49
744.13,663.85,571.3,474.76,370.42,273.76,213.51,157.25,350.41,492.98,584.92,714.25
711.68,601.05,488.92,369.73,265.1,202.36,151.0,350.28,502.63,601.01,728.75,876.19
651.23,523.67,392.92,281.79,200.1,142.59,343.93,501.36,605.75,732.22,883.07,931.85
461.11,354.12,260.28,194.56,150.1,356.24,508.81,605.67,721.27,868.01,918.6,937.56
404.84,295.02,217.36,162.13,352.05,498.02,596.25,717.93,872.34,924.12,945.92,923.1
228.05,174.96,138.55,344.41,506.49,610.29,726.72,872.59,913.19,930.71,908.92,841.56
115.65,99.56,320.66,495.11,616.28,739.0,881.45,915.11,922.78,898.9,830.37,804.23
85.31,311.5,490.6,614.99,741.38,884.92,917.01,922.76,895.73,825.21,800.72,758.9
339.83,506.24,620.0,735.87,876.37,907.78,918.82,897.92,834.14,814.26,766.77,755.83
555.49,653.17,758.06,889.38,905.59,910.6,891.27,831.54,819.66,771.74,763.32,749.0
734.78,816.46,932.08,936.35,910.64,878.4,818.03,812.68,776.05,765.99,762.06,774.0
803.48,924.9,934.97,914.48,883.05,822.61,814.73,774.95,762.03,755.83,770.99,823.58
822.52,869.34,876.03,868.57,834.91,836.38,789.37,763.35,741.19,750.73,804.21,801.42
846.48,863.31,864.06,838.22,842.68,796.07,766.44,739.37,743.95,795.2,796.26,802.38
780.72,809.8,805.29,825.82,804.0,782.83,750.35,745.91,784.3,782.39,786.68,705.88
621.08,684.89,757.4,780.74,807.57,791.98,773.39,786.58,752.59,746.44,668.66,568.57
622.69,707.86,738.33,766.69,784.35,779.5,797.3,762.23,749.91,679.22,561.49,460.96
728.36,746.81,765.02,771.63,769.49,789.02,759.58,753.51,688.64,576.54,467.6,335.8
734.27,756.04,765.72,766.97,790.59,762.85,756.3,689.44,575.47,465.15,332.44,214.44
682.96,715.65,734.15,767.49,767.85,770.71,699.02,578.13,458.41,323.12,201.67,142.7
607.95,665.01,729.01,754.31,784.87,722.64,592.63,458.99,306.08,178.43,121.74,158.75
617.92,697.8,735.23,775.68,728.16,602.93,466.33,307.31,171.88,113.63,150.04,427.79
830.5,817.36,818.22,735.66,581.37,435.69,289.58,173.59,138.22,184.56,455.63,620.96
857.01,841.95,747.48,583.41,428.6,280.2,168.8,139.49,192.88,465.87,627.86,640.0
898.74,785.47,607.2,440.8,273.98,155.52,129.53,190.38,472.87,637.26,650.0,672.54
687.91,546.84,408.82,267.4,171.62,153.38,205.32,472.34,619.88,626.66,655.14,731.39
572.65,422.02,270.98,165.86,146.25,198.51,470.04,623.43,635.33,666.72,736.84,670.66
412.91,267.58,167.38,152.41,202.95,473.05,623.2,632.58,662.12,729.65,668.75,596.47
297.68,183.84,157.63,197.07,464.28,613.94,628.22,663.83,737.96,681.66,604.3,556.96
166.44,145.58,188.93,459.9,614.61,631.14,666.49,739.02,679.83,601.94,552.7,579.54
118.67,171.83,450.24,610.85,634.82,672.87,742.98,680.14,597.61,546.72,574.17,620.71
197.07,466.77,620.87,639.38,670.37,738.16,677.02,597.5,549.83,577.84,625.03,611.07
441.78,607.13,633.97,671.97,742.84,681.98,599.16,547.93,572.41,617.12,606.55,618.67
655.24,666.21,692.46,754.51,678.19,589.27,540.39,569.95,622.22,612.91,626.15,681.27
656.48,685.56,750.11,675.83,590.49,542.91,571.47,622.91,611.86,624.19,678.94,763.28
789.04,813.3,708.06,593.96,525.17,546.8,608.27,613.03,643.93,707.56,785.16,844.37
891.46,758.99,624.14,537.85,538.49,592.22,601.23,641.85,718.92,798.52,858.77,834.66
669.56,566.73,505.26,528.91,604.41,621.73,656.03,720.55,784.3,838.56,816.4,761.87
517.64,471.86,506.65,591.55,624.18,664.39,727.82,787.52,833.62,811.16,752.41,681.19
548.34,558.56,625.36,642.74,658.97,712.8,774.99,829.49,818.77,761.5,694.4,571.56
604.87,657.5,664.64,673.27,710.77,766.71,822.39,816.04,765.35,698.55,578.87,439.8
508.51,570.23,620.84,693.89,786.99,855.43,836.73,765.79,674.5,545.27,410.82,275.22
519.67,585.95,670.28,771.89,858.0,845.85,773.37,676.82,540.53,405.95,266.47,199.37
597.52,673.81,768.9,844.09,839.58,769.62,674.96,542.94,412.86,275.79,203.12,193.74
762.88,825.03,875.71,849.75,757.2,654.94,529.86,412.38,290.57,223.31,211.5,225.44
848.38,895.55,868.35,777.03,660.38,528.54,407.86,285.21,219.87,204.24,227.26,482.37
883.39,859.99,770.96,655.89,528.49,409.59,286.76,220.65,203.41,226.44,480.73,639.34
729.34,687.18,608.59,513.26,427.24,316.45,240.47,205.78,205.9,451.57,611.81,684.72
786.07,666.75,539.44,422.02,294.84,213.75,191.09,208.91,473.95,645.21,706.59,742.39
857.99,663.12,493.71,323.07,191.33,150.67,182.37,470.52,673.69,746.56,782.62,803.07
633.48,473.7,310.9,188.06,154.49,189.84,476.95,676.43,743.94,775.91,795.67,675.44
510.15,336.15,204.89,165.14,187.06,468.66,669.22,741.3,778.8,799.52,681.61,623.99
410.73,250.92,190.17,191.61,457.63,652.42,730.03,778.43,812.62,699.1,638.61,561.43
93.99,91.18,137.79,443.67,675.7,766.36,801.51,813.42,673.04,601.09,529.32,468.24
132.27,165.71,461.21,684.38,762.77,792.89,806.61,670.88,605.37,536.35,477.14,533.88
157.56,454.73,678.9,757.52,791.69,807.35,672.14,606.47,536.2,476.78,532.42,584.13
407.5,651.53,744.7,792.91,815.9,682.88,612.2,534.7,466.85,518.24,574.11,681.06
650.16,742.16,788.89,809.31,680.09,611.18,535.22,468.21,520.56,577.88,680.5,744.25
679.73,750.96,790.92,677.63,622.49,550.45,475.78,518.93,565.52,662.25,731.01,777.34
708.59,762.88,660.35,614.42,554.16,483.86,524.94,566.85,656.48,724.87,770.06,840.21
866.74,720.57,638.89,546.43,459.98,496.93,552.71,661.11,749.89,806.7,863.62,892.37
634.45,583.58,515.54,450.81,509.04,572.87,674.4,750.83,792.73,842.82,874.02,852.35
527.31,483.3,437.05,511.32,584.5,687.89,756.81,789.97,829.24,855.5,839.79,742.7
488.91,439.85,512.17,581.9,686.82,756.2,789.64,829.86,857.0,841.77,743.95,626.77
376.36,467.25,550.49,666.65,757.86,800.64,840.9,862.57,837.83,739.87,615.37,474.8
484.46,563.71,676.76,766.74,800.92,837.5,859.3,835.68,739.95,615.61,478.04,326.75
611.25,709.66,789.36,814.59,835.66,850.9,827.69,735.84,619.51,481.5,334.87,210.28
711.68,793.41,821.28,842.15,855.74,829.95,733.3,615.71,478.12,327.63,208.71,155.1
806.32,827.11,843.68,850.91,826.24,729.96,613.67,479.19,332.09,215.4,158.8,161.74
750.95,793.56,821.22,814.02,739.54,630.87,491.39,334.07,204.95,144.22,147.45,392.64
699.26,757.21,771.77,715.89,636.75,509.2,349.55,210.59,135.18,136.99,376.39,548.22
733.57,759.71,713.63,642.95,517.08,356.86,212.63,132.12,128.83,363.93,541.62,603.98
864.24,780.86,681.88,530.87,342.9,188.62,115.81,126.91,379.72,563.64,624.23,696.24
914.91,761.59,566.75,339.92,161.9,82.54,110.51,384.07,593.42,669.36,728.45,756.4
750.78,558.76,334.77,160.19,84.13,114.04,387.29,595.56,669.57,725.75,752.86,624.32
473.42,282.19,133.25,80.45,127.71,406.39,606.27,668.38,709.62,730.05,606.53,542.26
271.64,120.21,64.66,106.22,398.45,604.02,670.54,714.95,736.37,618.13,543.11,480.47
106.85,59.35,108.35,407.32,611.5,676.42,715.84,732.87,611.35,531.74,476.19,462.28
91.05,128.68,418.35,615.21,671.81,708.62,728.59,611.23,536.7,483.85,469.3,538.68
131.94,418.66,612.55,665.94,704.93,726.46,611.3,538.47,486.35,473.02,539.56,583.2
432.13,623.3,674.12,711.15,726.26,608.4,535.18,484.45,473.38,539.32,585.42,659.57
592.03,653.68,698.93,722.08,611.79,541.87,489.86,474.69,535.35,579.36,651.71,693.14
682.97,718.64,734.9,617.81,539.72,483.91,469.04,533.53,582.61,655.68,698.59,719.39
740.97,753.37,634.66,556.5,487.39,466.63,528.46,577.8,652.89,693.7,722.44,792.26
769.42,639.96,551.54,472.88,456.22,520.83,576.23,657.37,703.34,737.27,797.5,841.76
753.44,621.12,508.96,462.13,502.98,550.73,642.11,704.18,757.72,825.91,864.43,860.85
512.18,442.36,428.72,499.21,569.49,668.45,719.52,756.99,805.11,833.53,836.85,728.83
526.45,480.96,526.38,574.79,655.01,699.73,745.46,806.04,848.63,858.82,745.83,611.53
422.6,491.23,558.21,655.86,710.66,759.77,814.16,847.65,846.86,727.65,597.99,449.85
513.35,576.23,671.06,725.36,761.76,810.5,842.74,842.87,726.1,595.3,453.01,321.92
628.2,705.3,746.74,771.63,806.15,832.67,834.8,723.43,601.61,460.48,331.12,217.16
671.86,726.77,762.82,802.52,839.92,844.1,725.92,598.99,453.57,319.19,210.05,145.49
749.26,773.26,804.29,832.45,836.76,719.44,596.68,456.58,327.1,222.23,151.36,185.26
728.8,773.01,811.15,823.54,722.08,605.33,464.26,330.16,218.86,147.11,177.71,427.63
844.64,857.08,849.44,732.06,596.1,448.74,320.73,218.85,158.43,192.94,441.63,616.16
762.82,794.18,708.17,600.96,468.71,344.87,230.89,154.66,171.45,409.15,594.19,638.35
806.99,718.36,609.24,474.49,344.55,227.39,150.51,168.9,408.68,594.22,640.29,709.87
724.63,609.18,468.13,330.99,220.55,147.2,170.22,412.3,601.01,653.1,716.26,799.54
645.23,485.64,333.34,209.42,134.83,159.43,409.86,607.23,666.87,735.36,807.91,697.34
442.82,306.5,195.18,131.97,165.72,419.33,612.84,666.64,727.94,796.85,688.56,613.31
321.13,203.34,134.99,162.86,414.83,607.45,663.19,727.99,800.62,694.83,617.11,527.06
163.27,110.49,151.06,414.49,615.3,673.55,733.79,799.9,686.63,604.96,517.8,514.65
91.27,138.85,407.75,612.23,676.37,738.44,802.36,686.36,601.8,513.58,511.66,552.86
144.76,411.7,614.39,677.8,737.54,801.03,686.12,602.24,513.94,512.4,553.78,590.49
431.76,627.12,684.24,736.76,796.86,680.34,598.03,513.28,516.73,559.82,595.72,659.99
767.48,774.33,788.23,817.05,662.56,567.11,493.52,515.2,581.2,624.71,685.63,736.15
665.48,719.46,780.05,653.42,584.0,519.52,531.24,581.98,606.53,658.17,712.75,749.89
764.07,809.27,671.07,590.66,513.91,520.44,573.64,604.45,663.87,722.1,759.55,787.35
820.37,679.26,596.49,518.73,520.78,572.09,602.37,662.65,722.64,758.9,788.71,801.2
692.46,597.96,510.25,501.56,560.81,595.67,662.87,728.55,769.44,805.28,806.41,764.15
515.21,461.59,479.82,564.33,612.61,683.81,739.64,767.23,786.62,778.97,744.92,674.2
464.78,478.43,558.48,600.25,677.81,736.33,767.05,789.38,784.13,753.69,676.75,556.23
634.71,658.49,657.19,698.53,716.32,732.82,767.17,782.69,777.79,709.96,586.09,461.25
642.26,649.5,698.31,724.13,739.31,772.78,784.46,775.57,704.09,575.45,456.36,307.21
613.89,676.38,712.89,738.42,778.9,792.7,780.36,703.18,568.59,446.31,299.19,197.25
693.81,726.28,749.46,783.75,794.25,778.4,697.47,564.33,445.91,296.9,199.97,178.63
761.21,768.88,791.95,790.93,770.71,688.81,559.61,447.75,305.51,212.2,186.24,220.68
689.34,742.88,766.28,768.56,703.47,579.68,459.76,304.83,196.75,163.19,203.27,477.57
864.58,838.76,801.34,700.03,554.4,428.23,288.31,200.64,189.84,242.84,505.13,647.37
793.0,774.02,687.98,557.4,438.15,300.81,207.71,189.01,232.85,488.47,635.36,671.31
716.6,653.21,540.2,436.43,309.59,219.69,195.5,231.78,477.39,619.8,658.41,696.98
621.24,521.39,427.35,308.55,226.07,203.99,236.7,475.98,613.11,651.08,693.68,772.92
503.89,412.88,296.07,213.76,201.97,239.19,479.82,616.79,653.43,696.52,770.92,673.43
515.8,361.32,249.43,213.05,224.0,455.67,601.66,652.92,713.42,795.26,694.51,649.3
262.61,184.78,174.98,207.19,466.6,622.74,667.0,715.29,781.62,674.75,629.76,581.97
200.77,185.25,212.8,468.33,620.1,662.52,712.34,781.13,677.05,634.23,585.11,589.97
178.68,208.67,466.23,618.98,664.16,714.89,782.55,677.11,633.18,583.5,589.11,622.77
165.09,439.86,606.04,663.52,722.54,793.0,683.25,632.77,574.49,575.67,613.04,611.78
402.5,586.86,658.57,730.98,803.42,692.86,635.8,570.41,564.26,596.57,603.28,684.77
408.47,540.15,657.18,766.11,708.67,671.44,597.18,570.07,575.04,575.65,651.4,693.33
414.08,578.43,723.85,697.76,690.83,626.64,588.01,575.12,553.47,620.84,667.63,752.61
589.52,728.23,696.79,681.43,620.38,582.99,572.83,554.94,625.96,677.2,757.45,796.33
812.34,747.59,705.42,621.14,567.24,552.13,543.68,627.85,694.99,782.55,814.77,784.16
