1.337643e+02 1.550932e+02 1.538335e+02 1.308634e+02 1.455685e+02 1.453673e+02 1.362147e+02 1.566519e+02 1.558150e+02 1.328169e+02 1.478655e+02 1.470531e+02 
7.033149e+01 9.047239e+01 8.852824e+01 6.759481e+01 8.436186e+01 8.301710e+01 7.064472e+01 8.720415e+01 8.745931e+01 6.788316e+01 8.185456e+01 8.192812e+01 
1.029745e+02 1.531137e+02 1.470463e+02 1.000598e+02 1.525961e+02 1.445742e+02 1.046824e+02 1.553170e+02 1.497160e+02 1.014682e+02 1.511173e+02 1.448395e+02 
1.515183e+02 1.908091e+02 1.850209e+02 1.473612e+02 1.779587e+02 1.740725e+02 1.504709e+02 1.825517e+02 1.809824e+02 1.458272e+02 1.719991e+02 1.700180e+02 
1.416651e+02 1.735985e+02 1.687837e+02 1.367638e+02 1.615448e+02 1.580090e+02 1.409781e+02 1.672078e+02 1.664520e+02 1.357038e+02 1.577012e+02 1.560322e+02 
5.892653e+01 7.163715e+01 6.949926e+01 7.288258e+01 8.282640e+01 8.223166e+01 7.913367e+01 8.375216e+01 9.383440e+01 7.729350e+01 8.480373e+01 8.428925e+01 
4.871850e+01 5.887304e+01 5.787759e+01 6.071000e+01 7.658015e+01 7.350817e+01 5.216253e+01 5.974244e+01 6.063490e+01 6.230617e+01 7.483053e+01 7.324125e+01 
1.197763e+02 1.411992e+02 1.375738e+02 1.223355e+02 1.578884e+02 1.501166e+02 1.258692e+02 1.555606e+02 1.494783e+02 1.278476e+02 1.610582e+02 1.551271e+02 
1.276330e+02 1.690842e+02 1.626461e+02 1.229851e+02 1.577973e+02 1.526056e+02 1.256810e+02 1.592536e+02 1.569763e+02 1.213250e+02 1.517353e+02 1.489038e+02 
8.176893e+01 1.274071e+02 1.168459e+02 9.809012e+01 1.417806e+02 1.324924e+02 9.613511e+01 1.311893e+02 1.278669e+02 1.044993e+02 1.295951e+02 1.283554e+02 
1.618863e+02 1.957001e+02 1.887935e+02 1.588707e+02 1.839408e+02 1.790182e+02 1.609015e+02 1.850305e+02 1.837405e+02 1.580093e+02 1.791018e+02 1.766580e+02 
1.884952e+01 2.466920e+01 2.334781e+01 1.774405e+01 2.270653e+01 2.149659e+01 1.872462e+01 2.430265e+01 2.320356e+01 1.731877e+01 2.114601e+01 2.025277e+01 
1.977706e+02 2.514146e+02 2.394982e+02 1.844456e+02 2.284353e+02 2.181965e+02 1.931390e+02 2.400521e+02 2.327990e+02 1.766113e+02 2.071816e+02 2.007310e+02 
1.125020e+02 1.268389e+02 1.240394e+02 1.192391e+02 1.314279e+02 1.281691e+02 1.167394e+02 1.320361e+02 1.277235e+02 1.227906e+02 1.300939e+02 1.289176e+02 
