21.75,26.68,47.81,72.43,102.19,134.22,137.18,133.81,125.96,125.61,132.37,110.44
27.9,52.77,75.73,103.2,130.98,133.55,124.9,118.4,118.92,129.12,111.43,118.74
28.51,53.08,81.15,117.61,125.22,125.3,120.77,121.64,128.9,108.42,115.24,91.13
47.81,77.02,112.3,121.35,120.85,118.79,119.83,129.27,108.19,115.93,91.98,81.35
71.85,107.45,113.25,114.63,110.63,112.07,119.45,100.28,109.29,89.84,81.24,72.49
128.79,127.07,125.71,119.68,121.58,133.72,110.94,114.97,90.62,87.22,76.05,76.11
134.53,131.01,125.55,124.24,136.83,116.7,117.54,93.93,89.68,77.4,76.87,89.62
150.48,141.47,139.66,146.29,125.6,129.44,101.55,95.52,81.44,81.31,93.31,81.03
153.79,147.51,153.67,130.44,134.75,109.9,102.08,85.65,82.66,95.95,81.37,71.39
168.91,168.06,142.96,142.94,117.8,112.86,93.69,88.25,98.56,87.46,75.03,69.65
158.18,137.45,137.77,114.89,108.97,90.86,83.89,94.3,84.28,71.75,68.25,67.41
99.19,109.71,95.47,96.66,85.19,85.45,99.13,93.96,82.61,65.33,63.77,63.7
120.78,106.44,103.34,88.15,82.66,92.92,83.72,73.0,57.64,63.5,66.24,67.56
69.1,77.93,71.24,72.06,87.42,84.52,74.02,61.82,69.5,59.59,62.73,69.18
54.99,55.22,60.82,80.06,79.86,73.46,62.54,73.53,64.28,60.04,66.89,68.55
45.01,56.64,75.92,75.63,65.45,52.06,59.51,53.94,53.81,61.81,67.74,70.72
32.01,55.52,59.31,56.62,48.46,63.29,57.86,58.26,64.9,65.3,67.95,83.38
42.9,51.39,47.08,41.39,54.02,48.98,46.49,55.18,57.69,62.42,81.74,117.28
43.9,42.49,38.98,51.77,48.58,51.65,57.03,60.8,65.75,81.01,117.84,123.04
-285.85,-423.41,-290.16,-115.9,46.78,17.79,371.18,472.71,412.28,320.01,88.47,-27.16
281.09,426.92,377.71,197.57,-234.27,-345.96,-505.52,-457.4,-245.46,-133.74,12.68,76.74
58.74,46.94,-19.11,-278.85,-223.22,-214.55,-211.27,-147.49,-115.48,-91.79,-57.54,-32.77
-42.4,-132.47,-395.67,-273.5,-185.07,-69.44,96.37,139.24,118.03,85.33,26.24,-20.54
75.99,-116.29,-50.32,-63.5,-88.44,-84.19,-105.86,-77.42,-5.02,41.38,71.88,67.46
-429.24,-404.71,-265.58,-106.62,106.78,227.87,337.76,355.59,282.47,194.75,57.64,16.45
186.94,313.57,299.33,223.17,62.92,-87.56,-259.57,-287.7,-204.93,-105.61,44.33,96.22
-97.27,-157.85,-128.74,-80.07,-9.71,59.73,108.22,85.33,49.92,49.11,4.01,-6.14
-31.41,-9.45,2.8,25.7,50.09,71.68,71.08,69.44,78.52,69.77,61.01,60.2
15.77,23.14,30.65,35.83,35.97,22.78,16.64,31.77,30.03,45.46,51.5,57.67
-0.41,-10.86,-11.51,-8.99,-12.97,3.55,34.21,43.18,61.02,72.61,70.46,73.23
15.29,24.67,31.06,26.74,34.46,57.05,57.57,60.6,49.83,42.13,35.94,40.33
62.95,84.54,60.17,38.25,21.05,-7.97,-17.08,-0.76,28.98,57.53,81.31,99.17
-10.31,-22.92,11.35,60.5,87.61,118.35,133.3,114.25,74.68,46.8,19.93,16.42
-0.41,-2.94,30.6,39.05,66.16,85.05,98.16,103.47,92.73,82.22,62.03,58.74
97.67,133.01,114.64,91.22,59.29,32.92,13.93,24.34,43.09,51.93,68.06,89.8
104.63,112.95,91.86,61.79,17.73,-13.61,-35.33,-22.97,4.66,25.98,63.35,86.49
-129.86,-211.33,-156.2,-56.23,78.93,214.37,348.61,363.54,283.28,204.78,88.24,55.16
263.38,430.61,402.4,294.29,133.28,-42.24,-261.8,-333.8,-255.01,-138.38,79.84,270.22
-80.84,-202.13,-221.85,-144.75,-15.76,112.89,232.28,238.83,170.23,130.54,144.52,8.07
44.03,92.37,114.52,107.04,83.83,55.01,43.64,56.1,101.18,202.48,107.68,50.91
35.76,60.27,84.76,85.49,57.46,44.82,-5.97,8.53,121.06,44.39,21.57,5.88
-6.94,14.24,53.51,82.65,100.46,101.44,103.98,194.34,84.95,34.69,-3.67,-21.47
12.47,8.9,4.39,3.78,-0.51,0.91,1.97,0.19,-0.85,0.19,7.56,6.52
5.36,2.51,3.79,-0.24,1.93,3.04,1.49,0.71,1.99,6.9,5.76,8.95
3.99,6.09,1.9,2.73,2.64,-0.34,-2.42,-0.85,5.14,4.38,8.95,16.8
4.28,-0.1,1.65,2.28,0.8,0.32,2.53,8.1,6.46,9.18,16.27,14.23
-0.1,2.99,3.23,0.84,-0.97,-0.13,4.66,3.87,7.8,15.31,14.42,16.21
0.56,0.31,-1.54,-1.85,0.51,7.06,6.97,10.31,16.81,15.11,16.0,10.52
17.69,12.56,10.08,7.66,11.47,9.55,9.62,14.73,12.71,17.56,12.77,17.57
21.8,15.11,12.15,14.68,14.15,16.76,20.94,17.16,19.64,15.24,18.28,12.1
2.78,3.29,7.04,9.87,13.63,18.9,17.41,21.2,17.18,17.9,11.57,9.62
4.31,7.32,9.44,12.76,17.42,14.95,19.07,15.63,16.58,11.31,9.47,6.03
6.86,9.65,12.26,17.19,13.85,17.06,13.67,14.46,9.54,8.7,6.01,4.92
10.61,11.92,16.91,13.51,17.67,15.11,16.46,11.37,9.69,6.27,4.37,4.4
10.47,16.73,13.21,17.6,14.42,14.79,10.42,9.29,6.42,4.46,4.7,3.82
16.71,12.32,16.34,13.96,14.44,9.42,9.33,6.15,3.93,5.06,3.59,-1.19
18.31,21.11,19.03,17.4,11.98,10.93,6.93,4.59,5.7,4.03,-0.99,2.05
35.33,29.45,25.93,16.75,14.2,8.93,5.07,5.36,3.53,1.24,3.98,3.31
27.26,24.64,17.28,14.95,10.96,8.01,8.78,6.77,4.17,4.03,2.55,2.11
37.43,25.95,21.61,15.33,11.27,10.98,8.47,4.61,3.59,5.6,4.01,3.99
27.5,23.7,18.47,13.45,13.23,10.38,5.84,4.4,6.45,3.71,3.86,11.76
23.32,18.45,13.38,12.82,10.04,5.51,4.18,6.08,3.42,2.94,11.21,13.7
18.28,12.51,12.2,9.77,6.09,5.47,9.02,6.4,5.18,12.51,13.56,3.25
10.46,12.28,9.97,6.05,3.95,5.47,2.66,2.38,11.35,12.89,3.74,1.72
15.79,12.1,8.71,6.12,8.24,6.11,4.87,12.4,12.83,3.47,1.07,2.18
6.98,4.95,2.88,5.97,4.16,2.99,11.46,13.36,4.72,1.13,2.27,5.55
7.54,4.92,7.68,4.84,3.29,11.26,12.75,4.54,1.17,2.58,5.83,4.49
325.0,466.8,345.16,167.54,16.09,56.11,-306.31,-407.3,-330.67,-200.02,37.83,167.5
-255.51,-387.38,-339.04,-142.3,305.12,416.37,575.54,543.82,367.96,258.47,126.14,72.84
-21.57,-5.89,74.84,349.06,289.42,281.85,288.56,261.38,232.92,225.85,207.77,187.74
63.19,170.62,449.68,329.63,247.1,151.78,20.84,-17.9,17.62,62.57,126.63,154.35
-53.1,158.58,94.62,119.17,166.38,204.56,229.49,216.55,154.63,113.01,63.78,58.82
468.59,449.77,320.57,182.75,8.81,-106.72,-208.02,-214.21,-135.05,-63.32,69.44,104.51
-160.84,-275.0,-234.49,-113.54,59.51,231.05,414.43,449.12,346.01,233.37,75.2,-2.83
124.54,213.85,226.81,193.88,142.95,86.74,44.51,51.13,73.98,69.72,90.29,89.73
92.5,109.7,110.37,107.18,95.66,83.9,65.69,53.54,36.9,25.32,23.66,16.87
78.42,81.84,91.38,104.19,115.19,113.53,107.93,84.09,62.35,39.66,24.49,15.52
163.73,173.74,184.87,180.01,164.87,136.35,89.86,52.98,22.95,13.8,9.8,1.66
140.4,143.27,134.94,123.66,105.28,70.07,41.77,25.29,37.38,38.38,38.59,34.97
100.47,75.02,85.26,98.89,106.9,112.44,110.44,94.82,55.88,18.77,-7.27,-24.43
209.37,200.0,151.84,81.88,24.23,-22.37,-43.27,-34.79,-3.05,31.85,60.14,56.44
184.14,172.8,122.45,79.87,39.35,19.83,-8.46,-23.51,-6.85,-0.21,12.07,11.74
69.05,18.37,6.29,16.56,50.82,67.69,75.69,69.94,44.94,22.84,1.3,-13.99
58.47,17.64,24.0,52.91,85.1,105.75,129.78,111.76,71.11,47.91,16.59,-18.11
250.11,321.83,270.54,159.28,15.44,-113.68,-256.78,-284.54,-206.4,-127.94,-22.13,12.67
-167.27,-328.13,-310.08,-207.15,-37.83,133.53,340.74,412.16,332.81,203.15,-13.42,-194.39
164.09,280.93,297.24,232.42,99.78,-39.01,-157.43,-161.21,-104.34,-65.84,-69.7,65.73
11.11,-31.66,-39.82,-31.5,-19.72,10.13,22.14,0.59,-42.48,-135.31,-37.36,30.21
10.01,-0.05,-21.02,-27.36,6.79,27.71,70.05,57.23,-49.95,26.33,57.97,96.4
56.99,46.81,-0.23,-23.25,-37.84,-49.87,-55.51,-137.66,-24.47,37.69,105.48,162.91
42.94,37.46,49.03,55.73,53.37,57.76,62.71,65.96,75.12,100.56,131.67,124.58
37.88,49.19,54.56,53.0,57.26,66.95,67.81,77.4,101.47,134.89,127.61,130.81
32.51,43.63,42.98,50.92,60.78,66.07,70.97,95.82,130.07,122.13,129.38,133.97
24.6,29.07,38.52,53.57,61.41,74.43,96.05,130.29,121.01,125.34,132.18,131.8
11.35,22.83,38.64,51.29,67.98,98.24,132.18,126.38,129.36,133.36,132.5,123.73
27.04,47.39,56.77,70.5,95.66,130.83,116.25,118.97,124.29,128.63,126.19,129.43
28.29,36.46,53.23,87.03,131.06,130.96,135.76,138.63,135.68,127.45,126.63,105.48
35.92,53.54,84.67,128.8,126.17,132.26,133.88,133.86,125.42,128.22,108.16,94.13
35.95,70.61,113.24,115.85,121.74,126.16,124.63,117.81,121.25,103.1,91.87,72.59
62.7,103.05,105.69,116.49,124.96,130.8,125.99,128.91,106.62,94.65,72.46,73.05
95.32,99.66,105.58,116.42,118.35,111.19,114.01,95.18,85.97,69.84,73.07,71.95
124.53,126.01,137.99,132.0,124.76,130.98,105.48,93.36,74.9,77.38,75.47,69.91
137.85,144.93,139.06,130.03,137.98,116.64,102.6,81.6,80.34,78.84,70.61,81.59
144.74,138.92,128.9,137.29,115.64,103.24,81.74,80.41,78.57,71.24,82.3,79.89
141.62,131.36,141.08,117.4,105.32,85.82,82.88,81.14,73.52,82.7,79.65,66.02
149.49,155.61,131.65,113.53,92.71,91.27,84.78,76.4,85.06,83.45,69.36,67.16
137.33,119.14,103.39,87.38,87.51,84.93,75.75,84.48,83.34,66.08,65.06,65.81
139.8,120.13,105.71,98.41,95.89,90.43,93.4,91.2,72.03,69.76,69.27,73.66
98.67,90.98,86.75,89.0,85.47,92.53,90.23,73.28,71.78,66.83,72.1,72.04
90.23,86.96,89.88,85.72,92.99,94.12,74.42,72.49,66.57,71.41,72.07,77.85
65.28,72.48,71.01,83.7,87.68,72.82,72.84,69.2,73.54,69.77,75.0,74.2
52.58,58.79,71.79,79.51,62.73,62.74,57.95,65.6,65.14,70.31,73.35,77.66
36.85,54.35,65.01,54.26,57.51,58.15,64.89,65.08,69.41,68.43,73.43,88.14
40.97,56.0,44.21,50.93,50.8,59.83,58.41,64.9,65.33,71.82,89.24,116.94
63.02,50.21,55.47,53.24,61.4,63.46,63.73,62.13,67.1,86.51,116.23,126.65
38.89,47.21,48.11,58.83,64.61,73.25,69.7,74.94,92.54,117.11,127.1,127.55
31.0,36.02,48.12,58.05,68.14,69.65,73.36,92.33,116.45,124.7,126.52,124.54
22.77,41.29,50.87,62.79,62.32,68.65,81.9,107.31,117.51,120.1,123.49,126.69
26.6,35.13,48.17,54.03,66.49,91.33,116.76,126.86,125.09,125.42,126.33,116.82
29.05,48.67,51.98,63.8,84.16,110.39,114.15,114.81,117.74,122.03,118.43,130.01
26.18,31.62,46.53,74.91,108.23,124.24,125.76,127.83,127.6,118.28,128.04,105.75
20.68,40.27,69.29,104.31,119.6,123.91,124.55,126.99,117.64,126.57,106.07,100.76
26.77,57.51,91.08,110.11,114.75,119.0,120.03,112.84,121.92,102.66,99.38,79.88
65.59,95.63,112.49,116.86,121.32,126.98,117.52,124.83,102.22,102.1,81.66,75.68
87.78,103.28,104.9,113.54,119.7,113.21,121.25,100.1,99.16,81.91,75.32,71.32
148.24,138.65,142.31,138.36,128.28,137.46,108.51,102.41,81.15,83.52,78.07,76.54
123.33,129.54,129.19,123.12,136.53,113.47,107.86,87.01,87.85,76.73,73.94,83.33
134.29,132.57,125.99,137.83,114.99,111.91,90.59,91.56,79.31,76.33,84.9,80.09
134.77,129.12,139.7,115.0,109.27,86.99,85.81,74.13,72.51,83.15,79.71,67.06
132.25,142.04,120.53,113.35,93.88,98.16,84.23,81.52,90.25,82.76,68.49,65.28
133.51,116.11,108.68,91.22,93.9,80.52,75.65,84.54,78.08,64.79,63.76,69.21
119.31,111.65,97.92,97.76,86.94,87.48,93.39,87.78,73.48,67.44,71.52,67.44
103.57,93.41,94.16,84.77,84.96,92.88,85.18,71.76,66.09,69.47,66.52,67.81
90.1,91.9,84.33,84.04,93.2,89.81,74.03,69.06,72.03,66.75,68.19,71.69
76.56,72.97,75.61,88.17,86.8,75.18,70.58,75.13,69.4,66.71,69.98,71.27
55.07,64.68,77.52,79.22,65.74,61.23,63.39,60.48,60.87,64.16,69.45,82.19
34.67,52.41,57.81,53.74,55.07,65.23,64.72,66.05,67.4,66.8,78.53,94.47
43.32,55.28,48.39,49.96,55.1,52.27,49.36,53.29,56.58,72.42,94.51,126.99
57.56,48.16,50.75,56.16,56.94,62.39,62.69,63.14,75.03,94.77,126.11,117.71
40.28,47.25,54.42,56.26,62.03,66.91,64.21,77.12,96.8,126.13,119.03,122.45
31.51,42.25,45.88,55.58,62.5,65.82,75.46,96.0,124.85,115.6,120.89,117.45
26.7,35.63,45.56,56.31,59.79,74.56,91.54,121.51,112.55,117.52,117.19,119.01
18.52,30.4,42.14,50.03,68.44,93.88,122.34,115.94,119.64,116.29,118.33,114.81
27.12,43.69,50.0,68.05,91.0,122.87,110.69,114.82,111.95,116.08,116.78,120.74
25.09,32.72,53.12,82.83,120.43,118.63,123.49,119.93,119.7,116.17,118.5,105.64
26.13,48.93,77.55,117.03,114.36,122.07,116.99,118.3,113.96,117.64,106.24,98.66
31.19,62.12,99.82,103.01,111.41,110.01,111.43,108.82,112.35,102.71,96.75,81.77
64.99,100.22,101.85,110.78,110.09,115.92,111.91,114.94,102.81,98.7,82.91,79.21
96.62,97.48,102.68,104.64,108.95,106.2,108.47,97.29,93.42,82.65,79.67,70.0
116.0,117.62,121.48,119.9,118.0,124.64,107.87,102.18,88.98,84.41,73.43,73.38
134.92,134.09,130.54,124.56,130.06,115.42,105.01,89.66,82.93,75.52,75.2,85.16
129.79,125.71,120.85,128.35,116.87,112.44,97.56,90.11,80.17,77.09,85.1,79.38
140.37,132.06,137.37,121.61,115.03,100.62,90.63,80.1,76.15,87.54,81.26,72.0
156.59,155.84,138.36,125.67,109.8,102.01,86.24,79.08,88.09,85.68,75.42,67.96
142.38,127.42,116.81,105.89,101.0,90.7,83.85,91.83,87.61,74.62,66.2,66.04
132.98,121.49,111.05,103.49,92.94,88.52,93.74,90.51,77.17,68.42,67.84,69.55
95.58,93.63,89.26,84.01,80.97,89.24,86.41,76.13,69.44,64.24,67.73,66.95
103.15,96.83,91.44,85.0,92.74,92.69,78.29,70.4,63.73,68.18,67.64,74.43
64.23,67.38,65.62,80.87,84.44,75.31,69.9,66.63,71.93,63.87,71.01,72.52
45.97,52.66,70.35,77.14,67.28,62.59,58.08,66.88,61.8,65.98,70.95,79.25
40.89,60.65,67.85,61.67,57.98,56.81,63.52,58.55,62.03,66.94,76.41,92.1
43.67,54.68,47.86,49.47,49.22,59.92,54.55,59.61,64.95,74.85,92.22,114.95
65.11,57.56,58.01,53.63,62.55,59.76,57.78,61.68,70.77,89.79,114.89,128.05
34.66,40.98,40.74,55.47,57.19,63.8,67.31,77.66,95.8,114.36,127.47,123.27
28.7,32.33,48.29,52.8,60.06,67.88,75.06,94.12,112.37,124.46,122.31,127.55
19.55,41.07,45.07,54.14,60.78,71.77,85.08,104.67,118.25,116.54,126.79,135.29
29.67,33.31,43.19,54.66,70.82,95.29,114.07,127.18,121.29,128.66,135.59,125.05
26.08,41.46,51.06,67.54,88.96,110.0,117.78,113.8,122.57,131.83,125.72,124.49
32.7,40.73,58.69,85.25,111.87,130.86,126.38,133.33,137.33,129.01,125.28,101.54
26.41,49.99,76.63,105.94,123.68,121.48,126.05,132.5,124.68,120.96,100.37,102.74
30.97,58.68,86.91,110.94,111.54,122.53,130.1,124.66,119.82,98.74,101.25,78.08
55.44,84.49,106.92,109.01,119.21,129.32,123.21,119.38,97.47,102.17,79.26,73.26
90.66,109.89,108.68,118.44,127.2,122.67,115.96,93.61,97.37,79.42,74.05,74.5
110.43,108.2,119.03,129.24,127.07,125.62,102.47,104.32,83.25,76.39,75.08,73.65
126.84,133.27,141.71,133.29,129.69,106.54,104.03,83.1,75.74,77.24,75.87,82.72
138.53,144.43,135.3,131.77,109.9,111.44,89.35,79.88,78.92,78.15,83.48,73.63
384.39,308.15,274.34,198.58,180.4,152.03,112.13,84.33,64.66,120.98,101.22,95.89
169.33,165.48,112.17,134.02,130.94,115.86,108.28,94.82,149.04,92.1,79.99,71.54
149.39,104.61,126.83,123.32,103.35,90.36,79.75,141.5,90.57,78.52,73.41,67.0
81.38,115.39,114.61,93.51,75.32,58.27,116.08,72.29,68.66,60.87,61.66,54.52
111.77,110.98,88.75,73.43,59.4,125.47,79.54,72.52,62.05,63.13,56.94,74.59
76.87,66.42,58.44,50.07,120.24,80.39,74.27,65.84,66.07,46.75,64.86,83.95
47.28,47.53,43.65,117.05,77.76,73.16,68.35,75.12,59.32,73.26,92.05,59.47
28.29,28.61,103.59,71.1,65.59,58.7,60.86,42.65,55.61,76.54,47.43,61.47
20.94,93.21,59.18,54.69,50.34,58.9,40.08,58.27,80.69,51.44,65.8,110.13
89.95,58.77,52.5,47.22,53.17,34.8,50.73,75.12,47.44,62.19,108.87,114.81
48.08,51.85,47.8,53.24,31.15,47.43,62.75,35.66,55.24,101.26,113.77,126.09
-310.03,-454.95,-318.84,-144.95,51.58,51.82,389.34,502.46,460.22,329.62,90.18,-10.81
307.71,467.42,401.78,225.97,-210.12,-370.77,-544.37,-474.77,-282.94,-153.41,34.39,199.06
41.35,2.03,-47.27,-283.95,-242.27,-209.44,-163.18,-126.95,-97.52,-61.28,51.66,-38.8
-56.36,-123.72,-372.04,-277.27,-184.05,-45.94,91.04,140.18,141.79,203.91,34.51,-10.55
93.45,-86.06,-47.2,-58.62,-63.66,-91.04,-118.38,-72.28,96.92,37.8,76.9,48.04
-391.43,-400.17,-253.74,-71.29,120.2,249.34,378.46,485.66,296.36,209.51,40.14,14.0
175.86,308.18,312.18,215.1,61.38,-73.89,-152.25,-282.33,-192.33,-123.09,41.62,100.45
-82.09,-117.47,-112.67,-64.47,12.91,171.43,110.5,89.64,26.7,47.49,15.99,6.83
-26.07,-33.59,-14.17,30.88,159.52,83.8,99.49,66.41,86.81,79.78,61.16,60.94
13.58,31.96,58.63,156.01,47.65,37.3,-3.53,29.64,37.34,46.63,58.98,57.64
1.01,11.77,100.85,-2.68,-6.38,-28.72,17.45,33.72,47.86,70.24,64.89,52.55
22.99,117.08,21.21,27.05,7.34,56.25,73.11,70.15,62.4,44.23,13.75,52.34
139.69,63.83,35.16,-6.51,-10.12,-38.24,-48.44,-23.9,5.13,29.8,94.65,98.59
-31.94,-33.62,6.97,51.58,86.88,122.0,132.67,117.67,79.33,56.47,18.44,18.57
-8.16,-6.9,20.78,37.71,69.36,84.51,101.78,107.63,100.76,80.99,63.89,60.08
89.54,120.81,109.75,92.46,55.64,32.63,14.29,28.72,38.98,52.46,69.27,91.51
107.02,116.31,100.65,63.09,23.84,-4.7,-23.2,-21.14,8.15,31.3,66.46,90.99
-142.43,-212.06,-164.56,-55.95,80.67,217.57,342.64,360.74,284.7,203.92,91.55,69.82
265.0,421.02,401.08,295.13,137.6,-44.94,-259.87,-329.0,-254.71,-134.03,93.56,273.13
-88.68,-199.96,-217.47,-138.88,-18.91,112.08,233.63,237.29,174.51,144.25,148.43,10.14
50.27,99.2,121.88,104.9,83.81,57.38,41.85,58.97,113.21,206.49,110.25,49.33
32.52,60.35,77.76,83.28,59.6,44.69,-0.32,23.43,127.39,45.54,18.13,6.72
-7.59,5.84,48.66,82.33,97.27,103.1,115.96,199.75,86.31,32.94,-1.27,-24.86
7.43,9.49,10.71,4.51,3.78,14.28,5.87,-0.34,-3.63,0.37,3.73,6.83
3.1,4.29,0.21,1.51,15.02,9.2,5.18,1.72,4.47,4.35,5.73,7.73
7.79,4.65,5.5,17.0,9.01,2.14,-1.96,1.53,2.68,4.79,7.96,10.56
1.57,3.52,15.46,7.92,1.08,-3.44,-0.29,1.0,3.9,6.42,9.8,6.31
0.87,12.3,5.89,0.44,-2.05,2.85,5.38,7.95,9.19,10.7,5.8,12.17
13.25,7.82,-0.53,-3.53,-1.84,-2.65,-0.9,1.23,4.96,4.06,12.75,16.45
35.8,19.81,16.69,11.17,10.84,14.67,12.91,12.98,8.76,18.18,19.43,10.64
23.88,20.1,14.71,13.47,17.28,16.06,15.33,10.62,19.47,20.79,11.48,12.92
5.66,3.02,3.86,11.86,13.23,14.78,12.7,22.42,23.47,10.67,11.48,5.97
3.46,5.23,12.18,12.54,11.98,7.36,16.96,19.21,7.75,10.15,5.88,5.42
3.4,9.68,9.5,9.79,5.83,16.08,19.08,7.94,10.18,6.0,5.25,0.75
14.78,14.3,13.69,8.57,17.76,20.1,8.25,9.38,4.76,5.28,1.11,5.39
16.31,14.17,9.56,18.7,22.12,11.04,13.19,8.28,7.75,2.8,5.61,1.58
18.67,13.08,21.4,24.32,12.21,12.76,7.94,6.91,1.77,6.38,2.1,-1.65
26.95,30.46,31.64,16.27,15.96,10.24,7.75,1.48,5.24,3.79,-0.75,2.39
36.43,35.32,19.29,18.02,12.56,10.48,4.79,7.87,5.6,1.58,3.47,4.71
33.32,18.49,16.99,11.74,8.73,1.5,5.01,3.19,0.3,2.39,4.08,1.9
24.85,21.52,17.88,13.15,7.19,11.7,9.52,5.76,6.7,6.68,2.87,5.19
24.66,21.87,15.78,8.6,10.87,6.17,0.97,1.51,2.52,1.09,5.34,21.09
23.25,15.62,8.85,11.13,8.33,5.47,6.59,6.31,3.11,5.51,20.07,16.43
15.36,8.66,10.69,8.08,5.05,5.84,7.46,5.15,7.64,22.19,17.42,4.64
15.33,17.04,14.32,8.82,7.82,7.43,2.96,5.09,20.42,17.17,5.37,1.28
13.14,10.45,5.96,6.91,8.01,5.19,7.56,21.96,17.69,4.8,0.22,2.92
8.22,3.65,4.5,5.77,3.2,5.59,20.81,18.47,6.16,0.97,3.33,7.46
4.6,6.82,7.28,3.67,4.51,18.26,14.8,3.06,-0.93,2.38,7.84,10.81
323.92,462.38,340.91,167.44,24.14,61.58,-302.65,-405.07,-328.3,-197.11,43.42,172.33
-256.69,-387.35,-335.88,-132.76,309.71,416.57,573.22,542.13,368.03,262.77,131.19,79.65
-23.64,-5.73,81.84,352.35,289.91,281.43,289.73,263.94,238.84,231.64,214.33,185.0
61.88,177.08,452.38,329.81,245.76,151.18,21.71,-13.32,22.49,68.49,123.62,154.56
-47.92,159.52,92.16,115.9,163.62,202.97,231.97,219.82,159.5,110.12,64.24,54.81
487.29,461.5,331.25,188.76,14.98,-96.74,-200.33,-206.57,-136.26,-60.07,67.62,104.67
-161.04,-273.56,-236.27,-112.11,66.37,236.92,421.65,448.51,350.31,229.95,73.84,-1.09
129.54,214.44,230.48,202.39,150.71,96.16,46.71,57.71,71.95,69.89,92.71,90.88
85.57,108.65,114.17,111.29,100.4,79.46,66.28,47.03,34.38,24.89,23.4,17.86
78.57,85.6,95.5,109.28,112.12,116.6,104.49,83.8,63.16,40.3,25.58,12.93
131.17,152.49,168.35,163.21,155.7,120.12,81.02,49.6,23.13,8.07,2.68,-1.35
118.1,127.09,119.29,114.28,88.15,58.9,35.57,24.31,32.21,30.76,36.18,29.28
104.71,75.8,89.76,90.24,101.05,109.1,107.8,85.74,44.02,16.95,-11.41,-25.03
196.69,193.08,135.63,72.02,21.59,-19.46,-44.88,-38.5,2.29,28.39,58.59,58.53
178.13,158.88,114.57,78.02,41.23,15.08,-15.61,-20.68,-11.69,-2.57,14.27,12.84
95.62,39.75,29.03,33.22,57.28,69.77,82.11,64.97,40.28,31.12,7.28,-14.86
39.47,8.28,13.9,44.71,79.24,109.99,128.77,112.58,84.37,49.8,10.46,-17.91
281.85,343.77,287.25,166.79,25.99,-113.86,-260.96,-278.35,-211.57,-130.24,-16.64,27.44
-150.09,-316.5,-306.0,-197.25,-35.44,135.62,354.85,413.38,334.75,210.05,0.49,-195.88
184.96,291.62,311.77,238.39,104.53,-22.42,-154.43,-159.34,-98.82,-49.86,-69.61,68.62
18.93,-20.22,-35.66,-27.9,-2.81,14.78,26.65,8.9,-24.57,-135.33,-35.65,28.63
26.9,10.06,-13.22,-8.49,10.5,28.62,74.05,71.63,-51.76,29.09,59.01,88.55
63.76,48.98,13.82,-21.97,-36.61,-42.97,-37.09,-136.58,-21.14,37.7,94.19,138.95
71.22,71.3,66.32,66.95,66.98,80.87,66.46,70.98,76.32,97.38,114.76,117.8
60.41,58.26,59.19,63.12,77.89,68.2,70.68,75.63,95.17,112.56,116.38,129.28
31.21,39.15,44.97,66.67,59.37,68.01,71.91,93.46,111.42,111.84,127.25,128.67
26.74,34.86,56.91,53.13,63.31,72.97,92.77,111.78,110.97,125.61,127.91,129.06
27.95,54.69,48.56,58.73,65.64,87.95,100.72,101.68,118.3,123.27,129.87,141.63
31.61,28.33,40.47,56.34,85.09,110.17,111.8,126.69,126.85,128.82,139.16,123.1
54.37,62.07,74.55,95.5,116.57,120.1,127.43,127.1,127.34,143.86,128.98,126.13
44.46,58.74,80.4,108.77,116.29,132.3,130.91,130.17,143.28,127.03,124.12,103.14
37.69,62.99,91.54,105.49,123.75,128.41,129.06,144.35,126.81,122.51,101.86,96.82
67.57,92.1,102.22,119.8,123.3,126.14,140.43,125.29,120.24,104.09,98.62,81.33
86.43,100.69,116.26,121.46,121.59,136.67,118.2,113.03,98.05,95.88,81.99,78.25
127.02,129.9,134.24,130.82,150.16,140.01,132.16,112.09,101.87,89.49,79.86,84.25
147.72,149.97,141.71,156.9,141.83,132.15,108.41,97.61,85.26,82.98,88.89,100.49
129.1,123.22,141.67,133.04,128.86,111.88,103.73,90.99,86.37,86.1,95.85,79.67
161.74,169.81,156.94,142.91,122.48,113.96,97.33,90.53,87.5,104.23,85.32,78.06
173.04,160.09,144.35,123.03,112.26,95.49,85.79,82.54,100.58,85.02,79.23,69.19
152.3,140.66,125.77,115.17,102.35,99.23,92.9,109.78,92.67,77.87,67.27,70.96
128.48,115.26,105.98,96.22,94.91,91.9,110.5,96.84,82.42,69.78,71.88,72.35
109.55,108.1,100.08,96.28,90.03,107.32,88.19,75.69,66.62,67.27,72.82,88.25
92.36,86.2,85.94,83.76,106.14,94.9,82.79,72.77,70.52,69.71,83.82,84.02
56.84,65.71,68.58,96.03,87.19,78.44,72.34,76.07,77.45,83.3,83.44,77.49
55.43,65.78,92.38,83.53,69.22,58.73,56.84,60.36,70.99,74.35,75.05,77.5
37.58,66.99,63.18,58.78,56.32,64.99,70.41,80.61,80.44,73.85,73.86,91.56
52.76,54.52,47.34,47.23,52.42,56.47,64.81,69.29,66.53,69.78,91.94,126.08
79.34,69.68,68.06,64.08,65.16,76.04,69.55,63.93,66.62,91.05,128.41,131.22
35.88,39.41,43.32,55.17,76.56,84.34,82.73,85.41,105.08,130.18,128.54,124.72
33.47,43.65,53.76,73.68,76.0,72.02,68.84,91.69,120.62,122.47,125.08,140.3
27.13,41.26,62.6,69.16,67.77,72.21,91.25,119.65,120.41,120.17,138.0,126.1
21.96,45.81,53.24,57.97,66.64,94.82,123.64,126.34,123.74,138.41,125.74,125.68
40.09,51.33,51.91,61.91,86.44,116.9,114.74,113.51,129.66,122.53,127.02,120.82
68.74,64.13,75.37,96.42,129.7,136.86,129.97,141.82,128.81,132.78,124.53,107.94
206.91,176.49,179.18,181.38,178.3,172.35,163.89,135.08,124.74,146.83,123.88,113.59
113.38,124.9,132.38,152.41,159.45,168.15,149.9,140.77,157.8,123.91,108.38,85.18
87.53,102.59,124.8,141.09,152.18,136.48,135.54,159.19,126.48,106.58,82.53,74.11
103.18,127.93,136.68,145.7,120.04,109.55,130.2,101.61,87.99,75.52,73.64,61.64
132.51,137.41,147.43,122.7,116.9,145.88,115.61,97.81,80.67,76.59,62.38,69.75
144.92,156.38,132.01,122.24,149.94,120.87,99.36,81.38,76.03,59.99,68.24,102.46
150.65,126.16,116.66,148.59,121.83,104.09,90.31,84.82,66.94,75.03,105.93,70.71
130.05,120.32,155.04,126.47,108.13,93.04,84.62,65.93,73.18,103.22,67.43,61.77
158.77,181.98,148.86,119.13,100.56,92.27,65.84,72.42,102.28,73.83,68.09,78.68
180.16,149.02,121.59,102.29,95.1,73.15,77.44,106.88,78.1,68.2,78.51,77.54
138.67,115.38,98.87,92.98,72.05,79.72,106.66,79.82,71.26,77.79,76.85,81.35
101.16,86.63,85.2,70.57,83.85,118.54,92.93,83.31,86.34,81.28,82.73,111.81
116.58,117.52,97.47,96.85,120.23,87.41,62.76,63.53,62.05,72.52,112.79,183.94
73.28,53.73,59.14,99.12,83.15,80.11,92.0,88.61,89.26,113.41,175.66,121.66
46.06,59.54,97.02,80.16,69.35,75.32,72.78,80.58,110.52,177.95,126.81,96.3
66.36,103.01,85.82,73.81,77.15,75.44,72.53,98.63,165.89,120.65,94.85,91.72
58.15,48.73,41.07,60.0,66.24,75.77,104.2,171.84,123.69,90.86,87.73,115.93
70.75,56.85,71.68,68.13,74.98,105.56,165.93,123.96,92.2,91.84,120.67,132.41
56.18,77.7,73.17,79.2,107.44,172.08,123.56,90.27,90.31,120.79,136.53,136.49
28.76,28.31,42.68,88.38,166.82,134.2,110.47,108.36,130.4,133.35,127.24,132.73
29.69,49.71,91.34,164.92,123.04,91.59,85.39,113.28,121.8,121.03,133.82,134.62
35.85,79.29,151.16,113.79,83.31,81.31,106.67,115.3,114.5,128.47,132.07,107.25
47.04,122.34,84.97,67.76,71.89,106.66,119.6,118.61,128.68,130.2,103.32,126.72
91.41,61.55,39.5,53.53,85.4,97.26,99.89,115.38,121.73,100.75,127.86,117.23
50.73,44.29,73.92,95.67,108.96,114.5,118.73,130.19,114.65,120.58,116.06,107.91
26.48,60.35,87.7,102.6,113.02,125.19,133.98,121.47,127.04,113.05,105.52,92.36
65.18,90.8,103.2,113.25,124.62,136.71,122.69,128.63,113.01,108.71,95.4,89.07
83.06,98.03,106.81,119.8,130.47,117.54,120.97,106.46,103.09,91.38,87.54,83.21
107.79,110.3,123.83,134.76,125.88,136.79,121.83,115.86,98.81,94.23,85.42,73.6
158.06,161.25,164.89,143.16,146.5,127.66,112.29,92.25,86.55,90.15,79.74,97.51
151.0,154.07,134.91,143.03,130.47,124.53,105.58,97.27,96.57,80.58,95.42,85.94
143.63,126.18,134.87,125.34,120.47,103.82,99.25,100.63,84.29,97.48,85.84,70.03
129.49,141.63,133.77,123.55,103.48,96.23,92.89,79.69,96.87,84.28,71.51,63.24
154.0,144.25,133.88,111.02,103.32,103.17,84.18,97.02,82.31,71.21,63.91,67.85
132.81,123.05,104.06,99.13,104.25,92.96,106.94,93.52,79.96,65.61,66.39,72.02
106.82,96.36,93.14,99.81,86.73,100.41,86.58,77.51,66.99,65.41,73.6,66.07
81.05,83.4,94.82,83.61,98.97,88.0,76.79,66.75,65.57,68.51,62.39,63.93
47.14,66.79,60.95,84.41,78.02,72.07,65.77,69.3,73.43,58.56,60.26,70.53
53.47,55.71,78.36,71.64,60.8,51.0,50.92,59.54,50.21,52.88,69.21,78.21
28.68,58.63,57.72,52.83,47.89,54.79,62.62,54.7,57.31,65.07,74.63,86.5
37.88,41.32,36.03,38.52,46.46,57.47,50.36,54.14,61.9,72.55,85.56,112.49
47.28,45.32,47.89,50.41,57.97,50.92,45.78,53.98,66.85,80.29,112.68,136.8
51.45,51.03,55.72,61.73,59.09,64.05,67.91,78.3,87.36,115.61,137.92,129.56
28.94,39.82,46.83,49.97,56.17,65.39,74.89,86.13,114.73,135.13,128.34,123.62
24.7,36.25,40.31,50.23,60.24,75.24,82.88,112.49,133.17,125.79,123.77,117.59
25.61,33.41,44.25,56.39,72.27,86.06,110.75,131.92,123.78,120.56,117.17,122.61
19.33,33.18,44.98,64.39,80.37,113.13,131.29,124.78,120.34,115.33,122.51,119.05
36.73,47.13,64.66,81.09,114.7,140.04,130.77,125.0,116.29,125.57,121.62,106.53
24.18,46.83,64.83,105.11,132.84,129.47,124.65,117.5,125.46,119.09,104.64,88.91
28.3,48.8,89.24,123.1,121.48,121.08,115.35,125.09,117.5,102.44,86.97,65.31
36.96,80.27,112.9,113.37,111.58,106.48,115.23,111.49,98.3,84.17,64.79,61.28
61.15,96.98,96.83,101.15,97.58,109.97,107.25,95.94,82.05,62.37,59.72,60.95
72.49,79.05,84.93,87.56,101.15,100.6,91.13,79.9,61.77,56.18,58.59,64.99
70.37,81.58,89.27,100.94,101.39,93.33,79.88,65.08,61.73,57.08,64.97,72.06
61.37,78.83,94.65,96.45,88.11,74.94,57.48,56.62,55.42,57.13,68.68,75.54
64.09,82.39,87.79,82.07,72.8,60.71,60.59,61.05,62.36,67.48,73.46,65.84
67.85,80.61,76.63,68.31,54.38,53.62,52.27,57.43,66.63,70.4,65.9,62.07
72.29,73.69,69.27,54.51,54.12,55.56,55.05,65.07,70.97,62.15,61.4,61.58
63.42,62.4,53.21,53.65,59.2,65.96,72.97,79.84,70.05,61.56,61.3,68.67
53.52,50.23,51.96,56.41,61.72,70.52,72.83,66.39,60.84,58.62,69.66,75.46
35.09,41.51,50.55,58.26,70.91,80.83,72.21,66.95,63.42,67.52,73.6,66.45
24.46,37.69,46.76,63.49,74.67,70.31,65.33,63.92,68.04,72.26,65.77,64.58
30.15,42.23,58.69,71.11,65.65,62.75,57.98,62.97,67.82,62.28,63.78,61.97
31.51,49.93,62.65,60.8,59.43,60.02,62.94,67.63,60.89,62.07,61.08,65.12
36.54,50.38,48.23,51.93,54.76,63.28,68.12,62.42,62.18,61.23,64.76,70.95
57.17,55.37,56.21,56.83,62.0,67.67,56.4,55.66,55.28,63.86,72.94,78.02
-285.52,-419.49,-294.73,-108.29,62.51,21.8,375.08,472.46,403.65,277.55,42.32,-86.83
296.29,433.81,394.44,217.72,-231.06,-349.02,-513.93,-472.62,-291.83,-179.74,-45.21,14.73
50.16,49.54,-10.78,-282.72,-230.25,-225.64,-225.73,-192.09,-159.43,-150.91,-122.53,-102.34
-36.54,-121.63,-397.0,-278.02,-194.23,-84.15,53.52,96.53,59.97,22.7,-42.06,-63.8
96.01,-108.95,-49.26,-70.89,-106.2,-136.59,-160.87,-148.08,-77.39,-31.89,26.88,42.78
-417.14,-402.76,-269.13,-120.26,63.57,187.0,283.68,297.19,219.59,155.32,33.63,-12.1
236.93,347.28,315.6,197.81,31.92,-139.06,-322.21,-358.91,-253.02,-124.83,21.0,91.4
-91.88,-163.36,-170.06,-118.8,-63.04,1.07,43.45,42.83,35.97,22.61,-4.51,-13.19
-36.54,-50.07,-34.3,-27.04,-8.17,7.5,28.74,56.49,53.52,61.96,54.44,57.01
-7.4,2.31,-7.48,-15.33,-25.18,-18.56,-2.61,1.08,18.84,38.88,51.34,63.5
-26.14,-54.3,-67.9,-70.66,-51.18,-5.12,13.56,37.4,55.65,73.75,76.5,83.71
-22.47,-29.04,-28.54,-10.02,28.27,42.4,57.11,59.33,51.79,49.68,46.25,57.32
29.01,38.67,31.87,37.87,9.38,-5.2,-17.27,0.31,33.49,73.42,103.37,100.73
-39.14,-42.14,16.03,53.56,95.12,125.78,139.33,118.22,84.56,70.09,21.03,20.38
-22.49,-8.1,8.45,38.21,67.85,90.2,106.36,116.3,114.44,88.04,66.75,64.7
92.94,111.11,108.68,89.53,56.92,30.17,16.91,36.92,40.98,56.52,75.35,91.16
89.66,111.38,94.42,62.29,18.4,-5.75,-20.3,-24.46,8.28,33.06,64.18,93.35
-148.75,-225.48,-173.14,-64.49,81.39,227.83,351.08,370.57,291.26,206.7,94.09,72.74
274.72,436.05,411.1,305.2,148.19,-44.49,-264.99,-337.08,-262.82,-134.29,99.41,301.86
-86.36,-205.81,-220.99,-134.21,-16.13,118.58,242.11,242.3,181.59,152.42,174.22,10.28
41.12,94.44,124.51,106.39,86.78,59.18,42.54,64.08,120.79,233.53,111.56,53.77
45.04,76.48,89.38,90.96,62.03,42.16,-3.17,22.48,147.54,45.96,24.24,7.05
-0.63,10.08,52.07,83.85,97.6,107.79,123.56,226.71,91.37,38.71,-2.65,-25.6
4.15,5.06,3.85,-1.61,2.93,16.62,30.35,5.67,3.94,0.25,2.98,7.54
6.78,7.92,3.36,6.64,19.36,32.09,6.32,3.78,0.76,3.08,8.84,14.26
5.25,0.66,5.78,18.97,33.33,8.27,6.41,2.31,3.26,6.26,11.25,21.13
-1.35,3.96,16.74,31.41,6.36,3.91,1.56,3.89,7.31,11.46,21.06,12.66
4.94,18.37,31.67,6.16,1.72,-3.3,-1.14,2.7,8.28,20.18,12.9,8.57
12.38,25.85,0.86,-0.75,-4.23,-1.01,3.84,8.66,19.93,12.01,7.13,11.11
35.09,7.64,4.12,-1.31,0.32,3.8,7.71,18.82,11.28,9.38,13.29,11.39
66.55,50.96,43.33,26.87,26.04,28.25,28.15,16.19,11.97,20.73,18.24,22.73
7.99,9.05,-1.48,10.92,21.21,28.98,24.19,21.05,28.4,15.39,17.73,12.39
6.92,-3.42,8.23,18.66,25.34,18.44,18.3,27.74,15.35,18.62,12.76,7.75
1.48,14.78,23.58,26.58,15.17,9.62,16.46,5.69,12.29,9.32,7.76,1.96
17.12,23.14,25.97,16.02,13.07,23.45,13.16,16.75,10.79,8.81,1.48,1.5
18.14,21.21,10.78,10.02,20.94,10.62,16.94,11.85,9.32,1.67,0.33,5.21
22.57,13.25,11.8,22.17,9.9,13.3,8.83,7.59,1.86,2.43,7.94,-3.23
8.81,8.81,22.29,10.3,15.08,10.48,8.48,2.14,2.41,4.26,-6.82,-1.9
29.36,36.17,21.48,20.61,14.68,11.84,4.32,4.64,6.02,-1.78,1.88,7.07
44.42,29.2,27.49,18.87,14.17,4.76,3.75,4.32,-2.99,1.73,7.36,3.0
12.76,14.84,9.66,9.51,3.25,4.43,7.49,0.75,5.59,6.13,0.78,2.3
18.28,10.92,10.32,4.46,5.89,8.23,3.0,7.5,7.1,3.27,3.39,15.3
16.04,20.02,12.56,8.61,5.2,-6.1,-7.06,-6.47,-5.75,-3.47,14.82,36.17
7.69,-2.24,-2.48,-0.17,-2.76,5.76,11.99,10.93,7.97,17.95,33.41,6.5
1.99,5.45,5.99,-0.09,2.38,1.74,-0.11,0.35,14.73,34.07,9.74,6.19
11.17,10.15,5.51,6.68,6.64,5.57,2.36,14.14,32.65,8.22,5.46,-2.37
2.79,-1.05,1.86,4.55,5.95,5.64,18.47,36.92,11.07,5.41,-3.45,8.62
-0.85,0.86,1.81,2.01,1.09,13.16,32.35,10.25,6.21,-1.95,10.01,8.95
327.82,469.15,349.38,170.01,20.11,76.17,-302.53,-405.54,-337.84,-196.39,43.54,168.5
-262.25,-393.42,-344.63,-142.24,325.53,424.48,584.9,543.18,375.4,264.72,124.73,69.2
-20.24,-4.45,80.64,372.6,298.07,288.77,284.93,266.74,238.09,225.52,206.11,187.45
62.64,176.23,472.3,336.85,250.89,142.97,19.31,-19.45,12.26,56.83,124.68,149.41
-55.37,171.02,93.46,119.16,159.07,209.76,239.28,221.98,156.36,114.92,58.22,47.31
496.16,462.26,328.48,179.16,10.65,-107.72,-215.83,-225.06,-142.57,-68.84,60.88,100.46
-92.75,-225.97,-198.22,-86.33,83.08,249.72,421.0,451.57,345.05,233.12,76.42,-4.53
126.63,213.13,223.32,200.35,151.88,89.49,51.72,58.11,81.6,67.84,83.29,85.17
150.4,149.95,151.63,135.76,109.97,96.04,70.92,56.09,28.54,26.46,26.75,17.29
87.18,99.45,100.01,107.66,120.07,114.12,109.92,75.72,64.18,37.68,20.12,10.06
120.15,136.18,149.72,160.66,147.86,124.33,77.45,57.49,27.08,1.97,-2.35,-4.87
118.65,125.9,130.16,112.5,90.37,44.91,28.55,14.37,15.85,22.03,33.15,28.75
80.87,68.33,74.26,85.33,85.6,106.03,105.35,77.54,42.94,14.51,-12.57,-32.39
194.32,180.86,131.59,58.02,18.32,-23.97,-55.77,-44.7,-7.14,24.19,48.22,60.77
176.32,162.42,106.6,77.14,37.62,4.01,-22.75,-29.02,-13.18,-7.78,21.52,15.73
72.78,13.26,15.35,22.79,42.96,61.47,74.74,65.57,37.66,32.58,4.92,-19.28
36.82,12.24,15.51,35.91,71.43,99.21,121.65,101.69,78.62,48.82,8.87,-11.52
270.07,330.39,268.22,154.66,17.68,-111.88,-257.99,-269.95,-201.17,-127.82,-10.43,32.37
-160.54,-324.77,-311.23,-203.73,-41.28,121.07,338.27,400.11,320.14,205.43,4.14,-159.82
166.57,267.98,291.41,227.09,98.0,-16.23,-137.01,-146.95,-85.98,-37.68,-35.39,74.73
22.01,-11.02,-24.93,-23.33,0.53,15.62,15.25,0.19,-27.2,-102.8,-23.27,66.8
21.75,3.88,-21.81,-11.79,13.45,29.34,78.75,78.16,-15.34,38.21,90.74,88.49
54.68,38.67,9.61,-18.54,-35.09,-36.61,-24.61,-91.82,-4.01,76.56,98.58,136.04
42.15,55.66,58.36,58.18,59.34,73.5,88.98,71.7,105.48,92.26,108.26,106.83
44.97,51.02,52.8,59.22,76.77,101.66,81.28,111.15,93.78,107.7,106.52,120.24
23.11,27.61,35.7,60.76,90.4,77.57,109.94,97.11,110.05,104.48,117.38,129.56
27.35,41.86,64.46,91.8,73.64,105.48,85.87,99.93,96.97,113.33,131.76,129.45
22.18,45.07,73.93,63.31,101.09,91.7,106.25,101.78,113.85,129.32,125.66,121.68
38.45,68.47,56.25,97.06,88.13,107.49,102.31,115.26,128.85,126.38,122.84,125.72
62.94,53.76,90.03,82.73,97.87,92.69,101.26,115.68,115.31,118.4,126.09,107.24
78.64,105.76,101.92,111.18,111.78,131.96,140.49,136.09,131.44,134.71,110.67,101.31
58.27,66.39,73.68,88.4,108.18,118.6,118.29,119.13,126.16,103.5,98.23,95.62
64.1,73.08,92.58,109.46,122.76,128.49,126.12,134.81,111.22,98.6,95.97,81.41
67.08,89.69,105.48,119.01,122.5,120.36,127.0,105.92,94.8,93.55,81.27,75.54
128.14,131.15,139.38,135.87,132.78,143.65,116.49,99.6,92.58,88.69,80.49,75.25
151.97,153.27,147.27,141.5,152.49,129.43,109.5,97.99,88.95,84.85,76.86,85.3
644.76,498.67,430.16,333.12,271.87,239.47,168.68,104.77,60.29,156.83,143.21,126.13
290.57,259.42,191.7,200.04,210.04,181.77,154.13,111.6,197.09,133.54,99.91,85.41
201.21,147.97,160.87,180.63,153.06,121.67,97.35,199.48,143.87,101.5,85.89,72.65
151.99,179.45,190.99,149.32,92.77,39.07,130.12,85.39,62.93,63.19,68.32,43.33
182.84,187.33,146.89,94.71,52.2,161.9,114.0,81.08,72.43,73.34,45.35,68.95
143.94,117.33,72.96,41.4,158.07,119.59,91.91,83.16,78.87,34.69,55.59,117.93
111.74,78.77,48.85,162.61,117.32,82.92,76.71,81.7,46.1,68.85,134.32,86.2
32.74,8.32,133.1,104.92,80.07,78.68,84.99,43.37,58.41,113.78,62.86,41.65
12.4,131.39,95.5,65.24,58.93,62.93,20.33,48.16,111.79,69.4,51.47,112.91
150.15,112.71,80.78,65.45,64.83,21.16,42.39,106.79,66.35,48.62,112.76,109.14
44.73,40.99,31.13,44.84,-1.54,19.03,78.27,42.77,36.09,92.85,100.29,133.45
-1.23,-24.43,5.4,-14.44,39.29,132.86,115.26,103.29,138.19,124.48,133.45,192.48
85.87,135.59,87.14,87.0,121.97,52.26,-13.03,23.24,39.01,94.96,204.25,431.79
13.15,-49.58,-25.43,63.07,59.78,72.14,144.79,144.68,160.62,212.44,403.54,210.72
-19.32,20.67,95.27,73.68,54.06,97.74,96.55,132.56,202.69,417.8,234.02,173.97
34.53,107.53,85.98,61.46,99.23,97.64,106.68,169.26,388.36,216.71,171.04,95.73
70.23,52.89,40.36,97.92,115.11,155.33,215.63,422.99,234.46,172.37,91.82,143.46
25.88,4.54,52.08,72.65,116.42,183.96,398.16,236.31,179.67,100.07,147.23,128.92
128.31,171.38,176.62,181.96,224.12,428.14,235.32,166.56,88.16,162.66,156.73,137.02
39.72,47.43,74.49,167.42,412.85,259.72,225.6,138.73,188.32,147.65,105.36,90.38
78.18,105.79,189.17,420.55,249.1,193.1,111.24,174.16,141.76,111.12,100.85,71.56
114.53,200.42,417.11,239.8,164.75,60.01,112.21,82.75,65.41,77.77,64.16,14.49
148.46,355.76,187.8,143.2,68.82,151.82,143.56,117.52,110.13,77.97,7.16,65.82
333.82,172.39,98.13,36.85,94.05,54.64,39.64,42.8,28.69,-0.43,69.39,92.38
187.17,142.97,130.1,145.72,114.78,104.59,79.71,75.52,60.45,64.14,95.23,78.28
139.74,130.31,158.56,122.92,119.52,101.56,92.13,75.85,77.54,91.47,72.77,65.76
160.69,180.9,141.74,129.2,108.24,99.08,78.56,80.61,94.19,80.68,72.5,79.62
164.07,131.43,120.62,103.32,93.95,74.86,76.17,90.42,78.81,68.2,77.27,65.19
128.37,120.05,107.89,97.02,80.51,86.76,97.27,86.05,75.02,77.54,64.79,71.62
118.33,104.93,94.71,80.09,88.43,103.47,91.99,81.17,81.7,69.09,73.96,90.27
120.28,115.01,98.5,97.5,104.98,89.79,67.6,67.15,57.95,66.39,90.98,127.27
69.96,55.13,62.0,85.52,85.94,82.33,92.48,83.09,83.58,92.52,119.94,81.05
56.37,70.58,90.93,86.94,73.32,74.82,62.17,69.1,85.1,119.74,86.46,89.08
45.59,72.33,71.77,64.4,68.12,59.94,61.66,76.39,111.55,75.18,82.32,89.65
54.11,54.87,48.64,59.95,56.79,67.97,84.32,119.56,79.69,83.86,89.35,113.95
69.83,60.94,67.14,57.87,64.21,79.63,108.22,71.91,78.17,89.99,117.26,127.92
63.16,73.05,65.55,71.29,87.59,123.32,79.98,81.84,91.25,117.13,129.99,136.29
31.01,26.96,38.92,69.42,115.97,85.85,94.91,104.93,125.08,127.66,129.3,132.56
42.33,57.46,82.19,120.11,79.52,81.97,83.28,107.65,115.89,126.01,137.26,134.56
42.99,67.58,105.99,71.85,79.33,90.91,112.85,118.28,124.47,134.13,131.2,111.93
62.26,98.91,62.72,75.21,89.62,119.84,125.47,130.81,136.08,135.18,113.81,132.54
93.6,59.36,66.64,83.83,110.33,116.44,119.19,125.6,126.04,112.1,134.26,119.08
90.87,93.68,115.79,130.2,138.05,148.32,143.95,141.0,122.63,139.09,123.05,113.5
35.22,67.2,85.53,110.88,129.19,134.79,140.26,127.07,142.58,117.81,106.95,92.41
87.47,103.0,122.06,134.07,132.68,134.95,117.31,133.67,110.08,108.79,97.27,85.29
71.09,96.13,111.57,118.99,125.45,113.22,131.85,110.45,108.99,91.67,79.72,65.69
101.4,115.21,121.04,127.18,114.61,135.69,112.73,111.27,92.71,83.2,68.87,78.6
148.09,146.18,147.72,126.55,143.35,119.21,110.34,88.6,77.11,70.42,80.8,94.44
198.92,184.22,158.66,164.88,140.88,137.6,109.75,90.7,76.43,93.75,102.18,95.91
194.67,162.24,167.18,143.96,143.03,120.03,101.68,84.04,96.24,106.45,95.16,81.23
195.79,194.26,169.44,157.82,131.16,112.33,88.73,99.99,110.0,102.92,88.36,85.23
201.53,172.86,159.98,133.67,115.31,94.96,103.67,109.91,99.81,87.95,83.64,79.21
202.14,181.05,150.92,125.97,104.21,116.47,117.34,104.21,89.29,90.5,84.24,96.68
149.78,127.18,107.24,94.14,112.2,121.02,111.84,98.56,98.38,83.69,94.27,98.19
144.0,126.51,111.69,121.8,124.24,111.98,91.41,90.29,77.23,91.93,100.5,110.68
93.61,80.01,95.95,110.34,108.41,99.93,105.88,92.81,101.83,100.62,104.75,73.68
87.74,108.1,119.15,111.39,94.33,93.99,75.33,88.5,92.43,103.09,77.78,93.57
101.01,108.96,100.86,88.77,91.94,80.09,91.64,92.94,99.84,75.14,89.55,85.66
94.34,89.11,76.72,86.12,75.48,91.23,94.17,102.68,77.31,92.45,87.65,111.41
105.87,88.85,95.36,79.79,93.11,96.53,98.07,72.25,86.7,86.84,112.03,139.54
87.08,98.13,84.25,96.68,100.59,107.52,76.43,88.83,87.96,110.41,140.73,172.0
45.53,39.38,56.76,76.37,92.69,72.53,93.28,95.29,114.96,134.48,163.37,160.4
34.5,60.93,77.65,91.09,62.93,78.83,75.14,99.02,124.56,157.78,162.62,161.24
37.99,57.83,74.07,53.62,74.87,80.62,102.64,126.68,157.23,158.17,157.62,148.91
44.89,67.84,47.8,71.13,76.41,103.32,122.1,154.12,155.48,153.28,148.83,166.9
70.05,46.23,67.2,73.58,102.53,129.51,158.63,160.57,155.55,153.08,169.94,135.53
75.95,94.52,102.26,120.41,145.37,179.09,169.92,163.12,158.09,175.04,141.77,137.94
51.63,63.65,83.95,123.91,165.53,167.95,166.37,162.87,176.2,137.68,132.15,112.64
58.4,81.64,121.59,162.49,163.55,163.59,160.05,177.59,139.66,133.05,114.65,104.74
78.76,118.38,154.32,156.41,153.14,148.36,163.75,127.73,122.35,110.18,103.24,94.02
112.09,145.89,146.51,149.89,149.15,171.88,138.27,129.26,111.77,105.8,93.79,100.99
171.97,164.42,161.74,155.68,174.66,139.14,128.02,108.92,100.85,97.39,103.6,113.33
159.14,161.4,159.64,177.2,142.83,133.74,113.01,106.11,103.77,103.07,113.54,92.68
151.14,150.37,171.55,139.32,133.48,116.08,110.95,109.71,108.25,113.44,90.3,68.96
163.15,184.38,152.79,139.55,118.62,110.9,105.01,106.59,115.1,91.99,72.37,73.27
195.59,163.48,150.06,124.97,115.35,110.23,105.96,112.81,90.45,71.84,74.51,69.24
135.97,130.84,116.58,110.8,113.64,118.38,126.22,106.97,87.82,73.74,66.05,76.61
103.08,99.97,97.35,104.14,108.14,115.09,97.49,84.3,74.95,62.63,76.37,88.25
91.65,96.54,106.72,108.19,113.3,94.72,76.82,68.16,58.35,67.7,84.46,94.5
68.72,82.52,88.85,101.28,89.51,79.63,75.93,68.51,76.07,83.41,90.61,77.86
67.93,83.43,96.4,84.84,70.28,62.49,52.98,65.61,78.65,85.8,77.9,78.8
57.88,78.96,72.4,63.09,57.58,51.6,61.37,75.73,84.82,71.2,75.03,83.33
51.21,50.23,44.8,46.97,45.47,61.45,76.83,88.73,75.1,73.12,81.34,104.65
56.5,55.75,57.27,48.13,58.89,72.38,74.77,64.98,68.02,76.77,106.67,133.7
-276.01,-408.92,-293.38,-105.05,73.42,47.89,388.97,487.71,418.39,311.4,99.1,-28.83
288.18,418.82,384.21,221.87,-207.17,-333.15,-491.94,-451.36,-253.69,-123.54,9.73,63.6
52.22,54.54,6.39,-251.45,-211.21,-204.4,-209.18,-158.67,-106.89,-95.38,-70.82,-50.52
-32.67,-105.26,-366.96,-259.78,-173.54,-66.91,85.41,146.39,112.39,71.41,8.44,-15.69
97.14,-93.68,-45.15,-58.64,-93.02,-103.64,-105.6,-88.87,-23.77,19.97,73.92,80.01
-395.38,-392.16,-254.15,-106.35,92.94,234.76,334.67,344.36,267.26,203.6,73.67,10.72
241.7,360.87,334.12,230.29,85.05,-80.7,-269.77,-305.43,-198.43,-86.32,43.21,109.2
-82.54,-149.28,-141.29,-68.03,-5.52,53.8,98.74,99.67,75.49,43.73,11.56,1.44
-27.53,-25.22,11.21,25.99,39.07,55.18,80.65,94.1,74.34,78.03,69.32,61.14
9.55,41.71,39.8,28.38,19.32,28.61,33.23,21.1,34.8,52.6,54.07,59.42
10.12,-9.63,-27.13,-28.03,-6.63,25.07,30.31,50.55,67.56,75.1,71.05,79.08
19.2,10.88,16.16,35.05,59.19,57.3,69.66,73.02,57.22,43.78,41.24,49.66
53.67,76.13,73.9,65.68,20.61,-0.04,-10.84,2.13,28.71,62.95,93.1,95.74
-31.02,-21.91,27.34,54.38,93.73,126.26,140.36,116.3,79.61,56.5,12.54,12.83
-0.65,9.53,17.23,39.85,67.58,84.14,95.4,105.28,99.75,76.56,59.61,66.38
115.13,126.64,121.3,95.19,57.13,24.78,7.81,24.3,33.41,47.24,76.31,89.38
103.68,123.78,104.24,65.74,19.03,-6.65,-24.44,-23.44,7.05,35.73,62.51,91.6
-122.95,-204.27,-159.94,-58.52,82.78,222.47,348.22,365.49,291.36,205.77,94.09,75.33
271.55,431.27,403.77,299.01,138.98,-48.56,-268.57,-333.84,-259.52,-137.3,99.1,298.27
-88.87,-210.24,-223.5,-142.72,-20.52,113.11,242.6,244.83,179.47,151.64,170.96,11.52
43.31,99.15,122.84,105.47,82.75,59.52,42.22,59.25,118.74,229.59,113.82,54.0
43.27,69.16,84.79,86.06,64.3,46.92,-1.75,25.23,146.64,48.44,23.4,6.07
-2.59,9.15,50.14,87.94,103.66,109.89,126.75,226.17,93.55,38.84,-3.19,-20.37
5.66,5.45,8.74,4.76,3.88,17.35,26.84,4.84,1.74,-0.24,9.27,10.0
5.77,10.44,8.33,6.79,21.05,31.35,8.87,4.33,1.69,8.89,9.64,10.92
6.03,3.72,2.9,18.46,29.77,7.31,5.0,2.65,9.33,8.69,9.12,12.47
5.45,5.74,21.37,31.05,7.12,2.54,-0.18,7.64,8.43,8.45,12.81,6.62
2.41,19.26,28.82,5.79,0.83,-2.91,4.54,5.26,6.01,10.74,5.51,10.93
11.95,20.68,-2.73,-3.58,-5.01,4.31,7.98,8.42,11.84,6.47,10.25,17.5
55.39,25.31,19.11,8.01,11.25,9.94,4.77,6.01,1.11,13.47,22.1,22.44
24.48,19.14,14.34,15.76,19.26,19.33,19.36,13.87,24.56,23.68,21.87,12.27
6.15,5.16,7.94,14.76,15.54,15.76,12.81,25.1,25.0,21.08,11.56,7.92
3.07,6.5,12.56,13.3,12.1,7.04,19.34,20.49,17.92,9.74,7.25,3.0
8.13,13.76,13.84,12.37,7.17,19.63,20.42,17.62,9.3,7.41,3.47,5.63
13.27,13.14,11.19,6.29,19.07,20.37,18.0,9.5,7.09,2.93,4.86,8.33
10.81,10.02,6.2,19.49,21.37,19.21,12.32,10.39,6.15,6.41,9.08,2.61
7.85,4.7,18.43,20.91,18.25,9.51,8.24,4.23,4.9,7.71,1.41,-3.2
13.58,24.46,26.21,21.04,11.69,9.42,4.37,4.74,7.37,2.28,-2.57,0.64
36.31,34.19,26.77,14.89,11.47,5.46,5.27,7.09,1.53,-0.44,2.07,3.54
34.7,27.65,16.15,12.51,6.54,6.12,7.99,2.25,0.59,2.33,3.45,3.17
34.29,20.2,17.1,10.33,10.88,13.42,8.02,5.12,5.49,6.61,4.39,6.12
24.38,23.08,16.86,14.29,14.83,6.87,1.48,2.07,4.77,2.28,6.23,23.15
26.79,18.18,15.2,15.33,8.84,5.51,6.5,7.66,3.4,6.58,22.42,16.04
11.31,10.08,10.91,6.17,3.54,4.87,8.82,5.92,9.37,23.47,15.97,4.29
12.23,13.95,8.94,5.13,4.54,6.15,2.03,5.76,21.25,15.35,4.96,-0.04
18.35,12.16,8.88,7.67,9.57,6.11,8.25,21.98,14.96,4.69,-0.36,2.74
7.33,4.09,3.67,6.59,4.7,8.28,23.24,18.04,7.79,0.57,2.75,5.66
3.44,4.77,6.99,4.41,6.49,19.91,14.33,5.16,-0.72,2.1,6.12,6.04
324.16,464.19,343.43,170.15,25.56,59.72,-302.48,-406.43,-329.48,-198.93,38.94,164.41
-256.27,-386.61,-334.51,-131.78,308.24,417.89,573.47,542.28,367.05,258.65,123.04,71.38
-22.97,-3.94,82.98,350.68,290.35,279.94,287.78,261.29,233.68,222.81,205.98,184.52
63.32,177.89,450.52,330.18,244.59,149.89,19.98,-17.66,14.31,60.31,123.14,155.65
-48.43,156.78,91.55,114.29,161.84,200.47,227.34,211.16,150.81,109.23,64.91,56.4
485.04,461.13,330.14,187.21,12.91,-100.91,-208.4,-214.7,-136.66,-59.26,69.19,105.76
-145.69,-262.49,-227.56,-107.91,66.49,231.85,414.06,446.97,349.36,233.15,76.68,0.77
127.74,212.65,226.09,197.7,143.23,88.37,46.8,59.06,77.33,71.65,92.84,87.21
81.3,102.68,107.99,102.77,91.3,77.86,66.39,52.19,36.61,25.53,20.36,15.22
80.73,86.68,93.22,103.47,111.83,116.4,106.77,82.78,61.21,36.77,23.73,15.61
137.37,152.89,165.31,165.24,159.34,128.76,86.0,51.92,21.8,7.94,5.76,1.4
140.08,139.3,133.57,125.63,102.87,69.56,41.71,24.52,31.43,37.84,41.41,33.1
118.5,90.45,101.13,105.82,113.1,117.53,110.91,86.81,51.8,23.77,-7.02,-24.5
208.47,200.57,146.48,81.78,28.34,-17.65,-43.42,-31.14,7.55,32.58,58.05,57.43
181.52,166.41,120.4,81.51,39.22,11.68,-12.07,-17.59,-8.47,-3.69,13.0,12.38
90.07,37.14,25.36,26.46,49.33,68.4,81.45,66.1,38.93,27.23,5.62,-16.51
69.19,28.59,27.42,49.37,87.61,117.67,133.69,111.13,77.96,51.99,11.79,-13.95
284.96,343.13,280.74,169.76,32.2,-106.83,-256.79,-278.65,-204.25,-128.5,-14.04,29.75
-149.0,-319.94,-300.15,-189.92,-29.19,136.58,350.33,417.25,334.29,211.07,2.77,-189.28
187.89,300.62,321.09,245.51,106.36,-25.95,-149.65,-159.45,-98.31,-46.53,-62.96,67.4
32.66,-8.27,-27.59,-25.2,-5.96,19.84,27.22,9.56,-21.56,-126.49,-35.35,29.04
29.5,12.24,-14.98,-14.52,12.89,26.37,71.68,72.28,-44.18,25.87,57.11,93.7
65.48,46.65,8.19,-18.86,-37.06,-42.41,-32.57,-124.91,-20.69,38.25,100.85,146.44
44.15,48.97,54.92,57.07,58.42,74.93,69.34,65.44,73.64,97.11,118.02,129.97
36.15,45.42,47.89,52.94,70.75,70.55,64.83,73.18,95.46,115.48,128.75,141.49
31.63,38.25,43.83,64.83,65.34,64.58,70.41,93.69,113.64,125.72,140.74,136.96
31.56,38.48,59.23,62.11,62.13,73.64,93.09,112.94,123.65,139.23,136.8,129.87
20.7,45.97,49.29,54.09,67.32,93.56,110.19,122.54,137.83,134.27,129.73,138.01
34.7,40.99,44.68,61.5,88.7,112.09,121.11,136.5,131.46,127.47,138.03,139.57
126.29,106.03,111.61,119.65,137.19,150.23,151.41,136.88,123.78,152.15,150.72,136.43
77.84,86.34,97.95,127.06,148.68,163.87,152.47,138.19,160.62,152.6,134.44,114.68
43.42,65.39,96.95,129.72,147.62,140.94,131.86,159.39,152.31,129.34,111.13,99.62
58.34,90.78,119.79,139.0,128.91,118.19,145.51,142.13,121.03,107.87,98.83,76.06
83.5,113.4,129.73,122.82,111.58,141.46,136.84,116.33,103.22,97.39,76.31,72.61
151.72,156.5,145.12,125.96,154.82,154.17,127.4,108.69,96.96,82.27,75.94,88.37
187.06,167.45,145.79,168.91,167.44,143.6,122.07,106.67,87.64,86.03,94.86,87.25
150.76,131.48,158.87,162.89,143.36,126.04,112.94,93.88,90.11,93.29,83.17,68.07
130.31,157.74,162.13,140.65,122.5,108.97,89.77,89.42,94.48,83.73,68.79,72.0
183.68,182.59,156.59,130.16,111.54,89.69,84.21,88.42,78.7,70.42,75.17,75.25
176.24,153.45,129.24,112.03,91.68,90.46,92.05,80.64,71.92,72.87,73.08,72.49
133.82,113.05,103.24,88.72,94.96,105.22,97.23,89.88,88.26,78.54,73.17,82.78
135.8,130.5,113.62,108.18,108.06,91.61,72.03,70.52,65.77,67.04,85.55,129.18
112.71,93.58,91.8,99.13,92.78,87.24,88.39,80.23,74.67,84.57,123.62,101.74
86.99,87.9,96.25,89.5,83.66,86.97,81.4,81.09,92.07,128.42,104.61,86.14
74.97,92.8,86.83,80.64,78.28,68.84,61.89,75.81,118.35,96.47,85.25,77.22
80.5,73.68,71.6,76.61,74.02,78.02,90.3,128.25,100.35,85.24,74.64,91.58
39.52,45.47,51.01,55.8,61.08,76.37,115.31,95.36,83.58,69.77,89.45,132.95
58.82,67.09,68.43,66.88,77.24,116.86,87.93,75.81,63.71,87.22,136.57,151.78
38.4,42.72,46.16,66.81,115.41,99.25,91.64,76.93,94.12,134.79,145.96,136.7
30.53,37.78,58.42,109.75,92.41,85.89,71.64,92.24,133.93,145.4,137.56,125.04
31.74,58.8,109.67,91.05,79.88,64.28,76.09,118.72,133.71,128.22,123.25,121.58
29.06,81.45,65.38,65.25,58.41,83.62,128.08,143.62,133.84,122.84,118.88,128.36
60.48,49.15,42.48,43.44,65.72,111.27,127.78,122.07,113.4,116.78,129.31,130.3
37.86,41.45,50.49,68.51,115.42,137.2,124.13,118.71,124.94,126.15,131.4,126.07
27.65,41.28,66.17,114.42,141.31,137.01,129.16,135.5,133.76,128.82,123.49,112.93
27.16,55.37,101.52,131.97,126.47,120.5,126.34,127.69,123.55,119.95,111.89,95.85
53.07,96.41,125.02,122.35,118.18,129.22,130.48,126.37,119.97,113.92,96.5,81.05
91.23,120.75,113.47,112.61,120.94,122.24,116.88,110.75,105.13,94.32,81.12,88.16
322.59,256.03,230.8,195.17,183.51,177.49,146.24,117.59,88.28,115.42,111.81,96.95
231.14,209.78,182.02,180.52,185.34,168.78,143.38,111.37,132.44,116.29,95.02,95.4
163.92,144.95,150.28,166.76,157.87,139.73,117.79,144.22,127.77,94.54,91.61,76.25
171.23,174.39,183.32,163.95,133.44,99.29,120.82,107.02,79.14,89.24,78.66,62.96
181.09,185.86,165.53,134.5,102.79,130.17,113.66,82.52,90.26,80.27,63.98,62.16
173.58,158.77,131.28,102.43,132.74,122.28,90.89,96.48,83.58,60.2,57.58,80.25
140.14,119.42,94.76,128.33,119.23,89.45,99.48,91.95,70.93,63.15,84.31,62.61
119.57,97.31,133.08,123.86,92.13,99.59,87.51,64.54,56.3,78.53,58.51,53.12
78.35,115.65,108.65,80.2,91.04,83.72,61.18,57.07,80.64,56.31,51.15,76.69
115.16,110.18,83.31,90.5,82.37,61.08,56.35,84.04,61.65,52.45,78.31,82.27
79.94,67.76,75.92,72.43,45.91,36.9,60.21,41.55,40.09,65.54,77.19,81.21
41.32,46.37,53.35,39.94,47.5,89.15,76.58,72.34,88.06,86.48,80.04,113.56
63.58,83.33,60.25,54.44,75.43,44.7,22.43,41.5,52.25,61.84,115.4,233.9
51.06,25.0,25.72,59.5,47.78,51.43,75.67,80.54,78.38,114.2,225.12,177.54
19.25,25.07,57.86,46.56,47.2,72.42,80.11,83.31,120.27,232.31,183.08,149.46
31.89,68.5,55.6,51.59,69.64,74.72,63.6,99.92,216.55,175.28,151.19,136.1
49.28,38.98,40.96,68.04,81.96,87.89,119.02,229.01,179.72,148.02,132.63,140.47
14.12,16.08,41.18,60.54,70.58,111.0,222.55,184.54,153.63,135.34,141.74,135.91
22.3,54.96,69.5,75.52,108.94,221.51,174.06,144.23,128.79,142.07,143.43,131.15
25.1,39.91,51.29,96.99,220.74,189.07,164.1,143.68,147.29,140.84,123.8,122.94
29.51,42.1,87.33,213.69,182.1,158.98,142.85,151.18,143.33,124.58,122.89,97.79
33.18,84.55,205.2,173.63,142.21,118.74,122.97,119.5,106.94,113.28,96.14,67.06
63.03,178.42,148.51,130.05,117.82,135.17,138.73,123.07,120.77,99.68,63.09,75.51
170.27,139.9,106.05,102.25,109.59,103.46,92.59,92.99,76.61,61.38,77.64,88.05
154.74,126.33,136.67,128.31,124.98,117.43,106.91,93.39,81.55,77.91,89.74,76.47
147.42,157.47,155.4,141.33,134.57,127.09,105.67,92.98,88.79,92.84,79.29,82.23
148.84,146.91,133.65,130.37,125.38,108.08,96.33,91.64,94.23,79.15,80.84,77.11
164.2,147.78,143.77,133.01,113.89,102.7,94.49,96.44,80.81,83.93,79.73,73.6
156.92,152.1,142.37,118.9,107.26,101.06,98.72,83.03,86.3,80.99,75.06,70.58
135.15,131.03,111.73,103.94,100.94,104.1,88.4,91.75,85.81,73.78,69.17,70.81
118.06,102.91,97.39,96.3,100.18,86.6,90.11,86.51,75.37,67.63,69.66,67.62
87.93,89.56,92.47,96.93,83.61,88.76,83.27,75.41,70.15,66.83,66.99,63.78
89.52,93.1,98.12,83.87,88.84,85.9,74.56,68.96,65.16,65.13,62.98,68.44
66.6,77.69,67.28,78.83,79.6,73.8,70.33,69.3,69.36,61.06,66.11,72.21
65.22,59.99,71.73,74.56,66.85,63.1,60.26,62.89,57.05,62.67,71.57,79.51
36.94,55.5,62.6,59.35,58.2,59.71,60.5,56.61,63.2,66.27,76.15,95.87
46.18,55.7,51.96,53.16,55.01,59.26,53.4,60.88,64.03,74.19,95.76,120.49
65.66,61.28,60.32,58.63,60.65,57.12,58.01,59.64,69.22,93.63,120.95,132.09
32.66,38.13,41.32,51.41,53.99,64.93,67.44,77.84,100.49,119.86,130.27,125.14
26.44,35.03,45.68,50.01,59.79,64.85,71.16,95.35,115.77,126.22,124.67,132.22
24.05,38.46,42.86,54.61,60.0,71.85,90.84,111.97,122.62,120.65,131.78,128.85
25.17,31.37,44.23,53.84,69.56,98.32,117.58,128.75,124.01,132.06,128.87,118.29
23.85,40.45,49.05,65.72,93.41,117.09,123.94,121.16,129.53,127.4,119.57,112.51
61.22,62.29,76.37,101.46,125.97,140.37,132.24,136.27,128.24,125.43,116.6,100.3
46.59,62.79,88.12,118.31,135.12,133.44,137.09,129.65,124.28,114.54,98.29,96.64
32.48,62.53,93.01,118.78,120.47,130.17,126.85,125.56,115.49,96.5,94.78,80.18
73.36,101.72,122.31,121.31,126.26,121.14,116.89,107.1,88.35,94.46,81.86,76.5
90.39,110.7,109.21,119.57,117.16,118.04,109.2,89.77,93.81,81.24,74.89,69.49
100.24,102.21,114.4,114.41,116.46,110.37,91.1,96.3,83.57,74.31,69.0,74.63
130.28,137.83,135.81,128.05,117.86,96.96,94.75,81.35,72.4,71.13,78.24,81.9
134.05,130.49,123.88,117.07,100.07,104.43,91.19,79.81,75.08,80.2,81.23,70.59
133.38,126.33,120.18,101.04,105.25,93.86,80.88,77.41,82.72,82.87,71.67,73.24
146.43,138.32,119.76,115.82,101.92,89.49,79.45,84.27,84.97,74.21,76.79,69.65
124.48,110.04,109.42,99.03,89.17,84.32,87.53,87.63,76.16,74.44,67.54,66.17
90.53,93.43,86.82,81.73,81.27,90.89,92.42,83.36,80.69,67.71,64.8,74.72
84.24,85.32,79.44,78.24,83.38,82.71,70.04,70.27,61.46,60.19,75.55,89.55
73.77,69.92,72.31,80.04,83.56,78.15,77.02,66.95,63.07,72.59,86.0,79.23
57.01,62.01,70.93,78.19,74.36,77.46,68.65,66.89,75.78,87.32,79.51,74.7
55.12,69.13,76.83,72.59,72.82,63.45,56.85,67.7,82.01,75.32,74.75,83.23
46.85,58.66,56.97,64.2,58.66,59.0,68.91,82.94,74.7,70.41,79.52,89.32
40.57,41.24,48.23,48.03,50.31,65.01,80.12,75.45,71.4,79.74,89.36,100.2
61.71,69.05,66.4,59.98,69.06,83.38,68.12,63.42,73.45,87.77,103.69,123.24
-277.64,-414.76,-297.79,-103.52,77.58,35.73,385.92,490.9,425.58,306.73,85.8,-37.37
284.37,415.97,386.44,225.68,-220.48,-338.3,-490.85,-444.65,-258.05,-135.78,2.54,58.62
51.35,59.89,11.35,-265.1,-219.27,-208.51,-209.34,-169.48,-123.8,-104.63,-75.72,-54.79
-33.53,-108.13,-386.45,-270.14,-175.44,-60.03,85.06,138.7,109.37,69.29,3.33,-30.37
107.16,-101.09,-45.27,-54.74,-84.79,-107.36,-118.9,-97.06,-29.29,15.69,61.51,68.31
-426.94,-408.96,-260.68,-104.53,86.38,220.83,326.58,341.21,267.05,186.2,58.28,-0.99
193.58,329.66,312.27,209.01,58.49,-100.84,-279.53,-309.1,-217.69,-106.45,27.55,103.51
-87.27,-151.24,-148.94,-87.99,-24.49,40.3,87.93,72.67,48.51,30.52,9.47,5.35
-25.99,-28.88,-3.11,11.75,31.42,52.25,59.51,70.36,63.23,75.96,73.28,67.39
-0.81,21.62,23.05,20.02,18.87,13.06,16.32,16.46,37.68,56.73,58.83,64.43
-6.74,-23.05,-32.82,-27.37,-23.0,5.09,21.75,51.02,70.71,80.63,77.64,80.52
