146.88,151.58,215.4,324.88,544.41,632.58,578.45,525.89,495.1,470.85,454.68,442.98
194.62,274.35,420.12,630.27,655.75,602.6,554.14,523.93,500.62,483.56,472.06,464.24
258.59,371.35,605.12,728.53,682.65,628.51,609.52,599.87,592.91,587.85,584.23,581.56
507.88,614.35,611.57,601.8,578.7,562.85,552.4,552.5,557.06,563.1,567.75,570.52
513.89,603.97,609.32,610.69,594.36,571.01,553.34,541.46,541.11,546.97,555.72,563.29
528.7,608.19,607.63,610.94,599.75,574.8,556.38,540.88,532.43,537.05,548.78,561.5
529.98,618.31,603.04,602.05,593.68,571.71,551.04,530.86,509.89,494.76,489.79,495.49
501.54,586.57,601.62,601.67,587.74,569.75,546.92,522.07,493.83,462.89,441.75,445.2
526.59,598.62,592.95,590.64,573.3,554.86,525.5,494.98,461.05,419.38,381.63,365.6
528.05,608.29,596.14,591.52,577.89,555.79,519.42,481.81,441.97,396.91,344.95,305.29
526.05,597.36,592.35,588.99,569.94,546.08,499.81,446.66,386.84,319.65,268.3,217.68
526.75,598.64,591.71,584.57,564.22,543.07,496.55,434.88,353.62,270.42,208.31,173.67
528.56,605.89,587.92,573.42,533.47,475.63,420.1,323.24,225.9,152.5,129.6,135.33
527.84,598.11,581.52,566.88,513.33,420.7,310.77,208.82,143.7,121.5,119.25,126.92
504.95,579.17,584.52,568.89,513.61,417.93,305.1,198.98,134.72,108.82,111.38,122.63
524.93,586.65,576.85,554.84,498.6,401.45,283.66,173.65,110.15,94.99,108.9,126.79
513.71,574.28,568.5,522.12,438.62,350.16,241.17,145.57,102.82,100.07,117.64,132.68
495.29,551.16,532.33,405.87,290.76,208.44,137.38,99.92,93.34,104.99,135.54,170.31
238.61,277.04,268.01,202.76,133.12,87.86,64.45,61.21,77.82,117.4,177.6,286.25
246.76,173.47,94.11,54.04,61.63,74.52,122.31,263.6,505.12,730.83,732.61,676.43
179.72,136.97,85.99,71.07,74.72,80.54,117.99,235.89,477.83,747.97,747.17,705.7
192.47,135.92,77.96,69.93,82.84,119.43,199.73,389.04,712.07,758.55,727.18,677.0
199.11,142.47,70.53,58.82,87.27,147.96,273.88,511.17,750.92,746.72,712.36,658.9
120.7,118.74,119.31,133.84,205.37,368.59,687.44,738.56,686.26,622.91,586.48,552.35
90.17,117.87,146.0,220.02,371.86,651.58,724.06,658.66,603.48,577.5,555.84,536.79
142.06,157.84,209.27,309.43,510.29,683.32,645.46,590.79,555.76,547.08,543.4,540.67
109.23,170.92,279.54,536.73,731.62,719.68,650.22,604.47,579.49,559.19,541.77,526.91
208.84,294.45,461.49,747.38,751.59,733.88,661.44,619.48,605.42,596.74,590.17,585.41
194.26,294.95,460.84,742.47,748.69,695.16,639.17,614.14,603.39,595.16,588.91,584.46
489.5,658.19,671.38,649.32,614.01,596.34,586.98,579.59,575.24,575.71,576.6,576.28
517.15,632.93,625.1,599.75,595.41,594.55,590.94,583.71,580.62,578.72,577.17,576.35
518.83,638.18,623.95,594.68,587.15,582.06,577.54,568.19,563.41,568.23,572.62,574.77
517.57,626.58,620.9,593.33,583.23,573.85,557.96,537.69,512.69,492.65,480.13,478.68
516.57,622.87,618.75,592.97,582.29,569.85,547.0,511.4,466.77,421.02,380.07,355.46
514.44,608.62,604.82,590.31,579.92,564.4,531.27,474.24,401.41,323.32,243.1,202.28
513.65,592.98,581.25,570.73,542.36,503.46,423.66,332.85,240.66,155.88,119.59,124.24
510.77,577.18,567.29,530.51,471.7,403.09,291.44,220.49,172.07,146.89,130.65,120.86
371.59,401.16,501.05,463.73,362.66,262.81,186.7,134.24,99.14,89.44,98.06,119.52
432.26,446.08,402.7,299.07,226.91,142.38,79.23,67.15,83.39,104.81,124.82,159.18
461.89,420.96,318.43,238.24,183.59,119.06,65.43,66.02,91.2,116.13,128.39,152.77
387.2,331.83,250.27,178.36,107.34,57.38,53.68,75.91,114.62,156.29,252.79,403.19
357.45,288.11,211.18,155.83,91.54,61.48,61.49,74.33,98.48,120.07,151.69,235.02
182.01,130.15,90.25,88.23,68.05,56.27,49.55,53.72,78.21,122.95,195.44,359.45
168.72,127.4,91.87,84.46,83.18,80.49,85.89,113.7,170.81,291.67,526.43,748.18
246.02,146.13,78.18,63.82,73.65,82.86,108.09,157.75,258.69,462.65,716.71,712.58
193.29,131.92,82.56,71.81,86.46,107.24,162.9,290.32,520.33,746.85,732.4,695.25
111.96,74.75,81.48,77.82,78.92,92.29,152.24,350.47,704.5,714.92,649.3,599.44
107.84,77.72,90.68,96.17,119.14,215.5,456.92,757.49,727.91,654.32,612.15,589.95
119.47,91.6,107.55,146.9,292.26,517.94,761.45,740.61,674.94,620.25,596.49,578.11
74.38,85.66,118.94,228.34,453.13,728.64,726.92,664.68,605.62,567.31,530.97,503.95
90.41,143.92,228.02,385.89,662.91,705.76,648.06,572.55,505.87,472.14,463.57,462.7
152.75,264.22,567.74,708.27,725.0,719.49,666.6,617.92,596.89,581.95,569.88,560.63
505.58,650.15,646.39,616.35,597.29,592.16,583.95,574.15,571.79,572.76,573.42,572.97
520.18,638.11,629.34,596.12,587.08,578.81,571.94,567.47,571.2,574.73,575.96,576.07
521.98,640.07,622.7,593.11,583.64,575.35,559.51,544.41,544.17,552.52,562.77,570.12
520.65,634.02,616.25,588.68,580.04,569.7,549.87,524.38,507.81,505.85,511.69,522.45
518.05,622.02,610.19,583.31,572.66,560.89,537.7,495.94,449.38,423.6,423.9,439.23
515.05,600.96,595.07,580.65,569.28,552.14,523.24,464.45,377.93,297.35,252.85,272.13
508.54,565.76,566.61,557.79,547.19,525.53,479.41,384.08,265.04,172.04,135.8,148.66
509.51,561.84,550.1,496.8,440.47,402.01,317.65,226.09,160.11,128.17,119.27,130.51
439.75,525.77,558.49,511.82,431.12,380.71,316.21,228.52,156.27,129.82,133.59,198.01
506.6,540.19,507.63,367.67,290.39,221.3,171.78,130.38,102.09,108.9,156.9,315.28
439.08,483.51,428.08,306.76,232.11,160.47,102.36,72.96,91.26,146.32,282.15,512.28
459.99,435.1,316.0,218.51,146.59,84.65,59.96,85.66,135.65,214.47,412.33,650.12
430.34,421.68,309.34,197.49,106.12,58.96,77.1,129.9,183.32,273.12,478.33,694.29
462.29,332.16,161.15,83.46,68.06,104.41,153.89,193.93,284.19,504.37,733.92,703.25
361.9,231.94,139.76,71.25,63.39,95.06,171.43,335.65,606.27,727.06,670.48,614.94
341.37,219.21,131.97,67.9,67.3,104.02,209.28,417.17,714.11,689.53,632.5,588.31
185.87,139.64,89.92,73.23,74.13,112.1,231.6,449.72,747.12,712.22,648.04,608.69
177.59,135.75,84.83,80.88,106.17,211.93,439.88,754.37,715.73,651.58,606.76,567.8
187.53,144.44,107.37,122.25,217.54,426.71,761.14,728.41,660.23,609.44,566.76,525.33
156.66,119.76,125.32,199.91,422.41,749.87,739.73,674.1,619.53,578.19,534.67,495.78
131.63,110.46,127.49,209.61,385.14,680.25,725.58,652.12,597.67,560.3,532.53,516.89
131.99,155.09,296.19,610.83,738.04,667.5,613.68,592.74,577.67,564.96,554.95,546.61
358.8,595.7,664.46,626.52,584.1,542.17,509.94,485.84,467.67,455.78,449.05,450.48
521.65,640.48,635.11,599.7,580.35,576.92,576.71,575.49,574.5,573.87,573.5,573.3
528.72,622.27,624.68,602.7,581.97,573.61,573.96,574.65,575.03,575.29,575.42,575.49
530.47,631.61,619.82,600.72,579.74,565.44,560.68,565.7,570.67,573.76,575.21,575.84
530.58,631.87,618.49,597.26,576.38,557.66,541.52,535.35,542.24,554.33,565.52,571.84
529.19,620.28,618.82,599.17,578.29,559.48,539.51,521.57,511.98,514.46,525.93,544.03
529.58,624.27,617.61,595.56,572.02,548.99,520.26,490.53,461.14,441.31,445.81,462.76
529.11,617.75,614.38,593.33,567.7,539.81,499.31,456.26,409.1,365.64,353.05,387.03
512.3,609.31,620.95,601.62,573.7,545.84,505.72,463.39,416.35,367.23,322.16,319.95
527.78,604.75,595.3,575.23,548.42,506.16,450.92,372.91,272.89,196.89,158.68,151.48
489.9,583.92,585.31,544.59,491.41,433.0,345.62,252.16,174.58,134.6,130.24,139.85
457.28,557.06,546.08,418.98,320.02,242.27,174.33,141.54,131.18,127.75,123.72,123.9
517.73,548.13,464.47,271.68,173.56,123.19,104.84,137.91,285.64,567.6,676.95,618.58
464.08,500.46,397.41,246.05,146.13,90.09,92.57,137.17,293.98,561.31,709.35,640.42
428.31,455.68,356.01,215.33,120.44,72.77,83.26,133.63,285.44,527.58,698.02,664.34
502.95,459.32,271.27,168.25,94.78,66.61,87.17,147.61,313.18,551.62,699.47,652.85
489.69,462.88,277.68,169.74,93.88,67.38,92.02,159.95,333.06,569.88,700.36,646.86
383.0,371.66,239.54,147.06,86.59,78.6,133.08,292.38,545.8,726.7,684.35,616.01
317.35,274.89,181.03,108.14,76.09,105.54,240.33,493.13,725.49,696.79,627.82,584.01
226.77,168.96,114.83,104.78,136.84,215.11,361.13,674.65,692.55,625.57,588.07,549.86
124.36,103.13,111.62,176.01,351.19,629.9,717.29,651.27,608.91,590.6,576.4,564.58
124.2,143.77,208.19,346.82,664.79,714.56,634.61,577.07,527.26,493.87,469.73,457.74
161.9,328.19,693.06,710.52,646.65,589.43,541.08,508.75,483.75,467.87,464.79,474.69
210.83,528.71,678.55,636.57,579.15,528.46,490.27,462.51,444.6,434.59,430.28,428.28
493.26,644.87,644.18,611.66,579.2,558.36,559.09,566.11,568.94,570.12,570.49,570.58
528.43,622.92,628.52,610.46,592.45,580.04,577.74,578.22,577.12,575.98,575.36,575.05
531.05,619.72,609.27,594.57,589.3,578.72,574.03,575.72,576.67,576.35,576.03,575.89
530.71,613.5,606.31,588.64,577.77,566.18,561.51,565.62,571.17,574.12,575.06,575.45
530.88,613.46,605.68,587.47,572.34,549.74,534.84,530.74,539.04,552.0,563.12,570.03
530.41,609.49,604.33,586.9,569.89,538.67,501.75,467.4,449.51,450.82,464.31,483.81
502.92,588.51,608.28,592.47,572.51,536.49,486.35,424.28,375.34,372.14,397.58,439.54
510.27,580.84,593.04,577.2,543.29,491.54,414.03,315.89,215.46,166.76,194.16,245.13
522.32,585.45,586.57,573.86,544.23,499.08,426.38,331.87,223.1,151.93,143.2,175.09
509.33,578.14,588.14,569.23,528.61,473.54,387.48,281.2,178.73,121.31,120.89,138.38
506.72,578.31,588.96,567.32,513.35,415.09,288.58,189.38,138.68,120.5,119.42,128.37
504.14,555.79,568.01,525.81,412.67,286.98,168.91,103.82,93.39,106.1,135.98,216.36
495.35,528.76,535.95,437.52,309.32,194.28,107.57,81.3,96.78,149.71,314.81,543.49
486.95,495.92,465.47,374.44,280.09,163.77,90.31,80.15,105.45,205.21,420.83,619.06
511.91,502.95,389.51,289.25,220.75,126.32,82.24,89.46,152.27,337.82,562.93,673.1
292.91,230.09,164.44,113.64,77.8,71.28,81.86,143.28,281.47,542.44,745.83,691.63
431.0,399.37,278.82,198.01,124.1,75.89,92.74,202.87,467.12,728.72,697.25,630.8
449.31,305.4,162.49,96.99,65.92,92.46,179.75,390.14,705.72,703.48,633.4,587.3
296.72,171.07,111.76,83.25,89.94,149.36,337.95,685.02,711.97,640.88,588.9,546.45
212.15,141.78,102.27,115.79,166.14,305.43,608.95,753.4,685.05,620.25,581.05,540.98
107.0,94.69,131.32,207.72,447.35,739.41,687.58,606.73,550.49,508.0,478.87,458.66
131.69,130.64,236.55,515.33,745.48,683.67,604.54,547.68,504.78,475.56,455.28,441.75
93.35,168.46,330.08,643.54,726.36,648.3,574.59,515.83,476.44,450.11,432.09,420.89
259.13,622.45,680.62,639.39,588.47,544.19,501.88,469.32,448.87,443.04,454.77,466.07
457.82,668.66,684.09,653.35,615.56,590.37,576.02,573.13,573.73,573.31,571.97,570.67
524.1,644.09,655.63,631.52,607.58,588.53,574.18,570.74,571.63,572.31,571.68,570.57
534.58,634.5,643.05,616.78,593.71,586.4,579.34,578.13,576.29,574.34,573.24,572.7
534.48,632.94,624.55,600.38,596.17,589.99,577.99,575.88,575.45,574.26,573.38,572.97
533.49,625.09,623.44,599.15,594.6,587.65,573.9,569.91,572.52,572.96,572.84,572.81
518.22,610.83,624.96,603.62,595.83,584.69,568.26,558.93,561.34,566.26,569.46,571.3
533.05,616.78,618.79,592.34,580.56,557.57,522.81,479.3,442.08,426.94,436.59,457.9
532.43,613.45,617.28,592.34,580.56,556.32,517.7,460.34,390.83,340.23,336.71,379.49
525.39,611.01,619.65,594.89,585.6,566.77,531.27,477.84,411.98,343.36,297.44,306.91
504.17,577.28,593.07,572.38,534.34,460.6,333.6,210.47,132.04,113.02,124.59,182.62
477.57,566.2,596.17,574.78,532.33,452.78,319.47,188.8,110.0,100.38,124.91,193.11
479.27,562.36,585.45,554.22,499.46,408.97,269.5,151.66,101.73,102.33,136.18,237.46
498.16,539.42,541.86,468.82,374.82,268.01,155.13,96.51,97.0,124.35,230.65,445.33
508.7,528.46,466.32,321.67,261.9,169.82,100.44,80.25,98.52,182.46,389.6,601.01
473.69,456.91,359.26,261.46,206.19,125.44,73.32,78.69,144.32,316.19,533.08,684.4
472.31,429.98,302.44,199.06,113.0,62.0,75.66,140.48,315.44,525.97,686.7,674.37
469.35,420.37,279.3,178.38,91.06,53.72,86.68,183.19,404.64,639.95,710.96,647.64
313.7,193.68,120.06,63.72,64.23,82.74,166.14,397.4,712.1,704.7,638.18,590.02
300.81,172.82,106.08,74.25,91.33,192.31,433.89,726.13,694.53,634.11,585.37,540.48
152.75,112.47,92.16,126.72,225.58,449.87,737.7,696.44,639.34,595.14,554.55,512.58
118.63,86.72,98.04,155.75,311.3,539.85,757.04,702.23,629.32,584.68,542.83,505.41
103.26,87.84,122.03,193.13,451.08,745.73,703.23,621.75,563.53,514.18,480.67,458.21
97.41,168.98,315.79,544.72,722.24,656.07,577.82,517.2,477.54,451.06,432.51,420.62
176.8,319.58,583.16,722.28,673.04,594.07,537.15,507.74,495.5,488.54,484.57,482.82
372.3,683.69,671.83,617.73,588.92,569.22,537.74,509.56,486.48,469.66,458.33,450.89
528.97,644.66,653.73,627.51,602.72,585.31,574.48,572.59,573.64,574.3,573.82,572.93
534.38,626.97,624.74,602.66,596.08,590.54,581.0,578.64,576.88,575.17,574.23,573.79
534.36,625.66,623.39,596.45,591.82,586.66,576.61,575.26,575.68,574.93,574.15,573.78
534.85,638.42,624.76,595.77,590.8,585.04,573.77,570.63,573.75,574.64,574.55,574.49
533.25,619.22,616.74,591.76,581.42,561.42,536.02,518.07,515.01,523.69,536.42,551.8
532.93,618.82,612.02,587.29,577.07,548.98,504.1,445.66,393.63,378.68,394.77,431.75
514.51,604.15,616.35,594.29,582.8,557.93,519.23,463.92,400.15,359.2,365.73,405.58
531.62,619.28,615.5,591.15,577.87,548.52,503.26,436.13,348.68,264.05,222.42,239.55
505.8,604.01,619.99,596.21,584.52,561.29,524.49,469.7,401.3,331.7,279.57,260.66
372.93,585.2,636.21,609.01,592.85,558.42,507.77,435.13,337.43,232.1,169.74,152.58
528.43,597.67,596.22,572.16,548.02,505.85,441.42,339.66,224.04,136.32,103.42,115.97
495.45,543.06,551.98,489.69,393.89,287.31,170.56,102.35,90.3,107.61,151.93,287.71
511.76,524.15,460.64,320.66,251.23,156.26,90.3,77.13,94.83,171.08,367.62,597.91
502.87,493.85,387.23,280.01,196.14,122.53,70.12,78.05,139.88,298.97,521.66,678.69
501.87,475.86,329.38,228.84,145.3,83.42,71.14,103.57,225.61,441.26,652.43,699.22
445.14,374.62,231.14,165.28,87.72,63.03,101.09,206.76,439.37,710.36,700.86,654.45
444.21,283.96,143.56,74.0,56.97,84.68,167.61,383.06,714.44,707.36,654.88,610.92
306.12,173.74,102.31,74.17,89.49,170.38,401.2,717.33,689.08,634.69,589.75,552.29
159.43,119.81,95.78,114.35,174.46,365.72,691.42,680.44,622.35,585.06,544.62,504.36
113.24,77.93,98.83,128.43,219.94,446.35,741.43,728.85,665.43,612.15,570.66,524.68
104.33,89.6,128.8,215.92,479.7,755.66,710.8,633.66,580.07,529.07,492.25,468.27
78.02,132.23,274.65,587.85,743.0,697.46,612.69,562.95,536.84,519.6,505.33,493.53
155.84,259.24,524.84,710.11,680.22,602.65,540.02,494.62,464.76,443.9,429.42,422.0
514.65,638.27,645.83,626.91,604.41,583.7,577.01,576.6,576.31,575.35,574.39,573.69
526.06,631.88,632.9,611.55,600.49,587.86,582.22,579.4,577.02,575.48,574.61,574.15
530.92,621.17,621.18,601.11,595.18,586.06,579.7,578.81,577.47,576.46,575.96,575.73
530.08,605.9,600.8,588.98,571.41,550.5,542.7,548.97,558.65,566.73,571.4,573.46
532.39,624.21,617.08,592.36,575.87,552.21,534.8,526.19,530.1,541.57,555.93,566.71
530.33,610.05,612.56,592.78,577.43,551.06,521.91,490.61,465.87,458.91,466.41,482.71
531.5,620.85,617.17,593.39,577.91,550.5,515.74,472.68,422.76,394.25,400.66,433.86
530.06,613.89,611.02,591.2,575.12,545.64,503.97,448.7,372.63,288.17,244.79,254.92
527.31,612.82,606.28,589.93,575.79,545.91,501.27,442.84,361.78,263.05,188.45,168.78
524.94,609.2,604.15,585.05,568.53,537.04,489.44,422.09,329.74,230.02,155.39,130.63
511.96,591.97,609.89,595.06,572.63,532.82,474.66,392.85,290.56,191.13,131.31,119.19
529.6,596.24,589.08,578.21,552.33,511.11,442.36,348.04,239.6,151.21,111.6,114.53
516.46,554.04,548.12,488.39,377.55,255.01,146.4,96.9,90.59,107.87,155.79,289.34
496.22,531.56,533.18,438.86,319.55,206.77,119.28,84.39,85.16,108.41,183.18,372.44
474.85,481.74,427.5,334.57,263.26,155.66,88.33,79.26,103.81,201.27,419.04,633.31
452.15,436.13,349.54,248.22,162.5,95.95,69.6,91.1,195.16,408.17,637.33,698.76
294.77,221.09,153.09,111.21,76.04,65.33,66.05,97.14,165.65,303.31,559.82,739.3
231.76,138.45,82.47,74.2,68.18,71.89,112.28,238.19,498.97,741.41,746.59,707.4
196.97,128.52,70.4,66.09,73.34,117.19,221.01,463.56,736.15,753.13,718.39,661.71
155.01,111.76,76.84,88.95,118.13,187.96,345.31,664.41,748.08,693.98,625.97,584.56
122.42,73.83,76.34,117.5,194.9,338.12,588.13,753.75,713.85,637.45,589.51,548.29
96.63,65.6,87.86,140.87,248.89,457.8,752.89,744.02,690.33,630.07,600.35,586.06
67.57,105.92,182.9,399.02,690.0,724.59,662.98,600.85,572.8,552.01,533.43,518.18
167.28,200.64,252.11,434.3,726.72,686.36,626.67,608.15,597.87,590.19,584.51,580.34
139.13,194.79,227.83,362.16,647.56,647.5,598.26,561.61,531.61,510.24,495.49,487.75
218.45,296.84,398.94,619.3,616.93,601.32,590.85,571.95,554.2,543.95,538.59,536.62
368.55,625.1,675.43,642.06,612.55,595.35,587.13,582.58,578.19,575.1,573.28,572.19
515.35,611.23,603.67,589.29,570.53,551.67,524.67,495.26,475.01,464.51,466.35,475.22
516.29,611.15,604.87,590.8,580.36,565.53,536.97,499.05,468.5,445.25,443.12,454.54
515.35,605.3,606.5,591.58,581.01,565.2,533.87,489.18,446.24,408.25,390.24,401.15
519.2,628.27,621.05,593.21,582.27,568.61,540.22,503.13,465.67,424.62,388.18,379.59
518.73,626.04,618.23,592.87,581.79,566.96,532.82,478.3,415.08,358.77,299.81,254.7
514.45,598.31,588.5,580.47,567.18,547.3,502.97,426.63,328.35,213.21,139.48,122.46
513.56,589.86,583.01,572.05,542.7,500.14,423.07,335.62,233.81,147.36,107.81,106.11
511.8,574.37,567.09,528.96,446.04,328.99,238.98,181.13,152.15,139.39,129.9,122.47
511.78,579.03,558.31,508.05,416.4,304.18,219.59,164.17,133.31,121.7,119.59,117.68
507.4,553.28,521.02,397.4,309.77,224.85,162.34,121.73,97.58,96.24,109.76,125.89
501.68,521.92,454.68,298.92,199.98,122.51,72.17,68.95,91.11,118.23,159.84,282.32
410.95,393.86,298.15,199.83,110.25,56.42,60.92,91.34,118.97,135.71,192.49,377.58
303.55,184.63,112.42,79.06,72.15,74.31,87.07,102.65,115.27,138.86,207.79,367.49
256.52,143.95,75.47,67.2,62.54,59.53,67.72,97.73,145.3,244.71,480.06,722.46
218.49,132.09,83.42,77.9,87.32,95.85,116.98,158.0,263.18,486.37,743.9,725.18
199.31,130.99,77.99,69.08,78.85,92.75,139.43,255.06,482.22,741.26,741.44,713.04
277.49,148.73,69.14,62.44,82.59,143.0,304.49,562.79,750.19,742.01,718.74,685.85
190.79,125.9,76.89,82.05,129.96,288.48,520.51,732.08,739.47,710.4,668.95,629.26
154.62,112.29,94.95,109.68,168.94,325.93,583.52,761.12,736.71,672.74,620.46,582.07
84.52,71.61,77.99,125.57,265.41,515.46,742.32,717.81,652.66,605.95,575.51,549.88
130.24,118.26,161.7,313.52,640.56,734.13,685.18,630.34,601.73,579.92,563.88,551.57
132.25,164.58,343.74,720.51,744.53,679.64,617.85,594.61,578.8,565.53,555.06,546.51
247.48,478.85,756.09,764.92,744.16,672.96,621.81,604.18,594.67,587.44,582.13,578.33
303.07,643.87,713.75,678.26,645.86,625.12,609.76,598.92,591.24,585.43,581.2,578.27
456.71,670.87,665.33,630.21,605.53,601.9,591.16,577.22,572.09,573.06,574.85,575.17
520.8,640.48,629.35,600.77,587.4,580.89,574.91,573.7,576.0,576.38,576.05,575.86
521.5,642.94,627.13,597.2,589.72,580.62,567.0,558.27,563.22,569.73,573.48,575.02
520.5,638.01,625.22,594.15,585.03,576.84,558.83,534.33,517.97,518.27,525.87,539.53
520.12,625.88,622.64,593.58,583.2,572.1,549.04,518.76,484.93,458.49,446.26,451.86
517.95,623.51,616.93,592.54,581.66,567.68,537.42,490.05,435.16,381.03,338.55,336.98
515.08,603.07,594.07,585.8,575.95,558.87,523.8,461.66,382.25,302.8,239.05,215.72
506.41,581.7,587.2,574.77,544.79,505.69,421.04,319.19,237.11,160.75,127.28,129.6
512.41,588.2,581.74,564.84,525.61,464.21,329.68,228.37,164.63,132.98,125.76,143.69
478.09,572.2,595.53,573.57,529.16,460.14,317.88,221.6,161.7,134.39,141.64,212.31
458.67,525.66,497.61,347.84,263.09,190.45,129.3,79.94,77.46,105.69,152.87,251.78
512.44,540.02,484.31,315.04,231.37,159.35,101.9,73.56,87.91,126.9,183.39,321.15
439.99,466.51,408.9,296.03,216.75,144.78,97.55,83.87,104.11,153.58,288.94,516.43
507.59,498.8,358.05,238.82,168.13,116.16,73.45,75.96,105.4,181.52,369.23,587.54
427.25,408.44,310.4,209.55,121.92,62.24,74.66,144.46,295.01,555.91,727.32,694.97
266.44,166.96,107.07,84.45,82.4,117.32,216.6,407.22,735.93,715.79,648.92,604.61
166.69,125.0,102.93,106.61,121.86,165.76,264.14,463.87,756.8,710.2,646.74,602.71
126.85,96.7,103.98,130.78,207.73,359.04,588.57,687.8,630.76,585.08,536.46,502.57
75.01,84.01,121.08,257.76,547.09,729.49,687.55,606.13,543.6,493.31,463.33,446.75
127.45,171.59,336.74,659.29,643.22,559.0,498.62,475.83,459.51,452.29,453.31,458.41
117.22,222.06,465.97,709.47,691.58,616.87,554.32,502.27,468.63,445.18,431.04,425.71
408.55,646.52,692.46,652.56,600.81,570.72,544.3,515.46,490.53,469.59,454.52,446.36
530.29,636.58,655.2,637.54,608.96,587.49,577.23,575.74,574.31,572.59,571.43,570.78
535.28,630.74,631.94,610.29,607.58,593.56,582.11,578.63,576.13,574.5,573.7,573.33
534.42,624.22,618.7,595.61,590.23,583.23,573.06,573.16,574.01,573.63,573.21,573.04
535.24,623.35,617.85,594.11,585.71,571.4,556.48,551.19,558.6,565.12,569.08,571.18
534.61,620.45,617.66,594.07,585.08,566.55,540.64,514.49,503.2,506.59,514.99,531.08
519.19,605.86,617.95,597.06,587.13,564.83,530.89,488.45,447.88,428.33,434.68,454.38
518.8,601.16,616.61,598.23,586.28,562.19,523.74,469.03,401.17,343.23,333.31,367.15
515.95,595.18,607.55,591.58,579.74,552.55,510.83,445.48,353.14,253.02,192.94,199.95
514.38,593.09,600.64,574.8,549.54,505.12,444.14,346.51,233.37,141.99,108.29,124.43
533.28,604.68,598.24,571.85,544.01,493.23,424.48,326.4,215.09,129.04,99.71,113.06
505.8,572.37,584.65,556.73,489.06,381.5,252.25,146.9,106.05,115.14,180.49,360.18
518.89,562.57,558.38,506.45,401.91,274.45,148.5,95.19,105.36,158.59,326.08,574.71
514.41,530.25,490.26,368.67,283.22,170.82,94.25,80.2,105.69,205.31,421.55,618.44
489.81,462.92,373.59,277.74,200.83,118.14,72.35,84.18,167.08,359.13,567.94,682.36
505.57,471.5,307.98,201.12,126.02,71.11,83.64,193.96,449.59,687.89,707.01,654.63
455.07,309.01,154.67,84.43,60.41,91.62,175.75,383.61,699.8,664.14,620.35,580.98
410.3,264.63,150.61,89.24,83.46,163.91,399.29,721.59,678.11,625.77,589.28,556.02
258.5,154.92,104.41,116.33,206.33,430.07,734.75,689.78,634.96,598.22,567.58,529.7
161.12,129.92,134.71,212.71,420.81,721.41,669.85,620.24,585.51,547.77,506.95,467.42
87.22,78.18,123.39,260.81,534.43,716.03,693.93,615.48,556.55,509.27,479.79,461.68
120.57,149.88,311.47,667.28,694.34,625.87,563.62,508.99,472.32,450.43,436.68,430.5
172.45,314.11,688.01,771.28,745.82,665.92,614.18,594.62,580.93,569.55,560.64,553.3
148.6,302.67,556.15,743.85,717.04,649.43,604.48,579.64,558.34,539.89,524.08,511.21
436.42,668.38,683.59,648.53,614.92,591.78,577.73,574.86,575.98,576.45,575.81,574.91
523.07,647.61,657.48,631.62,610.96,595.49,578.04,571.19,571.48,573.67,574.83,574.67
536.09,633.82,632.61,605.73,597.46,592.04,582.57,580.32,578.72,577.23,576.43,576.05
535.11,633.49,637.99,606.18,587.38,580.57,573.47,575.17,576.96,576.79,576.25,575.98
535.09,632.53,624.06,596.34,591.35,582.22,571.49,570.02,574.43,575.79,575.87,575.85
528.07,615.47,621.87,597.92,591.0,575.46,556.46,548.16,554.43,563.8,570.2,573.33
518.45,612.15,622.52,598.51,592.57,579.06,555.6,539.8,534.19,538.98,550.43,562.29
520.15,611.95,622.16,597.78,590.28,575.16,548.08,521.33,501.91,485.56,477.69,481.24
518.07,610.36,621.21,595.23,583.05,558.7,517.82,461.92,395.05,329.95,285.39,300.8
506.47,602.8,619.01,597.29,583.45,557.46,514.57,451.81,367.65,278.36,209.34,182.38
533.1,606.12,603.82,583.8,572.25,545.08,497.18,421.4,326.18,215.58,138.07,118.75
495.15,577.71,596.44,574.84,541.72,477.64,362.53,237.71,144.34,114.15,117.92,140.83
505.22,563.53,571.61,529.51,440.1,327.24,195.72,111.67,94.42,110.85,163.75,300.39
499.24,529.97,517.56,412.37,321.42,217.39,124.65,86.1,103.12,158.16,332.42,562.07
506.73,491.14,354.45,248.55,185.42,126.09,72.81,73.56,122.73,257.45,457.41,626.64
504.74,471.56,313.23,212.24,143.73,87.31,69.02,99.83,222.4,424.27,620.95,683.67
462.79,355.52,199.67,148.96,98.38,73.13,87.4,150.62,329.53,611.33,703.01,653.33
454.63,304.69,156.91,99.23,74.27,105.48,224.06,480.64,731.03,688.33,629.35,586.37
374.61,229.13,132.37,78.09,81.0,139.06,356.27,698.44,662.03,611.27,574.91,533.39
234.53,141.56,94.08,97.94,138.38,313.46,642.76,690.51,628.31,589.58,552.47,512.74
91.74,86.87,101.81,147.3,325.41,647.97,715.87,633.91,572.1,519.68,483.74,460.17
110.27,147.67,316.17,624.78,673.69,603.7,530.03,476.98,445.45,427.68,421.32,423.78
182.66,282.08,610.8,734.91,702.19,624.01,569.71,524.2,493.68,470.02,454.59,443.91
270.41,513.49,713.91,687.34,639.14,594.46,553.42,521.7,496.74,477.74,465.46,457.41
430.17,628.8,639.59,604.95,580.1,561.11,530.31,499.15,473.62,455.0,442.4,434.98
473.69,611.4,609.23,583.79,563.7,537.76,507.18,492.66,493.24,499.14,509.91,524.29
524.07,597.79,593.86,582.75,564.0,531.97,497.27,487.67,491.44,498.75,513.71,532.96
523.62,589.7,581.25,569.9,544.8,502.86,445.04,397.74,366.79,364.4,400.53,454.58
523.32,596.56,586.83,572.98,552.41,509.68,451.9,409.76,378.2,384.6,419.96,465.61
523.81,596.19,587.03,572.83,550.39,501.4,436.17,383.37,328.23,303.68,335.41,403.32
520.78,585.88,587.06,574.32,545.38,486.04,390.66,287.63,223.29,192.65,202.3,249.35
500.88,574.54,597.9,583.04,553.23,492.25,398.16,290.29,206.76,167.58,170.8,194.56
518.67,579.72,585.23,574.29,541.9,477.85,370.45,241.19,153.22,126.97,150.15,208.84
443.13,548.26,594.64,571.62,534.9,477.64,392.31,273.21,175.55,125.5,132.15,159.11
521.94,579.05,564.36,539.72,490.19,411.87,284.0,163.76,100.53,104.47,139.17,211.91
491.6,565.16,583.99,554.55,478.99,359.12,251.5,153.94,109.97,114.17,137.21,178.18
497.59,548.01,563.09,518.27,429.52,314.35,190.8,116.02,101.74,119.52,186.15,343.75
516.97,546.46,517.91,419.4,328.1,224.16,136.28,90.34,81.67,95.82,130.99,243.49
514.07,529.98,470.92,317.78,247.33,161.56,94.87,72.34,90.16,172.18,370.71,597.09
501.82,486.24,360.91,244.05,158.65,90.91,70.94,93.09,188.42,384.24,586.64,683.63
509.31,484.5,334.16,217.1,123.9,68.18,76.72,129.05,295.24,524.79,687.43,665.53
448.89,402.09,266.89,174.0,90.74,58.43,106.02,267.73,522.88,709.98,693.22,635.78
322.93,207.16,128.2,75.07,92.87,181.54,412.4,717.58,714.2,641.6,587.14,540.45
195.05,133.95,84.84,94.86,133.05,268.82,503.55,746.78,698.66,631.35,587.71,543.89
102.62,81.77,96.44,147.97,332.2,640.76,723.87,644.91,579.15,522.84,481.93,458.11
106.5,122.67,165.0,280.34,456.13,695.97,668.42,595.01,537.26,496.7,469.28,451.23
128.61,226.05,491.8,671.84,634.83,557.81,496.68,461.57,437.32,419.52,412.67,411.4
298.19,570.62,686.06,642.57,597.61,558.79,524.61,498.33,476.59,462.74,453.64,447.88
349.43,601.84,650.29,603.34,572.14,557.14,531.97,505.06,481.95,466.87,456.88,450.59
513.07,635.81,639.04,610.72,585.75,580.18,579.6,579.57,578.71,576.91,575.32,574.25
532.29,630.25,630.24,599.97,581.03,576.22,574.24,575.23,576.46,575.86,575.0,574.54
532.91,623.82,615.29,591.68,585.41,578.3,569.77,564.6,570.12,574.1,575.39,575.68
532.65,619.3,613.87,590.43,582.22,575.21,561.37,547.36,546.14,555.94,565.38,571.25
531.88,617.88,613.57,590.39,581.33,571.67,553.64,530.54,511.15,505.69,509.07,519.26
531.7,618.61,613.86,590.42,580.91,569.26,545.05,511.35,473.93,444.42,430.88,440.42
511.85,601.91,613.96,593.46,583.22,568.98,538.72,491.59,433.01,375.02,333.36,337.35
507.65,599.83,614.69,594.1,584.23,571.24,541.87,495.08,434.79,367.12,304.19,262.09
512.05,593.41,604.48,588.33,579.32,565.06,533.33,478.48,398.81,300.63,213.39,166.65
528.8,600.85,588.55,569.12,552.87,535.02,497.38,422.78,328.48,216.55,137.56,119.81
497.74,579.59,592.48,571.65,541.93,497.2,409.27,280.28,164.35,108.33,101.44,117.53
516.43,545.33,511.19,415.44,335.46,236.45,150.41,98.85,85.76,90.89,110.73,168.23
491.27,482.54,397.17,292.28,218.98,137.22,76.9,71.38,103.17,210.31,424.46,637.75
510.2,505.3,378.47,260.38,179.42,110.48,71.9,88.28,181.73,387.21,603.73,692.96
349.7,267.67,180.34,125.96,72.71,57.49,73.39,134.48,242.24,416.46,654.2,713.11
332.6,230.19,149.2,103.72,68.73,57.41,69.82,133.75,291.64,516.72,704.95,710.33
342.57,216.84,130.17,64.42,61.87,76.57,129.22,313.08,611.48,731.52,689.02,627.32
238.35,142.99,85.66,77.52,80.81,111.91,228.4,462.8,742.91,725.53,661.76,609.02
111.54,73.03,79.54,97.48,133.49,251.72,456.05,733.64,704.45,631.94,585.3,535.84
96.01,77.54,96.44,130.62,239.48,466.03,738.21,702.72,621.87,561.73,510.61,475.99
91.88,105.11,180.29,358.39,601.54,699.94,643.53,576.26,517.75,477.07,452.53,439.58
119.58,175.61,331.1,595.54,666.85,587.64,518.5,480.29,452.22,431.47,418.74,412.86
141.14,267.45,525.52,696.42,676.8,616.16,555.47,506.06,472.35,448.88,435.03,435.59
392.48,656.14,685.53,650.47,621.95,606.65,593.77,586.79,581.59,577.9,575.53,574.04
485.75,633.21,631.99,599.45,578.12,567.63,560.74,564.81,567.95,570.11,571.36,572.09
517.62,621.52,623.5,591.7,574.44,558.58,539.64,533.14,540.88,551.8,562.43,569.19
519.96,629.87,612.42,584.48,574.67,555.35,526.41,497.79,485.56,484.04,488.49,500.76
524.65,626.43,614.33,588.17,579.05,558.77,525.58,485.02,454.64,442.18,447.69,463.56
507.46,575.83,568.63,535.72,480.55,401.62,276.4,176.83,136.67,137.22,168.91,224.64
507.06,567.26,559.9,514.79,433.79,327.5,212.13,143.09,126.4,133.04,156.46,185.7
502.26,532.94,523.56,442.76,351.97,247.94,155.74,99.69,89.46,101.51,127.24,190.57
513.87,561.76,545.03,477.56,380.45,287.1,183.69,111.92,96.64,105.93,127.3,187.59
521.98,580.54,564.1,533.08,460.58,346.94,225.74,131.16,102.41,102.55,123.59,178.6
515.2,549.25,530.7,448.07,349.44,248.3,156.79,98.97,82.11,90.15,111.35,162.22
507.28,533.48,469.05,317.23,248.62,183.95,121.42,74.6,69.63,88.63,145.5,267.72
509.71,541.95,489.03,345.51,288.03,213.08,132.64,84.93,78.48,89.8,140.03,282.5
510.47,521.92,460.44,319.32,260.53,190.92,119.94,73.61,72.87,93.14,159.23,315.09
462.36,442.54,350.12,242.53,168.46,108.52,67.32,76.47,126.65,259.08,445.66,621.89
353.94,259.22,158.05,118.09,86.15,61.3,58.63,72.45,124.14,245.1,448.05,673.52
356.29,220.36,130.4,90.32,65.79,67.61,87.09,140.96,290.72,534.34,712.53,690.17
211.79,134.26,82.4,78.11,82.78,107.18,169.47,325.0,630.76,722.32,651.28,600.25
109.17,77.4,87.73,91.26,85.34,100.06,186.71,420.82,740.5,725.11,661.39,608.65
164.5,122.95,98.71,99.21,116.69,171.64,309.9,561.52,763.04,720.99,652.85,602.04
121.28,78.56,94.28,107.2,153.63,267.75,438.64,755.89,744.42,681.95,629.2,600.6
96.97,84.76,105.6,161.09,336.12,651.32,763.15,710.32,638.72,603.06,580.78,563.86
110.51,100.47,155.39,300.94,547.05,754.3,708.34,632.4,593.9,575.14,561.95,551.16
102.22,158.1,262.54,535.85,748.24,708.01,630.34,588.87,563.78,543.06,526.26,511.62
169.58,314.24,541.98,751.73,738.86,673.61,605.11,570.28,549.34,533.13,519.59,509.02
293.37,542.77,745.63,757.01,717.61,655.01,622.69,606.59,597.2,590.27,585.21,581.69
314.86,622.4,716.52,681.26,652.55,636.12,620.51,608.13,598.18,590.74,585.25,581.38
515.7,644.1,644.91,615.36,591.11,585.27,583.53,574.39,572.72,574.12,574.25,574.01
519.76,631.13,634.9,607.17,590.29,574.47,556.16,540.01,522.62,510.55,510.79,518.63
518.46,617.09,619.54,593.92,575.26,561.23,543.27,511.62,467.84,422.93,383.21,372.29
516.48,607.73,597.02,582.05,569.18,553.28,522.77,461.6,378.74,290.87,214.47,172.52
516.08,591.59,571.63,551.85,523.96,487.09,422.18,321.75,214.4,143.18,111.74,115.65
514.25,580.4,564.46,526.65,454.82,365.28,288.25,208.84,155.65,134.65,125.34,122.26
508.85,563.3,547.18,494.56,419.32,328.29,243.6,179.42,142.66,126.99,125.76,130.77
482.95,517.92,502.56,409.34,341.2,283.52,233.78,191.84,155.85,127.6,113.31,106.64
499.89,522.46,477.16,340.22,276.85,228.7,179.8,132.38,93.76,81.46,92.09,110.15
456.78,441.5,349.67,246.89,189.1,143.84,94.35,66.69,74.35,100.5,128.3,174.57
500.31,462.82,292.93,196.07,140.96,87.52,63.36,75.5,92.16,104.22,111.56,136.46
379.43,275.51,168.51,115.48,64.4,62.11,61.6,67.48,78.24,91.49,113.64,167.57
395.7,257.15,146.08,83.38,50.53,59.11,67.24,79.98,89.73,93.27,109.08,171.04
189.22,129.13,86.02,80.26,59.27,42.36,33.38,43.13,81.14,151.15,213.06,331.21
185.04,120.46,75.28,70.83,58.54,45.17,53.49,81.04,138.06,239.14,428.99,686.37
216.56,134.9,75.3,66.09,66.42,69.08,84.46,120.61,200.04,389.56,678.95,748.72
265.6,142.79,66.84,60.01,66.26,81.44,133.59,267.73,513.59,742.19,730.32,686.6
136.23,93.67,70.48,71.76,71.52,89.63,172.74,378.48,655.66,738.22,691.22,638.05
100.3,69.57,77.01,78.33,97.42,172.31,405.46,737.08,713.98,628.42,569.58,517.94
76.74,66.89,57.45,95.56,171.75,370.57,718.2,768.32,731.06,673.79,626.43,598.05
80.56,124.64,189.43,328.42,608.62,728.67,692.59,611.94,543.31,489.77,458.43,442.1
84.81,118.47,190.84,376.75,706.16,748.73,702.38,627.46,587.8,561.17,539.38,521.32
202.49,269.25,509.7,743.36,743.32,712.17,639.63,598.51,581.2,572.25,566.38,562.25
277.13,610.21,725.22,682.23,637.58,622.87,615.31,607.46,597.73,589.32,582.89,578.21
511.7,641.94,642.42,611.4,592.42,591.21,594.59,588.14,577.32,573.92,574.43,574.54
519.76,633.74,620.33,597.32,585.45,578.37,576.78,573.97,573.7,575.84,576.41,576.04
520.04,628.79,620.04,595.04,586.43,575.08,568.96,562.8,556.53,558.65,565.42,570.68
519.72,634.15,620.39,592.75,583.58,574.99,562.71,552.14,539.8,535.64,539.98,550.52
521.11,637.23,621.89,592.6,581.77,572.4,560.18,542.72,520.18,505.1,500.57,503.9
504.87,606.88,611.12,589.43,581.61,570.84,555.47,529.79,488.37,450.31,424.12,419.2
212.03,286.59,340.53,310.88,268.77,252.8,253.36,215.66,171.31,154.75,162.87,183.63
332.15,365.7,378.01,298.05,226.89,190.23,174.23,150.97,126.3,126.6,164.52,264.87
383.24,427.06,488.94,431.62,342.45,272.18,224.25,187.67,157.0,139.68,141.5,184.37
413.79,423.9,386.05,281.22,212.36,156.39,117.14,80.23,71.13,89.99,125.94,215.6
430.0,426.89,316.91,221.94,154.41,110.6,78.97,71.55,91.06,114.43,130.84,169.27
315.42,242.29,170.8,135.86,104.32,87.53,74.9,67.69,65.52,67.07,96.27,157.56
419.22,409.28,293.68,206.79,154.49,109.43,77.67,78.13,100.27,124.17,151.29,224.02
416.72,390.83,255.62,175.58,110.9,82.81,82.42,101.47,135.03,206.87,382.49,688.53
272.98,188.0,125.59,102.48,80.02,70.29,85.45,131.31,246.96,473.35,749.78,709.22
255.62,151.11,86.23,80.13,80.14,96.07,143.21,239.18,413.81,725.66,702.53,642.04
235.85,145.5,89.33,81.94,99.16,159.22,316.33,615.57,747.62,698.92,644.29,604.22
211.78,137.32,94.52,98.71,144.95,292.24,505.95,746.37,701.9,643.87,599.98,560.66
100.36,84.0,106.42,148.08,296.43,568.42,744.89,701.01,625.2,574.18,525.65,490.92
72.45,115.21,192.34,388.56,679.52,699.89,626.19,554.52,494.47,457.49,435.73,425.16
106.28,172.8,292.93,477.96,606.18,552.85,488.41,461.88,443.91,435.29,434.85,437.14
403.53,656.83,693.0,649.92,602.46,571.53,545.05,537.26,539.25,543.96,549.91,555.31
467.0,648.98,656.37,627.19,597.87,578.0,575.01,575.34,574.08,572.36,570.98,570.06
518.62,627.71,619.89,599.55,589.66,575.49,569.37,569.93,570.88,570.89,570.93,571.01
518.38,621.74,614.55,592.06,576.86,558.36,548.05,546.92,551.15,559.12,565.22,569.0
517.96,613.18,613.77,591.59,572.0,540.68,513.09,496.4,489.69,487.94,494.02,507.33
393.31,593.86,638.1,608.42,582.52,539.57,488.38,440.69,416.17,412.78,424.78,448.12
512.51,605.34,610.66,591.87,569.95,529.2,470.01,394.89,342.42,322.62,344.33,391.15
464.27,587.19,612.61,591.3,566.22,521.58,453.28,356.34,253.64,189.53,189.65,230.93
290.78,336.45,329.86,281.73,214.15,126.77,80.88,85.74,112.24,161.12,264.88,529.2
467.32,578.3,606.0,580.59,531.68,452.75,360.58,248.42,153.01,111.14,104.81,125.88
490.31,585.18,602.58,576.53,528.46,448.66,357.6,248.43,150.54,106.15,98.29,115.99
348.35,432.1,550.95,537.35,463.95,351.56,229.27,133.69,100.44,111.68,156.98,279.12
468.09,511.19,469.96,322.74,230.33,142.48,80.29,72.19,102.24,203.52,409.75,609.67
459.38,475.1,406.16,294.0,196.89,116.41,72.91,83.29,156.3,339.79,555.6,679.67
423.28,430.13,358.2,257.27,162.66,86.4,67.16,87.33,155.03,342.25,565.22,689.03
452.09,449.07,354.77,245.21,147.2,75.84,64.56,90.17,157.12,344.04,562.47,689.98
466.88,434.0,319.89,214.93,121.84,65.52,72.92,135.53,334.11,593.99,728.91,674.4
483.7,362.47,196.22,144.58,107.86,119.88,257.5,595.81,740.95,679.93,620.04,579.85
333.32,219.56,153.42,129.89,163.96,369.58,725.04,688.53,632.91,590.62,554.14,511.09
239.9,157.86,131.73,169.82,338.95,697.83,722.2,661.07,613.02,577.75,538.13,500.4
96.91,96.54,146.32,308.07,627.45,745.46,695.49,624.04,573.97,525.64,489.8,466.85
97.76,145.26,266.51,542.71,753.98,697.43,611.88,548.63,498.44,468.59,454.4,458.75
167.74,275.93,546.66,754.42,720.44,633.14,585.11,558.48,539.9,524.63,511.96,502.31
196.54,365.98,663.86,725.41,666.19,601.34,553.63,528.96,515.08,504.55,497.52,493.23
413.99,680.41,723.13,694.68,642.94,607.39,586.47,581.86,579.71,577.52,575.87,574.82
462.59,671.36,687.71,659.31,621.3,596.56,578.17,572.38,573.45,575.43,576.01,575.5
533.55,638.4,642.37,622.28,604.87,592.78,582.51,579.97,578.12,576.53,575.53,574.97
530.11,626.99,640.22,622.18,609.14,596.15,581.7,579.44,578.2,576.99,576.37,576.09
533.28,634.49,642.38,619.4,610.92,596.83,576.43,570.3,572.49,573.85,574.56,574.92
533.18,620.52,625.4,604.88,603.21,589.9,568.64,558.31,560.74,567.41,571.75,574.01
514.85,611.89,627.24,608.02,604.71,589.32,564.36,543.64,531.86,531.58,541.22,554.73
508.48,609.82,627.52,606.31,598.55,586.26,562.15,535.88,510.58,490.09,478.28,479.39
489.48,605.71,625.5,601.94,593.02,574.68,539.9,495.39,451.51,409.38,380.92,388.57
516.31,607.53,620.4,596.65,587.67,569.71,533.98,479.51,408.13,331.63,276.14,255.17
507.35,608.18,621.71,597.16,588.73,571.06,535.25,480.71,407.16,322.3,253.45,206.39
492.33,585.72,602.7,575.6,547.24,487.77,378.41,250.43,147.81,110.61,116.08,139.0
527.5,593.73,577.72,559.26,522.95,455.64,332.81,213.29,122.97,98.49,106.45,141.16
522.61,576.46,549.33,474.91,372.84,266.18,153.23,95.92,98.86,139.67,287.34,543.2
513.14,510.28,393.07,285.47,243.39,159.04,92.37,81.89,117.59,278.34,521.33,674.48
435.72,434.71,348.42,240.22,165.78,95.43,68.02,119.39,317.61,559.44,698.49,664.43
450.64,421.55,287.07,199.0,133.21,70.92,77.01,186.87,449.86,683.73,690.0,635.34
425.36,276.64,147.59,83.4,62.59,100.87,268.2,585.75,722.42,672.85,619.42,583.45
256.86,151.82,93.81,83.61,106.13,217.47,431.26,718.93,660.89,608.31,579.78,549.42
278.11,155.07,93.14,98.3,200.83,456.62,711.47,642.92,585.66,552.57,515.5,475.33
116.91,92.78,141.38,265.61,573.02,699.35,614.22,555.57,506.58,480.19,464.42,458.03
126.86,128.91,212.05,435.72,726.35,693.06,614.61,558.78,510.64,476.98,456.7,445.3
142.68,164.6,314.6,686.78,681.52,603.39,546.86,508.16,479.94,458.85,444.56,435.06
236.86,428.57,718.12,714.39,662.57,604.07,562.1,527.94,502.93,482.31,472.02,474.86
506.85,639.63,647.78,619.11,596.29,582.15,577.03,576.84,575.53,573.92,572.71,571.91
527.24,627.72,633.24,603.35,585.43,577.83,573.28,575.68,576.04,575.56,575.26,575.12
531.62,620.15,621.78,599.64,586.61,569.86,559.36,559.77,567.38,572.12,574.25,575.15
530.67,615.69,614.62,594.32,585.39,565.54,544.94,533.23,533.64,543.6,556.06,566.53
529.92,613.1,612.73,592.3,581.89,561.96,537.11,513.92,496.27,486.83,484.7,492.65
528.93,608.35,610.18,591.75,580.41,556.78,525.37,490.92,458.9,428.15,417.2,431.49
511.35,597.72,614.0,595.96,583.44,557.52,519.7,470.35,418.12,368.17,330.99,337.23
494.51,553.61,571.85,539.32,462.4,362.43,248.59,160.93,115.97,105.04,116.61,140.23
503.1,576.7,587.73,566.49,525.86,467.64,379.8,273.39,176.91,124.75,123.58,140.71
488.8,565.94,589.2,563.16,504.33,425.0,329.87,223.94,149.77,115.87,119.31,132.15
519.06,571.74,569.09,538.48,452.21,323.25,212.1,136.02,108.05,100.24,109.02,123.11
484.03,551.58,579.39,546.75,458.69,328.01,210.14,126.02,107.35,112.94,132.76,167.62
500.91,537.77,535.79,462.07,362.23,255.14,159.17,103.61,89.19,92.64,109.65,147.25
497.76,542.46,543.76,480.73,387.62,277.67,168.6,106.27,92.0,98.66,113.93,157.1
511.33,521.05,449.88,305.66,228.48,139.85,79.52,72.85,102.06,207.03,416.7,625.18
507.68,499.69,379.14,263.14,178.48,106.79,69.0,81.96,150.61,315.13,521.56,665.28
506.29,499.36,362.42,237.48,140.63,76.23,73.66,106.13,218.23,422.14,619.79,678.78
462.72,436.32,316.68,190.23,104.43,72.11,105.78,253.11,505.03,701.59,700.74,630.68
318.69,209.31,118.44,57.09,67.17,116.36,277.99,527.21,716.15,702.9,645.3,595.27
166.96,122.67,87.45,116.94,176.97,340.87,667.27,745.43,674.78,615.11,576.59,535.9
99.3,105.31,129.49,204.92,427.6,724.27,709.68,636.37,577.41,524.76,487.92,463.25
113.32,140.28,246.78,429.36,651.55,648.44,575.38,508.92,467.36,441.86,424.91,419.46
156.66,286.23,553.38,712.23,681.82,602.61,540.58,494.56,463.9,441.76,426.66,418.58
188.0,401.31,620.78,685.73,632.02,581.27,528.83,490.56,463.7,447.05,439.68,443.24
400.39,678.54,688.92,633.83,599.53,578.7,554.18,525.78,505.41,500.66,506.69,515.4
527.18,645.92,654.61,627.99,602.08,588.37,576.99,574.52,575.31,575.84,575.37,574.59
534.27,632.56,627.73,605.12,599.32,595.7,584.76,581.1,578.89,577.31,576.51,576.13
535.64,632.82,624.82,599.82,597.49,593.63,582.48,579.77,578.47,577.19,576.46,576.13
534.64,627.73,623.27,597.17,593.29,588.29,576.67,572.31,575.02,575.73,575.78,575.81
533.68,626.71,623.26,597.73,592.14,584.72,568.93,556.02,557.05,564.59,570.28,573.4
517.62,611.1,622.43,599.38,592.54,580.77,562.63,541.44,525.72,523.12,531.65,546.41
510.31,610.14,622.86,599.61,592.01,576.62,550.6,519.79,485.94,457.27,445.08,453.04
517.39,610.32,622.08,598.49,590.86,574.55,544.0,502.19,452.52,399.77,356.59,358.04
506.64,608.53,621.88,597.57,589.34,572.35,540.07,492.39,426.23,342.26,266.53,218.03
513.01,608.76,621.23,596.7,588.32,571.06,537.33,487.96,415.82,312.24,222.8,167.91
513.4,595.74,610.61,592.8,580.72,553.95,508.28,438.01,345.16,234.22,147.07,108.94
504.5,568.69,580.16,550.37,476.91,360.46,242.36,148.52,111.24,108.76,136.71,220.34
511.77,521.82,477.52,366.99,291.85,189.52,108.89,81.17,98.65,171.03,368.8,590.55
510.88,496.13,365.04,265.87,219.08,148.9,86.0,70.34,103.17,223.01,437.29,636.32
351.92,263.18,168.02,122.02,88.21,67.08,64.21,102.57,196.31,331.32,544.22,712.98
419.21,357.86,227.12,167.59,114.83,74.12,71.57,123.9,282.61,532.25,700.28,684.22
381.15,239.53,139.83,83.45,65.68,78.54,129.22,303.94,621.73,717.88,654.13,602.5
262.48,143.96,84.63,80.62,83.89,110.25,236.92,493.7,745.41,704.32,639.53,595.27
296.63,171.6,116.93,91.94,103.79,185.97,408.81,723.03,684.56,619.45,576.27,531.26
102.41,75.51,96.75,117.18,189.23,397.18,713.99,709.07,644.61,604.16,580.6,562.9
116.67,95.53,133.38,215.01,475.53,754.59,691.19,608.05,550.73,508.1,479.03,458.89
108.28,147.83,338.59,686.94,722.64,647.89,576.65,514.77,472.58,447.1,432.88,435.54
179.26,325.23,594.33,681.34,633.25,573.45,520.33,480.78,454.04,436.2,425.49,420.09
438.38,608.71,613.2,588.56,574.49,556.37,526.13,498.57,475.88,458.48,446.45,438.16
509.58,601.44,595.48,587.16,572.64,552.77,530.02,514.37,516.69,527.77,542.87,557.44
496.78,583.75,593.33,590.01,584.6,571.29,564.58,570.23,574.73,576.83,577.83,578.35
516.79,583.08,575.35,568.5,554.3,534.08,512.12,505.11,510.71,519.7,533.77,550.96
523.75,591.06,569.57,551.31,510.26,437.52,355.14,290.22,255.99,250.07,261.77,297.79
522.84,588.8,584.29,574.04,547.97,489.96,406.41,317.45,267.84,274.84,325.9,392.92
521.94,577.53,573.4,563.88,529.41,456.09,351.89,238.68,161.17,142.18,164.25,220.47
522.15,577.68,574.4,565.01,530.79,458.67,356.02,234.33,147.01,122.3,142.65,181.4
522.24,574.59,560.98,539.91,498.74,416.54,300.81,189.12,114.89,108.15,125.39,151.25
513.94,557.17,557.96,517.38,435.8,333.56,223.96,141.82,104.22,97.21,110.46,130.92
515.58,540.19,505.28,401.9,318.09,212.12,128.31,86.27,81.49,93.04,123.35,215.59
503.84,526.1,518.59,428.3,337.76,229.18,138.99,91.63,81.19,87.83,111.04,169.55
515.46,541.1,512.98,413.58,320.81,216.42,131.89,88.24,80.57,83.89,100.86,157.8
512.74,527.76,492.63,390.25,313.66,212.88,130.07,87.19,77.87,79.12,95.66,143.81
490.54,464.13,369.24,264.8,192.29,117.17,68.65,75.37,128.41,264.61,465.47,635.97
460.68,434.07,349.26,242.87,157.35,88.64,70.56,94.59,192.13,381.42,594.48,697.83
477.24,450.9,339.01,225.6,132.87,72.31,73.34,114.15,242.98,446.34,650.06,686.22
424.2,335.79,213.89,146.23,80.14,59.72,106.21,268.01,526.51,709.42,695.57,633.34
355.86,219.96,120.69,59.17,66.54,99.97,235.65,496.07,711.14,718.59,649.37,594.95
310.97,190.05,117.98,72.96,90.65,179.62,416.57,695.03,713.24,646.95,590.64,545.31
175.5,127.5,104.48,121.06,150.83,259.85,497.55,760.9,714.75,640.38,593.23,551.35
99.16,94.71,132.02,219.82,480.16,746.03,694.51,614.69,557.16,508.84,476.03,454.51
141.16,130.71,174.53,296.74,562.43,744.33,659.06,604.31,581.3,567.08,556.04,547.15
152.81,218.38,345.52,505.67,645.87,606.58,555.73,522.24,498.29,479.4,466.88,458.14
253.66,342.39,506.11,663.81,673.94,625.15,608.68,599.3,592.45,587.48,583.86,581.09
525.3,598.99,590.49,561.75,521.56,480.97,441.07,421.73,433.35,454.51,473.13,487.16
529.74,624.23,610.43,594.31,560.94,553.06,537.7,529.97,535.51,549.67,565.31,574.4
529.8,617.45,611.16,593.41,552.43,540.29,514.77,490.89,475.82,477.3,495.34,524.16
522.45,592.76,613.05,600.06,559.29,536.9,495.87,455.29,414.15,392.81,423.54,488.06
502.77,586.11,616.12,602.69,562.48,535.75,484.05,425.47,359.27,315.38,344.79,463.18
454.0,560.48,635.06,621.79,586.14,554.1,500.87,437.51,354.46,288.48,274.46,345.42
383.74,528.6,632.91,615.35,556.58,538.76,486.73,410.15,311.04,261.03,268.98,376.12
515.28,590.5,606.04,576.87,491.32,435.92,379.5,271.14,198.08,187.33,284.35,555.45
521.92,591.94,606.13,579.4,497.36,446.97,400.08,291.7,211.88,185.14,270.04,566.81
528.14,601.75,598.15,569.84,490.09,433.9,392.68,286.09,206.08,183.19,287.89,597.18
529.32,608.41,597.71,567.63,486.89,429.22,386.99,280.66,202.18,183.43,297.36,601.24
508.76,582.44,594.01,559.37,458.37,386.5,328.45,242.53,187.88,209.17,381.65,675.07
524.96,589.43,591.12,553.52,450.21,369.94,299.85,225.27,184.29,229.09,448.41,703.34
527.63,602.99,582.01,519.55,370.08,263.3,188.31,144.07,131.37,168.89,319.22,632.35
528.55,586.01,554.75,427.36,280.58,194.18,145.48,139.67,211.75,470.32,731.05,687.73
501.26,528.28,472.33,305.1,201.76,139.17,118.85,185.06,441.1,746.47,718.92,659.93
368.16,256.95,158.47,84.35,67.19,140.98,328.34,593.46,740.61,706.03,657.69,615.02
343.16,231.48,140.63,72.44,84.63,175.37,383.4,724.17,717.29,664.85,615.14,577.2
249.5,157.75,94.74,95.95,175.52,374.36,725.01,735.35,683.01,631.95,591.55,551.22
337.71,230.93,152.61,119.19,189.47,426.72,748.37,733.39,682.3,628.9,586.3,544.07
270.13,200.24,172.49,232.13,499.89,765.36,742.08,692.03,641.61,601.46,568.43,536.05
146.34,178.64,256.58,446.72,777.04,754.25,707.94,647.46,612.71,594.68,582.48,573.31
190.42,293.13,499.84,743.19,714.5,651.38,618.16,602.87,593.14,586.29,581.47,578.1
349.93,678.52,746.42,706.09,634.04,600.93,590.33,585.11,581.94,580.05,578.91,578.21
366.3,682.35,732.68,708.85,645.23,606.46,592.55,586.71,582.41,579.42,577.5,576.29
482.47,663.86,686.88,658.61,615.65,585.93,575.23,575.09,576.78,577.04,576.32,575.52
534.52,639.81,655.47,631.69,604.61,585.3,575.22,574.86,574.97,575.02,575.17,575.26
534.33,631.25,638.04,622.69,607.94,585.4,569.44,563.65,568.6,572.94,575.31,576.38
531.8,641.26,648.4,623.79,604.97,583.63,564.78,550.43,545.93,552.79,562.15,569.11
529.48,628.57,641.99,619.93,600.04,578.39,557.44,536.1,517.16,505.55,505.96,515.56
534.94,641.31,641.1,616.01,596.0,569.81,543.78,512.94,481.41,448.2,426.13,431.69
535.05,637.51,638.81,614.9,595.24,567.42,536.22,494.84,450.67,402.48,354.95,338.69
535.01,634.67,638.5,614.66,594.8,566.52,533.76,486.82,428.08,361.04,292.91,246.43
530.34,634.05,635.52,612.84,594.07,564.95,530.34,481.85,415.02,323.71,244.88,188.01
503.13,612.17,626.44,606.68,591.04,568.06,545.83,522.97,500.14,472.11,433.11,390.24
529.65,612.44,618.57,597.74,587.2,565.99,543.2,517.83,491.89,463.52,423.96,380.08
517.28,607.98,620.31,597.15,582.81,558.55,529.28,495.18,463.17,424.78,380.96,327.74
528.38,598.77,588.42,573.79,529.98,467.44,404.34,333.7,269.51,222.35,194.46,184.53
508.35,600.33,615.46,594.94,573.85,541.12,500.06,443.35,378.72,314.73,267.84,230.27
524.95,582.25,562.44,513.8,431.98,332.07,215.61,136.26,114.63,139.29,176.69,209.61
518.1,544.47,482.06,294.22,199.77,139.39,115.02,130.02,243.44,513.6,717.79,655.12
343.11,392.94,429.48,317.34,232.96,177.64,163.22,182.98,286.18,525.1,640.22,595.97
197.95,165.4,117.62,101.09,113.47,170.39,274.06,523.77,735.04,652.71,601.11,568.05
144.28,115.01,91.07,124.87,193.86,302.39,544.02,764.84,698.98,631.87,606.44,592.01
99.24,119.64,164.21,327.33,591.82,723.3,642.29,579.39,523.97,488.85,467.52,464.96
137.9,247.57,414.47,652.11,677.33,600.34,536.95,496.69,472.35,466.45,472.73,477.61
204.33,385.43,609.83,698.07,623.99,564.8,523.69,506.23,498.03,492.85,490.4,489.19
422.89,681.31,704.44,660.6,607.91,565.6,545.87,543.84,551.27,558.64,564.62,568.43
529.5,658.27,680.94,657.52,621.5,593.96,576.09,569.7,570.28,572.84,574.42,574.54
536.2,638.47,650.12,633.19,607.49,583.9,576.09,576.92,577.49,576.95,576.3,575.88
535.31,635.91,626.2,605.45,600.44,584.19,577.12,577.95,577.39,576.62,576.22,576.04
535.34,632.26,622.72,597.02,588.81,573.99,562.95,566.0,571.65,574.14,575.05,575.44
535.57,626.52,620.3,593.72,579.98,559.65,538.16,524.06,528.66,540.47,554.33,565.56
534.87,617.41,618.86,593.67,578.05,552.22,521.22,483.89,459.44,453.47,461.52,478.29
534.04,612.93,616.03,592.99,575.62,544.25,502.08,445.89,384.97,355.1,371.11,413.43
517.64,597.6,610.03,591.85,571.87,533.88,479.91,402.79,310.81,231.39,205.98,234.17
516.67,596.02,606.61,589.88,569.83,533.14,479.83,400.91,299.93,206.28,155.86,162.87
533.49,604.35,599.26,572.27,530.39,460.02,377.01,278.2,176.94,115.1,109.69,129.01
502.42,584.34,597.91,573.07,521.08,420.91,287.64,177.22,116.05,108.08,130.68,207.21
509.87,558.69,566.63,517.35,391.71,257.33,138.34,95.92,111.68,179.48,370.73,620.52
520.42,554.9,521.76,414.77,318.58,197.5,109.3,90.42,117.63,209.62,424.71,646.84
515.96,535.56,475.35,309.62,221.85,137.42,79.96,82.48,136.76,304.99,536.4,698.48
498.87,477.1,339.65,240.09,156.82,89.4,69.68,96.93,212.77,432.04,640.04,688.96
466.27,419.34,279.5,187.04,107.99,58.03,75.71,147.27,353.0,603.85,710.91,651.79
479.39,351.53,182.21,115.91,70.72,94.37,172.84,380.53,705.18,705.74,643.08,596.32
345.03,218.59,141.84,97.75,93.71,178.61,412.56,733.53,706.19,643.3,593.08,551.06
220.96,138.91,102.79,115.68,188.09,403.85,734.48,708.65,649.6,602.5,564.24,523.08
100.47,85.94,114.53,168.33,363.27,669.25,682.19,605.34,544.25,495.94,465.9,448.35
106.29,153.07,340.3,641.51,664.67,590.46,517.92,471.71,443.4,427.8,423.92,427.99
137.69,227.98,503.34,718.33,687.81,609.21,545.04,491.74,458.88,436.43,422.01,415.79
193.12,366.72,572.83,696.63,651.55,588.24,527.96,483.6,455.2,437.2,428.6,425.71
458.37,659.91,679.24,646.07,609.58,587.1,574.92,572.42,572.41,571.15,569.36,567.88
523.06,640.22,654.03,627.26,601.13,585.86,576.0,574.06,573.48,571.87,570.17,568.94
533.92,624.21,625.83,609.43,604.06,595.11,582.99,578.69,575.84,573.78,572.73,572.24
533.56,616.32,620.88,602.23,601.09,595.59,581.13,577.7,575.73,573.85,572.79,572.29
534.62,622.51,620.13,597.93,594.94,590.37,576.0,572.06,573.14,572.66,572.19,572.0
534.19,622.56,621.43,598.78,594.06,586.25,567.66,556.92,560.0,564.66,567.97,569.97
515.81,607.36,621.83,601.77,595.03,585.25,565.55,548.64,541.38,545.32,553.47,561.77
506.5,606.86,623.8,603.13,594.23,579.77,559.18,538.85,519.32,505.37,501.92,507.92
482.73,586.23,618.8,601.29,591.5,570.61,534.21,485.65,430.49,377.42,350.63,376.73
505.0,580.31,601.29,593.43,587.57,566.48,526.58,464.34,379.94,283.9,224.46,212.64
504.12,564.89,580.72,553.49,494.96,417.19,300.74,178.13,113.95,111.98,137.96,195.64
471.73,541.88,565.68,511.21,417.09,318.2,194.68,117.59,103.44,125.54,208.9,405.18
515.79,542.06,520.84,422.06,325.8,221.24,131.54,85.7,82.31,106.21,183.04,381.6
512.79,515.18,437.63,334.53,278.52,181.93,105.43,81.17,99.94,177.66,381.35,603.01
511.52,499.67,382.96,285.9,242.91,159.54,96.23,76.59,101.32,216.73,442.66,653.04
467.15,442.26,330.12,231.12,163.05,98.65,67.36,93.12,219.54,439.09,640.01,691.41
470.81,420.8,285.71,199.78,139.86,80.99,70.17,144.22,370.02,619.2,714.02,650.23
472.15,328.03,170.55,111.69,68.23,77.05,146.86,376.83,679.62,697.33,630.88,585.64
319.11,199.8,124.07,77.09,85.68,150.29,361.35,705.52,684.94,623.65,581.62,539.4
298.7,176.95,123.78,101.12,119.48,260.62,553.08,724.78,668.05,608.98,569.41,524.13
109.42,95.7,132.45,210.88,448.85,732.91,667.6,594.71,537.47,495.84,468.6,451.47
132.58,139.08,259.57,576.34,727.48,660.57,591.28,532.63,490.79,464.08,446.54,434.69
123.2,193.71,441.74,705.78,678.14,601.33,533.65,478.4,447.35,427.89,418.8,418.26
217.76,413.02,565.14,573.17,517.74,489.1,463.87,442.69,430.32,426.21,424.93,424.45
373.88,637.9,621.52,577.03,544.67,517.88,494.13,469.19,452.97,443.34,438.54,436.23
500.64,606.52,609.79,595.5,577.62,556.49,531.08,502.6,476.44,456.16,442.52,434.34
497.79,598.36,603.79,591.6,573.74,553.58,523.01,495.55,472.91,455.62,445.08,440.4
521.76,592.44,581.34,574.2,558.28,534.63,503.31,477.25,458.4,445.75,438.6,436.59
523.39,597.66,581.11,570.35,549.69,518.6,480.46,452.24,434.12,425.77,426.6,432.48
520.99,586.97,580.19,573.35,557.32,524.1,474.84,440.47,428.73,444.05,467.38,490.04
514.76,574.21,586.62,580.77,561.31,517.08,451.53,404.0,381.08,398.46,437.94,479.47
498.64,569.62,595.91,582.34,550.37,489.08,388.23,272.57,194.44,182.08,232.74,300.99
521.48,583.02,581.37,566.22,528.76,462.3,348.91,220.96,133.15,112.6,142.75,208.82
484.0,561.02,588.93,569.92,525.82,454.16,338.52,212.15,130.84,111.46,131.93,171.66
519.72,569.35,564.1,539.57,489.93,408.66,281.37,164.39,102.18,93.37,123.1,187.64
447.78,481.64,532.68,446.38,352.82,240.24,140.16,86.6,83.11,104.66,175.83,363.31
495.53,513.5,512.61,419.2,336.54,227.4,132.83,84.0,82.23,104.71,179.22,372.88
510.87,521.26,483.96,380.31,308.35,206.94,121.43,81.23,82.7,110.28,215.21,431.4
489.39,480.65,421.18,347.17,294.84,189.19,108.13,81.44,96.56,160.82,346.6,575.05
511.17,494.36,358.84,255.17,198.41,125.87,74.33,78.83,141.45,304.86,517.45,675.45
472.04,446.89,337.34,236.88,169.35,100.94,68.86,95.32,226.16,463.79,668.38,694.67
469.94,417.48,278.73,192.07,123.03,65.18,76.59,182.06,443.13,669.42,706.78,645.51
335.5,210.12,118.52,63.96,82.44,167.84,416.6,723.17,709.29,654.32,605.42,567.51
301.69,177.71,113.9,81.96,114.61,317.08,677.22,702.89,650.93,600.9,561.87,514.53
207.21,146.0,113.34,136.97,224.19,413.19,738.91,712.85,640.83,594.33,554.42,514.4
122.28,105.48,143.42,268.3,490.25,749.43,714.06,644.32,602.98,584.0,569.18,556.74
103.88,124.48,209.33,429.6,712.48,707.95,626.26,578.32,548.8,527.57,510.96,496.84
148.76,290.81,527.26,709.12,664.26,587.47,524.97,484.35,457.03,438.76,428.4,423.86
410.24,649.28,682.24,639.61,595.6,566.51,533.76,505.39,482.9,465.55,453.62,445.52
491.29,639.15,647.55,616.83,595.87,582.69,579.93,578.6,576.96,575.57,574.64,574.07
531.84,625.54,622.76,605.83,595.07,582.92,580.39,578.92,577.47,576.59,576.17,575.97
530.6,618.31,613.09,592.07,576.83,569.52,570.3,574.46,575.76,575.89,575.91,575.91
532.86,625.77,619.19,595.52,578.66,564.96,558.95,565.07,570.72,573.62,574.93,575.48
528.55,612.4,619.63,598.56,579.83,560.45,542.78,534.24,540.54,552.44,564.09,570.95
531.34,617.76,621.03,598.23,577.93,555.6,527.0,495.35,474.43,468.42,475.57,491.0
515.12,607.23,620.55,598.07,574.15,545.13,510.48,463.0,408.48,379.19,390.81,429.12
507.56,607.0,623.31,600.74,576.48,547.17,512.35,460.95,390.73,317.54,290.46,310.2
500.38,603.62,621.02,598.43,573.15,539.13,492.1,429.65,342.85,248.1,181.3,171.67
528.26,610.75,617.49,597.41,573.41,541.91,500.18,441.66,355.48,253.31,174.02,143.84
490.26,596.16,620.41,595.82,562.42,522.03,463.71,376.66,267.37,170.98,117.59,116.58
487.76,534.49,537.73,431.42,293.0,187.88,110.86,85.37,86.05,106.54,167.21,321.38
521.76,571.68,554.84,490.62,350.45,237.46,138.65,97.46,90.25,107.52,152.03,266.83
370.13,436.13,524.86,423.73,297.73,192.28,110.74,81.45,80.2,100.27,162.53,323.42
451.38,474.18,430.1,305.2,209.21,121.95,73.97,76.69,118.83,243.18,460.11,648.37
507.22,491.26,348.84,232.44,139.02,76.94,72.96,114.12,247.46,470.4,669.03,681.85
458.14,419.32,287.41,180.52,96.39,61.47,88.81,200.18,438.38,666.78,710.07,647.54
264.99,155.45,99.75,84.25,80.05,102.46,219.68,459.59,736.14,708.48,637.33,591.46
303.79,181.31,123.89,99.2,114.05,197.47,393.52,723.88,706.87,635.43,584.15,539.5
117.67,87.05,105.67,133.27,230.19,424.84,719.92,674.63,597.57,546.71,505.34,467.4
119.53,103.08,142.03,231.61,386.65,696.29,734.11,663.64,608.64,586.78,571.36,558.25
93.9,143.99,279.76,533.17,737.91,695.52,609.27,545.86,509.21,496.17,486.41,480.48
178.15,282.34,590.5,705.7,664.57,597.24,544.87,508.85,481.69,462.48,449.3,440.12
344.69,632.35,693.81,679.14,629.56,593.02,572.03,565.17,563.01,562.67,562.86,563.15
497.64,652.51,658.27,619.99,592.66,579.89,579.1,579.16,577.26,575.55,574.49,573.86
529.0,637.37,638.18,607.75,588.36,575.49,572.47,575.64,575.93,575.27,574.82,574.6
520.64,625.84,620.26,594.72,579.2,556.2,539.46,537.9,549.24,561.47,569.59,573.27
521.06,626.66,621.38,593.26,573.86,543.16,510.26,481.53,462.21,457.99,467.68,483.83
508.0,607.31,620.9,595.72,574.88,538.51,493.47,444.42,402.81,391.38,407.12,439.14
527.64,614.56,619.83,593.91,573.79,539.17,495.3,441.34,387.75,354.93,364.57,406.09
525.42,612.28,619.02,593.9,573.93,539.53,492.48,427.63,355.33,289.46,254.75,266.51
531.57,619.39,615.6,591.13,570.37,532.77,476.16,396.23,299.08,204.91,152.25,147.88
512.93,595.37,613.52,595.99,572.06,531.44,471.68,386.64,283.59,181.28,126.68,120.86
436.71,563.65,613.41,585.2,534.43,446.49,332.8,227.31,149.42,113.82,112.69,120.94
522.13,575.9,558.64,515.13,400.65,272.49,158.39,96.64,92.62,111.44,160.83,298.95
519.21,568.88,560.74,517.22,402.52,277.68,164.95,102.92,93.37,105.18,137.35,234.76
513.24,547.91,523.99,416.0,305.51,199.66,120.7,89.02,90.3,110.94,183.12,365.61
509.8,519.41,445.57,308.71,224.65,139.47,82.81,70.56,82.04,128.17,233.81,417.28
467.28,461.72,384.38,266.07,167.3,97.07,69.83,83.81,147.57,294.72,489.75,647.4
468.2,453.55,334.16,198.35,108.5,64.29,76.95,123.97,257.17,459.85,646.96,687.3
423.92,398.68,284.19,171.45,89.76,62.36,96.81,230.28,477.8,683.61,713.22,649.53
295.52,163.13,89.75,68.99,70.58,105.19,231.15,483.3,717.3,710.87,642.9,590.3
185.32,127.19,75.57,86.05,130.88,257.91,507.09,756.13,728.83,668.1,617.39,580.06
121.38,71.92,74.07,108.99,174.52,347.46,618.71,757.85,713.56,646.26,596.15,551.76
171.97,121.85,85.67,96.5,133.21,210.6,355.39,674.13,756.88,692.48,624.85,583.09
103.6,96.19,120.49,215.06,414.5,729.22,726.24,663.81,610.31,588.91,574.0,561.11
108.25,122.34,163.51,242.52,395.66,704.85,738.47,664.76,603.36,575.05,553.14,534.47
137.61,170.3,250.1,498.02,756.32,718.77,640.43,600.08,575.64,555.34,538.21,523.56
258.52,352.32,606.4,774.5,755.43,677.68,625.29,608.3,599.51,593.07,588.43,585.11
255.67,441.66,731.66,761.08,724.42,659.75,621.96,607.66,598.96,592.45,587.74,584.37
526.47,644.55,660.41,637.77,602.19,583.74,570.81,566.82,568.22,569.7,571.19,572.2
