173.14,268.19,572.96,722.24,729.43,728.11,726.66,726.0,725.75,725.66,725.63,725.62
182.43,414.88,684.27,710.06,711.63,707.96,705.33,704.1,703.58,703.36,703.26,703.22
624.99,661.49,695.95,700.22,695.19,686.69,680.25,676.07,673.07,670.66,668.54,666.54
627.75,660.65,694.72,699.05,694.09,685.71,679.39,675.37,672.57,670.4,668.59,666.96
627.88,665.22,686.1,686.09,682.33,676.57,672.32,669.27,666.83,664.69,662.65,660.57
623.12,662.0,685.22,685.99,682.3,676.56,672.32,669.27,666.83,664.69,662.65,660.57
613.92,656.27,680.37,684.63,681.68,676.24,672.12,669.12,666.71,664.58,662.54,660.45
603.33,640.58,665.29,680.69,679.91,675.32,671.53,668.68,666.34,664.24,662.2,660.09
603.66,642.46,654.42,667.07,669.81,668.66,666.55,664.48,662.46,660.37,658.09,655.45
601.51,640.46,651.13,658.38,651.6,642.37,632.86,619.45,598.32,563.42,509.8,417.97
599.09,634.66,650.28,658.75,644.4,617.1,583.1,533.73,459.75,344.37,268.67,228.49
599.1,635.47,648.41,656.8,639.97,601.27,536.91,449.23,332.27,258.27,223.69,225.57
601.37,636.11,636.95,642.56,620.27,567.39,465.16,329.72,250.18,218.45,224.12,243.09
598.35,629.85,618.58,615.0,581.76,498.54,361.92,264.02,215.24,216.99,232.83,271.35
596.2,623.87,596.34,557.21,481.43,343.98,248.64,208.85,216.2,233.71,280.15,459.07
596.95,623.47,585.86,512.26,368.47,260.71,209.27,213.68,229.49,266.37,417.67,662.93
592.95,616.24,580.38,500.18,329.68,222.02,204.92,218.1,241.9,334.31,594.89,696.05
494.36,511.12,519.79,455.69,290.29,198.38,202.55,222.97,297.59,551.46,713.26,714.19
452.65,448.47,424.37,280.66,175.58,181.9,198.06,221.68,301.45,563.35,714.46,714.69
376.16,278.16,220.54,176.51,182.66,200.36,252.91,457.46,713.64,718.99,719.01,719.03
344.66,245.87,186.05,174.32,182.24,203.09,286.04,565.74,720.07,719.85,719.78,719.78
295.68,213.86,160.23,171.08,185.32,210.13,318.56,625.2,720.83,720.17,720.07,720.06
293.75,208.89,155.91,170.4,191.28,229.32,390.78,698.29,721.1,720.63,720.56,720.56
164.79,119.2,151.49,221.58,390.42,695.41,715.52,711.6,709.56,708.72,708.84,711.64
99.43,129.05,187.77,334.32,684.85,738.75,739.06,739.08,739.08,739.08,739.08,739.08
148.2,378.51,672.28,699.92,701.76,698.04,695.38,694.14,693.61,693.38,693.29,693.25
304.62,595.9,707.26,722.55,721.84,716.88,713.21,711.31,710.39,709.95,709.74,709.64
500.59,653.04,723.46,736.1,731.16,724.22,720.32,718.62,717.98,717.74,717.66,717.63
577.29,644.05,702.77,714.02,705.82,695.1,687.03,681.98,678.48,675.7,673.28,670.98
573.96,640.45,699.9,713.04,705.24,694.6,686.61,681.65,678.24,675.58,673.3,671.18
622.88,661.54,688.83,690.68,681.25,671.46,664.05,657.25,649.48,639.1,623.51,598.5
617.59,660.87,687.03,689.86,680.92,671.28,663.91,657.1,649.29,638.84,623.09,597.81
608.78,651.35,679.92,688.49,680.43,671.01,663.7,656.88,649.02,638.45,622.47,596.8
600.22,638.95,661.23,682.73,678.22,669.77,662.71,655.83,647.69,636.53,619.45,591.81
596.42,633.08,647.49,669.12,669.78,663.98,657.36,649.65,639.34,623.87,599.07,556.42
587.99,612.73,638.82,667.26,661.54,651.12,640.39,625.31,601.37,560.45,496.43,393.17
592.88,624.88,634.05,650.82,634.57,598.0,544.23,468.71,351.83,276.76,235.41,220.34
589.49,615.43,618.71,635.55,614.41,556.87,457.15,333.88,261.63,227.05,218.07,222.22
589.69,611.43,587.07,566.22,515.53,408.26,293.97,230.95,213.0,215.95,224.61,235.48
590.07,610.11,569.6,504.08,395.62,287.77,222.79,207.01,212.65,222.19,233.37,246.06
577.96,582.01,551.62,481.83,343.24,244.39,206.53,207.56,216.49,226.99,239.06,252.26
584.56,597.75,552.25,466.02,315.37,218.12,198.86,207.23,217.33,228.19,241.3,262.41
563.51,567.33,553.07,491.65,331.46,208.57,192.36,201.2,213.29,238.02,332.26,588.43
403.09,307.22,246.32,185.57,181.82,192.77,216.37,313.53,607.95,717.28,716.39,716.15
265.53,218.38,181.11,178.77,184.13,201.87,264.21,506.2,718.03,719.52,719.53,719.54
267.43,208.49,162.76,174.78,187.88,212.13,322.64,632.12,722.29,721.66,721.57,721.55
187.32,132.72,151.05,200.17,247.96,362.68,520.06,578.65,524.47,424.93,318.55,260.13
122.61,92.66,129.78,184.24,263.63,547.45,723.31,724.51,724.68,724.71,724.72,724.71
80.04,121.01,166.81,244.58,473.31,706.78,722.33,725.97,726.55,726.63,726.61,726.44
246.71,483.2,693.42,722.28,727.59,726.38,725.16,724.64,724.46,724.4,724.37,724.33
467.61,646.6,715.73,733.88,737.89,736.69,735.57,735.12,734.97,734.92,734.91,734.9
449.46,631.6,711.38,733.37,738.02,736.96,735.89,735.45,735.31,735.26,735.25,735.24
616.73,656.92,694.7,703.74,702.46,696.62,691.72,688.81,687.22,686.63,687.98,692.33
634.26,673.03,688.62,690.85,689.4,685.12,682.26,680.75,679.95,679.52,679.29,679.16
633.84,672.34,688.53,690.87,689.42,685.13,682.26,680.75,679.95,679.52,679.29,679.16
631.57,671.47,688.41,690.82,689.39,685.12,682.25,680.75,679.95,679.52,679.29,679.16
624.71,666.24,687.04,690.58,689.31,685.09,682.24,680.74,679.95,679.52,679.29,679.16
615.31,655.48,679.42,689.01,688.71,684.82,682.11,680.68,679.91,679.5,679.28,679.15
602.69,629.8,666.15,693.03,695.8,692.67,689.52,687.56,686.43,685.78,685.4,685.17
604.77,638.26,663.34,680.2,681.71,682.48,683.29,683.88,684.23,684.3,683.52,681.59
603.79,637.24,658.19,672.75,667.13,661.28,661.45,664.52,668.1,671.26,673.85,675.79
601.15,632.14,644.09,661.0,652.13,629.26,601.35,567.61,524.19,449.67,343.83,269.94
599.26,627.26,620.94,619.39,597.16,536.96,430.57,313.44,238.0,226.71,259.73,421.26
574.98,598.94,601.27,586.93,545.48,454.37,318.81,233.43,221.56,252.03,397.1,689.64
602.95,633.91,601.76,530.15,380.24,262.49,210.98,231.63,306.77,562.75,705.21,705.44
601.85,631.56,598.06,520.67,345.44,221.56,209.56,236.6,356.32,647.63,706.02,705.49
602.29,629.05,588.95,501.77,310.63,197.85,207.79,239.65,364.59,655.32,705.86,705.39
482.46,342.17,235.3,187.17,218.48,335.12,630.87,706.35,705.56,705.38,705.35,705.34
484.42,337.53,237.58,197.78,241.78,428.62,710.22,720.29,720.18,720.17,720.17,720.17
346.5,254.18,208.01,238.32,419.45,711.17,723.66,723.79,723.83,723.84,723.84,723.84
181.44,156.99,237.11,517.23,739.19,743.34,743.88,744.66,747.55,750.62,751.28,751.29
139.25,180.72,323.8,671.24,736.15,737.58,737.69,737.7,737.7,737.7,737.7,737.7
216.81,422.14,677.55,713.57,719.12,717.52,716.04,715.4,715.16,715.08,715.05,715.03
318.37,579.28,684.71,712.21,717.05,714.95,713.22,712.48,712.2,712.09,712.06,712.04
622.14,665.11,702.35,707.72,704.74,698.15,692.8,689.62,687.82,686.8,686.35,687.03
634.83,672.42,692.45,693.02,690.24,685.46,682.36,680.75,679.9,679.44,679.19,679.05
633.1,674.44,692.89,692.85,690.12,685.4,682.33,680.74,679.89,679.44,679.19,679.05
628.94,666.75,701.26,705.92,703.13,696.83,691.72,688.7,687.01,686.05,685.5,685.17
619.49,660.32,688.55,692.46,690.03,685.37,682.32,680.73,679.89,679.43,679.19,679.05
608.89,645.27,681.98,700.13,700.08,695.1,690.79,688.2,686.73,685.89,685.39,685.05
600.89,630.33,668.24,691.09,692.27,690.01,687.9,686.58,685.81,685.36,685.09,684.93
595.66,624.48,663.57,684.52,680.56,678.16,679.46,681.18,682.47,683.32,683.86,684.19
603.4,637.15,668.28,680.75,670.41,658.05,651.78,651.08,652.18,653.92,656.17,658.96
593.07,622.6,661.83,682.24,670.8,650.9,627.41,604.13,576.33,538.78,476.69,369.31
604.5,641.37,665.46,676.76,664.75,641.0,603.21,543.89,465.24,349.2,271.28,231.78
603.25,639.78,643.02,654.11,642.3,607.98,543.81,434.62,310.52,232.73,225.12,258.84
600.86,633.84,621.88,610.63,580.16,506.31,372.42,266.86,213.53,231.18,298.89,544.09
596.13,623.18,610.85,575.14,498.27,359.0,256.09,211.13,231.63,304.12,562.69,719.39
603.54,636.86,610.16,544.96,404.07,275.65,210.21,227.81,289.97,524.71,703.73,705.26
601.32,634.12,604.03,530.36,362.09,228.41,205.58,229.76,329.6,610.15,706.14,705.48
598.93,623.73,578.5,484.01,294.4,193.13,205.68,232.06,332.98,613.47,705.99,705.36
503.07,383.72,268.7,194.92,220.76,337.83,633.7,706.37,705.59,705.42,705.38,705.37
473.47,329.25,226.41,190.38,227.11,373.74,673.75,706.33,705.54,705.38,705.35,705.35
397.8,257.71,187.19,205.7,307.99,614.16,721.13,720.37,720.24,720.22,720.22,720.22
358.9,256.68,205.61,231.31,394.03,703.82,723.92,723.67,723.65,723.65,723.65,723.65
229.21,173.95,193.49,348.95,685.45,731.8,732.31,732.44,732.46,732.46,732.46,732.46
227.94,207.22,288.1,561.28,730.34,730.52,729.15,728.51,728.27,728.19,728.2,728.46
363.19,551.86,705.11,732.99,738.51,737.64,736.64,736.24,736.11,736.07,736.05,736.05
622.83,652.61,690.55,702.62,702.16,696.71,692.07,689.27,687.68,686.76,686.22,685.89
608.69,642.04,686.8,701.63,701.53,696.09,691.42,688.62,687.04,686.14,685.63,685.32
628.88,660.7,682.51,689.28,688.81,684.85,682.13,680.69,679.92,679.51,679.28,679.16
618.98,653.07,678.45,688.59,688.55,684.75,682.08,680.67,679.91,679.5,679.28,679.16
609.78,642.25,663.14,684.19,686.88,684.01,681.73,680.48,679.81,679.45,679.25,679.14
598.92,623.15,648.2,679.81,687.27,687.68,686.74,685.99,685.53,685.26,685.09,685.0
564.47,593.82,636.46,675.35,678.64,679.07,680.72,682.18,683.19,683.84,684.24,684.48
595.44,617.09,641.3,666.37,661.2,650.57,644.92,642.79,641.13,639.02,636.02,631.67
552.41,588.29,636.48,673.13,666.3,647.42,625.89,605.89,581.38,547.02,491.79,391.42
588.93,607.31,637.29,667.62,659.8,635.21,595.71,534.16,453.97,341.33,265.32,231.54
588.19,606.17,635.67,666.71,659.1,633.68,589.86,510.14,391.67,295.89,233.11,231.74
590.55,608.64,632.53,662.18,654.77,627.32,578.9,486.3,344.86,253.35,221.57,245.36
598.49,620.78,610.76,618.0,598.7,538.1,425.21,297.95,219.98,223.26,259.79,430.51
593.23,608.55,584.24,553.8,492.6,365.17,262.69,211.58,229.73,292.23,528.47,703.89
600.14,617.99,571.64,486.95,328.51,228.43,211.3,237.43,337.53,618.04,705.98,705.5
601.47,618.83,569.64,470.4,297.18,208.02,220.32,270.19,473.19,700.22,705.25,705.31
600.61,617.9,567.93,464.59,286.45,198.33,213.51,262.75,452.92,697.1,705.33,705.25
532.64,436.83,309.27,208.52,215.95,290.57,550.96,705.12,705.5,705.4,705.38,705.38
507.71,388.54,288.11,211.85,231.01,363.12,662.45,706.29,705.57,705.43,705.4,705.39
403.11,292.12,220.65,220.71,334.07,649.39,721.67,721.01,720.92,720.91,720.9,720.9
363.99,275.8,229.43,256.16,460.9,707.74,712.27,718.33,722.77,723.89,724.09,724.12
203.49,166.27,241.55,500.24,737.04,743.49,744.27,744.38,744.4,744.4,744.4,744.4
282.84,372.07,620.37,731.29,738.42,737.62,736.62,736.22,736.09,736.05,736.04,736.03
470.85,643.62,717.18,734.27,738.05,736.81,735.68,735.22,735.07,735.02,735.01,735.0
628.48,661.85,696.85,704.1,702.48,696.6,691.72,688.81,687.18,686.25,685.71,685.4
634.86,672.9,689.28,691.13,689.51,685.17,682.28,680.77,679.97,679.54,679.3,679.17
631.29,669.14,688.65,691.16,689.56,685.2,682.3,680.78,679.97,679.54,679.3,679.17
624.7,662.66,686.66,690.95,689.5,685.18,682.29,680.77,679.97,679.54,679.3,679.17
617.15,656.3,678.89,688.64,688.53,684.73,682.08,680.66,679.91,679.5,679.28,679.16
608.49,636.33,669.09,691.57,694.29,691.72,689.0,687.27,686.27,685.69,685.35,685.15
611.84,649.69,663.09,671.92,673.23,674.53,676.1,677.26,677.99,678.43,678.68,678.82
610.55,644.03,666.4,674.86,666.44,658.5,656.85,658.72,661.63,664.94,668.34,671.49
609.3,640.97,665.35,675.91,664.95,646.07,625.74,607.42,584.64,552.12,500.88,407.14
607.46,636.19,663.42,676.37,664.91,642.06,607.9,560.98,502.99,406.68,317.1,250.1
606.41,633.88,662.05,676.32,664.88,641.27,602.23,535.97,440.44,326.21,250.9,228.83
609.26,642.36,660.26,668.78,657.5,631.37,585.66,498.58,362.7,267.88,222.74,239.43
607.8,641.56,640.07,648.09,634.44,595.76,519.06,390.6,280.12,215.92,228.6,284.26
604.67,632.86,621.95,615.23,589.44,522.22,398.6,284.07,215.31,225.8,271.8,471.62
606.16,636.03,607.11,550.15,445.01,310.29,224.36,216.87,246.15,377.25,664.27,705.81
605.89,635.21,602.22,527.43,367.52,244.54,208.68,232.72,318.52,586.9,705.8,705.49
606.68,634.37,599.0,518.32,337.87,212.57,207.92,235.88,355.07,646.37,706.02,705.48
539.28,450.22,318.67,212.72,214.06,275.63,512.73,703.71,705.41,705.39,705.38,705.38
472.66,314.06,217.4,194.55,237.48,414.53,705.21,714.31,708.14,705.95,705.46,705.37
469.47,315.6,219.25,200.68,256.25,482.3,717.62,720.16,720.17,720.18,720.18,720.18
318.72,251.43,221.52,261.59,489.11,712.74,717.09,722.8,725.55,726.12,726.21,726.22
136.37,192.97,345.15,681.08,742.9,744.29,744.35,744.35,744.35,744.35,744.35,744.35
160.55,317.06,629.32,707.28,713.63,711.57,709.65,708.75,708.39,708.25,708.19,708.17
319.01,584.07,707.96,731.58,735.82,733.93,732.28,731.55,731.26,731.16,731.12,731.1
591.54,654.99,703.71,714.14,713.73,709.06,705.43,703.44,702.44,701.94,701.7,701.58
634.23,673.49,701.01,704.84,702.5,696.45,691.44,688.07,684.76,681.8,680.35,679.68
631.87,671.09,691.05,692.15,689.9,685.32,682.31,680.74,679.91,679.46,679.22,679.08
625.09,660.91,697.52,704.54,702.48,696.48,691.56,688.63,686.99,686.06,685.52,685.2
616.32,659.75,684.4,690.47,689.22,685.01,682.17,680.67,679.87,679.44,679.21,679.08
607.6,648.75,671.49,685.64,687.05,684.0,681.68,680.42,679.74,679.37,679.17,679.05
606.73,649.03,665.03,675.56,678.4,679.0,679.01,678.97,678.95,678.93,678.93,678.92
601.91,638.89,665.96,678.23,673.1,670.02,672.03,675.3,677.94,678.89,678.85,678.84
603.55,643.32,662.39,669.69,660.2,643.38,627.26,613.32,595.41,568.73,528.31,457.95
561.52,609.18,656.75,681.2,670.74,650.32,624.09,595.27,559.68,512.07,427.21,330.23
538.55,601.46,653.99,681.07,670.81,649.1,615.61,565.5,494.52,386.5,301.03,241.05
487.83,563.45,638.13,678.68,670.15,648.23,612.81,553.05,455.38,329.41,250.41,226.58
575.86,598.61,615.39,639.62,634.39,597.28,522.38,396.38,284.73,217.45,227.67,278.48
596.47,627.26,604.2,561.56,481.38,342.62,244.44,211.28,234.24,316.71,581.57,705.61
594.11,622.65,598.39,536.66,399.06,276.87,211.51,226.92,280.87,499.48,702.3,705.2
597.05,628.02,598.36,526.05,357.97,229.53,207.75,233.37,340.36,626.06,706.1,705.48
597.24,628.59,597.69,522.45,345.98,210.62,201.67,222.77,307.97,573.3,705.63,705.42
513.09,415.12,293.27,194.2,196.65,227.27,356.16,654.95,706.22,705.51,705.36,705.33
459.45,309.53,212.29,190.93,229.75,384.45,679.89,706.28,705.5,705.35,705.32,705.31
308.75,222.88,180.21,218.48,378.34,697.61,722.24,721.8,721.74,721.73,721.73,721.73
256.51,209.63,194.66,243.63,455.07,721.63,727.68,727.88,727.92,727.92,727.92,727.92
108.21,159.38,249.55,530.71,726.14,730.94,731.12,731.11,731.11,731.11,731.11,731.11
147.43,331.78,657.03,706.12,711.15,708.43,706.43,705.62,705.32,705.22,705.19,705.17
348.48,602.12,709.67,729.84,734.14,732.98,731.85,731.38,731.22,731.17,731.15,731.14
626.24,666.0,700.6,706.34,703.93,697.63,692.48,689.4,687.66,686.65,686.06,685.7
614.29,654.72,696.62,705.14,703.19,696.95,691.8,688.73,687.04,686.22,686.68,690.12
634.75,674.56,701.95,704.84,700.22,690.01,683.92,681.39,680.18,679.55,679.21,679.02
630.46,672.33,691.43,692.11,689.8,685.22,682.21,680.63,679.8,679.35,679.1,678.96
622.26,666.0,689.54,691.77,689.67,685.16,682.18,680.62,679.79,679.34,679.09,678.96
612.99,654.31,680.44,689.83,688.94,684.83,682.03,680.54,679.75,679.32,679.08,678.95
608.88,650.76,669.69,682.19,684.67,682.76,681.0,680.01,679.46,679.16,678.99,678.9
608.35,650.51,665.81,673.19,673.32,674.08,675.61,676.84,677.64,678.12,678.41,678.57
606.55,646.77,664.25,670.8,663.28,653.63,649.46,648.97,649.41,650.16,651.17,652.46
603.75,638.62,666.81,678.25,666.66,647.01,624.69,603.52,577.24,540.56,479.97,373.55
604.83,643.5,660.91,669.02,658.12,632.9,592.06,527.26,441.21,332.58,258.15,230.6
597.58,625.3,654.88,675.67,664.9,641.21,601.73,533.19,431.51,319.26,245.16,228.29
592.11,616.08,638.17,664.59,656.76,630.02,583.24,493.62,354.1,260.18,221.41,241.63
604.62,637.87,617.43,585.97,530.52,420.71,298.29,220.07,222.0,256.12,416.9,685.03
596.14,623.1,606.02,556.33,448.1,308.22,222.7,217.75,247.84,385.16,670.44,705.86
594.66,621.18,602.55,542.85,397.53,266.32,207.72,228.63,300.86,552.79,705.23,705.41
519.03,546.05,567.84,537.61,403.46,261.13,202.28,221.59,289.44,535.3,719.05,719.99
363.86,275.52,223.59,180.35,184.83,202.42,261.0,486.61,717.25,719.9,719.95,719.96
394.71,250.88,169.24,171.48,187.31,215.07,334.28,646.28,720.56,719.86,719.75,719.74
328.92,219.9,157.41,173.02,207.37,318.75,628.43,721.11,720.43,720.32,720.31,720.3
245.77,197.34,182.33,247.29,496.63,725.75,728.79,728.94,728.96,728.96,728.97,728.97
189.44,154.13,213.68,449.3,737.04,744.11,744.72,744.8,744.81,744.81,744.81,744.81
149.31,254.76,542.29,718.56,724.47,721.69,719.24,717.99,717.43,717.18,717.07,717.03
275.46,506.63,700.9,723.61,726.84,724.59,722.74,721.91,721.59,721.47,721.43,721.41
380.63,628.17,711.76,726.71,728.37,725.48,723.37,722.44,722.09,721.97,721.92,721.9
383.53,625.21,712.84,727.06,727.75,724.4,722.06,721.03,720.63,720.49,720.43,720.42
495.01,652.92,725.34,738.06,734.41,729.07,726.0,724.69,724.21,724.04,723.98,723.96
624.56,663.03,701.39,707.37,698.7,687.13,678.49,673.08,669.18,665.91,662.81,659.54
620.26,664.32,691.07,693.35,684.99,676.55,670.83,666.65,663.04,659.48,655.55,650.79
610.88,655.35,685.35,692.28,684.62,676.37,670.72,666.57,662.97,659.4,655.46,650.68
602.45,643.96,669.16,687.39,682.76,675.4,670.1,666.07,662.5,658.91,654.9,649.97
599.19,639.34,657.44,676.57,676.14,671.43,667.25,663.62,660.09,656.25,651.68,645.75
595.2,632.14,652.75,669.82,663.93,656.69,651.21,644.96,636.25,623.09,602.2,567.3
595.27,632.36,650.87,666.5,653.73,630.11,602.83,564.63,508.07,413.97,316.25,250.2
594.28,629.83,645.59,663.01,648.44,613.26,559.17,480.82,366.41,286.77,236.18,220.46
582.78,604.03,633.96,668.06,655.97,622.02,565.44,468.76,344.07,266.14,225.71,220.39
592.72,620.95,605.2,598.83,567.2,481.15,339.5,250.14,212.91,216.09,229.08,251.74
589.47,612.34,584.7,540.45,459.38,322.58,236.37,207.34,214.97,228.8,254.03,334.33
586.11,604.73,580.0,522.22,400.28,284.15,215.67,208.5,220.14,237.88,281.64,435.91
552.21,560.55,555.72,507.45,367.68,246.19,202.03,211.4,226.69,262.51,406.75,662.51
475.7,475.58,468.01,367.42,247.4,187.28,196.02,214.36,277.63,503.04,710.43,713.16
354.39,271.67,238.2,190.66,185.28,196.22,225.15,354.0,667.94,719.96,719.34,719.24
320.28,237.58,185.95,177.42,182.45,201.67,275.01,538.82,719.11,719.47,719.42,719.42
315.89,226.9,173.24,174.99,188.08,214.76,335.71,650.41,720.63,719.97,719.87,719.85
319.37,217.38,157.23,172.58,206.25,312.55,618.81,721.06,720.39,720.29,720.28,720.27
305.56,212.09,165.0,195.62,298.51,602.51,721.86,721.33,721.24,721.23,721.23,721.23
195.65,155.67,211.19,427.41,730.93,742.53,743.7,743.88,743.9,743.91,743.91,743.91
71.47,170.96,342.08,666.04,706.2,709.77,714.7,717.47,718.31,718.53,718.57,718.58
327.57,581.1,685.32,712.02,716.76,714.75,713.05,712.3,712.01,711.9,711.86,711.84
422.29,626.53,710.12,732.55,737.25,736.19,735.12,734.69,734.54,734.5,734.48,734.48
534.98,651.15,711.88,727.35,730.0,727.64,725.73,724.87,724.52,724.39,724.35,724.33
632.28,667.12,696.07,702.94,701.63,696.0,691.3,688.5,686.93,686.03,685.51,685.21
633.37,668.76,686.65,690.45,689.26,685.03,682.18,680.69,679.89,679.46,679.22,679.09
631.48,670.05,686.99,690.3,689.16,684.98,682.16,680.67,679.88,679.45,679.22,679.09
624.97,665.49,685.89,690.11,689.09,684.96,682.15,680.67,679.88,679.45,679.22,679.09
614.81,653.01,678.86,689.16,688.79,684.83,682.09,680.64,679.86,679.44,679.21,679.09
606.66,642.81,667.46,684.66,686.57,683.78,681.58,680.37,679.72,679.37,679.17,679.06
605.9,643.87,656.66,671.06,675.66,677.37,678.07,678.44,678.65,678.77,678.84,678.88
599.95,630.85,654.03,671.76,668.03,664.52,666.2,669.84,673.66,677.0,679.6,681.4
600.38,632.61,636.54,650.4,640.41,613.23,577.43,532.13,462.53,353.38,277.7,235.93
603.02,632.97,608.83,576.91,520.93,408.1,299.6,226.16,225.75,262.61,437.27,691.04
595.86,620.18,596.23,541.08,428.97,302.26,222.47,222.41,256.3,416.82,684.96,705.95
602.56,631.06,595.32,515.93,344.16,230.26,214.04,242.09,368.93,658.86,705.86,705.45
604.42,632.65,598.2,518.64,338.7,212.76,208.28,237.44,360.47,652.23,705.94,705.43
602.29,630.54,593.85,510.6,322.7,199.23,203.68,226.26,311.88,578.13,705.64,705.37
519.19,426.99,300.97,194.79,196.91,227.43,355.66,654.12,706.21,705.5,705.35,705.32
424.5,287.19,200.21,192.79,237.87,417.26,707.42,720.32,720.09,720.07,720.06,720.06
279.41,227.0,206.85,259.7,498.78,723.13,727.45,728.03,728.15,728.17,728.17,728.17
271.07,222.94,228.34,341.91,664.95,719.62,714.59,712.22,712.71,718.69,727.82,731.72
135.22,159.21,285.38,643.52,738.36,740.3,740.46,740.48,740.48,740.48,740.48,740.48
261.1,384.09,648.43,727.92,734.69,734.0,733.03,732.64,732.51,732.46,732.45,732.45
239.2,494.21,693.56,722.86,728.13,726.44,724.87,724.18,723.91,723.81,723.77,723.76
616.57,660.75,697.28,705.18,703.52,697.53,692.54,689.57,687.89,687.03,687.2,690.08
635.62,673.47,692.46,692.4,689.91,685.33,682.35,680.8,679.99,679.54,679.3,679.17
633.94,670.72,689.05,691.36,689.64,685.24,682.31,680.78,679.98,679.54,679.3,679.17
630.6,668.89,689.51,691.54,689.69,685.26,682.32,680.79,679.98,679.54,679.3,679.17
621.96,662.27,685.78,690.55,689.32,685.1,682.25,680.75,679.96,679.53,679.29,679.17
613.14,652.95,675.56,687.64,688.13,684.56,681.99,680.62,679.89,679.49,679.27,679.15
608.38,646.23,664.89,679.81,683.36,682.19,680.81,680.0,679.56,679.31,679.17,679.1
578.23,616.64,657.01,682.58,681.99,681.07,682.03,683.03,683.73,684.17,684.44,684.61
604.7,636.56,663.06,676.33,668.0,658.24,654.88,656.03,658.65,661.97,665.78,669.82
608.66,648.36,659.37,665.53,654.91,631.25,599.71,560.08,510.42,423.39,327.86,257.42
598.16,623.98,656.35,676.67,665.99,643.3,608.36,558.17,494.49,390.35,305.26,244.05
572.14,612.05,651.36,677.34,667.68,645.16,608.22,546.2,452.74,332.4,254.86,228.18
604.12,637.44,625.56,621.4,597.49,534.97,420.0,296.19,219.84,224.35,263.14,442.13
605.78,636.69,608.57,555.19,459.56,320.79,231.84,216.28,243.66,362.02,649.65,705.75
605.52,636.08,604.17,531.52,378.21,255.96,209.17,231.36,308.86,567.78,705.37,705.45
599.49,625.75,601.57,534.35,373.3,239.92,205.85,229.61,320.1,592.78,705.98,705.5
604.55,631.38,592.27,506.62,316.61,198.29,205.86,232.82,338.41,622.46,706.06,705.43
528.81,419.25,290.76,200.6,218.97,320.87,607.16,706.31,705.6,705.42,705.39,705.38
465.81,314.41,215.8,190.47,228.47,379.36,677.19,706.31,705.51,705.36,705.33,705.33
406.03,266.7,193.04,206.09,301.0,602.32,721.12,720.41,720.29,720.27,720.27,720.27
339.87,251.85,207.67,237.75,415.83,710.97,724.66,724.7,724.72,724.73,724.73,724.73
226.45,174.54,213.82,414.99,723.46,736.21,734.82,733.68,733.44,733.41,733.4,733.4
226.19,224.09,360.89,662.4,731.96,731.1,732.94,735.42,735.96,736.06,736.11,736.12
416.75,610.68,710.48,733.54,738.37,737.39,736.36,735.95,735.81,735.77,735.76,735.75
612.41,652.84,691.21,703.12,702.55,696.98,692.22,689.37,687.75,686.84,686.51,687.57
624.93,652.41,690.46,701.93,701.41,695.97,691.33,688.56,687.0,686.12,685.6,685.3
631.06,664.12,685.97,690.5,689.25,685.05,682.22,680.74,679.95,679.53,679.29,679.17
622.15,659.17,681.7,689.09,688.73,684.83,682.12,680.69,679.92,679.51,679.29,679.16
613.99,649.46,670.7,686.27,687.64,684.34,681.89,680.57,679.86,679.48,679.27,679.15
599.51,623.08,654.91,686.94,692.2,690.63,688.41,686.95,686.09,685.58,685.29,685.12
599.15,623.41,650.14,675.25,678.09,679.59,681.29,682.59,683.46,684.01,684.34,684.55
594.44,616.59,647.02,672.5,667.59,660.63,659.91,662.65,666.42,670.45,674.29,677.55
594.34,616.49,646.8,671.69,663.14,644.12,622.98,603.14,577.87,541.9,482.61,377.35
600.86,628.21,650.02,668.27,658.44,633.34,594.08,534.68,457.92,345.58,269.37,232.56
542.15,594.12,643.62,675.53,667.13,644.71,607.9,547.41,459.61,340.11,261.98,229.24
596.11,619.4,642.26,666.17,657.32,630.91,584.79,496.88,360.22,265.98,222.58,240.34
597.34,622.38,629.55,649.01,638.72,602.69,532.79,413.86,293.39,219.23,225.39,267.81
598.48,622.02,599.11,577.91,533.51,433.04,304.35,222.47,220.6,252.82,404.44,680.46
602.68,625.8,585.23,511.67,365.2,255.97,210.15,230.57,298.8,544.62,704.58,705.38
600.75,623.64,579.9,490.55,311.45,212.92,216.75,251.61,407.8,683.09,706.07,705.47
602.77,624.77,579.96,486.8,298.52,200.67,213.47,261.28,447.7,695.95,705.44,705.29
550.35,487.83,375.32,266.15,211.61,234.57,344.67,633.1,706.08,705.54,705.41,705.39
477.28,322.01,223.41,191.95,230.69,386.95,681.04,706.31,705.53,705.38,705.35,705.35
382.78,272.96,208.3,218.75,337.27,657.46,721.97,721.33,721.24,721.22,721.22,721.22
318.28,250.43,220.92,264.15,498.86,713.71,717.93,723.37,725.78,726.26,726.34,726.35
209.21,175.4,263.21,536.81,733.56,741.03,743.78,744.34,744.42,744.43,744.44,744.53
118.29,302.06,618.5,699.28,703.63,700.47,698.31,697.42,697.09,696.96,696.92,696.91
338.92,597.47,695.45,717.86,721.74,719.65,718.02,717.32,717.05,716.96,716.92,716.91
621.68,663.3,699.29,705.67,703.25,696.81,691.56,688.42,686.64,685.64,685.36,686.94
635.12,672.56,691.95,692.06,689.38,684.64,681.53,679.87,678.97,678.47,678.19,678.02
633.0,672.0,693.37,692.55,689.5,684.68,681.54,679.88,678.98,678.47,678.19,678.02
626.37,665.11,698.63,704.23,701.7,695.16,688.78,683.45,680.6,679.31,678.65,678.29
612.8,642.56,686.18,702.62,701.21,695.28,690.37,687.44,685.78,684.82,684.26,683.92
586.54,620.92,666.01,696.57,698.07,693.5,689.4,686.91,685.48,684.65,684.16,683.87
607.6,647.33,664.49,675.07,677.0,677.45,677.61,677.69,677.74,677.77,677.78,677.79
606.99,646.34,663.04,670.19,664.71,659.38,659.23,661.37,664.13,667.05,669.84,672.27
603.09,634.98,664.47,677.73,666.62,649.62,634.29,622.82,609.51,589.9,559.66,512.98
583.47,617.66,657.28,680.03,669.05,647.5,618.0,582.5,537.46,471.53,361.78,284.43
599.82,627.54,659.04,677.14,665.54,641.76,602.99,538.73,448.43,332.51,256.31,228.47
594.09,619.14,650.41,674.82,664.48,640.34,599.58,525.41,408.57,302.17,232.49,227.32
601.2,632.55,629.39,634.7,617.3,568.75,471.58,325.9,236.36,218.84,245.75,366.55
600.75,630.81,609.97,572.57,502.5,370.51,266.5,211.92,227.33,278.72,491.52,701.18
603.17,634.67,605.89,539.22,399.95,276.96,211.4,225.29,272.44,473.81,699.36,704.76
602.77,633.83,604.29,532.28,368.93,237.25,206.35,230.16,319.23,590.68,705.6,705.14
604.84,634.16,600.72,522.02,343.05,209.02,202.51,224.34,313.13,582.86,705.73,705.32
534.53,463.42,337.46,227.04,207.53,242.64,400.7,683.37,706.22,705.53,705.4,705.38
455.38,298.68,204.74,195.87,243.39,437.39,712.1,720.14,720.09,720.09,720.09,720.1
405.51,269.53,196.29,208.67,310.88,618.15,721.31,720.56,720.43,720.41,720.4,720.4
224.93,166.42,189.7,355.6,693.86,732.2,732.51,732.56,732.57,732.57,732.57,732.57
136.34,153.53,255.32,590.73,739.41,742.6,742.8,742.82,742.82,742.82,742.82,742.82
160.44,281.17,581.11,723.59,729.38,727.21,725.2,724.22,723.8,723.63,723.56,723.53
344.37,600.95,714.33,731.75,735.33,734.08,732.93,732.46,732.3,732.25,732.24,732.23
631.29,668.79,702.49,706.73,703.53,696.87,691.51,688.33,686.54,685.5,684.89,684.52
619.67,654.93,697.99,705.93,703.28,696.65,691.24,688.03,686.23,685.2,684.6,684.25
632.79,671.39,692.82,693.14,689.96,685.01,681.8,680.12,679.21,678.71,678.43,678.26
627.18,669.72,692.52,692.88,689.82,684.94,681.77,680.11,679.2,678.71,678.42,678.26
618.24,661.65,688.13,692.01,689.49,684.79,681.7,680.07,679.18,678.69,678.42,678.26
610.75,653.42,676.52,687.58,687.55,683.88,681.26,679.84,679.06,678.62,678.38,678.24
607.74,648.69,668.53,679.22,680.87,680.12,679.28,678.76,678.46,678.29,678.19,678.13
601.16,631.01,666.14,682.97,677.45,674.16,675.63,677.96,679.89,681.27,682.19,682.78
597.19,625.25,662.69,681.52,671.02,657.09,648.46,645.55,644.24,642.91,641.11,638.58
537.07,605.57,658.4,682.78,671.89,651.63,626.86,600.93,569.41,527.33,455.26,347.44
604.08,640.91,657.71,667.74,656.56,629.9,584.79,506.45,394.75,302.2,238.14,230.75
562.36,610.08,654.89,680.66,669.89,647.39,611.16,549.78,451.35,327.4,249.46,226.28
601.1,634.61,629.69,633.5,615.37,565.61,466.89,321.95,233.91,219.71,247.92,377.22
599.34,628.89,614.5,584.8,525.66,410.1,293.54,218.31,221.8,255.66,414.75,683.76
599.48,629.26,607.82,552.39,431.7,296.84,217.09,220.19,252.89,405.74,680.67,705.63
595.2,619.96,603.65,547.3,404.99,269.55,206.92,227.02,295.8,546.59,719.17,719.86
599.25,629.24,601.41,531.87,365.43,225.21,201.15,221.75,301.72,560.33,705.21,705.31
506.43,393.89,275.28,195.35,217.47,317.66,602.82,706.26,705.59,705.41,705.38,705.37
476.78,337.96,238.49,198.17,242.97,432.08,710.95,720.26,720.17,720.17,720.17,720.17
377.62,269.64,207.69,225.84,371.68,693.24,722.91,722.5,722.46,722.45,722.45,722.45
236.37,181.21,183.25,303.12,633.74,731.19,731.41,731.46,731.46,731.46,731.46,731.46
179.31,165.34,248.27,513.98,739.76,748.67,749.75,749.9,749.93,749.93,749.93,749.93
166.82,281.46,581.38,725.3,731.34,729.39,727.55,726.67,726.31,726.17,726.11,726.09
481.42,655.14,723.04,735.46,737.92,736.34,735.09,734.58,734.41,734.36,734.34,734.34
519.84,659.46,722.9,735.4,737.81,736.19,734.91,734.4,734.22,734.17,734.15,734.14
490.08,651.77,720.27,734.91,737.97,736.52,735.3,734.81,734.65,734.6,734.58,734.58
611.6,655.36,697.39,705.57,703.45,697.14,692.24,690.98,693.87,696.87,698.53,699.53
634.84,672.32,691.56,692.38,689.87,685.19,682.13,680.52,679.67,679.2,678.95,678.8
633.6,674.31,692.02,692.27,689.79,685.15,682.1,680.51,679.66,679.2,678.94,678.8
629.08,671.49,691.57,692.19,689.77,685.14,682.1,680.51,679.66,679.2,678.95,678.8
620.93,664.09,688.7,691.66,689.57,685.05,682.07,680.54,680.0,681.45,687.98,697.22
614.4,655.88,678.63,688.52,688.27,684.46,681.78,680.35,679.58,679.16,678.93,678.8
610.04,651.41,668.85,680.27,682.96,681.77,680.43,679.63,679.19,678.94,678.81,678.73
610.65,650.88,663.88,671.25,670.58,671.02,673.09,675.04,676.44,677.33,677.88,678.2
609.1,648.05,656.86,664.49,656.38,642.74,632.41,623.73,612.34,595.06,568.2,527.29
606.46,644.03,646.03,654.28,642.21,611.27,564.91,504.39,407.72,317.17,249.65,231.93
596.56,620.61,638.93,662.24,653.92,626.62,582.95,514.42,419.53,321.42,250.62,230.68
597.42,621.73,620.27,619.08,596.63,535.67,422.68,302.14,225.66,224.61,260.08,430.05
601.01,629.45,611.61,567.28,477.4,332.93,240.69,215.69,240.16,339.36,618.56,705.7
584.36,605.04,602.65,563.5,452.99,302.57,218.32,220.95,255.06,415.85,698.88,720.37
592.93,611.94,602.14,551.81,414.18,271.88,205.56,225.78,297.97,554.15,719.68,720.07
414.22,288.24,200.33,174.94,188.3,211.59,309.28,603.28,720.67,719.99,719.88,719.86
337.67,230.56,165.55,172.43,191.07,225.57,375.43,690.44,720.82,720.26,720.18,720.17
312.53,215.9,156.81,170.69,199.07,269.96,531.2,719.79,720.45,720.44,720.45,720.45
365.02,248.53,185.68,207.42,316.03,627.5,721.5,720.77,720.65,720.63,720.62,720.62
204.3,160.39,216.06,437.82,733.47,743.46,744.4,744.54,744.55,744.56,744.56,744.56
138.13,206.79,376.16,684.83,742.15,744.24,744.52,744.56,744.57,744.57,744.57,744.57
143.46,325.46,653.03,702.8,706.17,702.91,700.57,699.54,699.13,698.97,698.9,698.88
293.01,587.11,707.87,724.03,723.94,719.33,715.93,714.2,713.39,713.02,712.84,712.77
417.77,637.51,719.15,731.97,729.73,724.99,722.09,720.86,720.4,720.23,720.18,720.16
560.45,648.26,714.63,728.93,720.79,705.53,694.35,687.86,683.96,681.35,679.4,677.85
625.36,663.67,690.66,694.68,685.74,675.17,667.96,662.24,656.59,649.98,641.22,628.31
621.84,664.58,690.28,694.27,685.56,675.07,667.9,662.18,656.52,649.9,641.1,628.13
614.03,658.17,687.01,693.67,685.37,674.98,667.84,662.13,656.46,649.83,641.0,627.97
605.79,646.27,673.43,690.47,684.26,674.42,667.46,661.79,656.09,649.36,640.33,626.94
601.25,639.22,657.56,680.96,680.11,672.21,665.85,660.29,654.41,647.2,637.25,622.14
600.03,637.13,650.84,668.82,667.42,661.57,655.7,648.84,639.59,625.8,603.87,566.88
596.81,634.17,647.67,663.65,653.63,633.61,610.89,577.78,523.89,439.83,327.04,257.86
594.36,628.38,640.96,660.24,646.85,611.84,560.39,486.71,376.69,295.84,242.13,220.88
586.87,609.67,629.89,660.62,649.15,610.9,545.65,446.04,326.12,255.8,223.52,218.88
590.15,614.27,600.4,600.63,576.04,498.06,366.6,271.55,222.38,212.77,220.08,231.97
588.11,607.64,579.03,536.94,465.2,334.32,247.97,210.14,210.36,220.04,232.7,249.94
587.45,605.34,573.04,509.92,391.7,283.87,217.69,205.56,214.06,225.61,240.5,262.75
588.31,607.62,572.34,502.03,360.83,245.47,202.1,208.26,219.23,232.68,255.44,315.87
499.59,504.83,504.54,438.18,291.9,196.06,194.55,204.6,225.57,302.18,550.42,705.18
410.89,306.13,245.67,188.99,180.23,189.46,207.38,264.94,485.57,710.7,713.26,713.29
380.46,276.16,210.88,177.91,186.16,205.05,277.14,536.52,719.12,719.56,719.52,719.52
318.95,239.06,186.71,177.02,183.83,204.61,291.19,577.23,720.38,720.0,719.91,719.9
343.81,229.63,165.58,188.63,250.24,482.93,717.87,720.14,720.15,720.16,720.16,720.16
346.12,241.22,190.39,205.87,311.0,624.77,724.7,724.28,724.24,724.24,724.24,724.24
193.38,147.57,185.68,363.91,707.1,743.29,744.01,744.13,744.14,744.14,744.14,744.14
173.89,159.6,227.93,481.27,737.93,746.6,749.33,749.68,749.68,749.68,749.68,749.68
386.02,591.02,708.97,733.44,738.48,737.55,736.53,736.13,736.0,735.96,735.95,735.94
440.46,623.49,710.77,733.47,738.24,737.23,736.18,735.76,735.62,735.58,735.57,735.56
602.63,648.17,690.79,703.41,702.88,697.53,694.53,696.24,698.58,699.84,700.64,701.08
633.88,665.88,684.41,689.78,689.02,684.95,682.18,680.72,679.94,679.52,679.29,679.16
632.2,667.35,684.74,689.63,688.93,684.91,682.16,680.71,679.93,679.52,679.29,679.16
628.17,664.98,684.27,689.62,689.36,687.71,692.15,699.54,703.73,705.0,705.31,705.37
621.12,658.6,681.3,689.02,688.7,684.82,682.12,680.68,679.92,679.51,679.29,679.16
613.68,648.75,668.95,685.48,687.31,684.2,681.82,680.53,679.84,679.47,679.26,679.15
603.53,637.28,655.07,676.65,682.37,681.81,680.63,679.9,679.5,679.28,679.16,679.09
458.17,539.28,632.97,679.8,682.59,682.04,682.78,683.53,684.04,684.36,684.56,684.68
547.41,593.26,641.16,675.18,670.45,662.23,660.69,663.27,667.05,671.07,674.85,677.99
545.62,591.5,639.76,674.23,666.88,648.23,627.42,608.6,585.88,553.85,503.86,412.56
596.29,623.5,625.02,639.86,626.82,585.12,503.92,380.77,287.56,230.09,233.78,280.47
595.45,619.46,596.21,568.93,515.92,401.41,290.7,218.38,225.16,265.67,450.42,695.18
597.12,620.46,583.19,512.37,366.69,258.02,210.94,231.27,301.02,549.34,704.74,705.4
599.16,623.53,581.3,493.1,312.57,213.09,217.8,256.32,425.17,688.98,705.95,705.45
599.04,623.19,580.69,489.92,300.88,200.55,212.88,259.43,441.13,694.29,705.56,705.32
507.34,395.89,285.4,200.66,216.8,303.52,578.39,705.85,705.56,705.41,705.38,705.37
509.78,417.12,338.18,278.27,280.08,402.72,633.38,677.95,680.67,682.23,683.27,684.16
430.09,302.69,221.27,210.32,290.75,576.88,720.89,720.43,720.33,720.32,720.32,720.32
197.81,168.56,253.87,525.8,737.68,743.32,744.08,744.22,744.42,745.57,748.99,751.36
147.04,190.41,362.74,701.89,739.3,740.7,740.82,740.82,740.82,740.82,740.82,740.82
205.37,426.83,673.5,707.97,713.7,711.76,709.98,709.17,708.85,708.72,708.68,708.66
337.49,585.46,685.91,713.07,717.54,715.24,713.49,712.78,712.52,712.43,712.4,712.39
628.98,666.86,701.02,706.52,704.09,697.81,692.68,689.62,687.88,686.88,686.3,685.95
628.86,662.9,698.64,704.93,702.85,696.76,691.76,688.78,687.12,686.17,685.63,685.31
633.97,674.13,696.75,694.47,690.55,685.58,682.46,680.85,680.0,679.55,679.3,679.16
628.26,669.2,695.57,694.33,690.51,685.57,682.45,680.85,680.0,679.55,679.3,679.16
618.14,659.8,685.71,691.08,689.52,685.18,682.28,680.76,679.96,679.52,679.29,679.15
601.37,629.29,672.37,698.67,699.57,694.89,690.74,688.23,686.81,685.99,685.52,685.25
600.5,629.33,665.26,688.0,689.52,688.2,686.9,686.06,685.56,685.27,685.1,684.99
601.66,632.41,664.66,680.81,676.06,673.44,675.4,678.18,680.46,682.07,683.12,683.79
519.99,600.01,657.46,682.46,673.45,660.31,653.14,652.25,653.64,655.81,658.57,661.9
432.68,523.22,629.76,675.76,668.25,647.59,620.62,590.7,553.2,501.06,406.86,318.43
504.05,570.21,629.0,672.2,666.27,643.86,607.49,550.68,473.63,357.4,277.99,233.1
530.29,579.55,625.71,667.41,662.92,639.27,598.46,524.27,409.03,303.78,234.08,229.04
562.78,580.72,594.41,614.28,607.79,559.16,459.07,316.29,229.99,221.09,252.37,402.15
593.85,622.15,588.99,529.2,411.41,294.17,218.1,221.91,257.0,421.28,686.79,705.97
593.81,621.51,583.6,503.59,331.01,224.2,213.99,242.84,371.65,661.2,705.89,705.47
584.04,605.24,568.05,478.75,296.5,202.41,215.8,269.28,474.41,700.6,705.22,705.27
588.72,605.7,547.33,421.57,265.95,192.13,208.72,243.81,380.0,668.14,705.79,705.29
482.21,350.76,242.2,186.63,214.91,316.68,602.99,706.23,705.55,705.38,705.34,705.33
444.33,285.93,200.12,201.33,268.2,526.03,719.59,720.2,720.16,720.15,720.16,720.16
329.96,245.51,203.72,235.85,412.86,710.41,724.61,724.59,724.6,724.61,724.61,724.61
222.97,167.37,195.26,370.81,703.18,732.4,732.76,732.83,732.85,732.85,732.85,732.85
188.64,166.62,248.16,507.53,733.77,742.35,746.94,750.36,751.09,751.11,751.11,751.11
128.8,298.7,631.93,705.11,709.56,706.6,704.53,703.69,703.38,703.27,703.24,703.22
373.94,616.99,695.43,715.01,717.99,715.3,713.28,712.39,712.03,711.9,711.84,711.82
584.52,652.97,703.75,712.47,710.58,704.92,700.59,698.17,696.89,696.21,695.85,695.66
624.68,658.75,696.83,702.61,699.06,691.7,685.93,682.47,680.41,679.11,678.25,677.66
630.7,669.4,689.33,689.54,686.38,681.21,677.7,675.6,674.28,673.39,672.78,672.35
626.59,666.06,689.07,689.72,686.46,681.26,677.72,675.61,674.29,673.4,672.79,672.35
617.56,660.97,685.5,688.65,686.01,681.04,677.61,675.55,674.24,673.37,672.77,672.34
605.0,640.51,676.17,696.07,695.31,689.53,684.75,681.8,680.0,678.84,678.05,677.41
599.14,631.51,662.56,684.95,686.31,683.9,681.48,679.83,678.74,678.01,677.51,677.16
565.49,610.26,653.75,680.08,676.45,673.21,673.23,673.88,674.52,675.03,675.43,675.74
598.94,634.06,659.49,672.15,660.65,643.72,628.75,613.87,592.49,558.9,507.4,415.65
594.24,621.83,654.88,674.83,662.2,637.74,604.9,563.32,509.87,419.37,322.55,252.61
590.6,617.15,651.4,674.58,662.33,635.88,593.44,524.12,431.68,324.21,251.5,225.46
570.03,607.29,644.64,673.43,662.62,636.1,591.23,508.67,386.92,291.66,231.16,225.15
570.17,598.88,623.23,653.51,647.41,614.31,553.64,444.56,309.46,229.72,218.91,242.4
582.37,599.2,599.01,589.09,551.89,463.09,322.37,234.07,212.96,230.91,283.72,498.68
599.85,630.7,599.83,532.91,398.35,280.57,213.12,218.18,245.96,368.9,651.97,702.53
602.55,632.51,600.29,525.05,360.93,234.96,205.8,224.37,274.24,477.76,697.17,702.34
601.82,633.31,602.97,528.97,359.79,222.39,202.14,223.25,304.41,565.33,704.56,704.42
523.76,440.51,315.89,212.21,209.42,253.89,445.41,697.16,705.5,705.39,705.38,705.37
481.93,346.73,248.05,192.06,224.08,355.85,657.81,706.33,705.56,705.4,705.36,705.36
411.05,263.48,189.57,204.45,298.0,597.95,721.02,720.33,720.21,720.19,720.19,720.19
331.99,253.39,213.21,244.58,436.4,714.78,724.55,725.09,725.21,725.24,725.24,725.24
210.34,156.74,189.65,370.2,711.19,743.34,743.9,743.75,742.31,737.81,734.36,733.51
215.15,209.95,327.53,625.75,731.95,731.91,734.22,735.98,736.21,736.28,736.36,736.73
370.73,573.18,705.38,732.68,738.14,737.27,736.26,735.86,735.72,735.68,735.67,735.67
627.91,661.44,693.64,703.02,702.16,696.63,691.95,689.15,687.55,686.63,686.1,685.77
634.05,666.46,684.8,689.92,689.08,684.98,682.19,680.72,679.94,679.52,679.29,679.16
630.97,664.35,684.47,689.99,689.14,685.01,682.21,680.73,679.94,679.52,679.29,679.16
623.98,659.19,682.61,689.65,689.0,684.96,682.18,680.71,679.94,679.52,679.29,679.16
614.76,650.35,673.76,687.55,688.17,684.58,682.0,680.62,679.89,679.49,679.27,679.15
602.7,627.81,659.52,688.92,693.44,691.37,688.82,687.17,686.21,685.66,685.33,685.13
606.8,640.66,653.94,669.18,672.9,674.92,676.45,677.49,678.13,678.51,678.72,678.84
607.45,641.98,653.12,663.83,658.58,650.6,647.48,646.9,646.83,646.85,646.89,646.96
594.48,617.39,649.31,673.6,664.88,647.08,628.97,613.77,595.35,568.54,528.05,457.5
603.52,632.51,654.19,669.94,659.66,635.12,597.3,541.66,471.28,358.76,280.86,235.51
604.31,635.0,653.41,667.9,657.36,630.84,585.62,504.35,385.27,292.8,233.01,233.09
603.59,635.44,640.75,654.51,643.59,610.25,548.12,439.83,310.02,229.96,224.19,257.95
563.26,597.74,633.82,668.56,662.27,638.24,596.52,518.41,390.35,284.8,221.07,229.8
591.73,609.77,605.78,610.67,592.26,529.79,411.81,291.56,217.46,224.09,263.95,447.35
591.83,609.36,586.62,539.86,445.97,315.57,227.75,215.21,242.92,361.81,662.43,720.35
600.5,625.04,584.21,500.94,328.24,223.07,213.42,241.98,366.46,656.24,705.87,705.48
601.19,625.42,582.65,492.4,304.8,204.62,215.19,263.29,453.94,697.29,705.37,705.31
543.8,474.36,356.12,247.53,209.52,240.15,380.93,671.75,706.13,705.53,705.41,705.39
484.76,341.12,236.45,190.47,225.4,365.11,667.09,706.33,705.55,705.4,705.36,705.36
369.71,255.83,192.46,209.86,315.63,626.13,721.71,720.98,720.87,720.85,720.85,720.85
198.64,156.5,218.55,454.28,736.05,743.56,744.22,744.31,744.32,744.32,744.32,744.32
159.94,188.27,342.91,682.14,741.83,744.02,744.33,744.37,744.38,744.38,744.38,744.38
233.9,435.49,694.08,729.51,734.51,733.01,731.56,730.92,730.67,730.58,730.55,730.54
317.31,600.83,698.73,718.49,721.05,718.04,715.77,714.72,714.3,714.13,714.06,714.04
617.14,662.39,702.65,707.68,702.07,693.42,686.74,682.85,681.15,682.79,686.73,689.5
616.64,654.7,699.77,706.43,701.11,692.55,685.91,681.98,679.62,678.12,677.11,676.4
629.41,671.51,693.85,693.01,687.44,681.32,677.33,674.96,673.43,672.38,671.62,671.06
622.83,665.58,692.49,692.9,687.43,681.33,677.33,674.96,673.43,672.38,671.62,671.06
613.59,657.75,686.13,691.45,686.88,681.05,677.19,674.87,673.37,672.34,671.59,671.03
607.08,650.07,672.9,685.73,684.29,679.75,676.48,674.43,673.08,672.13,671.44,670.92
602.37,641.9,666.04,678.04,677.11,675.09,673.57,672.48,671.7,671.12,670.67,670.32
588.79,617.59,658.65,683.12,674.99,667.95,666.73,667.25,668.1,668.94,669.75,670.48
599.78,636.11,665.82,678.89,665.38,645.77,626.59,607.94,581.59,541.52,477.09,365.67
593.75,622.38,659.69,680.6,666.43,641.23,605.77,558.1,497.04,394.94,308.18,244.61
582.91,614.25,655.38,680.91,667.29,641.19,599.61,529.88,433.1,321.95,249.3,223.51
595.96,628.69,648.79,667.78,654.89,623.66,569.56,467.65,328.72,245.91,218.67,231.49
589.94,614.03,625.1,645.23,632.44,589.48,503.17,366.19,264.22,213.94,221.1,249.06
596.41,626.66,606.97,575.32,511.79,388.4,281.68,215.57,216.11,238.61,321.55,580.57
596.82,626.87,600.62,541.71,418.33,291.39,215.95,213.6,234.19,301.05,537.87,699.41
599.66,630.76,600.57,529.24,371.64,241.11,203.95,219.47,254.18,407.67,675.26,701.86
601.21,632.29,599.7,522.0,345.06,211.55,201.88,223.19,309.38,576.31,704.99,704.61
528.09,438.95,308.32,207.44,215.95,293.37,557.57,705.31,705.5,705.39,705.37,705.36
443.75,286.66,191.79,186.55,222.07,356.59,674.25,720.7,720.04,719.94,719.92,719.92
461.42,299.18,206.88,200.62,260.85,500.7,718.62,720.16,720.15,720.16,720.16,720.16
233.37,176.18,178.67,299.3,629.2,731.12,731.39,731.43,731.44,731.44,731.44,731.44
113.26,160.38,251.24,528.63,728.69,733.47,733.62,733.6,733.6,733.6,733.6,733.6
131.5,299.51,626.82,705.9,711.48,708.93,706.86,705.97,705.62,705.49,705.44,705.43
337.45,608.04,696.88,716.76,719.86,717.3,715.35,714.49,714.14,714.01,713.97,713.95
562.86,654.38,714.98,725.44,724.6,720.27,717.15,715.33,712.77,707.19,702.4,699.84
628.28,665.14,701.28,705.38,701.11,693.56,687.65,684.16,682.12,680.88,680.1,679.59
629.91,671.12,692.73,692.1,687.99,682.56,678.99,676.97,675.75,674.99,674.49,674.16
624.06,667.15,691.85,691.96,687.94,682.54,678.99,676.96,675.75,674.99,674.49,674.16
614.09,657.88,686.55,690.98,687.58,682.37,678.91,676.92,675.73,674.98,674.49,674.16
599.69,631.25,673.16,698.04,697.12,691.25,686.4,683.46,681.71,680.64,679.95,679.5
604.85,648.14,665.98,676.28,677.45,676.59,675.61,674.92,674.46,674.15,673.94,673.79
605.22,648.15,664.04,669.72,664.07,659.15,658.32,658.92,659.86,660.95,662.18,663.5
599.81,637.75,665.25,676.3,664.14,646.5,630.57,616.42,597.39,568.01,523.28,445.79
604.81,645.43,657.45,663.85,650.79,620.89,575.1,507.37,409.77,316.17,247.84,226.69
600.86,641.61,654.65,663.33,650.28,618.55,563.55,469.38,341.79,261.01,224.34,234.86
597.64,634.45,642.29,655.35,642.02,605.44,536.53,420.97,302.73,228.98,221.03,247.02
591.94,621.04,624.84,636.33,619.25,569.94,470.92,325.49,237.52,216.16,235.2,299.73
591.27,618.02,605.64,580.27,524.31,410.74,293.81,219.09,217.36,243.37,353.83,636.17
589.37,613.52,596.57,545.19,429.74,298.61,218.85,215.01,239.46,335.88,620.19,715.32
597.82,629.63,599.7,527.7,367.57,239.66,205.67,224.46,275.1,481.17,698.17,702.78
577.56,594.02,586.31,534.75,385.2,244.3,200.95,218.53,271.9,482.39,714.18,718.39
486.18,364.11,269.4,189.26,187.97,207.26,276.57,528.58,719.13,719.73,718.43,713.34
461.72,319.61,216.23,180.67,203.86,262.96,487.11,702.49,705.25,705.25,705.24,705.24
462.84,301.48,208.56,199.88,257.02,487.5,717.94,720.14,720.14,720.15,720.15,720.15
378.64,263.51,199.24,211.15,320.96,636.67,722.99,722.44,722.37,722.36,722.36,722.36
294.93,224.76,188.71,205.79,312.81,621.99,724.2,723.67,723.6,723.59,723.59,723.59
205.45,167.62,231.11,467.63,736.08,744.13,744.96,745.08,745.1,745.1,745.1,745.1
198.98,292.45,591.55,724.75,732.58,731.84,730.78,730.33,730.17,730.12,730.1,730.09
435.08,635.45,716.08,734.15,738.1,736.92,735.82,735.37,735.23,735.18,735.16,735.16
635.3,671.66,690.43,691.9,689.8,685.27,682.29,680.73,679.9,679.46,679.21,679.08
633.66,673.82,690.93,691.8,689.72,685.23,682.27,680.72,679.9,679.45,679.21,679.08
634.34,673.64,690.88,691.79,689.72,685.23,682.26,680.72,679.9,679.45,679.21,679.08
629.97,670.83,690.42,691.71,689.69,685.22,682.26,680.72,679.9,679.45,679.21,679.08
622.23,660.97,686.81,691.33,689.6,685.19,682.25,680.71,679.89,679.45,679.21,679.08
604.75,630.08,675.53,700.44,700.69,695.52,691.04,688.35,686.83,685.97,685.46,685.17
587.97,621.32,663.43,691.38,693.57,690.99,688.5,686.94,686.03,685.5,685.19,685.01
583.17,619.4,660.75,683.8,681.35,679.57,680.71,682.08,683.07,683.72,684.12,684.36
609.79,647.37,663.47,669.91,661.41,648.51,639.65,634.38,628.65,620.46,607.98,588.52
609.29,646.43,662.27,669.14,658.54,635.76,604.76,566.54,519.42,439.81,337.0,264.07
609.26,646.54,652.81,660.73,649.27,619.22,567.88,483.24,361.33,278.05,230.7,239.67
608.15,640.89,629.31,623.51,598.99,537.12,423.91,300.21,222.98,224.4,261.12,433.8
607.91,638.49,613.49,565.94,481.18,339.96,244.72,213.58,236.77,325.01,595.53,705.78
605.27,635.97,607.47,541.19,402.07,277.82,211.62,227.2,282.3,503.46,702.56,705.21
602.87,629.98,606.78,543.11,392.3,258.03,206.21,228.5,306.68,565.84,705.34,705.4
602.04,629.38,603.82,536.32,373.83,231.65,200.42,220.21,293.41,541.38,704.64,705.34
458.73,344.35,256.92,182.58,187.69,208.22,284.98,551.66,719.94,720.04,719.99,719.99
381.21,270.78,190.98,174.69,191.21,219.4,341.85,654.48,720.69,720.02,719.92,719.9
424.21,278.11,198.44,204.31,287.28,577.24,720.83,720.35,720.25,720.23,720.23,720.23
331.22,248.83,208.52,242.91,435.26,715.42,724.81,725.08,725.14,725.15,725.15,725.15
343.63,258.08,215.73,248.88,451.37,716.27,724.13,725.03,725.24,725.28,725.29,725.29
188.81,159.06,227.95,478.72,737.5,743.48,744.03,744.1,744.11,744.14,744.3,745.33
279.19,434.45,691.68,731.12,737.07,736.23,735.21,734.8,734.67,734.62,734.61,734.61
333.87,589.54,694.39,718.37,722.6,720.68,719.15,718.5,718.26,718.17,718.14,718.13
447.02,637.95,713.36,733.52,737.87,736.75,735.65,735.21,735.06,735.02,735.0,735.0
466.84,642.16,714.53,733.74,737.92,736.76,735.64,735.19,735.04,734.99,734.98,734.97
629.7,665.6,697.59,704.01,702.29,696.43,691.58,688.69,687.07,686.15,685.62,685.31
633.55,672.68,689.34,691.2,689.54,685.19,682.29,680.77,679.97,679.53,679.3,679.17
631.07,672.17,689.37,691.69,692.79,695.75,701.2,704.23,705.12,705.33,705.38,705.39
626.49,668.9,688.64,691.03,689.48,685.23,682.75,683.71,690.45,699.01,703.59,704.97
618.53,660.97,684.72,690.26,689.18,685.03,682.22,680.73,679.95,679.52,679.29,679.16
610.83,652.27,672.62,685.88,687.31,684.17,681.81,680.52,679.83,679.46,679.26,679.14
606.91,648.02,661.64,675.12,679.73,680.18,679.75,679.43,679.24,679.13,679.08,679.04
604.17,643.59,651.38,662.45,661.17,659.65,661.54,664.68,668.06,671.24,673.87,675.81
599.22,634.44,636.25,648.76,639.0,614.16,583.62,544.55,486.15,382.09,300.94,244.41
598.9,630.93,613.47,593.79,553.68,467.18,334.88,250.75,223.84,249.24,368.58,652.28
593.85,621.78,601.85,553.6,456.23,318.18,232.51,220.62,250.49,389.47,671.65,705.8
602.3,633.41,601.76,528.12,368.71,250.12,211.85,235.66,331.53,608.98,706.02,705.52
601.91,632.9,600.49,523.3,347.8,218.75,206.97,232.45,342.79,630.52,706.15,705.51
601.94,632.67,599.86,521.71,342.31,207.26,201.03,221.11,297.64,550.56,704.96,705.38
551.13,517.44,458.58,352.81,286.38,245.55,248.95,301.61,487.8,688.7,703.07,704.9
479.16,337.12,237.95,190.35,224.41,359.95,676.98,720.87,720.09,719.08,714.84,708.59
375.93,261.62,192.14,203.01,281.61,564.94,720.73,720.44,720.36,720.34,720.34,720.34
337.06,249.93,202.88,229.35,385.84,700.7,723.96,723.61,723.57,723.57,723.57,723.57
112.88,169.2,285.46,612.91,724.08,726.52,726.59,726.56,726.56,726.55,726.55,726.55
318.5,468.15,691.8,732.38,738.07,737.22,736.22,735.82,735.69,735.65,735.64,735.64
159.93,331.36,641.46,711.13,715.44,712.61,710.24,709.08,708.58,708.37,708.28,708.25
587.44,642.8,688.89,703.05,702.7,697.12,692.46,690.44,692.26,696.09,698.47,699.87
610.91,648.02,689.44,702.29,701.86,696.3,691.56,688.73,687.13,686.22,685.7,685.39
628.6,663.5,683.89,689.84,689.09,685.0,682.2,680.72,679.94,679.52,679.29,679.16
620.26,657.97,681.58,689.31,688.87,684.9,682.15,680.7,679.93,679.51,679.28,679.16
612.09,649.98,670.96,686.28,687.64,684.35,681.89,680.56,679.86,679.47,679.26,679.14
605.02,641.85,656.64,677.17,682.99,682.16,680.81,680.0,679.55,679.31,679.17,679.09
604.49,641.61,651.9,665.66,669.05,671.41,673.85,675.77,677.07,677.88,678.36,678.64
599.66,630.73,652.38,669.47,663.76,655.67,653.37,654.57,656.9,659.89,663.36,666.95
590.21,613.73,644.34,671.53,663.52,644.55,623.39,603.59,578.48,542.8,484.23,379.67
600.78,633.56,651.55,666.36,655.73,629.38,587.38,521.65,432.95,328.72,255.61,230.93
573.55,603.94,639.89,671.94,664.32,641.02,601.86,534.8,437.38,323.96,249.06,228.73
592.8,616.38,634.13,659.55,651.55,622.48,570.72,473.25,331.48,243.85,222.25,250.18
594.18,618.9,610.57,612.95,591.77,527.05,406.81,289.07,216.97,225.24,268.38,460.38
599.14,625.98,589.11,526.44,406.96,292.56,217.53,221.84,256.52,419.12,686.02,705.98
601.36,626.85,584.43,499.2,324.95,221.59,214.65,244.03,375.96,664.65,705.9,705.47
601.35,625.48,580.57,487.94,300.72,203.39,215.46,266.05,463.54,699.08,705.28,705.28
598.49,619.71,569.58,467.14,285.8,192.79,207.22,237.55,355.38,645.09,705.83,705.33
508.58,379.48,265.25,194.34,221.51,341.73,639.35,706.36,705.58,705.41,705.38,705.37
457.06,301.77,206.36,193.42,236.08,410.35,702.86,712.01,707.05,705.67,705.37,705.32
363.98,252.09,191.12,212.31,330.95,651.21,721.87,721.19,721.09,721.07,721.07,721.07
322.16,246.08,210.39,242.81,432.98,715.34,725.52,725.87,725.95,725.96,725.97,725.97
234.73,181.79,208.52,379.81,698.46,725.92,729.77,732.14,732.62,732.69,732.7,732.7
217.8,212.0,335.11,636.71,731.87,730.71,731.61,734.78,736.0,736.19,736.32,736.76
399.86,596.62,708.67,733.44,738.53,737.61,736.6,736.2,736.07,736.03,736.02,736.01
584.49,641.56,693.49,710.94,712.59,708.55,705.22,703.39,702.47,702.01,701.79,701.67
631.95,659.01,691.66,701.76,701.15,695.78,691.23,688.51,686.97,686.1,685.59,685.3
633.55,666.52,684.2,689.49,688.87,684.88,682.15,680.7,679.93,679.52,679.29,679.16
633.26,664.27,684.82,690.09,689.13,685.0,682.2,680.73,679.95,679.52,679.29,679.17
629.56,664.16,683.69,689.41,688.84,684.87,682.14,680.7,679.93,679.51,679.29,679.16
622.89,657.98,680.7,688.87,688.64,684.79,682.1,680.68,679.92,679.51,679.28,679.16
612.97,644.4,667.66,686.17,687.67,684.36,681.9,680.57,679.86,679.48,679.27,679.15
607.96,637.58,655.29,676.89,682.53,681.89,680.67,679.93,679.52,679.29,679.16,679.09
598.48,618.81,647.77,675.16,677.56,678.76,680.62,682.13,683.16,683.82,684.23,684.48
600.68,622.69,648.05,670.24,664.69,656.08,653.35,654.42,656.7,659.65,663.15,667.07
596.23,615.9,645.2,670.79,662.38,642.5,619.18,595.82,565.83,523.22,448.44,343.22
599.4,620.64,643.51,666.83,657.92,632.49,591.78,527.94,443.58,334.54,259.89,231.05
601.74,626.0,630.67,647.89,636.7,599.59,527.42,409.54,300.85,230.07,227.68,265.54
604.08,627.94,598.25,561.64,496.58,367.69,265.42,212.63,230.23,292.86,529.55,703.92
605.3,627.05,585.64,508.71,354.15,246.02,210.4,233.47,314.56,577.94,705.58,705.47
604.24,625.88,581.78,491.73,309.84,211.22,217.97,259.73,438.07,692.95,705.7,705.4
603.76,624.68,579.53,485.81,297.12,199.03,212.34,257.99,435.88,692.81,705.66,705.32
532.3,440.51,314.47,211.87,214.47,277.6,518.28,703.94,705.42,705.39,705.38,705.38
510.19,370.93,259.9,193.31,222.42,347.38,647.21,706.35,705.58,705.41,705.38,705.37
457.7,318.03,224.62,201.94,259.39,491.7,718.15,720.19,720.19,720.2,720.2,720.2
287.57,230.98,213.38,270.64,527.48,721.19,725.7,727.72,728.21,728.29,728.3,728.3
227.06,181.39,244.28,487.4,727.49,731.62,736.01,742.1,744.15,744.46,744.5,744.5
138.08,254.26,561.12,704.99,711.49,709.09,707.23,707.77,713.22,721.86,726.33,727.28
194.43,457.51,681.82,709.42,713.08,710.35,708.53,707.84,707.61,707.53,707.51,707.5
602.09,654.66,701.44,712.94,712.66,707.87,704.14,702.08,701.03,700.51,700.24,700.11
630.56,665.94,698.8,704.13,701.65,695.3,690.14,687.08,685.35,684.34,683.75,683.39
632.0,671.87,690.27,691.12,688.84,684.2,681.12,679.46,678.54,678.03,677.72,677.55
625.9,667.44,689.32,690.98,688.79,684.18,681.11,679.46,678.54,678.02,677.72,677.55
616.91,659.25,683.87,689.77,688.31,683.96,681.01,679.4,678.51,678.01,677.72,677.54
608.54,648.27,670.86,684.93,686.13,682.94,680.5,679.13,678.37,677.93,677.67,677.52
608.62,649.82,664.6,674.42,677.05,677.57,677.52,677.45,677.4,677.37,677.35,677.34
604.61,640.44,666.26,677.48,671.66,667.8,669.09,671.64,673.52,674.82,675.75,676.37
606.37,645.63,661.7,668.44,658.52,640.59,622.48,605.06,581.48,546.59,490.24,388.15
573.47,614.21,656.53,679.75,669.06,647.94,620.17,588.63,548.7,492.44,391.34,307.45
568.64,612.2,655.83,679.67,668.9,646.34,610.84,556.16,480.32,365.09,284.11,234.33
589.01,615.43,648.12,674.41,664.53,640.49,599.88,526.45,412.01,305.01,234.55,227.37
600.08,630.76,629.8,636.73,620.15,573.31,478.68,332.89,241.24,218.2,243.62,356.8
536.44,582.43,610.36,628.39,622.38,581.0,492.65,349.61,250.29,213.86,235.5,320.97
591.96,612.1,600.57,559.17,465.82,323.3,231.37,212.94,238.12,337.16,626.99,720.06
599.07,628.14,601.22,534.41,382.25,255.26,207.66,229.43,303.02,556.07,704.64,704.98
600.11,629.64,600.21,528.1,358.89,224.23,204.32,227.57,322.45,598.87,705.81,705.19
504.96,395.85,282.58,187.26,189.9,212.54,302.39,578.21,705.94,705.42,705.24,705.2
470.82,329.0,230.89,183.69,208.84,283.84,544.0,705.19,705.45,705.31,705.28,705.28
403.76,266.89,192.75,204.29,290.79,584.23,720.9,720.33,720.22,720.2,720.2,720.2
235.63,178.54,182.14,308.92,642.6,731.3,731.5,731.55,731.55,731.55,731.55,731.55
104.77,155.56,235.61,483.07,722.93,729.19,729.41,729.4,729.4,729.4,729.4,729.4
141.29,318.55,636.69,706.0,712.27,710.19,708.27,707.39,707.03,706.89,706.84,706.82
382.69,625.84,712.39,732.15,736.39,735.25,734.14,733.69,733.54,733.49,733.47,733.47
551.36,655.13,715.12,726.7,727.44,724.13,721.68,720.51,720.02,719.82,719.74,719.71
625.16,658.96,699.07,705.76,703.36,697.03,691.85,688.78,687.06,686.08,685.52,685.19
632.8,671.32,692.05,692.86,690.18,685.44,682.35,680.75,679.9,679.44,679.19,679.05
627.08,667.37,691.29,692.75,690.14,685.42,682.34,680.74,679.9,679.44,679.19,679.05
617.92,659.78,687.08,691.88,689.79,685.26,682.27,680.7,679.88,679.43,679.18,679.04
612.28,654.41,675.94,687.07,687.63,684.25,681.78,680.45,679.74,679.35,679.14,679.02
610.85,652.42,668.71,677.93,680.23,680.11,679.62,679.29,679.11,679.01,678.95,678.91
606.84,646.99,666.33,673.16,669.15,666.6,668.38,671.24,673.8,675.7,676.97,677.76
608.44,650.78,666.1,670.35,660.56,644.33,629.55,617.34,601.9,578.77,543.64,485.76
604.2,639.65,668.35,679.34,667.25,645.82,617.36,584.67,543.72,484.03,378.66,298.2
605.57,645.15,661.12,669.22,658.27,632.71,589.5,514.89,409.36,311.45,242.48,230.26
593.38,620.17,652.62,676.37,665.99,642.69,603.79,535.0,427.27,313.26,239.22,227.5
599.81,632.16,632.12,640.85,626.15,583.17,495.71,353.73,255.39,216.78,238.02,327.18
599.39,630.46,610.15,576.46,514.31,392.02,283.54,215.29,225.01,267.51,457.39,696.86
600.88,632.48,604.15,539.67,405.24,282.6,213.01,225.13,270.83,469.08,699.13,705.2
593.68,619.1,596.45,529.9,369.1,240.28,207.37,231.91,324.65,602.86,707.14,705.7
597.74,627.15,592.38,511.91,326.67,203.25,207.04,236.51,355.27,645.96,705.95,705.43
490.25,371.42,267.39,183.22,191.29,216.17,319.57,605.4,706.19,705.5,705.32,705.29
451.07,293.86,201.61,196.75,247.0,450.78,714.41,720.09,720.09,720.09,720.1,720.1
392.0,274.36,205.55,217.64,339.53,662.95,722.18,721.57,721.48,721.47,721.47,721.47
303.11,234.56,206.08,237.48,414.45,711.93,726.48,726.52,726.55,726.56,726.56,726.56
255.46,209.56,193.51,239.74,448.27,721.38,727.9,728.07,728.1,728.1,728.1,728.1
123.74,211.28,454.74,703.47,722.88,725.65,725.92,725.94,725.94,725.94,725.94,725.94
182.88,338.85,647.38,724.49,729.97,728.06,726.23,725.36,725.0,724.86,724.81,724.79
569.8,643.35,695.43,711.54,712.74,708.57,705.18,703.32,702.38,701.91,701.68,701.57
627.88,659.2,692.74,702.23,701.39,695.88,691.23,688.45,686.88,685.99,685.47,685.17
630.33,665.36,684.78,690.02,689.1,684.95,682.13,680.64,679.85,679.42,679.19,679.06
624.49,661.3,683.86,689.92,689.07,684.94,682.13,680.64,679.85,679.42,679.19,679.06
615.44,655.16,678.17,688.33,688.39,684.63,681.98,680.57,679.81,679.4,679.18,679.05
606.46,644.29,663.11,682.46,685.88,683.5,681.43,680.28,679.66,679.32,679.13,679.02
606.98,644.46,655.46,670.06,675.81,677.71,678.29,678.56,678.71,678.79,678.83,678.86
598.21,627.86,653.12,672.32,669.51,667.24,669.5,673.11,676.5,679.21,681.17,682.49
595.18,621.46,649.62,671.6,663.44,648.23,635.68,627.02,617.12,602.63,580.14,545.77
600.65,634.21,653.73,667.54,656.7,631.88,595.61,545.46,482.04,373.85,293.7,240.51
602.94,639.2,645.39,656.04,644.52,611.8,552.98,456.97,331.62,252.57,226.82,252.72
598.62,630.73,633.5,648.04,636.23,598.84,525.47,403.48,294.52,224.89,227.39,268.8
585.06,602.71,613.46,638.33,631.49,592.58,513.13,380.88,274.92,216.44,230.59,291.87
600.61,627.84,595.32,543.27,450.01,317.52,229.95,216.28,243.94,363.9,651.67,705.7
599.67,626.17,586.51,506.03,339.69,232.09,211.69,237.75,340.33,622.59,705.94,705.46
593.5,616.57,581.01,498.66,315.38,209.8,214.71,254.09,419.84,687.62,705.98,705.41
595.91,621.07,580.26,490.83,300.7,196.73,209.19,245.38,387.61,673.61,705.9,705.35
485.94,354.52,253.09,179.66,188.07,210.4,300.92,587.58,720.57,719.47,716.35,709.85
379.54,262.54,183.43,173.82,185.2,207.87,305.1,600.42,720.63,719.97,719.86,719.85
326.67,227.5,165.48,172.87,191.24,225.66,376.14,690.97,720.86,720.31,720.23,720.22
350.79,258.29,212.12,242.05,429.51,713.65,724.34,724.66,724.74,724.75,724.75,724.75
232.13,169.29,165.29,269.18,580.18,729.89,730.59,730.65,730.66,730.66,730.66,730.66
217.17,195.61,279.3,547.45,729.78,730.5,729.19,728.58,728.54,729.73,734.88,742.06
469.11,627.65,711.54,732.9,737.4,736.24,735.11,734.65,734.5,734.45,734.43,734.43
359.55,563.0,701.06,731.96,738.09,737.26,736.24,735.83,735.7,735.65,735.64,735.64
493.45,645.81,715.09,733.71,737.81,736.61,735.47,735.02,734.86,734.81,734.8,734.79
595.99,647.62,693.13,709.32,711.93,708.23,705.0,703.23,702.34,701.9,701.68,701.57
635.71,667.48,695.47,702.65,701.48,695.93,691.29,688.53,686.97,686.08,685.55,685.12
