234.57,225.39,219.93,216.68,214.75,213.6,212.92,212.51,212.27,212.13,212.04,211.99,
311.41,275.06,252.5,238.51,229.83,224.45,221.11,219.04,217.75,216.95,216.46,216.15,
266.85,252.13,242.77,236.81,233.02,230.62,229.08,228.11,227.49,227.1,226.85,226.69,
252.0,240.5,233.14,228.43,225.43,223.5,222.27,221.49,220.99,220.66,220.46,220.33,
299.75,273.69,256.82,245.9,238.83,234.26,231.29,229.38,228.13,227.33,226.81,226.47,
310.08,283.76,266.41,254.98,247.44,242.47,239.2,237.04,235.62,234.68,234.06,233.65,
328.1,305.72,290.03,279.02,271.3,265.89,262.09,259.43,257.56,256.25,255.33,254.69,
267.76,259.43,253.76,249.9,247.27,245.48,244.26,243.44,242.87,242.49,242.23,242.05,
182.59,197.6,207.58,214.21,218.61,221.54,223.49,224.79,225.65,226.22,226.6,226.85,
230.33,230.55,230.69,230.79,230.85,230.89,230.92,230.94,230.95,230.96,230.96,230.97,
154.87,177.6,192.42,202.07,208.36,212.47,215.14,216.88,218.02,218.76,219.24,219.55,
191.77,199.29,204.09,207.15,209.11,210.36,211.16,211.67,212.0,212.2,212.34,212.42,
171.92,186.4,195.96,202.27,206.44,209.2,211.01,212.21,213.01,213.53,213.88,214.1,
100.79,133.81,155.27,169.22,178.29,184.18,188.01,190.5,192.12,193.17,193.86,194.3,
81.22,116.27,140.26,156.68,167.92,175.61,180.87,184.47,186.94,188.63,189.78,190.57,
51.92,79.26,127.1,170.21,215.66,253.79,284.93,305.39,315.2,313.97,302.98,283.88,
105.6,129.54,126.47,132.64,134.51,137.32,139.2,140.95,142.35,143.55,144.54,145.38,
161.27,162.7,160.92,160.47,159.75,159.27,158.84,158.49,158.21,157.97,157.78,157.62,
146.0,142.13,144.91,145.13,146.05,146.55,147.07,147.46,147.81,148.09,148.32,148.52,
67.7,65.94,83.45,91.65,100.47,107.06,112.73,117.32,121.14,124.27,126.86,129.0,
57.77,89.81,111.29,125.7,135.36,141.83,146.18,149.09,151.04,152.35,153.23,153.82,
16.72,18.26,18.06,18.49,18.68,18.96,19.21,19.47,19.73,19.99,20.25,20.51,
34.21,37.74,37.89,39.27,40.21,41.31,42.35,43.4,44.46,45.51,46.57,47.62,
61.26,68.84,64.63,65.7,64.4,64.17,63.46,62.96,62.37,61.82,61.25,60.69,
79.73,73.94,68.14,62.34,56.54,50.74,44.94,39.14,33.34,27.54,21.74,15.94,
177.37,175.41,173.45,171.49,169.53,167.57,165.61,163.65,161.68,159.72,157.76,155.8,
213.45,206.9,200.34,193.79,187.24,180.69,174.14,167.59,161.03,154.48,147.93,141.38,
149.31,148.62,147.93,147.24,146.55,145.86,145.17,144.48,143.79,143.1,142.41,141.72,
230.69,231.38,232.07,232.76,233.45,234.14,234.83,235.52,236.21,236.9,237.59,238.28,
374.14,378.28,382.41,386.55,390.69,394.83,398.97,403.1,407.24,411.38,415.52,419.66,
173.45,166.9,160.34,153.79,147.24,140.69,134.14,127.59,121.03,114.48,107.93,101.38,
226.02,215.75,208.21,202.66,198.59,195.6,193.41,191.79,190.61,189.74,189.1,188.63,
247.81,231.58,219.71,211.02,204.67,200.02,196.62,194.13,192.31,190.98,190.01,189.29,
81.0,108.84,127.75,140.6,149.32,155.25,159.28,162.01,163.87,165.13,165.99,166.57,
57.79,90.03,111.78,126.45,136.35,143.02,147.52,150.56,152.61,153.99,154.93,155.56,
57.36,88.36,108.65,121.94,130.63,136.33,140.06,142.5,144.09,145.14,145.82,146.27,
122.49,129.58,133.61,135.91,137.21,137.95,138.37,138.61,138.74,138.82,138.86,138.89,
142.43,129.96,129.96,129.96,129.96,129.96,129.96,129.96,129.96,129.96,129.96,129.96,
114.36,131.29,131.29,131.29,131.29,131.29,131.29,131.29,131.29,131.29,131.29,131.29,
103.0,123.51,123.51,123.51,123.51,123.51,123.51,123.51,123.51,123.51,123.51,123.51,
55.19,118.66,118.66,118.66,118.66,118.66,118.66,118.66,118.66,118.66,118.66,118.66,
77.71,115.48,115.48,115.48,115.48,115.48,115.48,115.48,115.48,115.48,115.48,115.48,
42.06,105.2,105.2,105.2,105.2,105.2,105.2,105.2,105.2,105.2,105.2,105.2,
88.64,109.29,109.29,109.29,109.29,109.29,109.29,109.29,109.29,109.29,109.29,109.29,
18.8,101.8,101.8,101.8,101.8,101.8,101.8,101.8,101.8,101.8,101.8,101.8,
79.91,107.48,107.48,107.48,107.48,107.48,107.48,107.48,107.48,107.48,107.48,107.48,
98.66,105.35,105.35,105.35,105.35,105.35,105.35,105.35,105.35,105.35,105.35,105.35,
169.06,108.51,108.51,108.51,108.51,108.51,108.51,108.51,108.51,108.51,108.51,108.51,
75.61,103.03,103.03,103.03,103.03,103.03,103.03,103.03,103.03,103.03,103.03,103.03,
155.27,109.02,109.02,109.02,109.02,109.02,109.02,109.02,109.02,109.02,109.02,109.02,
153.61,116.89,116.89,116.89,116.89,116.89,116.89,116.89,116.89,116.89,116.89,116.89,
230.33,126.54,126.54,126.54,126.54,126.54,126.54,126.54,126.54,126.54,126.54,126.54,
132.01,131.95,131.95,131.95,131.95,131.95,131.95,131.95,131.95,131.95,131.95,131.95,
186.58,136.11,136.11,136.11,136.11,136.11,136.11,136.11,136.11,136.11,136.11,136.11,
245.96,147.57,147.57,147.57,147.57,147.57,147.57,147.57,147.57,147.57,147.57,147.57,
119.93,140.63,140.63,140.63,140.63,140.63,140.63,140.63,140.63,140.63,140.63,140.63,
190.03,143.12,143.12,143.12,143.12,143.12,143.12,143.12,143.12,143.12,143.12,143.12,
85.39,102.44,113.9,121.61,126.78,130.26,132.59,134.16,135.22,135.92,136.4,136.72,
82.65,99.16,111.19,119.95,126.33,130.99,134.37,136.84,138.64,139.96,140.91,141.61,
40.37,61.98,77.36,88.3,96.09,101.63,105.58,108.39,110.38,111.81,112.82,113.54,
189.65,169.8,156.83,148.34,142.79,139.16,136.79,135.24,134.22,133.56,133.13,132.84,
168.78,155.11,146.31,140.64,136.98,134.63,133.11,132.13,131.5,131.1,130.84,130.67,
112.41,114.83,117.24,119.66,122.07,124.48,126.9,129.31,131.72,134.14,136.55,138.97,
80.72,88.1,93.19,96.7,99.12,100.78,101.93,102.72,103.27,103.64,103.9,104.08,
30.79,52.06,66.75,76.91,83.92,88.76,92.11,94.42,96.02,97.12,97.88,98.41,
39.0,59.28,73.46,83.38,90.32,95.17,98.57,100.94,102.6,103.76,104.57,105.14,
45.09,63.12,76.07,85.38,92.06,96.86,100.31,102.79,104.57,105.85,106.77,107.43,
152.01,139.86,131.65,126.11,122.36,119.83,118.12,116.96,116.18,115.66,115.3,115.06,
203.58,178.24,160.6,148.33,139.78,133.84,129.71,126.83,124.82,123.43,122.46,121.78,
346.32,281.68,148.51,175.98,123.03,151.12,123.83,142.8,127.1,138.93,129.57,136.78,
228.24,111.01,171.06,113.37,154.53,121.14,146.7,126.62,142.21,130.04,139.52,132.13,
385.88,336.23,297.77,267.99,244.92,227.06,213.22,202.51,194.21,187.78,182.81,178.95,
1493.86,918.33,247.64,247.64,247.64,247.64,247.64,247.64,247.64,247.64,247.64,247.64,
882.89,912.42,941.95,971.47,1001.0,1030.53,1060.06,1089.59,1119.12,1148.65,1178.18,1207.71,
800.41,1004.35,699.33,696.74,939.26,921.19,816.19,902.09,992.18,958.52,955.65,1023.94,
374.83,448.64,461.39,474.15,486.9,499.66,512.41,525.17,537.92,550.68,563.43,576.19,
211.08,243.4,243.4,243.4,243.4,243.4,243.4,243.4,243.4,243.4,243.4,243.4,
299.69,250.21,250.21,250.21,250.21,250.21,250.21,250.21,250.21,250.21,250.21,250.21,
259.09,252.64,252.64,252.64,252.64,252.64,252.64,252.64,252.64,252.64,252.64,252.64,
271.89,260.45,260.45,260.45,260.45,260.45,260.45,260.45,260.45,260.45,260.45,260.45,
366.87,267.9,267.9,267.9,267.9,267.9,267.9,267.9,267.9,267.9,267.9,267.9,
139.41,262.56,262.56,262.56,262.56,262.56,262.56,262.56,262.56,262.56,262.56,262.56,
314.67,259.52,259.52,259.52,259.52,259.52,259.52,259.52,259.52,259.52,259.52,259.52,
186.68,264.68,264.68,264.68,264.68,264.68,264.68,264.68,264.68,264.68,264.68,264.68,
178.34,249.96,249.96,249.96,249.96,249.96,249.96,249.96,249.96,249.96,249.96,249.96,
147.61,249.1,249.1,249.1,249.1,249.1,249.1,249.1,249.1,249.1,249.1,249.1,
130.43,236.28,236.28,236.28,236.28,236.28,236.28,236.28,236.28,236.28,236.28,236.28,
138.88,240.2,240.2,240.2,240.2,240.2,240.2,240.2,240.2,240.2,240.2,240.2,
134.12,232.96,232.96,232.96,232.96,232.96,232.96,232.96,232.96,232.96,232.96,232.96,
118.05,238.61,238.61,238.61,238.61,238.61,238.61,238.61,238.61,238.61,238.61,238.61,
246.24,239.78,239.78,239.78,239.78,239.78,239.78,239.78,239.78,239.78,239.78,239.78,
235.17,238.64,238.64,238.64,238.64,238.64,238.64,238.64,238.64,238.64,238.64,238.64,
197.29,240.12,240.12,240.12,240.12,240.12,240.12,240.12,240.12,240.12,240.12,240.12,
398.52,255.53,255.53,255.53,255.53,255.53,255.53,255.53,255.53,255.53,255.53,255.53,
0.0,245.34,245.34,245.34,245.34,245.34,245.34,245.34,245.34,245.34,245.34,245.34,
458.49,268.49,268.49,268.49,268.49,268.49,268.49,268.49,268.49,268.49,268.49,268.49,
107.19,90.12,76.05,63.53,51.83,40.56,29.51,18.57,7.7,0.0,0.0,0.0,
158.85,113.09,84.74,64.94,49.34,35.82,23.31,11.31,0.0,0.0,0.0,0.0,
57.83,31.64,17.19,2.73,0.0,0.0,0.0,0.0,0.0,0.0,0.0,0.0,
177.46,124.64,92.14,70.03,53.25,39.19,26.52,14.57,2.98,0.0,0.0,0.0,
205.83,190.0,174.18,158.35,142.53,126.7,110.88,95.05,79.23,63.4,47.58,31.75,
210.87,208.81,235.34,267.77,322.43,387.58,471.66,568.6,682.77,811.01,955.6,1114.91,
259.75,295.55,290.88,287.55,285.17,283.46,282.25,281.38,280.75,280.31,279.99,279.77,
323.59,337.37,306.09,284.92,270.58,260.88,254.31,249.87,246.86,244.82,243.44,242.51,
319.26,260.6,248.88,240.92,235.51,231.83,229.33,227.64,226.48,225.7,225.17,224.81,
204.7,152.43,170.61,181.49,188.0,191.9,194.24,195.64,196.48,196.98,197.28,197.46,
198.09,268.64,253.11,242.2,234.54,229.16,225.38,222.72,220.86,219.55,218.63,217.98,
258.26,220.14,218.43,217.25,216.44,215.88,215.49,215.23,215.04,214.92,214.83,214.77,
200.45,83.01,118.22,142.73,159.79,171.66,179.92,185.67,189.67,192.46,194.4,195.75,
50.68,27.4,74.12,138.2,187.31,211.0,213.45,204.52,193.25,184.98,181.21,181.06,
9.15,59.32,130.6,186.48,212.3,211.31,195.59,177.59,165.2,160.7,162.38,166.89,
60.56,137.56,193.48,216.33,212.15,194.64,176.48,164.91,161.43,163.74,168.36,172.5,
80.78,87.3,108.68,123.63,134.08,141.39,146.5,150.07,152.57,154.31,155.53,156.39,
53.27,49.98,70.31,85.78,97.56,106.53,113.36,118.55,122.51,125.52,127.81,129.56,
31.63,37.61,57.51,72.98,85.02,94.38,101.66,107.32,111.73,115.15,117.82,119.89,
85.28,141.0,140.82,140.68,140.58,140.5,140.45,140.4,140.37,140.34,140.33,140.31,
275.44,323.77,339.1,346.39,331.27,305.64,267.86,225.84,182.41,143.23,111.31,89.73,
330.47,349.53,351.98,335.93,306.35,266.35,221.58,176.7,136.62,104.96,84.42,76.17,
302.55,279.75,295.42,272.98,260.33,233.22,210.03,184.08,162.94,145.11,133.5,127.46,
155.33,159.21,180.41,180.41,180.41,180.41,180.41,180.41,180.41,180.41,180.41,180.41,
130.59,144.08,155.79,166.49,172.53,176.53,177.96,178.63,178.45,178.27,177.93,177.74,
241.32,278.66,239.14,238.78,225.89,221.73,216.26,213.19,210.46,208.61,207.14,206.09,
340.08,291.41,261.77,243.72,232.73,226.04,221.97,219.49,217.97,217.05,216.49,216.15,
220.45,208.78,201.82,197.67,195.19,193.71,192.83,192.31,191.99,191.81,191.69,191.63,
187.03,191.42,194.15,195.85,196.92,197.58,197.99,198.25,198.41,198.51,198.57,198.61,
222.93,211.95,204.89,200.35,197.43,195.55,194.34,193.56,193.06,192.74,192.53,192.4,
517.89,367.57,295.17,260.29,243.49,235.39,231.49,229.61,228.71,228.27,228.06,227.96,
344.78,302.26,274.55,256.48,244.7,237.03,232.02,228.76,226.64,225.25,224.35,223.76,
361.5,321.62,294.43,275.9,263.27,254.65,248.78,244.78,242.05,240.19,238.92,238.06,
247.4,239.23,233.93,230.49,228.25,226.81,225.87,225.26,224.86,224.61,224.44,224.33,
159.21,177.94,189.94,197.64,202.58,205.75,207.78,209.08,209.91,210.45,210.79,211.01,
214.29,217.08,218.89,220.06,220.82,221.32,221.64,221.85,221.98,222.07,222.12,222.16,
105.75,141.41,164.21,178.8,188.12,194.09,197.91,200.35,201.91,202.91,203.54,203.95,
79.03,117.58,142.74,159.18,169.91,176.91,181.49,184.47,186.42,187.7,188.53,189.07,
73.83,109.68,133.56,149.47,160.06,167.12,171.82,174.95,177.04,178.43,179.35,179.97,
76.81,109.44,132.2,148.06,159.12,166.84,172.21,175.96,178.58,180.4,181.67,182.56,
66.87,93.29,112.23,125.81,135.54,142.52,147.51,151.1,153.67,155.51,156.83,157.77,
93.68,110.78,123.13,132.06,138.51,143.17,146.53,148.96,150.72,151.99,152.91,153.57,
45.36,71.4,90.56,104.67,115.05,122.7,128.33,132.47,135.52,137.76,139.42,140.63,
210.5,197.08,187.84,181.47,177.09,174.08,172.0,170.57,169.59,168.91,168.45,168.13,
148.71,154.57,158.5,161.15,162.93,164.12,164.92,165.46,165.82,166.07,166.23,166.34,
218.84,204.96,195.86,189.89,185.97,183.4,181.71,180.61,179.88,179.41,179.1,178.89,
233.89,217.04,206.18,199.17,194.65,191.73,189.85,188.64,187.86,187.35,187.03,186.82,
196.11,193.69,192.19,191.25,190.67,190.31,190.09,189.95,189.86,189.81,189.77,189.75,
188.2,193.18,196.22,198.07,199.19,199.88,200.29,200.55,200.7,200.79,200.85,200.89,
215.81,213.24,211.67,210.71,210.12,209.76,209.54,209.4,209.32,209.27,209.24,209.22,
429.95,355.94,310.31,282.18,264.84,254.15,247.56,243.5,240.99,239.45,238.5,237.91,
229.04,223.3,220.3,218.72,217.9,217.47,217.24,217.12,217.06,217.03,217.01,217.0,
244.91,231.66,224.65,220.95,218.99,217.96,217.41,217.12,216.97,216.89,216.85,216.82,
348.46,294.41,265.64,250.32,242.17,237.83,235.52,234.29,233.63,233.29,233.1,233.0,
354.87,315.14,290.91,276.13,267.11,261.62,258.26,256.22,254.97,254.21,253.74,253.46,
302.47,280.19,266.95,259.08,254.41,251.64,249.99,249.02,248.43,248.09,247.88,247.76,
235.68,233.16,231.69,230.83,230.33,230.04,229.87,229.77,229.71,229.68,229.66,229.65,
210.0,215.86,219.29,221.29,222.47,223.15,223.56,223.79,223.93,224.01,224.06,224.08,
266.6,252.96,245.01,240.37,237.67,236.1,235.18,234.65,234.33,234.15,234.05,233.99,
76.85,35.56,24.98,42.73,82.83,136.98,196.0,251.22,295.54,324.26,335.41,329.67,
59.53,63.53,91.84,135.25,183.68,228.05,261.59,280.62,284.56,275.49,257.32,234.76,
71.04,88.12,121.69,162.09,200.65,230.95,249.51,255.68,251.16,239.15,223.47,207.72,
87.69,93.71,115.25,143.94,172.36,195.22,209.75,215.53,213.89,207.22,198.17,189.11,
73.65,107.33,128.48,141.76,150.1,155.33,158.62,160.68,161.98,162.79,163.3,163.63,
32.06,47.65,81.04,119.48,153.9,179.26,194.1,199.43,197.71,191.82,184.39,177.38,
58.67,74.78,95.03,115.68,134.16,149.03,159.72,166.38,169.56,170.03,168.64,166.18,
53.2,58.9,73.6,92.17,110.83,127.12,139.8,148.5,153.53,155.55,155.38,153.82,
60.12,71.73,86.49,101.59,115.28,126.57,135.12,141.03,144.63,146.39,146.79,146.31,
86.43,123.77,148.7,162.7,168.25,168.06,164.53,159.58,154.52,150.13,146.79,144.55,
260.26,228.89,209.12,196.65,188.79,183.84,180.71,178.74,177.5,176.72,176.22,175.91,
236.67,216.06,203.31,195.42,190.54,187.53,185.66,184.51,183.79,183.35,183.08,182.91,
192.39,187.74,184.89,183.15,182.08,181.43,181.03,180.78,180.63,180.54,180.48,180.45,
437.78,609.6,638.49,602.56,543.86,483.39,430.34,387.61,355.06,331.25,314.37,302.73,
579.34,445.31,405.77,374.51,349.81,330.28,314.84,302.64,293.0,285.38,279.35,274.59,
485.06,227.16,227.79,228.25,228.58,228.82,228.99,229.11,229.21,229.27,229.32,229.35,
271.63,245.49,245.62,237.37,235.28,232.13,230.66,229.28,228.46,227.81,227.39,227.07,
246.37,247.34,236.81,234.41,230.41,228.62,226.88,225.85,225.03,224.49,224.09,223.81,
122.34,248.81,289.45,283.9,262.55,242.24,229.04,222.93,221.54,222.41,223.86,225.05,
291.2,324.8,307.81,294.9,285.09,277.64,271.97,267.66,264.39,261.9,260.01,258.57,
309.62,258.34,256.13,254.43,253.11,252.09,251.31,250.7,250.23,249.87,249.59,249.38,
105.62,73.24,52.63,45.44,51.99,71.33,101.33,138.89,180.33,221.65,258.99,288.96,
61.81,34.95,14.4,11.44,22.83,48.71,86.39,132.77,183.84,235.26,282.72,322.22,
33.94,39.1,21.41,30.49,47.97,78.63,117.57,162.39,209.11,254.03,293.5,324.42,
52.95,39.09,36.83,46.28,66.65,96.34,133.09,174.11,216.32,256.56,291.84,319.58,
140.95,131.93,150.08,162.4,170.77,176.46,180.32,182.94,184.72,185.93,186.75,187.31,
109.48,100.76,123.56,139.22,149.97,157.35,162.42,165.9,168.29,169.93,171.05,171.83,
88.12,114.17,146.05,180.87,215.57,247.25,273.33,291.82,301.43,301.67,292.86,276.07,
66.57,76.37,100.11,116.98,128.96,137.48,143.53,147.83,150.89,153.06,154.6,155.7,
51.07,55.42,73.99,88.19,99.05,107.36,113.72,118.58,122.29,125.13,127.31,128.97,
60.43,84.84,97.27,106.71,113.89,119.35,123.49,126.64,129.04,130.86,132.24,133.29,
69.19,63.17,78.05,89.6,98.55,105.49,110.87,115.04,118.28,120.79,122.73,124.24,
52.23,52.23,68.6,81.37,91.35,99.14,105.22,109.96,113.67,116.56,118.82,120.59,
39.87,40.5,58.11,71.95,82.83,91.38,98.11,103.39,107.54,110.81,113.37,115.39,
4.07,7.26,5.23,6.19,5.43,5.66,5.32,5.31,5.11,5.02,4.87,4.75,
93.93,155.01,126.64,149.19,142.75,152.81,153.48,159.49,162.47,167.17,170.89,175.17,
139.55,98.35,126.74,115.02,126.41,124.49,130.24,131.57,135.44,137.85,141.11,143.87,
81.05,77.97,74.89,71.81,68.73,65.65,62.57,59.5,56.42,53.34,50.26,47.18,
94.18,88.39,82.6,76.81,71.02,65.23,59.44,53.65,47.87,42.08,36.29,30.5,
154.33,257.58,327.57,327.62,327.68,327.74,327.8,327.85,327.91,327.97,328.02,328.08,
287.12,378.42,436.73,474.73,500.21,517.97,530.98,541.06,549.34,556.51,562.99,569.05,
296.41,234.27,275.16,226.5,255.68,217.2,237.53,206.75,220.38,195.42,204.0,183.42,
213.88,198.21,189.11,175.5,164.99,152.34,141.16,128.98,117.48,105.51,93.87,82.0,
216.5,205.94,197.67,191.19,186.12,182.16,179.05,176.62,174.72,173.23,172.06,171.15,
206.06,202.78,200.04,197.77,195.87,194.29,192.98,191.88,190.97,190.21,189.58,189.05,
158.58,125.94,93.4,63.33,37.91,18.96,7.81,5.21,11.3,25.58,46.95,73.79,
59.49,27.6,3.61,0.0,0.0,0.0,13.2,40.49,74.08,111.03,148.14,182.2,
35.93,56.67,73.27,86.55,97.18,105.69,112.49,117.94,122.3,125.78,128.57,130.8,
0.0,0.0,0.0,0.0,8.92,41.09,79.21,119.9,159.59,194.85,222.65,240.63,
89.57,96.72,102.05,106.02,108.99,111.21,112.86,114.09,115.01,115.7,116.21,116.6,
142.04,136.2,131.93,128.81,126.52,124.84,123.61,122.72,122.06,121.58,121.22,120.96,
140.86,134.16,129.26,125.66,123.03,121.1,119.69,118.66,117.9,117.35,116.94,116.64,
164.72,153.44,145.11,138.96,134.41,131.05,128.57,126.74,125.39,124.39,123.66,123.11,
95.8,99.99,103.0,105.18,106.75,107.88,108.7,109.29,109.71,110.02,110.24,110.4,
41.89,57.84,69.46,77.92,84.08,88.57,91.84,94.23,95.96,97.23,98.15,98.82,
31.97,48.26,60.33,69.28,75.91,80.83,84.47,87.17,89.18,90.66,91.76,92.58,
30.52,45.88,57.39,66.01,72.47,77.3,80.92,83.64,85.67,87.19,88.33,89.18,
22.02,38.63,51.16,60.62,67.76,73.14,77.2,80.27,82.58,84.33,85.64,86.64,
20.61,36.32,48.29,57.41,64.35,69.65,73.68,76.76,79.1,80.88,82.24,83.28,
38.09,51.77,62.11,69.93,75.85,80.32,83.7,86.26,88.19,89.65,90.76,91.59,
59.11,66.11,71.49,75.63,78.81,81.26,83.14,84.58,85.69,86.55,87.21,87.71,
153.42,141.21,132.22,125.6,120.72,117.13,114.48,112.53,111.1,110.04,109.26,108.69,
63.88,73.77,80.81,85.82,89.4,91.94,93.75,95.05,95.97,96.62,97.09,97.42,
216.9,223.79,230.69,237.59,244.48,251.38,258.28,265.17,272.07,278.97,285.86,292.76,
200.34,200.69,201.03,201.38,201.72,202.07,202.41,202.76,203.1,203.45,203.79,204.14,
141.78,135.79,131.42,128.24,125.92,124.23,123.0,122.1,121.45,120.97,120.62,120.37,
181.85,168.55,158.81,151.67,146.44,142.61,139.8,137.74,136.24,135.13,134.32,133.73,
366.27,324.09,290.97,264.96,244.54,228.51,215.92,206.04,198.28,192.18,187.4,183.64,
185.86,175.99,169.09,164.28,160.92,158.57,156.93,155.79,154.99,154.43,154.04,153.77,
141.06,141.76,142.23,142.54,142.74,142.88,142.97,143.03,143.07,143.1,143.12,143.13,
78.64,96.32,107.23,113.97,118.13,120.69,122.28,123.26,123.86,124.23,124.46,124.61,
89.84,101.73,108.86,113.14,115.7,117.24,118.16,118.71,119.05,119.24,119.36,119.43,
57.15,79.25,92.38,100.19,104.83,107.59,109.24,110.21,110.79,111.14,111.34,111.46,
133.06,123.87,118.89,116.18,114.71,113.91,113.48,113.25,113.12,113.05,113.01,112.99,
131.04,121.03,115.73,112.94,111.46,110.68,110.26,110.05,109.93,109.87,109.84,109.82,
59.22,75.3,84.14,89.01,91.69,93.16,93.97,94.42,94.66,94.8,94.87,94.91,
82.9,89.83,93.55,95.55,96.62,97.19,97.5,97.67,97.76,97.8,97.83,97.84,
50.4,71.86,83.27,89.33,92.55,94.26,95.17,95.65,95.91,96.04,96.11,96.15,
49.85,71.5,83.26,89.64,93.11,95.0,96.02,96.58,96.88,97.05,97.13,97.18,
54.8,74.24,85.1,91.17,94.55,96.45,97.5,98.09,98.42,98.61,98.71,98.77,
52.63,71.03,81.4,87.26,90.55,92.41,93.46,94.06,94.39,94.58,94.68,94.74,
115.93,108.32,104.2,101.98,100.78,100.13,99.78,99.59,99.49,99.43,99.4,99.38,
457.38,322.35,243.97,198.47,172.05,156.72,147.82,142.66,139.66,137.92,136.91,136.32,
199.95,155.84,136.39,127.81,124.03,122.36,121.63,121.3,121.16,121.1,121.07,121.06,
166.6,143.26,133.07,128.61,126.66,125.81,125.44,125.28,125.21,125.17,125.16,125.16,
213.66,170.94,151.99,143.59,139.87,138.21,137.48,137.16,137.01,136.95,136.92,136.91,
194.72,165.96,153.28,147.7,145.24,144.16,143.68,143.47,143.37,143.33,143.32,143.31,
295.35,223.91,190.91,175.66,168.62,165.37,163.86,163.17,162.85,162.7,162.63,162.6,
216.47,188.79,176.74,171.49,169.2,168.21,167.77,167.58,167.5,167.46,167.45,167.44,
259.51,215.41,196.06,187.56,183.84,182.2,181.48,181.17,181.03,180.97,180.94,180.93,
234.29,209.56,198.58,193.7,191.54,190.57,190.15,189.96,189.87,189.84,189.82,189.81,
387.58,396.21,404.83,413.46,422.09,430.71,439.34,447.97,456.59,465.22,473.85,482.47,
340.54,345.4,350.27,355.13,360.0,364.86,369.73,374.59,379.46,384.32,389.19,394.05,
363.29,369.12,374.95,380.78,386.61,392.44,398.27,404.1,409.93,415.76,421.59,427.42,
431.49,439.77,448.06,456.34,464.62,472.9,481.19,489.47,497.75,506.03,514.31,522.6,
370.57,375.75,380.93,386.11,391.29,396.47,401.65,406.83,412.01,417.19,422.37,427.55,
217.93,216.08,214.22,212.37,210.51,208.65,206.8,204.94,203.08,201.23,199.37,197.51,
216.89,284.17,317.32,335.84,348.1,357.67,366.08,374.01,381.72,389.34,396.92,404.48,
75.96,75.08,74.2,73.32,72.44,71.55,70.67,69.79,68.91,68.03,67.15,66.26,
99.24,137.82,159.32,171.3,177.98,181.7,183.77,184.93,185.57,185.93,186.13,186.24,
98.85,137.4,158.98,171.06,177.83,181.61,183.73,184.92,185.59,185.96,186.17,186.28,
83.33,125.25,149.22,162.92,170.76,175.23,177.79,179.26,180.09,180.57,180.85,181.0,
84.07,126.96,151.8,166.18,174.5,179.32,182.11,183.73,184.66,185.21,185.52,185.7,
86.43,125.62,148.75,162.4,170.45,175.2,178.0,179.66,180.63,181.21,181.55,181.75,
79.02,115.07,137.09,150.54,158.76,163.78,166.84,168.71,169.86,170.56,170.98,171.24,
248.35,224.84,211.56,204.07,199.84,197.45,196.11,195.35,194.92,194.67,194.54,194.46,
736.58,546.93,432.17,362.72,320.7,295.27,279.88,270.57,264.93,261.52,259.46,258.21,
138.09,235.41,235.41,235.41,235.41,235.41,235.41,235.41,235.41,235.41,235.41,235.41,
256.84,241.48,241.48,241.48,241.48,241.48,241.48,241.48,241.48,241.48,241.48,241.48,
289.97,256.89,256.89,256.89,256.89,256.89,256.89,256.89,256.89,256.89,256.89,256.89,
307.34,267.51,267.51,267.51,267.51,267.51,267.51,267.51,267.51,267.51,267.51,267.51,
299.02,284.06,284.06,284.06,284.06,284.06,284.06,284.06,284.06,284.06,284.06,284.06,
229.32,261.66,261.66,261.66,261.66,261.66,261.66,261.66,261.66,261.66,261.66,261.66,
269.29,259.17,259.17,259.17,259.17,259.17,259.17,259.17,259.17,259.17,259.17,259.17,
247.38,261.56,261.56,261.56,261.56,261.56,261.56,261.56,261.56,261.56,261.56,261.56,
284.95,259.7,259.7,259.7,259.7,259.7,259.7,259.7,259.7,259.7,259.7,259.7,
316.65,269.57,269.57,269.57,269.57,269.57,269.57,269.57,269.57,269.57,269.57,269.57,
258.64,259.18,259.18,259.18,259.18,259.18,259.18,259.18,259.18,259.18,259.18,259.18,
289.17,264.08,264.08,264.08,264.08,264.08,264.08,264.08,264.08,264.08,264.08,264.08,
259.76,257.61,257.61,257.61,257.61,257.61,257.61,257.61,257.61,257.61,257.61,257.61,
196.48,255.31,255.31,255.31,255.31,255.31,255.31,255.31,255.31,255.31,255.31,255.31,
187.92,240.9,240.9,240.9,240.9,240.9,240.9,240.9,240.9,240.9,240.9,240.9,
142.32,231.47,231.47,231.47,231.47,231.47,231.47,231.47,231.47,231.47,231.47,231.47,
200.14,227.59,227.59,227.59,227.59,227.59,227.59,227.59,227.59,227.59,227.59,227.59,
114.25,206.57,206.57,206.57,206.57,206.57,206.57,206.57,206.57,206.57,206.57,206.57,
148.89,193.68,193.68,193.68,193.68,193.68,193.68,193.68,193.68,193.68,193.68,193.68,
123.65,192.74,192.74,192.74,192.74,192.74,192.74,192.74,192.74,192.74,192.74,192.74,
130.41,191.58,191.58,191.58,191.58,191.58,191.58,191.58,191.58,191.58,191.58,191.58,
104.84,143.46,163.4,173.69,179.0,181.74,183.15,183.88,184.26,184.45,184.55,184.6,
269.8,202.81,202.81,202.81,202.81,202.81,202.81,202.81,202.81,202.81,202.81,202.81,
251.99,212.3,212.3,212.3,212.3,212.3,212.3,212.3,212.3,212.3,212.3,212.3,
284.13,224.94,224.94,224.94,224.94,224.94,224.94,224.94,224.94,224.94,224.94,224.94,
151.37,224.96,224.96,224.96,224.96,224.96,224.96,224.96,224.96,224.96,224.96,224.96,
163.32,93.35,84.75,76.14,67.53,58.93,50.32,41.71,33.1,24.5,15.89,7.28,
187.35,177.65,167.94,158.23,148.52,138.82,129.11,119.4,109.7,99.99,90.28,80.58,
356.9,333.79,310.69,287.59,264.48,241.38,218.28,195.17,172.07,148.97,125.86,102.76,
266.66,257.27,250.66,246.01,242.74,240.43,238.81,237.67,236.87,236.31,235.91,235.63,
138.64,171.34,209.05,209.05,209.05,209.05,209.05,209.05,209.05,209.05,209.05,209.05,
339.53,310.87,290.56,276.17,265.98,258.76,253.65,250.03,247.46,245.64,244.35,243.44,
311.5,291.26,276.9,266.7,259.46,254.33,250.68,248.09,246.25,244.95,244.02,243.37,
316.06,292.35,275.78,264.21,256.12,250.47,246.52,243.76,241.83,240.48,239.54,238.88,
276.55,260.17,248.73,240.74,235.16,231.26,228.54,226.64,225.31,224.38,223.73,223.28,
286.06,269.17,257.26,248.85,242.92,238.73,235.78,233.7,232.23,231.19,230.46,229.95,
170.57,184.58,194.11,200.59,205.01,208.02,210.06,211.45,212.4,213.05,213.49,213.79,
104.39,135.37,157.0,172.1,182.64,189.99,195.13,198.71,201.22,202.96,204.18,205.03,
68.84,104.6,130.78,149.95,163.98,174.25,181.77,187.28,191.31,194.26,196.42,198.0,
81.57,111.46,132.95,148.41,159.52,167.51,173.25,177.38,180.36,182.49,184.03,185.13,
71.17,100.98,122.57,138.2,149.52,157.72,163.65,167.95,171.06,173.32,174.95,176.13,
137.5,149.78,158.4,164.44,168.67,171.65,173.73,175.19,176.22,176.94,177.45,177.8,
50.33,79.27,100.04,114.94,125.64,133.32,138.83,142.78,145.62,147.65,149.11,150.16,
123.17,132.49,139.07,143.73,147.03,149.36,151.0,152.17,152.99,153.58,153.99,154.28,
37.88,65.38,85.34,99.83,110.34,117.98,123.52,127.54,130.46,132.58,134.12,135.24,
70.59,92.48,108.15,119.37,127.4,133.15,137.26,140.21,142.31,143.82,144.9,145.68,
179.83,172.71,167.73,164.24,161.8,160.09,158.9,158.06,157.47,157.06,156.78,156.58,
260.36,233.05,214.24,201.28,192.36,186.21,181.98,179.06,177.05,175.67,174.72,174.06,
183.72,179.58,176.86,175.06,173.87,173.09,172.58,172.24,172.02,171.87,171.77,171.71,
212.15,200.66,193.28,188.53,185.47,183.5,182.24,181.43,180.9,180.57,180.35,180.21,
339.54,288.95,257.15,237.15,224.58,216.67,211.7,208.58,206.61,205.38,204.6,204.11,
394.02,347.45,314.6,291.41,275.05,263.5,255.35,249.6,245.55,242.68,240.66,239.24,
323.3,297.54,279.44,266.73,257.81,251.54,247.14,244.05,241.88,240.35,239.28,238.53,
264.19,253.35,245.91,240.82,237.32,234.92,233.28,232.15,231.38,230.85,230.49,230.24,
230.87,224.31,219.61,216.23,213.81,212.07,210.83,209.93,209.29,208.83,208.5,208.26,
262.92,250.67,241.88,235.57,231.05,227.8,225.47,223.8,222.6,221.74,221.12,220.67,
212.72,214.68,216.07,217.07,217.79,218.3,218.66,218.93,219.11,219.25,219.34,219.41,
230.03,230.06,230.08,230.09,230.1,230.11,230.11,230.12,230.12,230.12,230.12,230.12,
129.26,150.31,165.45,176.34,184.17,189.81,193.86,196.77,198.87,200.37,201.46,202.24,
100.79,123.49,140.22,152.55,161.64,168.34,173.28,176.92,179.6,181.58,183.04,184.11,
87.8,110.13,128.06,142.45,154.01,163.29,170.75,176.73,181.54,185.4,188.5,190.98,
153.1,163.21,171.03,177.07,181.74,185.35,188.13,190.29,191.95,193.24,194.23,195.0,
64.17,90.56,110.93,126.66,138.81,148.19,155.43,161.03,165.34,168.68,171.25,173.24,
66.85,106.44,144.72,178.55,205.83,225.42,237.12,241.44,239.46,232.61,222.45,210.55,
60.79,84.29,102.23,115.93,126.39,134.37,140.46,145.12,148.67,151.38,153.45,155.03,
54.34,73.19,87.78,99.07,107.81,114.57,119.81,123.87,127.0,129.43,131.31,132.77,
32.79,50.92,65.34,76.82,85.96,93.23,99.01,103.61,107.27,110.19,112.5,114.35,
39.01,54.27,66.52,76.37,84.27,90.62,95.71,99.81,103.09,105.73,107.85,109.55,
22.54,40.68,55.29,67.06,76.53,84.15,90.29,95.23,99.21,102.41,104.99,107.07,
9.31,8.62,7.93,7.24,6.55,5.86,5.17,4.48,3.79,3.1,2.41,1.72,
16.55,13.1,9.66,6.21,2.76,0.0,0.0,0.0,0.0,0.0,0.0,0.0,
1.57,0.0,3.52,10.14,0.0,0.0,0.55,0.0,0.0,0.0,0.0,0.0,
0.0,0.0,0.0,12.26,11.08,0.0,0.0,0.0,0.0,0.0,0.0,0.0,
62.07,64.14,66.21,68.28,70.34,72.41,74.48,76.55,78.62,80.69,82.76,84.83,
112.41,114.83,117.24,119.66,122.07,124.48,126.9,129.31,131.72,134.14,136.55,138.97,
127.93,125.86,123.79,121.72,119.66,117.59,115.52,113.45,111.38,109.31,107.24,105.17,
237.93,235.86,233.79,231.72,229.66,227.59,225.52,223.45,221.38,219.31,217.24,215.17,
231.38,232.76,234.14,235.52,236.9,238.28,239.66,241.03,242.41,243.79,245.17,246.55,
136.9,133.79,130.69,127.59,124.48,121.38,118.28,115.17,112.07,108.97,105.86,102.76,
336.68,379.67,356.13,408.18,501.03,571.2,595.79,645.69,729.64,813.08,870.62,932.66,
305.98,316.24,376.99,407.59,471.45,516.19,577.43,630.68,696.11,758.35,827.68,896.43,
179.63,179.29,178.99,178.73,178.49,178.28,178.09,177.92,177.77,177.63,177.51,177.41,
80.24,88.73,95.77,101.61,106.44,110.46,113.78,116.54,118.83,120.72,122.29,123.59,
104.45,107.99,110.82,113.07,114.87,116.3,117.45,118.36,119.08,119.66,120.12,120.49,
203.3,189.99,179.38,170.92,164.18,158.8,154.51,151.1,148.37,146.2,144.47,143.09,
94.93,126.46,192.4,179.78,112.33,100.8,156.18,180.0,133.02,94.08,122.55,163.58,
175.4,230.58,235.95,189.62,170.24,205.56,235.15,214.42,182.08,190.44,222.57,226.55,
58.62,57.24,55.86,54.48,53.1,51.72,50.34,48.97,47.59,46.21,44.83,43.45,
18.28,16.55,14.83,13.1,11.38,9.66,7.93,6.21,4.48,2.76,1.03,0.0,
18.62,17.24,15.86,14.48,13.1,11.72,10.34,8.97,7.59,6.21,4.83,3.45,
29.47,44.11,55.13,63.42,69.65,74.34,77.87,80.52,82.52,84.02,85.15,86.0,
31.79,41.06,48.35,54.07,58.57,62.11,64.88,67.07,68.78,70.13,71.19,72.02,
23.29,33.79,42.08,48.63,53.81,57.9,61.13,63.68,65.7,67.29,68.55,69.55,
23.01,33.31,41.48,47.95,53.07,57.13,60.35,62.9,64.92,66.52,67.79,68.79,
22.73,32.85,40.88,47.27,52.34,56.37,59.57,62.12,64.14,65.74,67.02,68.03,
13.17,23.75,32.27,39.12,44.63,49.06,52.63,55.49,57.8,59.65,61.14,62.34,
63.77,66.71,69.01,70.8,72.2,73.3,74.15,74.81,75.33,75.74,76.06,76.3,
127.65,118.14,110.82,105.19,100.85,97.51,94.94,92.97,91.44,90.27,89.37,88.67,
104.59,100.5,97.42,95.1,93.34,92.01,91.01,90.26,89.69,89.26,88.93,88.69,
151.9,138.37,128.25,120.7,115.05,110.83,107.67,105.32,103.55,102.24,101.25,100.52,
226.29,200.36,180.41,165.06,153.26,144.18,137.19,131.82,127.68,124.5,122.06,120.18,
203.29,182.87,167.26,155.32,146.2,139.22,133.89,129.81,126.69,124.31,122.49,121.1,
338.89,305.05,277.2,254.28,235.42,219.9,207.13,196.61,187.96,180.84,174.98,170.16,
240.11,217.23,199.72,186.33,176.07,168.23,162.22,157.62,154.11,151.42,149.36,147.78,
382.15,387.33,378.93,358.14,326.85,287.47,242.76,195.64,149.04,105.69,68.0,37.9,
316.37,278.73,282.03,269.25,264.33,257.07,251.67,246.28,241.62,237.3,233.42,229.9,
165.84,162.75,160.46,158.75,157.49,156.55,155.86,155.34,154.96,154.68,154.46,154.31,
64.32,82.14,95.21,104.8,111.82,116.98,120.75,123.52,125.55,127.04,128.13,128.93,
47.32,68.04,83.75,95.65,104.68,111.53,116.72,120.66,123.64,125.9,127.62,128.92,
45.68,65.15,79.93,91.13,99.63,106.08,110.97,114.68,117.5,119.63,121.25,122.48,
168.37,220.45,177.1,156.88,147.46,143.07,141.02,140.06,139.62,139.41,139.31,139.27,
276.22,255.45,205.7,176.28,158.88,148.6,142.52,138.92,136.79,135.54,134.79,134.35,
156.78,70.72,95.98,109.34,116.41,120.15,122.12,123.17,123.72,124.02,124.17,124.25,
96.85,130.89,133.63,135.19,136.09,136.6,136.89,137.06,137.15,137.21,137.24,137.26,
191.03,192.07,193.1,194.14,195.17,196.21,197.24,198.28,199.31,200.34,201.38,202.41,
49.88,71.11,86.19,96.91,104.53,109.94,113.79,116.52,118.46,119.84,120.82,121.52,
29.37,50.88,66.65,78.21,86.68,92.88,97.43,100.76,103.2,104.99,106.3,107.26,
34.13,52.09,65.46,75.4,82.81,88.32,92.41,95.47,97.74,99.43,100.68,101.62,
25.92,45.29,59.78,70.61,78.7,84.76,89.28,92.67,95.2,97.09,98.5,99.56,
25.14,44.03,58.22,68.87,76.87,82.88,87.4,90.79,93.34,95.25,96.69,97.77,
57.29,70.11,79.6,86.63,91.84,95.69,98.55,100.67,102.24,103.4,104.26,104.9,
163.37,151.52,143.08,137.07,132.79,129.74,127.56,126.01,124.91,124.13,123.57,123.17,
113.23,115.48,117.05,118.15,118.91,119.44,119.82,120.08,120.26,120.38,120.47,120.53,
107.16,112.09,115.49,117.82,119.43,120.54,121.3,121.83,122.19,122.44,122.61,122.73,
259.28,219.65,193.79,176.91,165.89,158.7,154.01,150.94,148.94,147.64,146.79,146.23,
147.76,146.44,145.67,145.21,144.94,144.78,144.69,144.63,144.6,144.58,144.57,144.56,
162.68,158.38,155.85,154.37,153.5,152.99,152.69,152.51,152.41,152.35,152.31,152.29,
63.91,95.38,113.75,124.48,130.74,134.39,136.52,137.77,138.49,138.92,139.17,139.31,
39.06,38.78,32.48,27.93,22.88,17.97,13.02,8.08,3.14,0.0,0.0,0.0,
180.4,169.13,162.65,158.92,156.78,155.54,154.83,154.42,154.19,154.05,153.98,153.93,
136.91,140.75,142.88,144.06,144.72,145.08,145.28,145.39,145.46,145.49,145.51,145.52,
107.14,123.06,132.4,137.88,141.09,142.98,144.08,144.73,145.11,145.34,145.47,145.55,
64.29,93.25,108.7,116.95,121.34,123.69,124.94,125.61,125.97,126.16,126.26,126.31,
65.12,91.02,105.88,114.41,119.3,122.11,123.72,124.65,125.18,125.49,125.66,125.76,
147.87,111.04,111.04,111.04,111.04,111.04,111.04,111.04,111.04,111.04,111.04,111.04,
125.0,107.23,107.23,107.23,107.23,107.23,107.23,107.23,107.23,107.23,107.23,107.23,
112.21,103.87,103.87,103.87,103.87,103.87,103.87,103.87,103.87,103.87,103.87,103.87,
104.22,105.98,105.98,105.98,105.98,105.98,105.98,105.98,105.98,105.98,105.98,105.98,
54.8,102.9,102.9,102.9,102.9,102.9,102.9,102.9,102.9,102.9,102.9,102.9,
78.34,104.85,104.85,104.85,104.85,104.85,104.85,104.85,104.85,104.85,104.85,104.85,
69.66,100.37,100.37,100.37,100.37,100.37,100.37,100.37,100.37,100.37,100.37,100.37,
175.48,102.64,102.64,102.64,102.64,102.64,102.64,102.64,102.64,102.64,102.64,102.64,
123.49,104.35,104.35,104.35,104.35,104.35,104.35,104.35,104.35,104.35,104.35,104.35,
207.17,156.34,133.44,123.12,118.48,116.38,115.44,115.02,114.83,114.74,114.7,114.68,
210.5,166.84,142.87,129.71,122.48,118.52,116.34,115.14,114.48,114.12,113.93,113.82,
115.11,112.73,111.58,111.02,110.75,110.62,110.55,110.52,110.51,110.5,110.5,110.5,
161.57,139.23,128.92,124.16,121.97,120.96,120.49,120.27,120.17,120.13,120.11,120.1,
234.03,182.56,157.55,145.41,139.51,136.64,135.25,134.57,134.24,134.09,134.01,133.97,
260.49,207.31,178.88,163.69,155.57,151.23,148.91,147.67,147.01,146.66,146.47,146.37,
194.92,172.66,161.67,156.24,153.57,152.24,151.59,151.27,151.11,151.03,150.99,150.97,
366.76,390.87,395.22,388.79,380.69,376.75,378.77,385.58,394.73,403.96,411.95,418.4,
320.49,316.54,323.18,329.81,336.44,343.08,349.71,356.34,362.98,369.61,376.24,382.88,
264.29,287.29,294.4,301.51,308.62,315.74,322.85,329.96,337.07,344.18,351.29,358.4,
113.1,106.21,99.31,92.41,85.52,78.62,71.72,64.83,57.93,51.03,44.14,37.24,
379.22,347.95,319.22,322.8,341.86,357.66,366.5,372.94,380.55,389.58,398.93,407.95,
293.53,307.29,317.44,326.26,334.59,342.73,350.81,358.87,366.92,374.96,383.0,391.05,
246.7,317.86,339.38,337.65,337.52,344.35,354.22,363.77,372.34,380.51,388.74,397.11,
101.38,102.76,104.14,105.52,106.9,108.28,109.66,111.03,112.41,113.79,115.17,116.55,
137.79,174.07,197.29,212.57,223.03,230.56,236.31,240.97,244.99,248.6,251.97,255.2,
57.59,55.17,52.76,50.34,47.93,45.52,43.1,40.69,38.28,35.86,33.45,31.03,
116.95,134.17,145.17,152.19,156.68,159.55,161.38,162.55,163.29,163.77,164.08,164.27,
79.09,104.97,122.09,133.43,140.93,145.9,149.18,151.36,152.8,153.75,154.38,154.8,
58.57,90.8,112.18,126.37,135.79,142.03,146.18,148.93,150.75,151.96,152.77,153.3,
110.88,130.99,144.1,152.64,158.21,161.83,164.19,165.73,166.74,167.39,167.82,168.09,
59.25,92.4,114.72,129.74,139.85,146.65,151.23,154.32,156.39,157.79,158.73,159.36,
61.54,90.15,109.86,123.43,132.79,139.23,143.66,146.72,148.83,150.28,151.28,151.96,
181.06,175.26,171.5,169.07,167.49,166.46,165.8,165.37,165.09,164.91,164.79,164.71,
243.38,218.72,202.11,190.92,183.38,178.31,174.89,172.59,171.04,169.99,169.29,168.82,
103.45,106.9,110.34,113.79,117.24,120.69,124.14,127.59,131.03,134.48,137.93,141.38,
194.17,196.39,198.6,200.81,203.03,205.24,207.46,209.67,211.88,214.1,216.31,218.52,
264.61,190.02,231.95,296.1,242.76,184.03,241.37,287.79,221.81,182.24,249.32,275.57,
265.68,297.54,375.54,333.93,261.59,310.36,374.55,318.02,261.04,322.58,370.14,303.11,
275.9,253.56,238.93,229.34,223.07,218.95,216.26,214.5,213.34,212.58,212.09,211.76,
219.46,212.83,208.66,206.04,204.4,203.36,202.71,202.3,202.05,201.89,201.78,201.72,
209.93,203.37,199.11,196.33,194.53,193.35,192.59,192.09,191.77,191.56,191.42,191.33,
247.31,232.25,222.27,215.64,211.24,208.33,206.39,205.11,204.26,203.7,203.32,203.07,
313.35,287.24,268.64,255.39,245.95,239.22,234.43,231.02,228.58,226.85,225.62,224.74,
298.81,276.65,260.89,249.68,241.72,236.06,232.03,229.17,227.14,225.69,224.67,223.94,
265.31,248.09,236.08,227.7,221.85,217.78,214.93,212.95,211.56,210.6,209.93,209.46,
159.3,172.45,181.41,187.5,191.66,194.49,196.41,197.73,198.62,199.23,199.64,199.93,
193.73,196.22,197.9,199.02,199.76,200.27,200.6,200.83,200.98,201.08,201.15,201.19,
200.55,118.51,73.48,110.14,170.82,175.42,119.41,71.12,82.27,128.06,145.0,110.9,
105.11,128.11,143.19,153.07,159.55,163.79,166.57,168.39,169.59,170.37,170.88,171.22,
280.73,280.57,280.41,280.25,280.09,279.93,279.76,279.6,279.44,279.28,279.12,278.96,
136.88,135.06,133.24,131.42,129.6,127.79,125.97,124.15,122.33,120.51,118.7,116.88,
86.83,85.56,84.3,83.04,81.78,80.52,79.25,77.99,76.73,75.47,74.2,72.94,
122.78,124.19,125.59,127.0,128.41,129.82,131.22,132.63,134.04,135.45,136.86,138.26,
84.86,110.98,97.25,109.42,117.53,118.33,123.13,126.79,128.88,131.36,133.4,134.96,
68.75,78.11,86.19,93.16,99.16,104.34,108.81,112.66,115.98,118.85,121.32,123.45,
62.72,72.76,81.42,88.88,95.31,100.86,105.63,109.75,113.3,116.36,118.99,121.27,
118.19,122.74,126.57,129.79,132.49,134.75,136.66,138.26,139.6,140.73,141.67,142.47,
213.21,191.63,181.68,177.08,174.97,173.99,173.54,173.33,173.24,173.19,173.17,173.16,
165.68,172.26,175.02,176.17,176.66,176.86,176.95,176.99,177.0,177.01,177.01,177.01,
175.3,177.46,178.34,178.69,178.84,178.9,178.92,178.93,178.93,178.93,178.94,178.94,
195.14,189.9,188.06,187.41,187.18,187.09,187.07,187.06,187.05,187.05,187.05,187.05,
255.5,221.8,209.79,205.51,203.98,203.44,203.25,203.18,203.15,203.14,203.14,203.14,
272.06,236.14,221.47,215.48,213.04,212.04,211.63,211.46,211.39,211.37,211.35,211.35,
187.88,195.02,197.88,199.03,199.48,199.67,199.74,199.77,199.78,199.79,199.79,199.79,
234.12,219.35,213.27,210.77,209.74,209.32,209.14,209.07,209.04,209.03,209.03,209.02,
222.94,216.03,213.23,212.1,211.64,211.46,211.38,211.35,211.34,211.33,211.33,211.33,
235.14,220.81,214.92,212.5,211.5,211.09,210.93,210.86,210.83,210.82,210.81,210.81,
243.96,222.76,214.74,211.71,210.56,210.12,209.96,209.9,209.87,209.87,209.86,209.86,
189.26,196.25,198.78,199.7,200.03,200.15,200.2,200.21,200.22,200.22,200.22,200.22,
191.95,196.27,197.83,198.39,198.6,198.67,198.7,198.71,198.71,198.71,198.71,198.71,
196.33,198.55,199.34,199.61,199.71,199.74,199.75,199.76,199.76,199.76,199.76,199.76,
154.34,179.82,188.55,191.54,192.56,192.91,193.03,193.07,193.09,193.09,193.09,193.09,
131.36,164.96,176.09,179.78,181.01,181.41,181.55,181.59,181.61,181.61,181.61,181.61,
119.53,153.37,164.87,168.78,170.11,170.56,170.71,170.76,170.78,170.79,170.79,170.79,
108.27,139.05,151.15,155.91,157.78,158.52,158.81,158.92,158.96,158.98,158.99,158.99,
113.37,139.52,150.31,154.77,156.6,157.36,157.68,157.8,157.86,157.88,157.89,157.89,
69.12,84.9,97.41,107.33,115.18,121.41,126.35,130.27,133.37,135.83,137.78,139.32,
114.35,155.8,183.94,196.9,196.84,188.12,175.6,163.34,154.01,148.73,147.32,148.81,
18.67,149.3,149.3,149.3,149.3,149.3,149.3,149.3,149.3,149.3,149.3,149.3,
192.95,174.91,162.89,154.87,149.52,145.96,143.58,141.99,140.94,140.23,139.76,139.45,
94.53,109.77,119.23,125.11,128.76,131.02,132.43,133.31,133.85,134.19,134.4,134.53,
234.19,202.02,183.48,172.79,166.64,163.09,161.04,159.86,159.18,158.79,158.56,158.43,
212.22,189.46,175.75,167.49,162.52,159.53,157.72,156.64,155.98,155.59,155.35,155.21,
228.22,206.28,179.84,153.75,131.79,116.37,108.46,107.7,112.75,121.68,132.37,142.9,
232.77,209.1,182.83,158.18,138.3,125.08,119.08,119.74,125.67,135.01,145.78,156.17,
294.03,291.01,279.73,261.02,236.19,206.94,175.28,143.35,113.3,87.14,66.59,53.0,
290.59,270.75,246.24,215.36,180.53,144.49,110.06,79.96,56.54,41.64,36.43,41.3,
256.83,236.97,203.32,166.23,128.7,93.75,64.21,42.45,30.23,28.55,37.53,56.45,
251.63,221.22,186.38,149.83,114.44,82.96,57.85,41.06,33.89,36.91,49.86,71.72,
327.96,380.27,402.55,403.12,389.39,367.51,342.26,317.07,294.2,274.91,259.72,248.58,
319.84,298.53,269.9,237.7,203.56,169.19,136.33,106.59,81.44,62.1,49.48,44.18,
318.63,212.3,151.74,173.49,186.64,194.59,199.39,202.3,204.05,205.12,205.76,206.14,
260.11,269.24,271.94,274.63,277.33,280.02,282.72,285.41,288.11,290.8,293.5,296.19,
267.53,267.9,268.32,268.74,269.16,269.57,269.99,270.41,270.83,271.25,271.67,272.08,
246.52,253.83,237.12,231.23,237.88,240.94,237.71,235.41,236.17,236.86,236.1,235.21,
136.9,107.79,113.29,103.03,99.95,93.6,88.74,83.2,77.97,72.6,67.29,61.95,
51.09,35.98,32.11,23.42,16.79,9.29,2.16,0.0,0.0,0.0,0.0,0.0,
1.83,34.37,45.46,46.87,43.92,38.99,33.17,26.95,20.55,14.07,7.55,1.01,
44.35,71.73,81.12,82.29,79.69,75.36,70.25,64.77,59.14,53.42,47.67,41.91,
110.52,151.52,129.26,140.21,133.73,136.41,134.27,134.66,133.73,133.49,132.88,132.47,
112.14,46.74,85.66,63.28,76.93,69.4,74.32,71.92,73.83,73.2,74.06,74.05,
81.45,133.93,95.86,59.37,111.73,136.03,147.3,152.53,154.95,156.08,156.6,156.84,
55.16,31.68,42.07,51.25,59.37,66.55,72.9,78.51,83.47,87.86,91.74,95.17,
205.33,205.33,205.33,205.33,205.33,205.33,205.33,205.33,205.33,205.33,205.33,205.33,
414.37,306.83,264.87,248.5,242.11,239.62,238.65,238.27,238.12,238.07,238.04,238.03,
240.8,234.36,232.19,231.47,231.22,231.14,231.11,231.1,231.1,231.1,231.1,231.1,
215.14,234.74,234.74,234.74,234.74,234.74,234.74,234.74,234.74,234.74,234.74,234.74,
200.56,235.35,235.35,235.35,235.35,235.35,235.35,235.35,235.35,235.35,235.35,235.35,
230.26,244.88,244.88,244.88,244.88,244.88,244.88,244.88,244.88,244.88,244.88,244.88,
282.6,248.14,248.14,248.14,248.14,248.14,248.14,248.14,248.14,248.14,248.14,248.14,
300.3,261.85,261.85,261.85,261.85,261.85,261.85,261.85,261.85,261.85,261.85,261.85,
221.91,256.12,256.12,256.12,256.12,256.12,256.12,256.12,256.12,256.12,256.12,256.12,
261.8,255.87,255.87,255.87,255.87,255.87,255.87,255.87,255.87,255.87,255.87,255.87,
327.3,268.06,268.06,268.06,268.06,268.06,268.06,268.06,268.06,268.06,268.06,268.06,
230.68,263.1,263.1,263.1,263.1,263.1,263.1,263.1,263.1,263.1,263.1,263.1,
247.33,259.35,259.35,259.35,259.35,259.35,259.35,259.35,259.35,259.35,259.35,259.35,
231.62,255.7,255.7,255.7,255.7,255.7,255.7,255.7,255.7,255.7,255.7,255.7,
278.32,256.69,256.69,256.69,256.69,256.69,256.69,256.69,256.69,256.69,256.69,256.69,
206.05,250.44,250.44,250.44,250.44,250.44,250.44,250.44,250.44,250.44,250.44,250.44,
183.87,234.87,234.87,234.87,234.87,234.87,234.87,234.87,234.87,234.87,234.87,234.87,
183.09,223.83,223.83,223.83,223.83,223.83,223.83,223.83,223.83,223.83,223.83,223.83,
168.93,220.41,220.41,220.41,220.41,220.41,220.41,220.41,220.41,220.41,220.41,220.41,
158.33,206.91,206.91,206.91,206.91,206.91,206.91,206.91,206.91,206.91,206.91,206.91,
175.15,201.43,201.43,201.43,201.43,201.43,201.43,201.43,201.43,201.43,201.43,201.43,
147.85,194.29,194.29,194.29,194.29,194.29,194.29,194.29,194.29,194.29,194.29,194.29,
141.48,171.81,183.11,187.31,188.88,189.46,189.68,189.76,189.79,189.8,189.8,189.8,
136.18,193.26,193.26,193.26,193.26,193.26,193.26,193.26,193.26,193.26,193.26,193.26,
137.84,184.39,184.39,184.39,184.39,184.39,184.39,184.39,184.39,184.39,184.39,184.39,
9.72,8.98,0.0,0.0,0.0,0.0,0.0,0.0,0.0,0.0,0.0,0.0,
0.0,0.0,0.0,0.0,0.0,0.0,0.0,0.0,0.0,0.0,0.0,0.0,
0.0,0.0,0.0,0.0,0.0,0.0,0.0,0.0,0.0,0.0,0.0,0.0,
0.0,0.0,0.0,0.0,0.0,0.0,0.0,0.0,0.0,0.0,0.0,0.0,
90.0,60.0,30.0,0.0,0.0,0.0,0.0,0.0,0.0,0.0,0.0,0.0,
110.69,91.38,72.07,52.76,33.45,14.14,0.0,0.0,0.0,0.0,0.0,0.0,
224.87,258.22,282.67,262.74,242.24,260.7,287.05,280.59,260.97,267.74,291.09,294.37,
254.41,282.3,257.38,235.03,258.01,288.63,282.47,261.87,269.32,295.09,301.04,287.18,
182.55,201.82,162.34,145.9,182.28,196.01,162.33,150.76,181.7,191.17,162.57,154.72,
283.24,209.42,262.64,316.65,261.84,225.52,279.02,300.91,251.51,241.71,285.92,286.75,
183.66,178.57,173.48,168.39,163.3,158.21,153.12,148.02,142.93,137.84,132.75,127.66,
186.93,171.44,143.64,141.86,151.01,144.61,129.35,123.13,123.67,119.14,109.67,102.9,
80.59,98.98,110.03,116.67,120.66,123.05,124.49,125.36,125.88,126.19,126.38,126.49,
85.78,101.42,110.9,116.65,120.14,122.26,123.54,124.32,124.79,125.08,125.25,125.36,
43.63,68.03,85.73,98.57,107.89,114.65,119.55,123.11,125.69,127.56,128.92,129.9,
39.91,69.26,99.69,119.32,123.78,115.77,101.95,89.26,82.21,81.85,86.38,92.67,
90.13,134.72,153.13,144.52,119.1,91.24,72.71,68.61,76.96,91.31,104.42,111.35,
216.24,287.47,285.04,223.86,136.43,58.19,14.59,14.18,48.85,99.83,146.29,172.91,
120.18,114.45,111.11,109.17,108.03,107.37,106.99,106.76,106.63,106.55,106.51,106.48,
151.72,104.52,82.18,81.05,89.33,97.55,101.76,102.27,100.97,99.55,98.77,98.63,
162.28,137.89,154.71,151.94,158.48,160.59,164.81,168.03,171.72,175.19,178.77,182.29,
0.0,0.0,24.42,73.38,104.13,110.89,101.74,88.41,79.06,76.18,78.08,81.64,
0.0,41.25,85.41,107.21,107.24,96.15,84.63,78.36,77.76,80.32,83.3,85.06,
45.01,94.68,116.76,114.24,100.47,87.62,81.43,81.59,84.89,88.2,89.91,90.0,
79.42,85.44,90.61,92.93,92.77,91.47,90.23,89.6,89.56,89.83,90.12,90.29,
58.87,30.52,41.89,66.65,86.13,94.03,92.78,87.81,83.42,81.34,81.33,82.3,
11.5,1.33,32.97,70.04,92.58,97.73,92.15,84.0,78.39,76.59,77.45,79.19,
45.11,127.83,148.26,127.71,97.65,78.38,74.3,79.75,87.07,91.54,92.31,90.89,
118.83,106.92,100.21,96.44,94.31,93.12,92.45,92.07,91.85,91.73,91.67,91.63,
79.46,84.58,87.35,88.85,89.66,90.1,90.34,90.47,90.54,90.58,90.6,90.61,
117.32,103.46,92.6,88.37,90.04,94.53,98.74,100.9,100.88,99.53,97.99,97.01,
148.74,127.96,117.5,112.23,109.57,108.23,107.56,107.22,107.05,106.97,106.92,106.9,
186.61,153.31,135.82,126.63,121.81,119.28,117.94,117.25,116.88,116.69,116.58,116.53,
370.36,297.01,247.93,215.1,193.13,178.43,168.6,162.02,157.62,154.68,152.71,151.39,
167.45,150.77,142.22,137.84,135.59,134.44,133.85,133.55,133.39,133.31,133.27,133.25,
160.43,150.0,144.45,141.48,139.91,139.06,138.62,138.38,138.25,138.18,138.14,138.13,
169.73,153.86,145.54,141.18,138.9,137.7,137.07,136.74,136.57,136.48,136.43,136.4,
118.71,123.16,125.44,126.6,127.19,127.49,127.65,127.73,127.77,127.79,127.8,127.8,
132.56,134.01,134.84,135.31,135.58,135.73,135.82,135.86,135.89,135.91,135.92,135.92,
56.09,81.71,95.95,103.86,108.26,110.71,112.07,112.82,113.24,113.47,113.6,113.68,
172.32,148.34,136.29,130.23,127.19,125.66,124.89,124.5,124.31,124.21,124.16,124.13,
77.34,95.2,103.75,107.84,109.8,110.73,111.18,111.4,111.5,111.55,111.57,111.58,
67.34,90.09,101.03,106.28,108.81,110.02,110.6,110.88,111.02,111.08,111.11,111.13,
90.96,101.1,106.0,108.37,109.52,110.07,110.34,110.47,110.53,110.56,110.58,110.59,
71.9,91.84,101.32,105.83,107.98,109.0,109.49,109.72,109.83,109.88,109.9,109.92,
62.72,88.22,100.56,106.53,109.42,110.81,111.49,111.82,111.97,112.05,112.09,112.11,
99.03,139.33,178.09,211.17,235.14,247.62,247.54,235.17,212.13,181.13,145.68,109.7,
150.38,184.14,212.47,232.6,242.62,241.73,230.25,209.6,182.1,150.74,118.81,89.61,
150.04,134.53,126.5,122.34,120.19,119.07,118.5,118.2,118.04,117.96,117.92,117.9,
226.32,179.7,153.73,139.27,131.21,126.72,124.22,122.83,122.05,121.62,121.38,121.24,
248.75,238.8,215.45,182.14,143.45,104.55,70.47,45.44,32.43,32.75,45.95,69.93,
245.04,231.25,206.48,173.84,137.34,101.35,70.08,47.12,35.03,35.02,46.85,68.9,
235.85,209.56,175.09,136.66,98.9,66.29,42.65,30.65,31.56,45.09,69.44,101.57,
219.06,182.22,140.6,99.13,62.72,35.62,20.94,20.31,33.67,59.33,94.15,133.93,
275.02,225.65,196.98,180.32,170.64,165.02,161.76,159.86,158.76,158.12,157.75,157.53,
203.89,157.31,112.43,73.66,44.48,27.24,22.9,31.1,50.22,77.67,110.16,144.13,
215.56,196.49,185.93,180.08,176.85,175.05,174.06,173.51,173.21,173.04,172.95,172.9,
153.83,161.23,165.18,167.3,168.43,169.03,169.36,169.53,169.62,169.67,169.7,169.71,
236.68,208.57,193.74,185.93,181.81,179.63,178.49,177.88,177.56,177.39,177.31,177.26,
207.45,195.58,189.32,186.03,184.29,183.38,182.9,182.64,182.51,182.44,182.4,182.38,
181.52,182.3,182.71,182.92,183.03,183.09,183.12,183.13,183.14,183.14,183.14,183.15,
121.12,97.99,80.69,70.41,67.83,73.05,85.65,104.66,128.67,155.93,184.48,212.26,
106.11,82.1,64.41,54.25,52.3,58.68,72.92,94.02,120.49,150.48,181.9,212.58,
172.14,165.74,167.49,165.66,165.4,164.45,163.81,163.03,162.31,161.57,160.83,160.1,
140.64,133.67,134.34,131.69,130.48,128.65,127.08,125.4,123.77,122.12,120.48,118.83,
79.23,61.77,64.27,58.24,55.86,51.91,48.64,45.07,41.63,38.14,34.67,31.19,
69.02,79.55,92.57,101.53,109.33,115.44,120.44,124.47,127.73,130.37,132.5,134.22,
57.96,67.9,80.86,89.82,97.83,104.21,109.56,113.94,117.56,120.54,123.01,125.04,
45.03,69.94,87.67,100.28,109.26,115.64,120.18,123.42,125.71,127.35,128.51,129.34,
99.09,113.19,123.61,131.31,137.0,141.2,144.31,146.6,148.29,149.54,150.47,151.15,
31.06,48.09,61.85,72.98,81.98,89.25,95.13,99.89,103.73,106.84,109.35,111.38,
47.1,60.94,72.13,81.19,88.52,94.45,99.25,103.13,106.27,108.82,110.87,112.54,
148.46,147.28,146.39,145.71,145.19,144.79,144.49,144.26,144.09,143.95,143.85,143.78,
297.09,264.65,240.11,221.56,207.53,196.92,188.89,182.83,178.24,174.77,172.14,170.16,
194.6,183.77,176.15,170.79,167.01,164.36,162.49,161.18,160.26,159.61,159.15,158.83,
153.03,155.08,156.46,157.39,158.02,158.45,158.74,158.93,159.06,159.15,159.21,159.25,
319.72,274.3,244.95,225.97,213.71,205.78,200.66,197.35,195.21,193.83,192.93,192.36,
313.56,275.89,250.75,233.98,222.78,215.31,210.33,207.0,204.78,203.3,202.31,201.65,
344.83,311.73,287.47,269.7,256.67,247.12,240.13,235.0,231.24,228.49,226.47,224.99,
249.32,234.97,225.02,218.11,213.31,209.98,207.67,206.07,204.96,204.19,203.65,203.28,
317.44,287.16,265.63,250.31,239.41,231.66,226.15,222.23,219.44,217.45,216.04,215.04,
433.3,389.52,355.73,329.64,309.5,293.95,281.95,272.68,265.53,260.0,255.74,252.45,
217.43,215.74,214.63,213.9,213.42,213.1,212.89,212.76,212.67,212.61,212.57,212.54,
232.89,228.12,224.92,222.78,221.34,220.37,219.73,219.29,219.0,218.81,218.68,218.59,
257.45,257.49,257.53,257.57,257.61,257.65,257.69,257.74,257.78,257.82,257.86,257.9,
136.25,49.68,50.2,43.32,36.45,29.57,22.7,15.82,8.95,2.07,0.0,0.0,
165.47,87.54,120.63,123.92,126.52,127.47,128.03,128.43,128.78,129.11,129.43,129.75,
101.25,170.25,95.45,124.62,120.47,99.33,110.79,98.38,93.81,92.95,84.71,81.94,
148.57,86.69,105.59,107.52,87.6,97.15,88.25,83.38,83.36,76.67,74.2,70.77,
60.83,95.88,120.05,136.7,148.19,156.11,161.57,165.33,167.93,169.72,170.95,171.8,
64.41,95.6,117.5,132.88,143.67,151.26,156.58,160.32,162.94,164.79,166.08,166.99,
61.39,90.94,112.04,127.11,137.87,145.55,151.03,154.95,157.75,159.75,161.17,162.19,
57.73,85.09,104.92,119.3,129.72,137.28,142.75,146.73,149.6,151.69,153.2,154.3,
54.58,79.99,98.67,112.39,122.48,129.89,135.34,139.34,142.28,144.44,146.03,147.2,
41.5,65.27,83.19,96.71,106.9,114.59,120.4,124.77,128.07,130.56,132.44,133.85,
48.52,70.1,86.43,98.78,108.12,115.19,120.54,124.59,127.65,129.96,131.71,133.04,
217.19,201.02,189.56,181.44,175.68,171.6,168.71,166.66,165.21,164.18,163.45,162.93,
270.52,242.44,222.45,208.23,198.12,190.92,185.8,182.15,179.56,177.72,176.41,175.47,
157.3,162.2,165.49,167.7,169.18,170.18,170.85,171.3,171.6,171.8,171.93,172.03,
322.06,277.37,247.97,228.62,215.9,207.53,202.02,198.4,196.01,194.45,193.41,192.74,
195.7,193.12,191.59,190.67,190.12,189.79,189.59,189.47,189.4,189.36,189.34,189.32,
285.23,287.74,290.25,292.76,295.27,297.78,300.29,302.8,305.31,307.83,310.34,312.85,
185.6,249.37,189.87,216.38,196.13,208.76,202.82,208.89,207.27,209.87,209.28,210.19,
204.63,184.45,171.71,166.2,166.6,170.96,177.3,183.92,189.62,193.71,196.01,196.7,
254.33,201.92,218.41,182.85,156.99,150.37,129.71,119.96,118.08,115.85,121.38,131.14,
328.95,282.31,319.82,280.48,298.04,283.92,282.56,282.39,275.28,277.39,272.14,272.33,
251.74,237.81,191.54,177.04,155.32,127.73,117.24,107.11,100.44,104.42,111.43,122.78,
281.99,200.57,236.91,230.3,172.72,208.94,201.66,160.71,193.82,185.5,156.44,185.27,
239.78,227.19,227.78,224.26,222.95,221.33,220.25,219.31,218.59,218.0,217.54,217.16,
126.15,92.93,66.31,48.23,39.99,42.11,54.36,75.74,104.58,138.67,175.4,212.01,
83.51,56.49,38.67,31.38,35.13,49.6,73.68,105.5,142.65,182.29,221.44,257.13,
69.38,51.23,41.67,41.15,49.55,66.11,89.56,118.17,149.92,182.58,213.95,241.91,
76.74,61.55,54.42,55.78,65.52,82.9,106.71,135.3,166.68,198.7,229.19,256.06,
45.35,41.99,48.44,64.17,88.02,118.24,152.63,188.7,223.84,255.53,281.5,299.91,
68.74,81.41,101.64,127.74,157.56,188.76,218.91,245.72,267.2,281.83,288.62,287.21,
57.96,72.17,93.03,119.0,148.22,178.68,208.29,235.1,257.37,273.7,283.12,285.16,
40.55,47.5,60.2,76.88,95.72,115.09,133.53,149.91,163.39,173.49,180.03,183.11,
79.05,103.42,132.37,163.95,196.04,226.51,253.33,274.74,289.37,296.26,295.01,285.76,
72.58,97.02,125.46,156.2,187.41,217.25,243.94,265.94,281.98,291.15,292.96,287.34,
204.83,329.84,223.42,246.64,209.99,210.07,195.46,191.83,185.1,181.96,178.48,176.36,
724.93,613.24,527.25,461.04,410.07,370.82,340.61,317.34,299.43,285.64,275.03,266.85,
104.05,197.38,197.38,197.38,197.38,197.38,197.38,197.38,197.38,197.38,197.38,197.38,
206.69,204.42,204.42,204.42,204.42,204.42,204.42,204.42,204.42,204.42,204.42,204.42,
368.97,221.13,221.13,221.13,221.13,221.13,221.13,221.13,221.13,221.13,221.13,221.13,
700.2,263.86,263.86,263.86,263.86,263.86,263.86,263.86,263.86,263.86,263.86,263.86,
571.33,286.11,286.11,286.11,286.11,286.11,286.11,286.11,286.11,286.11,286.11,286.11,
14.74,284.61,284.61,284.61,284.61,284.61,284.61,284.61,284.61,284.61,284.61,284.61,
539.64,285.83,285.83,285.83,285.83,285.83,285.83,285.83,285.83,285.83,285.83,285.83,
56.39,285.07,285.07,285.07,285.07,285.07,285.07,285.07,285.07,285.07,285.07,285.07,
437.59,289.14,289.14,289.14,289.14,289.14,289.14,289.14,289.14,289.14,289.14,289.14,
128.04,278.56,278.56,278.56,278.56,278.56,278.56,278.56,278.56,278.56,278.56,278.56,
358.62,287.38,287.38,287.38,287.38,287.38,287.38,287.38,287.38,287.38,287.38,287.38,
298.48,282.98,282.98,282.98,282.98,282.98,282.98,282.98,282.98,282.98,282.98,282.98,
184.69,278.93,278.93,278.93,278.93,278.93,278.93,278.93,278.93,278.93,278.93,278.93,
254.14,279.15,279.15,279.15,279.15,279.15,279.15,279.15,279.15,279.15,279.15,279.15,
114.98,263.9,263.9,263.9,263.9,263.9,263.9,263.9,263.9,263.9,263.9,263.9,
336.44,270.32,270.32,270.32,270.32,270.32,270.32,270.32,270.32,270.32,270.32,270.32,
58.19,253.06,253.06,253.06,253.06,253.06,253.06,253.06,253.06,253.06,253.06,253.06,
227.33,250.46,250.46,250.46,250.46,250.46,250.46,250.46,250.46,250.46,250.46,250.46,
198.28,273.53,274.49,235.41,233.43,253.66,255.47,245.02,243.68,249.06,249.96,247.2,
114.64,172.37,268.57,238.03,178.1,193.84,231.01,223.2,200.24,203.9,218.03,216.47,
101.33,254.56,303.05,228.17,201.39,237.88,252.5,234.78,226.87,235.45,239.69,235.55,
161.68,230.48,235.55,205.3,202.05,215.31,217.19,211.39,210.37,212.9,213.44,212.33,
152.11,230.55,230.55,230.55,230.55,230.55,230.55,230.55,230.55,230.55,230.55,230.55,
65.92,114.24,61.61,42.15,50.94,62.26,34.26,12.79,18.94,22.36,1.68,0.0,
135.51,58.5,58.9,94.58,104.85,87.99,73.64,73.76,78.06,76.71,71.15,66.83,
71.27,36.36,95.6,135.45,88.87,25.96,25.99,64.29,65.99,22.6,0.0,1.4,
93.0,119.45,144.41,131.55,90.45,77.54,93.78,102.12,81.35,56.51,53.04,62.05,
25.32,0.0,0.0,0.0,0.0,0.0,0.0,0.0,0.0,0.0,0.0,0.0,
353.92,356.28,321.51,270.59,232.86,224.46,238.96,254.9,252.74,228.22,193.17,165.13,
188.74,127.59,88.87,62.71,43.57,28.37,15.36,3.59,0.0,0.0,0.0,0.0,
213.45,216.9,220.34,223.79,227.24,230.69,234.14,237.59,241.03,244.48,247.93,251.38,
342.17,254.48,287.71,252.82,256.3,238.17,232.22,219.4,210.45,199.32,189.42,178.83,
313.27,293.49,273.7,253.92,234.14,214.35,194.57,174.79,155.0,135.22,115.44,95.65,
226.01,237.42,245.55,251.34,255.47,258.41,260.5,262.0,263.06,263.82,264.36,264.74,
187.41,185.84,184.88,184.29,183.94,183.72,183.58,183.5,183.45,183.42,183.41,183.39,
211.96,201.07,194.5,190.54,188.14,186.7,185.83,185.3,184.99,184.79,184.68,184.61,
108.08,74.97,47.54,27.97,17.77,17.76,27.93,47.48,74.88,107.97,144.16,180.59,
232.87,207.63,194.11,186.87,182.99,180.92,179.8,179.21,178.89,178.72,178.63,178.58,
131.63,147.26,154.99,158.81,160.69,161.63,162.09,162.32,162.43,162.48,162.51,162.53,
130.8,146.35,154.2,158.16,160.16,161.17,161.68,161.94,162.07,162.14,162.17,162.19,
101.12,128.24,142.63,150.27,154.32,156.47,157.61,158.21,158.53,158.7,158.79,158.84,
34.54,29.5,32.87,44.4,63.32,88.33,117.72,149.5,181.51,211.56,237.62,257.93,
39.93,47.43,62.74,84.72,111.77,141.92,172.98,202.72,229.0,249.93,264.04,270.33,
84.64,91.28,101.08,106.84,111.95,115.63,118.55,120.77,122.49,123.8,124.82,125.6,
85.71,113.61,145.47,178.8,210.95,239.41,261.92,276.73,282.66,279.25,266.77,246.22,
55.41,56.36,69.83,76.34,83.22,88.27,92.59,96.04,98.87,101.18,103.06,104.59,
38.59,50.23,61.0,69.4,76.42,82.13,86.81,90.65,93.79,96.36,98.47,100.19,
52.82,64.35,73.32,80.71,86.66,91.5,95.41,98.59,101.16,103.25,104.94,106.31,
67.48,92.02,119.18,147.53,175.57,201.83,224.93,243.65,257.03,264.37,265.28,259.75,
25.8,25.69,25.58,25.47,25.36,25.26,25.15,25.04,24.93,24.82,24.71,24.6,
44.86,44.98,45.11,45.23,45.35,45.47,45.6,45.72,45.84,45.96,46.09,46.21,
