42.46,40.54,38.63,36.72,34.8,32.89,30.98,29.06,27.15,25.24,23.32,21.41,
38.94,36.89,34.84,32.79,30.75,28.7,26.65,24.6,22.55,20.5,18.46,16.41,
33.49,31.0,28.51,26.02,23.53,21.05,18.56,16.07,13.58,11.1,8.61,6.12,
32.2,29.6,27.01,24.41,21.82,19.22,16.63,14.04,11.44,8.85,6.25,3.66,
32.8,30.33,27.86,25.38,22.91,20.44,17.97,15.49,13.02,10.55,8.07,5.6,
34.15,31.81,29.48,27.14,24.8,22.46,20.13,17.79,15.45,13.11,10.77,8.44,
37.68,35.65,33.62,31.59,29.56,27.53,25.5,23.47,21.44,19.42,17.39,15.36,
40.78,39.08,37.37,35.66,33.95,32.25,30.54,28.83,27.12,25.42,23.71,22.0,
49.21,48.22,47.24,46.26,45.27,44.29,43.31,42.32,41.34,40.36,39.37,38.39,
59.53,59.63,59.72,59.81,59.9,60.0,60.09,60.18,60.27,60.37,60.46,60.55,
64.02,64.42,64.83,65.23,65.63,66.03,66.43,66.83,67.24,67.64,68.04,68.44,
67.75,68.65,69.55,70.44,71.34,72.24,73.14,74.03,74.93,75.83,76.72,77.62,
67.31,68.27,69.23,70.19,71.15,72.11,73.08,74.04,75.0,75.96,76.92,77.88,
63.69,64.41,65.13,65.85,66.58,67.3,68.02,68.74,69.46,70.18,70.91,71.63,
61.08,61.67,62.27,62.86,63.45,64.04,64.64,65.23,65.82,66.42,67.01,67.6,
55.48,55.73,55.97,56.22,56.47,56.72,56.97,57.22,57.46,57.71,57.96,58.21,
48.95,48.8,48.65,48.5,48.35,48.2,48.05,47.9,47.75,47.6,47.45,47.3,
44.5,44.05,43.6,43.14,42.69,42.24,41.79,41.33,40.88,40.43,39.97,39.52,
50.56,50.44,50.32,50.2,50.07,49.95,49.83,49.71,49.59,49.47,49.34,49.22,
50.87,50.65,50.43,50.2,49.98,49.76,49.53,49.31,49.09,48.86,48.64,48.41,
47.68,47.25,46.82,46.39,45.96,45.53,45.1,44.67,44.24,43.82,43.39,42.96,
49.48,49.27,49.05,48.84,48.63,48.42,48.21,48.0,47.78,47.57,47.36,47.15,
43.94,43.31,42.68,42.05,41.43,40.8,40.17,39.54,38.91,38.28,37.66,37.03,
41.23,40.44,39.64,38.85,38.05,37.26,36.46,35.67,34.87,34.08,33.28,32.49,
36.04,34.86,33.68,32.49,31.31,30.13,28.95,27.77,26.59,25.41,24.23,23.05,
31.27,29.73,28.2,26.66,25.12,23.58,22.04,20.5,18.97,17.43,15.89,14.35,
25.74,23.84,21.93,20.03,18.13,16.22,14.32,12.42,10.51,8.61,6.7,4.8,
21.97,19.9,17.82,15.74,13.67,11.59,9.52,7.44,5.37,3.29,1.21,0.0,
21.03,18.95,16.88,14.81,12.73,10.66,8.58,6.51,4.43,2.36,0.29,0.0,
19.66,17.61,15.55,13.49,11.44,9.38,7.32,5.26,3.21,1.15,0.0,0.0,
20.8,18.96,17.12,15.28,13.44,11.6,9.76,7.92,6.08,4.24,2.4,0.56,
24.18,22.67,21.15,19.64,18.12,16.61,15.09,13.58,12.06,10.55,9.03,7.52,
28.65,27.64,26.64,25.63,24.62,23.61,22.61,21.6,20.59,19.58,18.57,17.57,
30.86,30.16,29.45,28.75,28.04,27.34,26.64,25.93,25.23,24.52,23.82,23.11,
34.14,33.85,33.56,33.27,32.98,32.69,32.39,32.1,31.81,31.52,31.23,30.94,
36.52,36.44,36.37,36.29,36.22,36.14,36.07,35.99,35.92,35.84,35.77,35.69,
35.56,35.46,35.36,35.26,35.16,35.06,34.97,34.87,34.77,34.67,34.57,34.47,
34.02,33.82,33.63,33.43,33.24,33.04,32.85,32.65,32.46,32.26,32.07,31.87,
32.57,32.28,32.0,31.71,31.43,31.14,30.86,30.57,30.29,30.0,29.72,29.43,
29.79,29.26,28.73,28.19,27.66,27.13,26.6,26.07,25.54,25.01,24.48,23.95,
28.94,28.24,27.54,26.84,26.15,25.45,24.75,24.05,23.35,22.65,21.96,21.26,
27.75,26.93,26.11,25.29,24.47,23.65,22.83,22.01,21.19,20.37,19.55,18.73,
32.32,32.04,31.77,31.49,31.22,30.94,30.67,30.39,30.12,29.84,29.57,29.29,
36.63,36.78,36.93,37.08,37.22,37.37,37.52,37.67,37.81,37.96,38.11,38.26,
36.95,37.12,37.29,37.47,37.64,37.81,37.98,38.16,38.33,38.5,38.68,38.85,
38.77,39.14,39.52,39.89,40.26,40.63,41.0,41.37,41.75,42.12,42.49,42.86,
38.51,38.83,39.16,39.48,39.8,40.13,40.45,40.77,41.1,41.42,41.75,42.07,
37.58,37.85,38.13,38.4,38.68,38.96,39.23,39.51,39.78,40.06,40.34,40.61,
37.31,37.54,37.77,38.0,38.22,38.45,38.68,38.91,39.14,39.37,39.59,39.82,
37.15,37.34,37.54,37.73,37.93,38.12,38.32,38.52,38.71,38.91,39.1,39.3,
36.07,36.13,36.19,36.25,36.31,36.37,36.43,36.49,36.55,36.6,36.66,36.72,
34.83,34.74,34.65,34.56,34.47,34.38,34.29,34.2,34.11,34.02,33.93,33.84,
33.51,33.34,33.17,33.0,32.83,32.67,32.5,32.33,32.16,31.99,31.82,31.65,
32.86,32.61,32.36,32.11,31.86,31.61,31.37,31.12,30.87,30.62,30.37,30.12,
35.37,35.27,35.17,35.07,34.98,34.88,34.78,34.68,34.59,34.49,34.39,34.29,
37.96,38.09,38.23,38.36,38.49,38.63,38.76,38.89,39.03,39.16,39.29,39.43,
36.14,36.2,36.27,36.33,36.4,36.46,36.52,36.59,36.65,36.72,36.78,36.85,
37.64,37.8,37.96,38.12,38.28,38.44,38.59,38.75,38.91,39.07,39.23,39.39,
37.9,38.07,38.25,38.42,38.6,38.77,38.95,39.13,39.3,39.48,39.65,39.83,
38.73,39.0,39.26,39.53,39.8,40.07,40.34,40.61,40.87,41.14,41.41,41.68,
39.47,39.75,40.02,40.29,40.57,40.84,41.12,41.39,41.67,41.94,42.21,42.49,
38.71,38.89,39.08,39.27,39.45,39.64,39.83,40.01,40.2,40.39,40.57,40.76,
37.86,37.95,38.04,38.13,38.22,38.31,38.41,38.5,38.59,38.68,38.77,38.86,
38.25,38.32,38.39,38.46,38.53,38.6,38.67,38.74,38.81,38.88,38.95,39.02,
39.98,40.19,40.39,40.6,40.81,41.02,41.23,41.44,41.64,41.85,42.06,42.27,
39.62,39.8,39.98,40.16,40.34,40.52,40.7,40.88,41.06,41.24,41.42,41.59,
37.93,38.0,38.07,38.14,38.21,38.28,38.35,38.42,38.49,38.57,38.64,38.71,
38.41,38.55,38.68,38.82,38.95,39.09,39.23,39.36,39.5,39.63,39.77,39.91,
35.72,35.7,35.67,35.64,35.61,35.58,35.55,35.52,35.5,35.47,35.44,35.41,
32.04,31.79,31.54,31.28,31.03,30.78,30.53,30.28,30.03,29.78,29.53,29.28,
29.75,29.37,28.99,28.6,28.22,27.84,27.46,27.07,26.69,26.31,25.92,25.54,
25.71,25.05,24.39,23.74,23.08,22.42,21.76,21.1,20.44,19.78,19.12,18.46,
22.58,21.74,20.91,20.07,19.23,18.39,17.56,16.72,15.88,15.05,14.21,13.37,
20.85,19.93,19.0,18.08,17.15,16.23,15.3,14.37,13.45,12.52,11.6,10.67,
20.45,19.52,18.59,17.66,16.73,15.8,14.87,13.94,13.01,12.08,11.15,10.22,
22.81,22.04,21.27,20.5,19.73,18.96,18.2,17.43,16.66,15.89,15.12,14.35,
29.32,28.92,28.52,28.12,27.72,27.32,26.92,26.52,26.12,25.71,25.31,24.91,
37.42,37.52,37.61,37.71,37.8,37.89,37.99,38.08,38.18,38.27,38.36,38.46,
48.77,49.62,50.48,51.33,52.18,53.03,53.88,54.73,55.59,56.44,57.29,58.14,
53.97,55.17,56.36,57.55,58.75,59.94,61.14,62.33,63.53,64.72,65.91,67.11,
60.43,61.92,63.41,64.89,66.38,67.87,69.36,70.85,72.33,73.82,75.31,76.8,
77.33,79.84,82.36,84.87,87.38,89.89,92.41,94.92,97.43,99.95,102.46,104.97,
83.67,86.52,89.36,92.21,95.06,97.91,100.75,103.6,106.45,109.29,112.14,114.99,
88.18,91.24,94.29,97.35,100.4,103.46,106.51,109.57,112.62,115.68,118.73,121.79,
87.95,90.96,93.97,96.98,99.99,103.0,106.01,109.02,112.03,115.04,118.05,121.06,
88.05,90.99,93.93,96.87,99.81,102.75,105.69,108.63,111.57,114.51,117.45,120.39,
85.39,88.09,90.79,93.5,96.2,98.9,101.6,104.3,107.0,109.7,112.4,115.11,
83.4,85.94,88.49,91.03,93.57,96.11,98.66,101.2,103.74,106.28,108.82,111.37,
81.41,83.8,86.18,88.56,90.95,93.33,95.71,98.09,100.48,102.86,105.24,107.63,
77.34,79.39,81.45,83.51,85.56,87.62,89.68,91.74,93.79,95.85,97.91,99.96,
81.34,83.51,85.69,87.86,90.04,92.21,94.38,96.56,98.73,100.91,103.08,105.25,
77.93,79.81,81.68,83.56,85.43,87.31,89.18,91.06,92.93,94.81,96.68,98.56,
70.36,71.61,72.85,74.1,75.34,76.59,77.84,79.08,80.33,81.57,82.82,84.06,
63.39,64.0,64.62,65.23,65.85,66.46,67.07,67.69,68.3,68.92,69.53,70.15,
60.67,60.94,61.21,61.48,61.75,62.02,62.29,62.56,62.83,63.1,63.37,63.64,
54.37,54.04,53.71,53.37,53.04,52.71,52.37,52.04,51.71,51.37,51.04,50.7,
47.75,46.79,45.83,44.86,43.9,42.94,41.98,41.01,40.05,39.09,38.12,37.16,
41.47,39.92,38.38,36.84,35.3,33.75,32.21,30.67,29.13,27.58,26.04,24.5,
34.26,32.11,29.97,27.82,25.67,23.53,21.38,19.23,17.09,14.94,12.8,10.65,
33.47,31.18,28.9,26.62,24.34,22.05,19.77,17.49,15.21,12.92,10.64,8.36,
35.26,33.15,31.04,28.93,26.82,24.7,22.59,20.48,18.37,16.25,14.14,12.03,
40.57,38.88,37.19,35.51,33.82,32.13,30.44,28.75,27.07,25.38,23.69,22.0,
49.53,48.55,47.58,46.61,45.64,44.67,43.7,42.73,41.75,40.78,39.81,38.84,
51.99,51.19,50.39,49.59,48.79,47.98,47.18,46.38,45.58,44.78,43.98,43.18,
58.94,58.69,58.44,58.19,57.95,57.7,57.45,57.2,56.95,56.7,56.46,56.21,
80.96,82.45,83.94,85.44,86.93,88.42,89.91,91.4,92.89,94.38,95.87,97.36,
89.25,91.38,93.51,95.63,97.76,99.89,102.02,104.14,106.27,108.4,110.52,112.65,
92.96,95.41,97.86,100.32,102.77,105.22,107.67,110.12,112.57,115.02,117.47,119.92,
93.93,96.39,98.84,101.3,103.75,106.21,108.66,111.12,113.57,116.03,118.48,120.94,
92.83,95.19,97.56,99.92,102.29,104.66,107.02,109.39,111.75,114.12,116.49,118.85,
99.14,101.78,104.43,107.07,109.72,112.36,115.0,117.65,120.29,122.94,125.58,128.23,
94.54,96.8,99.05,101.3,103.56,105.81,108.06,110.32,112.57,114.82,117.08,119.33,
88.71,90.49,92.28,94.07,95.85,97.64,99.43,101.21,103.0,104.79,106.57,108.36,
80.78,81.94,83.09,84.24,85.39,86.55,87.7,88.85,90.0,91.16,92.31,93.46,
77.85,78.95,80.04,81.14,82.23,83.33,84.42,85.51,86.61,87.7,88.8,89.89,
69.92,70.44,70.95,71.47,71.98,72.49,73.01,73.52,74.04,74.55,75.06,75.58,
58.33,57.96,57.6,57.23,56.86,56.49,56.13,55.76,55.39,55.03,54.66,54.29,
48.81,47.73,46.65,45.57,44.49,43.41,42.34,41.26,40.18,39.1,38.02,36.94,
41.62,40.09,38.56,37.03,35.51,33.98,32.45,30.92,29.4,27.87,26.34,24.81,
39.76,38.03,36.31,34.58,32.85,31.13,29.4,27.67,25.95,24.22,22.5,20.77,
34.07,31.91,29.75,27.6,25.44,23.28,21.12,18.96,16.81,14.65,12.49,10.33,
27.12,24.46,21.8,19.13,16.47,13.81,11.14,8.48,5.82,3.15,0.49,0.0,
19.42,16.17,12.91,9.66,6.41,3.16,0.0,0.0,0.0,0.0,0.0,0.0,
19.8,16.6,13.4,10.2,7.0,3.8,0.6,0.0,0.0,0.0,0.0,0.0,
22.75,19.76,16.77,13.78,10.79,7.8,4.81,1.82,0.0,0.0,0.0,0.0,
27.12,24.51,21.9,19.28,16.67,14.06,11.44,8.83,6.22,3.6,0.99,0.0,
34.24,32.24,30.24,28.24,26.24,24.25,22.25,20.25,18.25,16.26,14.26,12.26,
38.09,36.41,34.72,33.03,31.34,29.65,27.96,26.27,24.58,22.89,21.2,19.51,
49.7,48.86,48.02,47.19,46.35,45.51,44.67,43.84,43.0,42.16,41.33,40.49,
66.71,67.35,68.0,68.65,69.29,69.94,70.59,71.23,71.88,72.53,73.17,73.82,
76.55,77.99,79.43,80.86,82.3,83.74,85.18,86.61,88.05,89.49,90.92,92.36,
78.24,79.86,81.48,83.1,84.72,86.33,87.95,89.57,91.19,92.81,94.43,96.05,
80.08,81.89,83.71,85.52,87.33,89.14,90.96,92.77,94.58,96.4,98.21,100.02,
76.66,78.28,79.89,81.51,83.12,84.74,86.36,87.97,89.59,91.2,92.82,94.44,
79.82,81.91,84.01,86.1,88.2,90.29,92.39,94.48,96.58,98.67,100.77,102.86,
75.3,77.11,78.92,80.73,82.54,84.35,86.16,87.97,89.78,91.59,93.4,95.21,
71.7,73.25,74.8,76.35,77.9,79.45,81.0,82.55,84.1,85.65,87.2,88.75,
70.11,71.48,72.85,74.21,75.58,76.95,78.32,79.69,81.06,82.43,83.8,85.16,
73.17,74.64,76.1,77.57,79.03,80.49,81.96,83.42,84.89,86.35,87.81,89.28,
68.83,69.89,70.96,72.02,73.08,74.14,75.21,76.27,77.33,78.4,79.46,80.52,
60.33,60.66,61.0,61.33,61.67,62.01,62.34,62.68,63.01,63.35,63.69,64.02,
51.16,50.77,50.37,49.97,49.58,49.18,48.78,48.38,47.99,47.59,47.19,46.8,
48.33,47.58,46.83,46.08,45.33,44.58,43.83,43.08,42.33,41.58,40.83,40.08,
46.0,45.12,44.24,43.35,42.47,41.59,40.71,39.82,38.94,38.06,37.17,36.29,
39.28,37.88,36.49,35.1,33.71,32.32,30.93,29.54,28.14,26.75,25.36,23.97,
31.89,29.91,27.93,25.96,23.98,22.0,20.02,18.04,16.06,14.08,12.1,10.13,
25.92,23.44,20.95,18.47,15.98,13.49,11.01,8.52,6.04,3.55,1.06,0.0,
27.78,25.41,23.05,20.69,18.32,15.96,13.59,11.23,8.86,6.5,4.14,1.77,
28.46,26.22,23.99,21.75,19.51,17.28,15.04,12.8,10.57,8.33,6.09,3.86,
31.71,29.76,27.81,25.87,23.92,21.97,20.02,18.07,16.12,14.17,12.22,10.27,
37.14,35.65,34.16,32.68,31.19,29.7,28.21,26.72,25.23,23.74,22.25,20.77,
45.74,44.86,43.98,43.1,42.22,41.35,40.47,39.59,38.71,37.84,36.96,36.08,
62.49,62.91,63.32,63.74,64.16,64.57,64.99,65.41,65.82,66.24,66.65,67.07,
79.26,80.97,82.68,84.39,86.1,87.8,89.51,91.22,92.93,94.63,96.34,98.05,
90.53,93.12,95.7,98.28,100.86,103.45,106.03,108.61,111.19,113.78,116.36,118.94,
95.82,98.73,101.64,104.55,107.46,110.37,113.28,116.19,119.1,122.0,124.91,127.82,
94.63,97.47,100.31,103.15,105.99,108.83,111.67,114.51,117.35,120.19,123.03,125.88,
93.6,96.26,98.91,101.57,104.23,106.89,109.54,112.2,114.86,117.52,120.18,122.83,
87.99,90.23,92.46,94.7,96.94,99.17,101.41,103.65,105.88,108.12,110.35,112.59,
79.63,81.2,82.77,84.34,85.9,87.47,89.04,90.61,92.17,93.74,95.31,96.88,
72.03,73.01,74.0,74.99,75.97,76.96,77.94,78.93,79.91,80.9,81.89,82.87,
67.35,68.02,68.68,69.35,70.01,70.68,71.34,72.0,72.67,73.33,74.0,74.66,
70.58,71.55,72.53,73.5,74.47,75.44,76.42,77.39,78.36,79.34,80.31,81.28,
71.99,72.97,73.95,74.93,75.91,76.9,77.88,78.86,79.84,80.83,81.81,82.79,
63.88,64.21,64.54,64.87,65.2,65.53,65.86,66.19,66.52,66.85,67.18,67.52,
55.11,54.71,54.31,53.91,53.51,53.11,52.72,52.32,51.92,51.52,51.12,50.72,
49.82,49.1,48.38,47.66,46.94,46.22,45.5,44.78,44.06,43.33,42.61,41.89,
44.53,43.4,42.28,41.16,40.04,38.92,37.8,36.68,35.55,34.43,33.31,32.19,
36.72,34.98,33.23,31.48,29.73,27.98,26.23,24.48,22.74,20.99,19.24,17.49,
28.91,26.54,24.16,21.78,19.41,17.03,14.65,12.27,9.9,7.52,5.14,2.77,
23.11,20.27,17.43,14.59,11.75,8.91,6.08,3.24,0.4,0.0,0.0,0.0,
22.63,19.81,16.99,14.17,11.34,8.52,5.7,2.88,0.05,0.0,0.0,0.0,
22.26,19.38,16.51,13.63,10.75,7.88,5.0,2.12,0.0,0.0,0.0,0.0,
21.96,19.1,16.25,13.4,10.54,7.69,4.84,1.98,0.0,0.0,0.0,0.0,
23.89,21.24,18.59,15.94,13.29,10.64,7.98,5.33,2.68,0.03,0.0,0.0,
31.65,29.67,27.7,25.72,23.74,21.76,19.79,17.81,15.83,13.85,11.87,9.9,
42.48,41.52,40.55,39.59,38.62,37.66,36.69,35.73,34.76,33.8,32.83,31.87,
53.72,53.8,53.89,53.98,54.07,54.15,54.24,54.33,54.42,54.5,54.59,54.68,
60.95,61.74,62.53,63.32,64.11,64.9,65.69,66.48,67.27,68.06,68.85,69.64,
65.84,67.13,68.41,69.69,70.97,72.25,73.53,74.81,76.09,77.37,78.65,79.93,
63.74,64.91,66.07,67.24,68.41,69.57,70.74,71.91,73.07,74.24,75.4,76.57,
63.13,64.35,65.57,66.79,68.0,69.22,70.44,71.66,72.87,74.09,75.31,76.53,
67.53,68.94,70.36,71.78,73.2,74.62,76.04,77.46,78.87,80.29,81.71,83.13,
68.34,69.69,71.05,72.4,73.76,75.11,76.46,77.82,79.17,80.53,81.88,83.23,
63.57,64.51,65.46,66.4,67.35,68.29,69.24,70.18,71.13,72.07,73.02,73.96,
56.96,57.42,57.89,58.36,58.82,59.29,59.76,60.22,60.69,61.16,61.62,62.09,
55.84,56.31,56.79,57.27,57.74,58.22,58.7,59.18,59.65,60.13,60.61,61.08,
54.56,55.09,55.62,56.15,56.68,57.21,57.75,58.28,58.81,59.34,59.87,60.4,
49.46,49.58,49.71,49.84,49.96,50.09,50.22,50.34,50.47,50.6,50.72,50.85,
44.53,44.27,44.0,43.73,43.46,43.2,42.93,42.66,42.39,42.13,41.86,41.59,
39.61,38.95,38.29,37.62,36.96,36.3,35.64,34.98,34.32,33.66,33.0,32.33,
41.68,41.08,40.48,39.88,39.28,38.68,38.08,37.48,36.88,36.29,35.69,35.09,
42.75,42.11,41.47,40.83,40.19,39.55,38.91,38.27,37.63,36.99,36.35,35.71,
44.58,43.93,43.29,42.64,42.0,41.36,40.71,40.07,39.42,38.78,38.14,37.49,
46.57,45.96,45.35,44.74,44.13,43.52,42.91,42.3,41.69,41.07,40.46,39.85,
49.57,49.12,48.67,48.23,47.78,47.33,46.88,46.43,45.99,45.54,45.09,44.64,
53.07,52.85,52.63,52.42,52.2,51.98,51.76,51.54,51.33,51.11,50.89,50.67,
56.91,56.91,56.9,56.89,56.89,56.88,56.87,56.86,56.86,56.85,56.84,56.84,
57.7,57.75,57.81,57.86,57.92,57.97,58.03,58.09,58.14,58.2,58.25,58.31,
62.79,63.28,63.76,64.25,64.74,65.22,65.71,66.2,66.68,67.17,67.66,68.14,
66.89,67.75,68.62,69.48,70.35,71.21,72.07,72.94,73.8,74.67,75.53,76.4,
71.05,72.3,73.54,74.79,76.03,77.28,78.52,79.76,81.01,82.25,83.5,84.74,
75.22,76.78,78.33,79.88,81.44,82.99,84.55,86.1,87.66,89.21,90.76,92.32,
78.56,80.33,82.1,83.87,85.64,87.41,89.19,90.96,92.73,94.5,96.27,98.04,
79.57,81.29,83.02,84.74,86.47,88.19,89.92,91.64,93.37,95.09,96.82,98.54,
78.99,80.57,82.14,83.72,85.3,86.87,88.45,90.03,91.6,93.18,94.75,96.33,
81.16,82.97,84.79,86.61,88.43,90.25,92.07,93.89,95.71,97.53,99.35,101.17,
82.23,84.16,86.08,88.01,89.94,91.87,93.8,95.73,97.65,99.58,101.51,103.44,
82.79,84.64,86.48,88.33,90.18,92.02,93.87,95.72,97.56,99.41,101.26,103.1,
81.53,83.09,84.66,86.23,87.8,89.37,90.94,92.51,94.07,95.64,97.21,98.78,
79.93,81.27,82.61,83.94,85.28,86.62,87.96,89.3,90.63,91.97,93.31,94.65,
78.41,79.48,80.54,81.6,82.67,83.73,84.79,85.85,86.92,87.98,89.04,90.11,
75.23,75.91,76.58,77.26,77.94,78.62,79.3,79.98,80.65,81.33,82.01,82.69,
72.88,73.22,73.56,73.9,74.24,74.58,74.92,75.26,75.6,75.94,76.28,76.63,
70.04,70.01,69.97,69.93,69.9,69.86,69.82,69.79,69.75,69.71,69.68,69.64,
70.3,70.26,70.22,70.18,70.14,70.1,70.06,70.02,69.98,69.94,69.9,69.86,
69.31,69.19,69.07,68.95,68.83,68.71,68.6,68.48,68.36,68.24,68.12,68.0,
70.14,70.09,70.04,69.99,69.94,69.89,69.83,69.78,69.73,69.68,69.63,69.58,
69.82,69.76,69.71,69.65,69.6,69.54,69.49,69.43,69.38,69.32,69.27,69.21,
70.73,70.75,70.76,70.78,70.8,70.82,70.84,70.86,70.87,70.89,70.91,70.93,
71.64,71.73,71.82,71.92,72.01,72.1,72.19,72.28,72.37,72.46,72.55,72.65,
72.05,72.22,72.39,72.56,72.73,72.9,73.07,73.24,73.41,73.58,73.75,73.92,
71.79,71.9,72.0,72.1,72.21,72.31,72.41,72.52,72.62,72.72,72.83,72.93,
71.54,71.65,71.75,71.86,71.97,72.07,72.18,72.29,72.39,72.5,72.61,72.71,
73.2,73.39,73.58,73.77,73.96,74.15,74.34,74.53,74.72,74.91,75.1,75.29,
72.04,72.14,72.24,72.33,72.43,72.53,72.63,72.73,72.83,72.93,73.03,73.13,
74.21,74.45,74.7,74.95,75.19,75.44,75.69,75.93,76.18,76.43,76.67,76.92,
79.96,80.56,81.17,81.78,82.38,82.99,83.6,84.2,84.81,85.42,86.02,86.63,
78.05,78.55,79.05,79.55,80.05,80.55,81.05,81.55,82.05,82.55,83.05,83.55,
75.63,75.96,76.29,76.62,76.95,77.28,77.61,77.94,78.27,78.6,78.93,79.27,
76.13,76.43,76.73,77.03,77.33,77.63,77.93,78.23,78.53,78.83,79.13,79.44,
76.4,76.65,76.91,77.16,77.41,77.66,77.92,78.17,78.42,78.67,78.92,79.18,
75.43,75.63,75.83,76.02,76.22,76.42,76.62,76.82,77.01,77.21,77.41,77.61,
73.37,73.45,73.53,73.61,73.69,73.77,73.85,73.93,74.01,74.09,74.17,74.24,
70.8,70.7,70.6,70.49,70.39,70.29,70.19,70.08,69.98,69.88,69.77,69.67,
68.97,68.76,68.56,68.36,68.16,67.95,67.75,67.55,67.35,67.14,66.94,66.74,
66.63,66.26,65.89,65.53,65.16,64.79,64.43,64.06,63.69,63.33,62.96,62.6,
65.02,64.57,64.13,63.68,63.23,62.78,62.33,61.88,61.44,60.99,60.54,60.09,
63.57,63.05,62.53,62.02,61.5,60.98,60.46,59.94,59.43,58.91,58.39,57.87,
62.27,61.69,61.12,60.54,59.97,59.39,58.82,58.24,57.67,57.09,56.52,55.94,
60.46,59.76,59.07,58.37,57.67,56.98,56.28,55.58,54.89,54.19,53.49,52.8,
59.39,58.65,57.92,57.18,56.45,55.71,54.97,54.24,53.5,52.77,52.03,51.3,
58.97,58.21,57.44,56.67,55.9,55.13,54.36,53.59,52.83,52.06,51.29,50.52,
61.55,60.97,60.38,59.8,59.21,58.63,58.04,57.45,56.87,56.28,55.7,55.11,
67.89,67.71,67.53,67.36,67.18,67.0,66.82,66.64,66.46,66.28,66.1,65.93,
78.41,78.85,79.28,79.72,80.15,80.59,81.03,81.46,81.9,82.33,82.77,83.21,
87.35,88.33,89.3,90.28,91.26,92.24,93.21,94.19,95.17,96.15,97.13,98.1,
91.39,92.57,93.75,94.93,96.11,97.29,98.46,99.64,100.82,102.0,103.18,104.36,
100.29,102.03,103.77,105.5,107.24,108.98,110.72,112.46,114.2,115.94,117.68,119.42,
127.18,130.47,133.76,137.04,140.33,143.62,146.91,150.2,153.48,156.77,160.06,163.35,
133.45,137.09,140.73,144.38,148.02,151.66,155.3,158.95,162.59,166.23,169.88,173.52,
135.14,138.97,142.8,146.63,150.46,154.29,158.11,161.94,165.77,169.6,173.43,177.26,
131.53,134.99,138.46,141.93,145.4,148.87,152.34,155.81,159.27,162.74,166.21,169.68,
135.18,138.72,142.26,145.8,149.34,152.88,156.42,159.96,163.5,167.05,170.59,174.13,
141.26,145.11,148.97,152.82,156.67,160.53,164.38,168.23,172.09,175.94,179.8,183.65,
141.94,145.77,149.6,153.43,157.27,161.1,164.93,168.76,172.59,176.42,180.26,184.09,
138.38,141.86,145.34,148.82,152.29,155.77,159.25,162.73,166.2,169.68,173.16,176.64,
133.94,136.97,140.0,143.03,146.06,149.09,152.11,155.14,158.17,161.2,164.23,167.26,
129.2,131.75,134.31,136.86,139.42,141.97,144.53,147.09,149.64,152.2,154.75,157.31,
120.64,122.49,124.34,126.19,128.04,129.89,131.73,133.58,135.43,137.28,139.13,140.98,
112.02,113.15,114.29,115.42,116.56,117.69,118.83,119.96,121.1,122.23,123.37,124.5,
105.82,106.38,106.95,107.51,108.08,108.64,109.21,109.77,110.34,110.9,111.47,112.03,
98.04,97.94,97.83,97.73,97.63,97.52,97.42,97.32,97.21,97.11,97.01,96.9,
88.95,88.09,87.24,86.38,85.53,84.67,83.82,82.97,82.11,81.26,80.4,79.55,
78.44,76.75,75.06,73.37,71.68,69.99,68.29,66.6,64.91,63.22,61.53,59.84,
70.45,68.07,65.69,63.32,60.94,58.56,56.18,53.81,51.43,49.05,46.68,44.3,
60.46,57.31,54.16,51.02,47.87,44.72,41.57,38.42,35.27,32.12,28.97,25.82,
51.88,48.12,44.36,40.6,36.83,33.07,29.31,25.55,21.78,18.02,14.26,10.5,
45.71,41.6,37.5,33.39,29.28,25.18,21.07,16.96,12.86,8.75,4.64,0.54,
50.28,46.64,43.01,39.38,35.74,32.11,28.47,24.84,21.2,17.57,13.94,10.3,
60.85,58.01,55.16,52.32,49.48,46.64,43.79,40.95,38.11,35.27,32.43,29.58,
59.17,56.27,53.36,50.46,47.56,44.66,41.75,38.85,35.95,33.04,30.14,27.24,
66.07,63.74,61.42,59.09,56.77,54.44,52.12,49.79,47.47,45.14,42.82,40.49,
91.68,91.69,91.69,91.7,91.7,91.71,91.71,91.72,91.72,91.73,91.73,91.74,
98.15,98.72,99.3,99.87,100.44,101.01,101.59,102.16,102.73,103.3,103.87,104.45,
97.63,98.16,98.69,99.22,99.75,100.28,100.81,101.34,101.87,102.4,102.93,103.47,
92.69,92.87,93.05,93.23,93.42,93.6,93.78,93.96,94.14,94.32,94.51,94.69,
89.47,89.65,89.82,89.99,90.17,90.34,90.52,90.69,90.87,91.04,91.21,91.39,
86.56,86.8,87.04,87.28,87.51,87.75,87.99,88.23,88.47,88.71,88.94,89.18,
78.05,77.89,77.72,77.56,77.39,77.23,77.06,76.89,76.73,76.56,76.4,76.23,
70.11,69.51,68.91,68.3,67.7,67.1,66.5,65.9,65.3,64.7,64.1,63.49,
61.65,60.59,59.54,58.48,57.43,56.37,55.32,54.27,53.21,52.16,51.1,50.05,
58.92,57.77,56.62,55.47,54.32,53.17,52.02,50.87,49.72,48.57,47.42,46.27,
57.28,55.99,54.71,53.43,52.15,50.87,49.59,48.31,47.02,45.74,44.46,43.18,
51.63,49.98,48.33,46.68,45.02,43.37,41.72,40.07,38.41,36.76,35.11,33.46,
47.83,46.0,44.17,42.34,40.51,38.68,36.85,35.02,33.19,31.36,29.53,27.7,
39.86,37.57,35.28,32.98,30.69,28.4,26.11,23.82,21.53,19.24,16.95,14.65,
31.8,29.02,26.24,23.45,20.67,17.89,15.11,12.32,9.54,6.76,3.97,1.19,
22.32,18.93,15.54,12.15,8.76,5.37,1.98,0.0,0.0,0.0,0.0,0.0,
19.91,16.43,12.94,9.45,5.97,2.48,0.0,0.0,0.0,0.0,0.0,0.0,
14.91,11.09,7.28,3.47,0.0,0.0,0.0,0.0,0.0,0.0,0.0,0.0,
12.65,8.68,4.72,0.75,0.0,0.0,0.0,0.0,0.0,0.0,0.0,0.0,
16.81,13.08,9.35,5.62,1.88,0.0,0.0,0.0,0.0,0.0,0.0,0.0,
23.63,20.51,17.39,14.28,11.16,8.04,4.93,1.81,0.0,0.0,0.0,0.0,
34.34,32.29,30.23,28.17,26.11,24.05,21.99,19.93,17.87,15.81,13.75,11.69,
40.06,38.46,36.86,35.26,33.65,32.05,30.45,28.85,27.25,25.65,24.04,22.44,
57.93,57.71,57.49,57.26,57.04,56.82,56.6,56.38,56.15,55.93,55.71,55.49,
81.12,82.82,84.52,86.22,87.93,89.63,91.33,93.03,94.74,96.44,98.14,99.84,
90.8,93.35,95.9,98.45,101.0,103.55,106.1,108.65,111.2,113.75,116.3,118.85,
96.14,99.17,102.2,105.23,108.26,111.29,114.31,117.34,120.37,123.4,126.43,129.46,
95.92,98.98,102.04,105.1,108.16,111.22,114.28,117.34,120.4,123.46,126.52,129.58,
94.18,97.1,100.02,102.94,105.86,108.78,111.7,114.62,117.54,120.47,123.39,126.31,
90.61,93.25,95.88,98.52,101.15,103.79,106.43,109.06,111.7,114.33,116.97,119.6,
84.88,86.98,89.08,91.18,93.28,95.38,97.48,99.58,101.68,103.78,105.88,107.99,
75.72,77.12,78.51,79.9,81.29,82.68,84.07,85.46,86.86,88.25,89.64,91.03,
65.99,66.6,67.21,67.82,68.43,69.05,69.66,70.27,70.88,71.5,72.11,72.72,
60.24,60.47,60.7,60.93,61.16,61.38,61.61,61.84,62.07,62.3,62.53,62.76,
62.58,63.0,63.42,63.84,64.26,64.68,65.1,65.52,65.94,66.36,66.78,67.2,
60.18,60.38,60.58,60.78,60.98,61.18,61.38,61.58,61.78,61.99,62.19,62.39,
56.61,56.53,56.44,56.36,56.27,56.19,56.11,56.02,55.94,55.85,55.77,55.68,
47.05,46.2,45.35,44.5,43.65,42.8,41.95,41.1,40.25,39.4,38.55,37.7,
38.82,37.28,35.75,34.21,32.68,31.14,29.61,28.07,26.54,25.0,23.47,21.93,
29.84,27.53,25.23,22.93,20.62,18.32,16.02,13.72,11.41,9.11,6.81,4.5,
24.78,22.11,19.43,16.75,14.07,11.4,8.72,6.04,3.36,0.69,0.0,0.0,
21.48,18.49,15.49,12.5,9.51,6.52,3.53,0.54,0.0,0.0,0.0,0.0,
21.92,18.92,15.91,12.91,9.9,6.89,3.89,0.88,0.0,0.0,0.0,0.0,
22.12,19.28,16.44,13.6,10.76,7.92,5.08,2.24,0.0,0.0,0.0,0.0,
27.14,24.73,22.32,19.91,17.5,15.09,12.67,10.26,7.85,5.44,3.03,0.62,
38.59,36.99,35.4,33.8,32.21,30.61,29.01,27.42,25.82,24.23,22.63,21.03,
42.21,40.95,39.7,38.44,37.18,35.93,34.67,33.41,32.16,30.9,29.64,28.39,
58.22,58.33,58.43,58.53,58.63,58.73,58.83,58.93,59.04,59.14,59.24,59.34,
86.74,89.0,91.25,93.51,95.77,98.02,100.28,102.54,104.79,107.05,109.3,111.56,
93.36,96.17,98.98,101.79,104.6,107.41,110.23,113.04,115.85,118.66,121.47,124.28,
103.81,107.33,110.85,114.37,117.89,121.41,124.94,128.46,131.98,135.5,139.02,142.54,
101.78,105.13,108.49,111.85,115.21,118.57,121.93,125.29,128.64,132.0,135.36,138.72,
100.65,103.89,107.14,110.38,113.63,116.87,120.12,123.37,126.61,129.86,133.1,136.35,
96.29,99.19,102.09,104.98,107.88,110.78,113.68,116.58,119.48,122.38,125.28,128.18,
92.1,94.67,97.23,99.8,102.36,104.93,107.49,110.05,112.62,115.18,117.75,120.31,
83.08,84.9,86.72,88.54,90.36,92.18,94.0,95.82,97.64,99.46,101.28,103.1,
73.99,75.06,76.13,77.2,78.27,79.33,80.4,81.47,82.54,83.61,84.68,85.75,
66.81,67.28,67.75,68.22,68.68,69.15,69.62,70.09,70.56,71.03,71.49,71.96,
63.13,63.4,63.67,63.95,64.22,64.49,64.77,65.04,65.31,65.59,65.86,66.14,
57.02,56.88,56.75,56.61,56.47,56.33,56.19,56.05,55.92,55.78,55.64,55.5,
50.51,49.9,49.3,48.69,48.08,47.48,46.87,46.26,45.66,45.05,44.45,43.84,
42.0,40.69,39.38,38.07,36.76,35.45,34.14,32.83,31.52,30.21,28.9,27.59,
38.0,36.3,34.6,32.89,31.19,29.49,27.79,26.08,24.38,22.68,20.97,19.27,
32.6,30.42,28.23,26.05,23.86,21.68,19.49,17.3,15.12,12.93,10.75,8.56,
25.03,22.26,19.5,16.74,13.97,11.21,8.44,5.68,2.91,0.15,0.0,0.0,
19.12,15.96,12.8,9.63,6.47,3.31,0.14,0.0,0.0,0.0,0.0,0.0,
14.7,11.31,7.92,4.53,1.14,0.0,0.0,0.0,0.0,0.0,0.0,0.0,
7.46,3.56,0.0,0.0,0.0,0.0,0.0,0.0,0.0,0.0,0.0,0.0,
4.62,0.65,0.0,0.0,0.0,0.0,0.0,0.0,0.0,0.0,0.0,0.0,
7.02,3.49,0.0,0.0,0.0,0.0,0.0,0.0,0.0,0.0,0.0,0.0,
4.67,1.09,0.0,0.0,0.0,0.0,0.0,0.0,0.0,0.0,0.0,0.0,
6.89,3.76,0.63,0.0,0.0,0.0,0.0,0.0,0.0,0.0,0.0,0.0,
19.18,17.49,15.8,14.1,12.41,10.72,9.03,7.34,5.64,3.95,2.26,0.57,
26.12,25.06,24.0,22.93,21.87,20.81,19.74,18.68,17.62,16.55,15.49,14.42,
31.06,30.67,30.28,29.89,29.5,29.11,28.73,28.34,27.95,27.56,27.17,26.78,
32.59,32.37,32.16,31.95,31.73,31.52,31.31,31.1,30.88,30.67,30.46,30.24,
33.52,33.48,33.45,33.41,33.37,33.33,33.29,33.25,33.22,33.18,33.14,33.1,
38.37,38.67,38.97,39.27,39.57,39.87,40.17,40.47,40.77,41.07,41.37,41.66,
40.65,41.13,41.62,42.1,42.59,43.07,43.56,44.05,44.53,45.02,45.5,45.99,
40.26,40.69,41.12,41.55,41.98,42.4,42.83,43.26,43.69,44.11,44.54,44.97,
39.79,40.16,40.52,40.88,41.25,41.61,41.97,42.34,42.7,43.06,43.43,43.79,
39.99,40.37,40.75,41.13,41.51,41.88,42.26,42.64,43.02,43.4,43.78,44.16,
37.68,37.93,38.17,38.42,38.66,38.91,39.15,39.4,39.64,39.89,40.13,40.38,
37.29,37.48,37.66,37.85,38.04,38.22,38.41,38.6,38.78,38.97,39.16,39.34,
35.47,35.52,35.56,35.6,35.64,35.68,35.72,35.76,35.81,35.85,35.89,35.93,
32.49,32.32,32.14,31.97,31.8,31.62,31.45,31.28,31.1,30.93,30.75,30.58,
31.92,31.8,31.67,31.55,31.43,31.31,31.18,31.06,30.94,30.81,30.69,30.57,
28.5,28.23,27.96,27.68,27.41,27.14,26.87,26.59,26.32,26.05,25.77,25.5,
26.32,25.89,25.47,25.04,24.62,24.19,23.77,23.34,22.92,22.49,22.07,21.64,
28.13,27.8,27.47,27.14,26.81,26.48,26.15,25.82,25.49,25.16,24.83,24.51,
29.69,29.43,29.17,28.91,28.66,28.4,28.14,27.88,27.62,27.36,27.11,26.85,
27.91,27.49,27.06,26.63,26.21,25.78,25.35,24.92,24.5,24.07,23.64,23.22,
26.64,26.11,25.59,25.06,24.54,24.01,23.48,22.96,22.43,21.91,21.38,20.86,
23.7,23.01,22.32,21.64,20.95,20.26,19.57,18.89,18.2,17.51,16.83,16.14,
21.41,20.57,19.72,18.87,18.03,17.18,16.33,15.48,14.64,13.79,12.94,12.1,
20.37,19.44,18.51,17.58,16.65,15.72,14.79,13.86,12.93,12.0,11.07,10.13,
20.83,19.99,19.15,18.31,17.47,16.63,15.79,14.95,14.11,13.27,12.43,11.59,
22.88,22.31,21.74,21.17,20.59,20.02,19.45,18.88,18.3,17.73,17.16,16.59,
22.35,21.74,21.12,20.51,19.89,19.28,18.66,18.04,17.43,16.81,16.2,15.58,
22.57,22.0,21.43,20.86,20.29,19.72,19.15,18.58,18.01,17.43,16.86,16.29,
23.46,22.93,22.41,21.88,21.35,20.83,20.3,19.77,19.25,18.72,18.19,17.67,
28.42,28.34,28.25,28.17,28.09,28.01,27.92,27.84,27.76,27.67,27.59,27.51,
28.29,28.27,28.25,28.22,28.2,28.18,28.16,28.14,28.12,28.1,28.08,28.06,
27.73,27.72,27.7,27.69,27.67,27.66,27.64,27.63,27.61,27.6,27.58,27.57,
27.34,27.34,27.35,27.35,27.36,27.36,27.36,27.37,27.37,27.38,27.38,27.38,
28.45,28.56,28.68,28.79,28.91,29.02,29.14,29.26,29.37,29.49,29.6,29.72,
26.88,26.87,26.86,26.85,26.84,26.83,26.82,26.81,26.8,26.79,26.78,26.78,
25.56,25.52,25.48,25.44,25.39,25.35,25.31,25.27,25.23,25.19,25.14,25.1,
26.06,26.06,26.06,26.06,26.05,26.05,26.05,26.05,26.05,26.05,26.04,26.04,
24.74,24.63,24.52,24.41,24.3,24.2,24.09,23.98,23.87,23.77,23.66,23.55,
23.5,23.3,23.1,22.89,22.69,22.49,22.29,22.08,21.88,21.68,21.47,21.27,
20.87,20.41,19.95,19.49,19.03,18.57,18.11,17.65,17.19,16.73,16.27,15.8,
19.4,18.82,18.25,17.67,17.09,16.51,15.94,15.36,14.78,14.2,13.62,13.05,
20.1,19.66,19.21,18.77,18.32,17.88,17.43,16.98,16.54,16.09,15.65,15.2,
21.05,20.76,20.47,20.17,19.88,19.59,19.3,19.0,18.71,18.42,18.12,17.83,
20.84,20.55,20.27,19.99,19.7,19.42,19.14,18.86,18.57,18.29,18.01,17.72,
20.62,20.34,20.06,19.78,19.51,19.23,18.95,18.67,18.4,18.12,17.84,17.56,
20.32,19.97,19.62,19.28,18.93,18.58,18.23,17.88,17.54,17.19,16.84,16.49,
20.53,20.17,19.82,19.47,19.11,18.76,18.4,18.05,17.69,17.34,16.99,16.63,
27.82,27.92,28.02,28.12,28.22,28.32,28.42,28.52,28.62,28.71,28.81,28.91,
29.53,29.73,29.94,30.15,30.36,30.57,30.78,30.99,31.19,31.4,31.61,31.82,
29.81,30.04,30.27,30.5,30.73,30.96,31.2,31.43,31.66,31.89,32.12,32.35,
30.26,30.52,30.79,31.05,31.31,31.58,31.84,32.1,32.37,32.63,32.9,33.16,
30.53,30.81,31.1,31.39,31.67,31.96,32.24,32.53,32.81,33.1,33.39,33.67,
31.72,32.13,32.53,32.93,33.34,33.74,34.15,34.55,34.96,35.36,35.76,36.17,
34.91,35.6,36.28,36.97,37.65,38.34,39.03,39.71,40.4,41.08,41.77,42.46,
36.18,36.92,37.65,38.39,39.12,39.86,40.59,41.33,42.06,42.8,43.53,44.27,
38.45,39.29,40.13,40.97,41.81,42.65,43.49,44.33,45.17,46.01,46.85,47.69,
39.14,39.98,40.83,41.67,42.52,43.36,44.2,45.05,45.89,46.74,47.58,48.43,
41.75,42.75,43.75,44.76,45.76,46.76,47.76,48.77,49.77,50.77,51.78,52.78,
43.44,44.5,45.56,46.62,47.69,48.75,49.81,50.87,51.93,52.99,54.06,55.12,
44.22,45.25,46.27,47.29,48.32,49.34,50.37,51.39,52.42,53.44,54.46,55.49,
46.0,47.11,48.22,49.34,50.45,51.56,52.67,53.79,54.9,56.01,57.13,58.24,
46.94,48.05,49.16,50.27,51.39,52.5,53.61,54.72,55.83,56.94,58.06,59.17,
46.3,47.31,48.32,49.33,50.34,51.35,52.36,53.37,54.38,55.39,56.4,57.41,
46.83,47.8,48.78,49.75,50.73,51.71,52.68,53.66,54.63,55.61,56.59,57.56,
47.11,48.03,48.95,49.87,50.79,51.71,52.64,53.56,54.48,55.4,56.32,57.24,
45.8,46.57,47.34,48.1,48.87,49.64,50.41,51.17,51.94,52.71,53.47,54.24,
45.5,46.17,46.84,47.51,48.18,48.85,49.52,50.19,50.86,51.53,52.2,52.87,
47.46,48.16,48.87,49.57,50.27,50.98,51.68,52.38,53.09,53.79,54.49,55.2,
52.85,53.79,54.72,55.66,56.59,57.53,58.46,59.39,60.33,61.26,62.2,63.13,
59.58,60.85,62.12,63.39,64.66,65.93,67.2,68.47,69.74,71.01,72.28,73.55,
65.49,67.03,68.57,70.11,71.65,73.2,74.74,76.28,77.82,79.37,80.91,82.45,
74.74,76.95,79.15,81.36,83.57,85.77,87.98,90.19,92.39,94.6,96.8,99.01,
84.5,87.23,89.96,92.7,95.43,98.16,100.89,103.63,106.36,109.09,111.83,114.56,
95.0,98.25,101.5,104.74,107.99,111.24,114.49,117.73,120.98,124.23,127.47,130.72,
97.04,100.28,103.51,106.75,109.99,113.22,116.46,119.7,122.93,126.17,129.41,132.64,
94.75,97.7,100.65,103.6,106.55,109.5,112.45,115.4,118.35,121.3,124.25,127.2,
94.72,97.51,100.31,103.11,105.91,108.7,111.5,114.3,117.1,119.89,122.69,125.49,
91.19,93.65,96.11,98.57,101.04,103.5,105.96,108.42,110.88,113.34,115.81,118.27,
83.75,85.64,87.53,89.43,91.32,93.21,95.1,97.0,98.89,100.78,102.68,104.57,
76.88,78.28,79.68,81.08,82.47,83.87,85.27,86.67,88.06,89.46,90.86,92.26,
69.44,70.27,71.1,71.93,72.76,73.59,74.41,75.24,76.07,76.9,77.73,78.56,
71.67,72.56,73.44,74.33,75.21,76.09,76.98,77.86,78.75,79.63,80.51,81.4,
63.67,63.99,64.3,64.62,64.94,65.26,65.57,65.89,66.21,66.52,66.84,67.16,
57.07,56.91,56.75,56.59,56.43,56.27,56.11,55.95,55.79,55.62,55.46,55.3,
50.47,49.84,49.2,48.56,47.93,47.29,46.66,46.02,45.39,44.75,44.11,43.48,
44.04,42.95,41.85,40.75,39.66,38.56,37.46,36.37,35.27,34.17,33.08,31.98,
39.7,38.23,36.76,35.29,33.82,32.35,30.88,29.41,27.94,26.47,25.0,23.53,
39.7,38.15,36.61,35.06,33.52,31.97,30.43,28.89,27.34,25.8,24.25,22.71,
38.28,36.58,34.87,33.16,31.45,29.75,28.04,26.33,24.62,22.92,21.21,19.5,
33.45,31.33,29.21,27.09,24.97,22.85,20.73,18.61,16.49,14.37,12.25,10.13,
30.53,28.14,25.76,23.38,20.99,18.61,16.22,13.84,11.45,9.07,6.69,4.3,
32.59,30.31,28.04,25.77,23.49,21.22,18.95,16.68,14.4,12.13,9.86,7.58,
36.64,34.71,32.79,30.86,28.94,27.01,25.08,23.16,21.23,19.31,17.38,15.46,
45.35,44.1,42.84,41.59,40.33,39.08,37.82,36.56,35.31,34.05,32.8,31.54,
48.88,47.98,47.08,46.18,45.27,44.37,43.47,42.57,41.66,40.76,39.86,38.96,
62.83,62.92,63.01,63.1,63.19,63.28,63.37,63.46,63.55,63.64,63.73,63.82,
77.12,78.33,79.54,80.75,81.96,83.17,84.38,85.59,86.8,88.01,89.22,90.42,
93.98,96.54,99.09,101.65,104.2,106.76,109.31,111.87,114.42,116.98,119.53,122.09,
102.76,105.94,109.12,112.3,115.48,118.67,121.85,125.03,128.21,131.39,134.57,137.75,
101.72,104.81,107.91,111.01,114.11,117.2,120.3,123.4,126.5,129.59,132.69,135.79,
103.25,106.5,109.75,112.99,116.24,119.49,122.74,125.98,129.23,132.48,135.72,138.97,
99.14,102.08,105.03,107.97,110.92,113.86,116.8,119.75,122.69,125.64,128.58,131.53,
92.78,95.16,97.55,99.94,102.33,104.72,107.11,109.5,111.88,114.27,116.66,119.05,
86.33,88.15,89.97,91.79,93.61,95.43,97.25,99.07,100.89,102.71,104.53,106.35,
77.05,78.13,79.21,80.28,81.36,82.44,83.52,84.59,85.67,86.75,87.82,88.9,
79.09,80.39,81.68,82.97,84.26,85.55,86.84,88.13,89.42,90.71,92.0,93.29,
72.08,72.73,73.39,74.04,74.7,75.36,76.01,76.67,77.32,77.98,78.64,79.29,
65.48,65.56,65.63,65.71,65.79,65.87,65.95,66.03,66.1,66.18,66.26,66.34,
57.29,56.69,56.08,55.48,54.88,54.27,53.67,53.07,52.46,51.86,51.26,50.65,
50.35,49.14,47.92,46.71,45.5,44.29,43.07,41.86,40.65,39.44,38.23,37.01,
52.24,51.03,49.82,48.61,47.4,46.18,44.97,43.76,42.55,41.34,40.13,38.92,
45.55,43.93,42.31,40.69,39.07,37.45,35.83,34.21,32.59,30.97,29.35,27.73,
38.78,36.71,34.65,32.59,30.53,28.47,26.41,24.35,22.28,20.22,18.16,16.1,
30.92,28.28,25.64,23.0,20.36,17.72,15.08,12.44,9.8,7.16,4.52,1.88,
30.14,27.39,24.64,21.9,19.15,16.4,13.65,10.9,8.15,5.4,2.65,0.0,
36.29,33.96,31.63,29.29,26.96,24.63,22.3,19.97,17.64,15.31,12.98,10.65,
37.19,34.96,32.73,30.5,28.27,26.04,23.8,21.57,19.34,17.11,14.88,12.65,
47.85,46.43,45.0,43.58,42.15,40.73,39.3,37.87,36.45,35.02,33.6,32.17,
53.03,51.93,50.82,49.71,48.6,47.5,46.39,45.28,44.17,43.07,41.96,40.85,
63.72,63.56,63.41,63.26,63.11,62.95,62.8,62.65,62.5,62.34,62.19,62.04,
77.47,78.43,79.38,80.33,81.28,82.23,83.18,84.13,85.09,86.04,86.99,87.94,
92.16,94.32,96.47,98.62,100.78,102.93,105.08,107.23,109.39,111.54,113.69,115.85,
97.27,99.93,102.6,105.26,107.92,110.58,113.24,115.9,118.57,121.23,123.89,126.55,
97.3,99.94,102.58,105.21,107.85,110.49,113.13,115.76,118.4,121.04,123.67,126.31,
97.9,100.58,103.27,105.95,108.63,111.31,114.0,116.68,119.36,122.04,124.72,127.41,
95.09,97.49,99.9,102.31,104.71,107.12,109.53,111.94,114.34,116.75,119.16,121.56,
90.85,92.89,94.92,96.96,99.0,101.04,103.07,105.11,107.15,109.19,111.23,113.26,
86.61,88.28,89.95,91.62,93.29,94.96,96.64,98.31,99.98,101.65,103.32,104.99,
80.77,81.89,83.02,84.14,85.27,86.39,87.52,88.64,89.77,90.89,92.02,93.14,
83.25,84.52,85.79,87.06,88.33,89.6,90.87,92.14,93.41,94.68,95.95,97.22,
75.82,76.52,77.22,77.93,78.63,79.33,80.03,80.73,81.44,82.14,82.84,83.54,
69.81,70.03,70.25,70.47,70.69,70.91,71.14,71.36,71.58,71.8,72.02,72.24,
61.71,61.28,60.86,60.43,60.0,59.58,59.15,58.72,58.3,57.87,57.44,57.02,
53.2,52.14,51.08,50.03,48.97,47.91,46.85,45.8,44.74,43.68,42.63,41.57,
56.42,55.68,54.93,54.19,53.44,52.69,51.95,51.2,50.46,49.71,48.96,48.22,
48.08,46.63,45.19,43.74,42.3,40.86,39.41,37.97,36.52,35.08,33.64,32.19,
42.22,40.24,38.25,36.26,34.27,32.28,30.29,28.3,26.32,24.33,22.34,20.35,
33.46,30.74,28.03,25.32,22.6,19.89,17.18,14.46,11.75,9.04,6.32,3.61,
31.93,29.12,26.31,23.49,20.68,17.87,15.06,12.25,9.43,6.62,3.81,1.0,
38.47,36.21,33.94,31.67,29.4,27.13,24.86,22.59,20.33,18.06,15.79,13.52,
47.09,45.33,43.58,41.82,40.07,38.31,36.55,34.8,33.04,31.29,29.53,27.77,
58.04,57.16,56.28,55.39,54.51,53.63,52.75,51.87,50.99,50.11,49.23,48.35,
66.4,66.16,65.93,65.69,65.45,65.21,64.98,64.74,64.5,64.26,64.02,63.79,
78.44,79.07,79.7,80.33,80.96,81.59,82.21,82.84,83.47,84.1,84.73,85.36,
95.98,97.91,99.83,101.76,103.69,105.62,107.55,109.48,111.4,113.33,115.26,117.19,
108.27,111.18,114.1,117.01,119.92,122.83,125.74,128.65,131.57,134.48,137.39,140.3,
116.33,119.73,123.14,126.54,129.95,133.36,136.76,140.17,143.57,146.98,150.39,153.79,
114.57,117.83,121.1,124.36,127.63,130.89,134.16,137.42,140.69,143.95,147.22,150.48,
115.3,118.58,121.85,125.13,128.4,131.68,134.95,138.22,141.5,144.77,148.05,151.32,
110.13,113.01,115.89,118.78,121.66,124.54,127.43,130.31,133.19,136.08,138.96,141.85,
105.7,108.2,110.7,113.21,115.71,118.21,120.71,123.22,125.72,128.22,130.73,133.23,
99.85,101.89,103.92,105.96,107.99,110.03,112.06,114.09,116.13,118.16,120.2,122.23,
90.17,91.51,92.84,94.18,95.52,96.86,98.19,99.53,100.87,102.2,103.54,104.88,
89.9,91.26,92.63,93.99,95.36,96.72,98.09,99.46,100.82,102.19,103.55,104.92,
85.46,86.36,87.27,88.18,89.08,89.99,90.9,91.8,92.71,93.62,94.52,95.43,
76.26,76.46,76.66,76.86,77.06,77.25,77.45,77.65,77.85,78.04,78.24,78.44,
68.91,68.46,68.02,67.58,67.14,66.7,66.26,65.82,65.38,64.94,64.5,64.06,
60.89,59.73,58.57,57.42,56.26,55.1,53.94,52.78,51.62,50.46,49.3,48.15,
61.77,60.65,59.54,58.42,57.3,56.18,55.06,53.94,52.83,51.71,50.59,49.47,
51.5,49.56,47.62,45.69,43.75,41.81,39.87,37.94,36.0,34.06,32.13,30.19,
43.98,41.47,38.95,36.44,33.93,31.42,28.91,26.4,23.88,21.37,18.86,16.35,
32.37,28.96,25.55,22.13,18.72,15.31,11.89,8.48,5.07,1.65,0.0,0.0,
29.52,25.85,22.19,18.52,14.85,11.18,7.51,3.84,0.18,0.0,0.0,0.0,
33.17,29.8,26.42,23.05,19.68,16.31,12.93,9.56,6.19,2.81,0.0,0.0,
39.56,36.8,34.04,31.28,28.51,25.75,22.99,20.23,17.47,14.71,11.94,9.18,
45.36,43.14,40.92,38.69,36.47,34.25,32.03,29.81,27.59,25.37,23.15,20.92,
54.58,53.07,51.57,50.06,48.55,47.04,45.54,44.03,42.52,41.02,39.51,38.0,
60.8,59.94,59.08,58.22,57.36,56.5,55.64,54.78,53.92,53.06,52.2,51.34,
68.5,68.51,68.52,68.52,68.53,68.54,68.55,68.55,68.56,68.57,68.57,68.58,
73.03,73.58,74.12,74.66,75.2,75.75,76.29,76.83,77.37,77.92,78.46,79.0,
77.96,79.07,80.19,81.3,82.41,83.53,84.64,85.75,86.87,87.98,89.09,90.21,
76.23,77.26,78.28,79.31,80.33,81.36,82.38,83.41,84.43,85.46,86.48,87.51,
74.75,75.78,76.81,77.85,78.88,79.91,80.94,81.98,83.01,84.04,85.08,86.11,
75.85,76.9,77.94,78.99,80.04,81.09,82.13,83.18,84.23,85.28,86.33,87.37,
71.13,71.88,72.63,73.38,74.13,74.88,75.63,76.38,77.13,77.88,78.63,79.39,
67.25,67.72,68.19,68.65,69.12,69.59,70.06,70.52,70.99,71.46,71.92,72.39,
59.96,59.82,59.68,59.55,59.41,59.27,59.13,58.99,58.85,58.71,58.57,58.43,
63.84,63.97,64.09,64.21,64.33,64.45,64.57,64.69,64.81,64.93,65.05,65.17,
62.39,62.45,62.51,62.57,62.63,62.69,62.74,62.8,62.86,62.92,62.98,63.04,
57.03,56.64,56.24,55.84,55.44,55.05,54.65,54.25,53.85,53.46,53.06,52.66,
54.33,53.71,53.1,52.48,51.86,51.24,50.63,50.01,49.39,48.78,48.16,47.54,
53.04,52.3,51.55,50.8,50.06,49.31,48.56,47.82,47.07,46.32,45.58,44.83,
55.66,55.18,54.69,54.2,53.72,53.23,52.74,52.25,51.77,51.28,50.79,50.31,
48.95,47.92,46.9,45.87,44.85,43.82,42.8,41.78,40.75,39.73,38.7,37.68,
45.65,44.33,43.02,41.7,40.39,39.07,37.76,36.45,35.13,33.82,32.5,31.19,
34.42,32.26,30.09,27.93,25.76,23.59,21.43,19.26,17.1,14.93,12.76,10.6,
33.36,31.16,28.96,26.75,24.55,22.35,20.15,17.95,15.75,13.55,11.35,9.14,
31.86,29.72,27.57,25.43,23.28,21.14,19.0,16.85,14.71,12.56,10.42,8.27,
32.28,30.31,28.35,26.39,24.43,22.47,20.51,18.55,16.58,14.62,12.66,10.7,
33.08,31.33,29.58,27.83,26.08,24.33,22.58,20.83,19.08,17.33,15.58,13.83,
35.37,34.05,32.73,31.41,30.09,28.77,27.45,26.13,24.81,23.49,22.17,20.84,
36.8,35.72,34.64,33.55,32.47,31.39,30.31,29.22,28.14,27.06,25.97,24.89,
36.64,35.67,34.7,33.74,32.77,31.8,30.83,29.86,28.89,27.92,26.95,25.99,
37.57,36.75,35.93,35.12,34.3,33.48,32.66,31.84,31.03,30.21,29.39,28.57,
37.32,36.58,35.84,35.11,34.37,33.63,32.89,32.15,31.42,30.68,29.94,29.2,
38.74,38.12,37.49,36.87,36.25,35.62,35.0,34.38,33.75,33.13,32.5,31.88,
39.41,38.82,38.22,37.62,37.03,36.43,35.83,35.23,34.64,34.04,33.44,32.85,
41.49,41.16,40.83,40.5,40.17,39.83,39.5,39.17,38.84,38.51,38.18,37.85,
40.31,39.86,39.41,38.96,38.5,38.05,37.6,37.15,36.7,36.25,35.79,35.34,
41.13,40.72,40.31,39.9,39.48,39.07,38.66,38.25,37.83,37.42,37.01,36.6,
41.12,40.65,40.18,39.71,39.25,38.78,38.31,37.84,37.38,36.91,36.44,35.97,
43.92,43.81,43.69,43.58,43.46,43.34,43.23,43.11,43.0,42.88,42.76,42.65,
45.56,45.57,45.58,45.59,45.6,45.61,45.63,45.64,45.65,45.66,45.67,45.68,
46.52,46.58,46.65,46.71,46.77,46.83,46.89,46.95,47.02,47.08,47.14,47.2,
48.15,48.34,48.54,48.73,48.92,49.11,49.31,49.5,49.69,49.88,50.07,50.27,
50.54,50.95,51.36,51.76,52.17,52.58,52.99,53.4,53.81,54.22,54.63,55.04,
53.67,54.38,55.09,55.8,56.51,57.22,57.93,58.64,59.35,60.06,60.77,61.48,
52.71,53.31,53.92,54.53,55.13,55.74,56.35,56.95,57.56,58.17,58.77,59.38,
54.5,55.25,56.0,56.75,57.5,58.25,59.0,59.75,60.5,61.25,62.0,62.75,
52.71,53.19,53.67,54.16,54.64,55.12,55.6,56.08,56.56,57.04,57.52,58.0,
54.09,54.69,55.28,55.87,56.46,57.05,57.64,58.23,58.82,59.41,60.0,60.59,
52.63,53.08,53.53,53.98,54.42,54.87,55.32,55.77,56.21,56.66,57.11,57.56,
53.17,53.64,54.1,54.57,55.03,55.49,55.96,56.42,56.89,57.35,57.81,58.28,
53.63,54.1,54.57,55.05,55.52,55.99,56.47,56.94,57.41,57.89,58.36,58.84,
53.33,53.73,54.13,54.53,54.93,55.33,55.73,56.13,56.53,56.93,57.33,57.73,
53.54,53.93,54.32,54.7,55.09,55.48,55.87,56.26,56.65,57.04,57.43,57.82,
51.57,51.77,51.98,52.18,52.39,52.59,52.8,53.0,53.21,53.41,53.62,53.82,
48.93,48.95,48.97,48.99,49.01,49.03,49.05,49.07,49.09,49.12,49.14,49.16,
46.96,46.79,46.63,46.47,46.3,46.14,45.98,45.81,45.65,45.49,45.32,45.16,
46.41,46.22,46.04,45.86,45.68,45.5,45.32,45.14,44.96,44.78,44.6,44.42,
48.61,48.58,48.55,48.51,48.48,48.45,48.42,48.39,48.36,48.33,48.3,48.26,
48.64,48.58,48.53,48.47,48.42,48.36,48.3,48.25,48.19,48.14,48.08,48.03,
49.91,49.91,49.9,49.89,49.89,49.88,49.87,49.86,49.86,49.85,49.84,49.84,
49.1,49.06,49.01,48.97,48.92,48.88,48.83,48.78,48.74,48.69,48.65,48.6,
48.38,48.3,48.22,48.15,48.07,47.99,47.92,47.84,47.76,47.69,47.61,47.54,
46.99,46.8,46.61,46.42,46.23,46.05,45.86,45.67,45.48,45.3,45.11,44.92,
46.35,46.14,45.92,45.71,45.5,45.29,45.07,44.86,44.65,44.44,44.23,44.01,
45.8,45.57,45.34,45.11,44.88,44.65,44.42,44.19,43.96,43.73,43.5,43.27,
45.33,45.09,44.85,44.61,44.37,44.13,43.89,43.65,43.41,43.17,42.93,42.69,
44.96,44.71,44.47,44.23,43.98,43.74,43.5,43.25,43.01,42.77,42.52,42.28,
44.67,44.43,44.19,43.95,43.71,43.47,43.23,42.99,42.75,42.51,42.27,42.03,
43.71,43.39,43.08,42.76,42.44,42.13,41.81,41.49,41.18,40.86,40.54,40.23,
43.51,43.2,42.9,42.59,42.28,41.98,41.67,41.36,41.06,40.75,40.45,40.14,
44.56,44.34,44.12,43.9,43.68,43.46,43.25,43.03,42.81,42.59,42.37,42.15,
49.45,49.55,49.65,49.75,49.85,49.95,50.05,50.15,50.25,50.35,50.45,50.55,
55.86,56.32,56.78,57.24,57.7,58.16,58.63,59.09,59.55,60.01,60.47,60.93,
60.02,60.74,61.47,62.19,62.91,63.63,64.35,65.07,65.8,66.52,67.24,67.96,
63.95,64.91,65.87,66.84,67.8,68.76,69.72,70.69,71.65,72.61,73.58,74.54,
77.64,79.42,81.21,82.99,84.78,86.56,88.34,90.13,91.91,93.7,95.48,97.27,
84.27,86.43,88.6,90.76,92.93,95.09,97.26,99.42,101.59,103.75,105.92,108.08,
94.66,97.37,100.09,102.81,105.53,108.25,110.97,113.69,116.41,119.13,121.85,124.57,
103.22,106.33,109.43,112.53,115.64,118.74,121.85,124.95,128.06,131.16,134.26,137.37,
112.89,116.47,120.05,123.63,127.21,130.79,134.36,137.94,141.52,145.1,148.68,152.26,
111.59,114.96,118.34,121.71,125.09,128.46,131.83,135.21,138.58,141.96,145.33,148.7,
107.8,110.9,114.0,117.09,120.19,123.29,126.39,129.48,132.58,135.68,138.77,141.87,
105.84,108.74,111.63,114.52,117.41,120.3,123.19,126.08,128.97,131.86,134.75,137.64,
103.31,106.0,108.69,111.38,114.06,116.75,119.44,122.13,124.82,127.51,130.19,132.88,
97.94,100.17,102.4,104.63,106.87,109.1,111.33,113.56,115.79,118.02,120.26,122.49,
92.48,94.25,96.01,97.78,99.55,101.32,103.09,104.86,106.62,108.39,110.16,111.93,
90.76,92.29,93.82,95.35,96.88,98.4,99.93,101.46,102.99,104.51,106.04,107.57,
83.55,84.5,85.45,86.4,87.35,88.3,89.25,90.2,91.15,92.1,93.05,94.0,
79.0,79.53,80.06,80.6,81.13,81.66,82.19,82.73,83.26,83.79,84.33,84.86,
72.77,72.78,72.8,72.81,72.82,72.83,72.84,72.85,72.87,72.88,72.89,72.9,
71.64,71.43,71.23,71.02,70.82,70.61,70.4,70.2,69.99,69.79,69.58,69.38,
67.59,66.98,66.38,65.77,65.17,64.56,63.95,63.35,62.74,62.14,61.53,60.92,
58.13,56.79,55.45,54.12,52.78,51.44,50.11,48.77,47.43,46.1,44.76,43.43,
48.75,46.69,44.63,42.57,40.51,38.45,36.39,34.33,32.27,30.21,28.15,26.09,
41.45,38.83,36.21,33.59,30.97,28.35,25.73,23.11,20.49,17.87,15.25,12.63,
43.9,41.42,38.95,36.47,34.0,31.52,29.05,26.58,24.1,21.63,19.15,16.68,
45.09,42.77,40.44,38.11,35.78,33.45,31.12,28.79,26.46,24.13,21.8,19.47,
47.54,45.36,43.17,40.99,38.81,36.62,34.44,32.26,30.07,27.89,25.71,23.52,
55.99,54.31,52.63,50.95,49.27,47.58,45.9,44.22,42.54,40.86,39.18,37.5,
69.69,69.13,68.57,68.01,67.45,66.89,66.32,65.76,65.2,64.64,64.08,63.52,
74.99,74.85,74.71,74.57,74.43,74.3,74.16,74.02,73.88,73.75,73.61,73.47,
85.61,86.37,87.13,87.89,88.65,89.41,90.18,90.94,91.7,92.46,93.22,93.98,
100.13,102.02,103.91,105.81,107.7,109.59,111.49,113.38,115.27,117.17,119.06,120.96,
110.3,113.11,115.91,118.72,121.52,124.33,127.13,129.93,132.74,135.54,138.35,141.15,
111.14,113.99,116.84,119.69,122.54,125.39,128.23,131.08,133.93,136.78,139.63,142.48,
104.84,107.18,109.53,111.88,114.22,116.57,118.92,121.27,123.61,125.96,128.31,130.65,
99.95,101.96,103.97,105.98,107.99,110.0,112.01,114.02,116.03,118.04,120.05,122.06,
94.75,96.37,97.99,99.61,101.23,102.85,104.47,106.09,107.71,109.33,110.95,112.57,
87.55,88.62,89.69,90.76,91.83,92.9,93.97,95.04,96.11,97.18,98.25,99.32,
81.6,82.2,82.79,83.39,83.99,84.59,85.18,85.78,86.38,86.98,87.58,88.17,
82.83,83.5,84.18,84.85,85.53,86.21,86.88,87.56,88.23,88.91,89.59,90.26,
74.9,74.94,74.99,75.03,75.07,75.11,75.16,75.2,75.24,75.28,75.32,75.37,
68.49,68.07,67.65,67.23,66.81,66.4,65.98,65.56,65.14,64.73,64.31,63.89,
62.73,61.85,60.96,60.08,59.2,58.32,57.44,56.56,55.67,54.79,53.91,53.03,
59.88,58.87,57.86,56.85,55.84,54.83,53.82,52.81,51.8,50.79,49.78,48.78,
64.61,63.86,63.1,62.35,61.59,60.84,60.09,59.33,58.58,57.82,57.07,56.31,
53.52,51.9,50.29,48.67,47.05,45.43,43.81,42.19,40.58,38.96,37.34,35.72,
46.34,44.09,41.85,39.6,37.36,35.11,32.86,30.62,28.37,26.13,23.88,21.63,
39.57,36.76,33.95,31.14,28.33,25.52,22.71,19.9,17.09,14.27,11.46,8.65,
44.63,42.2,39.77,37.34,34.9,32.47,30.04,27.61,25.17,22.74,20.31,17.88,
49.36,47.21,45.05,42.9,40.74,38.59,36.44,34.28,32.13,29.97,27.82,25.66,
57.68,56.09,54.5,52.91,51.32,49.73,48.14,46.55,44.96,43.38,41.79,40.2,
62.99,61.97,60.95,59.93,58.91,57.9,56.88,55.86,54.84,53.83,52.81,51.79,
75.03,75.01,74.98,74.95,74.92,74.9,74.87,74.84,74.81,74.79,74.76,74.73,
79.51,79.86,80.22,80.57,80.92,81.28,81.63,81.98,82.34,82.69,83.05,83.4,
90.3,91.5,92.69,93.89,95.08,96.28,97.47,98.66,99.86,101.05,102.25,103.44,
105.69,108.12,110.55,112.98,115.41,117.84,120.26,122.69,125.12,127.55,129.98,132.41,
111.93,114.89,117.85,120.8,123.76,126.72,129.68,132.64,135.59,138.55,141.51,144.47,
108.67,111.47,114.26,117.06,119.85,122.64,125.44,128.23,131.03,133.82,136.61,139.41,
104.24,106.65,109.06,111.47,113.88,116.28,118.69,121.1,123.51,125.92,128.33,130.74,
98.37,100.31,102.25,104.18,106.12,108.06,109.99,111.93,113.87,115.8,117.74,119.67,
92.59,94.06,95.54,97.01,98.49,99.96,101.43,102.91,104.38,105.86,107.33,108.8,
86.05,86.98,87.9,88.83,89.75,90.68,91.6,92.52,93.45,94.37,95.3,96.22,
81.42,81.95,82.47,83.0,83.52,84.04,84.57,85.09,85.62,86.14,86.66,87.19,
83.19,83.85,84.51,85.17,85.84,86.5,87.16,87.82,88.48,89.14,89.81,90.47,
76.46,76.55,76.65,76.75,76.84,76.94,77.04,77.13,77.23,77.33,77.42,77.52,
65.64,64.92,64.21,63.49,62.78,62.06,61.34,60.63,59.91,59.2,58.48,57.77,
68.41,67.75,67.08,66.41,65.75,65.08,64.41,63.74,63.08,62.41,61.74,61.08,
60.62,59.36,58.1,56.83,55.57,54.31,53.04,51.78,50.52,49.25,47.99,46.72,
60.32,59.18,58.04,56.91,55.77,54.63,53.49,52.35,51.22,50.08,48.94,47.8,
50.77,48.82,46.88,44.93,42.98,41.03,39.08,37.13,35.19,33.24,31.29,29.34,
48.41,46.19,43.98,41.77,39.56,37.35,35.14,32.93,30.72,28.51,26.3,24.09,
39.37,36.49,33.61,30.72,27.84,24.96,22.07,19.19,16.31,13.42,10.54,7.65,
44.84,42.39,39.95,37.51,35.06,32.62,30.18,27.74,25.29,22.85,20.41,17.96,
47.3,45.16,43.01,40.87,38.72,36.58,34.43,32.28,30.14,27.99,25.85,23.7,
55.18,53.74,52.3,50.86,49.42,47.98,46.54,45.1,43.66,42.23,40.79,39.35,
57.48,56.23,54.97,53.72,52.46,51.21,49.95,48.7,47.44,46.19,44.93,43.68,
71.94,71.79,71.64,71.49,71.35,71.2,71.05,70.9,70.75,70.6,70.46,70.31,
82.17,82.72,83.27,83.82,84.37,84.92,85.47,86.02,86.57,87.12,87.67,88.22,
92.4,93.79,95.19,96.58,97.97,99.36,100.76,102.15,103.54,104.93,106.32,107.72,
105.29,107.77,110.24,112.71,115.19,117.66,120.13,122.61,125.08,127.55,130.03,132.5,
112.27,115.27,118.28,121.28,124.29,127.29,130.3,133.3,136.31,139.31,142.32,145.32,
111.18,114.0,116.82,119.64,122.46,125.28,128.1,130.92,133.74,136.57,139.39,142.21,
108.03,110.57,113.12,115.67,118.22,120.77,123.32,125.87,128.41,130.96,133.51,136.06,
101.72,103.77,105.81,107.85,109.9,111.94,113.99,116.03,118.08,120.12,122.16,124.21,
92.75,94.13,95.51,96.89,98.27,99.65,101.03,102.41,103.79,105.17,106.55,107.93,
85.29,86.1,86.91,87.71,88.52,89.33,90.14,90.95,91.76,92.57,93.38,94.19,
79.83,80.23,80.64,81.04,81.44,81.84,82.25,82.65,83.05,83.46,83.86,84.26,
80.38,80.85,81.32,81.8,82.27,82.74,83.22,83.69,84.16,84.64,85.11,85.59,
75.68,75.76,75.83,75.91,75.98,76.06,76.13,76.21,76.28,76.36,76.43,76.51,
68.82,68.24,67.66,67.08,66.5,65.92,65.34,64.76,64.18,63.59,63.01,62.43,
74.94,74.87,74.8,74.73,74.67,74.6,74.53,74.46,74.39,74.32,74.26,74.19,
67.98,67.33,66.67,66.02,65.37,64.72,64.07,63.42,62.76,62.11,61.46,60.81,
61.01,59.85,58.69,57.53,56.37,55.22,54.06,52.9,51.74,50.58,49.42,48.26,
55.2,53.52,51.84,50.17,48.49,46.81,45.13,43.46,41.78,40.1,38.43,36.75,
46.97,44.78,42.6,40.42,38.24,36.05,33.87,31.69,29.51,27.32,25.14,22.96,
38.32,35.42,32.52,29.62,26.72,23.82,20.92,18.02,15.12,12.21,9.31,6.41,
37.74,34.92,32.09,29.27,26.45,23.62,20.8,17.98,15.15,12.33,9.5,6.68,
39.33,36.6,33.88,31.15,28.43,25.71,22.98,20.26,17.53,14.81,12.09,9.36,
42.89,40.5,38.11,35.72,33.33,30.94,28.54,26.15,23.76,21.37,18.98,16.59,
48.96,46.98,45.0,43.03,41.05,39.07,37.09,35.11,33.13,31.15,29.17,27.19,
54.69,53.37,52.05,50.73,49.41,48.09,46.76,45.44,44.12,42.8,41.48,40.16,
62.65,62.09,61.54,60.98,60.42,59.86,59.31,58.75,58.19,57.63,57.07,56.52,
68.71,68.73,68.76,68.79,68.81,68.84,68.87,68.89,68.92,68.95,68.97,69.0,
75.75,76.46,77.17,77.89,78.6,79.31,80.02,80.74,81.45,82.16,82.88,83.59,
79.28,80.39,81.51,82.63,83.75,84.87,85.99,87.11,88.22,89.34,90.46,91.58,
78.54,79.7,80.85,82.01,83.17,84.32,85.48,86.64,87.79,88.95,90.11,91.26,
79.04,80.24,81.43,82.63,83.83,85.02,86.22,87.42,88.61,89.81,91.01,92.2,
77.05,78.07,79.08,80.1,81.11,82.13,83.14,84.15,85.17,86.18,87.2,88.21,
72.32,72.9,73.48,74.07,74.65,75.23,75.81,76.39,76.98,77.56,78.14,78.72,
68.16,68.39,68.61,68.83,69.06,69.28,69.5,69.72,69.95,70.17,70.39,70.62,
65.75,65.75,65.75,65.76,65.76,65.76,65.76,65.77,65.77,65.77,65.78,65.78,
62.91,62.79,62.66,62.54,62.41,62.29,62.17,62.04,61.92,61.79,61.67,61.55,
66.65,66.72,66.8,66.87,66.94,67.01,67.09,67.16,67.23,67.3,67.37,67.45,
68.82,68.99,69.16,69.34,69.51,69.68,69.85,70.02,70.2,70.37,70.54,70.71,
69.23,69.59,69.94,70.3,70.65,71.01,71.36,71.72,72.07,72.43,72.78,73.14,
62.06,61.92,61.78,61.64,61.49,61.35,61.21,61.07,60.93,60.79,60.64,60.5,
60.72,60.4,60.07,59.74,59.42,59.09,58.77,58.44,58.12,57.79,57.46,57.14,
58.04,57.53,57.01,56.49,55.98,55.46,54.94,54.43,53.91,53.39,52.88,52.36,
52.52,51.48,50.45,49.41,48.37,47.33,46.29,45.25,44.22,43.18,42.14,41.1,
43.08,41.36,39.65,37.93,36.21,34.49,32.78,31.06,29.34,27.63,25.91,24.19,
35.3,33.09,30.88,28.66,26.45,24.24,22.03,19.81,17.6,15.39,13.17,10.96,
31.27,28.91,26.56,24.2,21.85,19.49,17.14,14.78,12.43,10.07,7.72,5.36,
26.66,24.13,21.61,19.09,16.57,14.05,11.53,9.01,6.49,3.97,1.45,0.0,
