197.44,470.97,722.52,770.15,775.62,773.4,767.88,759.57,750.56,744.02,739.69,736.88
237.41,556.48,715.93,756.53,761.12,754.48,742.71,727.87,715.91,708.04,703.62,701.4
449.7,682.05,744.79,746.81,733.78,723.51,715.69,708.21,703.58,701.22,700.11,699.63
451.16,683.93,745.18,746.65,733.56,723.65,715.89,708.26,703.57,701.19,700.08,699.6
450.34,690.74,745.19,744.18,727.5,710.2,701.06,698.99,698.57,698.49,698.51,698.56
448.4,690.51,745.38,744.61,728.76,713.52,704.87,701.65,700.35,699.81,699.6,699.55
448.87,690.62,745.3,744.43,728.19,711.86,703.02,700.46,699.64,699.35,699.27,699.28
445.97,688.4,745.41,745.1,729.22,710.69,695.17,693.17,695.47,697.22,698.18,698.69
448.57,690.09,744.64,743.23,724.98,702.11,683.09,679.12,685.19,690.89,694.11,695.74
446.0,689.22,744.35,742.86,724.26,700.79,679.4,665.99,658.73,657.64,666.35,678.93
440.4,680.19,740.93,739.5,718.21,692.39,670.39,656.25,647.99,643.33,640.68,639.15
436.11,674.7,733.62,727.2,694.91,663.83,642.21,628.56,619.39,612.62,607.33,603.06
435.12,671.4,726.2,712.06,672.59,636.74,609.59,585.62,562.22,540.41,521.56,507.45
435.0,671.32,726.07,709.92,669.43,632.55,601.57,571.02,540.97,513.79,492.13,475.38
432.23,665.95,721.61,702.94,659.77,619.84,582.27,543.32,508.01,478.84,455.38,436.81
432.78,663.27,718.99,698.79,655.14,613.91,573.32,532.24,496.31,467.74,444.12,426.84
425.09,636.33,688.7,652.1,597.82,546.92,502.14,466.59,437.57,414.33,389.6,351.12
405.21,572.77,650.18,617.25,535.2,475.65,437.84,412.3,391.66,350.9,299.97,292.87
373.54,458.96,448.12,399.7,315.74,226.98,206.86,226.74,304.52,496.52,691.19,730.12
356.47,418.61,387.03,310.2,224.73,219.56,257.34,382.62,583.48,731.01,744.81,745.12
344.33,413.18,391.49,318.08,239.15,235.26,300.37,451.75,635.12,734.09,735.9,734.87
275.8,288.05,261.1,218.9,235.69,375.09,607.01,735.54,749.41,750.83,752.61,752.95
258.13,198.41,160.56,258.79,534.86,727.03,755.17,757.69,755.55,753.85,753.09,752.89
189.45,209.62,388.81,702.81,771.55,768.79,758.08,743.81,730.62,719.98,711.75,705.91
162.24,290.67,622.48,754.38,774.35,777.68,776.3,769.99,759.9,751.0,744.81,740.65
177.53,513.19,713.18,764.36,772.6,770.86,763.56,751.75,740.3,732.1,726.79,723.49
346.16,622.87,741.54,762.37,762.84,758.18,748.21,735.33,725.16,718.43,714.41,712.24
419.2,677.82,765.98,780.67,780.27,775.62,767.52,758.51,752.07,748.02,745.48,743.87
444.79,673.9,746.13,758.74,759.52,755.15,743.93,729.18,718.39,712.46,709.54,708.17
445.06,674.06,745.37,756.03,756.57,753.04,742.06,727.29,716.62,710.81,707.95,706.6
452.66,692.08,746.83,747.07,733.89,721.76,713.23,708.58,706.3,705.23,704.75,704.56
452.89,692.41,746.63,746.66,733.11,720.4,712.08,707.98,706.05,705.17,704.79,704.64
452.73,692.23,746.24,746.0,731.74,717.78,709.58,706.26,704.85,704.23,703.98,703.9
450.97,692.19,746.58,746.57,732.59,718.8,710.28,706.71,705.16,704.48,704.19,704.09
449.0,691.49,745.93,745.35,729.04,707.77,689.45,686.57,692.09,696.74,699.3,700.58
437.46,673.2,738.26,735.88,711.28,681.66,654.63,635.84,623.04,613.35,605.37,598.51
435.69,673.46,728.3,714.38,675.56,639.57,610.97,584.42,557.77,532.57,510.72,493.88
432.27,663.71,724.91,711.27,669.27,630.55,597.48,563.98,531.53,502.86,480.33,462.04
432.19,662.53,719.98,703.68,660.83,621.34,585.49,548.58,515.06,487.1,465.62,448.19
426.58,635.14,682.2,637.5,559.23,491.39,447.64,411.82,387.65,354.32,314.2,307.51
420.34,607.88,673.43,634.35,556.43,487.94,451.77,421.91,398.44,369.09,325.35,302.5
419.46,609.41,651.77,604.79,525.56,468.35,429.8,407.93,395.0,372.49,336.73,316.74
399.94,535.29,550.92,479.88,412.96,339.17,261.11,216.37,234.27,289.12,402.36,565.4
368.51,426.07,408.84,354.76,274.16,207.4,213.57,237.2,342.17,522.41,699.73,728.59
199.4,169.63,157.91,176.54,190.48,231.3,322.65,502.63,691.05,718.09,724.55,728.77
216.36,197.04,176.94,180.73,196.65,241.59,360.38,564.62,717.45,731.24,734.57,737.78
139.73,83.41,120.63,368.48,658.05,756.38,765.08,758.56,745.03,729.42,715.24,701.78
107.25,102.99,244.37,601.41,754.53,770.29,768.82,761.02,748.56,734.82,721.36,707.0
153.46,291.83,663.15,762.05,774.49,769.31,758.12,745.15,734.29,724.45,713.03,705.42
308.36,610.3,742.45,769.54,771.25,764.61,753.31,739.96,729.29,720.76,711.4,704.73
369.08,667.24,766.08,781.33,780.76,775.97,767.69,758.49,751.74,746.23,738.76,733.06
364.04,659.69,764.21,781.27,780.95,776.07,767.71,757.44,746.31,738.02,734.97,733.6
450.04,683.75,746.67,750.03,741.05,737.65,731.74,720.05,707.86,699.64,697.31,696.72
454.57,693.6,747.83,748.47,736.92,727.76,719.33,711.97,703.97,698.19,697.1,697.12
451.65,693.5,748.07,749.01,738.69,731.63,722.92,714.36,705.55,699.33,698.03,697.95
452.08,693.5,748.04,748.91,738.26,730.68,722.13,713.9,705.3,699.2,697.95,697.89
451.11,693.16,747.79,748.2,734.75,717.93,702.45,699.15,697.07,694.85,695.54,696.4
446.77,689.3,745.66,745.53,729.92,709.31,687.46,672.12,659.53,651.47,649.76,651.67
436.24,669.12,737.89,737.92,716.14,689.76,662.45,641.43,623.94,611.0,604.2,599.68
431.47,655.56,725.25,719.3,679.34,640.31,608.47,576.65,541.01,507.4,479.49,456.64
430.24,650.82,719.04,711.09,670.6,631.7,597.61,561.41,522.92,487.5,458.66,436.18
425.64,629.98,693.6,656.91,588.93,525.17,485.1,450.03,414.68,388.24,360.92,325.12
421.99,611.66,669.97,626.27,550.12,483.75,443.1,404.37,368.04,325.45,297.84,308.99
408.64,565.6,608.81,560.83,475.87,419.6,373.07,329.45,271.97,239.52,265.32,363.18
410.99,571.29,575.31,502.37,435.65,376.15,326.34,259.79,223.08,242.03,319.7,464.59
399.45,533.43,504.0,436.58,351.44,254.34,203.76,209.2,228.81,294.02,453.2,651.76
396.33,512.22,465.36,379.42,272.92,203.98,209.9,235.5,303.42,470.65,666.58,728.67
380.02,457.92,389.16,292.69,209.97,211.06,240.75,349.47,553.96,718.98,732.88,725.61
369.49,427.03,356.29,263.81,212.19,224.3,280.33,433.08,637.0,740.98,742.68,740.73
247.91,183.23,143.25,196.45,349.53,588.83,733.55,747.68,752.98,752.05,748.25,745.4
99.8,68.02,156.83,486.11,713.31,755.3,756.97,747.56,729.72,707.03,686.55,671.4
107.75,137.77,408.88,702.85,759.92,756.7,747.98,736.63,717.23,691.98,670.38,653.82
221.79,489.54,726.14,762.14,764.66,754.79,739.72,721.37,705.05,693.3,685.82,680.62
282.72,580.36,722.16,756.01,759.8,753.49,741.85,727.26,715.56,707.6,702.79,699.49
449.59,683.04,746.02,748.88,737.86,730.53,724.43,715.78,709.79,706.59,705.02,704.28
453.44,693.07,747.53,748.02,735.83,725.67,717.37,711.7,708.69,707.24,706.58,706.28
452.76,693.39,747.94,748.83,738.41,731.36,722.9,715.57,711.42,709.38,708.44,708.02
447.75,687.07,747.69,750.32,742.52,740.56,733.82,722.89,715.28,711.24,709.27,708.35
448.98,692.24,747.98,749.17,739.69,734.08,725.33,716.99,712.13,709.71,708.57,708.06
447.32,686.78,747.62,750.08,740.98,737.43,731.5,721.55,714.61,710.93,709.15,708.33
445.48,680.7,746.22,749.54,737.82,724.66,706.02,687.3,675.7,669.37,666.28,666.32
433.61,663.8,731.41,732.1,707.17,676.14,648.72,629.77,616.02,604.68,594.64,585.4
430.54,653.58,721.58,712.19,671.85,635.53,606.05,575.05,543.09,513.85,489.91,471.05
429.24,652.89,722.05,712.83,670.85,630.77,602.05,576.12,545.82,515.94,490.83,470.73
430.72,655.14,720.03,707.94,664.28,624.14,594.4,567.74,537.73,508.21,483.89,464.06
431.36,660.13,716.37,700.04,656.54,618.79,590.5,559.37,526.51,497.27,474.35,455.26
431.26,660.28,717.13,701.17,657.86,619.96,591.94,561.7,529.16,499.81,476.65,457.42
429.54,650.26,718.61,707.45,662.77,621.51,589.39,560.71,532.29,503.66,479.71,459.68
427.86,638.02,692.3,662.21,614.36,573.39,533.12,499.17,475.75,457.75,436.77,414.2
417.55,599.7,625.8,569.89,488.06,434.45,387.36,354.08,303.33,260.76,269.83,336.7
406.74,554.31,538.74,455.43,385.64,321.71,245.95,208.22,222.76,258.05,347.33,504.88
382.78,457.17,385.72,286.98,205.09,205.58,231.75,334.46,537.94,714.02,736.39,734.06
384.01,470.93,398.51,295.94,216.96,224.67,280.62,441.21,639.61,734.43,732.84,730.5
331.66,288.78,216.82,198.85,231.48,387.79,629.05,742.48,751.07,752.74,754.07,752.29
297.4,243.79,184.52,227.98,446.85,695.61,751.17,757.89,755.68,752.92,751.49,750.88
238.01,293.34,532.72,742.77,757.79,748.27,731.92,711.82,693.69,680.47,671.82,666.12
235.05,379.81,678.6,764.37,767.99,760.77,749.12,735.59,724.8,717.19,712.03,708.74
264.88,553.09,731.39,765.77,766.13,755.56,739.65,720.57,705.51,695.98,691.04,689.79
423.49,680.65,748.14,752.03,745.14,745.27,739.64,728.83,720.45,715.54,712.99,711.76
419.55,675.96,747.91,755.68,755.54,754.82,745.95,733.13,723.28,717.29,714.11,712.54
437.24,691.5,748.94,750.07,739.94,733.83,725.11,717.98,713.84,711.72,710.73,710.33
437.78,691.66,749.07,750.38,740.98,735.43,726.47,718.96,714.54,712.26,711.19,710.74
437.66,691.51,748.92,750.05,739.93,733.81,725.05,717.91,713.76,711.65,710.66,710.25
428.78,683.81,748.69,752.15,746.86,747.02,739.53,728.06,719.56,714.64,712.09,710.86
419.38,675.14,747.2,753.2,750.39,750.88,743.04,730.66,721.14,715.46,712.47,711.0
427.71,682.35,748.51,752.53,747.94,748.47,741.14,729.4,720.52,715.31,712.59,711.26
416.77,672.29,746.69,753.84,752.13,752.29,744.06,731.4,721.64,715.77,712.66,711.13
425.55,680.54,748.23,753.08,749.59,750.24,742.74,730.71,721.5,716.02,713.14,711.73
425.84,680.73,748.36,753.45,750.54,751.15,743.48,731.37,722.09,716.54,713.62,712.19
426.93,681.47,748.47,753.15,749.67,750.33,742.82,730.84,721.69,716.25,713.39,712.0
436.14,691.32,749.01,750.29,740.71,735.07,726.15,718.68,714.29,712.03,710.96,710.52
432.76,688.61,749.24,751.9,745.99,743.94,734.78,724.66,717.94,714.25,712.39,711.54
434.4,688.55,746.29,744.91,725.9,704.86,694.59,695.19,697.38,698.9,699.84,700.43
427.68,678.18,738.09,730.9,701.18,670.91,648.93,634.46,624.53,618.43,620.49,632.03
409.02,615.61,684.11,659.43,612.18,549.24,484.39,427.08,379.71,339.96,311.12,311.86
402.01,593.63,654.43,628.24,572.64,499.97,429.33,368.84,317.88,290.26,329.66,413.19
384.64,556.41,631.65,618.8,567.67,496.21,424.3,362.33,311.14,286.41,342.55,433.32
347.72,422.71,471.63,465.64,403.51,325.41,285.87,313.76,430.62,621.51,740.48,745.62
326.49,412.33,504.02,550.6,536.72,486.33,419.55,353.89,316.42,326.95,423.29,591.94
195.51,240.39,448.7,731.86,772.09,772.02,764.94,753.67,741.29,731.22,723.7,718.21
240.2,472.98,716.85,767.47,774.02,770.16,762.51,753.17,746.0,741.32,738.33,736.42
326.55,626.4,750.56,773.42,771.05,761.86,747.26,730.33,717.41,709.09,704.48,702.25
424.59,684.18,750.5,755.51,751.17,752.41,749.23,740.85,733.93,729.42,726.79,725.36
439.39,695.43,752.02,755.2,750.18,748.52,742.51,735.92,731.36,728.63,727.13,726.38
439.38,695.48,752.08,755.47,751.32,749.96,743.52,736.59,731.81,728.92,727.32,726.52
438.49,695.39,752.07,755.51,751.51,750.16,743.62,736.63,731.81,728.9,727.29,726.47
439.54,695.19,751.76,754.76,749.02,746.74,740.68,734.29,729.91,727.32,725.93,725.24
428.11,685.8,750.97,756.19,754.26,756.34,751.46,742.15,734.79,729.99,727.15,725.6
438.97,695.11,751.72,754.67,748.75,746.32,740.29,733.96,729.64,727.09,725.72,725.05
432.17,691.6,751.47,755.3,751.3,751.15,745.14,737.17,731.38,727.8,725.78,724.73
430.74,689.75,751.63,756.17,754.06,755.4,749.76,740.84,734.08,729.75,727.23,725.87
428.96,686.77,751.25,756.49,755.06,757.11,751.97,742.64,735.32,730.55,727.72,726.17
428.51,686.09,751.17,756.69,755.69,757.81,752.6,743.18,735.77,730.93,728.05,726.47
433.88,692.59,751.98,756.34,754.33,754.66,748.18,739.85,733.85,730.07,727.9,726.74
439.28,695.32,751.91,755.09,750.07,748.28,742.05,735.41,730.83,728.1,726.61,725.87
435.32,693.57,752.14,756.27,754.02,753.96,747.32,739.3,733.59,730.03,728.0,726.93
436.52,693.01,749.79,751.12,738.26,724.02,716.65,715.71,716.0,716.36,716.68,716.95
428.25,681.22,740.27,735.41,709.16,680.62,659.56,645.99,637.38,631.9,630.27,637.5
416.3,642.16,711.89,691.62,649.85,604.98,554.95,504.65,459.06,423.42,394.17,367.58
402.32,590.54,641.61,610.39,549.23,475.62,406.12,345.28,293.16,278.13,350.45,454.37
376.06,495.2,517.77,485.65,407.98,315.37,267.35,321.31,448.81,627.57,732.73,736.32
364.55,461.87,496.58,483.7,417.64,328.87,281.32,307.68,420.76,589.82,727.01,735.41
269.36,244.79,237.18,324.61,553.05,740.6,758.2,763.92,764.7,762.9,761.65,761.1
166.93,280.05,572.72,743.0,765.34,763.95,759.76,755.54,750.84,746.61,743.52,741.06
218.72,511.68,723.47,769.35,777.26,776.85,772.89,766.37,758.95,753.58,750.16,748.0
330.24,612.38,742.61,772.57,773.68,768.25,759.35,749.11,741.47,736.53,733.42,731.46
444.61,676.84,750.67,766.16,765.3,759.32,747.95,733.54,722.67,716.48,713.35,711.86
454.76,691.87,748.69,750.85,743.74,741.57,733.48,722.92,715.99,712.34,710.57,709.75
452.26,693.64,748.75,750.45,743.35,739.71,730.21,720.48,714.57,711.55,710.1,709.44
448.41,686.96,748.36,752.23,748.19,747.96,740.04,727.62,718.64,713.71,711.26,710.11
452.15,693.68,748.39,749.59,740.68,735.52,726.34,717.76,712.76,710.23,709.02,708.48
448.81,693.41,748.71,750.58,744.07,740.18,730.11,720.34,714.5,711.52,710.1,709.45
449.25,693.36,748.52,750.07,742.51,738.11,728.31,719.02,713.55,710.78,709.45,708.85
446.58,688.63,748.35,750.65,742.7,740.57,733.59,722.96,715.68,711.8,709.89,709.01
446.46,689.12,747.56,748.41,735.09,718.7,697.56,681.46,672.24,667.4,665.82,670.13
434.46,665.35,736.21,740.81,724.74,706.13,682.1,660.7,646.7,638.21,632.89,629.39
425.3,646.18,725.23,723.88,697.13,665.99,634.85,607.66,580.57,553.08,526.99,504.77
420.44,640.24,723.34,722.01,692.04,659.96,630.21,602.18,571.73,540.89,512.45,489.07
430.32,654.96,723.29,714.29,673.5,634.32,606.92,580.24,549.17,518.91,493.16,472.39
432.15,662.32,718.07,702.22,660.39,625.15,596.27,563.44,530.13,500.46,476.83,457.03
431.6,660.73,719.4,704.61,662.07,624.67,597.4,567.3,534.58,504.6,480.38,460.23
431.75,660.55,716.53,699.92,657.03,621.01,591.28,556.94,522.8,493.06,469.62,449.77
421.39,616.66,656.15,609.58,543.61,486.78,439.44,397.0,352.54,297.29,267.44,283.45
408.7,573.24,571.38,483.98,397.7,305.33,228.64,224.47,268.01,350.87,470.56,650.03
381.29,466.52,398.7,302.0,223.61,231.03,300.44,475.16,667.19,738.25,737.42,736.62
220.29,156.24,128.65,237.27,497.09,712.45,749.21,749.85,745.31,741.43,739.12,737.89
214.25,147.46,139.33,339.1,645.84,752.71,764.01,763.9,769.27,776.07,778.66,779.32
134.48,185.65,468.91,721.28,761.49,762.17,761.44,758.94,749.11,735.69,723.92,714.66
202.19,498.49,719.06,766.5,773.18,771.24,765.15,755.91,746.95,740.34,735.82,732.81
353.94,646.82,760.69,779.89,779.71,774.7,766.38,757.09,750.37,746.08,743.37,741.62
453.52,684.98,747.66,751.81,746.21,745.97,739.43,727.67,718.93,714.1,711.7,710.54
450.72,684.12,747.79,754.12,753.33,752.24,743.1,729.65,719.71,714.18,711.41,710.07
452.57,691.6,748.52,750.66,743.6,741.13,732.59,722.05,715.27,711.72,709.99,709.16
452.75,694.01,748.81,750.6,743.92,740.28,730.64,720.92,715.04,712.04,710.6,709.92
454.05,694.07,748.33,749.47,740.8,735.39,726.0,717.72,712.97,710.6,709.48,708.96
449.51,693.54,748.69,750.48,743.7,739.76,729.92,720.3,714.56,711.63,710.23,709.57
449.48,693.35,748.38,748.93,735.87,719.74,703.52,700.48,703.43,705.77,707.04,707.66
449.4,692.8,748.04,748.48,735.01,717.69,696.72,683.3,682.93,691.91,699.51,703.58
445.82,688.5,746.31,746.54,731.33,711.69,689.96,675.41,667.12,662.62,660.33,659.83
440.09,673.39,740.35,743.02,726.89,708.31,684.9,665.35,652.87,645.62,641.45,638.97
436.8,674.45,734.83,728.39,695.88,663.25,640.21,624.87,613.47,603.99,595.62,587.96
432.46,659.8,728.94,726.27,692.88,656.24,627.69,604.48,582.1,559.87,538.64,520.19
430.58,654.91,723.97,717.76,680.82,642.83,611.15,580.08,548.17,518.33,493.11,472.89
433.35,661.56,719.36,706.87,665.33,626.63,592.6,557.27,523.6,494.39,471.47,452.17
430.07,651.39,719.04,708.9,668.08,629.28,594.18,557.06,521.7,491.1,466.91,446.45
411.13,577.64,607.96,548.52,464.6,382.31,307.1,249.42,238.91,286.46,377.51,508.5
397.59,533.49,563.35,497.71,428.98,341.71,250.94,225.13,250.12,320.55,438.78,611.35
310.0,340.31,309.62,234.12,211.9,232.64,352.65,569.24,725.7,744.56,744.81,744.31
367.1,447.12,410.68,331.07,247.34,235.82,297.75,436.86,609.81,727.02,730.18,728.23
301.86,238.83,169.22,204.09,366.99,627.03,741.12,752.06,756.86,755.01,752.18,750.61
223.69,167.19,169.63,371.48,671.68,758.0,774.69,778.07,777.75,777.5,777.43,777.42
198.1,209.87,382.68,693.33,769.42,764.17,751.19,735.03,720.13,707.76,698.58,692.32
187.85,409.92,704.74,763.9,772.69,774.91,773.54,768.9,762.85,758.25,755.25,753.32
326.88,620.83,748.07,775.33,776.95,771.76,762.97,752.92,745.47,740.66,737.61,735.68
347.28,644.27,759.77,780.0,779.95,774.98,766.78,757.7,751.19,747.09,744.52,742.86
348.09,644.86,760.01,779.99,779.92,774.97,766.78,757.7,751.19,747.05,744.29,741.39
411.22,678.55,768.47,782.18,781.62,776.98,769.05,760.4,754.24,749.74,743.83,737.18
455.07,690.86,748.49,750.63,742.57,739.84,732.82,722.67,715.75,711.37,705.99,700.02
454.21,693.9,748.32,749.32,739.31,732.78,724.31,716.7,712.21,709.24,704.59,698.97
453.35,693.7,748.18,749.14,739.08,732.41,723.83,716.34,711.95,709.05,704.43,698.84
451.91,693.66,748.3,749.39,739.79,733.73,725.0,717.11,712.44,709.39,704.69,699.05
450.93,693.5,748.22,749.25,739.35,732.92,724.19,716.5,711.99,709.01,704.35,698.74
447.82,692.3,748.14,748.81,735.93,721.03,708.72,706.08,706.32,706.01,702.68,697.73
446.02,687.22,745.64,746.2,731.15,711.5,689.84,675.5,667.32,662.2,656.39,650.63
432.9,664.26,723.76,712.7,672.38,634.88,604.09,573.72,543.18,514.61,487.94,462.76
430.76,653.4,723.12,717.7,679.87,641.42,609.51,578.2,546.18,515.83,487.17,460.02
429.21,645.45,699.41,671.82,626.39,585.83,543.71,506.46,476.33,451.63,429.01,410.07
423.58,620.57,665.4,618.75,547.65,486.6,437.01,387.55,344.87,310.27,295.12,325.22
417.31,593.15,633.2,582.6,497.32,443.41,398.32,360.64,301.85,259.66,262.27,340.23
408.28,562.23,586.47,520.04,442.41,375.54,316.98,238.28,218.44,232.9,289.28,383.08
397.2,531.51,558.64,489.77,421.04,351.62,281.13,217.1,218.71,243.58,305.06,405.79
335.78,385.56,384.3,331.13,245.39,201.11,206.23,224.34,312.08,493.73,687.93,728.1
265.57,258.84,217.47,195.74,211.16,243.95,334.94,501.77,709.09,742.95,746.42,747.84
285.52,299.79,277.88,209.1,204.81,232.05,318.71,479.43,671.4,740.51,745.47,744.23
283.35,221.82,154.98,180.58,282.1,499.97,701.72,745.67,750.42,747.94,742.73,738.98
238.11,172.96,139.71,226.59,461.75,697.96,746.71,750.89,745.87,740.59,737.25,735.39
148.78,100.96,176.85,518.19,731.83,762.59,763.41,754.95,739.79,721.31,704.33,691.0
90.65,153.83,517.13,735.27,763.52,762.06,756.52,747.85,732.67,714.42,699.24,688.34
333.67,614.35,742.04,770.41,770.69,764.46,754.5,742.73,733.57,727.34,723.27,720.77
352.54,650.17,761.82,780.69,780.61,775.75,767.67,758.8,752.5,748.55,746.1,744.53
429.69,681.32,765.98,781.61,781.71,777.21,769.46,761.09,755.29,751.76,749.63,748.31
455.74,690.45,749.38,753.21,750.33,750.17,742.17,730.1,721.31,716.41,713.95,712.76
454.73,694.82,749.67,752.72,749.59,746.95,736.81,725.9,718.92,715.23,713.42,712.57
454.63,694.76,749.5,752.21,748.31,745.34,735.2,724.73,718.17,714.74,713.07,712.28
454.82,694.89,749.23,751.59,746.89,743.21,732.92,723.05,717.08,714.0,712.51,711.81
449.3,693.86,749.49,752.7,749.69,746.56,735.97,725.0,718.1,714.47,712.69,711.85
448.43,691.65,749.49,753.46,751.42,749.64,739.82,727.86,719.77,715.39,713.22,712.18
449.98,694.15,749.23,750.96,743.65,740.11,731.49,722.31,716.65,713.72,712.29,711.63
446.9,683.91,747.86,750.92,739.85,727.4,709.4,690.84,679.41,673.96,675.4,686.27
442.07,682.27,742.65,741.86,721.62,696.1,674.02,659.74,651.39,646.71,644.06,642.54
437.87,675.16,729.72,716.59,678.38,642.7,614.54,588.62,562.27,536.77,513.96,495.79
432.8,661.44,728.32,718.19,677.02,638.37,606.4,574.84,543.01,513.7,489.47,469.98
435.49,666.95,723.24,707.85,666.3,627.94,594.2,559.46,526.27,497.28,474.58,455.66
429.98,637.64,688.17,645.11,570.3,500.9,458.37,422.95,397.87,370.72,329.13,302.35
424.91,622.51,666.47,622.3,539.06,475.04,422.41,379.52,338.79,302.97,292.47,334.53
414.92,589.51,603.06,527.3,447.08,356.88,274.91,231.4,245.33,327.43,474.73,673.79
381.3,476.2,448.56,365.57,261.31,218.8,236.09,304.03,440.77,614.95,732.12,738.39
197.86,161.3,147.72,195.95,269.66,442.99,682.68,745.7,753.61,759.35,760.36,758.23
197.99,176.52,199.34,348.51,569.02,727.95,725.9,706.25,678.56,653.37,633.97,616.94
85.64,76.38,216.65,577.97,739.42,752.6,748.08,734.93,712.97,686.21,663.8,646.86
153.94,203.63,477.54,742.79,773.82,769.45,758.09,744.42,732.48,721.61,709.25,700.35
254.64,547.99,727.77,763.34,765.92,756.89,742.99,726.27,711.55,699.59,688.07,680.3
447.81,683.26,746.4,749.28,738.17,730.33,724.07,715.73,709.9,706.69,704.89,702.85
452.33,691.79,748.01,749.13,737.96,730.03,722.06,714.86,710.62,708.45,707.4,706.89
449.75,692.96,748.85,750.75,743.89,740.45,731.11,721.33,715.31,712.18,710.66,709.93
448.12,692.09,749.09,751.76,746.96,744.64,735.06,724.18,717.19,713.5,711.69,710.81
449.18,693.88,749.17,751.52,746.4,743.05,732.99,722.88,716.68,713.45,711.88,711.13
448.77,693.87,749.05,750.49,741.9,737.22,728.95,720.54,715.45,712.84,711.59,710.99
446.32,689.12,747.98,749.17,736.42,720.5,699.67,683.53,674.32,669.46,667.51,669.96
433.79,665.97,735.23,739.08,722.23,701.18,675.51,654.6,641.2,632.73,627.01,622.91
432.22,659.23,726.27,720.97,688.27,652.72,624.68,600.8,577.09,553.59,531.44,512.71
432.9,664.15,721.62,710.66,671.0,633.56,602.25,570.83,539.43,510.95,487.71,469.24
430.02,655.4,724.61,718.68,682.58,645.02,613.96,583.95,552.9,523.44,497.97,477.6
427.51,651.56,724.9,718.74,682.57,646.92,617.92,589.14,558.49,528.87,502.74,481.75
432.27,662.43,718.54,704.81,666.24,630.25,598.4,565.03,532.16,502.89,479.5,460.24
430.28,648.19,706.11,688.63,645.47,608.51,570.2,529.95,495.54,468.44,446.4,430.64
420.71,611.38,646.26,595.22,516.62,458.91,399.24,346.32,290.28,259.13,289.93,394.43
398.38,538.22,531.5,454.3,350.55,249.54,223.05,247.45,325.11,462.86,660.66,743.16
397.1,526.84,501.56,421.95,312.07,217.83,219.28,256.92,353.52,536.71,722.83,744.13
391.84,512.9,480.94,399.14,291.42,219.11,231.4,295.45,425.51,592.19,724.19,731.22
385.69,504.22,474.49,392.42,290.96,230.54,246.98,332.66,483.46,664.16,736.83,738.67
333.16,300.41,232.51,207.34,236.05,382.28,621.15,741.48,749.11,750.15,752.14,751.13
277.76,221.08,173.14,253.4,520.62,722.88,754.82,757.02,754.98,753.33,752.64,753.03
235.16,291.64,526.52,742.69,759.86,751.26,736.16,717.7,701.02,688.32,679.94,674.58
231.9,435.86,711.77,769.51,772.87,767.77,759.02,748.52,740.35,734.82,731.18,728.79
303.17,606.42,744.89,771.02,771.16,761.87,746.76,729.26,715.9,707.34,702.64,700.26
421.06,682.41,750.34,757.55,758.66,759.8,753.19,742.72,734.53,729.18,726.01,724.3
427.1,683.73,750.43,756.95,757.17,758.76,752.61,742.38,734.34,729.09,726.0,724.33
436.67,692.55,751.55,755.56,752.83,752.63,745.54,736.85,730.64,726.81,724.68,723.58
440.95,695.06,751.64,754.96,750.86,749.11,741.78,734.23,729.08,726.03,724.39,723.57
441.24,695.03,751.61,754.91,750.75,748.9,741.52,734.02,728.92,725.91,724.28,723.48
429.61,684.76,750.67,756.96,757.16,758.68,752.43,742.17,734.14,728.91,725.83,724.17
429.45,684.8,750.43,755.91,754.39,756.2,750.52,740.47,732.53,727.39,724.41,722.81
428.2,683.89,750.44,756.84,756.98,758.51,752.28,741.99,733.91,728.65,725.55,723.88
428.69,684.18,750.67,757.54,758.56,759.78,753.24,742.88,734.8,729.52,726.4,724.71
431.56,687.06,750.91,755.93,754.26,755.93,750.11,740.22,732.51,727.55,724.67,723.14
414.38,671.42,748.23,760.03,763.19,762.21,754.24,743.02,734.29,728.57,725.17,723.32
430.57,685.48,750.92,757.24,757.71,759.18,752.86,742.66,734.69,729.5,726.44,724.77
434.02,689.73,751.68,756.94,756.75,757.84,751.19,741.37,733.94,729.16,726.38,724.88
435.9,692.57,749.96,751.61,740.47,731.5,725.28,721.15,718.79,717.58,717.03,716.83
429.19,680.39,739.44,733.87,706.48,677.18,655.63,641.55,632.23,625.88,623.39,630.04
422.85,666.57,730.48,719.66,685.38,651.14,623.97,600.02,575.58,550.68,526.45,504.91
405.87,606.72,674.39,649.63,599.75,531.5,462.9,403.69,356.91,317.99,301.47,352.23
404.32,605.4,674.71,648.96,597.78,527.61,456.97,395.55,348.89,311.55,296.08,354.08
380.66,530.11,592.18,583.56,531.44,458.3,380.87,314.92,280.0,328.11,426.64,575.67
335.4,390.53,414.02,387.47,333.38,291.13,303.02,413.44,601.77,739.3,745.36,745.63
272.46,255.24,257.48,332.25,513.35,698.19,717.45,723.05,736.42,744.44,748.37,750.37
211.64,306.27,566.32,756.81,770.36,766.51,757.5,746.28,736.97,730.34,725.79,722.71
143.28,355.47,672.57,756.5,768.79,772.53,770.87,763.13,753.01,745.38,740.34,737.15
343.26,619.53,744.85,771.78,771.84,766.13,756.89,746.05,737.77,732.26,728.72,726.5
450.46,683.88,747.17,751.63,746.94,746.72,739.02,726.39,717.15,712.06,709.53,708.33
452.13,692.5,748.36,750.01,742.38,738.56,728.86,719.04,713.11,710.09,708.64,707.99
448.39,691.51,748.55,751.07,745.88,742.76,732.27,721.3,714.54,711.05,709.37,708.6
446.88,689.52,748.51,751.81,747.82,745.94,736.0,723.96,716.03,711.84,709.8,708.86
445.46,683.61,747.46,751.63,747.12,746.76,738.68,725.95,716.75,711.7,709.2,708.01
442.93,682.16,746.88,750.3,740.8,737.06,731.74,721.76,714.49,710.56,708.62,707.73
443.71,690.0,745.38,743.93,724.94,700.79,679.5,665.96,658.42,656.48,663.8,676.69
438.8,683.78,739.85,734.26,706.26,676.61,655.29,642.04,633.92,628.63,625.0,622.41
430.56,658.48,729.89,724.15,686.69,648.57,618.39,591.22,563.39,536.35,511.99,492.5
427.35,654.18,726.63,722.4,685.32,646.83,615.34,585.45,554.45,524.77,498.84,478.03
428.95,652.99,722.59,714.0,675.64,638.55,606.41,572.77,538.38,506.74,480.51,458.75
428.37,652.87,722.66,713.26,671.8,632.58,604.43,574.9,541.41,509.62,482.95,460.86
430.25,658.9,719.52,705.13,662.92,626.27,597.18,563.71,529.05,497.81,472.5,451.3
430.57,660.62,718.01,702.39,661.7,626.43,594.36,558.6,523.59,492.7,467.92,447.21
430.34,656.35,713.51,696.37,653.83,617.36,581.75,542.28,506.29,476.32,452.24,433.42
422.99,620.59,664.54,619.13,544.87,486.12,444.78,414.28,392.16,354.47,303.15,290.19
408.66,564.47,566.4,488.26,419.55,337.56,255.43,231.54,282.76,404.57,590.95,731.47
388.32,485.76,435.0,343.94,246.22,224.78,264.41,364.92,519.61,703.17,738.1,738.3
381.45,468.71,421.18,336.69,250.51,235.89,296.94,427.99,598.75,729.1,735.04,733.99
331.54,289.86,224.81,214.73,276.16,493.65,700.47,745.55,746.4,745.5,741.5,738.15
166.57,112.6,169.09,486.22,729.62,771.0,771.35,762.66,752.05,750.31,759.73,767.43
161.32,168.55,384.18,710.48,774.93,777.61,774.36,767.29,756.33,745.76,737.79,731.85
219.4,510.99,724.64,770.29,777.15,776.28,771.56,764.44,756.92,751.64,748.23,746.04
346.7,643.1,759.57,780.67,780.77,775.9,767.9,759.15,752.97,749.13,746.77,745.3
454.22,687.51,748.54,752.15,746.51,746.33,740.0,728.55,720.01,715.26,712.88,711.75
451.74,684.63,747.8,752.88,749.96,749.87,742.01,729.34,719.91,714.63,711.98,710.71
452.44,694.09,748.83,750.48,743.2,739.2,729.75,720.37,714.72,711.82,710.42,709.78
450.36,693.71,748.65,750.22,742.63,738.2,728.59,719.44,714.01,711.24,709.9,709.29
449.38,693.49,748.53,750.0,742.02,737.24,727.64,718.72,713.47,710.8,709.52,708.93
449.32,693.76,748.95,751.0,745.03,741.39,731.42,721.55,715.57,712.5,711.01,710.32
447.98,693.58,748.76,749.5,737.08,722.96,711.62,708.88,708.85,709.06,709.23,709.35
443.69,677.69,744.93,749.15,737.19,723.91,704.91,685.94,673.98,667.28,663.7,661.9
435.35,667.16,734.17,736.6,716.55,690.8,663.8,644.25,631.57,622.78,616.11,610.77
423.69,644.79,725.32,724.9,699.26,670.09,639.14,611.99,585.37,558.08,531.82,508.87
431.94,661.37,721.73,710.7,672.76,636.13,605.04,573.54,541.68,512.44,488.31,468.86
426.86,649.25,725.05,720.33,686.67,651.5,621.42,592.47,561.81,531.93,505.24,483.75
432.07,663.13,720.24,707.36,669.29,633.17,601.78,569.37,536.97,507.62,483.79,464.27
431.58,659.92,721.56,709.34,669.67,634.43,604.68,573.18,540.96,511.4,487.07,467.33
430.82,658.4,718.48,703.97,661.25,624.82,595.79,562.74,529.15,499.38,475.87,456.28
424.58,624.96,691.57,660.9,606.55,560.68,517.66,485.19,459.44,431.01,403.05,372.24
411.79,579.44,587.05,511.7,442.29,375.24,305.77,240.72,240.6,306.52,437.4,625.38
396.14,523.58,490.89,409.22,301.91,218.56,226.7,279.72,400.02,576.49,730.69,743.68
361.68,370.87,291.83,216.53,221.79,289.17,478.12,689.66,748.32,748.75,750.33,750.71
309.66,249.94,179.63,209.7,371.16,628.32,741.43,752.17,755.67,753.67,750.87,749.27
190.41,132.88,158.88,434.05,718.86,779.02,784.18,781.05,778.1,777.05,776.78,776.73
174.99,201.56,414.08,720.51,774.7,776.44,771.73,762.69,750.59,740.1,732.11,726.05
221.69,528.43,727.52,771.63,777.57,776.49,771.64,764.4,756.75,751.43,748.04,745.9
405.85,679.71,769.88,783.55,783.28,778.86,771.37,763.48,758.19,755.09,753.27,752.2
410.11,679.91,769.32,783.11,782.89,778.49,770.95,762.98,757.61,754.44,752.57,751.44
390.06,673.78,768.29,783.36,783.32,779.02,771.62,763.8,758.59,755.54,753.68,751.87
449.1,685.41,749.0,755.87,756.41,756.12,747.97,735.63,726.03,720.28,717.13,714.85
451.36,694.93,749.67,751.71,744.91,741.41,733.05,724.39,718.94,716.02,714.46,713.0
449.84,694.58,749.58,751.69,745.21,741.61,732.87,724.17,718.75,715.86,714.31,712.86
450.67,694.65,749.28,751.03,743.44,738.79,730.15,722.2,717.41,714.89,713.55,712.21
453.91,694.57,747.07,747.32,735.45,725.6,717.98,713.41,711.06,709.9,709.27,708.3
448.87,693.93,748.86,750.3,741.4,735.45,726.88,719.59,715.34,713.12,711.94,710.68
445.46,692.87,748.35,749.35,738.27,729.67,721.53,715.62,712.31,710.62,709.71,708.58
440.94,685.0,740.03,734.27,706.76,677.2,656.26,643.33,636.54,638.12,649.25,660.36
443.3,689.14,744.14,741.57,720.05,693.62,675.21,670.95,677.8,684.92,689.21,690.89
436.85,679.07,735.92,727.45,695.64,663.66,640.99,625.27,613.03,602.51,593.69,589.72
430.97,659.99,732.27,725.78,689.83,652.75,623.29,597.31,570.86,544.58,519.87,498.48
428.81,658.31,729.01,720.16,680.53,641.98,609.97,578.85,547.26,517.84,492.83,472.39
427.46,651.51,717.5,703.54,659.98,619.7,582.12,543.48,509.21,481.1,459.46,442.81
419.95,620.43,690.21,658.68,586.1,511.43,466.55,430.82,403.85,374.49,333.36,312.27
408.5,575.29,621.23,573.26,486.78,413.48,338.02,275.87,252.15,299.92,421.97,607.53
363.42,477.65,482.71,415.11,310.65,228.95,235.74,302.49,443.2,632.54,740.55,745.84
309.36,279.05,221.34,201.47,225.36,345.33,586.42,737.13,750.67,752.05,754.02,754.14
291.32,241.96,184.03,204.41,344.1,609.8,739.09,746.1,747.0,745.31,741.34,738.33
365.5,561.12,692.35,690.21,645.66,594.0,533.05,471.9,417.91,374.96,345.71,327.07
231.91,322.4,600.07,755.64,763.38,754.94,741.28,725.45,712.22,702.4,695.76,691.66
173.7,318.12,639.03,758.44,775.09,777.51,775.74,769.38,759.92,752.13,746.83,743.34
200.54,517.83,718.74,765.6,771.56,768.72,761.29,750.16,740.07,732.83,728.03,724.96
341.27,621.21,746.56,767.99,766.54,760.03,748.94,735.46,724.93,717.93,713.73,711.44
358.91,661.7,764.84,781.18,780.83,776.1,768.01,759.06,752.69,748.71,746.22,744.62
437.09,672.73,749.77,767.0,767.9,762.72,752.21,738.95,728.61,722.19,718.71,716.91
455.47,693.59,747.99,749.05,739.49,733.56,724.86,716.84,712.22,709.93,708.86,708.37
454.76,693.5,747.92,748.91,739.17,732.94,724.21,716.44,712.02,709.85,708.84,708.37
454.17,693.4,747.8,748.74,738.95,732.55,723.75,716.12,711.82,709.7,708.73,708.28
454.85,693.41,746.67,746.85,735.14,725.85,717.26,711.65,708.77,707.41,706.81,706.54
454.03,693.22,747.38,747.98,737.05,729.06,720.39,713.75,710.15,708.41,707.62,707.25
453.95,693.28,747.64,748.44,738.16,731.12,722.39,715.14,711.12,709.15,708.25,707.83
451.39,693.21,747.92,749.0,739.53,733.6,724.68,716.65,712.06,709.79,708.73,708.24
450.03,692.96,747.84,748.89,739.32,733.23,724.2,716.23,711.7,709.46,708.41,707.93
447.19,685.1,747.11,749.96,741.51,738.99,732.73,721.96,714.38,710.33,708.36,707.42
444.79,688.66,743.11,740.1,717.82,690.7,670.32,659.13,659.71,669.81,679.08,684.62
435.68,673.54,730.46,718.31,680.4,644.95,617.98,594.62,571.58,549.25,528.72,512.0
425.48,631.43,689.1,652.04,582.23,514.01,473.41,440.12,413.22,390.04,355.97,319.73
416.28,599.51,633.92,580.96,501.73,452.02,414.22,386.56,352.87,314.2,296.01,318.94
402.35,548.04,597.09,546.39,463.13,408.74,375.59,341.84,288.82,259.3,275.93,314.0
402.2,545.71,575.33,510.88,439.36,387.19,357.32,316.9,271.42,268.12,284.71,311.9
382.87,464.09,436.57,383.79,312.33,229.54,206.67,222.42,278.67,409.8,600.65,708.3
278.61,262.06,213.94,172.77,175.04,205.26,268.29,420.24,635.82,721.0,728.7,732.5
316.75,256.54,179.96,198.4,312.39,547.65,726.19,747.6,750.47,748.9,744.7,741.51
282.79,221.75,163.89,209.53,406.6,663.69,744.66,753.1,753.43,748.9,745.36,743.42
169.02,120.53,176.91,489.72,726.74,770.04,769.94,761.45,755.19,760.12,767.01,770.01
193.82,264.64,564.25,757.84,772.26,767.67,757.34,744.63,733.71,725.12,718.52,713.76
291.94,595.19,741.17,768.52,768.51,758.25,741.92,723.18,708.85,699.94,695.11,692.66
336.38,636.84,751.42,772.53,768.69,759.32,744.29,726.68,713.44,705.38,701.1,698.97
436.01,680.03,750.74,764.57,767.44,764.06,754.92,743.1,733.89,727.92,724.5,722.67
445.64,695.77,751.29,754.93,752.6,751.03,742.73,733.69,727.49,723.88,721.94,720.96
446.08,695.67,751.3,755.18,753.43,751.56,742.91,733.78,727.55,723.92,721.98,721.0
447.19,696.26,751.06,754.6,752.06,749.19,740.3,731.84,726.29,723.14,721.47,720.65
445.72,695.61,751.36,755.4,753.98,752.16,743.45,734.18,727.81,724.09,722.1,721.08
446.6,695.91,751.15,754.8,752.52,750.06,741.26,732.54,726.72,723.39,721.62,720.73
444.79,693.16,751.17,755.51,754.14,753.96,746.33,736.38,729.11,724.72,722.32,721.08
405.14,662.97,754.35,772.1,771.26,765.46,755.41,743.2,733.77,727.64,724.11,722.19
432.13,679.28,750.54,763.76,766.54,763.24,754.0,741.97,732.6,726.55,723.11,721.25
432.31,677.96,750.89,765.58,767.84,763.87,754.39,742.3,732.9,726.82,723.36,721.48
442.63,690.49,750.35,753.27,745.15,740.25,736.15,729.25,723.99,720.92,719.3,718.46
434.99,684.69,743.84,741.95,720.28,693.28,671.69,657.78,649.53,644.81,642.68,645.38
431.43,676.94,735.33,726.87,694.98,662.44,638.78,621.49,606.98,593.47,580.37,567.5
429.65,667.86,728.6,716.44,680.03,644.61,615.7,588.48,560.38,533.04,508.13,487.74
419.02,631.7,685.35,652.13,603.41,555.58,509.84,470.53,440.42,417.21,388.57,346.53
420.19,638.34,705.36,688.6,648.74,608.44,566.71,525.15,488.77,460.14,439.47,424.98
388.0,545.04,578.55,506.32,424.56,333.1,264.33,258.27,347.21,506.51,708.29,749.36
347.15,389.39,348.76,264.63,227.45,244.71,331.69,516.78,709.91,747.23,746.91,747.08
119.13,82.76,173.7,517.47,726.15,757.31,758.61,749.65,732.9,711.54,691.97,677.23
108.2,135.21,401.48,701.42,759.9,756.6,747.8,736.39,716.89,691.54,669.83,652.91
172.22,339.08,691.03,764.67,773.87,768.19,756.51,742.85,731.42,722.48,715.49,709.45
297.84,589.87,725.15,758.41,761.21,753.49,740.49,724.75,712.1,703.59,698.48,694.68
450.57,683.43,746.18,748.88,737.42,728.56,721.81,714.11,708.95,706.22,704.88,704.24
452.34,684.12,746.65,749.59,739.61,734.69,729.07,719.42,712.57,708.91,707.11,706.25
452.54,691.76,748.0,749.35,739.69,734.4,726.28,717.61,712.37,709.71,708.45,707.86
450.05,691.25,748.12,749.87,741.68,738.02,729.45,719.73,713.72,710.64,709.17,708.49
450.77,693.25,748.09,749.22,739.88,734.15,725.18,717.02,712.33,710.0,708.91,708.4
446.35,683.2,746.98,750.64,743.12,741.56,735.49,724.33,716.22,711.83,709.67,708.65
446.91,682.73,746.84,749.99,738.52,725.57,707.17,688.57,677.49,674.3,681.83,693.31
436.49,667.46,734.98,737.45,717.55,692.95,666.65,647.11,634.75,626.71,621.05,616.85
420.01,640.02,723.23,722.54,694.49,663.31,631.81,603.0,573.28,543.52,516.04,493.49
403.07,619.3,705.04,695.99,658.92,631.22,607.22,580.11,548.89,518.91,493.73,473.42
423.41,641.55,722.71,720.22,687.32,650.23,618.18,593.5,565.59,535.13,507.08,484.46
427.27,648.25,723.34,717.2,679.0,638.61,606.79,580.67,555.76,528.14,501.86,480.31
429.31,653.18,722.23,713.03,671.12,630.47,599.18,570.93,543.98,521.23,501.04,481.46
431.83,660.29,716.18,699.69,655.88,616.54,584.79,554.66,528.14,504.42,482.41,462.64
431.1,658.0,714.42,697.32,652.66,612.83,579.88,548.41,521.45,497.25,475.4,455.76
420.4,613.74,662.62,615.6,543.64,489.62,457.87,427.46,407.73,388.44,361.73,330.93
408.86,564.2,559.03,476.9,412.93,355.31,299.91,238.84,232.91,258.93,326.73,471.5
390.16,489.59,429.67,365.19,296.95,212.0,201.48,219.01,278.9,422.46,606.3,710.42
366.07,428.9,363.04,270.39,211.51,223.12,281.99,446.93,646.68,736.12,734.04,731.57
226.34,166.74,133.67,204.44,403.94,656.96,743.59,753.02,753.68,749.4,746.08,744.28
153.39,94.68,145.48,455.33,720.75,772.49,775.47,768.5,757.3,746.58,738.63,732.82
183.05,229.44,467.87,740.19,774.95,772.82,764.25,751.66,739.03,728.85,720.87,714.84
169.28,430.24,706.92,765.39,773.08,771.97,765.5,755.13,745.76,739.1,734.66,731.77
335.91,615.05,743.95,769.36,768.65,762.33,751.97,739.55,729.92,723.52,719.44,716.67
440.67,671.92,747.94,764.12,763.86,758.04,746.47,731.73,720.72,714.5,711.32,709.35
453.39,684.39,746.98,750.46,742.6,740.72,734.68,723.62,715.61,711.29,709.12,707.65
453.47,693.44,747.89,748.79,738.48,731.61,722.85,715.35,711.12,709.03,707.99,707.07
450.07,692.49,748.0,749.28,740.28,735.04,725.88,717.22,712.19,709.67,708.41,707.34
450.68,693.01,747.64,748.02,734.82,721.15,712.0,708.61,707.36,706.83,706.54,705.79
446.11,683.46,746.92,749.44,737.45,724.07,705.11,686.52,675.06,668.93,667.03,671.97
442.86,676.82,743.82,747.19,734.02,719.48,699.29,680.29,668.22,661.33,657.43,654.34
432.54,662.77,733.02,735.36,714.12,687.38,659.44,638.94,624.94,614.32,605.36,596.72
432.08,658.6,725.22,719.67,683.39,646.13,617.06,591.11,564.88,539.67,517.09,499.32
430.23,654.2,722.86,715.02,677.41,640.66,609.87,579.11,547.59,518.35,493.91,474.67
429.7,653.42,722.32,713.33,672.65,635.9,607.06,576.12,543.6,513.56,488.79,468.89
428.24,652.02,722.87,714.41,673.29,633.83,605.98,578.8,547.44,517.18,491.75,471.35
428.42,652.2,722.28,713.31,671.31,630.64,599.51,572.73,547.06,519.35,494.08,473.21
428.53,649.7,719.53,709.51,665.4,624.0,591.14,560.05,530.94,507.66,489.0,470.04
426.0,631.95,681.98,641.01,580.17,529.6,491.27,461.44,435.06,417.33,405.09,381.73
408.68,562.57,554.77,470.46,403.4,337.87,268.03,211.51,220.7,250.34,352.87,522.22
400.25,531.01,495.88,427.08,348.38,272.6,200.69,204.86,227.01,291.06,440.39,633.26
383.97,462.17,397.02,304.05,212.9,207.19,231.66,324.68,520.59,701.27,731.52,728.83
383.18,464.12,398.46,305.49,216.27,213.5,245.54,355.11,558.47,723.82,741.8,741.49
336.28,294.66,222.88,200.73,231.11,376.94,618.11,741.86,750.99,751.89,754.01,754.0
243.73,184.26,155.58,284.34,580.76,736.54,755.12,757.67,755.8,754.18,753.94,757.02
224.29,232.86,383.63,661.52,764.2,757.65,742.6,723.58,705.55,691.16,681.01,673.89
222.77,398.68,701.13,768.17,771.56,765.92,756.45,745.26,736.5,730.41,726.28,723.47
273.64,588.59,735.54,766.94,766.83,756.21,739.68,720.41,705.75,696.84,692.15,689.87
439.46,684.78,748.59,752.45,746.21,746.25,740.59,729.67,721.25,716.38,713.85,712.62
442.24,693.52,749.78,752.42,747.41,744.04,734.19,724.63,718.62,715.41,713.82,713.07
442.56,693.12,749.81,752.64,748.11,744.99,735.04,725.14,718.83,715.45,713.76,712.96
442.9,693.59,749.89,752.87,748.72,745.33,735.17,725.3,719.06,715.72,714.05,713.27
442.61,693.34,749.59,752.09,746.63,742.9,732.95,723.56,717.75,714.66,713.14,712.43
439.08,684.39,748.78,753.75,751.09,751.57,744.11,732.02,722.75,717.3,714.45,713.05
441.9,692.67,749.37,751.49,744.81,740.99,731.45,722.34,716.73,713.76,712.3,711.62
442.58,693.35,749.6,752.11,746.68,742.96,733.01,723.61,717.79,714.69,713.16,712.45
436.37,683.09,748.53,754.3,752.74,752.88,744.94,732.54,723.0,717.37,714.43,712.97
440.51,686.82,749.13,752.98,748.74,749.06,741.84,730.22,721.52,716.49,713.89,712.61
440.6,689.25,749.23,751.62,743.65,741.48,734.86,725.16,718.4,714.66,712.77,711.87
441.65,693.02,749.29,750.86,742.08,737.17,728.56,720.63,715.86,713.38,712.16,711.62
429.17,677.91,747.22,751.93,743.26,739.96,735.96,726.88,719.73,715.63,713.53,712.52
436.02,683.2,748.37,751.72,740.86,729.11,711.76,693.62,685.77,691.19,700.14,705.86
429.35,675.52,742.51,742.41,723.42,700.45,674.88,655.56,643.39,635.88,631.63,632.78
425.49,667.18,729.32,716.91,680.59,645.81,618.1,592.88,567.03,541.38,517.53,497.61
402.83,587.99,636.61,604.2,542.62,470.05,400.68,337.4,287.74,278.6,359.58,480.76
401.43,585.07,633.11,600.23,537.15,463.18,392.46,329.47,283.09,283.19,367.74,485.6
389.57,545.48,593.78,574.01,516.63,440.95,360.04,295.27,269.44,343.47,458.5,624.38
335.4,372.87,364.96,315.72,277.73,293.45,420.96,616.96,741.1,745.03,746.55,747.63
167.09,142.67,227.69,527.36,740.95,771.21,768.49,757.05,743.33,731.77,722.51,715.13
169.87,238.4,534.15,747.94,773.43,774.48,769.98,760.77,748.05,736.82,728.3,722.01
253.63,573.23,734.35,773.34,777.24,774.9,768.55,760.09,752.56,747.62,744.52,742.58
300.27,592.01,725.62,760.08,763.87,759.98,751.28,739.92,730.92,724.89,721.04,718.71
451.51,684.13,747.09,751.22,745.33,744.8,738.13,726.31,717.63,712.89,710.56,709.48
452.0,683.73,746.74,750.44,742.99,741.47,735.12,723.71,715.46,711.0,708.81,707.78
453.43,693.34,747.75,748.4,736.97,728.27,719.94,713.52,709.99,708.27,707.48,707.14
450.33,692.99,747.72,748.45,737.37,729.35,720.77,713.97,710.22,708.37,707.52,707.16
452.07,692.93,747.38,747.76,735.32,724.82,716.5,711.13,708.33,706.99,706.38,706.13
451.16,693.04,747.66,748.3,736.82,728.11,719.68,713.29,709.79,708.09,707.31,706.97
447.46,690.76,747.75,748.9,737.99,730.54,722.63,715.2,710.85,708.67,707.65,707.21
444.07,682.27,746.41,749.4,737.55,724.22,705.74,689.38,687.23,694.1,699.85,702.96
441.73,675.99,742.06,744.89,730.42,713.96,692.15,673.43,661.6,654.82,651.07,649.01
432.5,660.46,728.16,726.12,695.94,660.96,633.4,612.58,594.11,576.29,559.11,543.13
429.18,653.55,722.85,715.08,677.33,640.41,609.32,578.12,546.2,516.66,492.07,472.6
430.74,654.43,721.07,710.59,669.53,633.17,603.11,570.88,538.04,508.34,484.36,465.01
430.15,652.71,721.21,711.47,669.22,630.69,602.76,572.58,539.9,509.8,485.31,465.54
430.71,658.43,715.26,698.88,656.32,620.75,588.92,553.2,519.29,490.44,468.13,449.65
427.61,639.69,694.98,667.49,621.03,582.63,545.67,509.32,478.21,453.39,433.56,417.84
423.66,621.36,666.26,621.87,552.34,494.3,456.19,426.09,405.04,378.02,333.02,296.25
409.19,564.27,557.98,474.98,409.45,344.78,269.35,221.89,234.75,296.51,416.73,594.09
388.65,472.26,409.65,312.01,214.93,203.12,219.95,296.4,478.77,669.25,731.9,729.81
373.2,446.18,386.86,294.86,216.15,222.34,272.09,421.0,619.84,734.47,736.61,734.09
358.64,341.39,257.95,209.27,229.16,355.77,598.87,741.07,750.32,750.98,753.01,753.85
170.08,104.27,140.92,426.01,708.2,770.67,774.27,765.56,754.39,749.98,757.74,768.23
137.5,197.33,483.05,725.51,763.78,768.09,767.43,762.61,751.49,737.87,726.34,717.5
196.04,481.85,717.34,766.14,773.1,771.33,765.32,756.0,746.97,740.29,735.71,732.66
339.81,618.69,746.12,769.96,769.09,762.87,752.67,740.47,731.05,724.78,720.83,718.52
435.45,676.23,755.57,774.11,775.79,771.27,762.59,752.43,744.79,739.73,736.45,734.42
454.87,686.7,747.94,751.34,744.81,744.08,737.79,726.44,718.13,713.6,711.36,710.32
454.45,693.96,748.55,749.98,741.86,737.49,728.55,719.6,714.26,711.56,710.28,709.71
452.18,693.82,748.65,750.34,743.17,739.35,730.01,720.59,714.94,712.07,710.7,710.09
450.98,693.64,748.58,750.24,742.94,738.95,729.54,720.21,714.64,711.82,710.48,709.88
447.34,684.79,747.67,751.52,746.09,745.77,738.76,726.8,718.07,713.3,710.94,709.83
451.08,693.42,748.18,749.21,739.37,733.16,724.5,716.71,712.23,709.99,708.94,708.48
451.61,693.46,748.19,748.84,736.55,724.34,715.65,711.55,709.73,708.92,708.57,708.45
447.19,687.39,747.92,749.75,737.86,724.3,705.1,687.13,676.89,675.0,683.86,694.93
452.36,692.84,747.39,747.64,734.01,717.89,705.64,703.94,704.88,705.63,706.06,706.31
447.3,691.04,746.29,745.92,730.03,709.15,687.5,673.4,665.58,663.29,670.01,682.75
438.78,679.17,736.49,730.17,699.77,669.02,647.49,634.03,625.32,619.16,614.52,610.89
434.13,663.72,730.49,726.77,693.42,657.9,631.35,611.5,593.95,577.11,560.93,545.84
432.03,658.35,723.74,716.54,678.46,640.71,610.45,581.71,552.51,525.23,502.02,484.22
431.08,654.48,721.43,712.07,673.13,635.83,603.94,571.18,538.31,508.61,484.57,465.14
431.98,659.42,716.67,703.56,662.58,624.04,589.22,552.89,519.1,490.36,468.12,449.6
423.68,625.02,694.33,669.48,620.91,579.55,533.17,491.49,457.89,429.6,407.9,381.84
404.28,554.6,563.87,488.23,420.13,343.42,259.22,221.9,238.84,298.06,403.05,552.4
382.59,465.18,405.16,313.26,221.27,213.57,245.85,354.06,550.3,715.4,733.01,730.59
358.38,328.02,242.09,206.65,233.38,374.01,616.31,742.34,749.71,750.38,752.49,752.56
327.56,294.92,238.54,231.45,322.81,570.85,736.49,746.61,748.14,748.06,744.9,742.26
291.68,278.34,261.39,264.34,328.09,552.25,735.4,750.73,762.81,772.89,775.05,774.81
229.52,333.65,613.68,758.24,765.87,758.33,745.72,731.18,719.36,710.86,705.06,701.42
191.65,375.6,689.69,767.32,775.33,774.45,770.83,763.91,754.83,747.51,742.48,739.13
344.14,644.34,755.41,777.53,781.67,780.79,774.9,768.22,763.96,761.64,760.4,759.74
446.19,695.43,751.35,755.2,753.11,751.18,742.45,733.37,727.16,723.53,721.59,720.62
446.61,695.74,751.06,754.88,752.43,748.73,739.38,731.04,725.6,722.53,720.92,720.13
445.51,695.01,751.37,755.74,754.46,751.87,742.59,733.39,727.15,723.5,721.56,720.58
445.26,694.87,751.11,754.94,752.53,749.77,740.68,731.92,726.07,722.7,720.92,720.03
445.16,695.06,751.46,755.97,754.99,752.51,743.23,733.88,727.5,723.76,721.75,720.74
440.09,685.04,750.44,758.49,760.63,760.31,752.53,741.21,732.35,726.65,723.4,721.68
436.29,683.55,750.44,759.83,762.52,761.23,752.91,741.33,732.32,726.51,723.18,721.42
436.29,683.28,750.92,761.88,764.75,762.44,753.71,742.01,732.94,727.08,723.71,721.93
444.81,694.89,751.41,755.75,754.5,752.21,743.07,733.76,727.39,723.65,721.65,720.64
444.8,694.66,751.36,755.55,754.03,751.97,742.99,733.69,727.31,723.56,721.55,720.54
445.04,694.86,751.21,755.13,752.98,750.61,741.63,732.65,726.57,723.05,721.17,720.23
445.23,694.88,751.2,755.14,753.02,750.54,741.5,732.55,726.51,723.01,721.15,720.22
445.3,694.86,751.14,755.0,752.7,750.05,740.97,732.12,726.18,722.76,720.94,720.04
444.15,694.12,750.39,753.13,747.71,744.41,735.9,727.8,722.57,719.66,718.15,717.42
436.22,683.2,743.41,741.14,718.48,691.29,670.02,657.73,657.03,666.57,676.15,682.27
422.02,644.73,716.41,696.01,653.05,608.63,559.94,510.23,464.68,427.15,395.04,366.57
376.99,537.18,593.35,553.11,483.27,404.9,325.66,273.35,280.3,366.45,494.0,679.06
355.04,466.51,495.82,444.85,352.29,273.87,257.02,341.33,482.64,668.1,737.52,737.22
357.65,398.95,355.74,284.51,251.23,318.74,482.77,677.61,737.5,735.1,735.17,733.15
274.85,235.98,191.79,239.42,437.35,678.83,740.42,738.98,733.0,729.29,734.48,744.65
306.04,310.35,284.22,256.91,277.09,438.21,655.54,743.28,745.98,747.19,749.39,758.37
194.59,255.58,472.98,740.58,773.66,774.93,771.49,764.57,754.36,745.15,738.38,733.63
228.47,416.73,709.55,770.05,774.67,771.44,764.52,755.24,747.04,741.51,737.93,735.64
247.27,550.77,726.52,770.36,777.69,777.32,773.64,767.26,759.94,754.66,751.47,749.58
360.66,659.58,765.66,783.07,783.14,778.65,771.18,763.26,757.9,754.74,752.88,751.76
375.0,668.99,767.33,783.09,782.95,778.49,770.92,762.82,757.3,754.01,751.88,749.46
454.87,687.3,748.66,752.68,748.14,748.36,741.86,730.27,721.52,716.56,713.87,711.42
454.2,694.62,749.21,751.1,744.46,741.11,732.16,722.73,716.88,713.82,712.15,710.21
455.74,694.29,746.82,747.11,736.06,727.13,718.48,712.85,709.93,708.5,707.66,706.13
455.15,694.22,747.05,747.41,736.44,727.72,719.03,713.23,710.19,708.69,707.82,706.28
452.75,694.12,748.54,749.83,741.23,735.8,726.77,718.7,714.01,711.61,710.28,708.5
451.89,694.34,749.16,751.15,744.89,741.48,732.17,722.65,716.79,713.73,712.06,710.13
450.48,694.21,749.2,751.36,745.63,742.34,732.8,723.04,717.03,713.87,712.16,710.2
449.87,694.2,749.32,751.68,746.59,743.52,733.83,723.82,717.61,714.33,712.56,710.57
447.74,693.34,748.94,750.65,743.06,739.01,730.12,721.11,715.64,712.8,711.24,709.36
438.59,682.76,737.3,729.32,698.08,666.56,644.51,630.03,619.67,611.43,604.29,596.92
431.68,658.63,726.64,718.61,677.89,639.14,607.5,576.56,545.24,516.32,492.02,471.69
425.82,628.3,678.06,636.6,559.96,491.12,444.99,406.35,379.17,342.71,309.67,317.44
423.75,619.07,659.09,612.91,528.39,465.5,406.45,358.41,312.03,287.52,301.6,393.78
421.42,604.57,621.46,547.6,464.76,377.85,297.15,243.47,243.25,319.11,471.7,675.31
415.75,582.91,585.03,498.33,418.43,325.36,240.99,227.25,268.21,386.95,580.93,735.27
386.26,494.66,461.47,375.65,268.69,214.69,229.99,287.96,424.88,620.79,734.67,738.81
309.55,303.25,251.36,196.58,203.68,280.93,468.89,675.27,743.79,746.43,746.95,746.05
231.86,174.13,137.09,196.96,369.76,610.76,733.42,744.68,749.08,745.72,740.02,735.88
70.71,69.44,229.51,591.06,732.1,738.29,728.88,712.14,685.21,655.39,630.53,607.5
186.85,239.11,491.28,738.43,763.66,752.37,733.41,709.35,687.52,671.6,659.87,650.52
188.66,384.06,702.95,757.23,764.05,758.2,746.79,731.14,716.34,704.52,696.4,691.04
443.11,681.03,746.21,750.08,742.44,740.92,734.01,722.05,713.36,708.53,706.06,704.85
446.83,682.99,746.61,750.05,741.68,739.45,733.05,721.8,713.68,709.21,706.94,705.85
450.39,693.54,748.45,749.67,740.34,734.6,725.69,717.65,712.97,710.59,709.46,708.95
448.38,693.48,748.76,750.55,743.49,739.24,729.55,720.37,714.9,712.1,710.75,710.13
452.09,694.08,748.64,750.09,742.12,737.31,728.02,719.52,714.55,712.03,710.83,710.29
447.44,693.44,748.92,750.99,744.83,741.02,731.13,721.55,715.78,712.81,711.38,710.72
447.41,693.37,748.84,750.74,744.02,740.0,730.27,720.94,715.35,712.48,711.1,710.47
444.62,687.71,748.45,750.64,739.84,730.35,722.95,716.86,713.18,711.3,710.42,710.04
441.97,678.02,745.44,749.72,738.08,725.16,706.5,687.58,675.69,669.08,665.58,663.88
432.89,666.97,731.03,726.02,692.03,657.3,632.13,613.58,597.49,582.21,567.49,553.52
427.45,655.85,726.74,723.11,689.11,652.04,622.56,596.62,570.27,544.3,520.32,500.67
429.2,654.56,723.32,715.74,678.86,642.02,611.27,580.83,549.4,519.95,494.86,474.98
429.7,657.02,722.09,712.64,674.45,637.09,605.35,573.12,540.49,510.63,485.98,466.05
431.1,661.36,718.96,707.0,666.77,628.63,595.15,560.39,526.83,497.36,474.04,454.77
430.18,656.47,716.62,702.09,658.33,617.79,579.91,540.7,506.01,477.58,455.23,437.95
427.06,635.2,690.22,661.63,615.17,568.13,519.77,479.52,447.32,421.35,402.03,377.82
418.93,608.11,639.58,584.73,502.64,437.92,373.5,314.58,263.87,253.22,337.9,480.34
399.77,532.03,508.17,429.38,323.11,233.12,227.49,280.08,398.7,575.17,731.97,743.75
383.67,501.37,478.64,402.65,303.64,236.25,247.26,331.75,480.78,658.37,733.69,734.59
311.77,292.58,234.87,205.09,229.62,374.18,615.24,739.65,749.62,750.68,752.75,752.67
249.14,192.34,163.98,300.48,601.84,740.55,756.08,758.04,756.19,755.04,756.9,765.85
243.57,322.78,593.81,747.72,755.43,745.3,728.5,708.06,690.08,677.39,669.25,663.98
225.69,409.21,703.84,768.5,771.85,766.41,757.14,746.04,737.32,731.32,727.3,724.61
295.49,595.7,742.81,769.94,770.23,760.68,745.26,727.43,713.78,705.11,700.39,698.01
400.15,667.19,753.26,771.99,775.29,771.57,763.85,754.82,748.25,744.1,741.49,739.85
432.8,685.48,750.52,756.01,754.45,756.36,750.87,740.89,732.96,727.82,724.85,723.26
441.21,694.95,751.46,754.69,750.45,748.51,740.97,733.27,728.04,724.98,723.34,722.52
439.2,693.25,751.72,755.97,754.2,753.85,746.32,737.32,730.89,726.93,724.73,723.59
441.94,695.07,751.37,754.56,750.3,747.78,739.97,732.49,727.51,724.63,723.09,722.34
441.63,694.96,751.46,754.76,750.74,748.79,741.13,733.35,728.06,724.97,723.3,722.48
439.13,693.79,751.3,754.55,750.11,748.59,741.24,733.22,727.69,724.43,722.67,721.79
437.57,692.17,751.12,754.71,750.67,750.09,743.1,734.48,728.33,724.62,722.6,721.56
430.3,684.34,750.38,756.76,756.94,758.29,751.85,741.36,733.12,727.77,724.66,722.99
430.98,684.83,750.28,755.82,754.42,756.1,750.19,739.91,731.8,726.57,723.56,721.95
429.47,683.91,750.25,756.62,756.64,758.03,751.63,741.12,732.87,727.5,724.39,722.72
431.56,685.17,750.53,756.51,756.21,757.72,751.44,741.06,732.91,727.63,724.56,722.92
434.3,689.56,750.24,753.24,746.09,743.98,738.19,730.15,724.35,720.94,719.11,718.2
430.92,682.77,740.94,736.17,710.03,681.63,660.69,647.34,639.32,636.39,642.93,656.1
425.88,669.72,732.09,722.37,689.24,655.63,629.5,607.63,586.16,564.19,542.29,521.86
416.04,640.1,709.63,689.15,646.94,600.42,547.51,495.37,448.83,411.86,381.0,355.58
403.91,596.33,652.66,624.8,569.0,497.36,427.98,368.23,316.52,290.32,336.47,426.04
402.17,603.03,675.47,651.93,602.22,533.24,462.71,400.43,352.96,315.99,299.55,352.14
398.9,589.65,665.96,646.77,598.44,529.31,457.8,393.79,346.45,310.43,294.81,356.66
365.66,495.64,575.3,582.51,537.63,468.7,395.72,331.24,290.24,299.79,383.95,508.52
247.18,198.56,192.41,339.91,648.96,766.01,776.97,775.96,774.49,773.96,773.82,773.8
248.41,389.66,673.84,760.67,764.19,755.34,741.66,725.8,712.86,703.61,697.6,694.03
182.58,390.34,693.94,762.98,769.8,768.63,767.97,765.79,762.11,759.11,756.98,755.5
230.51,554.51,719.69,761.9,766.26,760.68,750.65,737.72,726.95,719.53,714.87,712.28
443.35,676.16,745.77,755.93,755.27,750.96,739.22,723.82,713.07,707.38,704.61,703.33
452.06,684.57,746.07,748.22,737.76,733.75,726.84,716.08,708.87,705.13,703.34,702.53
451.33,691.75,746.35,746.13,732.69,722.41,713.3,707.22,704.03,702.51,701.82,701.53
449.11,691.53,746.49,746.54,734.2,725.47,715.91,708.92,705.2,703.42,702.61,702.27
449.26,691.5,746.4,746.33,733.5,724.13,714.76,708.18,704.7,703.03,702.28,701.96
446.24,690.81,746.3,746.23,733.46,724.15,714.57,707.88,704.35,702.65,701.88,701.55
448.2,691.23,746.24,746.02,732.58,722.37,713.15,707.03,703.84,702.31,701.62,701.33
444.3,685.93,746.22,747.41,736.05,730.38,722.13,712.43,706.44,703.39,701.94,701.28
445.36,690.07,745.93,745.2,728.61,707.82,685.99,671.7,664.07,663.46,672.98,684.96
435.85,668.92,739.56,743.32,727.48,710.59,688.52,668.34,655.0,647.21,642.76,640.19
428.76,656.51,729.37,729.94,705.52,675.39,645.94,623.87,606.2,590.03,574.56,559.71
427.92,653.14,722.23,713.47,675.26,638.07,606.53,574.55,542.11,512.41,488.2,468.93
429.04,655.03,718.21,705.5,664.26,625.16,589.02,550.69,514.89,484.39,460.04,439.74
422.47,639.04,720.41,715.47,679.42,642.07,607.69,571.31,534.11,500.57,473.35,450.33
426.72,645.64,716.01,703.52,657.17,617.3,583.27,544.11,507.17,476.42,451.47,431.69
415.25,598.58,628.42,576.8,499.82,444.39,390.37,335.75,273.52,247.12,301.98,412.1
400.06,548.64,533.02,454.2,374.36,289.6,220.16,223.07,267.57,351.43,468.98,647.52
391.23,506.95,473.25,408.44,313.81,216.37,211.71,239.23,308.39,467.54,651.17,727.8
388.53,491.24,445.64,361.09,261.24,218.39,235.54,304.59,445.22,621.98,729.58,735.13
365.19,454.37,436.89,365.71,273.42,238.08,285.45,405.91,566.67,719.58,732.49,731.12
173.2,106.89,142.09,424.94,708.82,771.57,775.32,767.82,762.48,767.21,772.91,775.02
136.08,190.7,480.22,726.68,767.15,769.23,765.38,758.16,745.16,729.49,715.75,704.83
187.85,432.8,712.78,765.84,772.55,769.44,761.91,751.37,742.04,735.12,730.22,726.83
349.08,646.64,760.91,780.45,780.38,775.48,767.37,758.44,752.08,748.09,745.6,744.04
430.75,679.65,762.75,780.25,781.02,776.6,768.77,760.21,754.21,750.51,748.25,746.84
454.14,685.12,747.9,752.51,748.42,748.56,741.5,729.38,720.31,715.25,712.71,711.5
454.38,694.43,749.07,750.97,744.58,741.33,732.01,722.22,716.19,713.08,711.58,710.89
451.33,694.1,749.13,751.39,746.15,742.99,733.08,722.87,716.59,713.33,711.76,711.04
450.54,693.94,748.98,751.05,745.15,741.71,731.89,721.98,715.94,712.83,711.34,710.65
453.84,694.25,748.87,750.56,743.58,739.77,730.43,721.11,715.5,712.63,711.26,710.63
453.6,694.06,748.6,749.97,741.83,737.14,728.0,719.31,714.19,711.6,710.36,709.8
448.49,692.92,748.87,750.38,741.86,737.58,729.41,720.55,715.11,712.32,710.97,710.36
447.78,690.67,746.72,746.9,732.4,713.49,691.86,677.13,668.82,664.83,665.93,676.09
442.52,677.11,743.51,746.36,732.56,717.19,696.17,677.04,664.78,657.73,653.84,651.73
437.63,678.58,735.39,727.37,694.74,662.48,639.94,624.95,613.81,604.58,596.46,589.07
432.26,660.98,731.56,728.34,694.85,658.27,629.68,606.78,585.01,563.37,542.54,524.08
432.51,663.18,726.87,716.62,676.17,638.18,607.26,577.11,546.54,518.19,494.46,475.78
432.62,664.81,724.6,712.07,671.13,633.14,601.06,568.61,536.39,507.3,483.78,464.56
433.15,666.38,724.55,709.82,668.25,629.93,596.93,563.13,530.27,501.17,478.1,458.94
424.79,625.39,688.77,653.94,597.48,550.17,506.51,470.13,439.13,412.2,384.14,344.72
413.05,580.48,588.39,515.39,446.62,371.59,295.69,238.45,242.19,309.63,434.27,612.18
396.51,525.31,492.53,414.53,308.05,218.16,221.33,263.03,362.89,545.66,723.23,742.58
377.54,464.72,421.53,332.5,244.6,234.25,295.38,428.77,598.62,726.09,730.97,729.06
320.17,264.11,192.9,207.22,337.67,591.89,738.82,751.32,753.44,753.45,750.98,749.11
246.43,189.98,168.55,325.83,633.59,748.71,759.53,756.91,756.51,764.45,773.77,777.56
272.91,281.78,334.86,447.22,643.83,730.54,723.78,702.85,681.88,666.07,654.15,644.5
166.71,307.01,609.37,754.06,768.45,767.14,763.54,759.46,756.02,754.2,752.74,751.42
260.49,567.46,729.24,771.24,774.95,771.79,764.75,755.32,746.9,741.24,737.64,735.38
439.85,674.06,749.57,765.16,763.37,756.9,744.83,729.58,718.4,712.22,709.16,707.71
451.9,685.86,747.62,751.11,745.26,744.71,736.97,724.46,715.55,710.76,708.41,707.31
450.12,693.14,748.3,749.93,743.06,738.7,727.88,717.75,711.84,708.86,707.45,706.81
447.18,692.45,748.41,750.61,745.16,740.79,729.35,718.67,712.4,709.23,707.73,707.05
449.14,693.07,748.49,750.54,744.83,740.68,729.57,719.03,712.82,709.69,708.21,707.54
446.8,692.65,748.52,750.85,745.74,741.4,729.95,719.22,712.9,709.72,708.21,707.53
448.38,692.74,748.17,749.77,742.77,738.11,727.17,717.22,711.48,708.6,707.23,706.62
445.07,686.01,747.98,751.75,747.6,746.86,738.05,725.05,715.93,711.04,708.64,707.52
443.19,683.52,747.1,749.63,737.72,727.48,719.24,712.86,709.15,707.29,706.42,706.05
442.24,682.6,745.23,746.59,732.12,715.54,693.84,676.53,666.13,660.34,657.24,655.73
438.29,683.22,738.32,731.51,701.69,671.23,649.54,635.93,627.16,620.98,616.35,612.73
433.36,674.3,732.56,722.31,686.3,652.22,627.84,609.3,592.67,576.66,561.18,546.8
429.1,658.44,729.81,725.66,690.39,653.02,623.64,598.63,573.66,548.92,525.85,506.79
431.78,665.26,723.07,706.66,663.79,624.43,588.86,551.49,516.32,486.0,461.59,440.81
432.38,668.16,724.47,707.17,665.18,626.36,590.68,553.06,517.22,486.09,460.53,438.72
413.4,600.98,629.79,569.36,489.34,415.61,341.96,276.66,247.28,290.36,380.14,513.59
413.03,594.67,611.56,542.45,466.9,385.44,308.83,248.61,247.03,312.42,431.41,609.11
409.07,586.78,624.77,571.31,492.44,417.47,341.62,275.71,247.81,292.88,386.53,524.92
341.94,411.07,390.92,315.61,243.36,241.6,322.87,495.01,683.37,740.84,740.34,739.9
310.88,354.16,336.85,272.27,248.24,322.17,497.97,689.32,739.51,737.61,737.88,736.21
287.08,233.26,178.65,238.48,481.24,709.25,752.8,758.29,755.89,753.49,752.31,751.83
252.93,282.06,444.57,684.38,747.14,740.78,723.04,699.91,679.33,664.52,653.77,645.43
223.61,345.93,641.73,762.0,768.05,761.33,749.93,736.57,725.82,718.22,713.04,709.67
317.81,607.14,745.87,766.2,759.93,746.44,728.15,707.79,692.85,684.92,684.82,694.68
288.47,605.5,739.58,767.6,767.01,756.36,739.61,720.43,706.26,697.94,693.65,691.54
370.01,654.32,756.44,771.5,766.17,756.79,741.42,723.46,710.29,702.63,698.69,696.74
429.21,676.15,749.29,763.17,765.49,761.8,752.08,739.37,729.45,723.27,719.9,718.15
442.83,688.59,749.78,753.54,749.02,749.43,743.66,733.18,725.11,720.35,717.82,716.53
