240.94,190.79,140.65,90.5,40.36,0.0,0.0,0.0,0.0,0.0,0.0,0.0,
138.9,79.15,19.41,0.0,0.0,0.0,0.0,0.0,0.0,0.0,0.0,0.0,
27.2,0.0,0.0,0.0,0.0,0.0,0.0,0.0,0.0,0.0,0.0,0.0,
0.0,0.0,0.0,0.0,0.0,0.0,0.0,0.0,0.0,0.0,0.0,0.0,
0.0,0.0,0.0,0.0,0.0,0.0,0.0,0.0,0.0,0.0,0.0,0.0,
0.0,0.0,0.0,0.0,0.0,0.0,0.0,0.0,0.0,0.0,0.0,0.0,
23.46,0.0,0.0,0.0,0.0,0.0,0.0,0.0,0.0,0.0,0.0,0.0,
39.91,0.0,0.0,0.0,0.0,0.0,0.0,0.0,0.0,0.0,0.0,0.0,
196.01,173.83,151.65,129.46,107.28,85.1,62.92,40.74,18.56,0.0,0.0,0.0,
448.42,451.05,453.69,456.32,458.96,461.59,464.23,466.86,469.5,472.13,474.77,477.4,
598.95,618.83,638.71,658.6,678.48,698.36,718.25,738.13,758.01,777.9,797.78,817.66,
777.42,812.16,846.89,881.63,916.36,951.1,985.83,1020.57,1055.3,1090.04,1124.77,1159.51,
963.36,1012.29,1061.21,1110.14,1159.07,1207.99,1256.92,1305.85,1354.77,1403.7,1452.63,1501.55,
946.72,993.85,1040.99,1088.12,1135.26,1182.39,1229.52,1276.66,1323.79,1370.93,1418.06,1465.19,
932.11,976.22,1020.32,1064.43,1108.53,1152.64,1196.74,1240.85,1284.95,1329.06,1373.16,1417.27,
1054.16,1105.68,1157.2,1208.72,1260.24,1311.76,1363.28,1414.8,1466.32,1517.84,1569.36,1620.88,
1008.22,1053.42,1098.61,1143.8,1188.99,1234.19,1279.38,1324.57,1369.77,1414.96,1460.15,1505.35,
925.95,961.81,997.68,1033.55,1069.41,1105.28,1141.14,1177.01,1212.87,1248.74,1284.61,1320.47,
831.35,856.86,882.38,907.89,933.41,958.93,984.44,1009.96,1035.47,1060.99,1086.51,1112.02,
732.69,748.25,763.81,779.38,794.94,810.5,826.07,841.63,857.19,872.76,888.32,903.88,
622.93,626.81,630.69,634.57,638.45,642.33,646.22,650.1,653.98,657.86,661.74,665.62,
520.87,513.52,506.16,498.81,491.46,484.1,476.75,469.4,462.05,454.69,447.34,439.99,
416.82,399.09,381.35,363.61,345.87,328.13,310.4,292.66,274.92,257.18,239.44,221.71,
307.66,278.7,249.74,220.78,191.82,162.86,133.9,104.94,75.98,47.02,18.06,0.0,
197.58,156.86,116.14,75.41,34.69,0.0,0.0,0.0,0.0,0.0,0.0,0.0,
91.57,39.59,0.0,0.0,0.0,0.0,0.0,0.0,0.0,0.0,0.0,0.0,
20.85,0.0,0.0,0.0,0.0,0.0,0.0,0.0,0.0,0.0,0.0,0.0,
40.25,0.0,0.0,0.0,0.0,0.0,0.0,0.0,0.0,0.0,0.0,0.0,
36.82,0.0,0.0,0.0,0.0,0.0,0.0,0.0,0.0,0.0,0.0,0.0,
82.71,45.08,7.45,0.0,0.0,0.0,0.0,0.0,0.0,0.0,0.0,0.0,
155.24,131.45,107.67,83.89,60.11,36.32,12.54,0.0,0.0,0.0,0.0,0.0,
141.16,116.95,92.73,68.51,44.3,20.08,0.0,0.0,0.0,0.0,0.0,0.0,
148.3,126.33,104.35,82.38,60.4,38.43,16.46,0.0,0.0,0.0,0.0,0.0,
242.2,235.5,228.79,222.09,215.39,208.68,201.98,195.28,188.57,181.87,175.16,168.46,
261.17,258.04,254.9,251.77,248.63,245.5,242.36,239.23,236.1,232.96,229.83,226.69,
268.76,267.12,265.49,263.86,262.22,260.59,258.96,257.32,255.69,254.06,252.42,250.79,
297.58,298.75,299.93,301.11,302.29,303.46,304.64,305.82,307.0,308.17,309.35,310.53,
296.03,297.04,298.06,299.07,300.08,301.1,302.11,303.13,304.14,305.16,306.17,307.19,
359.37,365.34,371.31,377.29,383.26,389.24,395.21,401.19,407.16,413.13,419.11,425.08,
378.1,385.79,393.48,401.17,408.86,416.55,424.24,431.93,439.62,447.31,455.0,462.69,
368.87,375.41,381.95,388.49,395.04,401.58,408.12,414.66,421.2,427.75,434.29,440.83,
377.14,383.89,390.64,397.39,404.14,410.89,417.64,424.4,431.15,437.9,444.65,451.4,
389.53,396.97,404.41,411.85,419.3,426.74,434.18,441.62,449.06,456.5,463.95,471.39,
396.02,403.71,411.39,419.08,426.76,434.45,442.14,449.82,457.51,465.2,472.88,480.57,
399.41,406.7,413.99,421.29,428.58,435.88,443.17,450.46,457.76,465.05,472.35,479.64,
401.33,408.12,414.92,421.71,428.51,435.3,442.09,448.89,455.68,462.48,469.27,476.07,
384.08,389.63,395.18,400.73,406.27,411.82,417.37,422.91,428.46,434.01,439.55,445.1,
408.61,415.78,422.94,430.11,437.27,444.43,451.6,458.76,465.93,473.09,480.26,487.42,
402.47,408.33,414.18,420.04,425.9,431.75,437.61,443.47,449.32,455.18,461.04,466.89,
375.34,378.39,381.43,384.48,387.53,390.58,393.62,396.67,399.72,402.77,405.81,408.86,
389.46,393.17,396.87,400.58,404.28,407.98,411.69,415.39,419.09,422.8,426.5,430.21,
419.07,424.43,429.8,435.17,440.54,445.91,451.28,456.65,462.02,467.39,472.76,478.13,
392.48,394.75,397.02,399.29,401.55,403.82,406.09,408.35,410.62,412.89,415.16,417.42,
367.71,367.06,366.42,365.77,365.13,364.48,363.84,363.19,362.55,361.9,361.26,360.61,
368.1,367.55,366.99,366.44,365.88,365.32,364.77,364.21,363.65,363.1,362.54,361.99,
357.63,355.4,353.16,350.93,348.7,346.47,344.23,342.0,339.77,337.54,335.31,333.07,
399.84,402.76,405.67,408.58,411.5,414.41,417.32,420.24,423.15,426.06,428.98,431.89,
413.12,417.08,421.04,425.0,428.96,432.92,436.88,440.84,444.8,448.76,452.72,456.67,
389.61,390.92,392.23,393.54,394.85,396.16,397.47,398.78,400.08,401.39,402.7,404.01,
387.78,388.9,390.02,391.14,392.25,393.37,394.49,395.61,396.73,397.84,398.96,400.08,
393.03,394.66,396.28,397.9,399.53,401.15,402.77,404.4,406.02,407.64,409.27,410.89,
420.14,423.78,427.43,431.08,434.72,438.37,442.01,445.66,449.31,452.95,456.6,460.24,
409.75,412.53,415.3,418.08,420.85,423.63,426.4,429.18,431.95,434.73,437.5,440.28,
410.11,412.88,415.65,418.43,421.2,423.97,426.74,429.51,432.29,435.06,437.83,440.6,
406.93,408.23,409.53,410.83,412.12,413.42,414.72,416.02,417.31,418.61,419.91,421.2,
429.16,432.84,436.52,440.2,443.88,447.55,451.23,454.91,458.59,462.27,465.94,469.62,
420.41,423.12,425.84,428.55,431.27,433.98,436.7,439.41,442.13,444.84,447.56,450.27,
375.59,373.58,371.57,369.56,367.56,365.55,363.54,361.53,359.52,357.51,355.51,353.5,
386.35,385.6,384.85,384.1,383.36,382.61,381.86,381.12,380.37,379.62,378.87,378.13,
394.32,395.47,396.62,397.77,398.92,400.07,401.22,402.37,403.53,404.68,405.83,406.98,
390.68,390.88,391.08,391.28,391.48,391.68,391.88,392.08,392.28,392.48,392.68,392.88,
351.29,347.75,344.2,340.65,337.1,333.55,330.01,326.46,322.91,319.36,315.81,312.27,
346.71,342.67,338.64,334.61,330.58,326.55,322.52,318.49,314.46,310.43,306.4,302.37,
343.39,339.05,334.71,330.37,326.03,321.69,317.35,313.01,308.67,304.33,299.99,295.65,
322.99,317.68,312.38,307.07,301.77,296.46,291.15,285.85,280.54,275.24,269.93,264.63,
421.9,424.94,427.99,431.04,434.09,437.13,440.18,443.23,446.28,449.32,452.37,455.42,
411.04,412.55,414.07,415.58,417.09,418.6,420.12,421.63,423.14,424.66,426.17,427.68,
400.78,401.25,401.73,402.2,402.67,403.15,403.62,404.09,404.57,405.04,405.51,405.99,
372.1,370.3,368.5,366.7,364.9,363.1,361.29,359.49,357.69,355.89,354.09,352.28,
438.34,442.86,447.38,451.9,456.42,460.95,465.47,469.99,474.51,479.03,483.55,488.07,
417.72,420.12,422.51,424.91,427.31,429.71,432.1,434.5,436.9,439.29,441.69,444.09,
488.03,495.9,503.77,511.65,519.52,527.4,535.27,543.14,551.02,558.89,566.77,574.64,
624.84,643.83,662.81,681.8,700.79,719.78,738.77,757.76,776.75,795.73,814.72,833.71,
766.56,796.84,827.11,857.39,887.66,917.94,948.22,978.49,1008.77,1039.04,1069.32,1099.59,
874.82,912.65,950.47,988.3,1026.13,1063.96,1101.79,1139.62,1177.45,1215.28,1253.1,1290.93,
910.59,948.95,987.3,1025.66,1064.01,1102.37,1140.72,1179.08,1217.43,1255.79,1294.14,1332.5,
930.1,968.79,1007.49,1046.18,1084.88,1123.57,1162.27,1200.96,1239.65,1278.35,1317.04,1355.74,
1095.86,1145.65,1195.45,1245.25,1295.05,1344.84,1394.64,1444.44,1494.24,1544.04,1593.83,1643.63,
1105.29,1153.85,1202.41,1250.97,1299.52,1348.08,1396.64,1445.2,1493.75,1542.31,1590.87,1639.42,
1028.27,1067.11,1105.95,1144.78,1183.62,1222.45,1261.29,1300.13,1338.96,1377.8,1416.63,1455.47,
933.31,961.98,990.65,1019.32,1047.99,1076.66,1105.33,1134.0,1162.67,1191.34,1220.0,1248.67,
821.46,838.62,855.79,872.95,890.12,907.28,924.45,941.61,958.78,975.94,993.11,1010.27,
692.92,696.16,699.4,702.64,705.89,709.13,712.37,715.61,718.86,722.1,725.34,728.58,
624.38,623.34,622.31,621.27,620.23,619.2,618.16,617.13,616.09,615.05,614.02,612.98,
522.01,510.6,499.19,487.77,476.36,464.94,453.53,442.12,430.7,419.29,407.87,396.46,
409.88,387.15,364.42,341.69,318.96,296.22,273.49,250.76,228.03,205.3,182.57,159.83,
286.7,250.92,215.14,179.36,143.58,107.8,72.02,36.24,0.46,0.0,0.0,0.0,
212.33,170.6,128.86,87.13,45.4,3.67,0.0,0.0,0.0,0.0,0.0,0.0,
97.12,43.75,0.0,0.0,0.0,0.0,0.0,0.0,0.0,0.0,0.0,0.0,
33.46,0.0,0.0,0.0,0.0,0.0,0.0,0.0,0.0,0.0,0.0,0.0,
25.65,0.0,0.0,0.0,0.0,0.0,0.0,0.0,0.0,0.0,0.0,0.0,
32.24,0.0,0.0,0.0,0.0,0.0,0.0,0.0,0.0,0.0,0.0,0.0,
107.96,70.45,32.93,0.0,0.0,0.0,0.0,0.0,0.0,0.0,0.0,0.0,
225.75,200.86,175.97,151.08,126.19,101.29,76.4,51.51,26.62,1.73,0.0,0.0,
226.31,203.77,181.22,158.68,136.13,113.58,91.04,68.49,45.95,23.4,0.85,0.0,
417.41,419.17,420.94,422.71,424.48,426.24,428.01,429.78,431.55,433.32,435.08,436.85,
630.08,652.26,674.45,696.63,718.81,741.0,763.18,785.36,807.55,829.73,851.92,874.1,
738.43,770.18,801.93,833.67,865.42,897.17,928.91,960.66,992.41,1024.16,1055.9,1087.65,
843.78,883.52,923.25,962.98,1002.71,1042.44,1082.17,1121.91,1161.64,1201.37,1241.1,1280.83,
901.05,944.01,986.97,1029.93,1072.89,1115.85,1158.8,1201.76,1244.72,1287.68,1330.64,1373.6,
938.1,982.37,1026.64,1070.91,1115.18,1159.45,1203.71,1247.98,1292.25,1336.52,1380.79,1425.06,
979.63,1024.99,1070.35,1115.71,1161.07,1206.43,1251.79,1297.15,1342.51,1387.87,1433.23,1478.58,
983.67,1027.21,1070.75,1114.3,1157.84,1201.39,1244.93,1288.47,1332.02,1375.56,1419.11,1462.65,
950.24,988.47,1026.7,1064.93,1103.16,1141.39,1179.62,1217.85,1256.08,1294.31,1332.54,1370.77,
859.24,887.45,915.67,943.88,972.09,1000.3,1028.52,1056.73,1084.94,1113.16,1141.37,1169.58,
760.29,777.96,795.62,813.29,830.96,848.63,866.29,883.96,901.63,919.3,936.96,954.63,
655.24,661.45,667.67,673.88,680.09,686.3,692.52,698.73,704.94,711.16,717.37,723.58,
598.64,597.19,595.73,594.28,592.83,591.38,589.92,588.47,587.02,585.56,584.11,582.66,
508.17,496.58,484.99,473.4,461.81,450.22,438.63,427.04,415.45,403.86,392.27,380.68,
383.78,358.97,334.16,309.35,284.54,259.72,234.91,210.1,185.29,160.47,135.66,110.85,
305.52,273.58,241.65,209.71,177.78,145.85,113.91,81.98,50.04,18.11,0.0,0.0,
254.21,219.85,185.49,151.13,116.78,82.42,48.06,13.7,0.0,0.0,0.0,0.0,
172.1,128.83,85.56,42.29,0.0,0.0,0.0,0.0,0.0,0.0,0.0,0.0,
140.98,96.49,51.99,7.5,0.0,0.0,0.0,0.0,0.0,0.0,0.0,0.0,
155.71,117.62,79.53,41.45,3.36,0.0,0.0,0.0,0.0,0.0,0.0,0.0,
164.35,129.97,95.59,61.2,26.82,0.0,0.0,0.0,0.0,0.0,0.0,0.0,
183.78,155.02,126.27,97.51,68.76,40.01,11.25,0.0,0.0,0.0,0.0,0.0,
218.97,196.24,173.51,150.77,128.04,105.31,82.57,59.84,37.1,14.37,0.0,0.0,
285.96,271.55,257.15,242.74,228.33,213.92,199.51,185.11,170.7,156.29,141.88,127.48,
398.03,396.38,394.72,393.06,391.4,389.75,388.09,386.43,384.77,383.12,381.46,379.8,
587.54,603.52,619.5,635.48,651.46,667.44,683.42,699.4,715.38,731.36,747.34,763.32,
800.97,835.22,869.48,903.73,937.98,972.24,1006.49,1040.74,1075.0,1109.25,1143.51,1177.76,
930.24,973.59,1016.95,1060.31,1103.67,1147.03,1190.38,1233.74,1277.1,1320.46,1363.82,1407.17,
1149.22,1208.01,1266.8,1325.6,1384.39,1443.19,1501.98,1560.78,1619.57,1678.37,1737.16,1795.96,
1306.13,1374.8,1443.47,1512.14,1580.81,1649.47,1718.14,1786.81,1855.48,1924.15,1992.82,2061.49,
1511.61,1595.48,1679.35,1763.22,1847.09,1930.96,2014.83,2098.7,2182.58,2266.45,2350.32,2434.19,
1604.73,1692.98,1781.23,1869.48,1957.73,2045.98,2134.24,2222.49,2310.74,2398.99,2487.24,2575.5,
1548.96,1628.24,1707.51,1786.79,1866.07,1945.34,2024.62,2103.9,2183.17,2262.45,2341.73,2421.0,
1449.71,1516.8,1583.89,1650.97,1718.06,1785.15,1852.23,1919.32,1986.41,2053.49,2120.58,2187.67,
1306.71,1357.52,1408.32,1459.13,1509.94,1560.74,1611.55,1662.35,1713.16,1763.97,1814.77,1865.58,
1174.69,1210.81,1246.93,1283.05,1319.17,1355.29,1391.41,1427.53,1463.65,1499.77,1535.89,1572.01,
1043.14,1064.54,1085.94,1107.34,1128.74,1150.14,1171.54,1192.94,1214.34,1235.74,1257.14,1278.54,
906.35,911.92,917.48,923.05,928.62,934.19,939.76,945.33,950.9,956.46,962.03,967.6,
781.95,773.17,764.38,755.59,746.8,738.01,729.22,720.44,711.65,702.86,694.07,685.28,
643.98,619.22,594.47,569.71,544.95,520.2,495.44,470.69,445.93,421.17,396.42,371.66,
532.84,494.95,457.06,419.17,381.28,343.39,305.51,267.62,229.73,191.84,153.95,116.06,
394.85,342.83,290.81,238.78,186.76,134.74,82.72,30.7,0.0,0.0,0.0,0.0,
305.95,244.97,183.99,123.01,62.03,1.05,0.0,0.0,0.0,0.0,0.0,0.0,
289.12,228.78,168.44,108.09,47.75,0.0,0.0,0.0,0.0,0.0,0.0,0.0,
289.69,233.51,177.34,121.16,64.98,8.8,0.0,0.0,0.0,0.0,0.0,0.0,
253.96,197.78,141.6,85.42,29.24,0.0,0.0,0.0,0.0,0.0,0.0,0.0,
378.52,339.92,301.31,262.71,224.1,185.49,146.89,108.28,69.68,31.07,0.0,0.0,
460.03,434.46,408.89,383.32,357.75,332.18,306.61,281.05,255.48,229.91,204.34,178.77,
632.48,629.26,626.04,622.81,619.59,616.36,613.14,609.92,606.69,603.47,600.24,597.02,
795.03,810.76,826.49,842.22,857.95,873.68,889.4,905.13,920.86,936.59,952.32,968.05,
1007.73,1041.73,1075.73,1109.74,1143.74,1177.74,1211.74,1245.74,1279.74,1313.74,1347.74,1381.74,
1206.21,1255.32,1304.44,1353.56,1402.67,1451.79,1500.9,1550.02,1599.13,1648.25,1697.36,1746.48,
1219.46,1267.25,1315.05,1362.85,1410.64,1458.44,1506.24,1554.03,1601.83,1649.63,1697.42,1745.22,
1168.9,1210.24,1251.58,1292.92,1334.26,1375.6,1416.95,1458.29,1499.63,1540.97,1582.31,1623.65,
1272.59,1319.69,1366.78,1413.87,1460.96,1508.05,1555.15,1602.24,1649.33,1696.42,1743.51,1790.61,
1341.21,1391.1,1440.98,1490.87,1540.76,1590.65,1640.53,1690.42,1740.31,1790.2,1840.08,1889.97,
1293.5,1336.97,1380.43,1423.89,1467.35,1510.81,1554.28,1597.74,1641.2,1684.66,1728.13,1771.59,
1180.69,1212.32,1243.95,1275.59,1307.22,1338.85,1370.49,1402.12,1433.76,1465.39,1497.02,1528.66,
1076.77,1098.11,1119.45,1140.79,1162.13,1183.46,1204.8,1226.14,1247.48,1268.82,1290.16,1311.49,
938.19,944.9,951.61,958.32,965.03,971.74,978.45,985.16,991.87,998.58,1005.29,1012.0,
805.56,799.36,793.17,786.97,780.77,774.57,768.37,762.18,755.98,749.78,743.58,737.38,
682.67,665.11,647.54,629.97,612.41,594.84,577.27,559.71,542.14,524.57,507.01,489.44,
549.34,518.97,488.59,458.22,427.85,397.47,367.1,336.72,306.35,275.98,245.6,215.23,
409.77,365.09,320.41,275.73,231.06,186.38,141.7,97.02,52.34,7.66,0.0,0.0,
326.83,275.82,224.82,173.81,122.81,71.8,20.79,0.0,0.0,0.0,0.0,0.0,
214.07,153.07,92.07,31.07,0.0,0.0,0.0,0.0,0.0,0.0,0.0,0.0,
137.92,72.14,6.36,0.0,0.0,0.0,0.0,0.0,0.0,0.0,0.0,0.0,
84.76,17.06,0.0,0.0,0.0,0.0,0.0,0.0,0.0,0.0,0.0,0.0,
134.19,77.64,21.08,0.0,0.0,0.0,0.0,0.0,0.0,0.0,0.0,0.0,
195.61,152.66,109.7,66.74,23.78,0.0,0.0,0.0,0.0,0.0,0.0,0.0,
225.92,188.56,151.2,113.84,76.49,39.13,1.77,0.0,0.0,0.0,0.0,0.0,
215.86,178.76,141.66,104.56,67.45,30.35,0.0,0.0,0.0,0.0,0.0,0.0,
415.44,401.8,388.15,374.5,360.85,347.2,333.55,319.9,306.25,292.6,278.95,265.3,
565.43,570.63,575.84,581.04,586.24,591.45,596.65,601.85,607.06,612.26,617.46,622.67,
789.75,815.49,841.24,866.98,892.73,918.47,944.22,969.96,995.71,1021.45,1047.2,1072.94,
960.72,1000.08,1039.44,1078.81,1118.17,1157.53,1196.89,1236.25,1275.62,1314.98,1354.34,1393.7,
994.2,1035.81,1077.43,1119.05,1160.66,1202.28,1243.9,1285.52,1327.13,1368.75,1410.37,1451.98,
1055.22,1100.59,1145.96,1191.33,1236.7,1282.06,1327.43,1372.8,1418.17,1463.54,1508.91,1554.27,
1176.93,1230.13,1283.32,1336.51,1389.7,1442.89,1496.09,1549.28,1602.47,1655.66,1708.85,1762.05,
1136.85,1184.51,1232.17,1279.84,1327.5,1375.16,1422.82,1470.49,1518.15,1565.81,1613.48,1661.14,
1058.03,1096.78,1135.52,1174.27,1213.02,1251.76,1290.51,1329.26,1368.0,1406.75,1445.49,1484.24,
940.05,966.96,993.86,1020.77,1047.68,1074.58,1101.49,1128.39,1155.3,1182.21,1209.11,1236.02,
866.25,885.12,904.0,922.87,941.74,960.62,979.49,998.37,1017.24,1036.12,1054.99,1073.86,
740.33,746.35,752.37,758.39,764.4,770.42,776.44,782.46,788.47,794.49,800.51,806.53,
617.31,610.73,604.16,597.58,591.0,584.43,577.85,571.28,564.7,558.12,551.55,544.97,
486.39,466.7,447.0,427.31,407.61,387.91,368.22,348.52,328.83,309.13,289.44,269.74,
395.54,366.97,338.41,309.85,281.28,252.72,224.16,195.59,167.03,138.46,109.9,81.34,
274.56,233.91,193.26,152.61,111.96,71.31,30.66,0.0,0.0,0.0,0.0,0.0,
190.89,142.49,94.08,45.68,0.0,0.0,0.0,0.0,0.0,0.0,0.0,0.0,
78.53,19.57,0.0,0.0,0.0,0.0,0.0,0.0,0.0,0.0,0.0,0.0,
37.09,0.0,0.0,0.0,0.0,0.0,0.0,0.0,0.0,0.0,0.0,0.0,
13.37,0.0,0.0,0.0,0.0,0.0,0.0,0.0,0.0,0.0,0.0,0.0,
72.01,24.49,0.0,0.0,0.0,0.0,0.0,0.0,0.0,0.0,0.0,0.0,
140.78,105.97,71.16,36.35,1.54,0.0,0.0,0.0,0.0,0.0,0.0,0.0,
159.98,129.38,98.78,68.18,37.59,6.99,0.0,0.0,0.0,0.0,0.0,0.0,
215.04,193.34,171.64,149.95,128.25,106.55,84.85,63.16,41.46,19.76,0.0,0.0,
320.59,315.25,309.91,304.56,299.22,293.88,288.54,283.2,277.86,272.51,267.17,261.83,
359.54,359.78,360.02,360.26,360.5,360.73,360.97,361.21,361.45,361.69,361.93,362.16,
419.69,426.01,432.32,438.63,444.94,451.26,457.57,463.88,470.19,476.51,482.82,489.13,
437.1,444.41,451.72,459.02,466.33,473.64,480.95,488.26,495.57,502.88,510.18,517.49,
456.09,466.05,476.02,485.98,495.94,505.91,515.87,525.83,535.79,545.76,555.72,565.68,
460.84,470.65,480.46,490.28,500.09,509.9,519.72,529.53,539.34,549.16,558.97,568.78,
482.76,493.79,504.82,515.85,526.88,537.9,548.93,559.96,570.99,582.02,593.04,604.07,
470.25,479.26,488.27,497.28,506.29,515.3,524.31,533.32,542.33,551.34,560.35,569.36,
469.12,477.92,486.72,495.52,504.33,513.13,521.93,530.73,539.53,548.33,557.14,565.94,
479.39,488.05,496.71,505.37,514.03,522.69,531.35,540.01,548.67,557.33,565.99,574.65,
506.78,517.24,527.69,538.14,548.59,559.04,569.49,579.94,590.39,600.84,611.29,621.75,
495.24,503.33,511.43,519.52,527.62,535.71,543.8,551.9,559.99,568.09,576.18,584.28,
496.53,503.18,509.83,516.49,523.14,529.79,536.44,543.09,549.75,556.4,563.05,569.7,
483.73,488.94,494.16,499.37,504.58,509.79,515.0,520.21,525.42,530.64,535.85,541.06,
462.31,465.4,468.49,471.58,474.67,477.76,480.85,483.94,487.03,490.12,493.22,496.31,
439.24,439.95,440.65,441.35,442.06,442.76,443.46,444.17,444.87,445.58,446.28,446.98,
418.27,416.9,415.53,414.15,412.78,411.4,410.03,408.65,407.28,405.9,404.53,403.15,
424.08,422.96,421.85,420.73,419.62,418.51,417.39,416.28,415.16,414.05,412.93,411.82,
497.16,501.39,505.61,509.83,514.05,518.27,522.49,526.72,530.94,535.16,539.38,543.6,
465.68,466.77,467.87,468.96,470.06,471.15,472.25,473.34,474.44,475.53,476.63,477.72,
465.44,467.34,469.24,471.14,473.04,474.94,476.84,478.74,480.64,482.54,484.44,486.34,
453.93,455.06,456.18,457.31,458.44,459.56,460.69,461.82,462.94,464.07,465.2,466.32,
456.5,457.25,457.99,458.73,459.48,460.22,460.96,461.7,462.45,463.19,463.93,464.68,
469.81,471.29,472.78,474.26,475.74,477.23,478.71,480.19,481.67,483.16,484.64,486.12,
495.31,499.21,503.1,507.0,510.9,514.8,518.69,522.59,526.49,530.39,534.29,538.18,
466.82,467.8,468.79,469.78,470.76,471.75,472.74,473.72,474.71,475.7,476.68,477.67,
463.51,463.58,463.65,463.72,463.79,463.87,463.94,464.01,464.08,464.15,464.22,464.29,
468.69,469.44,470.2,470.95,471.7,472.45,473.2,473.95,474.7,475.45,476.21,476.96,
467.79,469.24,470.68,472.13,473.57,475.02,476.47,477.91,479.36,480.8,482.25,483.69,
450.41,450.42,450.43,450.44,450.44,450.45,450.46,450.47,450.48,450.49,450.49,450.5,
450.82,451.52,452.23,452.93,453.64,454.35,455.05,455.76,456.46,457.17,457.88,458.58,
447.64,447.71,447.79,447.86,447.93,448.01,448.08,448.15,448.23,448.3,448.37,448.45,
436.94,435.41,433.88,432.34,430.81,429.28,427.75,426.21,424.68,423.15,421.62,420.08,
411.3,406.94,402.58,398.22,393.86,389.5,385.14,380.78,376.42,372.06,367.7,363.34,
388.56,381.59,374.62,367.65,360.68,353.71,346.74,339.77,332.8,325.83,318.86,311.89,
372.38,364.27,356.17,348.06,339.95,331.85,323.74,315.64,307.53,299.42,291.32,283.21,
442.95,443.59,444.22,444.86,445.5,446.14,446.77,447.41,448.05,448.69,449.33,449.96,
449.73,450.15,450.58,451.0,451.42,451.84,452.26,452.69,453.11,453.53,453.95,454.37,
432.75,431.42,430.09,428.77,427.44,426.12,424.79,423.47,422.14,420.82,419.49,418.17,
407.05,403.15,399.25,395.36,391.46,387.57,383.67,379.78,375.88,371.98,368.09,364.19,
403.97,400.27,396.58,392.89,389.19,385.5,381.81,378.11,374.42,370.73,367.03,363.34,
405.71,402.99,400.27,397.55,394.83,392.11,389.39,386.67,383.95,381.23,378.51,375.79,
407.53,406.01,404.48,402.96,401.44,399.91,398.39,396.87,395.34,393.82,392.3,390.77,
388.33,384.82,381.32,377.82,374.31,370.81,367.31,363.8,360.3,356.79,353.29,349.79,
393.9,391.42,388.93,386.45,383.97,381.48,379.0,376.51,374.03,371.55,369.06,366.58,
398.97,397.36,395.76,394.15,392.54,390.94,389.33,387.73,386.12,384.52,382.91,381.3,
392.24,390.05,387.86,385.68,383.49,381.31,379.12,376.93,374.75,372.56,370.38,368.19,
387.03,384.13,381.23,378.32,375.42,372.52,369.61,366.71,363.81,360.91,358.0,355.1,
396.96,394.8,392.64,390.47,388.31,386.15,383.99,381.83,379.66,377.5,375.34,373.18,
471.62,475.69,479.76,483.83,487.91,491.98,496.05,500.12,504.19,508.26,512.33,516.4,
519.69,527.69,535.69,543.68,551.68,559.68,567.67,575.67,583.67,591.66,599.66,607.66,
536.34,545.12,553.91,562.69,571.48,580.26,589.05,597.83,606.61,615.4,624.18,632.97,
589.71,602.24,614.76,627.29,639.81,652.34,664.86,677.39,689.91,702.44,714.97,727.49,
621.67,635.81,649.95,664.09,678.23,692.37,706.51,720.65,734.79,748.93,763.07,777.21,
709.65,731.47,753.29,775.11,796.92,818.74,840.56,862.37,884.19,906.01,927.83,949.64,
738.99,763.24,787.5,811.75,836.0,860.25,884.5,908.75,933.0,957.25,981.5,1005.75,
722.01,743.86,765.72,787.57,809.42,831.28,853.13,874.99,896.84,918.7,940.55,962.41,
700.71,719.48,738.26,757.03,775.81,794.59,813.36,832.14,850.91,869.69,888.47,907.24,
676.68,692.44,708.2,723.96,739.73,755.49,771.25,787.01,802.77,818.53,834.3,850.06,
646.42,658.56,670.7,682.84,694.98,707.12,719.25,731.39,743.53,755.67,767.81,779.95,
600.4,607.43,614.47,621.51,628.54,635.58,642.62,649.65,656.69,663.72,670.76,677.8,
547.35,548.64,549.92,551.2,552.48,553.77,555.05,556.33,557.62,558.9,560.18,561.46,
504.73,501.49,498.24,495.0,491.75,488.51,485.26,482.02,478.78,475.53,472.29,469.04,
431.97,421.82,411.66,401.51,391.35,381.2,371.05,360.89,350.74,340.58,330.43,320.27,
360.5,343.39,326.27,309.16,292.05,274.94,257.83,240.72,223.61,206.49,189.38,172.27,
313.8,291.94,270.08,248.22,226.37,204.51,182.65,160.79,138.94,117.08,95.22,73.36,
251.04,223.67,196.31,168.95,141.58,114.22,86.85,59.49,32.12,4.76,0.0,0.0,
277.48,254.26,231.04,207.81,184.59,161.36,138.14,114.92,91.69,68.47,45.24,22.02,
291.47,270.68,249.89,229.09,208.3,187.51,166.72,145.92,125.13,104.34,83.54,62.75,
285.48,264.8,244.12,223.44,202.76,182.08,161.4,140.72,120.04,99.36,78.68,58.0,
285.67,267.25,248.82,230.39,211.97,193.54,175.12,156.69,138.26,119.84,101.41,82.98,
290.02,273.9,257.78,241.66,225.54,209.42,193.3,177.17,161.05,144.93,128.81,112.69,
359.02,352.0,344.99,337.97,330.96,323.94,316.93,309.91,302.9,295.88,288.86,281.85,
441.63,443.01,444.39,445.76,447.14,448.52,449.89,451.27,452.65,454.02,455.4,456.78,
541.39,551.29,561.2,571.1,581.01,590.92,600.82,610.73,620.63,630.54,640.45,650.35,
741.58,767.84,794.11,820.37,846.64,872.9,899.17,925.43,951.7,977.96,1004.23,1030.49,
838.64,872.5,906.37,940.23,974.09,1007.95,1041.82,1075.68,1109.54,1143.41,1177.27,1211.13,
968.16,1011.81,1055.45,1099.09,1142.74,1186.38,1230.02,1273.66,1317.31,1360.95,1404.59,1448.24,
1097.75,1150.35,1202.95,1255.56,1308.16,1360.77,1413.37,1465.98,1518.58,1571.19,1623.79,1676.4,
1211.97,1271.69,1331.42,1391.15,1450.88,1510.61,1570.33,1630.06,1689.79,1749.52,1809.24,1868.97,
1206.54,1263.73,1320.91,1378.1,1435.29,1492.47,1549.66,1606.84,1664.03,1721.21,1778.4,1835.59,
1128.64,1176.13,1223.63,1271.12,1318.62,1366.11,1413.61,1461.1,1508.6,1556.09,1603.58,1651.08,
1021.67,1057.12,1092.58,1128.03,1163.48,1198.93,1234.38,1269.83,1305.28,1340.73,1376.18,1411.63,
928.73,954.01,979.3,1004.58,1029.86,1055.14,1080.42,1105.7,1130.99,1156.27,1181.55,1206.83,
842.42,857.04,871.65,886.27,900.89,915.5,930.12,944.74,959.36,973.97,988.59,1003.21,
752.13,757.73,763.33,768.93,774.52,780.12,785.72,791.32,796.92,802.52,808.12,813.71,
655.35,651.25,647.15,643.04,638.94,634.84,630.73,626.63,622.53,618.42,614.32,610.22,
555.18,540.67,526.16,511.64,497.13,482.62,468.11,453.59,439.08,424.57,410.05,395.54,
437.82,410.77,383.72,356.67,329.62,302.57,275.53,248.48,221.43,194.38,167.33,140.28,
341.8,304.03,266.25,228.48,190.7,152.93,115.15,77.38,39.6,1.83,0.0,0.0,
257.19,211.07,164.96,118.85,72.73,26.62,0.0,0.0,0.0,0.0,0.0,0.0,
183.44,131.36,79.27,27.18,0.0,0.0,0.0,0.0,0.0,0.0,0.0,0.0,
140.89,86.91,32.92,0.0,0.0,0.0,0.0,0.0,0.0,0.0,0.0,0.0,
187.58,143.4,99.23,55.06,10.88,0.0,0.0,0.0,0.0,0.0,0.0,0.0,
233.0,195.44,157.88,120.32,82.75,45.19,7.63,0.0,0.0,0.0,0.0,0.0,
264.94,234.9,204.86,174.82,144.78,114.73,84.69,54.65,24.61,0.0,0.0,0.0,
465.35,457.32,449.29,441.26,433.23,425.21,417.18,409.15,401.12,393.1,385.07,377.04,
748.79,769.55,790.31,811.08,831.84,852.6,873.36,894.12,914.88,935.65,956.41,977.17,
921.58,957.86,994.14,1030.42,1066.71,1102.99,1139.27,1175.55,1211.84,1248.12,1284.4,1320.69,
1019.61,1063.26,1106.91,1150.56,1194.21,1237.87,1281.52,1325.17,1368.82,1412.47,1456.12,1499.78,
1055.53,1100.34,1145.15,1189.96,1234.76,1279.57,1324.38,1369.19,1413.99,1458.8,1503.61,1548.42,
1220.42,1276.54,1332.65,1388.77,1444.89,1501.0,1557.12,1613.24,1669.36,1725.47,1781.59,1837.71,
1445.84,1518.42,1591.0,1663.59,1736.17,1808.75,1881.34,1953.92,2026.5,2099.08,2171.67,2244.25,
1490.75,1563.73,1636.71,1709.68,1782.66,1855.64,1928.61,2001.59,2074.57,2147.54,2220.52,2293.5,
1395.02,1456.69,1518.36,1580.03,1641.7,1703.37,1765.04,1826.72,1888.39,1950.06,2011.73,2073.4,
1279.54,1328.32,1377.09,1425.86,1474.64,1523.41,1572.18,1620.96,1669.73,1718.5,1767.28,1816.05,
1174.32,1210.66,1247.01,1283.35,1319.69,1356.03,1392.37,1428.71,1465.05,1501.39,1537.73,1574.08,
1071.43,1096.24,1121.05,1145.86,1170.67,1195.47,1220.28,1245.09,1269.9,1294.71,1319.52,1344.33,
932.91,942.96,953.02,963.08,973.13,983.19,993.25,1003.31,1013.36,1023.42,1033.48,1043.54,
772.12,765.18,758.23,751.28,744.33,737.38,730.43,723.48,716.53,709.58,702.64,695.69,
633.81,611.82,589.83,567.83,545.84,523.85,501.85,479.86,457.87,435.87,413.88,391.89,
506.15,470.67,435.19,399.72,364.24,328.76,293.28,257.8,222.32,186.85,151.37,115.89,
407.15,361.79,316.42,271.05,225.69,180.32,134.95,89.59,44.22,0.0,0.0,0.0,
255.18,193.91,132.63,71.35,10.08,0.0,0.0,0.0,0.0,0.0,0.0,0.0,
179.11,113.9,48.69,0.0,0.0,0.0,0.0,0.0,0.0,0.0,0.0,0.0,
186.13,127.16,68.19,9.22,0.0,0.0,0.0,0.0,0.0,0.0,0.0,0.0,
165.1,108.78,52.45,0.0,0.0,0.0,0.0,0.0,0.0,0.0,0.0,0.0,
140.12,84.99,29.86,0.0,0.0,0.0,0.0,0.0,0.0,0.0,0.0,0.0,
112.61,57.25,1.89,0.0,0.0,0.0,0.0,0.0,0.0,0.0,0.0,0.0,
198.27,157.5,116.72,75.94,35.16,0.0,0.0,0.0,0.0,0.0,0.0,0.0,
437.25,426.49,415.73,404.97,394.2,383.44,372.68,361.92,351.15,340.39,329.63,318.87,
686.88,701.57,716.26,730.95,745.64,760.33,775.02,789.71,804.4,819.09,833.78,848.47,
755.33,775.95,796.57,817.18,837.8,858.42,879.04,899.66,920.28,940.9,961.52,982.14,
884.14,914.64,945.15,975.65,1006.16,1036.67,1067.17,1097.68,1128.18,1158.69,1189.19,1219.7,
979.1,1017.2,1055.29,1093.38,1131.48,1169.57,1207.66,1245.75,1283.85,1321.94,1360.03,1398.13,
1137.56,1187.84,1238.11,1288.39,1338.66,1388.94,1439.22,1489.49,1539.77,1590.04,1640.32,1690.59,
1287.54,1347.75,1407.95,1468.15,1528.36,1588.56,1648.76,1708.97,1769.17,1829.37,1889.58,1949.78,
1326.23,1386.43,1446.64,1506.84,1567.05,1627.26,1687.46,1747.67,1807.87,1868.08,1928.28,1988.49,
1243.48,1294.57,1345.67,1396.77,1447.87,1498.96,1550.06,1601.16,1652.25,1703.35,1754.45,1805.54,
1148.31,1189.35,1230.38,1271.42,1312.46,1353.5,1394.54,1435.57,1476.61,1517.65,1558.69,1599.73,
1044.22,1074.91,1105.59,1136.28,1166.97,1197.66,1228.35,1259.04,1289.73,1320.42,1351.11,1381.8,
922.01,939.79,957.58,975.36,993.14,1010.93,1028.71,1046.5,1064.28,1082.07,1099.85,1117.63,
793.14,797.13,801.13,805.13,809.12,813.12,817.12,821.12,825.11,829.11,833.11,837.1,
679.16,671.51,663.86,656.21,648.56,640.91,633.26,625.61,617.96,610.31,602.66,595.01,
565.79,545.73,525.66,505.6,485.54,465.48,445.41,425.35,405.29,385.22,365.16,345.1,
436.97,403.31,369.65,335.98,302.32,268.66,234.99,201.33,167.67,134.0,100.34,66.67,
318.61,272.44,226.28,180.12,133.95,87.79,41.62,0.0,0.0,0.0,0.0,0.0,
204.75,147.47,90.2,32.93,0.0,0.0,0.0,0.0,0.0,0.0,0.0,0.0,
143.07,82.84,22.61,0.0,0.0,0.0,0.0,0.0,0.0,0.0,0.0,0.0,
131.55,75.83,20.12,0.0,0.0,0.0,0.0,0.0,0.0,0.0,0.0,0.0,
78.43,20.02,0.0,0.0,0.0,0.0,0.0,0.0,0.0,0.0,0.0,0.0,
95.48,43.28,0.0,0.0,0.0,0.0,0.0,0.0,0.0,0.0,0.0,0.0,
109.12,61.94,14.76,0.0,0.0,0.0,0.0,0.0,0.0,0.0,0.0,0.0,
248.35,219.53,190.71,161.89,133.08,104.26,75.44,46.63,17.81,0.0,0.0,0.0,
519.95,521.25,522.55,523.85,525.15,526.45,527.75,529.05,530.35,531.65,532.95,534.25,
664.81,682.89,700.97,719.05,737.13,755.21,773.29,791.37,809.45,827.53,845.61,863.68,
817.81,848.45,879.09,909.73,940.37,971.01,1001.66,1032.3,1062.94,1093.58,1124.22,1154.86,
1038.09,1085.79,1133.49,1181.19,1228.89,1276.59,1324.29,1371.99,1419.69,1467.39,1515.09,1562.79,
1052.75,1100.12,1147.49,1194.87,1242.24,1289.61,1336.98,1384.35,1431.72,1479.1,1526.47,1573.84,
1009.27,1051.41,1093.55,1135.69,1177.83,1219.96,1262.1,1304.24,1346.38,1388.52,1430.66,1472.8,
1049.34,1092.72,1136.1,1179.48,1222.86,1266.24,1309.62,1353.01,1396.39,1439.77,1483.15,1526.53,
1078.7,1122.29,1165.88,1209.46,1253.05,1296.64,1340.23,1383.82,1427.41,1470.99,1514.58,1558.17,
993.5,1028.47,1063.45,1098.42,1133.39,1168.36,1203.33,1238.3,1273.27,1308.24,1343.21,1378.19,
904.5,929.97,955.43,980.89,1006.35,1031.81,1057.28,1082.74,1108.2,1133.66,1159.13,1184.59,
816.95,833.29,849.62,865.96,882.29,898.63,914.96,931.29,947.63,963.96,980.3,996.63,
725.59,732.09,738.59,745.08,751.58,758.07,764.57,771.06,777.56,784.05,790.55,797.04,
631.25,627.39,623.52,619.65,615.78,611.92,608.05,604.18,600.31,596.44,592.58,588.71,
529.99,514.89,499.8,484.7,469.61,454.51,439.42,424.32,409.23,394.13,379.04,363.94,
422.62,395.83,369.04,342.26,315.47,288.68,261.89,235.1,208.31,181.52,154.74,127.95,
305.52,266.93,228.35,189.76,151.17,112.58,73.99,35.41,0.0,0.0,0.0,0.0,
191.88,141.82,91.76,41.7,0.0,0.0,0.0,0.0,0.0,0.0,0.0,0.0,
132.92,78.67,24.41,0.0,0.0,0.0,0.0,0.0,0.0,0.0,0.0,0.0,
215.86,173.23,130.61,87.98,45.35,2.72,0.0,0.0,0.0,0.0,0.0,0.0,
188.51,145.58,102.65,59.72,16.79,0.0,0.0,0.0,0.0,0.0,0.0,0.0,
212.72,176.85,140.99,105.12,69.26,33.39,0.0,0.0,0.0,0.0,0.0,0.0,
296.12,275.99,255.86,235.73,215.61,195.48,175.35,155.22,135.09,114.97,94.84,74.71,
302.39,285.15,267.91,250.67,233.43,216.2,198.96,181.72,164.48,147.24,130.0,112.76,
287.08,269.14,251.2,233.26,215.32,197.38,179.44,161.5,143.57,125.63,107.69,89.75,
344.25,335.03,325.82,316.61,307.39,298.18,288.97,279.75,270.54,261.33,252.11,242.9,
391.01,389.86,388.72,387.57,386.42,385.28,384.13,382.99,381.84,380.7,379.55,378.41,
384.25,382.56,380.87,379.19,377.5,375.81,374.12,372.44,370.75,369.06,367.38,365.69,
380.5,378.68,376.87,375.05,373.23,371.41,369.59,367.77,365.96,364.14,362.32,360.5,
358.02,354.53,351.04,347.55,344.06,340.57,337.08,333.6,330.11,326.62,323.13,319.64,
413.36,414.48,415.6,416.72,417.84,418.96,420.08,421.2,422.32,423.44,424.56,425.68,
409.31,410.31,411.31,412.31,413.31,414.3,415.3,416.3,417.3,418.3,419.29,420.29,
406.26,407.18,408.09,409.01,409.93,410.84,411.76,412.68,413.59,414.51,415.43,416.34,
401.9,402.43,402.97,403.51,404.05,404.59,405.13,405.67,406.21,406.74,407.28,407.82,
363.75,360.49,357.23,353.97,350.71,347.45,344.19,340.93,337.67,334.41,331.15,327.89,
347.25,341.98,336.72,331.45,326.18,320.92,315.65,310.38,305.12,299.85,294.59,289.32,
338.68,332.51,326.34,320.18,314.01,307.84,301.67,295.5,289.33,283.17,277.0,270.83,
372.63,371.96,371.28,370.61,369.93,369.25,368.58,367.9,367.23,366.55,365.87,365.2,
372.97,372.33,371.69,371.04,370.4,369.76,369.12,368.48,367.84,367.2,366.56,365.92,
369.84,368.95,368.06,367.17,366.28,365.39,364.51,363.62,362.73,361.84,360.95,360.06,
362.84,361.12,359.41,357.7,355.98,354.27,352.56,350.84,349.13,347.42,345.71,343.99,
367.73,366.26,364.79,363.32,361.86,360.39,358.92,357.45,355.99,354.52,353.05,351.58,
408.29,409.87,411.45,413.03,414.61,416.19,417.77,419.35,420.93,422.51,424.09,425.67,
410.71,412.99,415.27,417.55,419.83,422.11,424.39,426.67,428.95,431.23,433.51,435.79,
410.67,412.72,414.77,416.82,418.88,420.93,422.98,425.04,427.09,429.14,431.19,433.25,
419.01,421.55,424.08,426.61,429.15,431.68,434.21,436.75,439.28,441.81,444.35,446.88,
412.82,414.66,416.51,418.35,420.19,422.03,423.87,425.71,427.55,429.39,431.23,433.08,
397.2,396.83,396.46,396.09,395.72,395.35,394.98,394.61,394.24,393.87,393.5,393.13,
431.69,436.13,440.56,445.0,449.43,453.87,458.31,462.74,467.18,471.61,476.05,480.48,
448.83,454.46,460.08,465.71,471.33,476.96,482.58,488.21,493.83,499.46,505.08,510.71,
445.99,451.21,456.43,461.65,466.87,472.09,477.31,482.53,487.75,492.97,498.2,503.42,
441.76,446.49,451.23,455.96,460.7,465.43,470.17,474.9,479.64,484.37,489.11,493.84,
423.89,426.08,428.27,430.47,432.66,434.85,437.05,439.24,441.43,443.63,445.82,448.01,
413.79,414.83,415.88,416.92,417.96,419.0,420.04,421.09,422.13,423.17,424.21,425.26,
456.0,460.09,464.18,468.26,472.35,476.44,480.53,484.61,488.7,492.79,496.88,500.96,
450.06,453.26,456.46,459.66,462.86,466.05,469.25,472.45,475.65,478.85,482.05,485.25,
434.5,436.11,437.71,439.31,440.91,442.52,444.12,445.72,447.32,448.93,450.53,452.13,
433.57,434.59,435.62,436.64,437.67,438.69,439.72,440.74,441.77,442.79,443.82,444.84,
422.45,422.04,421.63,421.22,420.82,420.41,420.0,419.59,419.18,418.77,418.36,417.96,
394.91,392.17,389.44,386.7,383.97,381.23,378.5,375.77,373.03,370.3,367.56,364.83,
415.61,415.94,416.26,416.58,416.9,417.22,417.55,417.87,418.19,418.51,418.83,419.16,
384.41,381.89,379.38,376.86,374.34,371.82,369.3,366.79,364.27,361.75,359.23,356.71,
382.31,379.57,376.84,374.11,371.37,368.64,365.9,363.17,360.44,357.7,354.97,352.24,
386.61,384.52,382.42,380.32,378.22,376.12,374.02,371.92,369.82,367.72,365.62,363.52,
357.02,352.34,347.66,342.97,338.29,333.61,328.93,324.24,319.56,314.88,310.2,305.52,
353.46,348.36,343.26,338.16,333.07,327.97,322.87,317.77,312.67,307.58,302.48,297.38,
354.59,349.79,344.99,340.19,335.38,330.58,325.78,320.97,316.17,311.37,306.57,301.76,
344.8,339.94,335.08,330.22,325.35,320.49,315.63,310.76,305.9,301.04,296.18,291.31,
344.31,339.43,334.56,329.68,324.81,319.94,315.06,310.19,305.31,300.44,295.57,290.69,
347.92,343.3,338.68,334.05,329.43,324.81,320.19,315.57,310.94,306.32,301.7,297.08,
354.57,350.44,346.3,342.17,338.04,333.9,329.77,325.64,321.5,317.37,313.24,309.1,
363.02,359.43,355.83,352.24,348.64,345.05,341.45,337.86,334.26,330.67,327.08,323.48,
413.73,416.14,418.54,420.95,423.35,425.75,428.16,430.56,432.97,435.37,437.78,440.18,
539.17,551.72,564.27,576.82,589.37,601.92,614.47,627.02,639.57,652.12,664.67,677.22,
593.93,610.37,626.81,643.25,659.68,676.12,692.56,709.0,725.44,741.87,758.31,774.75,
821.63,856.13,890.63,925.13,959.63,994.13,1028.63,1063.13,1097.63,1132.13,1166.63,1201.13,
1009.45,1057.99,1106.53,1155.07,1203.61,1252.14,1300.68,1349.22,1397.76,1446.3,1494.84,1543.38,
971.15,1014.47,1057.79,1101.11,1144.43,1187.75,1231.07,1274.39,1317.71,1361.03,1404.35,1447.67,
1174.4,1232.5,1290.61,1348.72,1406.82,1464.93,1523.04,1581.14,1639.25,1697.36,1755.46,1813.57,
1290.54,1354.78,1419.02,1483.27,1547.51,1611.75,1676.0,1740.24,1804.48,1868.73,1932.97,1997.21,
1307.01,1369.97,1432.93,1495.89,1558.85,1621.81,1684.77,1747.72,1810.68,1873.64,1936.6,1999.56,
1212.94,1265.69,1318.44,1371.19,1423.93,1476.68,1529.43,1582.18,1634.93,1687.67,1740.42,1793.17,
1093.93,1133.35,1172.78,1212.2,1251.63,1291.05,1330.48,1369.9,1409.33,1448.75,1488.18,1527.61,
971.08,997.79,1024.49,1051.2,1077.9,1104.61,1131.31,1158.02,1184.72,1211.43,1238.13,1264.84,
866.95,882.43,897.91,913.39,928.87,944.35,959.83,975.31,990.79,1006.27,1021.75,1037.23,
734.63,735.87,737.11,738.34,739.58,740.82,742.05,743.29,744.52,745.76,747.0,748.23,
596.08,583.26,570.44,557.62,544.8,531.98,519.16,506.33,493.51,480.69,467.87,455.05,
468.84,443.11,417.37,391.64,365.9,340.16,314.43,288.69,262.96,237.22,211.49,185.75,
340.28,301.71,263.14,224.56,185.99,147.42,108.84,70.27,31.7,0.0,0.0,0.0,
219.25,168.65,118.05,67.44,16.84,0.0,0.0,0.0,0.0,0.0,0.0,0.0,
101.65,39.89,0.0,0.0,0.0,0.0,0.0,0.0,0.0,0.0,0.0,0.0,
44.25,0.0,0.0,0.0,0.0,0.0,0.0,0.0,0.0,0.0,0.0,0.0,
0.0,0.0,0.0,0.0,0.0,0.0,0.0,0.0,0.0,0.0,0.0,0.0,
0.0,0.0,0.0,0.0,0.0,0.0,0.0,0.0,0.0,0.0,0.0,0.0,
47.09,0.0,0.0,0.0,0.0,0.0,0.0,0.0,0.0,0.0,0.0,0.0,
44.46,0.0,0.0,0.0,0.0,0.0,0.0,0.0,0.0,0.0,0.0,0.0,
143.36,112.87,82.37,51.88,21.38,0.0,0.0,0.0,0.0,0.0,0.0,0.0,
339.29,332.66,326.03,319.4,312.77,306.13,299.5,292.87,286.24,279.61,272.98,266.35,
539.75,553.74,567.72,581.71,595.69,609.68,623.66,637.65,651.64,665.62,679.61,693.59,
765.2,797.5,829.79,862.09,894.39,926.68,958.98,991.28,1023.57,1055.87,1088.16,1120.46,
904.75,947.75,990.76,1033.76,1076.76,1119.77,1162.77,1205.77,1248.78,1291.78,1334.78,1377.79,
892.41,933.16,973.9,1014.65,1055.39,1096.14,1136.88,1177.63,1218.37,1259.12,1299.86,1340.61,
1020.33,1070.56,1120.79,1171.02,1221.25,1271.47,1321.7,1371.93,1422.16,1472.39,1522.61,1572.84,
1110.12,1165.78,1221.44,1277.1,1332.76,1388.43,1444.09,1499.75,1555.41,1611.07,1666.73,1722.39,
1139.32,1194.65,1249.97,1305.3,1360.62,1415.95,1471.28,1526.6,1581.93,1637.26,1692.58,1747.91,
1116.35,1167.2,1218.05,1268.89,1319.74,1370.59,1421.44,1472.29,1523.14,1573.99,1624.84,1675.69,
1036.93,1078.46,1119.99,1161.52,1203.05,1244.58,1286.11,1327.64,1369.17,1410.7,1452.23,1493.76,
949.46,981.08,1012.7,1044.32,1075.94,1107.56,1139.19,1170.81,1202.43,1234.05,1265.67,1297.29,
817.49,835.35,853.21,871.07,888.92,906.78,924.64,942.5,960.36,978.22,996.08,1013.93,
680.15,683.77,687.39,691.0,694.62,698.24,701.86,705.48,709.1,712.71,716.33,719.95,
552.16,542.44,532.71,522.99,513.26,503.54,493.81,484.08,474.36,464.63,454.91,445.18,
424.15,400.82,377.49,354.16,330.83,307.5,284.18,260.85,237.52,214.19,190.86,167.53,
297.59,261.02,224.45,187.88,151.31,114.74,78.17,41.6,5.03,0.0,0.0,0.0,
185.88,138.99,92.11,45.22,0.0,0.0,0.0,0.0,0.0,0.0,0.0,0.0,
68.48,9.51,0.0,0.0,0.0,0.0,0.0,0.0,0.0,0.0,0.0,0.0,
5.14,0.0,0.0,0.0,0.0,0.0,0.0,0.0,0.0,0.0,0.0,0.0,
0.0,0.0,0.0,0.0,0.0,0.0,0.0,0.0,0.0,0.0,0.0,0.0,
28.97,0.0,0.0,0.0,0.0,0.0,0.0,0.0,0.0,0.0,0.0,0.0,
67.61,27.09,0.0,0.0,0.0,0.0,0.0,0.0,0.0,0.0,0.0,0.0,
43.92,2.18,0.0,0.0,0.0,0.0,0.0,0.0,0.0,0.0,0.0,0.0,
129.31,100.63,71.94,43.25,14.57,0.0,0.0,0.0,0.0,0.0,0.0,0.0,
345.67,340.11,334.54,328.97,323.41,317.84,312.27,306.71,301.14,295.57,290.01,284.44,
545.37,560.04,574.71,589.38,604.06,618.73,633.4,648.07,662.74,677.41,692.08,706.75,
806.39,844.21,882.02,919.83,957.64,995.46,1033.27,1071.08,1108.9,1146.71,1184.52,1222.34,
1068.54,1127.25,1185.97,1244.68,1303.39,1362.1,1420.81,1479.53,1538.24,1596.95,1655.66,1714.38,
1064.99,1122.75,1180.52,1238.28,1296.05,1353.81,1411.58,1469.34,1527.1,1584.87,1642.63,1700.4,
1218.14,1285.68,1353.22,1420.76,1488.3,1555.84,1623.38,1690.92,1758.46,1826.0,1893.54,1961.09,
1315.58,1387.74,1459.89,1532.05,1604.2,1676.36,1748.51,1820.67,1892.82,1964.97,2037.13,2109.28,
1318.03,1387.08,1456.13,1525.17,1594.22,1663.27,1732.32,1801.37,1870.42,1939.47,2008.52,2077.57,
1226.71,1285.1,1343.48,1401.87,1460.25,1518.64,1577.02,1635.41,1693.79,1752.18,1810.56,1868.95,
1152.16,1201.03,1249.91,1298.79,1347.66,1396.54,1445.41,1494.29,1543.17,1592.04,1640.92,1689.79,
1031.48,1066.65,1101.81,1136.97,1172.13,1207.29,1242.46,1277.62,1312.78,1347.94,1383.1,1418.27,
894.86,915.37,935.89,956.41,976.92,997.44,1017.96,1038.48,1058.99,1079.51,1100.03,1120.54,
746.89,751.57,756.26,760.94,765.63,770.31,774.99,779.68,784.36,789.05,793.73,798.42,
605.92,595.49,585.07,574.64,564.22,553.79,543.37,532.95,522.52,512.1,501.67,491.25,
454.68,428.25,401.82,375.39,348.95,322.52,296.09,269.66,243.23,216.8,190.37,163.93,
305.7,263.85,222.0,180.15,138.3,96.45,54.6,12.75,0.0,0.0,0.0,0.0,
158.24,101.05,43.86,0.0,0.0,0.0,0.0,0.0,0.0,0.0,0.0,0.0,
22.41,0.0,0.0,0.0,0.0,0.0,0.0,0.0,0.0,0.0,0.0,0.0,
58.65,0.0,0.0,0.0,0.0,0.0,0.0,0.0,0.0,0.0,0.0,0.0,
9.14,0.0,0.0,0.0,0.0,0.0,0.0,0.0,0.0,0.0,0.0,0.0,
29.42,0.0,0.0,0.0,0.0,0.0,0.0,0.0,0.0,0.0,0.0,0.0,
99.36,57.94,16.51,0.0,0.0,0.0,0.0,0.0,0.0,0.0,0.0,0.0,
86.71,44.69,2.68,0.0,0.0,0.0,0.0,0.0,0.0,0.0,0.0,0.0,
157.97,129.62,101.28,72.94,44.6,16.25,0.0,0.0,0.0,0.0,0.0,0.0,
380.91,377.44,373.97,370.49,367.02,363.55,360.08,356.61,353.14,349.66,346.19,342.72,
621.5,641.07,660.64,680.21,699.79,719.36,738.93,758.51,778.08,797.65,817.22,836.8,
804.54,838.89,873.23,907.57,941.92,976.26,1010.6,1044.95,1079.29,1113.64,1147.98,1182.32,
1051.73,1106.4,1161.07,1215.74,1270.42,1325.09,1379.76,1434.44,1489.11,1543.78,1598.45,1653.13,
1054.99,1108.79,1162.58,1216.38,1270.17,1323.97,1377.76,1431.56,1485.35,1539.15,1592.94,1646.73,
1235.98,1302.05,1368.12,1434.18,1500.25,1566.32,1632.39,1698.46,1764.53,1830.59,1896.66,1962.73,
1305.65,1374.33,1443.01,1511.68,1580.36,1649.04,1717.72,1786.39,1855.07,1923.75,1992.42,2061.1,
1339.6,1407.86,1476.13,1544.39,1612.65,1680.91,1749.17,1817.44,1885.7,1953.96,2022.22,2090.48,
1351.43,1416.83,1482.22,1547.62,1613.02,1678.41,1743.81,1809.21,1874.6,1940.0,2005.39,2070.79,
1269.52,1324.14,1378.77,1433.4,1488.03,1542.65,1597.28,1651.91,1706.54,1761.16,1815.79,1870.42,
1139.76,1179.72,1219.68,1259.64,1299.6,1339.55,1379.51,1419.47,1459.43,1499.38,1539.34,1579.3,
1016.99,1042.54,1068.1,1093.65,1119.2,1144.76,1170.31,1195.87,1221.42,1246.97,1272.53,1298.08,
919.92,936.91,953.91,970.91,987.9,1004.9,1021.9,1038.89,1055.89,1072.89,1089.88,1106.88,
769.39,769.8,770.21,770.62,771.03,771.44,771.85,772.26,772.67,773.08,773.49,773.9,
622.54,606.66,590.78,574.9,559.02,543.14,527.26,511.38,495.5,479.62,463.74,447.86,
495.37,464.74,434.12,403.5,372.88,342.25,311.63,281.01,250.39,219.77,189.14,158.52,
395.67,353.69,311.7,269.71,227.72,185.74,143.75,101.76,59.77,17.78,0.0,0.0,
240.07,181.17,122.28,63.38,4.49,0.0,0.0,0.0,0.0,0.0,0.0,0.0,
167.56,104.52,41.49,0.0,0.0,0.0,0.0,0.0,0.0,0.0,0.0,0.0,
146.93,86.67,26.41,0.0,0.0,0.0,0.0,0.0,0.0,0.0,0.0,0.0,
147.64,92.26,36.87,0.0,0.0,0.0,0.0,0.0,0.0,0.0,0.0,0.0,
212.12,169.87,127.61,85.36,43.1,0.84,0.0,0.0,0.0,0.0,0.0,0.0,
243.82,204.12,164.42,124.72,85.01,45.31,5.61,0.0,0.0,0.0,0.0,0.0,
363.12,340.87,318.62,296.37,274.11,251.86,229.61,207.36,185.11,162.86,140.61,118.36,
610.13,612.31,614.49,616.66,618.84,621.02,623.2,625.37,627.55,629.73,631.91,634.08,
662.41,672.54,682.68,692.81,702.95,713.09,723.22,733.36,743.5,753.63,763.77,773.9,
808.92,834.51,860.1,885.7,911.29,936.88,962.48,988.07,1013.66,1039.26,1064.85,1090.44,
1025.88,1069.24,1112.59,1155.95,1199.31,1242.66,1286.02,1329.37,1372.73,1416.09,1459.44,1502.8,
1025.16,1066.91,1108.66,1150.41,1192.16,1233.9,1275.65,1317.4,1359.15,1400.9,1442.65,1484.39,
1033.69,1074.97,1116.25,1157.53,1198.82,1240.1,1281.38,1322.67,1363.95,1405.23,1446.51,1487.8,
1081.22,1123.96,1166.7,1209.43,1252.17,1294.91,1337.64,1380.38,1423.12,1465.85,1508.59,1551.33,
1015.12,1049.88,1084.65,1119.42,1154.18,1188.95,1223.72,1258.49,1293.25,1328.02,1362.79,1397.55,
906.85,930.44,954.03,977.63,1001.22,1024.81,1048.4,1072.0,1095.59,1119.18,1142.77,1166.37,
845.34,862.37,879.4,896.43,913.46,930.49,947.52,964.55,981.58,998.61,1015.64,1032.67,
804.71,817.38,830.04,842.71,855.37,868.04,880.71,893.37,906.04,918.7,931.37,944.03,
682.86,683.15,683.43,683.71,684.0,684.28,684.57,684.85,685.13,685.42,685.7,685.98,
589.34,579.39,569.43,559.48,549.53,539.58,529.62,519.67,509.72,499.77,489.81,479.86,
492.27,471.97,451.67,431.37,411.07,390.77,370.47,350.17,329.87,309.57,289.28,268.98,
390.97,360.19,329.4,298.61,267.83,237.04,206.26,175.47,144.68,113.9,83.11,52.32,
298.57,258.37,218.16,177.96,137.76,97.55,57.35,17.15,0.0,0.0,0.0,0.0,
256.16,213.28,170.4,127.52,84.64,41.77,0.0,0.0,0.0,0.0,0.0,0.0,
172.82,123.22,73.63,24.04,0.0,0.0,0.0,0.0,0.0,0.0,0.0,0.0,
209.59,169.69,129.78,89.87,49.96,10.05,0.0,0.0,0.0,0.0,0.0,0.0,
160.56,116.71,72.87,29.03,0.0,0.0,0.0,0.0,0.0,0.0,0.0,0.0,
167.53,127.97,88.41,48.85,9.3,0.0,0.0,0.0,0.0,0.0,0.0,0.0,
258.1,234.6,211.1,187.59,164.09,140.59,117.08,93.58,70.08,46.57,23.07,0.0,
268.44,247.86,227.29,206.72,186.14,165.57,145.0,124.42,103.85,83.27,62.7,42.13,
289.09,272.7,256.32,239.93,223.54,207.15,190.76,174.38,157.99,141.6,125.21,108.82,
350.52,344.14,337.77,331.4,325.03,318.65,312.28,305.91,299.54,293.16,286.79,280.42,
386.93,384.74,382.55,380.36,378.17,375.98,373.79,371.61,369.42,367.23,365.04,362.85,
401.5,400.05,398.61,397.16,395.72,394.27,392.83,391.38,389.94,388.49,387.05,385.6,
408.14,408.13,408.13,408.13,408.12,408.12,408.12,408.12,408.11,408.11,408.11,408.1,
461.78,467.55,473.32,479.09,484.87,490.64,496.41,502.18,507.95,513.73,519.5,525.27,
444.8,448.34,451.89,455.43,458.97,462.51,466.05,469.59,473.13,476.67,480.21,483.75,
443.42,447.12,450.82,454.52,458.22,461.92,465.62,469.32,473.02,476.72,480.42,484.12,
438.28,441.66,445.03,448.4,451.78,455.15,458.53,461.9,465.28,468.65,472.03,475.4,
426.61,428.88,431.16,433.43,435.71,437.98,440.25,442.53,444.8,447.08,449.35,451.63,
400.66,400.86,401.06,401.25,401.45,401.65,401.85,402.05,402.25,402.44,402.64,402.84,
401.24,401.93,402.62,403.31,404.0,404.69,405.38,406.08,406.77,407.46,408.15,408.84,
406.99,407.23,407.46,407.7,407.94,408.18,408.42,408.66,408.89,409.13,409.37,409.61,
373.37,370.73,368.08,365.44,362.79,360.15,357.5,354.86,352.21,349.57,346.92,344.28,
364.02,360.39,356.76,353.13,349.5,345.87,342.24,338.61,334.98,331.35,327.72,324.09,
331.33,324.88,318.42,311.96,305.51,299.05,292.6,286.14,279.68,273.23,266.77,260.32,
329.33,322.67,316.0,309.33,302.67,296.0,289.33,282.67,276.0,269.33,262.67,256.0,
318.25,310.72,303.19,295.66,288.13,280.6,273.07,265.54,258.01,250.48,242.95,235.42,
300.09,291.18,282.26,273.35,264.43,255.52,246.61,237.69,228.78,219.86,210.95,202.03,
296.9,287.82,278.74,269.66,260.58,251.5,242.42,233.34,224.26,215.18,206.1,197.02,
287.09,278.25,269.4,260.56,251.71,242.87,234.03,225.18,216.34,207.49,198.65,189.81,
302.45,296.01,289.56,283.12,276.68,270.23,263.79,257.34,250.9,244.46,238.01,231.57,
287.35,279.93,272.51,265.1,257.68,250.26,242.84,235.42,228.0,220.58,213.16,205.74,
297.44,292.62,287.8,282.98,278.16,273.34,268.52,263.7,258.88,254.06,249.24,244.42,
336.0,334.63,333.26,331.89,330.53,329.16,327.79,326.42,325.05,323.68,322.32,320.95,
329.54,328.03,326.51,324.99,323.48,321.96,320.45,318.93,317.41,315.9,314.38,312.87,
342.27,342.09,341.92,341.74,341.56,341.39,341.21,341.03,340.86,340.68,340.5,340.33,
329.7,328.73,327.75,326.78,325.81,324.83,323.86,322.89,321.91,320.94,319.97,318.99,
307.31,304.12,300.92,297.73,294.53,291.34,288.14,284.95,281.75,278.56,275.36,272.17,
301.34,298.0,294.66,291.32,287.99,284.65,281.31,277.97,274.63,271.29,267.95,264.62,
340.5,341.6,342.69,343.79,344.89,345.99,347.09,348.19,349.29,350.39,351.49,352.59,
320.15,319.07,317.98,316.9,315.82,314.73,313.65,312.57,311.48,310.4,309.31,308.23,
313.26,312.02,310.78,309.54,308.3,307.05,305.81,304.57,303.33,302.09,300.85,299.61,
294.55,291.29,288.03,284.78,281.52,278.26,275.0,271.74,268.49,265.23,261.97,258.71,
292.92,290.11,287.29,284.48,281.66,278.85,276.03,273.21,270.4,267.58,264.77,261.95,
284.36,281.08,277.79,274.51,271.22,267.94,264.66,261.37,258.09,254.81,251.52,248.24,
270.63,266.17,261.7,257.24,252.77,248.31,243.84,239.38,234.91,230.45,225.98,221.51,
292.3,290.03,287.76,285.48,283.21,280.94,278.67,276.39,274.12,271.85,269.58,267.3,
275.24,271.26,267.28,263.3,259.32,255.34,251.36,247.38,243.4,239.42,235.44,231.46,
270.24,266.35,262.46,258.56,254.67,250.78,246.89,242.99,239.1,235.21,231.32,227.42,
256.45,251.24,246.02,240.8,235.59,230.37,225.16,219.94,214.73,209.51,204.29,199.08,
242.23,235.73,229.24,222.74,216.24,209.75,203.25,196.75,190.26,183.76,177.26,170.77,
256.92,253.32,249.72,246.12,242.52,238.92,235.32,231.72,228.12,224.52,220.92,217.32,
248.99,244.82,240.65,236.48,232.31,228.14,223.97,219.8,215.63,211.46,207.29,203.12,
254.58,251.7,248.82,245.94,243.06,240.18,237.3,234.42,231.54,228.66,225.78,222.9,
247.02,243.48,239.94,236.39,232.85,229.31,225.77,222.23,218.69,215.14,211.6,208.06,
243.97,240.06,236.16,232.25,228.34,224.43,220.52,216.61,212.7,208.79,204.88,200.97,
248.44,244.97,241.5,238.02,234.55,231.08,227.6,224.13,220.65,217.18,213.71,210.23,
310.54,313.29,316.04,318.79,321.55,324.3,327.05,329.8,332.55,335.31,338.06,340.81,
405.22,415.36,425.5,435.64,445.78,455.92,466.06,476.2,486.35,496.49,506.63,516.77,
487.93,504.28,520.64,536.99,553.35,569.7,586.06,602.41,618.77,635.12,651.48,667.83,
662.28,691.87,721.45,751.04,780.62,810.21,839.79,869.38,898.96,928.55,958.13,987.72,
797.04,836.34,875.64,914.95,954.25,993.55,1032.85,1072.16,1111.46,1150.76,1190.06,1229.37,
856.99,899.58,942.17,984.75,1027.34,1069.93,1112.52,1155.11,1197.7,1240.29,1282.88,1325.47,
963.53,1012.74,1061.96,1111.17,1160.38,1209.6,1258.81,1308.02,1357.24,1406.45,1455.67,1504.88,
1158.59,1222.12,1285.66,1349.2,1412.73,1476.27,1539.8,1603.34,1666.87,1730.41,1793.94,1857.48,
1190.69,1254.02,1317.35,1380.68,1444.01,1507.34,1570.67,1634.0,1697.33,1760.66,1824.0,1887.33,
1171.0,1229.72,1288.44,1347.16,1405.88,1464.6,1523.32,1582.04,1640.75,1699.47,1758.19,1816.91,
1096.35,1145.9,1195.44,1244.99,1294.54,1344.08,1393.63,1443.17,1492.72,1542.27,1591.81,1641.36,
1004.47,1043.29,1082.11,1120.93,1159.76,1198.58,1237.4,1276.22,1315.04,1353.86,1392.69,1431.51,
890.1,916.41,942.71,969.01,995.32,1021.62,1047.93,1074.23,1100.53,1126.84,1153.14,1179.44,
817.97,834.98,851.98,868.98,885.99,902.99,919.99,937.0,954.0,971.0,988.0,1005.01,
689.61,692.79,695.98,699.17,702.36,705.54,708.73,711.92,715.1,718.29,721.48,724.66,
584.07,575.14,566.21,557.28,548.35,539.42,530.49,521.56,512.64,503.71,494.78,485.85,
469.93,448.34,426.74,405.14,383.54,361.95,340.35,318.75,297.15,275.56,253.96,232.36,
398.13,367.34,336.56,305.77,274.98,244.19,213.41,182.62,151.83,121.04,90.26,59.47,
327.85,289.53,251.21,212.89,174.57,136.25,97.93,59.61,21.29,0.0,0.0,0.0,
260.14,216.7,173.25,129.81,86.37,42.93,0.0,0.0,0.0,0.0,0.0,0.0,
198.75,150.72,102.69,54.66,6.64,0.0,0.0,0.0,0.0,0.0,0.0,0.0,
204.25,161.26,118.28,75.29,32.31,0.0,0.0,0.0,0.0,0.0,0.0,0.0,
224.1,186.7,149.31,111.92,74.53,37.13,0.0,0.0,0.0,0.0,0.0,0.0,
221.58,185.89,150.21,114.53,78.85,43.16,7.48,0.0,0.0,0.0,0.0,0.0,
251.44,222.62,193.8,164.97,136.15,107.32,78.5,49.67,20.85,0.0,0.0,0.0,
441.88,436.61,431.33,426.06,420.78,415.5,410.23,404.95,399.68,394.4,389.13,383.85,
574.58,583.31,592.05,600.79,609.53,618.27,627.01,635.75,644.49,653.23,661.96,670.7,
765.8,791.52,817.24,842.95,868.67,894.38,920.1,945.82,971.53,997.25,1022.97,1048.68,
1027.14,1073.15,1119.16,1165.17,1211.18,1257.19,1303.2,1349.21,1395.22,1441.23,1487.24,1533.25,
1057.8,1104.77,1151.73,1198.69,1245.65,1292.61,1339.57,1386.54,1433.5,1480.46,1527.42,1574.38,
1193.74,1248.93,1304.12,1359.31,1414.49,1469.68,1524.87,1580.06,1635.25,1690.44,1745.63,1800.82,
1309.02,1372.14,1435.27,1498.39,1561.52,1624.64,1687.77,1750.89,1814.02,1877.14,1940.27,2003.39,
1366.78,1430.78,1494.77,1558.77,1622.76,1686.76,1750.75,1814.75,1878.74,1942.74,2006.73,2070.73,
1323.5,1380.96,1438.43,1495.9,1553.37,1610.83,1668.3,1725.77,1783.24,1840.7,1898.17,1955.64,
1212.32,1257.38,1302.45,1347.51,1392.57,1437.64,1482.7,1527.76,1572.82,1617.89,1662.95,1708.01,
1113.37,1148.67,1183.98,1219.29,1254.6,1289.9,1325.21,1360.52,1395.83,1431.13,1466.44,1501.75,
1016.82,1041.93,1067.03,1092.14,1117.24,1142.34,1167.45,1192.55,1217.66,1242.76,1267.87,1292.97,
901.76,914.02,926.28,938.53,950.79,963.04,975.3,987.56,999.81,1012.07,1024.32,1036.58,
785.15,784.44,783.72,783.0,782.29,781.57,780.86,780.14,779.43,778.71,778.0,777.28,
653.92,639.09,624.26,609.43,594.6,579.78,564.95,550.12,535.29,520.47,505.64,490.81,
519.39,490.71,462.04,433.36,404.68,376.0,347.32,318.65,289.97,261.29,232.61,203.93,
437.46,399.12,360.77,322.42,284.07,245.72,207.37,169.02,130.67,92.32,53.98,15.63,
330.75,280.33,229.92,179.51,129.09,78.68,28.27,0.0,0.0,0.0,0.0,0.0,
347.62,298.85,250.08,201.31,152.54,103.77,55.0,6.22,0.0,0.0,0.0,0.0,
275.37,221.39,167.42,113.45,59.47,5.5,0.0,0.0,0.0,0.0,0.0,0.0,
254.39,202.89,151.39,99.89,48.4,0.0,0.0,0.0,0.0,0.0,0.0,0.0,
301.08,262.33,223.58,184.83,146.08,107.33,68.58,29.83,0.0,0.0,0.0,0.0,
279.76,240.74,201.72,162.69,123.67,84.64,45.62,6.59,0.0,0.0,0.0,0.0,
323.5,294.72,265.94,237.16,208.38,179.61,150.83,122.05,93.27,64.49,35.72,6.94,
493.58,484.4,475.23,466.06,456.88,447.71,438.53,429.36,420.19,411.01,401.84,392.67,
776.09,795.0,813.91,832.82,851.73,870.64,889.55,908.46,927.37,946.28,965.19,984.1,
980.39,1016.96,1053.53,1090.09,1126.66,1163.23,1199.8,1236.37,1272.93,1309.5,1346.07,1382.64,
1181.92,1233.23,1284.54,1335.84,1387.15,1438.46,1489.77,1541.07,1592.38,1643.69,1695.0,1746.3,
1171.42,1219.74,1268.06,1316.37,1364.69,1413.01,1461.33,1509.65,1557.97,1606.29,1654.61,1702.93,
1321.59,1379.86,1438.13,1496.4,1554.66,1612.93,1671.2,1729.47,1787.73,1846.0,1904.27,1962.53,
1421.3,1484.94,1548.58,1612.22,1675.86,1739.5,1803.14,1866.78,1930.42,1994.06,2057.7,2121.34,
1498.72,1565.52,1632.32,1699.12,1765.92,1832.72,1899.52,1966.32,2033.13,2099.93,2166.73,2233.53,
1430.24,1487.68,1545.13,1602.57,1660.02,1717.46,1774.91,1832.36,1889.8,1947.25,2004.69,2062.14,
1295.34,1337.58,1379.82,1422.06,1464.3,1506.54,1548.78,1591.02,1633.26,1675.5,1717.74,1759.98,
1167.62,1197.29,1226.96,1256.62,1286.29,1315.96,1345.63,1375.29,1404.96,1434.63,1464.3,1493.97,
1022.93,1038.07,1053.22,1068.36,1083.51,1098.65,1113.79,1128.94,1144.08,1159.23,1174.37,1189.52,
925.21,932.52,939.83,947.13,954.44,961.75,969.06,976.37,983.68,990.99,998.29,1005.6,
803.41,797.37,791.33,785.29,779.25,773.21,767.17,761.13,755.09,749.05,743.01,736.97,
643.85,621.23,598.61,576.0,553.38,530.76,508.14,485.52,462.9,440.29,417.67,395.05,
479.78,439.76,399.74,359.73,319.71,279.69,239.67,199.65,159.64,119.62,79.6,39.58,
313.98,257.38,200.78,144.18,87.59,30.99,0.0,0.0,0.0,0.0,0.0,0.0,
208.79,139.85,70.91,1.97,0.0,0.0,0.0,0.0,0.0,0.0,0.0,0.0,
138.43,64.93,0.0,0.0,0.0,0.0,0.0,0.0,0.0,0.0,0.0,0.0,
121.83,53.05,0.0,0.0,0.0,0.0,0.0,0.0,0.0,0.0,0.0,0.0,
118.16,55.07,0.0,0.0,0.0,0.0,0.0,0.0,0.0,0.0,0.0,0.0,
170.12,119.46,68.81,18.15,0.0,0.0,0.0,0.0,0.0,0.0,0.0,0.0,
191.82,144.1,96.39,48.67,0.96,0.0,0.0,0.0,0.0,0.0,0.0,0.0,
330.5,301.75,273.01,244.27,215.52,186.78,158.04,129.3,100.55,71.81,43.07,14.32,
587.66,586.38,585.11,583.83,582.56,581.28,580.01,578.73,577.46,576.18,574.9,573.63,
834.48,859.68,884.88,910.07,935.27,960.47,985.67,1010.86,1036.06,1061.26,1086.45,1111.65,
1055.36,1099.95,1144.55,1189.14,1233.73,1278.33,1322.92,1367.51,1412.11,1456.7,1501.29,1545.89,
1032.39,1074.55,1116.72,1158.89,1201.06,1243.23,1285.4,1327.57,1369.74,1411.91,1454.08,1496.25,
994.2,1031.92,1069.64,1107.35,1145.07,1182.79,1220.51,1258.22,1295.94,1333.66,1371.37,1409.09,
1020.33,1058.21,1096.09,1133.96,1171.84,1209.72,1247.6,1285.47,1323.35,1361.23,1399.11,1436.98,
988.09,1021.44,1054.79,1088.14,1121.49,1154.84,1188.18,1221.53,1254.88,1288.23,1321.58,1354.93,
951.39,980.66,1009.93,1039.2,1068.47,1097.74,1127.01,1156.28,1185.55,1214.82,1244.09,1273.36,
927.82,952.65,977.47,1002.29,1027.12,1051.94,1076.76,1101.59,1126.41,1151.24,1176.06,1200.88,
877.25,895.39,913.52,931.66,949.8,967.93,986.07,1004.21,1022.35,1040.48,1058.62,1076.76,
773.12,779.61,786.09,792.57,799.05,805.53,812.01,818.49,824.97,831.45,837.93,844.41,
720.64,722.26,723.87,725.49,727.11,728.73,730.34,731.96,733.58,735.19,736.81,738.43,
614.54,605.73,596.91,588.1,579.29,570.47,561.66,552.84,544.03,535.21,526.4,517.59,
507.1,486.85,466.59,446.34,426.09,405.83,385.58,365.33,345.08,324.82,304.57,284.32,
400.78,369.16,337.55,305.94,274.32,242.71,211.09,179.48,147.87,116.25,84.64,53.02,
299.86,257.71,215.55,173.4,131.24,89.09,46.93,4.78,0.0,0.0,0.0,0.0,
261.29,215.81,170.34,124.87,79.4,33.92,0.0,0.0,0.0,0.0,0.0,0.0,
226.97,179.41,131.86,84.31,36.75,0.0,0.0,0.0,0.0,0.0,0.0,0.0,
252.71,213.03,173.34,133.66,93.97,54.29,14.6,0.0,0.0,0.0,0.0,0.0,
283.76,252.46,221.15,189.85,158.54,127.24,95.93,64.63,33.32,2.02,0.0,0.0,
377.93,362.27,346.6,330.94,315.28,299.62,283.95,268.29,252.63,236.97,221.3,205.64,
388.81,374.38,359.95,345.52,331.09,316.66,302.23,287.81,273.38,258.95,244.52,230.09,
391.23,377.22,363.22,349.21,335.21,321.2,307.2,293.19,279.19,265.18,251.18,237.17,
479.55,475.76,471.98,468.2,464.41,460.63,456.84,453.06,449.27,445.49,441.71,437.92,
587.18,593.05,598.93,604.81,610.69,616.57,622.45,628.32,634.2,640.08,645.96,651.84,
722.71,739.75,756.78,773.82,790.86,807.9,824.94,841.98,859.02,876.06,893.1,910.14,
857.65,886.93,916.2,945.47,974.75,1004.02,1033.29,1062.57,1091.84,1121.11,1150.39,1179.66,
1049.89,1094.85,1139.82,1184.78,1229.75,1274.71,1319.68,1364.64,1409.61,1454.57,1499.54,1544.5,
1028.56,1070.28,1111.99,1153.7,1195.42,1237.13,1278.85,1320.56,1362.28,1403.99,1445.7,1487.42,
1005.95,1044.85,1083.75,1122.64,1161.54,1200.43,1239.33,1278.22,1317.12,1356.02,1394.91,1433.81,
1061.9,1102.63,1143.36,1184.08,1224.81,1265.53,1306.26,1346.99,1387.71,1428.44,1469.17,1509.89,
1023.77,1058.95,1094.13,1129.31,1164.49,1199.67,1234.85,1270.04,1305.22,1340.4,1375.58,1410.76,
946.53,973.01,999.48,1025.96,1052.44,1078.91,1105.39,1131.87,1158.34,1184.82,1211.3,1237.77,
869.05,886.77,904.48,922.19,939.9,957.62,975.33,993.04,1010.76,1028.47,1046.18,1063.9,
820.16,832.56,844.96,857.36,869.75,882.15,894.55,906.94,919.34,931.74,944.14,956.53,
758.6,764.25,769.9,775.55,781.19,786.84,792.49,798.14,803.79,809.43,815.08,820.73,
661.35,656.72,652.09,647.46,642.83,638.21,633.58,628.95,624.32,619.69,615.06,610.43,
548.36,531.92,515.48,499.03,482.59,466.15,449.71,433.27,416.83,400.38,383.94,367.5,
470.87,446.27,421.67,397.07,372.48,347.88,323.28,298.68,274.08,249.48,224.88,200.29,
385.25,352.47,319.7,286.92,254.15,221.37,188.6,155.82,123.05,90.27,57.5,24.72,
273.4,230.17,186.94,143.72,100.49,57.26,14.04,0.0,0.0,0.0,0.0,0.0,
234.9,188.93,142.96,96.99,51.02,5.05,0.0,0.0,0.0,0.0,0.0,0.0,
203.35,157.25,111.15,65.05,18.95,0.0,0.0,0.0,0.0,0.0,0.0,0.0,
254.82,217.15,179.49,141.83,104.17,66.5,28.84,0.0,0.0,0.0,0.0,0.0,
282.43,251.18,219.93,188.67,157.42,126.17,94.91,63.66,32.41,1.16,0.0,0.0,
375.2,359.01,342.81,326.62,310.42,294.23,278.03,261.84,245.64,229.45,213.25,197.06,
361.2,344.8,328.4,311.99,295.59,279.19,262.79,246.39,229.99,213.59,197.19,180.79,
374.41,359.79,345.17,330.54,315.92,301.3,286.67,272.05,257.43,242.8,228.18,213.56,
421.64,415.75,409.86,403.97,398.07,392.18,386.29,380.4,374.51,368.62,362.72,356.83,
444.09,441.7,439.32,436.93,434.54,432.15,429.76,427.38,424.99,422.6,420.21,417.82,
431.62,428.62,425.62,422.62,419.63,416.63,413.63,410.63,407.63,404.63,401.63,398.63,
