371.77,353.5,333.54,319.79,327.93,340.38,333.51,317.98,304.04,289.67,276.74,269.24
280.25,274.73,267.19,266.79,294.97,334.11,348.04,332.49,315.11,299.93,282.64,263.83
295.58,271.67,257.06,256.04,280.71,324.14,344.63,333.63,314.22,297.76,278.52,257.32
320.84,284.19,268.8,271.22,298.58,333.52,339.22,316.75,292.68,260.87,220.59,190.07
298.25,289.0,282.34,284.32,307.56,337.77,342.45,319.29,293.16,255.42,203.09,156.87
316.7,319.78,315.36,316.72,330.4,341.24,330.86,304.83,272.71,217.94,156.67,115.23
373.68,367.67,336.72,317.2,311.69,308.22,290.18,260.59,207.42,145.45,103.29,85.23
373.16,378.05,350.52,327.8,317.79,303.44,271.41,222.95,162.14,113.59,84.74,78.59
345.85,354.79,342.9,310.15,280.19,251.4,228.02,199.15,163.48,118.83,86.33,77.27
369.06,354.4,312.76,253.96,186.93,132.59,93.32,71.49,74.47,127.64,228.17,327.17
338.74,316.81,278.64,217.18,159.24,108.92,68.55,54.85,95.29,224.43,330.58,366.76
133.95,136.51,126.47,91.54,58.51,52.98,68.77,101.37,158.16,229.88,338.92,415.37
134.34,126.2,99.82,76.7,54.44,56.72,77.92,118.77,175.98,252.52,356.09,415.29
119.75,117.38,95.19,68.82,48.05,53.73,80.65,127.69,190.55,272.92,371.38,426.99
156.51,126.46,83.91,61.73,49.63,61.13,86.11,147.91,232.02,341.69,436.08,439.7
176.99,130.71,76.92,58.49,64.57,89.09,143.83,234.27,349.09,437.4,438.49,423.81
111.16,82.48,65.12,62.93,77.84,118.59,187.41,278.86,380.24,432.28,431.25,422.23
88.57,65.49,68.11,87.43,144.64,233.86,319.09,422.27,450.78,446.8,423.28,376.33
62.64,48.16,65.06,115.85,236.95,344.59,436.81,452.25,452.73,431.29,380.51,355.12
71.27,105.6,208.49,304.86,409.87,444.49,444.89,442.45,420.12,371.62,351.3,339.79
131.38,254.5,340.7,425.5,446.73,445.09,436.49,400.49,363.64,350.1,341.81,334.93
236.04,329.63,414.55,465.55,446.03,393.06,368.62,356.18,348.62,345.49,344.95,345.2
243.68,343.02,422.58,465.27,437.9,379.84,358.08,349.46,347.85,348.16,348.53,348.8
356.16,413.47,444.61,422.82,360.59,335.1,328.05,334.67,343.81,347.86,348.95,349.35
354.27,400.62,423.55,407.89,372.37,337.41,325.43,321.05,325.68,330.9,333.14,334.01
374.1,395.7,398.58,379.0,363.51,345.32,324.36,309.8,294.85,278.37,261.4,247.14
374.18,372.04,354.21,338.36,339.2,338.08,323.93,309.96,294.78,277.04,258.28,242.69
321.54,319.39,313.52,300.15,303.49,328.94,342.14,329.52,313.69,298.25,280.61,261.44
243.44,265.21,265.73,277.02,297.69,335.78,351.67,336.99,315.68,298.53,277.67,253.09
292.98,320.17,334.03,339.65,346.54,345.1,322.9,292.88,249.33,186.79,134.31,101.49
346.09,346.02,324.03,271.75,195.22,129.69,83.6,58.01,61.2,109.6,209.87,312.98
318.39,308.83,278.75,182.85,99.58,51.84,48.46,82.87,175.65,281.5,352.51,365.78
342.26,303.9,223.43,119.31,59.51,43.41,62.89,130.46,237.38,323.67,363.03,361.43
311.45,218.35,112.03,74.72,65.56,65.77,80.7,129.01,231.65,341.17,376.39,360.05
206.75,124.17,70.01,60.34,61.94,63.99,65.89,83.37,150.85,281.49,381.27,402.13
143.02,99.88,65.18,56.56,57.4,73.95,93.33,147.15,236.4,335.47,398.51,370.24
123.17,88.05,60.73,52.47,49.58,62.56,88.77,140.35,242.43,352.54,416.47,383.01
126.58,94.51,61.57,49.55,44.43,59.36,90.95,180.19,327.14,431.11,436.3,390.32
114.36,91.73,65.65,57.55,59.32,85.77,174.38,340.11,439.65,440.47,396.91,359.76
113.08,94.86,79.46,69.97,90.21,159.34,300.79,415.56,450.3,439.14,401.23,365.07
118.84,97.91,70.41,60.86,70.88,114.65,241.72,376.89,445.84,440.09,409.54,370.85
59.85,48.05,73.27,126.3,242.01,354.66,443.21,451.81,435.31,384.44,352.15,327.14
43.5,52.93,111.63,244.06,328.15,410.25,441.98,453.47,443.78,396.31,355.55,335.31
98.9,176.59,258.62,319.83,401.47,439.4,429.65,386.11,347.32,316.7,293.61,283.48
147.42,296.52,365.92,423.83,438.42,422.34,373.14,337.73,313.17,288.78,273.23,270.33
243.26,327.08,393.69,448.08,418.6,355.67,319.68,291.11,278.98,280.81,287.0,293.04
331.9,389.34,420.43,400.5,337.43,306.62,285.73,276.08,279.56,291.07,302.65,310.02
347.88,402.78,432.55,409.66,349.97,325.63,316.95,323.74,337.14,344.42,346.37,346.78
385.06,384.5,347.68,320.91,309.71,304.79,313.91,322.33,330.73,336.44,342.12,345.5
372.1,372.13,353.82,331.69,326.13,337.19,329.84,325.1,322.14,326.59,331.07,333.07
328.92,325.78,322.29,312.37,318.24,337.1,342.77,329.03,317.9,306.4,299.8,302.2
292.9,286.04,271.34,262.71,281.47,323.49,346.99,339.13,319.84,304.86,289.27,274.9
299.96,288.43,278.64,281.31,308.19,341.49,344.71,320.95,298.65,272.85,240.31,212.47
307.95,333.71,352.28,348.54,346.77,342.17,321.45,292.63,249.39,185.51,131.45,96.67
263.75,294.17,318.85,324.01,303.22,271.91,226.54,172.32,120.12,78.95,62.43,75.21
306.63,314.73,307.43,254.79,177.19,114.57,69.77,51.62,64.72,117.08,216.63,309.66
312.47,305.35,269.51,170.48,88.81,48.37,49.24,87.26,183.31,284.93,352.89,363.71
331.79,255.92,145.14,83.43,66.74,62.18,81.41,133.74,237.06,335.9,370.08,367.01
316.71,221.61,113.98,67.02,53.59,54.3,60.79,82.84,135.9,232.53,321.93,367.1
208.53,120.51,59.49,56.2,61.0,61.4,65.13,79.42,110.71,194.71,290.72,368.28
180.46,111.49,62.05,55.33,61.01,67.29,79.13,108.42,180.82,281.83,374.72,381.93
140.16,99.44,65.19,59.08,54.96,60.68,84.8,142.58,268.82,392.33,434.13,391.17
134.95,98.46,66.96,56.03,52.05,69.16,103.01,208.53,356.2,440.91,432.16,383.96
62.69,53.91,58.79,95.0,169.27,267.2,361.76,422.79,419.18,362.69,307.88,268.03
73.09,62.47,71.82,105.36,189.23,294.42,388.66,436.97,428.73,368.37,320.46,274.49
48.23,54.16,103.96,208.19,305.34,406.29,436.54,409.9,334.68,282.38,251.38,237.54
54.75,83.27,184.35,269.09,349.02,427.59,435.2,370.88,319.6,276.12,257.58,255.48
149.38,257.38,322.76,404.94,433.67,384.1,328.71,285.37,268.51,268.96,276.74,285.63
328.9,385.53,409.53,381.77,325.25,290.19,263.7,254.47,256.65,265.13,274.46,282.09
345.56,395.37,392.58,343.76,292.15,260.55,249.18,251.37,258.46,267.22,277.57,285.97
378.26,382.61,347.38,301.59,263.81,253.37,256.04,269.46,291.01,313.59,327.56,332.45
372.86,346.77,305.85,274.55,258.69,271.32,296.69,326.19,342.48,346.03,346.65,347.1
364.35,315.24,258.67,233.02,242.74,282.59,319.53,328.22,329.68,330.43,332.2,335.75
297.05,269.58,246.58,243.58,263.98,309.79,343.3,343.42,331.15,321.11,317.72,324.33
278.06,264.32,254.28,257.51,285.59,329.19,348.14,334.4,313.19,295.95,275.72,253.53
217.13,243.25,249.01,259.13,283.87,322.3,347.74,339.35,314.12,292.33,264.84,231.92
271.48,295.46,296.72,303.33,324.0,348.72,345.16,318.08,290.6,248.13,189.52,139.48
241.83,286.96,305.94,334.71,347.55,341.15,317.13,277.22,216.16,142.02,92.54,74.1
257.69,302.99,333.67,354.29,352.95,333.5,286.82,221.2,145.34,90.38,69.59,75.83
246.06,291.26,320.04,336.16,340.64,320.71,264.01,185.32,118.85,73.86,63.74,91.99
299.6,328.68,346.43,337.39,304.55,245.35,160.37,99.09,64.2,60.24,108.98,213.43
358.25,360.25,333.12,275.69,188.52,114.12,65.2,46.55,73.57,179.84,300.92,361.92
330.57,334.69,319.16,254.13,159.66,88.81,48.92,50.68,124.48,270.99,352.85,369.74
347.92,299.22,236.99,152.91,97.85,53.74,53.25,120.93,265.43,350.39,367.45,369.17
287.12,202.4,119.09,69.92,62.14,116.1,262.61,394.03,432.98,405.88,373.01,356.33
300.55,180.55,90.99,72.22,68.53,107.43,213.23,348.78,430.01,425.72,396.9,371.49
152.87,95.18,67.65,87.33,135.68,228.88,322.2,422.84,429.42,384.43,340.46,302.96
138.36,86.16,62.88,83.06,131.06,239.68,345.54,430.23,423.83,362.38,319.0,282.09
44.21,38.53,76.36,163.05,284.0,389.59,438.1,429.45,391.82,345.99,317.26,296.44
80.23,127.78,236.76,344.35,430.34,434.84,368.84,317.81,289.85,277.01,278.18,289.31
118.66,236.48,326.64,413.23,427.69,360.39,306.31,269.36,257.62,258.17,263.26,268.92
172.92,315.96,394.2,439.49,421.94,351.36,301.73,269.18,260.48,262.67,271.34,282.47
345.97,406.88,438.26,404.23,341.61,312.01,294.95,296.9,310.41,324.8,333.48,336.06
382.16,412.75,407.97,359.52,321.12,299.0,286.91,293.41,313.14,329.34,335.77,340.26
380.04,383.31,350.09,320.46,305.16,292.38,298.12,309.66,324.9,332.77,334.93,335.56
366.2,348.29,306.15,261.47,245.35,277.65,307.01,327.62,337.89,336.83,334.91,334.77
362.15,326.28,284.68,255.56,259.35,298.02,332.28,331.1,324.12,316.89,316.33,324.33
287.21,282.84,265.86,254.5,264.35,302.57,340.99,344.32,324.97,309.65,294.03,276.83
234.61,252.01,249.29,263.06,285.24,324.78,348.55,338.84,317.01,300.33,281.04,258.98
258.32,283.69,287.52,294.05,317.53,347.94,349.85,324.93,300.5,272.39,234.86,199.74
296.45,329.16,348.22,350.26,347.86,341.4,321.35,292.61,249.42,184.12,128.01,92.65
217.8,272.27,301.29,329.78,345.01,337.37,306.81,252.45,178.82,113.15,74.43,66.23
290.66,329.68,353.51,356.46,336.39,301.74,232.7,156.91,98.89,69.62,69.0,113.81
314.46,341.52,354.23,332.43,296.55,228.81,143.78,88.97,62.31,64.84,123.1,236.15
332.5,347.13,335.8,284.66,196.2,118.75,67.47,47.59,74.86,185.84,305.15,363.36
367.02,348.74,312.56,237.71,144.66,83.55,51.03,54.05,129.9,270.96,351.86,366.78
348.13,314.68,265.0,179.22,113.56,64.17,49.19,89.42,222.61,331.3,368.37,371.24
251.16,233.94,187.52,121.26,71.02,49.75,72.78,176.79,310.36,370.03,374.35,374.62
305.36,229.11,163.12,97.63,54.84,52.85,86.3,198.48,316.73,372.31,375.17,374.83
248.61,209.26,150.66,89.27,50.45,60.07,121.03,269.55,386.5,385.94,374.24,373.32
191.29,144.27,91.75,67.46,81.29,137.92,230.25,334.69,424.66,428.54,402.79,357.97
153.56,107.23,61.99,77.93,126.29,214.89,298.25,388.25,417.98,407.01,376.69,324.12
65.09,56.2,98.89,235.47,364.37,445.12,448.44,392.66,348.2,317.7,298.89,290.72
63.65,83.54,190.62,319.26,427.98,452.81,421.51,360.63,330.61,314.13,311.95,318.18
117.59,230.51,329.6,435.59,457.99,432.1,376.98,347.27,327.66,329.75,336.92,340.85
159.8,300.02,382.15,443.92,439.69,380.44,334.4,292.87,272.13,270.09,278.04,289.09
329.57,400.11,434.45,410.12,336.32,293.89,265.9,266.69,280.3,299.32,316.97,326.74
372.07,418.18,423.52,376.07,328.96,301.34,281.83,281.61,299.6,321.95,335.84,343.01
387.68,393.5,365.07,330.38,302.7,288.28,283.57,295.76,318.92,333.99,337.59,337.47
380.18,364.01,324.09,283.11,259.08,273.84,297.77,322.44,335.33,336.77,335.68,335.51
356.3,317.32,274.2,248.21,253.45,293.17,333.46,333.46,327.63,320.21,321.17,328.61
246.69,255.84,240.72,229.04,233.21,254.76,301.01,335.72,334.73,317.96,302.61,285.43
282.18,288.85,288.9,293.42,317.09,343.68,342.82,319.62,300.09,277.7,250.0,224.86
257.82,284.63,284.57,286.66,297.61,321.62,331.59,311.27,281.59,232.38,171.6,129.09
210.12,241.09,251.21,247.3,237.59,217.54,186.91,150.44,107.01,80.82,82.34,139.14
229.44,255.17,276.67,288.97,294.32,277.53,226.9,154.36,100.32,66.53,64.12,113.88
306.43,325.38,335.75,324.97,292.05,230.49,149.93,91.61,61.04,60.22,117.4,234.64
301.83,328.48,341.01,321.59,280.95,213.75,137.28,82.67,58.97,66.32,139.71,265.33
274.97,310.59,326.86,305.34,245.08,161.87,99.41,61.45,51.6,103.67,234.04,335.71
301.98,322.2,321.87,281.01,204.68,125.87,70.51,47.41,73.81,193.01,311.08,366.75
329.49,328.56,304.0,229.21,145.52,85.38,49.01,56.49,143.72,281.57,355.93,367.68
343.0,326.14,281.79,194.7,121.62,67.01,46.44,75.63,195.85,313.27,366.94,371.57
259.81,243.55,206.18,137.79,84.68,47.43,56.56,116.34,248.89,347.79,376.45,375.06
322.51,249.07,179.85,110.41,65.47,52.91,78.86,185.73,307.68,370.57,375.17,374.82
157.8,128.9,94.02,72.85,65.1,77.06,101.79,132.31,161.87,204.05,283.44,365.97
156.34,103.88,55.15,65.69,91.28,152.99,232.95,321.86,405.45,409.36,380.24,340.3
60.31,50.93,83.9,189.45,286.05,378.95,440.54,426.87,362.28,325.59,303.65,291.27
74.05,100.29,189.32,288.83,386.0,451.34,433.73,369.6,336.96,317.64,310.42,312.08
96.59,191.29,302.21,412.19,461.01,444.37,394.88,359.47,340.86,333.0,332.64,333.62
121.45,260.84,364.49,446.49,450.99,413.5,360.92,328.59,306.76,303.24,305.05,307.25
314.12,400.91,438.91,413.32,344.43,303.55,279.54,279.7,291.98,306.84,317.92,322.38
345.72,411.65,438.06,402.5,340.75,310.44,289.92,293.09,315.38,337.98,346.67,347.35
382.43,400.14,372.3,333.46,306.11,286.35,276.54,286.63,311.58,333.35,343.89,347.79
383.86,370.03,325.67,285.49,259.72,267.2,290.1,317.15,334.15,337.5,336.8,337.33
369.22,335.04,291.31,265.23,268.6,306.83,329.56,331.05,327.22,325.75,329.73,332.46
350.6,309.09,268.13,256.79,280.63,321.33,337.89,326.66,311.12,295.83,280.26,267.75
281.03,268.17,252.92,251.24,272.53,315.83,344.95,339.46,319.49,304.22,287.63,270.64
231.3,248.51,249.62,265.93,286.64,322.44,346.5,336.9,313.47,294.23,270.84,243.86
214.49,251.76,254.98,262.79,281.79,315.98,343.33,336.64,309.94,282.32,241.07,192.66
301.74,327.4,341.68,342.15,341.99,337.05,317.63,288.15,243.83,178.77,124.92,91.23
336.92,362.53,364.9,343.53,328.82,304.36,257.39,193.86,131.52,88.06,74.82,88.71
302.67,337.59,355.87,343.42,320.64,284.87,220.27,146.51,92.86,67.79,70.17,118.82
330.09,347.98,336.82,292.09,220.94,144.83,87.67,55.99,51.74,105.21,234.74,336.0
356.36,358.2,326.99,260.34,161.42,91.63,53.63,46.91,100.96,240.1,339.71,366.93
258.45,261.02,245.83,205.37,142.92,92.03,53.54,63.95,155.82,286.74,361.73,374.85
279.24,237.65,184.13,110.78,60.91,43.98,65.86,170.0,302.6,368.36,375.73,375.0
189.6,168.03,132.16,81.88,50.28,51.16,73.71,135.12,237.12,342.35,421.29,405.53
244.74,172.14,96.76,57.1,62.79,137.73,284.35,395.53,430.67,410.44,368.59,346.06
223.26,160.19,91.58,58.41,66.43,139.26,279.49,390.67,428.97,410.53,371.46,333.57
102.31,64.36,62.2,101.32,206.75,310.82,411.74,441.9,419.74,355.92,315.94,287.36
53.55,50.23,100.17,244.85,359.88,435.91,432.84,358.89,306.66,265.76,242.47,233.93
60.41,96.33,213.32,320.17,422.16,438.8,373.32,318.35,276.85,260.78,259.13,263.16
97.8,203.64,299.11,388.9,424.97,374.75,320.11,277.78,261.0,259.54,263.77,268.78
153.27,304.23,384.74,434.05,415.48,343.17,291.67,262.88,255.86,258.38,264.25,269.67
343.87,406.75,412.67,362.32,308.78,267.28,247.0,248.24,256.73,269.65,285.72,299.96
340.75,401.73,426.61,395.12,335.13,301.33,273.3,265.5,278.16,306.41,333.0,344.46
377.32,394.48,369.5,335.67,306.02,288.41,278.32,284.88,307.76,329.38,337.43,338.23
380.69,367.81,323.36,278.92,250.89,261.67,286.48,316.6,335.09,339.41,342.23,346.04
364.73,329.44,277.97,234.23,224.58,254.58,305.6,323.2,338.13,337.57,335.31,336.98
355.83,327.06,284.33,251.18,247.06,276.85,316.52,325.42,315.93,304.46,291.92,283.01
287.22,276.45,257.34,244.5,246.78,273.86,319.69,335.39,324.63,309.56,295.47,282.01
322.58,285.06,259.93,257.4,279.18,313.4,334.3,322.9,300.1,272.54,236.63,208.59
302.16,286.78,275.99,278.4,301.34,330.95,339.46,320.5,295.53,260.73,209.74,162.43
308.85,302.58,290.93,291.56,313.1,337.64,337.67,313.62,286.81,244.67,186.91,138.83
349.98,353.61,333.2,321.26,326.93,334.16,322.91,294.67,256.58,199.37,142.5,106.52
352.5,367.71,354.4,335.14,332.8,327.96,307.08,272.07,215.79,153.49,108.89,88.01
375.4,384.53,363.77,338.83,322.6,295.89,251.34,185.81,123.56,83.7,72.5,88.7
345.29,355.61,341.39,303.09,256.12,213.36,183.45,148.57,109.49,82.01,83.44,133.69
326.34,337.86,329.3,285.7,227.17,167.97,116.17,78.97,65.87,89.7,171.27,286.9
300.16,306.44,296.94,262.58,220.07,171.56,120.3,80.14,62.56,83.49,173.52,291.44
190.17,194.8,190.61,153.13,93.46,54.34,51.02,68.33,104.03,169.19,284.16,398.18
112.07,95.54,87.44,84.32,77.55,66.98,66.64,86.47,134.93,209.01,306.59,398.74
104.82,74.9,70.01,90.4,112.39,130.65,152.71,201.13,291.13,381.86,405.05,368.61
143.86,91.79,51.04,59.87,82.64,129.1,215.03,316.52,421.39,440.28,428.63,410.15
151.07,118.64,76.89,68.6,78.0,125.37,219.57,322.02,424.56,444.73,434.51,401.05
67.93,57.73,87.28,169.51,268.05,369.45,446.38,454.91,420.79,367.83,342.02,321.52
69.56,78.81,138.35,235.67,316.92,424.54,453.0,439.81,376.82,343.42,317.86,297.64
72.86,121.57,228.2,309.34,406.75,443.78,437.99,407.07,362.25,339.2,328.2,322.11
170.03,300.62,367.6,428.02,438.74,405.48,362.05,338.6,325.06,318.68,316.44,316.33
242.25,338.51,414.09,457.07,424.73,369.23,346.32,336.68,340.93,344.22,344.97,345.09
250.09,352.94,427.78,459.68,424.67,370.75,351.27,346.07,347.44,348.5,348.83,349.04
340.63,415.56,447.34,435.77,374.37,346.56,336.87,343.24,347.94,349.02,349.2,349.4
382.35,415.42,423.68,386.78,343.12,327.38,321.64,326.15,331.32,333.49,334.4,335.74
384.94,394.48,386.89,367.84,358.25,339.61,320.81,306.85,291.73,275.32,259.01,246.52
369.01,364.55,347.16,329.94,332.57,339.63,330.98,316.69,302.85,286.98,269.83,253.53
335.55,306.47,280.41,275.99,305.88,340.43,345.82,326.86,311.13,295.74,278.54,260.68
297.79,278.31,263.56,265.28,295.14,336.38,349.3,332.61,314.33,298.91,281.31,262.44
253.13,269.36,276.01,283.65,310.61,345.41,350.44,327.26,305.13,283.82,257.32,230.42
316.25,315.61,307.36,310.8,330.66,345.78,333.68,306.05,273.87,221.43,164.22,126.2
312.24,322.19,321.21,304.67,265.03,211.78,158.9,117.81,79.44,62.5,70.17,114.21
362.46,350.79,312.93,250.57,174.58,114.36,70.96,52.4,57.22,96.0,184.78,280.93
344.8,326.1,279.83,189.91,111.4,65.06,54.37,72.98,124.35,217.6,307.58,359.08
294.89,231.24,146.78,89.46,73.63,73.58,83.15,118.11,196.85,300.14,359.63,357.47
126.09,91.58,63.93,58.6,55.75,59.3,73.56,92.24,146.77,236.95,345.9,413.45
76.14,53.88,57.01,62.35,71.09,79.2,105.73,179.69,305.66,414.3,434.18,405.44
111.52,86.24,57.81,45.31,40.92,50.1,79.33,156.53,296.88,413.95,443.2,408.78
95.27,81.47,70.3,56.22,47.42,58.42,77.18,143.69,275.85,402.01,444.66,426.41
105.5,91.5,62.95,42.07,40.8,49.71,68.22,128.4,255.15,395.86,449.8,438.1
91.57,78.1,67.21,62.56,70.23,103.01,209.61,341.38,429.7,446.9,433.19,391.04
76.77,69.7,60.92,60.66,68.91,92.82,177.85,312.41,406.97,440.74,433.38,413.89
38.86,39.01,77.83,167.66,254.68,329.94,404.56,438.79,439.11,399.9,342.4,305.51
87.86,129.46,217.07,276.4,352.26,422.15,439.49,431.05,377.86,338.67,311.75,297.6
152.42,246.67,296.76,299.98,307.14,356.56,390.41,365.28,328.44,303.85,283.12,269.96
186.93,281.25,304.52,310.22,322.35,371.43,394.76,361.42,325.35,302.07,285.92,274.81
325.51,351.97,363.85,376.2,358.09,317.41,287.99,264.28,254.58,257.72,269.56,281.02
340.15,362.01,360.85,345.33,319.29,286.22,273.57,263.68,262.83,265.67,269.5,273.7
369.36,347.38,302.64,251.88,218.05,222.84,246.88,265.76,282.04,292.25,296.17,296.49
354.99,341.47,316.07,276.5,244.39,240.96,250.34,263.25,271.56,274.86,278.62,283.67
365.51,337.02,314.12,299.81,300.06,314.5,317.12,306.28,289.99,268.69,252.0,253.6
345.46,302.54,266.48,249.07,264.93,306.15,333.24,329.78,313.94,298.56,282.06,269.01
316.13,270.82,250.14,245.57,270.9,314.75,336.36,326.44,306.97,287.47,263.83,239.46
198.78,202.54,220.73,242.04,270.05,304.8,333.2,330.55,305.34,276.51,234.38,190.81
221.0,239.43,255.42,278.83,302.15,315.76,311.45,277.83,227.76,162.17,116.12,83.01
268.76,293.25,311.52,322.92,302.9,270.19,221.46,166.56,117.28,77.05,62.25,69.65
294.5,300.16,293.65,265.15,206.85,159.01,107.88,74.22,56.82,70.49,114.91,200.63
324.91,251.46,135.18,75.72,50.63,51.83,57.68,80.73,139.21,244.05,333.29,365.19
263.66,206.59,123.92,76.86,60.27,54.1,55.0,74.78,119.61,219.01,317.59,376.88
235.16,147.61,76.4,53.04,53.85,67.99,109.44,209.72,299.82,369.44,371.13,362.79
201.22,118.48,58.88,54.61,59.99,66.88,85.76,134.79,222.31,336.5,395.67,370.11
182.22,111.56,61.76,56.15,60.35,67.33,92.05,169.06,302.34,413.4,417.04,371.75
134.58,95.63,60.94,53.27,72.82,107.41,200.83,333.57,427.52,434.92,388.98,358.14
105.67,76.21,66.5,83.05,120.28,221.97,344.2,427.4,432.92,386.64,351.22,329.53
67.26,46.24,53.33,89.01,170.47,280.31,384.09,436.05,425.77,380.54,326.38,288.57
41.47,36.76,65.33,139.57,265.67,365.63,429.36,418.39,356.89,316.76,279.17,251.57
86.42,127.72,209.69,280.9,363.17,432.63,422.77,346.76,297.41,270.0,262.13,265.71
144.24,248.72,316.03,402.77,441.78,413.24,349.99,307.86,279.62,273.2,277.3,283.89
261.59,325.34,390.57,443.6,410.28,349.51,309.04,281.52,274.55,277.32,282.82,288.19
352.65,401.46,399.99,352.23,305.3,273.08,255.46,253.88,258.37,263.62,268.21,273.2
387.45,391.82,357.17,307.52,276.01,258.58,259.96,272.93,290.88,305.95,313.25,314.62
380.48,361.35,322.16,290.43,276.34,288.13,305.8,325.14,334.18,335.66,337.09,341.99
353.68,307.6,262.64,251.65,278.21,324.38,344.35,335.04,326.22,321.87,327.38,331.76
300.38,275.3,254.68,255.94,284.5,328.39,347.27,335.71,320.27,310.34,301.5,299.72
262.79,260.46,258.47,268.09,295.25,335.63,350.67,335.06,315.32,299.49,281.22,261.2
265.08,287.85,292.08,298.88,322.2,349.18,346.82,320.52,296.65,267.28,229.22,197.29
314.33,332.69,339.28,334.79,337.41,337.77,321.1,293.34,250.66,185.64,129.19,93.58
247.06,288.06,315.61,337.56,339.83,321.06,276.39,211.04,139.7,86.64,67.63,75.84
261.29,302.32,334.03,348.51,339.56,307.88,235.69,155.95,96.39,66.52,65.35,110.14
330.24,343.92,343.0,308.39,252.72,167.96,102.61,62.68,53.43,94.2,206.7,317.32
223.74,248.26,267.75,245.94,197.76,137.2,98.92,76.41,77.31,154.44,278.78,354.55
275.62,289.74,294.07,255.21,186.71,119.7,69.78,51.91,88.35,212.45,324.02,369.79
319.47,314.28,289.0,216.03,140.31,85.19,49.88,62.2,161.48,290.28,359.68,370.31
361.02,336.8,285.52,196.1,120.52,67.54,47.16,75.54,195.46,312.66,365.53,368.14
297.73,269.79,233.73,160.24,98.47,48.71,57.86,133.63,272.31,354.45,373.28,374.54
341.63,247.02,137.02,74.55,53.52,76.06,184.97,347.07,404.41,370.57,365.22,367.11
240.81,166.22,90.01,61.16,73.91,150.68,287.56,392.78,417.57,382.97,341.84,309.17
115.16,70.13,70.33,115.68,201.52,290.53,385.61,442.68,424.76,360.03,313.21,277.51
64.58,44.42,72.36,139.8,269.29,378.05,439.18,436.96,407.4,344.92,303.22,276.38
43.25,44.99,97.22,227.89,353.54,436.68,436.9,386.51,328.26,288.65,263.19,252.77
80.52,172.5,289.22,401.38,460.14,446.24,395.63,357.67,336.23,329.28,329.81,330.92
155.95,305.19,403.78,458.46,448.42,401.39,355.54,325.56,312.64,315.8,320.18,323.37
303.87,385.69,438.67,441.69,386.32,351.07,334.21,333.5,341.13,344.62,345.22,345.34
358.89,415.69,427.06,387.71,335.9,311.82,299.26,305.29,321.13,331.3,334.58,336.61
382.91,401.86,383.81,342.8,313.08,299.26,295.36,305.87,324.04,333.98,336.25,336.39
374.97,373.99,347.26,318.44,307.57,317.38,316.95,321.81,321.27,325.2,330.11,332.66
370.02,342.19,311.65,290.13,295.12,324.82,338.2,327.7,318.2,310.62,310.07,315.96
310.27,286.46,264.5,260.6,284.84,327.74,348.47,338.37,320.08,305.62,290.09,273.3
277.0,265.38,256.35,257.87,288.08,332.25,349.22,335.19,315.92,300.51,283.08,264.26
202.13,234.33,242.99,246.98,264.83,298.19,340.91,353.21,337.1,317.16,301.9,284.24
225.84,263.29,264.42,280.21,301.11,339.86,353.4,334.7,307.45,279.59,238.37,192.17
306.74,332.52,352.26,352.0,349.47,344.46,325.55,297.62,258.36,195.52,135.87,97.46
235.48,286.46,308.77,334.76,348.78,340.89,311.59,261.26,190.38,121.18,78.52,67.93
256.34,300.04,327.36,343.35,344.02,322.47,266.65,190.91,122.58,76.43,65.41,90.23
248.52,292.36,319.14,332.69,336.23,314.57,252.74,169.1,108.12,69.54,63.2,101.63
370.23,366.25,334.26,291.09,218.51,134.46,79.65,54.26,60.71,132.72,263.21,347.83
361.08,354.03,318.48,243.69,146.77,83.34,51.16,52.9,124.9,267.67,350.71,366.78
355.32,313.82,261.35,174.64,110.78,62.64,49.02,90.65,225.1,332.66,367.96,370.33
322.07,252.13,179.76,109.72,63.92,51.8,75.23,182.67,307.41,369.95,375.38,374.88
256.71,209.36,145.25,86.09,42.8,51.12,109.99,250.64,360.8,381.05,375.77,374.9
219.72,167.19,103.25,62.13,63.57,128.36,267.29,383.51,432.07,418.34,378.9,337.3
152.35,101.97,63.59,80.41,146.04,245.89,331.71,407.91,411.98,394.93,359.01,306.76
91.04,57.03,63.2,123.57,250.25,349.77,432.74,428.49,374.04,333.31,303.19,283.27
47.45,60.37,131.5,279.58,378.9,440.01,432.69,368.86,316.67,282.02,263.12,257.91
89.85,171.83,272.61,367.27,430.95,420.79,352.99,304.56,271.47,262.41,263.03,266.77
139.12,284.22,370.26,434.09,427.64,355.68,304.26,269.32,258.94,259.85,265.11,270.47
337.97,399.15,427.03,391.99,325.66,286.33,260.81,258.06,267.02,282.83,297.95,309.83
358.57,409.82,413.87,371.01,323.68,295.23,276.26,277.15,294.8,318.3,335.21,340.9
368.51,391.34,379.11,352.98,328.72,309.74,306.52,311.33,323.62,331.41,334.4,337.27
383.03,362.02,317.4,278.21,258.97,278.54,303.02,327.69,336.96,337.02,336.76,340.24
358.47,318.66,271.81,243.79,254.02,298.07,334.26,333.98,327.78,323.03,327.77,331.81
317.13,288.72,263.8,256.24,279.56,323.25,345.03,336.07,318.46,305.01,292.83,281.48
256.39,261.82,261.2,271.39,298.4,337.7,350.77,333.32,313.2,296.87,278.2,260.5
273.22,289.63,290.58,297.11,321.6,349.68,348.42,322.9,299.56,272.57,238.03,208.72
240.12,279.46,286.29,307.95,324.78,342.24,337.69,307.85,271.1,208.37,140.79,97.44
309.3,338.72,359.25,350.88,336.76,317.55,281.1,231.41,164.21,109.45,78.43,73.45
311.33,341.12,356.09,342.82,319.85,282.09,216.39,147.48,94.39,70.21,73.03,119.46
309.47,337.09,347.19,330.06,296.22,236.8,156.87,99.0,65.48,62.21,111.98,217.22
322.75,341.77,332.93,279.42,185.83,106.8,58.02,44.25,86.65,218.76,328.75,368.15
336.59,335.26,312.94,240.48,148.52,83.06,48.25,55.82,143.66,282.13,357.28,372.04
304.49,267.6,221.59,150.79,95.53,50.75,56.66,128.73,270.35,356.61,375.58,374.98
306.2,238.05,172.05,102.47,56.13,48.45,76.43,187.65,310.32,370.44,375.36,374.92
254.41,212.92,150.98,89.8,46.0,51.86,106.41,246.76,359.28,381.83,375.91,374.93
238.61,197.16,134.97,74.73,44.04,72.69,184.09,325.53,425.76,423.15,380.63,365.34
206.65,163.67,107.76,68.79,72.91,109.2,190.15,315.09,417.82,432.12,402.25,354.48
168.01,117.26,70.78,76.0,112.49,188.93,275.62,370.72,429.22,416.83,375.16,323.0
67.9,55.63,92.23,208.12,322.96,421.71,442.7,419.61,354.19,323.0,302.47,292.11
66.09,64.11,115.8,257.59,362.35,441.69,444.38,387.88,341.91,307.68,285.53,275.34
61.89,112.65,227.94,328.69,431.04,440.63,383.52,338.89,297.82,276.04,272.52,277.54
147.41,271.85,351.97,425.03,427.76,360.15,309.93,274.52,266.8,271.13,281.34,292.34
309.06,388.89,430.49,418.69,345.09,308.19,285.4,283.1,294.52,310.71,323.36,328.16
337.06,404.34,432.3,415.81,350.71,316.66,297.23,295.0,306.45,319.77,326.9,330.34
386.28,407.16,381.48,338.16,311.55,291.05,285.43,298.43,320.48,334.1,337.62,339.38
386.64,378.09,336.41,303.42,288.28,294.29,309.29,325.43,333.81,335.3,335.13,335.37
372.12,345.12,310.58,286.89,288.75,323.05,339.34,332.59,326.06,323.89,329.02,332.37
356.86,318.15,276.86,260.11,279.34,318.64,336.2,326.17,310.67,294.69,276.4,257.25
245.54,251.31,240.11,238.88,244.27,275.57,321.29,337.26,325.92,310.17,293.9,275.36
263.21,264.64,266.62,275.69,300.16,334.23,347.01,329.12,306.63,285.3,258.27,229.54
292.24,300.84,297.69,301.94,324.81,344.76,339.66,314.51,288.61,248.8,196.3,152.59
274.14,306.92,314.96,322.49,328.25,331.32,317.2,286.73,239.22,170.82,117.49,85.54
341.8,364.11,362.12,340.14,323.09,293.85,240.95,174.9,117.59,81.15,72.28,95.04
306.86,338.79,354.85,340.76,316.84,279.0,213.43,142.59,91.16,67.89,71.64,118.46
215.54,248.58,282.41,286.41,284.94,268.06,220.06,148.04,95.29,65.1,65.08,118.22
307.43,331.87,343.9,324.9,287.87,221.36,140.28,86.26,61.13,65.23,128.16,245.3
341.31,343.25,321.86,255.2,159.52,91.14,51.64,47.51,108.67,254.54,346.37,367.25
266.2,258.7,233.05,168.07,106.11,57.16,53.56,104.54,236.62,342.12,375.92,375.0
220.4,199.5,152.63,99.14,58.58,54.98,99.66,237.65,366.49,423.99,391.12,364.72
230.84,191.99,129.86,71.18,47.08,79.2,203.38,340.68,429.03,419.55,373.6,357.25
253.52,178.58,101.57,58.63,61.06,132.8,279.17,394.11,432.86,407.71,363.03,341.74
150.93,104.36,58.93,74.01,121.4,202.94,283.1,370.75,415.66,391.6,358.89,313.23
72.58,46.21,61.04,117.24,237.76,334.09,423.37,431.03,399.24,336.43,299.35,278.34
70.82,46.49,58.56,104.14,224.09,331.04,426.9,442.96,428.16,372.62,327.93,297.04
58.48,50.69,94.52,228.78,351.65,439.58,447.02,407.13,350.23,314.39,288.08,275.17
141.93,177.84,226.36,270.69,341.11,403.79,404.31,349.39,314.0,281.8,267.1,267.76
143.34,263.79,326.56,410.83,456.78,443.66,385.46,359.36,344.69,333.34,325.43,322.04
232.37,329.28,399.32,453.4,434.84,382.07,359.85,348.83,344.34,343.43,343.67,344.02
300.46,387.0,439.11,444.29,393.68,350.55,330.84,325.29,334.64,343.52,346.75,347.98
381.25,417.71,422.84,378.74,337.84,322.17,318.28,325.2,331.32,333.68,334.5,335.08
384.13,381.49,363.92,362.82,354.65,328.99,319.3,313.28,312.69,318.5,327.44,332.33
369.09,348.42,330.34,322.22,334.83,347.36,336.76,319.63,305.31,289.35,271.84,254.55
361.95,326.44,294.16,289.64,312.58,340.96,340.09,321.5,306.35,289.86,271.39,252.96
357.83,315.92,281.78,274.85,298.12,331.19,336.84,319.11,302.6,283.76,261.91,241.54
281.54,262.45,255.02,262.41,293.67,335.03,347.72,329.5,309.05,290.68,268.71,245.52
268.56,255.83,256.71,261.81,289.01,328.66,346.76,331.46,307.2,283.49,252.51,219.14
301.99,287.33,283.19,289.12,315.36,341.55,341.84,318.09,292.73,255.05,201.85,153.76
325.13,313.18,299.63,302.95,325.33,343.5,336.97,312.13,285.61,242.18,184.66,137.62
343.34,346.67,334.84,328.51,335.82,339.56,326.1,300.81,269.26,216.37,158.06,118.6
362.48,372.28,352.22,334.59,332.94,328.24,308.06,278.44,231.07,168.6,121.08,91.91
268.37,302.32,327.82,327.05,307.49,279.61,238.71,187.01,134.28,87.95,70.28,79.39
312.86,323.57,331.76,299.71,242.12,168.46,110.73,72.2,59.26,84.93,164.37,278.72
206.07,228.68,255.81,234.23,183.06,126.76,96.43,84.8,88.73,146.59,266.97,349.17
164.54,156.3,153.69,134.03,106.91,87.85,88.72,115.42,170.07,261.87,370.03,406.37
137.78,118.44,86.77,78.5,83.22,119.6,197.14,284.65,380.71,427.4,422.32,410.07
162.03,121.91,79.8,78.14,93.28,140.86,216.87,299.84,389.14,416.55,411.79,411.34
122.06,87.14,64.3,63.91,75.36,99.32,149.81,226.09,312.59,409.3,432.92,427.73
107.31,89.87,79.36,77.83,86.48,106.49,139.18,204.89,287.12,396.16,451.35,442.8
39.89,45.1,80.05,160.44,256.01,353.86,432.52,449.12,441.56,404.75,358.68,329.15
89.87,147.56,239.02,292.78,364.1,426.86,434.35,416.55,364.01,330.59,309.71,294.34
160.83,286.96,363.99,431.79,444.78,419.86,365.46,342.46,329.19,316.73,303.93,295.84
217.83,313.82,389.49,449.8,443.54,384.43,354.0,333.72,321.48,313.84,310.4,309.76
318.21,387.46,437.67,445.52,399.17,356.34,339.51,335.39,342.43,346.41,347.41,347.76
305.7,378.55,435.23,453.17,418.97,357.35,336.54,329.26,332.0,336.66,341.49,346.28
382.22,417.58,428.47,395.24,348.66,330.33,321.77,323.76,330.3,334.25,338.7,343.91
384.48,393.33,385.2,370.64,364.94,337.77,326.42,321.54,325.14,330.38,332.8,333.75
372.04,354.16,334.46,323.55,333.34,343.71,333.22,317.38,303.66,290.17,277.91,271.97
351.94,311.79,274.66,265.33,291.1,328.96,339.25,323.55,307.61,290.56,270.82,250.55
343.92,303.23,268.74,261.52,284.7,321.41,334.28,319.11,300.17,277.98,250.74,226.56
315.84,276.06,258.06,257.71,279.92,314.12,333.59,320.7,297.33,267.46,227.65,193.39
297.67,268.15,261.07,263.01,281.39,305.78,318.52,302.6,271.01,214.07,152.17,112.4
356.38,312.46,271.63,240.41,210.87,178.24,135.82,100.24,71.44,63.88,82.78,133.65
350.4,299.18,234.17,177.93,141.83,101.07,69.38,57.28,72.75,115.74,196.56,288.98
288.01,247.84,211.18,160.28,118.52,100.45,93.58,92.56,101.28,134.23,210.42,294.46
237.12,189.84,124.88,87.59,76.49,79.78,85.02,94.08,107.49,123.06,143.3,177.77
162.42,104.95,64.93,57.57,59.02,61.18,64.47,75.46,105.18,183.12,296.24,390.19
102.96,81.21,72.36,73.25,63.89,64.02,69.07,78.89,111.94,182.88,269.68,373.59
124.15,92.38,59.86,49.38,43.81,52.04,78.3,137.04,276.75,401.71,439.47,404.24
123.9,96.53,61.73,45.59,40.87,42.46,62.89,103.5,225.62,372.47,444.79,434.96
103.66,86.41,65.4,56.88,55.71,66.44,107.31,228.66,383.79,449.17,438.26,390.15
105.42,85.1,71.86,61.77,71.18,108.39,234.11,372.0,443.89,438.73,403.65,358.92
89.03,69.23,65.25,73.74,104.61,204.0,319.53,417.12,448.17,438.89,410.0,376.16
48.63,54.84,105.81,202.18,291.26,392.33,433.2,440.88,423.5,361.14,325.4,298.65
65.47,130.71,243.8,332.85,423.24,443.89,436.13,416.0,373.73,348.09,329.51,319.87
128.07,253.49,342.69,423.85,443.02,424.9,374.5,340.65,311.02,290.18,282.17,282.32
191.54,321.59,390.74,446.63,440.32,387.18,351.26,325.59,310.73,305.6,304.62,305.47
281.8,363.47,426.01,445.38,395.28,350.78,319.07,305.33,308.53,315.8,320.77,322.68
362.53,408.96,417.22,378.64,333.3,312.78,302.44,309.98,329.04,343.21,348.32,349.71
387.74,389.82,355.8,333.02,318.39,314.39,315.43,321.74,329.56,333.63,337.4,342.85
373.55,356.57,331.11,318.83,330.99,348.41,335.07,326.95,322.43,326.58,331.32,333.41
364.34,329.9,291.79,286.59,313.81,344.92,345.06,328.1,316.58,307.14,305.35,311.09
301.1,277.56,262.23,271.92,307.86,344.29,348.54,328.2,312.32,298.42,285.61,275.2
242.48,254.82,256.75,272.15,299.23,338.27,350.76,333.21,313.75,298.01,279.59,259.62
131.05,168.12,194.1,195.49,187.87,179.12,188.27,229.7,285.84,332.91,342.05,327.54
155.51,179.78,197.24,187.0,168.71,144.96,134.98,149.37,202.88,274.06,318.77,332.22
129.04,118.88,101.86,90.96,101.17,144.75,238.32,363.07,440.59,435.67,398.2,357.44
207.58,170.47,111.97,81.45,89.86,129.27,212.97,347.15,439.39,442.1,426.83,396.89
177.46,123.39,66.85,72.58,100.41,183.3,283.29,392.88,441.99,430.32,405.56,372.4
150.37,105.18,60.07,48.56,50.44,57.28,73.39,115.48,214.97,318.26,428.97,452.55
204.34,159.03,97.79,62.83,56.49,57.63,64.24,74.12,94.75,149.33,245.81,359.4
240.3,186.95,114.39,69.68,62.45,63.46,75.21,107.92,197.11,332.18,417.09,392.61
292.79,235.43,136.47,80.03,60.63,60.96,94.65,192.52,295.72,357.12,362.28,356.77
156.13,116.71,79.39,68.5,65.45,79.16,110.98,201.76,334.98,433.13,441.01,399.8
119.2,89.78,67.27,64.69,70.57,97.7,170.09,274.53,380.39,448.14,439.83,394.79
32.63,34.65,66.4,130.32,238.55,325.27,370.19,380.33,357.16,307.55,267.98,235.21
59.6,77.29,169.31,280.87,358.35,414.69,392.3,319.61,273.74,251.24,242.0,240.04
102.3,198.66,292.14,367.7,411.66,381.97,315.12,274.62,257.45,254.45,258.44,264.57
171.36,288.65,350.25,409.78,409.09,337.42,292.69,269.41,266.96,273.01,281.71,289.25
313.61,366.64,391.49,377.82,325.22,287.32,265.02,254.46,254.75,259.7,268.37,276.72
307.9,364.01,396.87,396.87,337.0,293.12,264.09,251.53,252.34,257.94,265.36,274.53
367.82,398.43,381.63,329.12,272.57,240.27,233.9,240.21,249.5,259.15,266.92,271.95
383.47,368.11,324.0,280.87,242.92,240.25,251.41,265.81,288.64,311.09,323.6,326.03
368.84,321.85,266.36,228.82,223.45,244.42,278.24,308.65,332.39,337.1,335.67,334.95
262.36,256.65,240.63,231.73,237.06,268.43,318.13,338.54,334.43,325.68,321.52,327.06
208.67,222.66,227.73,237.16,260.12,295.48,334.41,345.53,330.41,321.18,313.28,308.12
226.68,259.79,263.2,280.82,306.07,344.08,354.82,334.61,309.14,286.19,255.69,220.87
248.14,285.83,298.0,325.29,345.93,349.16,330.85,296.91,251.24,181.13,122.19,85.92
225.47,275.14,299.83,325.82,344.43,337.5,305.38,246.96,171.78,108.6,71.84,65.14
198.29,238.77,278.12,303.23,328.77,337.46,310.46,246.92,169.17,104.36,68.71,63.06
195.49,224.57,267.0,286.65,309.02,323.16,307.39,246.12,170.18,106.06,68.63,61.04
221.8,258.32,300.09,309.66,314.12,297.63,253.03,180.66,120.35,72.9,55.81,72.29
272.05,311.86,338.79,339.01,320.01,283.12,210.22,130.34,77.2,56.25,67.98,142.37
317.65,338.67,338.18,294.86,222.03,141.98,83.04,53.35,55.27,124.91,268.21,351.66
356.69,358.88,330.33,264.12,162.14,89.72,52.11,48.38,109.41,253.28,346.77,368.61
359.72,324.92,277.32,184.71,111.24,59.03,47.0,87.72,219.01,330.18,366.45,367.38
339.24,265.11,163.65,92.2,50.29,58.38,118.58,258.39,356.4,375.58,374.89,374.74
177.79,128.43,78.68,66.12,77.48,113.07,178.1,255.79,353.35,413.77,386.38,337.01
83.38,56.87,63.86,98.4,186.51,290.39,397.5,443.19,427.8,365.67,322.75,292.61
50.87,42.57,86.72,211.37,346.29,431.3,438.76,379.86,327.59,284.66,256.47,245.66
73.07,113.0,226.13,334.08,435.72,445.58,387.36,336.04,298.18,279.59,276.32,280.71
114.73,251.42,354.8,444.0,454.79,425.4,370.78,341.48,319.57,316.3,318.31,319.84
168.09,328.4,409.87,445.51,423.99,357.57,313.94,283.3,273.0,274.74,281.73,288.82
338.03,408.32,439.54,413.32,345.06,309.42,280.4,275.9,290.24,314.3,333.49,339.24
350.45,402.34,433.82,418.75,352.08,318.33,296.7,289.38,299.39,325.62,345.98,351.29
380.74,388.14,355.39,328.11,305.96,289.16,282.06,285.86,304.99,327.07,341.17,346.38
375.8,369.76,339.17,305.72,284.68,289.93,302.39,320.65,331.58,333.98,333.89,334.97
372.67,353.51,323.72,293.79,286.76,310.36,330.54,328.92,324.52,320.02,324.38,330.51
305.43,290.05,273.35,266.53,283.48,322.87,346.98,340.2,323.64,312.83,301.14,294.45
241.42,249.88,247.96,256.14,274.23,315.11,343.77,339.36,318.31,302.14,285.8,269.42
168.94,208.35,247.43,275.16,311.66,345.78,351.93,332.1,309.44,290.02,267.75,247.89
228.6,265.41,271.46,296.4,321.81,350.87,352.25,326.84,299.09,266.09,219.1,177.77
240.9,287.38,310.75,341.12,361.32,355.91,330.49,290.45,236.05,161.38,107.35,78.89
195.41,243.9,284.14,315.98,350.09,353.75,325.74,270.41,195.54,120.81,75.56,65.15
207.51,247.1,287.37,308.34,325.25,327.1,303.06,240.03,166.0,104.22,68.37,61.67
228.1,250.71,271.71,292.3,308.34,305.13,260.05,180.3,116.42,70.53,57.87,84.26
357.86,360.64,331.36,285.06,206.54,124.93,74.17,54.99,73.7,165.56,295.42,360.53
301.46,323.93,326.25,278.28,187.07,104.69,53.29,48.96,106.07,245.73,347.31,374.02
338.34,332.31,304.32,225.31,137.28,75.51,46.78,62.68,164.78,293.75,362.07,372.54
304.0,268.13,222.92,151.91,96.67,50.42,55.05,125.82,268.56,355.35,375.09,374.87
238.27,186.95,115.87,63.51,58.24,114.91,252.35,369.47,427.51,413.31,370.28,346.99
243.24,165.38,84.16,53.13,65.48,142.7,277.04,386.54,418.83,386.03,349.51,330.8
139.25,86.89,66.51,91.23,173.7,279.26,377.83,431.52,414.11,352.59,295.06,240.82
121.96,68.87,61.09,107.35,205.98,313.47,414.34,430.2,382.53,328.36,282.96,246.32
41.56,44.8,98.41,239.7,355.02,429.87,426.04,356.11,299.45,260.25,240.2,231.14
67.28,113.13,227.51,318.94,409.77,432.06,364.49,307.38,269.58,256.6,256.56,261.26
136.78,270.96,355.47,423.4,416.88,344.53,290.64,261.15,255.15,258.44,265.0,270.84
322.16,398.64,432.64,403.52,329.59,282.45,257.05,259.46,270.26,286.48,303.09,314.88
330.65,407.13,441.25,419.86,347.37,309.06,281.08,275.79,292.77,319.42,338.22,344.08
386.97,416.23,410.73,359.68,323.17,303.53,297.0,306.86,323.88,333.4,335.87,336.26
387.35,383.15,345.85,320.72,310.99,304.18,315.33,325.35,331.96,334.06,334.63,335.2
374.75,356.06,324.93,293.23,284.39,315.59,330.28,331.05,329.45,330.89,332.38,333.17
305.72,291.29,274.19,267.57,288.26,330.02,351.52,341.11,321.97,307.47,292.35,276.8
306.39,279.34,261.5,262.09,291.69,333.61,348.11,332.91,315.18,300.08,282.99,264.66
254.79,269.69,275.24,283.07,310.25,346.17,352.38,330.36,309.42,291.28,269.49,246.27
280.67,301.62,299.98,304.84,326.08,349.84,344.75,317.87,292.18,255.9,208.14,168.31
265.95,307.29,335.74,361.88,357.32,345.12,318.19,282.77,227.36,155.76,105.81,81.02
213.93,267.41,296.71,323.97,342.28,336.43,305.06,247.35,171.75,107.71,71.66,65.36
227.51,275.85,299.01,320.3,333.92,321.31,274.67,199.14,129.97,78.21,63.12,83.61
224.34,269.73,296.85,316.04,327.94,317.95,270.25,189.46,123.23,74.48,61.67,87.48
281.59,319.47,341.6,344.14,322.16,277.79,195.24,121.6,73.74,61.0,87.95,170.35
274.55,313.21,338.32,343.5,319.11,270.43,185.65,113.79,66.96,54.87,88.72,191.98
296.74,323.56,337.04,320.04,279.28,213.39,138.33,82.33,55.29,58.68,127.18,257.53
342.0,344.71,325.93,263.55,166.28,93.2,51.13,46.39,104.48,247.21,343.45,367.81
363.34,334.49,290.37,200.95,121.09,64.28,45.55,73.79,188.08,306.8,364.31,368.49
245.79,202.06,132.0,76.17,66.71,115.19,253.36,372.13,427.67,415.12,379.41,345.12
160.79,109.36,61.34,81.38,135.67,229.54,314.28,399.53,411.72,386.94,349.12,298.49
111.52,65.71,65.72,120.4,231.05,327.47,426.18,431.24,383.85,332.5,289.47,254.01
53.93,41.69,80.23,191.03,327.64,424.05,442.92,382.72,334.89,294.95,268.23,256.94
85.68,124.26,219.4,311.0,407.01,442.63,406.58,335.09,294.86,271.68,265.85,270.11
114.36,236.02,326.0,424.64,447.44,409.76,354.7,315.57,287.21,277.08,276.04,278.0
246.05,324.42,399.67,451.82,417.44,361.46,331.14,316.6,320.64,326.39,328.93,329.46
341.41,405.11,432.19,404.72,340.49,309.03,288.38,286.58,298.37,314.21,327.67,334.49
385.43,402.66,374.96,332.85,307.37,288.37,285.24,300.22,321.9,333.91,336.58,337.72
383.04,378.87,337.39,302.71,284.93,291.2,307.3,325.16,334.15,335.57,335.25,335.42
371.43,342.38,307.62,288.2,293.66,326.31,334.21,329.92,324.13,323.1,328.76,332.29
356.53,320.63,280.55,263.17,282.48,321.43,337.18,325.87,310.37,294.35,276.09,257.09
260.83,261.69,252.85,251.12,259.08,295.23,335.95,341.72,323.31,307.61,291.03,272.33
191.24,216.71,232.49,235.03,242.16,260.98,296.45,329.01,337.78,329.56,315.89,301.93
257.94,281.81,285.64,292.2,312.95,342.9,348.99,326.57,301.03,270.42,226.3,182.36
245.15,280.76,286.11,305.48,318.8,334.51,333.58,306.31,269.65,205.7,137.45,93.43
173.73,219.32,263.44,273.93,285.81,292.1,281.6,248.68,195.51,131.51,82.24,68.46
302.15,329.05,344.52,339.58,316.53,272.66,197.94,128.51,80.05,64.88,81.98,146.75
346.54,363.4,348.56,314.95,263.39,178.31,109.55,65.31,52.92,87.22,196.67,310.87
370.92,356.56,321.8,257.05,167.23,102.19,60.73,45.92,82.71,200.12,314.36,364.88
327.65,302.82,259.93,183.58,119.24,69.02,50.93,85.77,211.96,324.71,371.28,374.03
300.44,251.43,195.94,128.17,78.48,49.61,66.56,162.71,292.64,365.65,375.64,374.93
240.91,212.34,155.35,88.6,45.93,56.92,117.73,265.14,385.75,391.19,376.3,373.56
193.82,172.71,134.22,83.06,50.85,49.02,70.37,124.61,206.37,305.79,403.07,407.36
255.14,192.6,124.43,68.81,54.79,97.25,227.24,363.68,435.66,413.4,372.19,356.76
166.73,118.3,69.47,76.86,115.86,202.65,287.05,377.61,421.38,412.77,379.07,323.83
161.67,128.27,75.88,77.95,121.87,217.52,303.67,395.53,419.59,411.56,390.29,347.12
72.35,64.73,95.19,194.38,310.15,421.67,453.06,430.46,367.64,332.57,306.22,292.6
66.88,69.66,127.26,252.8,362.44,439.52,440.61,383.1,332.48,286.13,254.74,242.81
97.64,149.86,234.04,289.91,371.51,438.65,415.9,357.85,329.25,300.1,279.18,272.38
247.1,304.3,358.07,407.7,404.33,357.15,323.07,290.25,264.73,263.27,270.91,280.43
309.27,377.78,421.87,437.04,383.54,336.43,314.98,305.08,309.93,320.01,328.45,333.85
370.95,413.26,418.28,381.3,339.5,323.42,317.12,321.4,327.65,330.6,331.66,332.34
389.07,392.24,361.27,345.56,336.61,320.27,313.31,308.47,309.19,315.43,325.76,332.06
372.88,354.39,331.8,314.48,320.38,339.01,338.34,329.1,321.0,317.9,324.05,330.29
330.85,293.45,261.14,244.97,254.34,289.01,321.96,323.32,307.82,287.14,260.34,229.92
297.66,268.63,250.61,236.93,236.45,255.75,295.31,311.92,308.87,289.37,258.92,221.38
292.41,261.13,247.47,233.85,228.84,240.18,276.85,302.66,303.58,281.63,240.69,192.58
307.52,268.33,251.08,243.49,254.36,280.9,310.44,309.7,287.45,239.03,173.27,122.97
310.99,287.25,269.59,264.86,279.79,303.25,316.76,301.68,269.07,208.41,142.49,99.32
363.49,346.13,315.66,297.31,288.37,285.59,274.79,246.32,194.71,134.63,92.02,77.09
368.1,361.8,328.85,301.8,286.17,274.23,254.88,217.63,163.71,113.19,81.02,73.45
370.91,351.21,310.36,259.32,209.06,178.34,153.57,122.08,94.0,92.37,135.08,218.75
364.14,329.05,287.51,242.44,201.28,161.71,119.77,86.31,76.78,101.74,173.46,276.38
345.68,302.43,256.76,217.22,188.5,157.42,123.51,91.92,81.29,103.26,172.17,271.88
259.21,245.12,234.46,211.02,187.62,160.99,131.74,97.73,72.42,80.26,146.82,260.43
260.82,240.13,229.55,203.92,174.04,141.72,110.32,80.3,69.86,103.87,201.35,309.78
214.23,210.75,203.9,173.51,120.38,76.57,65.86,86.77,160.58,302.39,409.29,401.84
265.98,261.22,241.54,205.36,162.36,125.18,86.28,61.51,63.54,114.54,216.75,319.06
261.15,254.23,215.18,151.56,97.58,86.11,99.87,145.55,255.59,364.8,365.94,347.27
100.99,83.38,89.3,110.84,188.06,264.32,352.39,422.96,435.82,429.31,382.62,349.36
92.46,74.08,80.12,100.78,164.38,256.11,349.18,437.74,452.87,446.87,400.51,362.77
53.01,56.92,125.77,270.12,397.54,454.23,452.43,430.58,368.29,329.57,301.83,289.89
113.31,202.49,294.35,386.23,448.86,458.56,439.5,388.91,357.38,339.91,338.81,341.83
243.12,325.79,402.74,451.94,454.1,419.25,374.29,356.94,348.87,345.31,344.42,344.56
384.99,403.5,402.54,371.26,334.88,319.9,310.21,304.75,304.01,308.77,314.83,319.19
380.3,359.93,332.41,331.05,342.15,329.35,326.92,324.1,327.71,331.48,333.17,334.05
371.17,340.42,304.31,301.81,324.59,343.18,332.26,327.06,324.24,329.08,332.41,333.65
343.07,300.91,272.03,275.25,309.15,344.48,347.3,329.39,318.85,311.76,311.2,318.76
195.78,217.29,230.59,232.25,239.97,261.37,301.26,339.39,347.07,336.0,318.36,298.55
187.97,211.89,225.28,223.87,223.0,230.9,250.22,289.24,328.91,337.54,322.74,301.15
196.32,215.7,215.82,198.29,173.6,133.61,108.72,103.21,115.62,137.83,154.34,162.8
210.31,214.54,197.18,155.2,111.89,82.02,68.24,72.5,87.87,111.75,167.68,263.38
250.06,270.82,267.52,248.3,224.77,196.99,160.99,114.05,81.98,75.23,121.93,216.51
239.85,256.27,249.32,209.89,168.44,134.61,114.13,94.23,83.24,110.01,187.8,295.36
243.55,263.21,259.57,225.33,189.08,151.03,123.0,95.34,78.4,95.95,161.01,260.29
268.57,291.68,303.37,290.93,259.26,208.33,152.03,95.41,63.08,57.28,110.78,229.17
296.35,312.43,314.22,282.22,215.24,148.13,94.82,61.2,51.03,98.34,219.8,327.56
345.29,340.48,313.05,236.95,146.73,85.42,50.28,52.42,124.78,266.92,350.58,366.79
358.49,338.62,291.68,202.64,124.07,68.86,46.5,70.16,179.17,300.16,362.14,366.37
262.2,249.35,219.71,154.19,95.59,50.56,52.41,104.52,235.04,340.88,376.3,375.09
164.99,151.95,132.13,90.58,57.61,49.72,62.94,86.09,124.4,166.69,222.17,316.3
192.2,168.6,136.9,88.29,54.8,48.23,62.99,95.98,149.83,217.02,315.71,400.96
155.73,145.62,120.81,83.26,55.6,51.65,67.67,94.41,140.07,190.42,275.62,375.26
220.31,205.93,174.61,117.1,69.59,66.04,97.77,172.72,289.38,402.22,438.46,417.67
153.13,133.51,98.19,74.67,68.66,82.29,110.16,158.95,235.14,340.95,423.74,416.72
56.37,83.19,196.94,310.1,419.73,456.08,434.09,376.02,337.71,307.85,290.81,284.8
121.54,231.63,325.82,429.91,456.4,448.66,402.58,367.27,350.62,342.85,341.11,341.3
187.07,310.99,394.66,454.77,445.6,395.14,362.7,344.03,333.3,326.97,324.53,324.23
211.55,327.78,409.35,463.23,446.53,391.68,365.45,351.61,344.25,342.13,342.14,342.51
344.24,412.8,446.33,435.37,375.49,347.42,337.05,342.76,347.54,348.76,348.98,349.2
382.68,416.62,421.71,382.35,341.12,326.21,323.57,334.28,343.02,346.74,348.17,348.79
382.83,385.25,369.11,360.3,343.27,328.45,321.06,319.82,326.92,331.95,334.0,336.1
367.92,342.57,314.26,306.07,321.04,342.65,339.17,321.79,307.45,292.18,276.86,265.31
363.32,328.31,290.79,283.08,303.44,334.58,338.09,320.69,305.48,288.71,270.09,253.52
356.86,315.59,277.26,269.43,291.13,323.83,333.94,318.14,300.49,279.87,255.27,233.66
326.18,283.75,259.9,260.24,284.18,317.66,334.17,320.41,298.99,273.43,240.45,211.31
347.35,311.38,279.09,273.64,294.81,321.58,325.89,304.18,274.26,225.14,167.6,128.1
325.46,292.93,277.08,279.17,303.35,329.6,330.37,303.54,268.62,214.32,154.65,114.9
290.71,292.16,289.53,294.18,316.99,338.89,334.08,303.68,265.68,207.88,148.7,108.93
257.46,279.41,277.13,280.07,286.24,306.48,318.51,297.45,250.45,179.58,119.36,82.07
257.08,283.61,284.58,279.62,263.04,239.43,198.85,137.02,86.2,61.08,66.44,133.88
360.75,355.13,316.68,269.88,205.98,141.42,86.72,57.97,56.51,113.2,230.03,332.43
356.24,345.71,299.22,212.87,131.8,78.3,50.39,62.0,151.92,280.4,355.14,367.04
255.93,259.37,238.16,193.67,133.21,85.32,56.8,73.77,168.53,294.52,363.94,374.13
311.69,262.87,193.54,111.37,59.76,46.74,83.94,222.58,345.62,377.28,374.94,374.6
191.67,145.69,91.28,79.43,99.1,167.08,252.08,345.33,416.7,413.76,389.58,345.74
88.52,66.67,66.05,82.07,119.58,186.95,271.09,378.51,437.0,419.18,359.65,324.46
122.03,89.51,50.55,58.43,76.2,116.24,198.66,293.21,399.37,437.13,432.3,408.98
60.52,46.62,67.73,156.82,285.83,395.7,453.0,441.16,377.96,341.05,313.07,298.57
63.93,127.77,256.24,363.85,451.39,457.57,426.55,375.52,351.0,335.07,328.96,328.55
140.41,282.17,365.82,443.1,451.7,417.82,364.18,332.29,307.3,300.17,299.81,301.17
229.62,319.56,400.63,459.55,431.98,368.43,339.84,325.83,327.59,330.69,331.79,331.99
334.93,396.31,425.35,397.09,336.3,304.09,280.3,273.52,280.61,292.0,304.27,314.1
368.89,408.75,405.66,356.54,312.84,289.65,275.09,274.99,287.52,305.31,318.64,325.19
384.4,378.75,336.68,302.41,279.18,271.66,279.1,294.3,318.25,338.29,346.51,348.55
375.58,356.2,318.85,277.92,253.8,271.25,305.28,323.05,333.55,334.48,333.57,333.57
337.15,304.84,267.87,249.61,257.56,293.59,332.57,336.74,324.67,314.13,308.64,310.85
273.38,265.63,255.71,247.08,255.53,288.99,332.39,341.84,325.72,312.08,300.68,288.97
223.95,242.55,245.46,258.51,282.94,322.97,347.94,339.29,315.51,296.66,274.25,247.84
215.19,254.29,259.3,271.63,294.4,333.58,350.57,334.58,306.98,278.07,234.66,186.22
306.76,332.11,350.49,350.18,348.85,344.16,325.1,297.19,257.63,194.66,135.36,97.23
295.52,334.75,360.49,361.4,345.47,326.03,289.07,239.27,170.1,112.81,79.15,72.43
272.07,316.1,345.59,356.93,338.62,306.16,240.31,165.39,105.4,71.33,67.19,105.6
271.88,314.04,342.42,350.28,327.44,284.68,204.55,130.41,79.31,63.06,79.54,145.48
291.57,324.9,346.05,337.19,304.06,245.78,161.66,99.55,63.72,59.11,107.43,213.18
330.95,345.41,333.98,283.07,197.77,121.67,69.45,47.9,69.38,169.04,294.14,359.77
361.87,355.53,319.83,245.4,147.65,82.51,49.94,52.84,125.7,267.23,350.58,366.83
354.56,312.93,259.67,172.94,109.83,61.72,49.06,92.39,227.13,333.67,367.84,370.11
294.02,203.21,120.38,65.65,50.56,81.31,202.63,353.78,417.16,380.64,368.21,370.35
141.26,90.51,64.44,86.86,159.07,257.86,345.9,421.62,424.1,393.18,333.3,286.49
87.63,49.15,58.91,113.21,235.65,334.15,425.45,431.29,383.45,328.38,285.29,256.01
81.21,46.79,53.52,92.72,185.12,290.2,388.46,442.42,434.36,383.51,331.08,288.68
90.84,67.19,63.81,62.88,92.76,178.59,301.8,409.47,444.52,435.24,393.49,345.39
40.28,32.8,59.34,121.5,242.97,343.67,435.18,440.44,400.61,346.74,299.9,263.83
92.29,131.91,221.74,295.19,393.55,449.48,438.4,376.91,339.36,308.1,292.6,288.07
272.15,330.54,366.39,402.11,392.8,338.3,304.9,280.07,272.78,277.3,286.1,295.06
334.13,397.43,422.13,401.48,348.8,318.04,301.17,289.29,285.57,292.85,303.9,312.39
371.65,409.13,407.13,365.21,325.84,310.14,301.36,300.71,306.83,318.89,328.09,331.9
375.49,387.49,363.25,334.94,327.28,319.01,319.54,323.51,329.43,332.54,333.56,334.23
374.67,362.33,340.66,318.39,310.71,321.64,330.78,324.8,315.7,305.12,300.0,303.22
362.4,346.51,324.71,297.17,288.97,307.84,326.01,321.67,308.38,291.48,271.6,250.58
271.48,272.39,267.4,262.08,270.52,301.78,336.87,339.64,320.63,304.13,285.31,263.36
306.43,274.54,261.28,258.51,285.29,326.19,341.04,324.01,300.37,272.7,236.16,202.43
209.29,234.84,247.1,257.01,278.93,315.64,342.5,336.0,309.58,281.96,240.44,191.86
205.8,247.33,261.67,278.39,299.04,333.59,344.6,322.66,290.71,241.06,171.15,117.54
238.07,284.71,308.49,337.18,354.13,348.69,323.43,282.26,221.88,146.27,95.03,74.16
271.21,314.19,344.58,354.26,341.3,316.95,267.38,201.18,130.28,81.82,68.11,85.19
330.27,349.71,348.36,318.93,274.9,198.2,127.38,80.99,63.06,76.37,138.87,252.01
362.85,354.21,324.04,262.57,169.88,102.51,60.61,46.39,86.56,212.44,323.73,366.39
349.45,335.16,304.81,226.83,139.78,79.11,48.26,61.58,160.42,290.17,358.89,367.17
345.23,287.52,219.26,141.54,92.09,53.94,60.92,142.53,278.21,354.73,368.56,371.84
256.73,180.15,100.08,60.69,66.57,150.42,302.6,412.21,436.42,414.18,370.53,344.3
268.31,158.81,83.39,69.16,86.0,165.54,305.7,408.44,426.4,396.04,354.5,326.29
193.65,129.25,71.79,72.61,88.9,129.56,216.59,304.89,399.59,418.67,407.22,378.75
93.28,56.78,64.0,103.17,195.86,314.05,415.78,444.89,427.14,369.59,324.03,286.59
79.83,52.37,63.71,98.82,197.12,326.45,421.79,443.76,423.88,363.71,319.63,284.81
37.0,43.27,92.34,223.42,347.01,435.58,443.87,420.61,353.58,317.75,295.64,282.07
66.85,123.55,235.74,316.43,419.49,453.32,421.67,356.94,322.84,306.6,306.74,312.35
155.51,309.86,404.1,454.6,452.73,417.73,365.96,337.7,317.05,312.85,313.86,315.16
314.6,395.57,444.57,440.76,378.71,341.79,328.41,327.32,336.66,342.09,343.42,343.64
315.29,384.31,432.66,444.5,392.83,347.09,328.78,323.13,330.0,337.53,343.59,346.48
369.81,414.46,418.71,374.86,329.34,312.97,305.6,306.71,314.33,326.66,333.34,335.24
389.58,390.58,357.34,327.2,304.86,300.22,302.69,312.47,326.71,333.75,335.42,335.73
372.44,352.7,329.07,309.6,314.13,335.54,337.42,326.93,320.17,314.98,317.72,327.18
322.39,293.83,272.35,273.51,306.93,342.94,349.27,329.83,313.72,298.98,282.73,265.85
317.19,281.66,265.23,272.58,308.36,342.72,343.93,322.05,305.03,287.22,266.75,247.07
252.69,269.36,276.47,285.93,316.05,349.6,351.74,327.6,306.32,286.46,262.45,237.95
178.38,226.56,240.59,244.89,260.86,294.54,327.76,332.72,312.39,288.38,253.38,205.94
188.55,235.8,256.87,271.12,299.67,330.39,337.21,315.12,280.08,222.18,149.37,100.94
241.67,284.26,298.41,320.75,336.81,334.15,313.75,269.46,207.97,135.28,85.73,69.75
225.27,271.56,295.4,315.05,327.94,322.84,288.17,219.8,148.22,91.01,65.9,69.32
246.36,291.85,318.62,332.04,333.1,315.19,263.63,176.85,113.67,71.02,62.06,95.75
248.23,288.49,312.97,322.99,323.09,301.36,243.82,154.43,93.81,61.78,59.86,112.92
330.84,334.78,324.64,270.66,190.43,120.98,69.8,48.15,68.63,164.48,290.18,358.14
311.0,324.98,317.23,254.22,166.03,96.49,51.81,48.46,113.71,261.13,350.62,371.83
344.84,328.83,288.76,199.72,122.49,65.65,45.58,74.95,195.27,313.55,367.25,372.04
338.72,269.45,178.45,105.2,56.87,49.58,85.57,205.06,323.36,374.23,375.07,374.83
206.34,155.59,95.31,72.31,87.86,142.63,230.64,336.16,425.52,428.93,404.27,360.28
146.39,97.7,57.19,79.64,136.04,230.59,314.91,400.05,413.64,393.35,356.92,308.3
136.62,80.55,57.59,74.63,119.43,213.98,307.82,410.21,430.08,408.59,365.96,321.53
41.18,45.12,109.07,262.09,370.01,435.91,430.51,381.35,336.54,309.38,290.78,279.65
71.26,146.1,261.52,360.99,430.77,421.43,354.36,308.17,277.18,267.99,269.24,274.0
139.41,272.87,357.9,426.15,421.68,351.5,300.22,266.92,258.08,259.76,265.61,272.7
287.5,363.33,420.8,434.89,374.33,329.5,293.67,282.52,288.28,300.63,312.01,318.23
343.85,406.01,436.07,407.48,340.92,307.12,284.27,282.18,295.32,313.14,327.95,335.4
388.21,403.4,377.51,337.36,312.32,296.46,294.7,308.15,325.96,334.49,336.28,336.46
387.46,374.1,331.6,298.78,286.87,296.64,313.33,329.07,334.84,335.18,334.93,335.27
369.47,338.67,302.66,278.64,284.6,323.7,340.05,333.14,327.31,325.81,330.01,332.72
317.76,287.85,265.24,269.11,304.15,341.75,348.94,329.74,313.56,298.86,282.99,268.37
305.93,275.92,261.18,268.24,301.73,340.24,346.84,326.1,308.26,291.25,271.57,251.73
265.66,274.56,277.94,284.61,313.16,347.35,350.64,326.81,304.75,283.07,256.45,229.9
198.59,241.19,246.41,249.5,268.83,305.55,337.24,336.91,311.72,284.82,245.17,194.45
250.95,291.32,304.51,330.29,344.95,345.38,330.34,297.58,254.07,184.92,124.14,86.5
308.2,338.0,358.57,352.62,337.12,315.3,274.35,219.28,150.67,98.58,75.06,76.38
273.68,317.99,345.99,356.04,336.82,303.6,236.76,161.56,102.65,70.48,67.69,108.99
298.5,331.79,351.04,340.13,309.8,255.06,171.59,108.85,69.79,63.19,104.23,198.65
352.14,359.63,340.83,301.28,236.79,150.44,90.13,55.49,49.87,98.99,229.75,333.75
356.57,355.77,324.16,253.21,153.51,85.75,51.0,49.98,115.59,259.95,348.1,366.99
284.39,282.61,266.67,201.51,132.95,81.16,49.33,66.11,172.6,297.16,362.95,371.9
330.21,272.83,207.03,134.89,84.25,51.34,64.16,151.77,284.01,360.17,374.57,374.8
251.66,211.87,149.96,88.69,47.34,55.35,114.36,263.13,374.11,383.01,375.91,374.72
233.5,173.45,102.61,61.73,64.12,134.26,281.06,392.56,429.7,411.28,371.44,336.71
150.23,102.97,57.93,75.81,130.98,220.31,301.59,388.26,413.04,385.93,349.38,300.65
90.03,53.85,61.18,114.54,236.24,335.52,426.79,430.47,380.54,329.92,290.93,267.56
71.03,47.75,61.86,118.41,240.39,341.53,431.24,445.28,419.3,361.02,326.98,299.77
106.99,76.33,61.87,91.16,181.71,297.3,406.69,455.3,446.51,402.18,362.06,336.39
53.43,59.07,121.95,254.5,359.13,445.42,454.63,434.31,376.8,343.58,319.04,307.59
175.93,226.88,252.82,297.2,374.85,396.59,343.54,310.11,282.85,274.18,281.06,294.18
282.19,348.71,384.62,399.43,361.05,315.94,284.39,252.23,231.16,230.17,247.06,272.07
370.31,399.24,389.76,347.81,315.9,298.58,288.94,291.88,304.93,317.05,322.46,323.41
385.35,373.34,330.2,290.77,261.41,256.48,276.92,300.24,318.49,325.31,325.44,324.5
364.22,336.22,304.2,254.34,207.2,191.44,190.79,199.01,216.86,239.6,267.91,296.01
212.67,210.89,212.2,197.99,174.58,151.42,146.77,154.15,181.3,229.84,293.29,334.12
233.18,229.02,214.42,194.35,173.15,155.46,148.27,146.76,151.33,175.32,248.2,334.57
228.81,237.03,237.71,241.69,252.17,270.43,292.92,292.19,272.89,217.4,147.16,100.41
240.32,260.96,261.88,267.57,268.21,277.28,280.6,256.76,205.96,134.63,83.37,67.84
278.89,305.88,327.12,321.88,295.71,257.88,205.11,145.89,93.02,67.42,70.76,122.09
331.98,340.77,336.4,299.89,240.59,163.68,105.74,68.37,61.29,101.1,193.61,305.26
336.11,343.33,330.91,275.17,177.83,98.31,53.62,50.17,108.52,245.03,342.06,370.49
340.77,337.16,313.7,237.32,144.29,79.99,48.96,61.97,162.28,290.82,360.31,371.5
285.57,252.26,220.88,151.49,95.15,49.91,59.05,136.06,272.28,356.13,374.93,374.87
278.64,218.98,160.29,93.17,48.51,51.06,95.83,218.26,334.36,376.0,375.12,374.83
212.44,188.35,142.58,88.44,64.01,80.42,144.72,273.96,388.92,431.17,389.69,347.03
206.32,173.66,126.12,75.9,67.42,95.73,167.1,273.18,384.48,437.91,419.34,368.2
148.64,113.86,76.13,68.69,77.61,106.43,159.99,223.63,294.28,350.65,377.74,362.32
181.46,136.51,79.85,71.67,93.63,166.29,255.83,350.32,424.45,422.89,404.6,363.6
174.86,134.88,79.57,79.65,115.28,205.21,289.12,378.45,415.38,403.34,379.26,336.6
142.46,108.69,75.07,83.93,129.42,220.61,303.28,390.9,419.61,410.0,393.93,358.67
76.99,60.95,69.18,102.87,204.81,319.59,421.41,449.3,443.05,408.67,360.69,331.96
48.1,50.29,93.85,194.73,314.58,429.11,456.58,445.94,396.6,354.92,327.17,308.6
63.14,105.5,230.47,327.57,429.8,453.59,452.82,420.58,371.5,346.8,329.35,321.15
120.49,241.11,337.89,433.93,453.66,443.03,407.86,366.56,346.08,331.92,321.77,316.89
275.22,368.06,446.43,458.08,410.42,363.83,341.96,337.49,338.99,340.03,340.3,340.46
291.77,379.69,442.19,455.81,418.61,367.46,348.7,346.12,348.02,348.86,349.07,349.26
381.51,419.45,424.58,389.57,345.12,328.67,321.23,324.68,332.81,340.39,345.18,347.46
