301.38,288.36,266.42,271.24,270.34,271.64,273.04,274.58,276.32,278.3,280.57,283.38
171.74,186.76,208.11,214.28,217.21,218.85,220.14,225.97,239.23,247.79,251.59,253.0
293.41,281.33,262.57,269.62,268.7,269.99,271.24,272.57,274.03,275.67,277.56,279.88
165.7,185.84,207.71,214.12,217.05,219.59,230.78,243.42,249.94,252.55,253.41,253.66
280.73,249.49,238.3,248.6,250.2,253.86,259.37,273.15,287.65,296.35,300.0,301.21
212.0,240.9,234.91,249.38,251.45,255.17,258.6,261.52,264.79,275.36,288.39,296.6
292.23,287.53,298.98,301.02,300.14,300.92,301.24,301.3,301.31,301.31,301.31,301.31
302.83,294.32,292.32,293.27,296.23,299.36,300.67,301.12,301.28,301.34,301.36,301.37
303.93,285.96,272.62,283.79,291.48,297.47,300.06,300.96,301.27,301.38,301.42,301.43
307.18,318.04,332.2,320.56,308.81,303.93,302.18,301.55,301.33,301.25,301.22,301.22
308.18,318.41,332.51,320.86,308.97,303.99,302.2,301.56,301.33,301.25,301.22,301.21
312.94,318.6,331.8,320.68,308.88,303.94,302.18,301.55,301.32,301.25,301.22,301.21
356.53,306.65,298.39,299.65,297.17,298.12,299.97,300.92,301.19,301.23,301.23,301.22
218.41,215.43,222.21,235.75,250.88,261.66,269.11,275.46,282.25,289.71,296.58,301.01
328.93,325.83,337.64,325.83,311.83,305.18,302.68,301.76,301.43,301.32,301.28,301.26
312.27,321.16,335.59,323.43,310.4,304.58,302.42,301.62,301.33,301.23,301.19,301.18
176.9,187.7,210.25,218.83,234.16,243.75,247.7,249.01,249.41,249.56,249.67,249.79
175.24,186.96,208.85,215.5,229.82,242.02,247.64,249.68,250.32,250.55,250.67,250.79
173.02,186.29,208.33,214.27,227.62,240.95,247.47,249.93,250.69,250.89,250.94,250.95
169.78,186.0,208.19,213.88,226.68,240.52,247.55,250.29,251.15,251.39,251.45,251.46
279.48,259.97,260.47,259.68,261.25,264.59,268.26,272.66,278.13,284.65,291.44,296.84
290.87,267.72,266.58,263.7,262.67,264.76,267.93,272.07,277.35,283.75,290.59,296.27
182.99,187.5,209.66,217.64,232.76,243.16,247.58,249.05,249.45,249.55,249.57,249.58
171.84,186.11,208.78,215.37,229.79,242.13,247.86,249.94,250.55,250.71,250.75,250.76
379.58,326.33,304.36,290.36,274.43,260.78,254.34,252.36,251.82,251.67,251.63,251.63
392.52,343.81,343.95,335.96,318.65,307.87,303.56,302.01,301.46,301.27,301.2,301.18
200.53,196.98,212.73,224.06,238.51,246.55,250.02,251.59,252.69,253.87,255.34,257.29
165.32,185.7,209.69,217.09,232.53,244.13,249.48,251.52,252.29,252.68,253.02,253.41
195.09,210.24,228.43,239.18,255.63,276.9,292.34,300.26,303.43,304.57,304.97,305.12
153.01,185.6,210.42,218.12,233.62,246.66,253.51,256.64,258.1,259.01,259.87,260.84
161.32,184.63,209.3,215.79,229.97,243.67,250.87,254.07,255.5,256.38,257.21,258.18
265.65,234.51,224.93,232.38,233.1,240.34,255.96,269.91,280.81,289.59,296.19,300.01
236.89,211.71,208.5,214.57,216.1,216.85,217.83,227.12,240.51,248.93,252.91,254.45
289.75,233.7,216.66,220.42,221.72,223.58,231.48,241.72,248.11,250.92,251.93,252.27
362.35,285.5,252.44,247.94,249.63,249.73,249.79,249.99,249.73,249.08,251.12,253.54
410.47,339.3,308.64,288.54,282.66,283.86,290.09,296.92,300.71,302.24,302.75,302.9
352.23,277.04,243.76,241.88,244.78,247.42,249.04,252.64,255.89,258.1,259.93,261.85
316.32,289.05,266.07,272.12,272.23,274.8,282.36,291.11,297.13,299.89,300.89,301.24
292.83,229.78,212.54,217.53,218.64,219.6,223.25,235.37,245.39,250.73,252.96,253.84
283.51,289.66,303.39,303.01,300.79,301.04,301.21,301.26,301.27,301.28,301.28,301.28
272.87,232.75,227.94,237.87,245.45,249.31,250.76,251.24,251.4,251.47,251.52,251.56
272.59,226.8,218.74,230.0,241.26,247.73,250.47,251.45,251.78,251.91,251.99,252.07
196.61,205.03,209.0,212.98,218.02,231.15,242.8,248.88,251.31,252.11,252.35,252.42
200.71,206.14,209.02,213.73,214.97,221.85,235.81,245.74,250.62,252.49,253.09,253.27
206.88,207.59,209.05,214.16,215.53,216.66,225.84,239.48,247.99,251.95,253.42,253.89
252.88,218.21,209.18,215.12,216.29,217.11,225.01,238.44,247.19,251.36,252.94,253.46
240.12,221.26,210.88,216.92,218.26,219.15,220.04,228.17,241.36,249.97,254.26,256.21
216.8,231.48,223.85,233.41,234.97,237.21,239.46,242.08,252.1,270.23,285.83,295.72
195.66,211.35,214.48,220.54,222.21,223.56,224.75,225.86,231.52,245.77,257.51,265.4
197.92,223.66,223.7,232.39,234.54,237.06,239.78,242.77,246.17,255.71,274.12,289.35
187.21,204.47,216.23,222.34,224.47,226.29,228.06,229.97,236.89,252.83,267.04,278.68
185.97,202.99,216.17,222.34,224.54,226.42,228.28,230.24,235.2,250.17,265.42,277.89
210.74,247.08,241.72,257.5,258.88,261.87,264.08,265.78,267.09,268.19,269.31,272.76
221.08,255.06,248.21,262.66,262.91,265.03,266.5,267.72,268.8,269.85,270.97,272.79
302.33,288.44,266.19,271.13,270.2,271.48,272.85,274.37,276.07,278.04,280.48,284.52
229.24,258.8,251.14,264.47,264.24,266.05,267.34,268.47,269.53,270.6,271.75,273.07
263.45,273.58,259.7,268.33,267.2,268.47,269.55,270.67,271.86,273.18,274.78,277.6
418.01,350.82,343.66,350.41,349.91,331.64,314.31,306.45,303.78,302.81,302.44,302.3
409.86,348.02,325.71,314.46,306.2,303.67,303.03,302.83,302.76,302.73,302.72,302.71
371.65,319.26,286.12,293.99,300.14,306.13,309.21,310.58,311.19,311.46,311.58,311.63
323.48,297.97,270.89,275.86,282.81,292.12,298.0,300.52,301.41,301.72,301.83,301.86
302.9,272.55,255.6,265.78,265.45,273.82,287.5,296.98,301.42,303.0,303.51,303.68
222.62,222.79,220.73,229.84,231.0,233.13,244.0,261.44,276.4,287.97,296.2,300.9
282.29,257.34,257.73,274.64,287.66,297.0,301.32,302.84,303.34,303.5,303.54,303.55
290.41,311.95,328.48,316.79,306.76,303.2,302.05,301.67,301.54,301.5,301.48,301.48
294.5,225.73,232.77,248.15,261.23,271.0,279.47,288.71,298.28,305.09,308.1,309.0
290.42,275.45,267.47,279.03,289.53,297.45,301.12,302.42,302.86,303.01,303.06,303.06
293.95,252.0,244.99,259.56,268.02,283.71,295.53,301.72,304.2,305.09,305.4,305.51
299.4,283.45,264.01,269.81,271.86,283.16,293.35,298.98,301.23,302.0,302.26,302.35
298.78,275.22,257.43,266.98,265.77,272.22,285.3,295.44,300.77,302.92,303.7,304.0
306.07,319.26,335.78,323.56,310.38,304.58,302.56,301.87,301.63,301.56,301.53,301.52
301.68,286.51,283.51,289.61,295.41,300.23,302.31,303.09,303.38,303.5,303.54,303.56
274.16,282.0,274.41,283.77,291.59,297.68,300.31,301.22,301.54,301.65,301.69,301.71
305.88,291.36,270.24,275.93,283.76,292.96,298.37,300.59,301.37,301.64,301.74,301.78
220.46,260.42,253.29,265.74,266.28,275.91,288.42,296.48,300.11,301.39,301.83,301.98
224.87,262.76,254.75,266.28,265.75,269.3,280.47,291.64,298.12,300.82,301.76,302.08
306.09,292.25,268.79,272.08,271.35,274.18,283.14,292.25,297.88,300.29,301.15,301.44
301.25,278.72,260.21,268.16,267.12,268.56,274.27,286.06,295.42,300.37,302.36,303.09
302.87,290.14,267.63,271.7,270.81,272.3,275.88,285.13,293.51,298.41,300.41,301.12
299.78,267.51,253.02,264.37,264.53,266.55,270.21,281.21,292.14,298.6,301.38,302.39
303.38,289.77,267.31,271.64,270.77,272.16,274.46,281.97,290.92,297.07,299.9,300.93
303.42,289.8,267.33,271.64,270.77,272.11,273.76,277.46,286.21,294.03,298.6,300.48
303.41,289.81,267.33,271.64,270.77,272.1,273.6,275.72,281.68,290.06,296.46,299.65
303.4,289.81,267.34,271.64,270.77,272.09,273.56,275.3,278.41,285.98,293.42,298.26
302.96,288.99,266.54,271.27,270.35,271.64,273.03,274.58,276.43,279.49,286.37,293.41
301.49,288.45,266.3,271.14,270.19,271.47,272.84,274.35,276.08,278.33,282.88,289.74
298.84,287.48,265.87,270.91,269.92,271.17,272.5,273.97,275.62,277.59,280.63,286.79
303.22,289.11,266.63,271.32,270.41,271.71,273.11,274.66,276.41,278.41,280.8,284.3
295.44,286.23,265.33,270.63,269.59,270.82,272.11,273.52,275.09,276.89,279.03,282.08
303.27,316.74,331.42,319.74,308.37,303.78,302.15,301.55,301.34,301.27,301.24,301.23
303.27,296.21,293.92,293.71,296.33,299.37,300.65,301.1,301.25,301.31,301.33,301.34
263.58,275.08,268.77,281.24,290.26,297.08,300.04,301.07,301.42,301.54,301.58,301.6
223.61,256.98,250.63,264.24,271.01,284.75,294.53,299.27,301.01,301.58,301.78,301.85
295.41,286.21,265.87,271.54,275.17,286.13,294.67,298.99,300.61,301.17,301.36,301.43
243.81,265.54,255.75,266.76,266.09,271.43,283.62,293.57,298.79,300.79,301.47,301.7
303.17,316.7,331.39,319.73,308.37,303.78,302.15,301.55,301.34,301.27,301.24,301.23
303.24,305.94,313.46,305.15,301.14,301.05,301.19,301.25,301.27,301.28,301.29,301.29
270.09,279.69,277.38,285.96,292.97,298.25,300.41,301.14,301.4,301.49,301.52,301.53
190.94,213.13,222.46,230.48,243.97,262.0,276.93,288.68,296.47,300.19,301.5,301.86
303.08,289.08,267.6,273.31,279.49,289.77,296.64,299.74,300.84,301.22,301.36,301.4
303.06,289.02,266.81,271.68,272.76,282.48,292.12,297.82,300.19,301.0,301.29,301.39
303.15,289.58,267.26,271.7,271.38,277.95,288.25,295.76,299.41,300.75,301.21,301.37
303.23,316.61,331.22,319.56,308.27,303.74,302.13,301.54,301.33,301.26,301.24,301.23
345.07,299.0,289.47,287.78,284.36,286.65,292.09,297.1,299.96,301.08,301.4,301.47
358.48,333.25,339.39,328.27,313.31,305.68,302.78,301.72,301.33,301.2,301.15,301.14
327.47,325.59,337.15,325.44,311.87,305.49,303.07,302.16,301.83,301.72,301.67,301.66
311.89,302.49,300.07,296.65,297.5,299.75,300.75,301.11,301.23,301.28,301.29,301.3
296.0,308.33,322.73,313.87,305.5,302.77,301.86,301.53,301.41,301.37,301.35,301.35
295.47,310.01,324.61,314.81,305.89,302.88,301.87,301.5,301.37,301.33,301.31,301.3
205.58,232.59,235.47,252.27,268.54,281.77,291.53,297.66,300.55,301.57,301.84,301.9
267.41,274.57,268.28,281.1,290.22,297.07,300.04,301.06,301.41,301.53,301.58,301.59
303.8,316.14,330.41,319.05,308.05,303.69,302.14,301.57,301.37,301.3,301.27,301.27
207.43,247.48,255.14,275.18,288.65,296.84,300.16,301.23,301.56,301.67,301.7,301.71
302.09,304.82,317.62,311.92,305.53,303.81,303.23,303.01,302.92,302.89,302.88,302.87
181.95,198.18,218.92,231.74,247.94,259.27,267.74,276.13,285.53,294.29,299.68,301.88
219.82,230.66,225.73,236.77,251.81,267.51,280.09,290.0,297.19,301.22,302.85,303.35
300.06,288.71,268.66,275.66,283.75,292.93,298.19,300.3,301.03,301.29,301.38,301.41
302.57,316.71,331.47,319.58,308.26,303.73,302.13,301.54,301.34,301.27,301.24,301.23
303.64,317.83,332.91,320.81,308.91,303.97,302.2,301.56,301.33,301.25,301.23,301.22
305.46,298.91,296.53,294.62,296.64,299.45,300.66,301.09,301.24,301.29,301.31,301.32
201.66,238.98,240.93,258.65,275.41,289.69,297.33,300.34,301.3,301.6,301.7,301.73
270.93,279.34,265.78,275.07,284.2,293.56,298.61,300.58,301.25,301.48,301.56,301.59
282.73,283.75,265.6,271.45,276.09,287.28,295.42,299.35,300.79,301.28,301.45,301.51
299.02,275.43,258.22,267.45,266.73,272.78,285.16,294.84,299.91,301.92,302.65,302.92
302.46,289.64,267.32,271.64,270.98,275.31,285.38,293.95,298.64,300.48,301.12,301.34
299.41,265.66,251.68,263.34,263.76,266.08,271.99,284.38,294.35,299.65,301.77,302.53
303.23,289.63,267.23,271.6,270.75,272.28,276.17,285.59,293.86,298.56,300.46,301.12
303.27,312.54,324.69,313.75,305.22,302.55,301.7,301.4,301.3,301.26,301.25,301.25
303.31,316.76,331.43,319.76,308.38,303.78,302.14,301.54,301.33,301.26,301.23,301.23
399.37,347.01,345.94,335.65,320.15,311.12,307.22,305.61,304.95,304.7,304.6,304.56
397.08,354.38,340.09,339.46,334.51,331.14,329.02,327.71,326.9,326.41,326.11,325.94
335.99,329.64,339.68,327.97,313.41,306.15,303.33,302.26,301.87,301.73,301.68,301.66
316.35,317.99,332.03,321.52,309.97,304.9,303.04,302.35,302.1,302.01,301.97,301.95
296.71,292.16,292.1,292.95,296.08,299.39,300.76,301.24,301.41,301.47,301.49,301.49
284.16,297.72,314.93,308.47,303.38,302.46,302.27,302.2,302.18,302.17,302.16,302.16
295.71,292.03,291.15,292.36,295.84,299.31,300.75,301.25,301.43,301.49,301.52,301.52
295.96,314.91,331.2,319.19,308.06,303.73,302.25,301.73,301.56,301.5,301.48,301.47
306.46,319.34,334.98,322.96,310.37,304.84,302.82,302.09,301.82,301.73,301.7,301.69
205.23,200.59,213.62,225.35,239.35,247.3,250.77,252.07,252.57,252.86,253.12,253.41
192.1,214.74,230.22,243.15,262.19,281.24,293.84,299.72,301.8,302.42,302.59,302.64
202.4,196.79,208.55,213.77,222.44,236.95,246.56,251.08,252.82,253.48,253.82,254.11
189.88,211.28,226.84,234.88,244.52,264.02,282.84,294.9,300.32,302.19,302.74,302.89
201.1,196.16,208.44,214.34,216.13,223.77,238.05,247.45,251.88,253.63,254.37,254.83
468.18,444.48,455.09,471.23,449.45,409.62,375.66,346.9,324.17,311.21,306.36,304.77
287.28,245.99,277.84,292.39,309.3,321.05,327.5,331.01,333.07,334.34,335.16,335.68
313.04,297.3,319.22,334.24,352.95,367.02,375.95,381.75,385.35,387.33,388.24,388.5
244.01,264.45,299.73,307.2,312.04,321.52,336.66,350.68,359.77,364.95,368.32,370.75
256.69,272.94,305.54,309.79,315.88,326.14,341.25,360.66,376.15,385.09,390.5,394.01
251.28,241.37,290.74,294.42,296.12,301.48,320.12,349.63,380.63,412.71,446.98,483.61
341.89,277.33,292.58,298.38,306.9,310.91,321.27,355.43,401.16,456.4,515.67,567.93
295.79,245.78,262.81,268.85,269.83,270.37,275.3,287.63,301.21,308.94,312.22,313.46
289.86,233.55,225.69,235.84,237.43,239.68,243.42,257.28,276.68,291.94,300.69,304.44
294.08,283.13,263.88,269.52,268.31,269.37,271.0,278.06,288.77,296.34,299.97,301.3
291.28,255.3,245.29,259.29,260.05,262.61,264.47,266.39,274.75,287.71,296.8,301.29
302.27,289.55,267.64,271.39,270.43,271.65,273.04,274.91,280.05,288.81,295.84,299.55
298.55,272.33,255.92,266.3,265.4,266.77,267.86,268.96,271.32,280.63,291.45,298.46
305.15,292.08,268.89,272.15,271.3,272.64,274.15,275.89,278.36,284.12,291.31,297.08
298.78,303.88,317.06,311.33,305.34,303.92,303.47,303.29,303.22,303.2,303.19,303.18
304.55,299.03,298.28,295.45,296.98,299.59,300.73,301.13,301.28,301.33,301.35,301.36
304.24,286.21,271.97,282.16,290.76,297.82,301.13,302.38,302.84,303.01,303.08,303.1
306.18,292.22,270.56,276.31,284.08,293.03,298.23,300.34,301.08,301.33,301.42,301.46
240.35,266.72,257.94,267.62,268.86,279.87,291.26,298.01,300.87,301.87,302.22,302.35
276.17,280.94,264.1,269.98,270.23,279.7,290.58,297.33,300.25,301.27,301.62,301.74
297.16,270.5,255.79,265.89,265.45,267.72,276.75,289.04,297.29,301.19,302.68,303.22
225.5,257.61,250.26,263.95,263.86,265.71,267.3,274.22,286.42,295.27,299.57,301.15
221.47,222.11,214.82,221.98,223.23,224.46,225.48,226.65,235.09,249.39,260.06,267.15
226.17,257.39,250.06,263.84,263.78,265.69,267.03,268.26,271.82,282.59,292.71,298.45
302.02,288.37,266.18,271.12,270.19,271.47,272.88,274.79,280.14,288.9,295.8,299.38
218.6,254.29,247.59,262.24,262.61,264.8,266.32,267.57,268.68,270.29,277.54,288.58
250.05,268.15,257.12,267.35,266.4,267.78,268.89,269.99,271.26,274.55,284.12,293.16
215.1,252.22,245.94,261.06,261.72,264.11,265.79,267.12,268.25,269.29,270.53,274.54
303.06,316.65,331.35,319.69,308.34,303.77,302.14,301.55,301.34,301.26,301.24,301.23
303.09,296.19,294.09,293.79,296.36,299.38,300.65,301.1,301.25,301.31,301.33,301.34
303.18,290.7,276.69,285.15,292.07,297.68,300.1,300.95,301.25,301.35,301.39,301.4
303.24,316.55,331.13,319.46,308.22,303.72,302.12,301.54,301.33,301.26,301.24,301.23
303.3,312.29,324.25,313.36,305.03,302.48,301.68,301.39,301.3,301.27,301.26,301.25
303.33,316.81,331.5,319.81,308.41,303.79,302.15,301.55,301.34,301.26,301.24,301.23
303.35,316.82,331.51,319.82,308.41,303.8,302.15,301.55,301.34,301.26,301.24,301.23
303.36,316.82,331.51,319.82,308.41,303.8,302.15,301.55,301.34,301.26,301.24,301.23
303.39,316.03,330.25,318.65,307.78,303.54,302.06,301.52,301.33,301.26,301.24,301.23
303.38,300.28,302.86,298.45,298.26,300.04,300.87,301.16,301.27,301.3,301.32,301.32
303.4,316.82,331.5,319.82,308.41,303.8,302.15,301.55,301.34,301.26,301.24,301.23
303.43,315.07,328.73,317.26,307.04,303.25,301.95,301.48,301.32,301.26,301.24,301.24
303.45,316.85,331.53,319.84,308.43,303.8,302.15,301.55,301.34,301.26,301.24,301.23
197.64,230.64,239.73,258.86,277.02,290.31,297.46,300.3,301.19,301.43,301.49,301.5
186.04,203.62,217.88,226.97,242.3,256.72,267.19,276.41,285.87,294.31,299.44,301.53
303.06,289.7,270.0,277.72,285.96,294.31,298.79,300.52,301.11,301.32,301.39,301.42
303.06,288.91,266.96,272.12,275.49,286.13,294.57,298.92,300.57,301.13,301.33,301.4
165.45,185.68,208.22,214.31,227.79,241.42,248.28,250.97,251.83,252.08,252.14,252.16
175.3,186.65,207.91,212.97,219.93,234.26,244.77,249.46,251.1,251.57,251.7,251.73
197.09,224.56,222.67,231.04,232.94,235.0,237.1,245.8,263.75,280.39,292.2,298.63
323.2,280.72,268.89,261.62,254.9,252.25,251.47,251.25,251.19,251.17,251.17,251.17
268.79,281.65,283.95,289.26,294.6,298.91,300.64,301.23,301.43,301.5,301.53,301.54
324.33,285.71,267.76,280.89,289.79,297.02,300.41,301.66,302.11,302.27,302.33,302.35
315.22,296.75,273.2,278.69,286.07,294.07,298.58,300.38,301.01,301.22,301.3,301.33
298.94,286.92,266.54,272.27,277.05,287.79,295.59,299.35,300.72,301.19,301.35,301.41
295.79,283.14,263.83,270.37,270.89,280.25,290.73,297.22,300.01,300.98,301.31,301.43
288.61,264.63,252.02,263.44,264.49,271.09,283.82,293.71,298.74,300.63,301.26,301.48
294.93,280.84,262.15,269.54,268.8,271.22,280.03,290.41,297.05,299.96,300.99,301.34
294.52,271.81,256.62,266.78,266.97,269.62,278.18,289.22,296.51,299.8,300.97,301.37
298.34,284.42,268.2,278.9,287.71,295.51,299.33,300.73,301.2,301.37,301.43,301.45
297.41,272.79,273.68,271.88,271.84,276.08,282.16,289.11,295.39,299.42,301.21,301.78
296.17,303.99,316.95,310.64,304.02,302.17,301.59,301.38,301.3,301.28,301.27,301.27
297.03,270.81,270.96,268.64,268.3,271.83,277.0,283.44,290.48,296.51,300.12,301.62
301.4,295.83,296.66,295.47,297.12,299.67,300.76,301.14,301.28,301.33,301.34,301.35
299.39,274.0,266.84,281.86,291.13,297.54,300.18,301.06,301.35,301.46,301.49,301.5
301.35,287.71,269.02,277.89,286.41,294.66,298.95,300.58,301.14,301.34,301.41,301.43
301.37,287.53,266.61,272.58,278.01,288.62,296.06,299.54,300.8,301.23,301.38,301.44
299.75,286.83,265.72,271.2,272.05,281.65,291.62,297.62,300.14,301.01,301.31,301.42
300.65,287.74,266.18,271.18,270.6,275.78,286.26,294.62,298.97,300.63,301.2,301.4
304.07,291.45,268.46,272.04,271.26,273.65,281.87,291.17,297.27,299.98,300.96,301.29
302.64,290.44,267.88,271.72,270.82,272.36,276.64,286.2,294.31,298.79,300.57,301.2
302.91,316.41,330.96,319.2,308.06,303.66,302.1,301.53,301.33,301.26,301.24,301.23
300.14,277.71,278.28,288.02,294.76,299.68,301.7,302.4,302.66,302.75,302.78,302.8
303.49,290.98,276.91,285.25,292.11,297.7,300.11,300.96,301.25,301.35,301.39,301.4
303.5,290.05,269.97,277.33,285.49,294.0,298.65,300.47,301.1,301.32,301.39,301.42
303.48,289.91,268.02,272.87,277.33,287.79,295.53,299.32,300.71,301.19,301.36,301.42
303.47,289.89,267.54,271.93,272.32,281.02,290.92,297.22,299.97,300.94,301.28,301.4
303.47,316.94,331.66,319.94,308.48,303.83,302.17,301.56,301.34,301.27,301.24,301.23
303.47,297.06,295.94,294.69,296.72,299.52,300.71,301.12,301.27,301.33,301.35,301.35
303.46,290.98,276.97,285.28,292.14,297.71,300.12,300.96,301.25,301.36,301.39,301.41
303.46,316.94,331.66,319.94,308.48,303.83,302.17,301.56,301.34,301.27,301.24,301.23
303.47,316.94,331.66,319.94,308.48,303.83,302.17,301.56,301.34,301.27,301.24,301.23
303.49,316.95,331.67,319.94,308.48,303.83,302.17,301.56,301.34,301.27,301.24,301.23
303.49,297.75,297.48,295.48,297.05,299.63,300.74,301.13,301.27,301.32,301.34,301.35
300.3,301.37,314.31,310.13,304.65,303.37,302.96,302.8,302.74,302.72,302.71,302.7
303.93,299.54,300.91,297.32,297.8,299.88,300.82,301.15,301.27,301.31,301.33,301.33
303.56,291.45,279.04,286.5,292.9,298.05,300.24,301.0,301.26,301.36,301.39,301.4
303.55,295.21,291.38,292.43,295.78,299.19,300.61,301.1,301.27,301.34,301.36,301.37
303.4,290.62,275.07,283.95,291.23,297.27,299.96,300.91,301.24,301.35,301.4,301.41
303.37,289.94,269.4,276.14,284.08,293.08,298.24,300.33,301.05,301.3,301.39,301.42
303.44,289.88,267.88,272.61,276.23,286.71,294.9,299.06,300.62,301.16,301.35,301.42
303.46,289.86,267.49,271.86,271.94,279.98,290.05,296.77,299.8,300.89,301.26,301.39
303.47,289.89,267.42,271.71,271.02,274.63,284.34,293.2,298.3,300.37,301.09,301.34
303.47,289.82,267.32,271.64,270.8,272.56,278.47,288.22,295.61,299.33,300.73,301.22
303.47,289.89,267.4,271.67,270.81,272.24,274.99,283.44,292.17,297.74,300.16,301.02
303.46,289.82,267.32,271.64,270.76,272.1,273.82,278.24,287.25,294.79,298.95,300.6
303.47,316.94,331.66,319.94,308.48,303.83,302.17,301.56,301.34,301.27,301.24,301.23
303.47,297.1,296.05,294.74,296.75,299.52,300.71,301.13,301.27,301.33,301.35,301.35
303.47,291.05,277.27,285.47,292.26,297.77,300.14,300.97,301.25,301.36,301.39,301.41
303.47,290.04,270.05,277.52,285.7,294.14,298.71,300.49,301.1,301.32,301.39,301.42
303.44,289.92,268.07,272.96,277.66,288.09,295.71,299.38,300.73,301.2,301.36,301.42
303.44,289.9,267.57,271.95,272.45,281.35,291.18,297.35,300.02,300.96,301.28,301.4
303.45,289.9,267.46,271.77,271.31,277.0,287.27,295.16,299.16,300.67,301.19,301.37
303.48,313.14,325.58,314.47,305.58,302.69,301.76,301.42,301.31,301.27,301.26,301.25
303.52,316.95,331.66,319.95,308.49,303.83,302.17,301.56,301.34,301.27,301.24,301.23
303.42,316.94,331.67,319.94,308.48,303.83,302.16,301.56,301.34,301.26,301.24,301.23
300.15,301.75,314.79,310.35,304.73,303.39,302.96,302.79,302.72,302.7,302.69,302.69
303.53,316.96,331.67,319.95,308.49,303.83,302.17,301.56,301.34,301.27,301.24,301.23
303.55,316.98,331.69,319.97,308.5,303.84,302.17,301.56,301.34,301.27,301.24,301.23
303.52,316.96,331.68,319.96,308.49,303.83,302.17,301.56,301.34,301.27,301.24,301.23
353.35,303.4,290.97,288.81,284.42,285.62,290.78,296.19,299.62,301.07,301.52,301.62
528.74,523.13,505.92,511.54,478.65,431.6,390.13,362.08,337.0,320.04,312.74,310.19
563.81,543.46,497.31,463.15,421.14,386.41,366.98,353.58,349.92,350.14,350.76,351.17
536.38,526.14,474.15,450.17,416.18,384.73,363.18,353.35,352.05,352.55,353.02,353.29
449.94,401.03,367.51,372.24,368.83,365.21,362.67,361.05,360.04,359.43,359.05,358.8
375.61,373.57,370.39,382.59,382.75,380.29,377.66,375.39,373.6,372.25,371.26,370.57
332.71,348.03,361.51,373.32,375.71,375.0,373.84,372.73,371.81,371.09,370.56,370.17
306.69,335.19,360.7,374.19,380.5,383.08,384.38,384.97,385.11,384.97,384.66,384.26
300.98,263.07,319.23,355.2,379.9,402.2,425.89,449.7,472.17,490.83,503.89,513.43
295.79,241.33,295.18,331.93,359.18,382.36,404.24,426.93,449.95,472.71,492.15,506.39
313.77,252.14,278.73,311.35,350.46,380.1,406.46,435.81,465.55,490.39,510.3,527.52
315.79,283.25,304.38,301.81,321.93,349.74,375.77,399.05,422.92,447.45,471.53,492.35
327.04,283.91,305.24,296.93,305.23,334.17,365.92,393.64,421.55,451.48,478.27,499.33
329.1,304.77,314.87,298.12,297.65,307.81,332.63,359.35,382.64,405.04,428.57,452.01
337.42,314.22,325.42,302.82,300.69,304.09,319.61,348.69,377.69,403.38,431.21,459.78
335.53,316.55,323.88,303.56,299.97,301.9,306.72,324.2,348.92,373.51,396.15,420.05
343.75,330.13,338.26,313.41,307.54,310.24,313.92,319.79,336.18,362.41,387.54,413.06
343.45,329.92,336.39,312.0,306.22,312.04,329.17,354.06,377.28,399.09,422.8,447.12
342.96,356.07,409.08,447.8,478.05,502.57,525.83,549.26,575.31,604.93,634.83,659.07
317.06,311.01,342.53,336.17,322.29,312.96,309.14,307.88,307.49,307.36,307.29,307.24
304.37,315.54,331.21,320.76,310.49,306.39,304.85,304.25,304.02,303.93,303.9,303.88
309.24,320.77,336.23,323.95,310.76,304.84,302.67,301.88,301.6,301.5,301.47,301.46
304.33,318.23,333.44,321.34,309.28,304.2,302.37,301.69,301.45,301.37,301.34,301.33
299.99,305.83,319.29,312.65,305.78,303.83,303.17,302.92,302.82,302.78,302.77,302.77
303.07,317.19,332.1,320.21,308.61,303.88,302.18,301.56,301.34,301.26,301.24,301.23
300.19,302.02,315.07,310.49,304.79,303.41,302.97,302.79,302.73,302.7,302.69,302.69
411.49,346.21,335.45,338.77,337.7,323.33,310.84,305.56,303.68,302.95,302.67,302.56
404.13,353.49,348.52,339.96,323.36,312.44,307.56,305.56,304.76,304.46,304.34,304.29
364.74,335.71,330.15,332.18,330.56,329.65,329.04,328.65,328.4,328.24,328.14,328.08
324.65,309.22,308.03,303.47,301.83,302.62,303.08,303.25,303.3,303.32,303.32,303.31
307.44,288.25,315.88,318.79,317.01,315.6,314.78,314.32,314.03,313.84,313.69,313.56
287.01,266.15,294.1,299.6,301.86,303.7,304.38,304.58,304.63,304.63,304.61,304.59
292.7,244.31,286.21,303.39,311.21,314.13,315.0,315.19,315.14,314.97,314.76,314.54
293.49,272.89,280.91,289.31,296.84,301.54,303.42,304.06,304.27,304.34,304.34,304.33
306.75,235.84,247.52,268.77,291.47,306.75,313.44,315.79,316.39,316.44,316.31,316.12
304.65,277.86,291.08,294.76,300.2,303.72,305.18,305.71,305.9,305.95,305.94,305.91
307.37,287.75,317.06,315.8,312.72,311.84,311.51,311.36,311.27,311.19,311.11,311.02
303.78,305.28,327.78,318.33,308.66,304.95,303.91,303.66,303.61,303.6,303.59,303.58
301.69,299.32,314.12,308.89,305.48,305.47,305.68,305.79,305.84,305.86,305.85,305.84
304.81,318.34,335.49,323.49,310.42,304.69,302.71,302.04,301.82,301.75,301.73,301.71
302.95,311.56,324.26,315.57,307.7,305.23,304.35,304.0,303.86,303.8,303.78,303.77
308.88,320.42,336.35,324.12,310.74,304.75,302.62,301.87,301.61,301.52,301.49,301.48
308.21,320.15,336.53,324.38,310.94,304.89,302.74,301.99,301.73,301.65,301.62,301.61
309.06,320.69,336.42,324.12,310.76,304.77,302.61,301.84,301.57,301.48,301.45,301.43
308.57,320.51,336.08,323.81,310.72,304.87,302.72,301.94,301.66,301.56,301.53,301.52
307.01,319.79,335.17,322.88,310.13,304.55,302.51,301.77,301.51,301.42,301.39,301.38
434.79,374.54,351.17,353.87,354.03,352.96,352.17,351.7,351.45,351.32,351.25,351.22
401.97,356.84,340.62,345.4,344.24,342.82,341.83,341.21,340.82,340.58,340.44,340.35
343.99,331.91,328.25,332.87,333.54,333.95,334.14,334.22,334.27,334.29,334.3,334.31
356.49,332.07,328.58,326.89,319.84,316.11,314.24,313.31,312.85,312.62,312.51,312.45
350.34,310.85,325.32,326.93,321.77,317.8,315.47,314.07,313.22,312.67,312.31,312.04
332.46,351.09,369.66,382.78,385.82,385.76,384.6,382.92,381.06,379.2,377.45,375.86
322.81,326.84,356.19,371.55,383.69,395.52,407.66,419.7,431.22,441.83,450.39,454.58
309.33,314.39,364.0,383.81,397.21,408.51,418.87,428.08,435.8,441.85,446.11,448.52
306.8,302.08,346.71,369.38,393.24,418.35,446.39,479.6,515.53,544.55,568.74,590.72
318.11,286.85,353.75,390.81,420.75,450.28,476.97,498.65,516.66,532.59,548.19,564.97
308.11,305.62,354.05,378.56,406.63,438.87,478.71,524.93,565.67,603.63,639.22,665.91
322.08,295.4,368.14,406.17,441.16,474.54,502.56,526.75,549.79,574.61,602.68,632.19
316.69,317.18,365.61,391.85,423.58,462.48,510.05,555.91,599.65,642.7,675.42,693.7
327.13,316.63,388.2,427.41,466.95,500.95,530.02,558.34,589.63,623.92,656.77,684.64
493.7,511.69,496.99,540.28,564.69,557.82,531.36,495.56,467.75,453.78,447.86,444.22
403.34,420.81,432.42,435.24,431.59,429.2,427.9,427.23,426.9,426.72,426.62,426.54
352.33,372.14,392.88,407.47,410.65,410.63,409.07,406.81,404.34,401.96,399.81,397.93
326.43,369.04,394.4,405.29,407.54,407.89,407.82,407.72,407.65,407.61,407.59,407.57
322.86,323.35,361.1,386.24,413.01,441.46,472.18,506.13,533.58,554.68,573.4,591.17
343.17,340.71,405.31,451.74,490.65,520.12,543.57,564.44,585.16,606.67,628.69,650.22
352.06,356.68,405.64,463.77,530.15,587.75,639.5,682.23,705.4,712.07,711.4,708.6
326.43,301.78,373.93,413.5,450.99,484.09,511.39,535.76,560.04,586.89,616.36,645.04
316.93,317.15,365.39,392.41,425.14,465.38,514.19,559.93,603.31,645.31,676.55,693.04
326.1,312.48,384.4,422.35,460.03,492.64,519.99,545.41,572.3,602.69,634.48,663.37
319.8,317.54,361.76,383.18,407.44,435.3,465.55,492.06,514.6,536.41,558.33,580.78
300.98,305.43,323.22,315.85,308.81,306.62,305.89,305.63,305.54,305.49,305.47,305.45
309.37,320.63,336.14,323.86,310.58,304.65,302.52,301.77,301.51,301.42,301.39,301.38
303.24,312.48,325.48,316.65,308.32,305.53,304.5,304.09,303.92,303.86,303.83,303.82
309.26,320.69,336.29,324.0,310.72,304.78,302.62,301.85,301.59,301.49,301.46,301.45
303.86,314.03,327.44,317.85,308.85,305.65,304.44,303.96,303.77,303.7,303.67,303.66
309.63,301.69,300.89,296.8,297.72,300.04,301.1,301.48,301.62,301.67,301.69,301.7
309.4,295.57,280.14,286.41,292.71,298.02,300.34,301.16,301.45,301.55,301.59,301.6
304.02,283.17,264.25,272.53,281.2,292.41,299.35,302.44,303.62,304.07,304.24,304.31
316.49,297.65,276.07,275.25,279.94,290.0,297.88,301.85,303.41,303.99,304.21,304.3
326.89,302.18,283.25,279.64,286.87,296.55,302.95,305.91,307.13,307.63,307.84,307.93
307.14,292.31,270.81,273.59,278.33,288.72,296.49,300.29,301.73,302.23,302.41,302.48
302.36,273.22,257.51,266.66,267.02,275.73,288.36,297.06,301.25,302.85,303.44,303.66
300.26,300.72,312.95,308.85,303.98,303.09,302.84,302.74,302.71,302.69,302.69,302.69
303.5,296.94,295.63,294.52,296.65,299.49,300.7,301.12,301.27,301.33,301.35,301.35
303.48,290.99,276.86,285.21,292.09,297.69,300.11,300.96,301.25,301.36,301.39,301.41
303.47,290.11,270.35,278.07,286.27,294.49,298.86,300.54,301.12,301.32,301.39,301.42
303.43,290.98,276.83,285.19,292.08,297.68,300.11,300.96,301.25,301.36,301.39,301.41
303.4,307.27,315.65,306.66,301.81,301.29,301.27,301.27,301.28,301.28,301.28,301.28
303.39,316.95,331.69,319.96,308.49,303.83,302.17,301.56,301.34,301.27,301.24,301.23
300.15,302.18,315.25,310.58,304.82,303.42,302.96,302.78,302.72,302.69,302.68,302.68
303.47,316.77,331.39,319.68,308.34,303.77,302.15,301.55,301.34,301.27,301.24,301.23
303.37,316.9,331.61,319.87,308.44,303.81,302.16,301.56,301.34,301.27,301.24,301.23
300.14,302.28,315.33,310.59,304.82,303.42,302.97,302.79,302.72,302.7,302.69,302.69
300.19,280.66,282.78,290.24,295.73,300.04,301.8,302.43,302.65,302.73,302.77,302.78
300.18,287.9,293.82,296.22,298.27,300.95,302.09,302.5,302.65,302.7,302.72,302.73
303.5,316.59,331.11,319.42,308.2,303.72,302.12,301.54,301.34,301.27,301.24,301.23
300.17,301.9,314.94,310.43,304.76,303.4,302.96,302.78,302.72,302.69,302.68,302.68
303.5,305.35,312.23,304.29,300.75,300.91,301.15,301.24,301.27,301.29,301.29,301.3
303.5,292.78,284.37,289.16,294.32,298.65,300.44,301.06,301.27,301.35,301.38,301.39
303.5,290.5,273.83,282.86,290.43,296.87,299.81,300.86,301.22,301.35,301.4,301.41
303.51,316.96,331.68,319.96,308.49,303.84,302.17,301.56,301.34,301.27,301.24,301.23
303.51,316.96,331.68,319.96,308.49,303.84,302.17,301.56,301.34,301.27,301.24,301.23
303.51,316.96,331.68,319.96,308.49,303.84,302.17,301.56,301.34,301.27,301.24,301.23
302.11,295.94,293.9,293.66,296.3,299.36,300.65,301.1,301.26,301.31,301.34,301.34
217.68,255.31,252.47,269.8,283.08,293.7,298.95,300.88,301.51,301.72,301.8,301.82
226.07,258.29,251.69,264.97,271.79,285.32,294.82,299.37,301.03,301.58,301.77,301.84
263.28,273.95,260.66,269.24,273.29,285.29,294.45,299.05,300.76,301.34,301.54,301.62
422.43,364.51,362.4,354.0,334.4,318.02,309.83,306.41,305.01,304.44,304.21,304.12
413.07,362.7,343.52,345.37,342.39,339.72,337.96,336.84,336.13,335.68,335.4,335.22
349.44,316.92,301.28,300.9,302.21,304.45,305.5,305.92,306.09,306.15,306.17,306.18
325.17,293.01,267.94,279.0,289.22,297.57,301.58,303.03,303.51,303.66,303.71,303.71
292.53,274.87,259.67,269.88,278.17,290.11,297.48,300.67,301.78,302.15,302.27,302.32
287.77,253.54,248.02,262.26,264.54,276.49,290.05,298.34,301.97,303.23,303.65,303.79
292.48,285.62,265.68,270.76,271.24,280.83,291.22,297.53,300.2,301.13,301.45,301.56
291.57,310.9,328.36,317.04,307.04,303.44,302.31,301.94,301.83,301.79,301.78,301.77
302.74,317.15,332.32,320.12,308.55,303.89,302.26,301.69,301.49,301.42,301.4,301.39
300.51,282.73,282.05,289.48,295.55,300.4,302.47,303.24,303.52,303.64,303.68,303.69
305.68,293.61,279.46,286.17,292.65,298.01,300.34,301.16,301.44,301.54,301.58,301.59
301.92,279.58,265.87,278.82,288.91,297.23,301.29,302.86,303.44,303.67,303.75,303.79
307.92,293.74,271.91,277.18,284.83,293.47,298.46,300.47,301.18,301.42,301.51,301.54
302.48,281.21,260.94,268.87,270.47,282.0,293.0,299.41,302.17,303.19,303.57,303.72
308.64,293.9,270.08,272.88,272.93,280.29,289.97,296.69,299.82,300.96,301.36,301.49
303.5,282.42,261.33,268.68,267.37,269.37,278.37,290.17,298.03,301.75,303.18,303.71
305.57,289.25,266.59,270.81,269.66,271.09,276.0,286.38,294.93,299.55,301.4,302.06
308.98,294.28,270.34,272.84,272.14,273.64,276.24,283.81,292.06,297.67,300.21,301.13
320.23,325.03,342.93,333.12,318.46,310.13,306.65,305.28,304.75,304.55,304.47,304.44
315.87,303.34,302.47,297.94,299.46,302.14,303.4,303.89,304.07,304.14,304.17,304.18
326.36,302.75,288.76,288.42,295.38,302.07,305.46,306.89,307.48,307.73,307.83,307.87
307.03,292.31,272.52,277.66,285.76,294.51,299.43,301.41,302.11,302.36,302.45,302.48
302.22,272.21,257.2,266.63,270.23,282.91,293.82,299.84,302.33,303.23,303.57,303.7
303.44,289.49,267.08,271.67,271.72,279.76,289.93,296.71,299.77,300.87,301.25,301.38
303.43,289.44,266.94,271.49,270.76,274.12,283.73,292.8,298.11,300.29,301.05,301.32
303.41,289.47,266.96,271.48,270.62,272.33,278.08,287.91,295.44,299.26,300.7,301.2
303.38,289.24,266.71,271.35,270.45,271.81,274.02,281.46,290.61,296.92,299.84,300.91
303.38,289.6,267.1,271.53,270.65,271.98,273.69,278.14,287.21,294.79,298.95,300.6
303.33,289.17,266.63,271.32,270.41,271.7,273.14,275.07,280.29,288.9,295.77,299.36
303.37,289.67,267.18,271.57,270.69,272.0,273.46,275.24,278.85,286.89,294.24,298.67
303.37,289.7,267.22,271.59,270.71,272.02,273.47,275.12,277.41,283.02,290.58,296.67
303.39,289.83,267.36,271.65,270.78,272.1,273.55,275.18,277.17,280.71,287.68,294.45
303.42,316.9,331.61,319.9,308.46,303.82,302.16,301.55,301.34,301.27,301.24,301.23
344.63,300.01,292.25,291.98,289.67,292.49,296.91,299.85,301.07,301.43,301.51,301.52
515.08,511.4,497.43,509.27,481.8,436.91,394.99,365.26,338.34,318.61,309.65,306.61
556.53,535.8,485.62,453.42,418.04,385.77,365.59,352.93,349.82,350.04,350.58,350.93
282.98,277.21,275.12,281.28,290.42,304.93,321.77,334.54,342.62,347.5,350.37,351.96
215.78,179.94,232.08,237.17,244.7,259.88,271.65,281.85,294.77,308.44,315.89,318.77
194.24,166.61,223.32,227.98,235.26,249.32,258.12,261.74,263.59,265.42,268.1,272.48
175.77,160.62,221.28,226.99,236.72,250.78,257.66,259.94,260.57,260.77,260.87,260.97
148.95,153.4,215.63,225.63,240.03,254.07,261.05,263.59,264.3,264.47,264.5,264.49
142.38,153.88,216.97,227.59,242.62,257.24,265.28,268.58,269.65,269.94,270.0,270.01
127.6,160.73,215.91,233.99,248.32,269.99,293.13,312.6,325.0,330.73,332.94,333.73
132.89,158.16,219.51,230.12,244.4,262.47,276.52,285.43,290.4,293.06,294.38,294.88
125.33,170.12,220.23,230.04,238.1,255.26,274.07,290.25,301.95,309.63,313.83,315.35
139.26,157.55,215.97,225.37,239.97,256.77,268.39,275.01,278.19,279.59,280.17,280.36
142.41,166.91,213.68,221.73,236.53,253.26,264.83,271.73,275.29,277.01,277.8,278.13
172.82,154.73,209.29,216.96,220.96,225.75,240.1,252.17,258.73,261.6,262.66,263.01
173.55,167.49,207.93,214.78,218.59,221.13,232.31,245.89,253.7,257.28,258.66,259.14
307.31,248.03,224.13,225.66,227.1,229.37,232.58,236.58,240.95,244.72,247.12,248.1
198.04,190.37,209.09,215.63,218.82,220.67,222.19,223.82,225.74,228.34,235.7,245.73
195.88,186.6,207.47,214.08,217.19,219.01,220.49,222.09,223.94,226.3,231.84,242.41
159.96,188.22,209.57,215.75,222.6,237.29,248.64,254.32,256.66,257.49,257.76,257.84
180.42,185.52,206.75,212.89,215.65,217.35,218.78,220.32,222.52,231.38,242.29,248.2
241.21,218.25,204.98,210.69,212.37,213.56,214.64,215.83,217.17,218.74,220.58,222.81
265.9,221.57,197.65,203.69,205.06,206.13,207.36,209.01,211.13,213.75,216.93,220.56
295.68,224.57,197.75,194.07,197.36,202.07,206.38,210.01,212.87,214.97,216.42,217.42
293.5,224.72,192.53,185.5,187.95,192.58,196.92,200.71,203.88,206.42,208.35,209.76
291.14,219.93,187.31,182.47,185.52,190.12,194.38,198.61,203.05,206.19,203.68,196.52
304.17,230.01,196.1,184.57,185.82,190.39,194.74,198.44,201.59,204.42,206.59,204.43
250.03,198.41,166.98,167.69,170.92,179.03,187.44,192.17,195.17,200.02,209.22,217.45
291.5,222.75,187.27,179.37,181.55,185.85,189.76,193.14,196.16,199.4,203.82,207.31
279.88,212.51,176.45,177.14,181.59,185.61,189.05,192.21,195.35,199.26,205.06,210.83
207.33,180.6,157.04,161.23,160.81,160.89,161.52,163.08,168.29,181.52,193.94,202.82
199.68,175.86,154.35,159.8,160.13,160.6,161.33,162.51,166.26,177.68,191.49,200.65
198.64,172.36,154.99,159.01,159.65,160.29,161.08,162.14,165.27,175.58,190.02,199.38
203.92,178.79,155.57,160.31,160.17,160.39,161.06,162.4,166.75,179.15,192.41,200.28
205.21,179.62,155.84,160.45,160.19,160.32,160.96,162.35,166.91,179.58,192.64,200.3
230.54,190.06,164.75,166.75,166.17,166.81,169.77,177.73,189.61,197.97,203.47,211.78
266.48,231.19,214.13,218.79,219.84,221.2,222.71,224.55,228.83,238.72,246.58,250.7
330.57,260.83,236.54,239.33,242.32,245.92,248.48,250.34,253.61,256.07,257.83,259.44
215.14,218.35,209.37,215.13,216.57,217.52,218.07,223.42,236.64,246.34,251.22,253.17
440.74,369.29,366.48,364.45,353.26,331.78,311.7,300.32,299.99,301.39,301.99,302.13
363.3,325.3,313.44,311.66,307.73,304.33,303.15,302.77,302.63,302.58,302.56,302.55
397.3,335.06,302.79,294.76,295.93,299.11,300.85,301.52,301.75,301.83,301.85,301.86
297.13,290.67,270.18,276.85,285.09,294.08,299.07,301.05,301.73,301.96,302.05,302.07
294.74,264.43,259.96,268.13,269.76,276.93,290.38,301.75,307.12,309.04,309.67,309.88
256.03,206.6,214.92,221.81,222.87,227.56,241.79,255.85,265.34,272.03,278.23,285.32
296.8,245.24,286.57,308.13,329.12,341.09,347.89,352.73,356.61,359.8,362.44,364.58
292.11,273.2,310.35,309.88,307.83,306.94,306.6,306.49,306.43,306.4,306.35,306.31
311.04,265.01,304.3,317.16,333.99,343.97,348.87,351.28,352.27,352.33,351.77,350.8
307.9,289.07,332.05,339.41,341.52,339.76,336.27,332.42,328.87,325.92,323.62,321.89
315.34,276.37,323.24,332.65,334.78,334.39,333.09,331.73,330.55,329.54,328.68,327.91
314.57,299.78,336.55,335.28,326.87,318.94,314.37,312.25,311.31,310.88,310.65,310.49
384.98,360.97,413.07,454.08,480.03,504.18,529.41,557.06,589.4,626.48,662.95,685.39
399.04,385.32,419.36,460.75,479.93,494.09,505.93,516.76,527.22,537.51,547.75,558.03
367.87,373.74,414.57,451.5,473.78,489.82,503.8,517.56,532.04,547.9,565.81,586.32
332.9,327.37,356.75,362.4,359.83,353.42,346.37,340.26,335.52,332.07,329.63,327.94
333.39,350.18,397.07,421.2,440.57,452.66,458.02,459.0,457.4,454.35,450.54,446.42
321.83,315.21,351.43,358.52,357.45,351.41,343.7,336.58,330.93,326.8,323.92,321.96
322.95,299.67,323.26,320.63,319.62,319.63,319.49,319.26,318.99,318.7,318.42,318.13
300.38,310.54,329.37,318.61,308.27,304.36,303.2,302.87,302.78,302.76,302.74,302.73
302.4,311.61,326.52,317.47,309.02,306.08,305.0,304.58,304.41,304.34,304.31,304.3
307.32,310.3,318.94,308.57,302.63,301.56,301.36,301.3,301.29,301.29,301.29,301.29
301.74,285.02,284.42,290.43,295.81,300.27,302.17,302.86,303.12,303.22,303.25,303.27
304.49,294.51,285.97,289.68,294.52,298.7,300.44,301.05,301.26,301.33,301.36,301.37
300.4,285.43,285.62,290.97,295.91,300.15,301.94,302.59,302.83,302.92,302.96,302.97
303.87,306.17,312.99,304.49,300.79,300.91,301.14,301.23,301.27,301.28,301.29,301.29
300.39,290.71,288.32,291.34,295.46,299.22,300.77,301.31,301.5,301.57,301.6,301.6
305.71,294.32,282.14,287.76,293.51,298.28,300.3,301.0,301.25,301.33,301.37,301.38
308.86,294.5,273.58,280.35,288.0,295.43,299.22,300.66,301.15,301.33,301.39,301.41
235.53,253.39,247.89,261.66,264.82,277.95,290.95,298.63,301.98,303.2,303.65,303.82
300.69,278.63,259.67,268.27,267.97,276.66,288.89,297.17,301.11,302.61,303.16,303.37
301.03,279.08,260.17,268.33,267.3,270.97,282.17,292.9,299.15,301.81,302.79,303.16
301.04,279.57,260.32,268.4,267.26,268.79,275.42,287.25,296.11,300.61,302.38,303.03
300.85,274.76,259.19,269.63,277.86,289.84,297.5,300.97,302.24,302.7,302.87,302.94
300.11,301.86,314.93,310.41,304.75,303.4,302.96,302.78,302.72,302.69,302.69,302.68
300.15,301.69,314.72,310.31,304.72,303.38,302.96,302.79,302.72,302.7,302.69,302.69
303.49,316.94,331.65,319.93,308.48,303.83,302.16,301.56,301.34,301.27,301.24,301.23
303.49,316.95,331.67,319.95,308.48,303.83,302.17,301.56,301.34,301.27,301.24,301.23
303.48,316.12,330.36,318.72,307.82,303.56,302.07,301.52,301.33,301.27,301.24,301.24
300.12,278.2,279.07,288.41,294.94,299.74,301.71,302.4,302.65,302.74,302.77,302.79
303.47,316.94,331.66,319.94,308.48,303.83,302.16,301.56,301.34,301.27,301.24,301.23
303.48,316.94,331.66,319.94,308.48,303.83,302.16,301.56,301.34,301.27,301.24,301.23
303.48,316.94,331.66,319.94,308.48,303.83,302.16,301.56,301.34,301.27,301.24,301.23
303.47,297.05,295.92,294.67,296.72,299.51,300.71,301.12,301.27,301.32,301.34,301.35
303.47,290.99,277.0,285.31,292.16,297.72,300.12,300.96,301.25,301.35,301.39,301.41
303.43,289.41,268.76,275.73,283.73,292.88,298.15,300.29,301.02,301.28,301.37,301.4
303.45,289.89,268.09,273.05,277.96,288.36,295.86,299.44,300.75,301.2,301.36,301.42
303.44,289.78,267.44,271.89,272.36,281.22,291.09,297.31,300.0,300.95,301.28,301.39
303.21,289.11,266.62,271.34,270.56,273.65,283.07,292.35,297.9,300.21,301.02,301.3
303.1,289.06,266.58,271.3,270.41,272.03,277.16,287.04,294.91,299.03,300.62,301.17
238.21,263.34,254.34,266.13,265.49,267.03,268.29,272.17,283.11,293.02,298.54,300.75
303.3,289.69,267.24,271.6,270.72,272.07,273.87,279.06,288.19,295.44,299.24,300.71
303.32,289.77,267.32,271.63,270.75,272.08,273.63,276.27,283.92,292.13,297.65,300.13
303.4,316.88,331.59,319.88,308.45,303.82,302.16,301.56,301.34,301.27,301.24,301.23
303.46,316.91,331.62,319.9,308.46,303.82,302.16,301.56,301.34,301.27,301.24,301.23
303.47,316.93,331.64,319.92,308.47,303.83,302.16,301.56,301.34,301.27,301.24,301.23
303.48,316.89,331.58,319.86,308.44,303.81,302.16,301.55,301.34,301.27,301.24,301.23
303.5,316.94,331.66,319.94,308.48,303.83,302.16,301.56,301.34,301.27,301.24,301.23
303.46,314.66,328.04,316.62,306.7,303.12,301.91,301.47,301.32,301.27,301.25,301.24
303.46,315.78,329.84,318.24,307.56,303.46,302.03,301.51,301.33,301.27,301.24,301.24
303.46,316.91,331.61,319.9,308.46,303.82,302.16,301.55,301.34,301.27,301.24,301.23
303.46,307.29,315.69,306.71,301.84,301.3,301.27,301.27,301.28,301.28,301.28,301.28
303.47,310.22,320.72,310.49,303.61,301.95,301.49,301.34,301.29,301.27,301.27,301.27
303.48,294.19,288.81,291.22,295.27,299.01,300.55,301.09,301.27,301.34,301.37,301.37
303.6,290.67,275.07,283.96,291.23,297.27,299.96,300.91,301.24,301.35,301.39,301.41
303.48,292.72,284.25,289.1,294.3,298.64,300.43,301.06,301.27,301.35,301.38,301.39
303.5,290.3,272.51,281.46,289.33,296.28,299.59,300.79,301.2,301.34,301.4,301.41
303.5,289.95,268.71,274.47,281.48,291.23,297.37,300.02,300.95,301.27,301.38,301.42
303.51,316.94,331.64,319.93,308.48,303.83,302.17,301.56,301.34,301.27,301.24,301.23
303.51,316.94,331.65,319.93,308.48,303.83,302.16,301.56,301.34,301.27,301.24,301.23
303.49,296.53,294.46,293.96,296.43,299.41,300.66,301.1,301.26,301.31,301.33,301.34
303.46,290.44,275.37,284.31,291.52,297.42,300.0,300.92,301.23,301.34,301.38,301.39
300.09,288.17,268.3,275.56,283.69,292.91,298.18,300.31,301.04,301.29,301.39,301.42
297.44,287.08,266.26,271.71,275.2,286.07,294.6,298.96,300.6,301.16,301.35,301.42
303.3,289.2,266.79,271.51,271.35,278.79,289.14,296.28,299.61,300.81,301.23,301.37
299.95,268.96,253.91,265.08,264.98,267.39,276.12,288.39,296.68,300.61,302.08,302.61
300.83,288.25,266.23,271.1,270.17,271.76,276.89,286.88,294.85,299.02,300.62,301.18
303.32,289.73,267.28,271.62,270.75,272.19,275.17,283.93,292.59,297.95,300.24,301.05
303.35,289.8,267.34,271.64,270.77,272.12,273.94,279.16,288.26,295.48,299.25,300.71
303.4,316.88,331.59,319.88,308.45,303.81,302.16,301.55,301.34,301.27,301.24,301.23
303.5,316.92,331.63,319.91,308.47,303.82,302.16,301.55,301.34,301.26,301.24,301.23
303.53,316.96,331.67,319.95,308.48,303.83,302.16,301.56,301.34,301.26,301.24,301.23
303.47,297.1,296.05,294.74,296.74,299.52,300.71,301.12,301.27,301.32,301.34,301.35
303.46,290.99,276.98,285.29,292.14,297.71,300.12,300.96,301.25,301.35,301.39,301.4
303.42,290.01,269.99,277.42,285.59,294.07,298.68,300.48,301.1,301.31,301.39,301.42
303.41,289.96,269.39,276.11,284.03,293.05,298.23,300.32,301.05,301.3,301.39,301.42
303.44,316.9,331.62,319.9,308.46,303.82,302.16,301.55,301.34,301.27,301.24,301.23
303.45,297.1,296.1,294.77,296.76,299.53,300.71,301.13,301.27,301.32,301.34,301.35
303.46,291.01,277.2,285.44,292.24,297.76,300.13,300.96,301.25,301.35,301.39,301.4
303.47,290.01,270.02,277.5,285.68,294.13,298.71,300.49,301.1,301.31,301.39,301.42
303.44,289.28,267.19,272.2,275.49,286.07,294.53,298.9,300.56,301.13,301.33,301.4
303.43,289.63,267.27,271.78,272.0,280.41,290.45,296.98,299.88,300.91,301.26,301.39
303.43,289.83,267.4,271.72,271.12,275.62,285.7,294.15,298.73,300.52,301.13,301.35
303.41,289.21,266.68,271.35,270.47,272.1,277.3,287.16,294.98,299.06,300.63,301.17
303.42,289.42,266.9,271.44,270.55,271.95,274.44,282.54,291.5,297.4,300.03,300.97
303.24,289.1,266.6,271.3,270.39,271.69,273.26,276.66,285.44,293.53,298.37,300.39
303.38,289.36,266.84,271.42,270.52,271.82,273.29,275.38,281.48,290.01,296.46,299.65
303.06,289.04,266.57,271.28,270.37,271.66,273.06,274.69,277.37,284.58,292.34,297.71
303.35,289.43,266.93,271.45,270.56,271.86,273.28,274.89,277.0,281.8,289.41,295.91
303.35,289.35,266.84,271.41,270.51,271.81,273.23,274.8,276.64,279.31,285.29,292.15
303.33,289.17,266.64,271.32,270.41,271.7,273.1,274.65,276.41,278.52,281.77,287.67
303.34,289.68,267.2,271.58,270.69,272.01,273.45,275.05,276.86,278.99,281.91,287.05
299.98,300.94,313.94,309.9,304.53,303.31,302.92,302.77,302.71,302.69,302.68,302.68
303.4,297.0,295.9,294.67,296.72,299.51,300.71,301.12,301.27,301.32,301.34,301.35
303.41,290.93,276.93,285.27,292.13,297.71,300.11,300.96,301.25,301.35,301.39,301.4
303.41,289.94,269.84,277.2,285.36,293.93,298.62,300.46,301.09,301.31,301.39,301.42
303.42,289.87,268.01,272.89,277.43,287.88,295.59,299.34,300.72,301.19,301.36,301.42
303.42,289.85,267.52,271.92,272.35,281.13,291.01,297.27,299.99,300.95,301.28,301.4
299.96,269.12,254.16,265.19,265.14,268.57,279.47,291.07,298.1,301.17,302.29,302.7
303.43,289.87,267.94,272.75,276.86,287.35,295.27,299.21,300.67,301.18,301.35,301.41
303.42,289.25,266.79,271.5,271.24,278.3,288.68,296.02,299.51,300.78,301.21,301.37
303.38,289.19,266.67,271.36,270.56,273.29,282.3,291.74,297.59,300.1,300.99,301.29
180.23,192.7,211.99,217.9,220.22,228.63,243.53,253.51,259.32,263.61,268.17,274.02
200.52,231.97,231.02,243.88,246.61,250.48,254.2,258.43,269.87,285.01,294.95,299.57
176.21,189.03,209.52,215.49,217.79,223.38,237.41,247.84,252.95,255.37,256.94,258.51
174.43,187.49,208.47,214.46,216.88,221.52,235.01,245.76,250.82,252.82,253.69,254.26
167.06,185.86,207.73,213.35,219.37,233.25,244.71,250.12,252.13,252.76,252.93,252.98
165.27,185.73,207.8,213.4,219.93,234.16,245.37,250.65,252.63,253.24,253.42,253.46
154.67,185.0,208.55,214.69,226.85,241.92,250.69,254.72,256.24,256.75,256.9,256.95
144.19,184.97,210.99,218.03,231.2,246.92,256.85,262.12,264.49,265.44,265.79,265.91
128.32,190.16,217.97,228.09,233.22,240.69,257.72,274.8,288.65,298.44,304.93,308.62
119.0,190.79,218.86,229.63,235.78,238.91,244.11,259.8,278.76,296.01,309.07,317.63
112.78,190.89,219.23,230.15,236.71,240.15,242.86,249.12,264.45,283.8,301.55,314.81
111.55,191.44,219.62,230.37,236.88,240.31,242.99,246.8,258.16,275.27,294.3,309.8
111.69,191.61,219.65,230.51,237.17,240.67,243.43,246.95,255.2,269.86,288.88,305.88
263.66,225.39,211.31,216.31,217.86,218.99,220.12,221.38,222.84,224.55,226.62,229.16
132.07,193.1,219.61,229.25,233.96,238.04,252.13,269.06,283.64,294.13,301.25,305.74
133.42,192.38,219.22,228.42,232.78,238.75,254.74,270.81,283.52,292.18,297.85,301.34
133.28,192.31,219.23,228.47,232.87,237.96,253.3,269.59,282.78,291.89,297.89,301.64
136.41,191.39,218.15,226.93,231.44,242.71,259.41,273.11,282.58,288.49,292.08,294.13
318.92,289.6,274.28,265.53,257.04,253.09,251.83,251.47,251.37,251.34,251.33,251.33
206.02,194.5,210.99,220.71,235.65,245.07,249.06,250.4,250.78,250.88,250.91,250.91
305.05,255.93,237.26,241.37,246.04,249.11,250.39,250.84,250.98,251.02,251.04,251.05
258.11,213.94,208.16,213.59,222.93,236.24,244.39,248.12,249.49,249.92,250.05,250.09
227.49,177.61,181.77,191.43,191.87,200.92,213.23,220.6,223.87,225.06,225.44,225.54
295.64,224.11,192.17,185.62,189.92,197.44,199.87,195.62,189.79,186.67,185.78,185.75
321.69,239.78,203.79,185.17,183.72,188.08,193.5,197.24,195.99,190.15,184.27,181.29
286.28,215.36,178.4,176.63,180.61,185.56,192.67,200.37,204.15,201.61,194.68,187.73
170.92,137.68,142.82,155.75,160.18,164.36,167.37,169.87,175.3,182.61,187.92,191.19
164.06,138.72,145.44,157.49,161.64,165.1,167.4,168.96,172.21,177.86,182.88,185.93
172.04,138.76,144.57,156.19,158.92,162.54,165.99,168.41,171.86,177.94,183.68,187.31
253.91,202.1,168.03,171.08,178.24,185.05,189.16,191.9,195.2,201.74,210.74,214.88
178.75,141.11,146.05,156.96,158.75,159.76,162.0,166.04,171.09,178.14,184.72,188.93
165.66,138.2,144.43,156.25,159.52,163.36,166.57,168.83,172.77,179.18,184.61,187.95
161.31,149.64,162.76,174.6,178.2,184.09,194.11,201.74,205.48,207.22,208.07,208.51
155.83,184.6,207.77,213.83,224.68,239.99,249.37,253.76,255.47,256.05,256.23,256.28
116.83,191.13,219.05,229.58,235.79,239.03,243.02,257.06,275.63,293.62,307.62,316.92
111.29,187.6,215.37,226.37,233.37,237.3,240.33,245.04,257.64,274.45,292.08,305.75
116.33,192.16,219.49,229.87,236.03,239.32,242.03,249.12,264.77,283.54,300.19,312.43
121.54,192.76,219.62,229.66,235.3,238.33,241.14,251.04,267.68,285.39,299.83,310.11
234.72,216.86,210.16,215.04,216.68,217.69,218.61,219.6,220.71,221.98,223.43,225.15
293.33,239.1,218.81,222.3,223.99,225.99,228.54,231.76,235.71,240.15,244.21,246.99
329.73,272.05,247.61,245.41,246.72,246.54,246.48,246.63,246.75,246.83,246.88,246.91
378.79,308.46,276.21,260.83,254.48,250.32,245.15,241.54,240.06,239.62,239.52,239.52
344.2,256.35,227.18,213.05,212.2,215.25,217.39,218.27,218.31,217.91,217.34,216.78
470.38,430.61,405.16,377.41,334.59,292.94,257.7,233.2,222.14,221.31,221.4,221.45
405.77,305.76,268.9,244.17,230.07,211.36,196.94,193.11,192.55,192.53,192.63,192.76
249.07,206.22,172.02,170.16,173.83,179.25,183.55,186.03,187.26,187.85,188.16,188.37
222.84,189.06,163.94,162.13,159.71,161.32,164.0,166.56,169.66,174.29,180.24,185.72
198.04,173.77,155.86,158.54,158.38,159.57,162.39,165.02,167.08,170.04,175.55,182.95
247.65,200.95,166.73,169.11,174.6,182.45,190.49,194.62,194.41,191.66,188.64,186.63
247.68,200.77,166.12,167.83,173.01,180.65,190.21,199.87,205.38,204.78,199.94,194.18
265.2,210.09,173.07,174.74,179.65,184.3,191.2,200.0,205.92,205.46,199.53,192.04
273.38,210.44,174.02,175.52,180.43,184.7,189.45,196.83,204.63,207.61,203.94,196.44
282.15,216.53,180.59,177.17,180.55,184.78,188.79,193.84,200.56,205.94,205.36,199.1
291.5,222.14,185.6,177.82,180.03,184.28,188.17,191.88,196.45,202.47,206.35,203.97
305.38,225.01,189.06,179.8,181.64,186.13,190.15,193.42,196.14,198.95,203.0,205.98
369.57,290.07,259.62,253.17,252.1,250.03,248.86,248.56,248.51,248.5,248.47,248.18
304.25,251.11,231.06,235.04,236.55,239.53,243.49,248.15,253.0,257.19,259.96,263.73
294.26,271.97,256.23,266.49,266.76,268.68,270.32,271.84,273.37,275.24,279.38,287.7
294.63,279.83,261.28,269.17,268.46,269.83,271.13,272.48,273.96,275.75,279.17,286.86
303.12,316.51,331.08,319.48,308.21,303.69,302.09,301.51,301.3,301.23,301.21,301.2
303.24,297.14,296.49,295.0,296.85,299.55,300.7,301.11,301.25,301.3,301.32,301.33
303.36,291.65,280.66,287.38,293.41,298.28,300.31,301.02,301.27,301.35,301.38,301.4
303.4,316.71,331.32,319.64,308.32,303.76,302.14,301.54,301.34,301.26,301.24,301.23
303.44,316.84,331.51,319.83,308.42,303.8,302.15,301.55,301.34,301.26,301.24,301.23
303.47,316.85,331.52,319.84,308.42,303.8,302.15,301.55,301.34,301.26,301.24,301.23
303.49,316.85,331.52,319.84,308.42,303.8,302.15,301.55,301.34,301.26,301.24,301.23
303.49,316.85,331.52,319.84,308.42,303.8,302.15,301.55,301.34,301.26,301.24,301.23
303.51,316.88,331.56,319.87,308.44,303.81,302.16,301.55,301.34,301.26,301.24,301.23
303.55,316.91,331.6,319.91,308.46,303.82,302.16,301.56,301.34,301.27,301.24,301.23
303.55,316.95,331.65,319.94,308.48,303.83,302.17,301.56,301.34,301.27,301.24,301.23
303.52,316.94,331.65,319.94,308.48,303.83,302.17,301.56,301.34,301.27,301.24,301.23
303.52,316.93,331.64,319.92,308.47,303.83,302.16,301.56,301.34,301.27,301.24,301.23
446.12,378.92,382.13,393.29,381.51,355.04,330.03,313.96,307.15,304.66,303.68,303.29
433.07,375.83,358.71,351.55,339.84,329.85,324.02,320.81,319.05,318.11,317.62,317.37
388.31,336.83,328.63,338.4,341.48,343.07,343.94,344.43,344.71,344.87,344.96,345.01
340.36,314.58,300.08,304.55,307.85,310.66,311.93,312.43,312.63,312.7,312.72,312.72
321.86,330.87,341.88,347.25,346.57,345.21,344.39,343.91,343.62,343.43,343.29,343.17
298.47,246.6,298.25,328.93,345.39,355.61,363.26,370.07,376.65,383.27,390.0,396.73
301.76,239.52,281.75,318.66,348.12,368.4,385.82,403.99,423.11,441.78,458.25,470.51
300.6,279.04,325.38,340.69,352.67,361.91,369.86,377.43,385.04,392.83,400.71,408.32
313.8,260.11,314.48,351.07,375.46,396.64,418.99,441.38,459.96,474.29,486.22,496.77
320.6,288.49,317.75,331.09,348.2,361.89,372.84,382.88,392.74,402.44,411.37,418.61
327.21,315.32,382.73,416.68,448.65,474.36,496.15,516.7,536.81,558.19,582.66,610.02
325.64,300.55,331.62,339.01,345.61,348.37,348.3,346.64,344.1,341.19,338.24,335.49
332.16,317.74,365.66,381.0,391.77,396.54,396.39,393.1,388.15,382.44,376.55,370.87
313.98,303.94,337.08,331.13,319.2,311.68,308.63,307.61,307.28,307.17,307.11,307.06
326.35,322.9,355.67,353.62,341.81,330.37,323.12,319.45,317.72,316.86,316.38,316.06
304.9,312.13,333.87,323.61,311.12,305.56,303.79,303.28,303.14,303.1,303.08,303.06
307.98,313.25,335.36,325.4,312.58,306.58,304.62,304.03,303.87,303.82,303.79,303.78
306.72,319.2,336.17,324.2,310.9,304.96,302.88,302.16,301.92,301.84,301.81,301.8
390.83,347.09,336.89,336.53,327.39,321.1,317.72,315.97,315.09,314.65,314.43,314.31
366.96,326.88,332.75,325.82,314.75,309.11,306.96,306.17,305.88,305.76,305.71,305.67
321.35,331.65,332.36,337.69,340.04,341.4,342.17,342.64,342.94,343.12,343.23,343.29
312.5,311.56,327.23,318.21,308.72,304.84,303.46,302.96,302.78,302.7,302.67,302.64
295.78,292.48,297.24,296.7,298.32,300.88,301.99,302.38,302.52,302.56,302.58,302.58
288.22,274.58,278.97,288.29,294.67,299.26,301.07,301.68,301.88,301.96,301.98,301.99
291.2,306.02,318.11,308.57,302.74,301.72,301.51,301.45,301.43,301.42,301.42,301.42
300.26,316.62,331.87,319.79,308.36,303.77,302.14,301.56,301.35,301.28,301.26,301.25
299.78,293.49,300.56,299.91,299.98,301.87,302.74,303.07,303.19,303.24,303.26,303.27
308.67,320.17,335.11,322.83,309.99,304.38,302.35,301.61,301.36,301.27,301.24,301.23
301.75,307.89,320.55,313.61,306.63,304.61,303.91,303.63,303.53,303.49,303.47,303.46
308.53,302.19,302.15,297.59,297.86,299.88,300.8,301.14,301.26,301.3,301.32,301.32
300.65,289.31,290.65,293.44,297.08,300.78,302.39,302.98,303.2,303.29,303.32,303.33
306.95,319.58,334.69,322.39,309.75,304.29,302.32,301.6,301.35,301.26,301.23,301.22
300.88,290.65,292.22,294.21,297.44,300.99,302.54,303.12,303.33,303.42,303.45,303.46
307.81,295.54,282.98,288.12,293.67,298.34,300.31,301.0,301.25,301.33,301.36,301.37
308.88,294.62,274.59,281.81,289.26,296.16,299.53,300.77,301.2,301.36,301.41,301.43
308.01,294.07,273.1,279.83,287.57,295.17,299.11,300.61,301.13,301.31,301.37,301.4
307.07,294.2,277.62,284.95,291.73,297.5,300.07,300.98,301.3,301.41,301.45,301.47
306.59,318.43,333.04,320.76,308.88,303.99,302.25,301.63,301.41,301.33,301.3,301.29
301.28,310.0,323.79,315.4,307.36,304.74,303.81,303.44,303.3,303.24,303.22,303.21
303.17,317.1,331.93,320.03,308.51,303.84,302.17,301.56,301.35,301.27,301.25,301.24
300.22,302.13,315.19,310.56,304.82,303.43,302.97,302.79,302.73,302.7,302.69,302.69
303.5,316.43,330.84,319.17,308.06,303.66,302.1,301.54,301.34,301.27,301.24,301.23
303.49,316.96,331.68,319.95,308.49,303.83,302.17,301.56,301.34,301.27,301.24,301.23
303.48,316.96,331.69,319.96,308.49,303.84,302.17,301.56,301.34,301.27,301.24,301.23
303.48,314.79,328.26,316.8,306.79,303.16,301.92,301.48,301.32,301.27,301.25,301.24
303.48,316.94,331.65,319.92,308.47,303.83,302.16,301.56,301.34,301.27,301.24,301.23
303.48,297.13,296.09,294.76,296.75,299.53,300.71,301.13,301.27,301.33,301.35,301.35
303.48,291.04,277.1,285.36,292.19,297.73,300.13,300.96,301.25,301.36,301.39,301.41
303.41,289.91,269.72,277.03,285.18,293.81,298.57,300.44,301.08,301.31,301.39,301.41
300.14,270.1,255.13,265.95,269.02,281.51,292.66,298.89,301.46,302.37,302.7,302.83
298.36,268.67,253.97,265.15,265.23,271.77,284.63,294.58,299.74,301.77,302.5,302.76
297.43,287.07,265.75,270.86,270.0,273.31,283.13,292.54,298.03,300.28,301.06,301.34
303.35,316.87,331.59,319.88,308.45,303.82,302.16,301.56,301.34,301.27,301.24,301.23
300.05,277.53,277.96,287.86,294.69,299.64,301.67,302.38,302.63,302.72,302.76,302.77
303.26,290.22,274.96,284.05,291.36,297.34,299.97,300.9,301.22,301.33,301.37,301.39
303.38,289.87,269.72,277.05,285.21,293.83,298.58,300.44,301.08,301.31,301.39,301.42
303.39,289.8,267.91,272.8,277.19,287.67,295.47,299.29,300.7,301.18,301.35,301.41
303.39,289.43,267.02,271.63,271.61,279.47,289.69,296.58,299.73,300.85,301.24,301.38
303.39,289.71,267.25,271.64,270.97,274.88,284.77,293.52,298.45,300.42,301.1,301.34
303.39,289.82,267.35,271.66,270.83,272.76,279.61,289.31,296.26,299.59,300.82,301.25
303.4,316.89,331.61,319.9,308.46,303.82,302.16,301.55,301.34,301.27,301.24,301.23
303.54,316.93,331.63,319.92,308.47,303.82,302.16,301.56,301.34,301.27,301.24,301.23
303.58,298.08,298.13,295.82,297.18,299.67,300.75,301.13,301.27,301.32,301.34,301.34
303.47,295.72,292.83,293.13,296.08,299.29,300.64,301.11,301.27,301.33,301.35,301.36
303.48,290.85,276.15,284.74,291.77,297.54,300.05,300.94,301.24,301.35,301.39,301.41
303.43,314.21,327.33,315.99,306.37,303.0,301.86,301.46,301.31,301.27,301.25,301.24
303.43,315.15,328.84,317.34,307.08,303.27,301.96,301.49,301.32,301.27,301.25,301.24
303.46,316.91,331.62,319.91,308.46,303.82,302.16,301.55,301.34,301.27,301.24,301.23
303.56,316.94,331.64,319.93,308.47,303.83,302.16,301.56,301.34,301.27,301.24,301.23
303.6,316.92,331.59,319.88,308.45,303.81,302.16,301.55,301.34,301.27,301.24,301.23
303.52,306.14,313.65,305.26,301.19,301.06,301.2,301.25,301.28,301.29,301.29,301.29
303.53,315.06,328.68,317.19,307.0,303.24,301.95,301.49,301.32,301.27,301.25,301.24
303.49,296.1,293.75,293.59,296.27,299.36,300.66,301.12,301.27,301.33,301.35,301.36
303.48,290.81,276.05,284.67,291.73,297.52,300.05,300.94,301.25,301.36,301.4,301.41
303.57,289.87,269.4,276.36,284.39,293.3,298.34,300.36,301.06,301.3,301.39,301.42
303.45,289.66,267.62,272.46,276.0,286.53,294.79,299.01,300.6,301.15,301.34,301.41
303.45,289.83,267.47,271.87,272.06,280.39,290.41,296.96,299.87,300.91,301.27,301.39
303.44,289.78,267.32,271.67,270.99,274.71,284.5,293.33,298.35,300.39,301.09,301.34
303.44,293.1,285.55,289.71,294.59,298.75,300.47,301.07,301.28,301.35,301.38,301.39
303.45,290.35,272.95,281.97,289.74,296.5,299.67,300.82,301.21,301.35,301.4,301.41
303.48,316.94,331.66,319.94,308.48,303.83,302.17,301.56,301.34,301.27,301.24,301.23
303.47,297.04,295.86,294.65,296.71,299.51,300.71,301.12,301.27,301.33,301.34,301.35
303.45,290.97,276.92,285.26,292.12,297.7,300.11,300.96,301.25,301.36,301.39,301.41
300.11,270.24,256.85,269.14,279.3,291.15,298.18,301.19,302.27,302.65,302.8,302.85
303.43,289.88,267.99,272.87,277.34,287.8,295.54,299.32,300.71,301.19,301.36,301.42
303.42,289.79,267.44,271.87,272.18,280.76,290.72,297.12,299.93,300.93,301.27,301.39
303.42,289.77,267.31,271.67,271.01,275.0,284.92,293.62,298.49,300.43,301.11,301.34
