801.05,726.07,685.62,663.8,652.02,645.67,642.24,640.39,639.4,638.86,638.57,638.41,
799.95,739.96,714.26,703.25,698.54,696.52,695.65,695.28,695.12,695.05,695.02,695.01,
752.23,729.53,721.92,719.38,718.52,718.24,718.14,718.11,718.1,718.1,718.09,718.09,
717.22,717.22,717.22,717.22,717.22,717.22,717.22,717.22,717.22,717.22,717.22,717.22,
527.1,682.25,682.25,682.25,682.25,682.25,682.25,682.25,682.25,682.25,682.25,682.25,
295.95,411.96,488.44,538.87,572.11,594.03,608.48,618.01,624.29,628.43,631.16,632.96,
331.45,422.19,480.39,517.72,541.67,557.03,566.89,573.21,577.26,579.86,581.53,582.6,
130.59,101.18,71.76,42.35,12.94,0.0,0.0,0.0,0.0,0.0,0.0,0.0,
332.94,315.88,298.82,281.76,264.71,247.65,230.59,213.53,196.47,179.41,162.35,145.29,
566.47,562.94,559.41,555.88,552.35,548.82,545.29,541.76,538.24,534.71,531.18,527.65,
729.4,671.0,633.36,609.1,593.46,583.38,576.88,572.69,569.99,568.25,567.13,566.41,
810.8,743.86,698.69,668.21,647.65,633.77,624.4,618.09,613.82,610.94,609.0,607.69,
943.89,860.31,800.14,756.82,725.63,703.18,687.02,675.39,667.01,660.98,656.64,653.52,
577.45,582.21,585.25,587.19,588.43,589.22,589.73,590.05,590.25,590.39,590.47,590.52,
613.08,615.03,616.27,617.06,617.56,617.87,618.07,618.2,618.28,618.33,618.36,618.38,
361.08,230.54,176.16,210.32,323.3,485.98,657.34,794.82,864.83,851.0,757.96,609.88,
551.66,522.46,523.95,539.17,554.36,563.08,565.07,563.08,560.06,557.85,556.95,557.05,
550.5,468.22,415.01,401.4,425.34,477.55,543.86,608.77,658.87,685.36,685.42,662.07,
632.86,551.53,487.68,452.99,450.75,477.59,524.82,580.72,633.28,672.53,692.31,691.01,
640.0,630.0,620.0,610.0,600.0,590.0,580.0,570.0,560.0,550.0,540.0,530.0,
724.71,739.41,754.12,768.82,783.53,798.24,812.94,827.65,842.35,857.06,871.76,886.47,
750.0,780.0,810.0,840.0,870.0,900.0,930.0,960.0,990.0,1020.0,1050.0,1080.0,
755.29,790.59,825.88,861.18,896.47,931.76,967.06,1002.35,1037.65,1072.94,1108.24,1143.53,
920.59,961.18,1001.76,1042.35,1082.94,1123.53,1164.12,1204.71,1245.29,1285.88,1326.47,1367.06,
543.27,578.3,597.69,608.43,614.37,617.66,619.49,620.5,621.05,621.36,621.53,621.63,
840.03,822.03,700.73,700.73,700.73,700.73,700.73,700.73,700.73,700.73,700.73,700.73,
687.78,687.78,687.78,687.78,687.78,687.78,687.78,687.78,687.78,687.78,687.78,687.78,
516.45,498.85,481.25,463.65,446.05,428.45,410.85,393.25,375.65,358.05,340.44,322.84,
482.01,462.95,443.89,424.82,405.76,386.7,367.63,348.57,329.51,310.45,291.38,272.32,
424.52,403.22,381.92,360.61,339.31,318.0,296.7,275.4,254.09,232.79,211.48,190.18,
82.94,55.88,28.82,1.76,0.0,0.0,0.0,0.0,0.0,0.0,0.0,0.0,
0.0,0.0,0.0,0.0,0.0,0.0,0.0,0.0,0.0,0.0,0.0,0.0,
0.59,0.0,0.0,0.0,0.0,0.0,0.0,0.0,0.0,0.0,0.0,0.0,
196.47,172.94,149.41,125.88,102.35,78.82,55.29,31.76,8.24,0.0,0.0,0.0,
246.47,222.94,199.41,175.88,152.35,128.82,105.29,81.76,58.24,34.71,11.18,0.0,
264.12,238.24,212.35,186.47,160.59,134.71,108.82,82.94,57.06,31.18,5.29,0.0,
1211.18,1242.35,1273.53,1304.71,1335.88,1367.06,1398.24,1429.41,1460.59,1491.76,1522.94,1554.12,
931.47,832.16,760.99,709.97,673.4,647.18,628.39,614.93,605.27,598.35,593.39,589.84,
899.15,817.82,758.13,714.34,682.21,658.63,641.33,628.64,619.32,612.49,607.47,603.79,
982.71,900.49,837.49,789.22,752.22,723.88,702.16,685.51,672.76,662.98,655.49,649.75,
890.59,891.18,891.76,892.35,892.94,893.53,894.12,894.71,895.29,895.88,896.47,897.06,
903.53,927.06,950.59,974.12,997.65,1021.18,1044.71,1068.24,1091.76,1115.29,1138.82,1162.35,
735.88,751.76,767.65,783.53,799.41,815.29,831.18,847.06,862.94,878.82,894.71,910.59,
902.35,924.71,947.06,969.41,991.76,1014.12,1036.47,1058.82,1081.18,1103.53,1125.88,1148.24,
795.88,811.76,827.65,843.53,859.41,875.29,891.18,907.06,922.94,938.82,954.71,970.59,
810.0,830.0,850.0,870.0,890.0,910.0,930.0,950.0,970.0,990.0,1010.0,1030.0,
662.35,684.71,707.06,729.41,751.76,774.12,796.47,818.82,841.18,863.53,885.88,908.24,
671.18,702.35,733.53,764.71,795.88,827.06,858.24,889.41,920.59,951.76,982.94,1014.12,
432.35,454.71,477.06,499.41,521.76,544.12,566.47,588.82,611.18,633.53,655.88,678.24,
521.57,537.55,549.4,558.18,564.69,569.52,573.09,575.74,577.71,579.16,580.24,581.04,
534.75,571.14,595.32,611.39,622.07,629.17,633.88,637.02,639.1,640.49,641.41,642.02,
553.95,599.2,626.87,643.81,654.16,660.5,664.38,666.75,668.2,669.09,669.63,669.96,
427.63,396.22,364.81,333.4,301.99,270.58,239.17,207.76,176.35,144.94,113.53,82.12,
219.77,167.57,115.38,63.18,10.99,0.0,0.0,0.0,0.0,0.0,0.0,0.0,
128.1,72.99,17.88,0.0,0.0,0.0,0.0,0.0,0.0,0.0,0.0,0.0,
55.53,0.0,0.0,0.0,0.0,0.0,0.0,0.0,0.0,0.0,0.0,0.0,
0.0,0.0,0.0,0.0,0.0,0.0,0.0,0.0,0.0,0.0,0.0,0.0,
0.0,0.0,0.0,0.0,0.0,0.0,0.0,0.0,0.0,0.0,0.0,0.0,
382.35,354.71,327.06,299.41,271.76,244.12,216.47,188.82,161.18,133.53,105.88,78.24,
900.0,910.0,920.0,930.0,940.0,950.0,960.0,970.0,980.0,990.0,1000.0,1010.0,
1131.11,965.28,848.03,771.18,720.82,687.82,666.19,652.01,642.72,636.63,632.64,630.03,
1149.65,980.0,729.22,476.43,263.28,133.57,99.07,155.94,279.18,435.47,588.21,707.05,
576.5,382.14,307.29,323.31,387.26,460.4,517.65,549.11,556.51,547.85,532.4,517.51,
703.1,686.68,681.43,680.28,680.63,681.54,682.65,683.83,685.04,686.26,687.48,688.71,
777.12,779.41,779.89,779.68,779.21,778.65,778.06,777.45,776.83,776.22,775.6,774.98,
635.8,629.04,633.73,643.19,654.65,666.93,679.57,692.35,705.19,718.05,730.92,743.8,
496.32,471.46,459.13,452.23,447.69,444.18,441.12,438.25,435.46,432.72,429.98,427.26,
581.57,589.6,596.13,602.04,607.68,613.21,618.7,624.16,629.62,635.07,640.52,645.97,
747.62,778.68,798.42,813.34,826.21,838.21,849.84,861.3,872.7,884.08,895.44,906.79,
796.25,817.73,832.73,844.89,855.82,866.2,876.34,886.38,896.37,906.34,916.3,926.26,
898.32,947.82,993.72,1038.17,1082.01,1125.62,1169.13,1212.6,1256.05,1299.49,1342.93,1386.37,
1160.64,1248.43,1322.6,1391.15,1457.36,1522.6,1587.45,1652.13,1716.74,1781.32,1845.89,1910.46,
917.8,940.72,976.25,1016.3,1057.98,1100.25,1142.72,1185.27,1227.84,1270.43,1313.02,1355.61,
516.07,589.46,679.05,679.05,679.05,679.05,679.05,679.05,679.05,679.05,679.05,679.05,
655.98,691.34,771.26,842.22,867.69,837.97,773.07,709.9,681.45,699.87,751.73,807.13,
394.18,469.98,707.34,707.34,707.34,707.34,707.34,707.34,707.34,707.34,707.34,707.34,
95.88,51.76,7.65,0.0,0.0,0.0,0.0,0.0,0.0,0.0,0.0,0.0,
62.35,4.71,0.0,0.0,0.0,0.0,0.0,0.0,0.0,0.0,0.0,0.0,
87.06,24.12,0.0,0.0,0.0,0.0,0.0,0.0,0.0,0.0,0.0,0.0,
22.35,0.0,0.0,0.0,0.0,0.0,0.0,0.0,0.0,0.0,0.0,0.0,
315.88,291.76,267.65,243.53,219.41,195.29,171.18,147.06,122.94,98.82,74.71,50.59,
684.67,718.45,728.35,728.91,725.79,721.24,716.13,710.79,705.37,699.91,694.44,688.96,
794.23,613.89,339.01,43.61,0.0,0.0,0.0,0.0,0.0,182.24,313.11,341.4,
978.56,963.13,881.87,740.25,569.93,402.28,268.31,191.31,183.39,243.46,358.0,503.97,
779.85,696.47,592.9,476.12,375.55,310.62,293.7,326.11,398.74,494.4,591.82,670.32,
540.44,456.02,389.08,350.96,347.97,378.26,433.07,498.99,561.22,606.75,627.06,619.59,
431.89,332.11,244.64,232.87,280.1,380.28,503.6,619.73,699.06,722.86,686.54,600.92,
386.01,253.56,177.94,176.64,249.25,377.76,530.97,672.12,767.66,795.23,748.93,640.5,
327.35,264.19,261.06,313.1,405.97,516.16,617.31,686.46,709.17,682.44,614.87,524.07,
331.33,284.39,285.36,333.38,417.21,517.85,612.84,681.29,708.44,688.85,627.49,538.47,
412.28,387.55,388.0,410.66,448.59,492.68,533.66,563.92,578.8,577.17,561.23,535.71,
475.72,459.85,438.44,414.38,389.06,363.13,336.92,310.57,284.15,257.7,231.24,204.77,
826.31,955.77,1032.48,1046.21,1004.01,927.15,844.58,784.75,768.19,802.6,881.77,988.1,
775.29,810.59,845.88,881.18,916.47,951.76,987.06,1022.35,1057.65,1092.94,1128.24,1163.53,
1242.35,1304.71,1367.06,1429.41,1491.76,1554.12,1616.47,1678.82,1741.18,1803.53,1865.88,1928.24,
1018.24,1066.47,1114.71,1162.94,1211.18,1259.41,1307.65,1355.88,1404.12,1452.35,1500.59,1548.82,
1192.35,1254.71,1317.06,1379.41,1441.76,1504.12,1566.47,1628.82,1691.18,1753.53,1815.88,1878.24,
752.94,775.88,798.82,821.76,844.71,867.65,890.59,913.53,936.47,959.41,982.35,1005.29,
918.24,936.47,954.71,972.94,991.18,1009.41,1027.65,1045.88,1064.12,1082.35,1100.59,1118.82,
534.26,423.86,687.1,687.1,687.1,687.1,687.1,687.1,687.1,687.1,687.1,687.1,
17.14,169.3,377.86,453.91,526.0,559.08,585.04,598.6,608.2,613.6,617.21,619.33,
289.37,390.61,459.23,505.73,537.25,558.62,573.1,582.91,589.56,594.07,597.13,599.2,
214.0,301.44,365.69,412.89,447.58,473.06,491.79,505.55,515.66,523.08,528.54,532.55,
16.47,0.0,0.0,0.0,0.0,0.0,0.0,0.0,0.0,0.0,0.0,0.0,
364.71,349.41,334.12,318.82,303.53,288.24,272.94,257.65,242.35,227.06,211.76,196.47,
557.65,565.29,572.94,580.59,588.24,595.88,603.53,611.18,618.82,626.47,634.12,641.76,
724.12,738.24,752.35,766.47,780.59,794.71,808.82,822.94,837.06,851.18,865.29,879.41,
809.41,828.82,848.24,867.65,887.06,906.47,925.88,945.29,964.71,984.12,1003.53,1022.94,
1076.77,993.88,827.02,612.31,396.16,225.21,136.26,148.38,258.79,443.51,662.57,868.66,
974.33,830.3,634.82,427.65,250.78,139.91,117.29,187.21,335.21,531.06,734.96,905.59,
607.25,380.61,194.6,93.07,99.76,212.71,404.84,630.45,836.05,973.09,1009.4,936.72,
883.72,855.96,834.72,818.46,806.03,796.51,789.23,783.66,779.39,776.13,773.63,771.72,
469.47,522.61,558.14,581.9,597.79,608.42,615.52,620.27,623.45,625.57,626.99,627.94,
697.76,683.48,674.32,668.44,664.66,662.24,660.69,659.69,659.05,658.64,658.37,658.2,
436.26,486.83,516.47,533.85,544.04,550.02,553.52,555.57,556.77,557.48,557.89,558.14,
515.88,536.95,549.33,556.61,560.88,563.39,564.86,565.73,566.23,566.53,566.71,566.81,
574.12,604.22,612.84,629.7,643.4,658.31,672.75,687.38,701.93,716.51,731.09,745.66,
524.54,509.96,540.39,552.26,571.78,588.14,605.81,622.94,640.29,657.55,674.85,692.13,
562.42,605.36,622.99,618.16,599.48,576.88,558.3,547.95,546.27,550.99,558.67,566.1,
722.14,823.23,820.25,748.75,654.55,575.56,532.2,526.62,548.06,580.64,610.14,628.08,
969.99,1369.55,1190.61,1059.09,962.42,891.36,839.13,800.74,772.52,751.78,736.53,725.33,
1113.3,960.46,872.86,822.66,793.89,777.41,767.96,762.54,759.44,757.66,756.64,756.06,
764.5,758.29,755.81,754.81,754.41,754.25,754.19,754.16,754.15,754.15,754.14,754.14,
631.02,744.95,744.95,744.95,744.95,744.95,744.95,744.95,744.95,744.95,744.95,744.95,
353.26,500.64,580.13,623.01,646.13,658.61,665.33,668.96,670.92,671.97,672.54,672.85,
289.04,428.15,516.5,572.61,608.24,630.87,645.24,654.37,660.17,663.85,666.19,667.67,
549.13,982.02,1281.41,1337.54,1136.25,761.5,360.66,86.67,39.83,231.27,581.32,952.42,
342.83,515.41,569.33,569.33,569.33,569.33,569.33,569.33,569.33,569.33,569.33,569.33,
549.4,561.82,569.78,574.88,578.14,580.23,581.57,582.43,582.98,583.33,583.56,583.7,
603.09,531.87,531.87,531.87,531.87,531.87,531.87,531.87,531.87,531.87,531.87,531.87,
589.4,577.83,573.82,572.44,571.96,571.79,571.73,571.71,571.71,571.7,571.7,571.7,
821.62,813.12,748.25,651.62,551.1,470.8,426.07,421.36,451.07,502.47,559.93,609.04,
918.39,702.44,607.04,607.04,607.04,607.04,607.04,607.04,607.04,607.04,607.04,607.04,
696.07,619.46,542.19,482.62,451.76,451.96,477.82,518.8,562.63,598.46,619.2,622.56,
390.94,330.94,332.62,389.11,478.06,569.89,637.21,662.69,643.14,588.99,519.79,457.52,
400.31,355.61,364.63,419.06,497.82,574.75,626.94,641.31,617.51,566.65,506.81,456.9,
452.12,365.94,337.24,370.09,447.63,539.63,613.96,647.45,632.83,579.59,509.24,446.94,
342.73,354.07,416.46,507.18,596.36,656.67,671.58,639.66,573.97,497.07,433.37,401.56,
492.82,508.87,532.61,556.58,573.75,579.5,572.86,556.57,536.0,517.47,506.28,505.25,
446.89,452.3,473.04,502.39,532.16,554.86,565.52,562.67,548.37,527.32,505.47,488.37,
505.29,510.59,515.88,521.18,526.47,531.76,537.06,542.35,547.65,552.94,558.24,563.53,
852.94,895.88,938.82,981.76,1024.71,1067.65,1110.59,1153.53,1196.47,1239.41,1282.35,1325.29,
1228.67,1291.64,1354.61,1417.59,1480.56,1543.53,1606.5,1669.47,1732.44,1795.41,1858.38,1921.36,
899.41,948.82,998.24,1047.65,1097.06,1146.47,1195.88,1245.29,1294.71,1344.12,1393.53,1442.94,
815.24,619.75,619.75,619.75,619.75,619.75,619.75,619.75,619.75,619.75,619.75,619.75,
1038.24,1066.47,1094.71,1122.94,1151.18,1179.41,1207.65,1235.88,1264.12,1292.35,1320.59,1348.82,
753.53,757.06,760.59,764.12,767.65,771.18,774.71,778.24,781.76,785.29,788.82,792.35,
597.9,674.14,674.14,674.14,674.14,674.14,674.14,674.14,674.14,674.14,674.14,674.14,
415.39,650.27,650.27,650.27,650.27,650.27,650.27,650.27,650.27,650.27,650.27,650.27,
177.26,403.12,663.45,884.44,1012.23,1024.68,933.24,775.6,602.26,461.43,386.49,388.99,
274.16,564.17,839.56,1032.33,1102.83,1046.64,891.83,688.32,492.86,353.97,300.53,336.69,
329.74,568.83,787.46,945.22,1018.01,1000.92,907.1,763.23,602.82,458.96,357.89,314.64,
310.0,300.0,290.0,280.0,270.0,260.0,250.0,240.0,230.0,220.0,210.0,200.0,
676.84,670.96,665.07,659.19,653.31,647.43,641.54,635.66,629.78,623.9,618.02,612.13,
1057.0,1112.56,1053.38,901.1,695.67,485.36,315.75,220.13,213.3,289.85,426.84,590.14,
1148.57,1085.32,922.98,703.94,479.67,298.92,197.43,191.17,274.4,422.49,598.68,762.86,
943.67,790.99,602.41,423.46,293.99,239.6,266.91,363.5,502.17,648.26,768.06,836.4,
617.66,429.92,285.41,218.76,242.58,345.44,496.27,653.45,776.18,834.89,818.23,734.89,
672.42,620.48,592.95,587.64,596.71,611.39,624.95,633.84,637.42,636.87,634.1,630.88,
360.66,270.47,257.09,318.93,436.69,579.07,710.87,801.58,832.3,799.48,714.84,601.58,
382.51,426.44,427.73,528.3,587.37,667.99,687.99,689.12,641.26,585.88,522.33,482.65,
823.5,834.44,765.09,658.93,560.72,501.27,490.64,520.05,569.54,617.51,648.31,655.99,
134.43,301.08,403.85,467.22,506.3,530.39,545.25,554.42,560.07,563.55,565.7,567.03,
379.05,429.18,501.18,590.92,673.59,731.8,753.57,736.2,685.89,615.98,543.44,484.84,
550.59,551.18,551.76,552.35,552.94,553.53,554.12,554.71,555.29,555.88,556.47,557.06,
522.94,535.88,548.82,561.76,574.71,587.65,600.59,613.53,626.47,639.41,652.35,665.29,
796.27,653.53,592.75,566.87,555.84,551.15,549.15,548.3,547.94,547.78,547.72,547.69,
834.71,696.94,637.18,611.26,600.02,595.14,593.02,592.11,591.71,591.54,591.46,591.43,
797.8,647.81,647.81,647.81,647.81,647.81,647.81,647.81,647.81,647.81,647.81,647.81,
919.39,706.2,706.2,706.2,706.2,706.2,706.2,706.2,706.2,706.2,706.2,706.2,
474.25,705.2,705.2,705.2,705.2,705.2,705.2,705.2,705.2,705.2,705.2,705.2,
664.03,713.45,713.45,713.45,713.45,713.45,713.45,713.45,713.45,713.45,713.45,713.45,
362.12,450.06,513.38,558.97,591.8,615.43,632.46,644.71,653.54,659.89,664.47,667.76,
225.46,319.94,391.09,444.68,485.04,515.43,538.32,555.56,568.54,578.32,585.68,591.22,
138.29,222.92,289.05,340.73,381.12,412.68,437.34,456.61,471.67,483.44,492.64,499.83,
41.18,2.35,0.0,0.0,0.0,0.0,0.0,0.0,0.0,0.0,0.0,0.0,
308.82,297.65,286.47,275.29,264.12,252.94,241.76,230.59,219.41,208.24,197.06,185.88,
605.29,610.59,615.88,621.18,626.47,631.76,637.06,642.35,647.65,652.94,658.24,663.53,
974.78,1011.68,941.63,785.19,593.22,416.62,299.26,265.14,315.12,428.53,570.59,702.5,
1105.5,1039.39,843.88,588.96,329.43,129.95,35.64,66.81,212.88,436.33,682.04,890.9,
981.8,788.75,561.56,329.95,159.86,86.93,127.42,267.76,471.38,687.19,862.71,956.67,
613.09,334.28,220.85,125.61,180.44,302.21,495.52,681.84,825.0,877.92,833.6,703.08,
252.09,115.03,51.73,150.48,340.48,585.1,797.98,922.21,917.82,789.85,577.23,345.64,
270.71,117.8,72.6,146.15,317.77,540.94,755.81,905.34,950.37,879.88,713.7,496.91,
512.78,407.3,345.09,335.85,376.52,453.13,545.03,630.15,690.1,713.89,699.71,654.43,
833.9,779.02,687.38,603.03,550.74,535.29,547.59,572.97,598.11,614.89,621.04,618.62,
745.98,703.09,654.58,602.51,548.19,492.44,435.78,378.55,320.96,263.14,205.18,147.12,
613.79,608.6,603.41,598.22,593.02,587.83,582.64,577.45,572.25,567.06,561.87,556.68,
1034.42,1062.98,1091.54,1120.1,1148.66,1177.22,1205.78,1234.34,1262.9,1291.46,1320.02,1348.58,
780.0,810.0,840.0,870.0,900.0,930.0,960.0,990.0,1020.0,1050.0,1080.0,1110.0,
685.74,716.16,746.58,777.0,807.42,837.84,868.26,898.68,929.09,959.51,989.93,1020.35,
613.37,645.13,676.88,708.63,740.38,772.13,803.88,835.63,867.38,899.14,930.89,962.64,
485.8,572.41,604.41,616.23,620.6,622.21,622.81,623.03,623.11,623.14,623.15,623.15,
814.26,862.29,748.59,624.68,638.05,758.34,832.06,777.04,671.97,646.3,721.94,798.76,
452.33,700.29,700.29,700.29,700.29,700.29,700.29,700.29,700.29,700.29,700.29,700.29,
557.78,541.09,524.39,507.69,490.99,474.29,457.6,440.9,424.2,407.5,390.81,374.11,
464.22,441.03,417.84,394.65,371.47,348.28,325.09,301.9,278.71,255.52,232.33,209.15,
67.06,14.12,0.0,0.0,0.0,0.0,0.0,0.0,0.0,0.0,0.0,0.0,
1.76,0.0,0.0,0.0,0.0,0.0,0.0,0.0,0.0,0.0,0.0,0.0,
0.0,0.0,0.0,0.0,0.0,0.0,0.0,0.0,0.0,0.0,0.0,0.0,
214.71,189.41,164.12,138.82,113.53,88.24,62.94,37.65,12.35,0.0,0.0,0.0,
89.41,58.82,28.24,0.0,0.0,0.0,0.0,0.0,0.0,0.0,0.0,0.0,
179.12,169.07,127.4,96.74,62.24,29.08,0.0,0.0,0.0,0.0,0.0,0.0,
589.41,578.82,568.24,557.65,547.06,536.47,525.88,515.29,504.71,494.12,483.53,472.94,
872.94,885.88,898.82,911.76,924.71,937.65,950.59,963.53,976.47,989.41,1002.35,1015.29,
908.45,718.17,649.51,610.41,588.14,575.45,568.23,564.11,561.77,560.43,559.67,559.24,
970.85,920.79,878.43,842.58,812.24,786.56,764.84,746.45,730.89,717.72,706.57,697.14,
1378.87,1585.09,1808.66,2049.59,2307.88,2583.51,2876.51,3186.85,3514.55,3859.61,4222.02,4601.78,
1192.35,1224.71,1257.06,1289.41,1321.76,1354.12,1386.47,1418.82,1451.18,1483.53,1515.88,1548.24,
927.06,954.12,981.18,1008.24,1035.29,1062.35,1089.41,1116.47,1143.53,1170.59,1197.65,1224.71,
826.47,832.94,839.41,845.88,852.35,858.82,865.29,871.76,878.24,884.71,891.18,897.65,
1040.99,1056.04,1089.79,1115.94,1145.17,1173.15,1201.64,1229.93,1258.29,1286.63,1314.97,1343.31,
651.18,652.35,653.53,654.71,655.88,657.06,658.24,659.41,660.59,661.76,662.94,664.12,
557.65,575.29,592.94,610.59,628.24,645.88,663.53,681.18,698.82,716.47,734.12,751.76,
532.94,555.88,578.82,601.76,624.71,647.65,670.59,693.53,716.47,739.41,762.35,785.29,
675.29,710.59,745.88,781.18,816.47,851.76,887.06,922.35,957.65,992.94,1028.24,1063.53,
877.06,924.12,971.18,1018.24,1065.29,1112.35,1159.41,1206.47,1253.53,1300.59,1347.65,1394.71,
337.75,452.46,522.93,566.21,592.8,609.14,619.17,625.34,629.12,631.45,632.88,633.75,
704.29,691.98,682.33,674.77,668.84,664.2,660.56,657.71,655.47,653.72,652.35,651.28,
483.37,541.13,581.15,608.88,628.08,641.39,650.61,657.0,661.42,664.49,666.61,668.09,
430.59,421.18,411.76,402.35,392.94,383.53,374.12,364.71,355.29,345.88,336.47,327.06,
340.37,298.16,255.96,213.75,171.55,129.34,87.14,44.93,2.73,0.0,0.0,0.0,
201.65,149.58,97.51,45.44,0.0,0.0,0.0,0.0,0.0,0.0,0.0,0.0,
91.38,33.31,0.0,0.0,0.0,0.0,0.0,0.0,0.0,0.0,0.0,0.0,
4.98,0.0,0.0,0.0,0.0,0.0,0.0,0.0,0.0,0.0,0.0,0.0,
0.0,0.0,0.0,0.0,0.0,0.0,0.0,0.0,0.0,0.0,0.0,0.0,
221.86,225.5,175.99,146.4,109.34,75.08,39.78,4.86,0.0,0.0,0.0,0.0,
904.71,909.41,914.12,918.82,923.53,928.24,932.94,937.65,942.35,947.06,951.76,956.47,
630.59,611.18,591.76,572.35,552.94,533.53,514.12,494.71,475.29,455.88,436.47,417.06,
761.02,603.28,562.05,536.46,520.58,510.72,504.6,500.81,498.45,496.99,496.08,495.52,
558.55,486.49,449.7,442.76,450.89,461.73,469.1,471.96,471.78,470.44,469.19,468.5,
691.54,513.04,323.91,168.28,81.8,83.44,171.4,323.82,504.23,670.23,783.47,818.47,
1122.1,1075.14,1169.03,1140.19,1202.93,1189.03,1234.03,1230.82,1265.26,1269.26,1297.25,1305.96,
915.61,904.36,903.55,901.85,904.88,906.5,910.47,913.32,917.44,920.79,924.86,928.45,
607.06,614.12,621.18,628.24,635.29,642.35,649.41,656.47,663.53,670.59,677.65,684.71,
709.41,708.82,708.24,707.65,707.06,706.47,705.88,705.29,704.71,704.12,703.53,702.94,
791.76,813.53,835.29,857.06,878.82,900.59,922.35,944.12,965.88,987.65,1009.41,1031.18,
1022.35,1054.71,1087.06,1119.41,1151.76,1184.12,1216.47,1248.82,1281.18,1313.53,1345.88,1378.24,
833.53,867.06,900.59,934.12,967.65,1001.18,1034.71,1068.24,1101.76,1135.29,1168.82,1202.35,
1098.79,1203.79,1247.97,1315.83,1374.47,1436.7,1497.53,1558.91,1620.07,1681.32,1742.54,1803.76,
1119.48,1125.42,1208.68,1257.5,1321.66,1378.98,1439.35,1498.37,1557.98,1617.33,1676.8,1736.22,
742.21,919.8,822.01,999.6,901.82,1079.4,981.62,1159.2,1061.42,1239.01,1141.23,1318.81,
891.65,694.63,842.03,680.57,838.0,679.47,837.65,679.4,837.59,679.42,837.56,679.45,
795.56,795.56,795.56,795.56,795.56,795.56,795.56,795.56,795.56,795.56,795.56,795.56,
318.44,461.41,554.98,616.22,656.3,682.54,699.71,710.94,718.3,723.11,726.26,728.33,
0.0,0.0,0.0,0.0,0.0,0.0,0.0,0.0,0.0,0.0,0.0,0.0,
0.0,0.0,0.0,0.0,0.0,0.0,0.0,0.0,0.0,0.0,0.0,0.0,
29.41,0.0,0.0,0.0,0.0,0.0,0.0,0.0,0.0,0.0,0.0,0.0,
341.76,303.53,265.29,227.06,188.82,150.59,112.35,74.12,35.88,0.0,0.0,0.0,
631.18,612.35,593.53,574.71,555.88,537.06,518.24,499.41,480.59,461.76,442.94,424.12,
686.47,672.94,659.41,645.88,632.35,618.82,605.29,591.76,578.24,564.71,551.18,537.65,
663.53,667.06,670.59,674.12,677.65,681.18,684.71,688.24,691.76,695.29,698.82,702.35,
741.76,743.53,745.29,747.06,748.82,750.59,752.35,754.12,755.88,757.65,759.41,761.18,
653.53,647.06,640.59,634.12,627.65,621.18,614.71,608.24,601.76,595.29,588.82,582.35,
513.53,487.06,460.59,434.12,407.65,381.18,354.71,328.24,301.76,275.29,248.82,222.35,
315.51,238.51,220.27,265.7,360.52,478.09,586.3,656.49,670.94,627.35,538.99,430.74,
498.27,485.1,476.61,474.21,477.95,486.63,498.13,509.9,519.52,525.17,525.99,522.15,
415.36,366.76,344.98,353.94,390.08,443.56,500.9,548.33,575.05,575.69,551.33,508.89,
513.59,515.97,510.08,506.86,505.11,504.15,503.63,503.35,503.19,503.11,503.06,503.03,
454.32,448.49,461.01,485.18,512.14,533.95,545.76,546.68,539.26,528.03,517.77,512.03,
797.43,817.58,837.72,857.87,878.01,898.16,918.31,938.45,958.6,978.75,998.89,1019.04,
1443.87,1586.55,1651.15,1715.74,1780.34,1844.93,1909.53,1974.12,2038.72,2103.31,2167.91,2232.5,
792.35,834.71,877.06,919.41,961.76,1004.12,1046.47,1088.82,1131.18,1173.53,1215.88,1258.24,
1100.0,1160.0,1220.0,1280.0,1340.0,1400.0,1460.0,1520.0,1580.0,1640.0,1700.0,1760.0,
1150.0,1210.0,1270.0,1330.0,1390.0,1450.0,1510.0,1570.0,1630.0,1690.0,1750.0,1810.0,
1205.88,1251.76,1297.65,1343.53,1389.41,1435.29,1481.18,1527.06,1572.94,1618.82,1664.71,1710.59,
798.24,806.47,814.71,822.94,831.18,839.41,847.65,855.88,864.12,872.35,880.59,888.82,
445.61,533.76,587.12,619.42,638.98,650.81,657.98,662.32,664.95,666.54,667.5,668.08,
318.36,413.24,478.31,522.93,553.53,574.51,588.91,598.77,605.54,610.18,613.37,615.55,
164.81,260.21,333.13,388.87,431.47,464.04,488.93,507.96,522.5,533.62,542.12,548.61,
129.9,209.41,272.69,323.05,363.14,395.04,420.43,440.64,456.72,469.52,479.71,487.81,
0.0,0.0,0.0,0.0,0.0,0.0,0.0,0.0,0.0,0.0,0.0,0.0,
132.94,115.88,98.82,81.76,64.71,47.65,30.59,13.53,0.0,0.0,0.0,0.0,
427.65,425.29,422.94,420.59,418.24,415.88,413.53,411.18,408.82,406.47,404.12,401.76,
691.76,703.53,715.29,727.06,738.82,750.59,762.35,774.12,785.88,797.65,809.41,821.18,
763.53,777.06,790.59,804.12,817.65,831.18,844.71,858.24,871.76,885.29,898.82,912.35,
1062.35,1094.71,1127.06,1159.41,1191.76,1224.12,1256.47,1288.82,1321.18,1353.53,1385.88,1418.24,
884.79,841.01,806.29,778.75,756.92,739.61,725.88,714.99,706.35,699.51,694.08,689.77,
462.85,437.79,476.03,534.32,587.47,624.98,645.85,653.73,653.59,649.74,645.1,641.26,
321.59,169.53,82.25,104.24,220.02,399.24,593.13,751.13,833.07,819.6,716.62,553.14,
130.41,48.08,92.38,232.78,435.04,642.03,798.89,864.52,823.33,688.55,498.17,304.26,
230.45,145.84,140.65,215.16,351.28,516.87,673.36,784.75,825.82,787.9,680.66,529.63,
685.94,668.4,627.01,609.17,601.47,598.15,596.72,596.1,595.83,595.72,595.67,595.65,
313.53,287.06,260.59,234.12,207.65,181.18,154.71,128.24,101.76,75.29,48.82,22.35,
914.12,948.24,982.35,1016.47,1050.59,1084.71,1118.82,1152.94,1187.06,1221.18,1255.29,1289.41,
1207.06,1264.12,1321.18,1378.24,1435.29,1492.35,1549.41,1606.47,1663.53,1720.59,1777.65,1834.71,
929.41,978.82,1028.24,1077.65,1127.06,1176.47,1225.88,1275.29,1324.71,1374.12,1423.53,1472.94,
1057.06,1114.12,1171.18,1228.24,1285.29,1342.35,1399.41,1456.47,1513.53,1570.59,1627.65,1684.71,
1037.06,1094.12,1151.18,1208.24,1265.29,1322.35,1379.41,1436.47,1493.53,1550.59,1607.65,1664.71,
727.65,692.27,692.27,692.27,692.27,692.27,692.27,692.27,692.27,692.27,692.27,692.27,
746.15,729.56,729.56,729.56,729.56,729.56,729.56,729.56,729.56,729.56,729.56,729.56,
450.66,719.11,719.11,719.11,719.11,719.11,719.11,719.11,719.11,719.11,719.11,719.11,
552.36,702.83,702.83,702.83,702.83,702.83,702.83,702.83,702.83,702.83,702.83,702.83,
228.63,358.31,447.45,508.72,550.85,579.8,599.71,613.39,622.8,629.27,633.71,636.77,
176.57,289.66,371.35,430.36,472.98,503.77,526.01,542.08,553.68,562.06,568.12,572.49,
0.0,0.0,0.0,0.0,0.0,0.0,0.0,0.0,0.0,0.0,0.0,0.0,
304.71,289.41,274.12,258.82,243.53,228.24,212.94,197.65,182.35,167.06,151.76,136.47,
608.82,627.65,646.47,665.29,684.12,702.94,721.76,740.59,759.41,778.24,797.06,815.88,
840.59,851.18,861.76,872.35,882.94,893.53,904.12,914.71,925.29,935.88,946.47,957.06,
971.76,993.53,1015.29,1037.06,1058.82,1080.59,1102.35,1124.12,1145.88,1167.65,1189.41,1211.18,
845.34,747.08,619.05,477.47,355.84,278.25,259.14,299.65,388.32,504.01,620.95,714.3,
649.18,559.99,556.6,540.76,526.72,512.42,498.16,483.89,469.63,455.36,441.1,426.83,
657.74,638.37,591.75,582.46,572.75,584.14,597.69,618.15,635.44,650.1,658.12,660.65,
372.23,205.05,110.19,110.29,204.82,370.36,566.34,745.04,863.17,892.39,826.05,680.78,
260.47,144.35,112.92,173.01,310.1,491.81,675.54,818.48,887.55,867.08,762.35,598.24,
540.49,562.91,581.33,591.28,591.04,581.85,567.19,551.63,539.44,533.51,534.71,541.91,
568.21,545.73,558.92,546.28,549.08,542.17,543.1,541.18,543.35,544.53,547.11,548.57,
578.44,567.23,543.79,512.72,476.91,438.14,397.54,355.78,313.32,270.41,227.22,183.86,
1460.12,1521.22,1582.32,1643.42,1704.53,1765.63,1826.73,1887.83,1948.93,2010.04,2071.14,2132.24,
1056.47,1102.94,1149.41,1195.88,1242.35,1288.82,1335.29,1381.76,1428.24,1474.71,1521.18,1567.65,
908.24,956.47,1004.71,1052.94,1101.18,1149.41,1197.65,1245.88,1294.12,1342.35,1390.59,1438.82,
792.94,835.88,878.82,921.76,964.71,1007.65,1050.59,1093.53,1136.47,1179.41,1222.35,1265.29,
775.03,714.71,680.34,660.76,649.61,643.25,639.63,637.57,636.39,635.72,635.34,635.12,
775.92,722.32,722.32,722.32,722.32,722.32,722.32,722.32,722.32,722.32,722.32,722.32,
769.93,754.97,754.97,754.97,754.97,754.97,754.97,754.97,754.97,754.97,754.97,754.97,
677.48,758.69,758.69,758.69,758.69,758.69,758.69,758.69,758.69,758.69,758.69,758.69,
291.45,705.57,705.57,705.57,705.57,705.57,705.57,705.57,705.57,705.57,705.57,705.57,
489.86,672.35,672.35,672.35,672.35,672.35,672.35,672.35,672.35,672.35,672.35,672.35,
74.12,38.24,2.35,0.0,0.0,0.0,0.0,0.0,0.0,0.0,0.0,0.0,
30.59,0.0,0.0,0.0,0.0,0.0,0.0,0.0,0.0,0.0,0.0,0.0,
270.0,250.0,230.0,210.0,190.0,170.0,150.0,130.0,110.0,90.0,70.0,50.0,
384.12,378.24,372.35,366.47,360.59,354.71,348.82,342.94,337.06,331.18,325.29,319.41,
950.59,971.18,991.76,1012.35,1032.94,1053.53,1074.12,1094.71,1115.29,1135.88,1156.47,1177.06,
593.53,597.06,600.59,604.12,607.65,611.18,614.71,618.24,621.76,625.29,628.82,632.35,
1057.06,1084.12,1111.18,1138.24,1165.29,1192.35,1219.41,1246.47,1273.53,1300.59,1327.65,1354.71,
803.53,787.06,770.59,754.12,737.65,721.18,704.71,688.24,671.76,655.29,638.82,622.35,
634.44,637.53,639.68,641.17,642.21,642.94,643.44,643.79,644.04,644.21,644.32,644.41,
658.81,644.65,635.18,628.86,624.63,621.81,619.92,618.66,617.81,617.25,616.87,616.62,
514.29,519.68,527.41,534.38,538.15,537.77,533.88,528.35,523.38,520.72,521.04,523.84,
620.07,607.25,599.0,593.69,590.28,588.08,586.67,585.76,585.18,584.8,584.56,584.4,
511.18,530.96,543.52,551.49,556.54,559.75,561.78,563.08,563.9,564.42,564.75,564.95,
602.62,590.72,565.33,538.1,517.47,507.25,507.06,513.73,523.13,531.68,537.19,539.04,
744.8,788.22,791.97,811.68,824.97,840.84,855.68,870.93,886.01,901.16,916.29,931.42,
821.6,837.81,889.19,924.16,966.79,1005.85,1046.57,1086.51,1126.82,1166.96,1207.18,1247.36,
911.64,997.85,1028.99,1086.6,1131.48,1182.48,1230.55,1280.02,1328.82,1377.94,1426.91,1475.95,
1057.07,1114.87,1167.65,1222.78,1276.81,1331.35,1385.66,1440.07,1494.44,1548.82,1603.2,1657.58,
928.19,901.87,975.97,1003.07,1052.17,1090.97,1134.59,1175.95,1218.37,1260.29,1302.45,1344.5,
993.26,1150.51,1128.86,1206.0,1228.59,1281.29,1317.37,1362.63,1402.82,1445.81,1487.25,1529.55,
735.0,735.0,735.0,735.0,735.0,735.0,735.0,735.0,735.0,735.0,735.0,735.0,
751.67,751.67,751.67,751.67,751.67,751.67,751.67,751.67,751.67,751.67,751.67,751.67,
708.33,708.33,708.33,708.33,708.33,708.33,708.33,708.33,708.33,708.33,708.33,708.33,
436.07,568.37,627.48,653.9,665.7,670.98,673.33,674.39,674.86,675.07,675.16,675.2,
247.61,371.86,449.97,499.08,529.96,549.37,561.57,569.25,574.07,577.1,579.01,580.21,
0.0,0.0,0.0,0.0,0.0,0.0,0.0,0.0,0.0,0.0,0.0,0.0,
27.27,35.01,0.0,0.0,0.0,0.0,0.0,0.0,0.0,0.0,0.0,0.0,
165.53,194.09,145.3,138.34,108.76,91.41,67.44,47.06,24.74,3.46,0.0,0.0,
533.71,559.25,540.09,427.9,262.22,84.92,0.0,0.0,0.0,0.0,0.0,0.0,
658.15,762.23,680.85,586.35,436.69,231.33,96.49,0.0,0.0,0.0,0.0,39.56,
1230.45,1709.13,1799.27,2033.44,2108.57,2243.27,2312.85,2407.08,2474.64,2552.39,2619.23,2690.28,
1143.8,1034.4,952.54,891.29,845.46,811.17,785.51,766.3,751.94,741.19,733.14,727.12,
1371.64,1259.91,1169.69,1096.82,1037.99,990.47,952.1,921.12,896.1,875.89,859.57,846.4,
914.26,865.55,829.44,802.68,782.85,768.15,757.26,749.19,743.21,738.77,735.49,733.05,
492.46,622.66,531.47,559.0,522.87,520.88,500.58,490.09,474.35,461.42,446.98,433.36,
845.88,851.76,857.65,863.53,869.41,875.29,881.18,887.06,892.94,898.82,904.71,910.59,
969.41,958.82,948.24,937.65,927.06,916.47,905.88,895.29,884.71,874.12,863.53,852.94,
680.59,691.18,701.76,712.35,722.94,733.53,744.12,754.71,765.29,775.88,786.47,797.06,
658.24,656.47,654.71,652.94,651.18,649.41,647.65,645.88,644.12,642.35,640.59,638.82,
785.29,820.59,855.88,891.18,926.47,961.76,997.06,1032.35,1067.65,1102.94,1138.24,1173.53,
616.47,642.94,669.41,695.88,722.35,748.82,775.29,801.76,828.24,854.71,881.18,907.65,
950.0,1000.0,1050.0,1100.0,1150.0,1200.0,1250.0,1300.0,1350.0,1400.0,1450.0,1500.0,
738.82,777.65,816.47,855.29,894.12,932.94,971.76,1010.59,1049.41,1088.24,1127.06,1165.88,
575.07,594.16,608.71,619.79,628.23,634.66,639.56,643.29,646.13,648.3,649.95,651.2,
552.5,596.63,627.77,649.76,665.28,676.24,683.97,689.43,693.28,696.0,697.92,699.28,
410.59,411.18,411.76,412.35,412.94,413.53,414.12,414.71,415.29,415.88,416.47,417.06,
460.59,451.18,441.76,432.35,422.94,413.53,404.12,394.71,385.29,375.88,366.47,357.06,
296.97,246.23,195.49,144.75,94.01,43.27,0.0,0.0,0.0,0.0,0.0,0.0,
187.48,131.07,74.65,18.24,0.0,0.0,0.0,0.0,0.0,0.0,0.0,0.0,
106.7,49.14,0.0,0.0,0.0,0.0,0.0,0.0,0.0,0.0,0.0,0.0,
14.77,0.0,0.0,0.0,0.0,0.0,0.0,0.0,0.0,0.0,0.0,0.0,
0.0,0.0,0.0,0.0,0.0,0.0,0.0,0.0,0.0,0.0,0.0,0.0,
9.31,0.0,0.0,0.0,0.0,0.0,0.0,0.0,0.0,0.0,0.0,0.0,
514.12,488.24,462.35,436.47,410.59,384.71,358.82,332.94,307.06,281.18,255.29,229.41,
977.06,994.12,1011.18,1028.24,1045.29,1062.35,1079.41,1096.47,1113.53,1130.59,1147.65,1164.71,
1134.86,961.08,583.98,583.98,583.98,583.98,583.98,583.98,583.98,583.98,583.98,583.98,
559.64,389.69,365.91,414.71,477.04,522.11,542.91,545.4,538.98,531.06,525.43,522.88,
873.42,813.82,767.43,731.33,703.23,681.36,664.34,651.09,640.78,632.76,626.51,621.65,
995.29,1000.59,1005.88,1011.18,1016.47,1021.76,1027.06,1032.35,1037.65,1042.94,1048.24,1053.53,
1123.53,1147.06,1170.59,1194.12,1217.65,1241.18,1264.71,1288.24,1311.76,1335.29,1358.82,1382.35,
782.94,795.88,808.82,821.76,834.71,847.65,860.59,873.53,886.47,899.41,912.35,925.29,
850.0,870.0,890.0,910.0,930.0,950.0,970.0,990.0,1010.0,1030.0,1050.0,1070.0,
590.0,600.0,610.0,620.0,630.0,640.0,650.0,660.0,670.0,680.0,690.0,700.0,
681.76,693.53,705.29,717.06,728.82,740.59,752.35,764.12,775.88,787.65,799.41,811.18,
521.76,533.53,545.29,557.06,568.82,580.59,592.35,604.12,615.88,627.65,639.41,651.18,
692.94,725.88,758.82,791.76,824.71,857.65,890.59,923.53,956.47,989.41,1022.35,1055.29,
728.82,767.65,806.47,845.29,884.12,922.94,961.76,1000.59,1039.41,1078.24,1117.06,1155.88,
456.84,484.87,506.18,522.4,534.73,544.11,551.25,556.68,560.81,563.95,566.34,568.16,
525.1,550.33,568.45,581.47,590.83,597.56,602.39,605.86,608.36,610.15,611.44,612.36,
691.58,698.33,702.27,704.57,705.91,706.69,707.15,707.41,707.57,707.66,707.71,707.74,
465.18,434.43,403.68,372.93,342.18,311.43,280.68,249.93,219.18,188.43,157.68,126.93,
334.65,291.42,248.19,204.96,161.73,118.49,75.26,32.03,0.0,0.0,0.0,0.0,
205.52,154.09,102.66,51.23,0.0,0.0,0.0,0.0,0.0,0.0,0.0,0.0,
152.8,103.79,54.79,5.79,0.0,0.0,0.0,0.0,0.0,0.0,0.0,0.0,
63.15,9.85,0.0,0.0,0.0,0.0,0.0,0.0,0.0,0.0,0.0,0.0,
0.0,0.0,0.0,0.0,0.0,0.0,0.0,0.0,0.0,0.0,0.0,0.0,
27.59,0.0,0.0,0.0,0.0,0.0,0.0,0.0,0.0,0.0,0.0,0.0,
367.65,345.29,322.94,300.59,278.24,255.88,233.53,211.18,188.82,166.47,144.12,121.76,
1041.76,1053.53,1065.29,1077.06,1088.82,1100.59,1112.35,1124.12,1135.88,1147.65,1159.41,1171.18,
1008.01,913.25,839.64,782.45,738.03,703.52,676.71,655.88,639.7,627.14,617.37,609.79,
1087.77,1011.69,948.95,897.2,854.52,819.31,790.28,766.33,746.58,730.29,716.85,705.77,
793.49,742.07,702.33,671.6,647.84,629.48,615.28,604.3,595.82,589.26,584.19,580.27,
787.06,794.12,801.18,808.24,815.29,822.35,829.41,836.47,843.53,850.59,857.65,864.71,
277.06,254.12,231.18,208.24,185.29,162.35,139.41,116.47,93.53,70.59,47.65,24.71,
462.35,464.71,467.06,469.41,471.76,474.12,476.47,478.82,481.18,483.53,485.88,488.24,
521.76,523.53,525.29,527.06,528.82,530.59,532.35,534.12,535.88,537.65,539.41,541.18,
627.06,624.12,621.18,618.24,615.29,612.35,609.41,606.47,603.53,600.59,597.65,594.71,
648.24,656.47,664.71,672.94,681.18,689.41,697.65,705.88,714.12,722.35,730.59,738.82,
871.18,902.35,933.53,964.71,995.88,1027.06,1058.24,1089.41,1120.59,1151.76,1182.94,1214.12,
1014.12,1068.24,1122.35,1176.47,1230.59,1284.71,1338.82,1392.94,1447.06,1501.18,1555.29,1609.41,
823.53,867.06,910.59,954.12,997.65,1041.18,1084.71,1128.24,1171.76,1215.29,1258.82,1302.35,
552.14,458.59,450.96,529.6,659.21,784.61,854.17,840.98,753.21,629.53,522.18,474.95,
622.9,660.91,730.47,795.64,824.27,803.75,746.44,682.41,643.75,648.55,692.49,752.04,
483.71,530.39,690.92,690.92,690.92,690.92,690.92,690.92,690.92,690.92,690.92,690.92,
514.97,833.8,1071.65,1109.46,932.06,633.79,368.45,270.02,385.11,651.02,929.78,1079.67,
0.0,0.0,0.0,0.0,0.0,0.0,0.0,0.0,0.0,0.0,0.0,0.0,
0.0,0.0,0.0,0.0,0.0,0.0,0.0,0.0,0.0,0.0,0.0,0.0,
0.0,0.0,0.0,0.0,0.0,0.0,0.0,0.0,0.0,0.0,0.0,0.0,
362.35,334.71,307.06,279.41,251.76,224.12,196.47,168.82,141.18,113.53,85.88,58.24,
642.35,634.71,627.06,619.41,611.76,604.12,596.47,588.82,581.18,573.53,565.88,558.24,
1014.4,1049.63,973.38,794.33,561.33,327.93,148.7,63.19,88.56,215.76,412.55,631.5,
869.26,831.28,732.13,596.28,454.27,335.88,264.06,250.57,294.36,382.58,494.04,604.14,
916.69,786.24,601.57,409.74,251.03,157.81,146.74,216.21,347.52,509.71,666.73,785.4,
615.69,332.65,283.99,174.15,220.93,289.71,435.64,572.93,695.57,754.75,748.76,674.29,
266.57,213.97,105.79,191.3,300.07,492.63,652.77,774.95,800.44,740.96,604.84,439.42,
273.93,187.16,177.73,252.97,386.56,543.33,679.79,760.83,766.17,696.78,573.2,429.94,
472.15,531.76,583.97,612.05,612.39,592.34,564.57,541.12,529.24,530.08,539.93,552.82,
568.41,627.18,631.34,591.14,534.88,491.88,478.86,495.1,526.65,555.65,569.41,565.02,
582.76,567.66,525.29,476.28,440.75,430.57,445.93,477.0,509.3,530.04,532.84,519.29,
491.38,407.73,373.48,392.38,448.17,514.02,564.19,583.16,569.53,534.01,493.41,463.4,
582.94,585.88,588.82,591.76,594.71,597.65,600.59,603.53,606.47,609.41,612.35,615.29,
871.76,913.53,955.29,997.06,1038.82,1080.59,1122.35,1164.12,1205.88,1247.65,1289.41,1331.18,
739.41,778.82,818.24,857.65,897.06,936.47,975.88,1015.29,1054.71,1094.12,1133.53,1172.94,
409.7,355.42,379.9,480.02,590.67,671.3,686.3,641.87,562.71,488.9,450.11,458.76,
729.07,670.69,633.19,609.11,593.65,583.72,577.35,573.25,570.63,568.94,567.85,567.16,
902.99,801.38,743.06,709.57,690.35,679.32,672.99,669.35,667.26,666.07,665.38,664.98,
803.74,755.2,727.88,712.51,703.86,698.99,696.25,694.7,693.84,693.35,693.07,692.92,
558.87,672.17,672.17,672.17,672.17,672.17,672.17,672.17,672.17,672.17,672.17,672.17,
396.66,620.12,620.12,620.12,620.12,620.12,620.12,620.12,620.12,620.12,620.12,620.12,
328.37,660.24,848.77,832.84,694.54,559.52,506.82,538.54,605.83,656.08,665.48,642.96,
54.51,203.87,300.13,362.17,402.15,427.91,444.52,455.22,462.11,466.56,469.42,471.27,
183.1,284.83,352.65,397.86,428.01,448.1,461.49,470.42,476.38,480.35,482.99,484.76,
462.64,460.8,458.97,457.13,455.29,453.46,451.62,449.78,447.94,446.11,444.27,442.43,
614.56,626.76,638.96,651.16,663.35,675.55,687.75,699.95,712.14,724.34,736.54,748.74,
676.93,685.02,693.11,701.2,709.29,717.39,725.48,733.57,741.66,749.76,757.85,765.94,
1037.57,884.98,784.29,717.84,673.99,645.05,625.95,613.35,605.04,599.55,595.93,593.54,
387.72,345.14,513.72,541.17,545.65,546.37,546.49,546.51,546.51,546.51,546.51,546.51,
688.91,568.25,471.86,415.05,399.3,416.01,451.56,491.99,526.37,548.44,556.73,553.41,
535.89,556.29,568.78,576.43,581.11,583.98,585.73,586.81,587.46,587.87,588.11,588.26,
493.21,522.33,539.78,550.24,556.5,560.26,562.51,563.86,564.67,565.16,565.45,565.62,
234.44,169.81,200.23,309.86,459.78,601.45,692.23,707.91,648.9,538.37,413.6,313.64,
294.87,287.56,335.56,420.82,516.17,593.71,632.82,625.44,577.37,505.5,432.14,378.25,
569.82,556.38,533.97,508.93,487.86,475.93,475.63,486.31,504.53,525.12,542.65,552.79,
691.72,675.25,620.07,545.6,474.79,427.28,414.14,435.66,482.29,538.38,587.15,615.55,
667.95,668.43,668.92,669.4,669.88,670.36,670.84,671.32,671.8,672.28,672.76,673.24,
425.87,435.79,445.71,455.63,465.54,475.46,485.38,495.3,505.22,515.14,525.05,534.97,
778.82,817.65,856.47,895.29,934.12,972.94,1011.76,1050.59,1089.41,1128.24,1167.06,1205.88,
930.0,980.0,1030.0,1080.0,1130.0,1180.0,1230.0,1280.0,1330.0,1380.0,1430.0,1480.0,
868.26,709.63,569.57,491.2,477.26,505.98,549.15,585.08,603.75,605.56,596.89,585.24,
1221.18,1272.35,1323.53,1374.71,1425.88,1477.06,1528.24,1579.41,1630.59,1681.76,1732.94,1784.12,
422.64,659.61,659.61,659.61,659.61,659.61,659.61,659.61,659.61,659.61,659.61,659.61,
632.36,663.4,663.4,663.4,663.4,663.4,663.4,663.4,663.4,663.4,663.4,663.4,
486.82,650.93,650.93,650.93,650.93,650.93,650.93,650.93,650.93,650.93,650.93,650.93,
302.62,609.35,609.35,609.35,609.35,609.35,609.35,609.35,609.35,609.35,609.35,609.35,
343.43,558.5,558.5,558.5,558.5,558.5,558.5,558.5,558.5,558.5,558.5,558.5,
133.43,213.12,274.51,321.81,358.25,386.32,407.95,424.62,437.46,447.35,454.97,460.84,
182.35,164.71,147.06,129.41,111.76,94.12,76.47,58.82,41.18,23.53,5.88,0.0,
591.76,603.53,615.29,627.06,638.82,650.59,662.35,674.12,685.88,697.65,709.41,721.18,
751.76,773.53,795.29,817.06,838.82,860.59,882.35,904.12,925.88,947.65,969.41,991.18,
979.14,739.82,650.65,617.43,605.05,600.44,598.72,598.08,597.84,597.75,597.72,597.71,
746.6,658.86,626.01,613.72,609.11,607.39,606.75,606.5,606.41,606.38,606.37,606.36,
755.24,671.81,639.13,626.33,621.31,619.35,618.58,618.28,618.16,618.11,618.09,618.09,
440.21,518.36,551.93,566.34,572.53,575.19,576.33,576.83,577.04,577.13,577.17,577.18,
460.16,524.21,551.47,563.08,568.02,570.12,571.02,571.4,571.56,571.63,571.66,571.68,
611.54,613.51,614.4,614.8,614.98,615.06,615.1,615.11,615.12,615.12,615.12,615.12,
227.48,398.29,471.62,503.11,516.62,522.42,524.92,525.98,526.44,526.64,526.73,526.76,
379.05,399.61,457.08,534.63,610.28,663.07,678.88,654.17,596.74,523.3,454.6,409.6,
713.07,696.48,638.38,556.16,485.51,441.3,432.88,453.29,490.75,529.72,558.58,570.83,
760.59,781.18,801.76,822.35,842.94,863.53,884.12,904.71,925.29,945.88,966.47,987.06,
991.68,1036.59,1066.22,1089.47,1110.08,1129.58,1148.63,1167.48,1186.26,1205.0,1223.73,1242.45,
1202.37,1149.63,1029.42,888.56,778.37,739.16,788.54,916.98,1091.64,1267.01,1399.03,1458.16,
791.18,832.35,873.53,914.71,955.88,997.06,1038.24,1079.41,1120.59,1161.76,1202.94,1244.12,
1004.12,1058.24,1112.35,1166.47,1220.59,1274.71,1328.82,1382.94,1437.06,1491.18,1545.29,1599.41,
764.94,730.07,708.0,694.02,685.17,679.56,676.01,673.77,672.35,671.44,670.87,670.51,
801.08,772.84,756.54,747.12,741.69,738.55,736.74,735.69,735.09,734.74,734.54,734.42,
670.78,694.58,708.47,716.58,721.31,724.07,725.68,726.62,727.17,727.49,727.68,727.79,
471.89,560.03,614.78,648.79,669.91,683.03,691.18,696.25,699.39,701.35,702.56,703.31,
247.35,354.55,432.53,489.26,530.53,560.56,582.4,598.29,609.85,618.26,624.37,628.82,
206.58,295.29,362.8,414.17,453.26,483.01,505.65,522.87,535.98,545.95,553.54,559.32,
73.53,47.06,20.59,0.0,0.0,0.0,0.0,0.0,0.0,0.0,0.0,0.0,
199.41,188.82,178.24,167.65,157.06,146.47,135.88,125.29,114.71,104.12,93.53,82.94,
391.76,383.53,375.29,367.06,358.82,350.59,342.35,334.12,325.88,317.65,309.41,301.18,
900.0,930.0,960.0,990.0,1020.0,1050.0,1080.0,1110.0,1140.0,1170.0,1200.0,1230.0,
804.71,819.41,834.12,848.82,863.53,878.24,892.94,907.65,922.35,937.06,951.76,966.47,
830.0,840.0,850.0,860.0,870.0,880.0,890.0,900.0,910.0,920.0,930.0,940.0,
835.29,840.59,845.88,851.18,856.47,861.76,867.06,872.35,877.65,882.94,888.24,893.53,
694.54,690.34,687.1,684.61,682.69,681.21,680.07,679.2,678.52,678.0,677.6,677.29,
526.75,556.08,579.5,598.2,613.13,625.04,634.55,642.15,648.21,653.05,656.91,660.0,
290.86,292.12,196.64,282.65,367.56,523.27,647.95,745.29,768.43,727.32,626.78,500.66,
580.36,490.59,421.15,385.13,386.87,422.32,480.71,547.47,607.67,649.24,665.2,654.67,
317.99,285.93,314.1,388.58,486.28,581.42,651.94,684.25,675.39,632.41,569.54,503.98,
328.99,349.19,409.08,501.6,598.78,676.95,717.14,711.27,663.11,586.9,503.19,433.38,
651.18,652.35,653.53,654.71,655.88,657.06,658.24,659.41,660.59,661.76,662.94,664.12,
520.59,531.18,541.76,552.35,562.94,573.53,584.12,594.71,605.29,615.88,626.47,637.06,
671.76,703.53,735.29,767.06,798.82,830.59,862.35,894.12,925.88,957.65,989.41,1021.18,
836.86,576.62,576.62,576.62,576.62,576.62,576.62,576.62,576.62,576.62,576.62,576.62,
584.05,594.42,594.42,594.42,594.42,594.42,594.42,594.42,594.42,594.42,594.42,594.42,
832.88,656.66,656.66,656.66,656.66,656.66,656.66,656.66,656.66,656.66,656.66,656.66,
689.84,672.17,672.17,672.17,672.17,672.17,672.17,672.17,672.17,672.17,672.17,672.17,
592.21,693.21,693.21,693.21,693.21,693.21,693.21,693.21,693.21,693.21,693.21,693.21,
385.64,648.5,648.5,648.5,648.5,648.5,648.5,648.5,648.5,648.5,648.5,648.5,
395.46,616.38,616.38,616.38,616.38,616.38,616.38,616.38,616.38,616.38,616.38,616.38,
320.94,577.02,577.02,577.02,577.02,577.02,577.02,577.02,577.02,577.02,577.02,577.02,
11.76,0.0,0.0,0.0,0.0,0.0,0.0,0.0,0.0,0.0,0.0,0.0,
331.18,322.35,313.53,304.71,295.88,287.06,278.24,269.41,260.59,251.76,242.94,234.12,
387.65,375.29,362.94,350.59,338.24,325.88,313.53,301.18,288.82,276.47,264.12,251.76,
743.53,747.06,750.59,754.12,757.65,761.18,764.71,768.24,771.76,775.29,778.82,782.35,
853.41,781.3,727.45,687.24,657.21,634.8,618.06,605.56,596.23,589.26,584.06,580.17,
776.95,723.45,684.27,655.57,634.55,619.16,607.88,599.63,593.58,589.15,585.91,583.53,
1071.65,993.71,931.96,883.02,844.24,813.52,789.17,769.87,754.59,742.47,732.87,725.26,
583.81,586.35,588.04,589.17,589.92,590.41,590.75,590.97,591.11,591.21,591.28,591.32,
624.42,620.69,618.2,616.54,615.43,614.69,614.19,613.86,613.64,613.5,613.4,613.33,
662.35,664.09,665.36,666.31,667.0,667.51,667.89,668.17,668.37,668.52,668.64,668.72,
892.11,945.91,820.04,643.91,643.91,643.91,643.91,643.91,643.91,643.91,643.91,643.91,
682.35,674.71,667.06,659.41,651.76,644.12,636.47,628.82,621.18,613.53,605.88,598.24,
735.88,731.76,727.65,723.53,719.41,715.29,711.18,707.06,702.94,698.82,694.71,690.59,
498.24,496.47,494.71,492.94,491.18,489.41,487.65,485.88,484.12,482.35,480.59,478.82,
596.47,612.94,629.41,645.88,662.35,678.82,695.29,711.76,728.24,744.71,761.18,777.65,
987.06,1034.12,1081.18,1128.24,1175.29,1222.35,1269.41,1316.47,1363.53,1410.59,1457.65,1504.71,
851.18,892.35,933.53,974.71,1015.88,1057.06,1098.24,1139.41,1180.59,1221.76,1262.94,1304.12,
590.02,605.99,614.48,619.0,621.4,622.68,623.36,623.73,623.92,624.02,624.08,624.1,
708.89,708.89,708.89,708.89,708.89,708.89,708.89,708.89,708.89,708.89,708.89,708.89,
736.11,736.11,736.11,736.11,736.11,736.11,736.11,736.11,736.11,736.11,736.11,736.11,
747.22,747.22,747.22,747.22,747.22,747.22,747.22,747.22,747.22,747.22,747.22,747.22,
736.67,736.67,736.67,736.67,736.67,736.67,736.67,736.67,736.67,736.67,736.67,736.67,
690.0,690.0,690.0,690.0,690.0,690.0,690.0,690.0,690.0,690.0,690.0,690.0,
37.06,0.0,0.0,0.0,0.0,0.0,0.0,0.0,0.0,0.0,0.0,0.0,
0.0,0.0,0.0,0.0,0.0,0.0,0.0,0.0,0.0,0.0,0.0,0.0,
58.24,26.47,0.0,0.0,0.0,0.0,0.0,0.0,0.0,0.0,0.0,0.0,
384.71,369.41,354.12,338.82,323.53,308.24,292.94,277.65,262.35,247.06,231.76,216.47,
1161.76,1183.53,1205.29,1227.06,1248.82,1270.59,1292.35,1314.12,1335.88,1357.65,1379.41,1401.18,
554.34,580.28,580.28,580.28,580.28,580.28,580.28,580.28,580.28,580.28,580.28,580.28,
1023.51,915.81,841.68,790.67,755.56,731.39,714.76,703.31,695.44,690.01,686.28,683.71,
789.23,735.03,698.66,674.25,657.87,646.87,639.5,634.55,631.22,628.99,627.5,626.49,
589.01,296.23,74.57,0.0,30.54,213.93,479.87,759.38,981.4,1090.85,1062.22,905.49,
808.59,779.49,759.04,744.66,734.56,727.46,722.47,718.96,716.5,714.76,713.54,712.69,
350.79,181.23,106.32,135.44,255.56,435.46,633.52,807.09,921.48,956.72,910.7,798.48,
679.71,665.84,656.35,649.86,645.42,642.39,640.31,638.89,637.92,637.26,636.8,636.49,
438.18,411.02,434.81,501.03,592.45,687.46,765.08,809.49,813.16,777.94,714.06,637.35,
734.71,729.41,724.12,718.82,713.53,708.24,702.94,697.65,692.35,687.06,681.76,676.47,
737.65,745.29,752.94,760.59,768.24,775.88,783.53,791.18,798.82,806.47,814.12,821.76,
740.59,751.18,761.76,772.35,782.94,793.53,804.12,814.71,825.29,835.88,846.47,857.06,
724.12,758.24,792.35,826.47,860.59,894.71,928.82,962.94,997.06,1031.18,1065.29,1099.41,
642.72,636.59,637.0,637.0,637.0,637.0,637.0,637.0,637.0,637.0,637.0,637.0,
658.64,678.17,674.46,674.46,674.46,674.46,674.46,674.46,674.46,674.46,674.46,674.46,
591.85,626.62,646.16,657.15,663.33,666.8,668.75,669.84,670.46,670.81,671.0,671.11,
526.37,542.76,516.07,520.31,502.34,500.32,486.85,481.59,470.44,463.53,453.57,445.79,
519.96,501.59,463.18,437.45,403.69,375.02,343.13,313.27,282.13,251.8,220.96,190.44,
483.28,404.91,396.21,369.6,306.51,319.93,242.75,241.41,201.64,153.1,155.16,82.81,
323.29,249.76,222.39,170.48,131.62,85.82,43.71,0.0,0.0,0.0,0.0,0.0,
107.65,65.29,22.94,0.0,0.0,0.0,0.0,0.0,0.0,0.0,0.0,0.0,
0.0,0.0,0.0,0.0,0.0,0.0,0.0,0.0,0.0,0.0,0.0,0.0,
0.0,0.0,0.0,0.0,0.0,0.0,0.0,0.0,0.0,0.0,0.0,0.0,
112.94,85.88,58.82,31.76,4.71,0.0,0.0,0.0,0.0,0.0,0.0,0.0,
308.24,286.47,264.71,242.94,221.18,199.41,177.65,155.88,134.12,112.35,90.59,68.82,
1067.81,1334.07,1554.26,1739.94,1899.78,2040.28,2166.29,2281.45,2388.49,2489.45,2585.86,2678.86,
1208.77,1146.71,1092.64,1045.53,1004.47,968.71,937.54,910.39,886.73,866.12,848.15,832.51,
703.27,350.75,157.05,155.1,291.63,472.83,613.42,668.45,639.95,562.91,481.92,430.58,
837.38,549.98,269.71,56.73,0.0,0.0,99.64,302.98,531.49,734.02,868.72,911.39,
938.26,931.34,933.44,938.82,945.4,952.41,959.58,966.81,974.05,981.31,988.56,995.82,
1098.54,1135.73,1168.82,1200.43,1231.51,1262.39,1293.21,1323.99,1354.78,1385.55,1416.33,1447.11,
725.18,694.74,683.37,678.68,676.34,674.81,673.57,672.44,671.33,670.24,669.16,668.08,
648.8,636.83,635.69,638.58,642.96,647.89,653.03,658.24,663.48,668.74,673.99,679.25,
491.49,464.51,449.73,439.68,431.45,423.93,416.68,409.54,402.44,395.36,388.28,381.21,
845.29,860.59,875.88,891.18,906.47,921.76,937.06,952.35,967.65,982.94,998.24,1013.53,
777.65,795.29,812.94,830.59,848.24,865.88,883.53,901.18,918.82,936.47,954.12,971.76,
659.41,678.82,698.24,717.65,737.06,756.47,775.88,795.29,814.71,834.12,853.53,872.94,
954.71,999.41,1044.12,1088.82,1133.53,1178.24,1222.94,1267.65,1312.35,1357.06,1401.76,1446.47,
845.29,890.59,935.88,981.18,1026.47,1071.76,1117.06,1162.35,1207.65,1252.94,1298.24,1343.53,
869.82,829.9,798.16,772.9,752.81,736.84,724.13,714.02,705.97,699.58,694.49,690.44,
750.28,743.64,739.11,736.02,733.91,732.47,731.48,730.81,730.35,730.04,729.83,729.68,
711.48,804.57,804.57,804.57,804.57,804.57,804.57,804.57,804.57,804.57,804.57,804.57,
563.89,537.18,510.46,483.75,457.03,430.32,403.6,376.89,350.18,323.46,296.75,270.03,
94.12,28.24,0.0,0.0,0.0,0.0,0.0,0.0,0.0,0.0,0.0,0.0,
0.0,0.0,0.0,0.0,0.0,0.0,0.0,0.0,0.0,0.0,0.0,0.0,
0.0,0.0,0.0,0.0,0.0,0.0,0.0,0.0,0.0,0.0,0.0,0.0,
271.18,232.35,193.53,154.71,115.88,77.06,38.24,0.0,0.0,0.0,0.0,0.0,
552.35,524.71,497.06,469.41,441.76,414.12,386.47,358.82,331.18,303.53,275.88,248.24,
947.65,955.29,962.94,970.59,978.24,985.88,993.53,1001.18,1008.82,1016.47,1024.12,1031.76,
700.59,701.18,701.76,702.35,702.94,703.53,704.12,704.71,705.29,705.88,706.47,707.06,
876.16,814.1,768.16,734.16,708.99,690.36,676.57,666.36,658.8,653.21,649.07,646.01,
582.54,498.09,476.28,511.19,577.46,643.89,686.14,694.11,672.5,635.77,600.72,579.8,
631.89,601.33,581.18,575.32,581.96,595.73,610.3,620.72,624.68,622.54,616.58,609.72,
280.14,137.4,99.44,176.84,347.99,565.1,767.57,898.86,922.34,831.46,651.58,432.94,
544.39,569.24,596.89,618.12,627.31,623.59,610.32,593.29,578.53,570.31,570.12,576.67,
580.0,594.09,595.49,585.56,569.47,553.82,544.11,542.91,549.42,560.19,570.8,577.49,
587.97,593.98,598.5,601.91,604.48,606.41,607.87,608.96,609.79,610.41,610.88,611.23,
749.41,748.82,748.24,747.65,747.06,746.47,745.88,745.29,744.71,744.12,743.53,742.94,
803.53,817.06,830.59,844.12,857.65,871.18,884.71,898.24,911.76,925.29,938.82,952.35,
1039.41,1078.82,1118.24,1157.65,1197.06,1236.47,1275.88,1315.29,1354.71,1394.12,1433.53,1472.94,
816.47,852.94,889.41,925.88,962.35,998.82,1035.29,1071.76,1108.24,1144.71,1181.18,1217.65,
1267.65,1335.29,1402.94,1470.59,1538.24,1605.88,1673.53,1741.18,1808.82,1876.47,1944.12,2011.76,
1160.76,864.77,1103.24,902.83,1094.33,986.62,1156.78,1110.02,1247.13,1217.78,1306.51,1271.98,
982.09,1111.2,1090.72,1160.83,1176.07,1224.55,1252.9,1293.43,1326.59,1364.22,1399.14,1435.7,
972.23,632.85,928.87,637.61,898.45,647.09,875.83,658.16,858.2,669.31,843.94,679.8,
776.11,776.11,776.11,776.11,776.11,776.11,776.11,776.11,776.11,776.11,776.11,776.11,
528.24,631.77,678.73,700.03,709.69,714.07,716.06,716.96,717.37,717.56,717.64,717.68,
266.43,403.02,493.4,553.21,592.78,618.97,636.29,647.76,655.35,660.37,663.69,665.89,
0.0,0.0,0.0,0.0,0.0,0.0,0.0,0.0,0.0,0.0,0.0,0.0,
0.0,57.21,0.0,0.0,0.0,0.0,0.0,0.0,0.0,0.0,0.0,0.0,
186.73,294.23,274.8,255.38,235.95,216.52,197.1,177.67,158.24,138.82,119.39,99.96,
931.24,1198.99,1219.38,1239.78,1260.17,1280.57,1300.96,1321.36,1341.75,1362.14,1382.54,1402.93,
1132.14,1098.22,1122.33,1146.44,1170.55,1194.66,1218.77,1242.88,1266.98,1291.09,1315.2,1339.31,
751.37,534.56,638.96,600.27,625.32,621.98,631.28,634.96,641.14,646.2,651.76,657.1,
632.7,812.12,724.71,770.54,749.83,762.36,758.28,762.5,762.57,764.72,765.83,767.46,
720.85,550.84,624.87,572.22,585.33,564.3,560.99,548.48,540.75,530.54,521.61,512.02,
598.64,604.73,621.39,628.5,631.54,632.83,633.38,633.62,633.72,633.76,633.78,633.79,
677.44,661.79,650.94,643.41,638.19,634.57,632.05,630.31,629.1,628.26,627.68,627.28,
520.39,551.05,574.32,591.99,605.41,615.59,623.32,629.19,633.64,637.03,639.59,641.54,
647.34,554.93,554.93,554.93,554.93,554.93,554.93,554.93,554.93,554.93,554.93,554.93,
658.15,611.8,618.62,622.36,624.41,625.54,626.16,626.5,626.68,626.79,626.84,626.87,
702.35,704.71,707.06,709.41,711.76,714.12,716.47,718.82,721.18,723.53,725.88,728.24,
621.76,633.53,645.29,657.06,668.82,680.59,692.35,704.12,715.88,727.65,739.41,751.18,
649.41,668.82,688.24,707.65,727.06,746.47,765.88,785.29,804.71,824.12,843.53,862.94,
843.53,887.06,930.59,974.12,1017.65,1061.18,1104.71,1148.24,1191.76,1235.29,1278.82,1322.35,
1205.88,1271.76,1337.65,1403.53,1469.41,1535.29,1601.18,1667.06,1732.94,1798.82,1864.71,1930.59,
1011.76,1063.53,1115.29,1167.06,1218.82,1270.59,1322.35,1374.12,1425.88,1477.65,1529.41,1581.18,
1129.43,1191.88,1231.05,1278.82,1323.41,1369.18,1414.51,1460.0,1505.43,1550.89,1596.33,1641.78,
1102.95,1074.2,1119.91,1123.52,1150.93,1164.89,1186.45,1203.71,1223.41,1241.73,1260.82,1279.48,
653.03,704.91,728.73,739.66,744.67,746.98,748.03,748.52,748.74,748.84,748.89,748.91,
496.77,588.34,638.61,666.21,681.36,689.68,694.25,696.76,698.14,698.89,699.31,699.53,
356.9,469.03,540.1,585.16,613.72,631.82,643.29,650.57,655.18,658.1,659.95,661.13,
177.54,267.29,335.83,388.16,428.12,458.64,481.94,499.74,513.33,523.7,531.63,537.68,
22.94,0.0,0.0,0.0,0.0,0.0,0.0,0.0,0.0,0.0,0.0,0.0,
297.65,275.29,252.94,230.59,208.24,185.88,163.53,141.18,118.82,96.47,74.12,51.76,
374.12,368.24,362.35,356.47,350.59,344.71,338.82,332.94,327.06,321.18,315.29,309.41,
763.53,767.06,770.59,774.12,777.65,781.18,784.71,788.24,791.76,795.29,798.82,802.35,
1117.32,1168.58,1130.47,990.7,790.31,565.93,364.02,222.09,165.92,203.1,323.1,499.54,
996.15,973.47,893.55,766.74,621.73,486.62,386.26,337.24,345.44,405.56,502.9,616.73,
656.99,481.98,339.94,323.55,313.62,388.88,522.12,628.04,731.59,788.09,773.09,721.26,
556.06,457.56,378.16,348.98,369.95,437.7,531.88,628.75,702.98,736.55,721.83,663.97,
426.48,277.49,305.85,272.05,326.25,506.55,639.98,737.24,820.03,806.36,709.85,589.21,
372.88,288.65,309.07,373.6,486.79,608.38,711.39,768.38,767.24,709.92,613.09,502.68,
689.04,801.35,662.97,640.01,538.77,524.13,505.33,539.17,570.17,610.79,631.75,640.24,
685.83,662.25,672.93,679.39,683.3,685.67,687.1,687.97,688.5,688.81,689.01,689.12,
654.68,631.45,630.65,630.2,629.96,629.82,629.75,629.7,629.68,629.67,629.66,629.66,
889.41,908.82,928.24,947.65,967.06,986.47,1005.88,1025.29,1044.71,1064.12,1083.53,1102.94,
679.41,698.82,718.24,737.65,757.06,776.47,795.88,815.29,834.71,854.12,873.53,892.94,
645.88,671.76,697.65,723.53,749.41,775.29,801.18,827.06,852.94,878.82,904.71,930.59,
674.12,708.24,742.35,776.47,810.59,844.71,878.82,912.94,947.06,981.18,1015.29,1049.41,
767.34,700.77,664.64,645.03,634.39,628.61,625.48,623.78,622.86,622.35,622.08,621.94,
686.67,686.67,686.67,686.67,686.67,686.67,686.67,686.67,686.67,686.67,686.67,686.67,
701.67,701.67,701.67,701.67,701.67,701.67,701.67,701.67,701.67,701.67,701.67,701.67,
726.67,726.67,726.67,726.67,726.67,726.67,726.67,726.67,726.67,726.67,726.67,726.67,
706.11,706.11,706.11,706.11,706.11,706.11,706.11,706.11,706.11,706.11,706.11,706.11,
658.33,658.33,658.33,658.33,658.33,658.33,658.33,658.33,658.33,658.33,658.33,658.33,
281.5,421.41,496.26,536.3,557.73,569.19,575.32,578.6,580.36,581.3,581.8,582.07,
8.88,0.0,0.0,0.0,0.0,0.0,0.0,0.0,0.0,0.0,0.0,0.0,
205.06,180.35,155.63,130.91,106.2,81.48,56.77,32.05,7.34,0.0,0.0,0.0,
557.65,565.29,572.94,580.59,588.24,595.88,603.53,611.18,618.82,626.47,634.12,641.76,
904.71,909.41,914.12,918.82,923.53,928.24,932.94,937.65,942.35,947.06,951.76,956.47,
647.69,577.63,577.63,577.63,577.63,577.63,577.63,577.63,577.63,577.63,577.63,577.63,
881.25,817.21,771.01,737.68,713.63,696.28,683.76,674.72,668.21,663.51,660.11,657.67,
819.36,781.89,754.17,733.67,718.5,707.28,698.98,692.83,688.29,684.93,682.44,680.6,
757.03,725.48,702.31,685.3,672.81,663.64,656.91,651.97,648.34,645.67,643.72,642.28,
527.17,546.35,559.89,569.46,576.21,580.98,584.35,586.73,588.41,589.59,590.43,591.02,
137.56,103.19,169.07,339.15,548.21,742.49,866.45,890.96,813.95,662.33,481.75,323.59,
488.11,644.76,769.09,814.76,767.99,651.29,513.0,407.48,373.8,421.45,528.12,649.86,
651.07,650.22,678.24,621.64,591.24,536.45,521.67,512.17,532.72,552.71,578.45,590.64,
582.6,631.06,541.68,541.68,541.68,541.68,541.68,541.68,541.68,541.68,541.68,541.68,
746.75,719.08,654.59,577.09,513.72,485.47,500.33,551.16,618.85,679.45,712.58,708.2,
750.0,770.0,790.0,810.0,830.0,850.0,870.0,890.0,910.0,930.0,950.0,970.0,
747.65,785.29,822.94,860.59,898.24,935.88,973.53,1011.18,1048.82,1086.47,1124.12,1161.76,
572.05,523.52,507.6,527.6,574.58,631.12,677.65,699.2,690.08,655.26,608.01,564.95,
880.63,918.08,680.17,592.27,451.1,475.31,517.1,641.65,728.36,794.19,784.49,737.63,
1023.57,730.2,697.66,697.66,697.66,697.66,697.66,697.66,697.66,697.66,697.66,697.66,
1110.92,964.19,751.93,611.88,599.04,681.0,783.0,842.4,839.59,795.45,747.23,722.85,
626.75,691.21,719.51,731.95,737.41,739.8,740.86,741.32,741.52,741.61,741.65,741.67,
567.23,705.09,705.09,705.09,705.09,705.09,705.09,705.09,705.09,705.09,705.09,705.09,
292.53,424.94,507.43,558.82,590.84,610.79,623.21,630.96,635.78,638.78,640.66,641.82,
301.81,406.7,474.69,518.77,547.34,565.86,577.87,585.65,590.7,593.97,596.09,597.46,
333.83,414.97,468.14,502.98,525.81,540.78,550.58,557.0,561.21,563.97,565.78,566.96,
373.79,423.5,456.98,479.53,494.73,504.96,511.86,516.5,519.63,521.74,523.16,524.11,
351.18,352.35,353.53,354.71,355.88,357.06,358.24,359.41,360.59,361.76,362.94,364.12,
785.88,801.76,817.65,833.53,849.41,865.29,881.18,897.06,912.94,928.82,944.71,960.59,
909.51,820.38,759.49,717.91,689.5,670.1,656.85,647.79,641.61,637.39,634.5,632.53,
900.52,831.46,783.5,750.21,727.09,711.04,699.9,692.16,686.79,683.06,680.47,678.67,
489.73,523.81,615.15,615.15,615.15,615.15,615.15,615.15,615.15,615.15,615.15,615.15,
630.46,630.76,630.95,631.08,631.16,631.22,631.26,631.28,631.29,631.3,631.31,631.32,
628.25,627.1,626.36,625.87,625.55,625.34,625.21,625.12,625.06,625.02,625.0,624.98,
229.37,166.28,207.29,336.65,514.6,689.4,812.31,851.12,798.41,672.67,512.05,362.86,
281.41,250.9,298.63,409.87,553.63,691.27,786.85,816.47,774.21,673.2,541.59,414.78,
600.83,561.81,568.75,568.75,568.75,568.75,568.75,568.75,568.75,568.75,568.75,568.75,
871.41,822.97,638.05,638.05,638.05,638.05,638.05,638.05,638.05,638.05,638.05,638.05,
755.29,770.59,785.88,801.18,816.47,831.76,847.06,862.35,877.65,892.94,908.24,923.53,
708.82,737.65,766.47,795.29,824.12,852.94,881.76,910.59,939.41,968.24,997.06,1025.88,
757.65,795.29,832.94,870.59,908.24,945.88,983.53,1021.18,1058.82,1096.47,1134.12,1171.76,
570.99,591.88,591.88,591.88,591.88,591.88,591.88,591.88,591.88,591.88,591.88,591.88,
669.91,616.83,616.83,616.83,616.83,616.83,616.83,616.83,616.83,616.83,616.83,616.83,
724.22,660.01,660.01,660.01,660.01,660.01,660.01,660.01,660.01,660.01,660.01,660.01,
676.3,627.61,668.3,681.88,681.88,681.88,681.88,681.88,681.88,681.88,681.88,681.88,
758.38,717.34,717.34,717.34,717.34,717.34,717.34,717.34,717.34,717.34,717.34,717.34,
498.17,693.24,693.24,693.24,693.24,693.24,693.24,693.24,693.24,693.24,693.24,693.24,
746.29,916.29,660.6,660.6,660.6,660.6,660.6,660.6,660.6,660.6,660.6,660.6,
269.59,546.38,699.52,714.26,656.56,595.38,564.78,564.58,578.69,592.06,598.05,597.44,
0.0,0.0,0.0,0.0,0.0,0.0,0.0,0.0,0.0,0.0,0.0,0.0,
68.82,37.65,6.47,0.0,0.0,0.0,0.0,0.0,0.0,0.0,0.0,0.0,
89.41,68.82,48.24,27.65,7.06,0.0,0.0,0.0,0.0,0.0,0.0,0.0,
244.71,229.41,214.12,198.82,183.53,168.24,152.94,137.65,122.35,107.06,91.76,76.47,
719.16,740.7,762.24,783.77,805.31,826.85,848.39,869.93,891.47,913.01,934.55,956.08,
