531.36,665.57,666.32,658.39,623.85,580.01,519.39,488.23,525.14,592.87,630.03,633.89
513.35,562.82,480.22,354.61,286.49,268.83,294.68,362.4,479.61,571.67,606.76,607.96
516.2,556.18,462.74,334.53,280.4,268.86,295.44,353.57,446.18,541.09,600.24,607.37
519.42,575.46,494.54,367.12,290.37,267.77,288.97,338.91,418.68,504.78,572.56,604.51
528.46,649.53,645.7,625.11,582.18,508.7,402.93,317.19,275.23,292.98,356.11,471.81
528.28,650.49,643.67,621.63,576.45,498.62,391.77,310.36,275.17,295.04,349.89,441.06
517.33,558.63,465.57,336.25,280.74,268.71,294.76,350.03,431.41,503.08,549.93,572.64
517.13,558.26,465.51,336.47,280.84,268.73,294.77,350.06,431.44,503.08,549.75,571.19
517.85,559.65,466.7,336.95,280.87,268.66,294.62,349.77,431.07,502.84,549.56,570.93
518.61,561.98,469.25,338.63,281.23,268.57,294.33,349.22,430.37,502.4,549.32,570.89
518.67,561.96,469.15,338.5,281.19,268.57,294.35,349.26,430.4,502.43,549.33,570.88
518.33,560.39,467.46,337.38,280.95,268.63,294.53,349.61,430.85,502.7,549.48,570.89
457.33,427.35,349.4,286.31,298.18,340.91,422.32,519.98,587.81,600.88,586.03,561.83
509.61,545.43,452.68,330.77,280.13,269.41,296.33,352.92,435.08,505.39,551.07,571.12
455.63,419.71,338.76,276.46,296.05,345.01,432.9,530.02,596.84,601.66,584.98,559.18
417.42,344.22,272.63,223.34,262.89,348.79,466.37,575.73,627.38,616.0,596.94,572.2
426.67,363.14,294.66,235.55,272.38,354.91,469.6,574.68,625.9,614.97,596.06,571.1
321.72,282.1,266.41,308.5,420.11,561.71,654.23,652.89,626.08,583.66,511.73,401.77
294.38,251.45,215.43,248.91,340.46,487.37,623.84,671.23,667.55,661.68,652.27,642.82
182.75,207.85,260.8,485.63,637.89,663.73,652.08,633.75,611.98,593.09,576.3,558.72
302.12,378.26,547.44,676.83,693.34,686.1,679.44,674.58,671.21,667.15,661.17,653.25
421.59,611.1,666.56,691.96,691.46,679.56,672.92,668.88,665.27,661.43,655.98,648.8
461.91,636.26,675.88,693.37,690.01,677.98,671.65,667.94,664.48,661.53,659.67,657.9
533.74,676.31,676.36,679.45,664.48,657.92,652.65,649.41,647.82,647.09,646.7,646.08
533.47,672.1,671.77,668.41,645.1,631.44,627.8,628.1,629.34,630.62,631.74,632.61
528.31,650.81,645.99,625.88,590.62,560.41,562.89,589.61,616.64,623.33,625.15,622.53
526.47,633.66,621.6,589.56,528.67,436.94,374.59,399.38,507.42,589.96,611.12,606.65
527.24,641.23,632.83,606.42,553.3,464.35,366.04,325.6,383.0,518.21,592.21,604.0
527.53,644.18,636.78,611.95,561.59,475.73,368.98,303.92,311.96,422.7,549.62,600.15
528.71,663.37,662.89,671.71,650.9,617.78,563.8,473.75,371.01,332.34,388.99,527.43
529.09,658.8,656.28,644.5,611.17,554.61,461.58,353.95,294.18,289.11,362.49,495.95
522.72,654.29,663.73,676.08,656.67,627.59,579.8,503.92,387.06,311.19,294.91,354.73
522.38,648.38,650.27,663.91,644.5,607.86,548.4,445.65,343.7,295.7,293.86,340.53
520.27,576.25,494.55,366.16,289.91,267.93,289.23,339.14,417.01,493.81,543.16,564.39
502.4,524.75,427.88,321.22,279.86,271.11,300.02,359.93,444.1,511.72,554.66,567.16
463.71,410.44,312.2,258.85,296.38,358.43,460.74,557.78,615.19,608.34,586.73,553.99
497.71,494.74,377.69,298.5,273.16,272.23,303.86,366.08,450.58,513.8,549.86,555.42
452.77,372.27,255.21,219.65,261.22,330.02,434.14,534.28,596.62,593.12,566.14,522.53
423.67,326.9,227.36,201.42,247.49,332.49,456.49,569.15,617.4,598.93,572.67,536.17
259.9,217.21,186.32,293.93,513.11,659.27,670.79,664.43,659.16,652.7,649.25,647.89
410.52,311.92,219.98,203.34,288.15,459.25,608.11,638.37,632.38,627.05,624.57,623.63
221.77,201.06,187.37,287.4,475.09,630.34,661.43,657.91,650.35,642.19,632.82,625.51
234.76,241.81,309.07,505.59,652.92,678.98,664.43,652.04,639.8,622.86,603.65,590.86
208.29,234.18,321.3,575.23,654.69,645.82,628.11,607.51,583.99,559.41,529.45,511.56
308.82,428.15,559.9,653.79,662.0,655.34,639.36,615.72,592.02,577.01,572.69,573.91
358.53,518.15,649.83,686.76,677.59,664.74,656.63,647.23,636.78,625.96,617.99,611.11
503.35,623.93,625.1,615.19,609.67,609.59,612.07,611.22,607.67,604.41,601.77,599.87
516.43,598.06,551.04,506.67,480.85,509.37,559.74,592.23,612.12,611.88,607.33,603.12
530.7,665.68,662.69,649.65,621.4,603.67,605.8,613.32,618.98,622.32,622.11,617.22
531.32,662.83,666.55,658.61,625.9,590.93,570.45,577.33,603.62,619.17,623.6,624.52
528.43,647.55,644.44,623.9,580.89,508.52,419.34,376.94,424.63,536.87,605.72,612.94
522.21,592.3,525.69,413.73,316.34,270.96,280.56,332.27,442.06,554.58,605.24,608.02
518.95,585.3,516.99,402.96,310.58,268.75,280.39,322.31,404.67,516.65,587.08,607.19
505.62,549.47,478.9,368.77,294.56,268.93,289.36,339.31,419.24,505.22,572.92,604.83
511.12,552.13,467.21,344.74,284.03,269.29,294.74,349.88,431.5,504.94,558.8,594.92
446.05,432.16,419.33,412.27,412.25,421.25,463.63,534.8,610.39,619.75,589.43,540.95
517.38,564.47,478.74,350.28,284.69,268.59,293.08,346.71,427.11,500.38,547.99,569.56
519.27,566.27,477.69,346.92,283.34,268.46,293.33,347.23,427.77,500.72,547.88,567.63
519.4,566.64,478.14,347.28,283.43,268.45,293.26,347.11,427.62,500.62,547.79,567.38
519.29,565.23,475.59,344.67,282.69,268.51,293.65,347.87,428.6,501.24,548.18,567.67
516.85,551.71,453.29,327.01,277.71,269.19,296.18,352.52,434.5,504.82,550.06,567.41
517.69,554.07,456.62,329.01,278.26,269.04,295.81,351.86,433.69,504.35,549.98,568.42
516.07,548.49,448.12,323.87,276.75,269.38,296.7,353.42,435.62,505.55,550.84,570.21
379.48,282.78,210.67,204.26,260.26,357.26,491.93,598.52,631.43,615.84,594.1,562.46
258.94,217.85,187.36,288.91,500.47,656.69,677.59,675.45,673.11,668.68,659.77,652.92
177.11,209.6,270.83,502.47,646.77,666.21,658.11,645.21,627.81,609.28,587.23,565.61
196.8,259.31,405.85,630.75,666.96,659.75,645.74,628.48,612.21,596.68,580.46,561.21
311.4,498.94,646.41,676.25,669.58,653.42,638.22,618.42,597.02,578.42,565.4,556.22
528.65,655.92,656.06,653.54,643.39,635.52,630.85,628.12,626.32,624.97,623.72,621.49
525.06,630.37,605.72,576.07,551.27,562.42,587.9,610.47,616.04,618.48,620.13,621.07
531.71,666.85,666.63,659.98,632.18,615.68,614.66,618.59,622.31,625.17,627.36,629.08
530.13,662.29,663.06,654.39,621.14,583.7,559.16,572.84,602.17,620.6,625.51,628.15
517.05,590.88,537.63,441.78,336.19,281.77,285.91,370.83,510.68,588.62,608.34,608.41
504.54,546.91,471.03,356.18,288.9,269.94,295.71,364.14,481.9,573.28,607.52,608.64
459.43,430.75,353.35,291.05,304.62,353.57,441.27,540.81,612.74,624.92,627.53,628.42
480.75,473.52,382.29,313.11,305.43,324.13,391.93,490.05,558.64,605.7,615.43,620.26
430.51,354.97,283.31,219.31,249.4,318.58,426.79,548.24,620.2,618.37,608.31,610.07
482.97,521.81,493.44,458.74,377.31,300.28,268.72,287.68,335.22,411.87,492.44,551.94
505.68,544.84,468.33,349.08,284.89,268.33,292.42,345.49,425.53,499.5,547.96,572.67
483.5,526.15,498.71,462.01,378.34,300.63,268.77,287.59,334.95,411.2,490.21,542.13
515.36,555.52,466.82,338.72,281.26,268.43,294.03,348.68,429.68,501.98,549.08,570.91
518.29,557.9,463.82,334.4,280.15,268.66,294.82,350.16,431.56,503.14,549.71,570.87
518.25,557.89,463.23,333.86,280.03,268.7,294.94,350.38,431.84,503.3,549.8,570.84
518.28,557.9,463.05,333.68,279.99,268.71,294.97,350.44,431.91,503.35,549.83,570.88
516.9,555.29,459.75,331.65,279.55,268.84,295.35,351.14,432.8,503.9,550.14,570.89
515.91,552.6,455.96,329.24,278.98,268.98,295.76,351.88,433.74,504.48,550.45,570.89
500.14,518.53,417.61,314.97,276.61,270.8,299.84,359.18,442.81,510.32,553.89,571.45
348.25,278.15,230.1,231.53,300.27,423.26,554.06,636.91,631.96,610.58,585.78,550.23
183.34,216.62,290.98,523.13,651.81,664.61,652.09,635.22,612.98,593.07,575.97,558.3
200.19,269.36,425.55,637.37,663.85,651.07,635.35,612.32,586.66,567.51,550.58,529.4
306.17,465.95,633.25,675.69,672.46,657.08,648.87,643.21,632.28,620.9,612.9,602.37
374.83,567.36,659.8,686.08,683.2,669.41,662.53,654.6,643.62,635.44,629.9,625.31
530.23,668.75,671.88,677.22,661.82,653.74,648.01,644.81,643.08,641.54,637.59,630.49
532.95,670.04,669.92,669.43,653.35,645.45,641.63,639.94,639.2,638.84,638.65,638.53
533.58,672.14,671.66,667.46,640.93,623.9,620.83,622.75,625.26,627.41,629.16,630.57
533.4,671.57,671.88,668.52,638.26,607.43,591.06,597.6,611.9,620.03,624.74,628.02
533.34,670.96,670.36,664.92,631.84,591.88,541.24,509.45,540.18,592.83,625.42,630.05
531.33,665.0,667.44,664.9,633.72,592.89,531.55,444.65,397.57,438.91,554.03,623.6
521.47,656.16,669.1,679.97,661.39,635.51,593.52,530.84,433.43,380.79,419.88,547.77
490.19,593.2,626.93,673.65,669.97,651.17,619.12,566.87,480.46,381.36,348.57,413.76
508.25,632.04,658.23,679.5,664.26,641.11,602.32,541.21,434.19,338.56,299.13,347.73
521.53,656.32,669.16,679.97,661.37,635.45,593.15,527.82,413.4,324.4,289.57,317.38
530.98,664.97,668.0,667.09,637.16,597.67,536.42,433.2,335.36,282.18,288.34,333.76
530.76,662.76,662.12,650.1,615.47,563.57,479.3,372.32,300.42,278.07,305.41,366.8
532.09,666.5,666.57,659.34,625.81,580.58,506.06,401.38,317.5,276.5,293.55,344.09
523.67,605.66,557.31,471.95,359.77,291.77,273.61,300.72,359.64,442.96,510.2,553.64
523.34,601.52,548.55,454.69,344.93,285.51,274.68,305.09,367.35,451.8,515.7,556.31
523.25,601.16,547.28,452.27,342.94,284.52,274.87,305.69,368.34,452.88,516.38,556.63
523.74,615.66,574.26,509.82,398.14,310.71,271.53,287.1,333.14,408.62,488.29,540.59
522.96,615.14,574.08,510.57,399.38,311.41,271.52,286.66,332.26,407.42,487.47,540.05
515.27,563.59,478.43,350.89,285.06,268.61,292.95,346.47,426.82,500.27,548.21,571.03
327.78,282.29,255.28,276.33,369.51,510.91,627.77,656.78,636.56,605.37,554.49,463.0
227.46,218.86,220.92,371.63,585.78,678.11,681.19,677.35,674.37,672.42,670.41,667.53
287.32,293.4,382.21,591.03,684.73,689.15,683.13,677.16,673.5,670.63,667.48,664.93
213.1,325.78,520.37,658.51,669.7,656.07,642.84,626.33,601.93,575.78,554.21,532.16
321.55,571.92,670.12,684.03,668.02,649.16,630.31,611.75,592.63,576.22,560.1,538.29
519.16,664.03,673.86,683.3,670.08,661.85,656.37,652.41,650.31,649.34,648.91,648.6
533.62,673.16,672.52,671.67,655.15,646.93,642.25,639.96,638.84,638.24,637.89,637.65
533.57,672.34,672.22,669.46,644.63,628.2,624.74,626.3,628.7,630.89,632.74,634.28
533.17,671.19,671.8,669.68,640.92,610.86,594.89,602.05,614.41,622.15,627.09,630.7
533.0,669.78,669.18,663.1,629.8,588.8,535.48,504.05,536.46,592.89,626.56,630.99
521.43,655.84,668.99,680.04,661.57,635.99,595.93,546.07,506.52,534.4,602.97,645.58
517.85,649.71,666.8,680.01,662.2,637.1,596.06,534.56,439.19,385.75,422.54,551.83
486.09,584.56,616.83,670.03,671.57,653.67,623.4,573.76,493.61,393.15,354.2,414.87
523.09,658.57,669.84,680.0,661.22,635.1,592.63,527.11,412.72,325.3,297.87,360.28
513.53,641.87,663.34,679.86,663.1,638.86,598.64,535.85,425.3,331.76,291.36,312.78
521.42,655.91,669.03,680.0,661.46,635.6,593.4,528.2,413.91,324.53,288.7,306.14
524.71,660.97,670.61,679.86,660.69,634.08,591.03,524.6,409.02,321.52,288.15,306.17
526.47,635.41,615.53,579.85,508.08,400.91,314.82,273.9,289.42,336.97,413.72,491.8
520.5,577.34,496.91,369.54,291.37,267.72,288.27,337.18,414.37,492.2,543.11,569.93
520.64,576.71,495.74,367.58,290.47,267.8,288.84,338.34,415.94,493.25,543.8,570.11
520.45,576.94,496.09,368.41,290.87,267.77,288.6,337.85,415.29,492.81,543.51,570.04
520.5,576.62,495.49,367.56,290.5,267.81,288.86,338.37,415.99,493.28,543.82,570.12
520.58,576.29,494.87,366.62,290.1,267.86,289.14,338.93,416.74,493.78,544.14,570.2
520.57,576.17,494.69,366.4,290.01,267.87,289.2,339.05,416.91,493.88,544.21,570.22
437.35,414.2,391.41,383.87,413.7,497.43,595.9,643.51,623.16,581.01,509.01,393.79
414.55,344.9,281.31,230.07,269.38,358.98,477.74,582.11,628.89,616.08,596.55,571.19
243.43,220.1,221.08,402.1,629.31,679.85,679.13,673.99,670.75,668.63,665.91,663.34
264.55,242.82,286.33,514.76,674.08,689.42,684.85,678.94,675.02,672.23,668.44,662.41
321.66,343.74,455.11,624.41,685.34,687.56,681.63,675.26,669.01,659.81,651.17,646.19
505.71,638.26,665.26,689.6,682.8,673.89,668.85,664.88,661.58,659.56,658.18,655.48
532.03,668.36,669.39,669.17,653.29,645.54,641.51,639.78,639.09,638.82,638.71,638.65
532.77,668.66,668.81,663.28,635.97,617.25,614.71,618.39,622.17,625.1,627.35,629.13
533.76,672.47,672.1,667.53,636.55,603.94,584.14,586.78,607.25,618.27,622.99,625.97
530.16,655.28,663.81,657.4,623.96,579.54,516.47,477.82,509.42,585.61,631.14,635.45
525.03,620.18,592.66,544.08,451.65,346.2,289.02,287.84,372.29,511.41,588.55,608.09
435.67,439.16,471.33,569.05,662.58,663.4,644.91,611.31,567.3,536.38,561.87,614.84
439.95,442.7,468.67,563.17,657.89,660.97,640.83,603.24,545.04,456.95,401.8,433.05
482.87,568.92,600.02,664.14,670.31,653.56,623.72,573.51,490.71,378.5,313.18,324.89
523.21,611.83,576.0,516.26,408.52,317.36,273.28,284.45,327.61,401.18,483.81,542.36
520.67,599.32,552.81,468.37,358.27,291.59,273.91,301.38,360.94,444.55,511.06,552.77
521.73,610.76,578.25,524.46,422.08,325.74,276.53,281.72,321.49,392.52,476.33,532.67
475.56,514.72,529.27,618.93,659.09,647.67,615.32,560.32,466.55,357.92,301.25,291.32
523.16,602.62,551.14,459.27,348.75,288.06,274.07,303.5,364.81,448.99,513.85,554.56
523.17,602.88,551.75,460.45,349.75,288.42,274.03,303.26,364.38,448.51,513.56,554.44
523.03,603.52,553.42,463.87,352.69,289.5,274.03,302.71,363.43,447.5,513.07,554.43
523.19,602.77,550.4,457.14,346.73,287.31,274.13,303.94,365.6,449.87,514.38,554.78
523.04,602.15,550.0,457.14,346.95,287.41,274.15,303.95,365.64,449.95,514.48,554.9
513.52,597.84,561.75,526.51,444.28,346.19,297.39,291.65,334.04,411.79,498.98,557.7
358.85,303.18,297.42,317.95,413.96,553.76,653.31,655.45,629.27,586.25,514.66,398.72
269.45,241.49,271.87,489.39,667.96,689.69,685.5,679.35,673.03,664.82,656.0,649.56
208.69,291.83,433.34,634.84,670.77,666.54,658.81,649.97,635.6,611.6,584.67,561.75
228.67,397.46,622.59,665.29,660.24,638.59,619.54,597.3,572.36,548.95,521.94,506.06
337.97,608.21,671.27,678.71,658.92,638.01,618.43,594.87,568.17,544.79,518.78,504.84
517.67,659.75,670.3,680.35,666.83,659.01,653.45,648.47,641.88,634.78,630.13,626.69
529.96,657.6,657.06,648.53,632.98,625.6,623.47,622.62,619.32,612.5,606.17,600.86
529.78,661.17,662.97,656.89,630.06,613.56,613.1,617.69,621.83,624.83,626.1,623.18
530.91,663.91,663.42,653.05,619.48,581.27,555.25,570.9,600.19,619.9,624.67,626.86
518.46,559.16,465.0,335.16,280.48,270.31,309.33,411.89,540.42,602.65,608.12,607.79
488.13,504.05,424.86,337.39,299.13,296.9,344.49,438.38,547.5,613.65,619.49,619.7
517.51,555.55,459.18,330.9,279.26,268.84,295.68,354.01,446.71,541.32,600.27,607.32
509.7,543.43,454.97,333.14,280.45,268.96,295.37,351.51,435.22,515.14,577.33,604.74
478.47,472.61,382.85,307.98,282.13,276.77,311.3,378.75,465.53,528.29,575.09,597.84
529.24,656.33,653.24,635.84,597.56,536.58,436.46,337.67,281.18,284.06,325.86,409.27
528.51,656.86,658.67,648.29,613.65,560.66,474.23,366.73,297.58,278.97,308.69,374.57
529.55,658.59,657.19,642.61,606.36,549.67,457.08,352.63,289.91,280.48,314.38,381.69
513.28,545.43,446.28,323.77,277.61,269.31,296.66,353.5,435.77,505.71,551.09,570.88
517.3,554.44,457.59,329.8,278.97,268.85,295.49,351.39,433.12,504.08,550.19,570.83
517.89,555.14,458.29,330.12,279.03,268.82,295.42,351.25,432.94,503.96,550.13,570.82
516.59,552.25,454.34,327.72,278.44,268.96,295.81,351.97,433.84,504.52,550.43,570.81
505.39,527.82,424.96,315.35,275.75,270.17,298.69,357.06,440.15,508.45,552.59,570.91
500.83,521.72,421.43,316.08,276.65,270.51,299.24,358.11,441.47,509.39,553.26,571.22
434.38,356.72,264.11,220.37,262.92,341.14,458.07,566.74,622.3,612.67,593.7,568.41
347.04,277.13,227.22,229.79,298.8,420.96,550.76,633.89,631.17,610.59,586.21,551.28
361.81,276.1,214.61,213.25,274.68,380.26,513.55,615.3,631.42,614.04,592.42,563.25
286.44,241.66,203.36,240.97,329.68,466.21,590.53,654.6,647.43,643.1,644.44,645.02
179.69,216.88,293.09,527.84,654.32,664.83,651.65,633.74,608.47,582.2,559.98,539.74
195.79,269.27,428.82,638.37,663.45,650.32,633.57,609.38,582.41,558.5,536.93,512.09
350.41,535.9,653.95,681.51,678.45,664.65,658.16,653.09,648.6,645.91,644.53,643.61
463.45,636.69,671.54,684.74,675.85,664.0,658.34,653.69,650.02,648.05,647.12,646.46
515.83,660.2,676.2,688.15,678.48,669.21,663.89,659.6,656.84,655.44,654.79,654.49
509.14,643.04,667.08,684.52,676.24,669.57,665.62,662.06,659.68,658.43,657.82,657.53
533.12,670.98,670.73,665.65,636.55,614.13,609.99,614.82,619.78,623.41,626.07,628.1
530.53,659.56,661.98,650.66,616.82,572.32,527.79,537.45,581.28,617.63,625.64,627.58
528.09,646.14,641.56,619.43,573.74,496.07,400.76,352.34,394.14,516.21,592.24,609.1
531.6,665.2,666.18,659.8,626.58,581.85,509.45,413.45,352.55,375.82,492.79,582.2
531.61,664.79,665.17,655.76,621.64,574.01,495.61,391.06,315.98,302.33,400.46,537.03
531.31,664.42,665.98,660.22,627.22,582.7,509.88,404.82,319.94,280.95,323.46,439.79
531.44,664.03,664.8,655.18,621.0,572.98,493.87,387.91,309.35,277.6,305.61,392.4
531.17,664.22,664.44,655.31,621.27,573.16,493.99,387.8,309.1,276.97,299.31,359.26
524.49,612.38,574.03,510.24,399.48,311.82,271.85,287.12,333.05,408.46,488.06,539.84
529.61,659.92,661.82,653.23,619.46,569.86,488.5,381.03,304.97,277.69,301.98,359.61
521.01,580.35,502.27,376.75,294.9,267.46,286.27,333.08,408.74,488.33,540.36,567.7
506.76,540.59,449.62,331.59,280.9,269.74,296.78,353.73,436.13,506.11,551.45,570.16
491.23,505.13,416.45,324.23,282.31,272.56,302.08,363.3,448.06,514.39,557.25,573.04
437.27,344.53,238.97,204.88,246.57,322.42,436.64,548.21,611.16,603.78,582.66,550.49
383.83,285.3,208.97,200.26,253.85,347.22,480.26,590.19,630.76,616.43,595.32,564.86
375.68,279.1,208.14,204.07,260.88,358.12,492.46,598.79,631.18,614.47,588.75,554.57
390.29,290.69,208.81,195.88,246.03,334.96,465.4,579.49,623.33,602.89,575.91,540.47
340.69,263.37,206.48,212.76,276.66,383.44,513.28,608.69,613.96,589.32,559.03,506.85
231.77,199.13,168.39,261.5,470.68,645.68,674.11,667.72,661.51,654.59,649.39,647.13
179.28,196.37,235.01,422.58,612.03,661.94,650.47,633.74,616.24,593.7,567.44,537.24
275.28,330.49,484.02,665.95,694.46,687.01,675.2,665.33,656.74,648.26,642.49,638.21
350.37,589.5,673.67,689.34,681.02,667.18,657.71,648.2,637.08,624.51,613.22,602.63
435.98,613.57,670.4,685.04,672.46,665.82,659.82,650.7,644.17,640.71,638.7,637.34
530.68,664.18,658.75,643.56,629.6,624.61,624.8,626.4,627.75,626.93,621.66,615.68
533.81,672.74,672.26,670.08,650.44,640.62,636.77,635.64,635.45,635.24,633.24,627.07
532.08,666.0,668.15,662.17,632.1,607.69,603.38,610.22,615.48,614.44,610.25,606.43
530.44,657.02,661.91,651.55,617.46,570.35,509.72,490.69,538.94,599.87,624.26,620.02
532.22,666.95,666.81,658.24,624.48,579.32,509.49,441.06,438.42,519.95,607.46,632.9
532.23,673.16,673.43,678.99,658.48,630.24,585.68,524.79,455.62,457.11,548.49,643.49
532.52,667.49,667.16,660.02,626.6,581.86,508.44,405.06,323.77,296.06,382.07,521.46
528.92,665.31,670.21,676.03,653.51,621.67,571.25,486.21,373.53,306.05,301.56,387.45
507.64,622.14,641.4,671.13,655.63,626.7,578.24,500.66,384.39,309.59,291.44,335.86
507.56,550.65,474.42,359.54,290.12,269.49,292.38,345.11,425.14,499.57,548.1,570.81
517.87,560.12,468.1,338.43,281.32,268.69,294.55,349.62,430.87,502.63,548.83,567.02
515.25,549.73,452.72,327.83,278.78,269.18,296.19,352.66,434.71,504.97,549.99,566.43
517.62,552.36,453.58,326.88,278.1,268.95,295.85,352.02,433.89,504.43,549.68,566.43
516.15,548.45,447.73,323.54,277.17,269.17,296.44,353.07,435.21,505.24,550.16,566.71
512.44,536.36,430.15,315.24,274.81,269.86,298.12,355.99,438.78,507.45,551.45,567.53
466.98,401.54,272.9,233.95,259.25,303.91,378.57,468.89,529.8,567.31,571.12,545.57
380.91,283.46,207.66,200.14,253.77,347.34,480.78,590.49,630.14,613.26,586.25,552.85
218.49,198.12,171.76,302.08,517.99,649.17,670.44,666.13,660.4,653.37,647.47,643.62
165.2,219.26,311.24,568.32,663.57,660.17,641.33,618.19,592.76,566.84,541.12,513.61
240.2,386.95,609.6,663.24,656.48,630.57,605.37,579.61,557.57,538.22,513.21,500.59
337.29,588.05,667.61,675.3,652.64,631.18,613.0,592.82,572.51,551.33,524.88,510.03
510.73,654.95,670.91,680.14,666.1,657.66,651.95,648.39,646.64,645.81,645.06,642.49
531.95,660.21,659.45,651.21,633.44,625.15,622.17,621.06,620.56,620.26,619.91,618.7
531.66,662.2,661.35,650.23,620.94,603.97,604.52,610.06,614.6,617.74,619.98,621.65
532.78,668.37,667.84,660.82,627.6,593.92,575.41,579.78,604.19,617.54,622.06,624.7
532.86,670.31,671.48,668.6,637.56,600.08,553.8,522.09,549.65,595.26,625.87,631.27
495.77,589.78,610.75,662.54,654.18,625.85,579.43,518.62,471.78,500.61,595.12,651.51
481.17,544.59,563.34,642.42,656.91,636.17,595.35,533.29,438.0,384.92,422.43,550.85
486.53,541.48,521.51,530.67,507.81,445.08,353.24,299.56,295.4,351.23,472.1,576.42
493.03,553.6,519.35,473.38,390.04,316.78,290.24,313.84,378.99,473.33,548.45,608.48
519.97,574.07,490.47,360.83,287.7,267.94,290.44,341.57,420.34,496.37,547.43,579.64
515.13,584.07,520.59,412.02,315.77,270.05,277.96,314.78,382.41,467.12,525.91,562.89
512.56,574.52,506.29,392.34,305.0,267.72,281.59,323.14,394.77,477.91,533.29,565.87
519.46,570.37,484.81,354.64,285.69,268.21,291.88,344.41,424.09,498.5,547.07,570.76
519.34,575.93,495.52,368.53,291.0,267.7,288.51,337.66,415.02,492.63,543.39,569.99
518.11,563.86,474.33,344.03,282.72,268.51,293.7,348.0,428.78,501.43,548.78,570.88
518.69,561.66,469.46,339.02,281.36,268.58,294.31,349.19,430.32,502.38,549.3,570.88
519.53,569.32,482.65,352.07,284.89,268.29,292.38,345.39,425.38,499.31,547.55,570.78
518.17,559.42,465.85,336.05,280.61,268.66,294.7,349.92,431.26,502.95,549.61,570.88
513.83,545.09,444.78,322.56,277.16,269.31,296.74,353.63,435.92,505.79,551.12,570.82
389.26,303.07,231.69,211.51,263.92,361.09,492.76,597.96,630.74,615.47,595.07,568.32
227.15,212.64,206.7,364.9,598.24,680.74,680.91,675.64,671.37,668.82,666.01,663.21
198.74,234.24,330.78,571.23,670.69,673.92,663.44,651.88,635.9,618.79,602.35,586.56
223.84,354.1,570.74,659.61,664.9,648.51,631.23,606.68,579.54,556.01,533.86,510.26
326.85,599.34,663.18,669.46,649.64,627.65,602.75,581.45,563.64,542.59,528.53,522.21
526.08,661.14,665.46,669.71,654.87,646.42,641.16,638.4,636.98,636.2,635.73,635.2
531.89,664.28,664.41,660.79,643.52,635.42,632.2,630.87,630.24,629.89,629.65,629.48
531.29,675.1,677.28,682.99,667.57,659.8,657.78,657.43,657.34,657.25,657.17,657.12
533.74,672.23,671.78,667.25,635.87,604.31,587.47,592.64,609.71,618.58,623.09,626.08
532.19,669.09,671.01,669.25,639.27,602.32,556.45,524.76,551.76,596.81,627.2,632.92
510.46,608.83,600.63,587.31,531.35,427.86,330.97,286.23,336.08,466.75,572.25,609.62
513.77,642.49,662.37,678.56,660.95,635.0,592.7,529.53,431.69,379.35,419.37,547.72
517.83,649.32,664.91,678.28,659.64,632.46,588.4,520.67,406.72,328.6,331.01,439.03
448.18,515.84,558.74,645.87,675.09,661.4,637.67,597.27,534.35,426.24,341.55,332.31
525.52,655.61,662.89,663.44,633.06,591.46,526.48,418.91,326.34,279.55,293.01,354.64
527.5,656.49,660.73,655.08,622.19,574.15,494.64,386.6,307.84,277.87,300.96,360.93
518.15,560.12,467.53,337.53,281.0,268.58,294.43,349.43,430.63,502.57,549.42,571.1
515.93,563.4,476.53,346.97,283.42,268.23,292.84,346.37,426.67,500.11,548.0,570.83
514.04,552.26,458.11,331.84,279.92,268.99,295.57,351.56,433.35,504.26,550.35,570.94
517.46,558.24,464.56,335.27,280.5,268.69,294.82,350.15,431.55,503.13,549.7,570.86
518.63,559.9,466.31,336.21,280.67,268.63,294.63,349.8,431.11,502.85,549.54,570.84
518.47,559.64,465.96,336.02,280.63,268.64,294.67,349.87,431.19,502.9,549.57,570.85
517.17,557.24,463.13,334.26,280.27,268.74,294.98,350.46,431.95,503.37,549.83,570.86
491.97,510.68,420.66,323.02,280.89,271.67,300.72,360.95,445.21,512.38,555.85,572.86
453.33,404.48,313.64,255.61,287.5,343.45,438.7,535.13,598.82,599.52,581.32,553.13
326.95,280.93,252.5,272.7,364.3,505.88,622.85,656.85,637.22,606.98,557.65,468.77
279.17,241.72,223.3,307.5,477.59,646.02,676.57,673.11,670.28,667.65,664.63,662.55
243.02,226.42,236.91,411.78,634.95,691.37,688.51,682.97,678.17,675.27,672.26,669.22
291.15,291.46,380.42,581.69,682.15,690.43,684.19,678.12,674.05,670.93,666.92,660.71
482.12,577.99,613.21,680.73,678.28,671.77,667.73,664.07,661.12,659.42,658.53,657.82
533.02,670.58,670.39,669.68,653.75,645.84,641.52,639.54,638.66,638.24,638.02,637.88
533.29,673.15,673.42,673.43,651.52,637.34,634.0,635.55,638.19,640.72,642.82,644.42
533.7,672.47,672.18,668.06,637.69,606.11,588.44,593.62,610.11,618.94,623.58,626.7
531.72,668.09,670.33,666.74,635.14,596.28,547.63,514.24,542.51,592.87,625.42,630.51
529.18,658.52,662.88,655.0,621.83,573.93,497.22,406.1,366.48,420.48,536.52,605.19
523.79,657.01,667.23,678.72,660.25,634.11,590.66,525.98,425.32,371.81,413.39,543.71
509.63,631.58,655.88,678.97,664.13,641.38,602.6,541.52,436.74,347.35,333.85,415.7
378.03,427.19,516.1,611.3,673.28,667.51,650.08,618.11,564.64,477.56,387.2,371.03
507.53,627.78,653.72,678.81,664.63,642.32,604.17,543.47,437.55,339.41,296.43,314.05
529.29,658.41,662.63,654.15,620.76,571.98,491.96,385.28,307.52,277.34,300.25,360.68
526.62,661.33,668.24,677.89,658.51,630.93,585.16,514.44,396.86,314.78,288.68,312.34
529.03,659.05,663.68,657.65,625.03,578.79,502.55,396.43,314.02,277.12,295.41,348.1
523.27,605.41,559.6,478.17,365.69,294.28,273.41,298.91,356.29,438.92,507.73,552.42
522.72,599.61,545.08,448.72,340.28,284.69,274.53,305.68,368.6,453.22,516.62,556.78
522.38,598.83,543.98,447.05,339.06,284.12,274.63,306.04,369.2,453.87,517.04,556.98
522.73,598.2,540.95,440.94,334.32,281.76,275.12,307.54,371.62,456.45,518.68,557.75
521.39,591.34,526.5,416.42,318.35,272.77,278.0,314.8,382.62,467.32,525.85,561.32
512.62,555.98,471.92,348.97,285.72,269.82,294.94,350.3,431.95,503.91,550.91,572.4
440.45,354.21,250.84,216.2,263.22,345.32,464.69,572.11,624.91,614.18,595.24,570.3
255.76,217.79,196.93,347.65,593.26,679.66,682.73,678.4,675.37,673.54,671.08,668.48
243.05,242.78,297.53,504.81,653.97,683.0,673.95,666.89,663.94,662.47,660.88,658.36
215.71,320.7,506.86,655.89,668.66,655.25,642.18,626.19,602.8,577.01,556.6,538.22
349.54,590.9,673.88,688.27,679.2,667.22,662.41,661.0,657.39,647.76,639.36,632.39
527.87,671.11,675.3,685.0,670.53,664.3,659.41,655.69,653.68,652.62,651.3,647.01
531.51,666.63,667.36,666.32,651.69,644.42,640.76,639.31,638.83,638.72,638.72,638.67
532.26,667.89,667.42,661.22,634.62,617.71,616.0,619.51,623.04,625.81,627.96,629.67
532.93,669.64,669.11,663.18,631.07,597.86,579.92,583.82,606.93,618.73,623.28,626.07
532.52,668.01,668.48,663.32,630.51,589.75,537.24,505.04,536.76,593.08,627.03,631.67
509.93,538.52,439.26,321.72,278.21,270.14,300.35,372.75,490.8,576.81,607.33,608.24
509.77,537.82,438.23,321.08,277.92,269.82,298.09,358.51,452.26,544.68,601.62,607.69
467.68,430.81,331.69,273.53,289.13,315.65,386.72,480.04,544.41,592.1,604.39,610.53
526.57,649.08,646.73,630.16,590.4,524.11,418.7,326.01,277.16,289.12,347.92,462.27
531.16,664.08,664.08,654.31,620.08,571.27,491.13,384.69,307.31,277.39,302.4,373.38
526.85,645.63,636.01,612.21,561.71,475.69,367.29,297.15,277.02,305.06,366.76,452.87
509.89,544.63,450.79,329.33,280.07,269.42,296.49,353.29,435.58,505.74,551.33,571.46
522.33,633.9,622.26,598.0,541.11,442.81,340.2,283.38,280.86,317.52,386.7,471.54
513.29,545.52,446.67,324.25,278.26,269.21,296.51,353.32,435.57,505.63,551.08,570.92
500.29,517.99,416.17,314.16,276.88,270.65,299.72,359.09,442.75,510.32,553.95,571.56
516.27,552.72,455.58,328.78,279.13,268.85,295.6,351.66,433.47,504.31,550.34,570.86
514.51,547.94,449.07,325.11,278.33,269.08,296.24,352.82,434.94,505.22,550.83,570.87
514.05,546.6,447.2,324.11,278.1,269.14,296.41,353.13,435.33,505.46,550.96,570.87
515.07,549.04,450.24,325.58,278.39,269.01,296.1,352.57,434.62,505.01,550.72,570.85
482.82,465.38,352.08,288.07,276.84,277.49,314.85,383.96,469.78,528.77,565.71,570.94
182.95,213.4,280.64,509.94,647.66,664.8,652.46,634.94,610.13,584.11,561.86,542.19
202.26,296.86,483.08,649.97,663.78,649.74,634.46,611.91,584.29,559.74,538.26,513.83
263.31,493.3,648.28,663.32,644.1,619.32,593.08,566.47,543.55,518.27,500.92,496.33
368.89,624.89,669.2,678.02,663.88,654.57,644.8,630.92,620.15,612.77,607.16,602.61
387.5,591.95,662.54,684.18,679.19,665.67,659.36,654.22,650.03,647.68,646.56,646.05
465.13,638.27,672.71,685.88,676.99,665.07,659.07,654.16,650.75,649.03,648.26,647.93
525.29,667.44,675.06,685.76,674.52,666.0,660.48,656.52,654.34,653.31,652.86,652.65
533.54,671.85,672.43,671.74,652.78,643.63,640.14,639.13,639.0,639.16,639.37,639.57
532.28,667.47,669.21,663.31,633.2,610.28,606.59,612.58,618.34,622.35,625.2,627.36
529.43,651.56,658.05,643.79,608.66,559.51,505.99,507.47,564.53,614.63,629.62,631.81
523.08,646.08,654.39,641.35,607.49,555.55,474.37,401.1,406.0,497.13,584.56,610.2
530.78,659.36,663.04,652.78,618.13,569.07,489.02,389.15,331.81,363.06,491.11,581.7
530.06,654.75,660.16,648.26,613.23,561.1,475.82,369.93,302.8,303.31,406.45,541.27
532.22,666.32,666.52,658.21,623.99,578.28,502.42,397.87,316.14,280.54,326.04,445.38
532.77,668.17,667.42,659.97,626.0,581.35,507.68,403.62,319.16,276.98,298.74,378.98
531.51,663.3,665.11,655.99,621.56,574.46,496.3,390.7,310.96,276.68,298.36,359.15
531.86,665.1,666.01,657.17,622.83,576.51,499.5,394.38,313.26,276.43,296.1,349.95
532.72,668.07,667.31,659.56,625.52,580.61,506.37,402.18,318.19,276.31,293.24,343.43
531.28,662.18,664.55,655.08,620.58,572.9,493.88,387.95,309.23,276.75,298.58,353.9
527.08,664.13,671.86,680.18,660.78,633.87,591.1,525.03,409.47,321.84,287.77,306.14
508.92,631.3,654.82,676.33,659.32,632.36,588.11,519.79,403.06,318.17,288.07,309.36
436.11,419.38,421.73,474.39,576.99,645.85,635.28,597.25,534.83,425.23,331.72,289.06
511.07,614.83,599.8,603.63,573.15,496.68,380.78,306.63,288.11,318.49,387.43,479.76
426.98,378.13,332.09,281.92,311.43,397.04,518.42,615.75,632.64,612.19,589.25,557.01
375.06,302.21,255.99,242.37,305.44,425.29,553.53,636.61,630.28,608.54,583.46,547.03
275.38,240.71,230.67,288.98,409.35,586.93,675.15,674.42,670.73,667.6,664.35,662.04
291.51,259.56,247.23,235.13,306.01,493.93,654.15,674.53,669.98,664.74,654.92,643.85
229.93,207.02,188.79,260.36,440.65,637.42,680.25,680.43,676.75,672.84,664.54,655.59
260.71,258.82,290.05,416.18,628.65,680.08,678.77,673.59,665.04,655.59,649.17,644.89
400.66,545.42,651.38,684.21,677.33,670.75,667.91,664.68,658.49,650.23,644.85,641.71
504.91,633.78,647.75,648.97,646.94,645.16,644.28,644.63,645.34,645.72,644.2,638.54
532.01,672.01,672.57,672.73,657.39,650.5,646.17,644.0,642.48,638.71,631.71,625.52
528.73,649.75,652.69,637.46,609.18,591.08,595.55,609.06,617.15,621.29,621.81,617.36
529.54,657.4,657.54,643.03,609.16,564.92,534.14,557.06,593.81,621.37,626.6,628.15
526.7,634.05,623.49,593.12,533.62,435.01,346.13,325.22,407.4,540.84,604.09,609.36
527.62,646.46,638.83,615.98,568.0,484.96,378.14,311.01,322.99,438.82,559.2,607.59
525.98,629.09,611.42,573.06,496.13,388.18,307.58,275.97,307.83,407.96,537.91,601.91
526.05,649.6,639.33,641.79,616.8,563.11,470.63,360.05,302.9,302.12,385.06,528.21
519.05,572.34,489.08,360.15,287.8,268.47,291.19,343.11,422.74,499.61,556.14,595.13
518.56,562.63,470.53,339.88,281.88,268.53,294.08,348.82,429.89,502.32,550.53,578.11
509.03,530.29,424.7,314.69,277.51,270.82,300.12,360.29,444.68,512.46,556.6,574.02
514.97,546.41,444.79,322.12,277.79,268.98,296.33,353.05,435.23,505.38,550.78,569.68
503.38,512.68,400.14,305.21,273.73,270.61,300.37,360.16,443.91,510.85,553.86,570.43
513.54,541.5,437.72,318.74,276.77,269.28,297.05,354.3,436.77,506.34,551.42,570.79
420.58,323.42,225.39,200.33,246.88,332.26,457.17,572.6,626.93,615.97,596.69,570.65
354.12,269.79,207.45,212.47,276.42,383.93,516.74,617.55,632.43,612.72,584.64,547.39
386.0,288.75,209.29,198.11,249.97,340.59,471.92,583.7,624.17,602.46,575.05,538.63
318.91,257.69,205.24,224.09,298.87,421.22,546.09,623.73,613.28,585.34,550.22,493.04
398.97,300.02,210.35,193.27,237.33,316.56,438.62,557.71,607.33,593.27,568.74,530.52
206.87,209.38,222.28,376.66,584.31,668.48,661.93,649.42,637.44,622.61,600.38,574.89
197.3,271.12,420.76,634.8,663.46,647.13,626.91,598.95,566.28,541.14,511.41,492.91
263.0,500.11,649.51,664.92,648.98,629.24,598.54,562.62,532.03,497.74,480.38,474.01
322.63,610.05,659.07,665.53,644.74,620.2,587.19,551.72,522.24,495.87,482.36,476.53
398.01,618.5,672.32,684.15,670.21,653.78,643.23,633.69,627.73,623.48,619.94,616.89
374.19,504.64,634.18,674.37,662.51,647.7,636.25,628.44,624.87,622.81,620.73,616.02
514.21,645.07,655.22,652.61,645.38,637.92,628.7,620.22,613.54,607.94,603.5,600.24
533.53,673.7,671.74,669.41,652.95,644.71,640.17,636.12,628.95,621.61,615.35,609.93
533.52,671.31,670.26,665.4,638.64,621.31,618.55,620.84,622.16,618.86,613.48,608.86
532.88,668.94,668.15,661.38,628.86,594.76,575.47,579.83,604.8,618.83,623.02,622.97
528.47,648.78,647.42,627.14,585.7,517.91,430.41,386.65,431.89,544.75,610.95,612.25
530.55,662.71,661.17,647.59,612.31,559.16,474.88,381.75,349.7,413.98,538.94,602.07
368.29,431.73,533.08,623.82,674.99,666.99,649.12,622.25,603.08,608.67,617.82,622.94
493.15,601.94,636.61,676.3,668.55,648.56,614.26,557.34,463.81,372.6,349.37,416.76
486.77,588.27,625.5,673.32,668.41,645.17,604.52,545.7,452.53,349.01,291.23,332.62
491.9,578.64,597.45,586.27,523.92,425.1,325.76,263.11,263.09,283.98,330.02,424.05
520.2,615.45,572.89,502.04,383.28,296.95,255.08,262.22,283.84,320.39,378.92,450.72
518.27,571.33,490.76,359.56,279.08,251.67,261.09,281.89,315.52,368.75,433.74,482.49
485.11,517.0,472.8,421.35,344.17,271.74,254.94,265.87,288.15,325.25,382.32,444.65
517.07,550.1,456.24,327.44,267.9,254.52,267.87,293.0,334.16,395.61,456.66,498.81
515.74,547.22,446.67,323.01,274.21,265.43,284.48,328.41,396.07,466.03,513.62,527.17
469.06,406.58,278.92,237.5,258.65,297.17,360.68,443.04,506.78,539.09,534.42,498.24
358.87,269.2,207.11,205.04,260.18,353.5,485.32,588.91,611.56,591.25,564.19,517.49
258.23,212.81,181.68,226.08,374.49,583.7,661.43,662.68,656.7,649.22,641.62,636.27
237.69,203.26,181.92,262.81,461.94,640.42,666.75,665.69,659.55,652.85,649.43,647.59
268.97,237.53,228.89,275.24,456.28,639.84,659.79,656.96,650.02,645.89,643.52,640.06
349.92,311.0,323.77,347.32,452.21,570.57,596.07,584.24,572.37,560.4,553.8,552.98
515.85,575.71,514.21,442.01,381.69,377.98,431.31,528.74,580.51,591.71,590.77,589.22
514.48,551.98,483.62,382.04,300.55,277.96,366.46,506.2,575.65,593.06,591.77,590.1
519.21,568.08,500.33,385.56,299.58,269.8,313.7,428.14,545.41,592.41,593.25,591.24
519.93,571.49,490.64,361.98,287.92,268.33,297.34,384.07,514.4,581.62,595.21,592.73
525.97,629.25,606.9,568.65,489.27,380.07,303.42,281.24,343.24,473.76,567.41,595.91
525.29,656.66,664.27,675.13,654.69,624.24,574.65,495.1,393.28,350.3,404.3,534.21
524.26,659.5,669.91,680.4,662.04,637.03,595.4,531.46,422.26,341.59,344.34,443.25
444.46,405.53,368.7,341.27,369.52,462.72,572.73,646.75,635.78,607.76,568.51,539.93
333.4,309.05,354.65,452.59,610.83,668.63,662.98,647.87,634.18,629.51,629.85,631.05
518.4,601.8,567.9,515.26,411.58,319.2,275.13,284.34,325.56,404.81,512.78,577.34
429.09,463.42,508.68,607.82,672.08,664.63,642.16,600.5,539.16,442.06,338.84,280.06
527.14,662.64,669.15,678.48,659.25,632.16,586.75,515.09,393.46,305.8,269.72,278.61
529.65,656.98,661.63,651.69,617.87,567.45,485.04,376.79,297.32,264.56,279.16,314.6
528.92,649.38,656.21,643.81,609.11,553.79,463.76,357.74,291.5,269.87,292.02,340.57
530.12,658.88,663.46,654.92,621.28,573.18,494.06,387.98,309.09,275.84,292.5,339.53
529.03,650.31,657.01,644.95,610.41,555.79,467.03,360.91,295.38,278.71,309.31,372.78
525.05,625.41,607.66,570.25,492.63,384.37,305.16,274.53,295.64,349.34,430.08,502.23
518.1,567.96,482.35,352.95,285.47,268.55,292.48,345.59,425.65,499.52,547.73,570.88
513.04,541.84,439.72,320.32,277.91,269.15,296.76,353.91,436.33,506.11,551.37,570.93
440.32,354.34,251.47,216.52,263.55,345.72,465.03,572.31,624.96,614.18,595.1,569.36
269.88,228.42,221.72,386.2,614.88,681.7,682.61,677.56,673.84,671.13,665.4,656.31
199.58,265.93,384.34,601.96,665.59,663.29,652.07,643.83,632.38,613.34,591.22,568.8
216.62,338.88,561.48,659.64,665.94,653.77,641.18,623.46,605.29,585.36,563.54,538.46
456.29,626.65,666.24,681.16,671.9,660.5,652.21,641.51,632.29,626.97,623.62,621.21
530.56,665.69,665.89,665.91,654.03,646.56,641.25,637.84,633.31,625.53,618.3,611.97
520.41,615.34,580.54,539.22,502.79,523.8,580.1,620.84,627.81,629.69,630.16,627.16
525.84,640.63,624.54,596.76,548.17,505.68,523.87,580.41,621.75,628.76,630.68,631.88
517.86,570.8,490.29,363.94,290.62,276.86,347.01,484.3,578.12,607.81,608.34,607.96
512.37,549.04,455.86,332.2,281.42,271.91,311.93,414.75,542.79,604.47,609.31,609.03
501.91,522.09,422.96,317.8,278.15,270.93,301.92,374.86,492.15,577.22,607.36,608.26
496.39,509.22,408.26,313.01,277.54,271.38,301.42,364.27,458.62,547.91,602.55,607.95
447.5,380.76,287.19,236.5,278.05,351.64,462.43,563.67,619.31,616.26,616.83,624.44
413.95,327.01,242.78,209.38,254.18,340.94,464.86,577.61,628.19,617.51,605.4,605.91
508.0,536.94,439.55,322.81,278.54,269.76,297.56,355.24,438.03,507.48,553.66,579.07
507.7,536.11,438.11,321.98,278.3,269.78,297.65,355.39,438.18,507.35,552.28,572.03
509.61,540.7,443.39,324.18,278.72,269.59,297.18,354.54,437.11,506.66,551.79,571.36
518.57,561.36,469.18,338.82,281.48,268.55,294.27,349.15,430.28,502.36,549.32,570.94
513.69,549.83,454.81,330.07,279.89,269.15,296.0,352.39,434.42,504.95,550.79,571.04
518.77,561.38,469.12,338.61,281.41,268.54,294.28,349.16,430.29,502.37,549.31,570.91
515.28,553.19,458.18,331.43,279.99,268.94,295.56,351.57,433.37,504.28,550.38,570.96
518.6,561.02,468.5,338.19,281.33,268.56,294.35,349.3,430.47,502.48,549.38,570.92
511.38,542.77,444.06,323.53,278.31,269.42,296.95,354.12,436.58,506.28,551.5,571.02
487.8,483.73,377.03,300.94,277.19,273.67,306.42,370.75,456.37,519.57,559.84,572.42
354.39,274.71,219.15,220.03,284.83,399.15,529.33,624.04,631.92,613.1,590.32,558.88
213.88,212.28,223.11,377.53,585.9,671.41,670.39,662.16,654.78,647.6,640.15,629.71
217.41,259.54,369.59,591.94,678.33,679.04,668.74,660.41,652.22,639.72,621.66,603.67
275.03,452.98,640.86,680.75,682.38,668.8,658.15,644.44,626.21,607.7,591.59,578.19
361.59,636.84,684.13,690.47,675.67,663.68,652.31,635.59,615.46,596.4,580.81,569.49
519.87,672.76,681.48,691.87,680.51,672.13,667.08,663.01,660.33,658.93,658.24,657.85
533.35,671.69,670.69,669.39,653.34,645.35,641.29,639.47,638.64,638.23,638.01,637.87
533.79,673.05,672.66,669.63,644.45,627.9,624.49,626.04,628.38,630.51,632.31,633.81
533.44,675.52,675.63,676.97,653.24,627.9,614.25,618.34,626.82,633.93,639.62,644.15
532.24,666.41,666.96,659.24,625.57,582.39,523.16,492.34,528.38,593.17,629.23,633.2
531.89,668.72,670.57,672.18,645.76,610.03,555.99,478.39,428.72,463.56,575.05,642.48
492.9,598.17,631.26,674.87,669.4,650.23,617.71,566.59,493.13,443.74,475.59,587.21
456.19,545.36,582.82,655.26,675.18,660.05,635.26,593.15,530.25,433.04,381.55,422.33
501.99,618.7,649.45,678.61,666.24,644.74,608.33,550.09,449.01,347.91,303.64,345.13
507.55,629.79,656.67,679.41,664.72,641.95,603.7,543.24,437.08,338.63,290.45,299.99
525.74,662.64,671.11,679.99,660.84,634.34,591.44,525.29,409.82,321.96,287.38,303.36
532.48,667.67,668.07,663.48,631.28,589.12,522.56,417.42,326.44,278.08,289.76,335.93
531.63,669.7,671.73,675.45,651.7,618.63,566.71,478.51,366.79,301.01,287.01,321.21
530.27,659.45,660.14,647.0,611.91,558.16,470.82,364.32,296.38,278.76,308.68,372.19
527.42,641.71,630.97,603.84,549.08,455.97,350.54,288.69,278.89,312.12,378.17,462.95
527.42,643.3,631.03,603.54,548.33,454.69,349.53,288.13,279.06,312.62,378.94,463.72
525.77,623.86,601.07,557.71,472.99,363.91,294.89,275.9,303.97,364.81,448.81,513.82
525.44,624.79,595.37,546.95,455.53,348.76,287.61,277.34,309.62,374.43,459.25,520.5
515.67,556.31,463.5,335.59,280.83,268.84,295.03,350.55,432.08,503.51,549.99,571.01
333.88,290.29,271.33,297.25,397.38,537.2,644.35,654.24,629.95,592.37,530.95,424.35
427.83,342.78,249.18,212.69,256.89,340.18,461.87,573.05,625.97,614.7,593.39,562.09
354.1,269.58,208.68,214.53,279.74,388.69,521.68,619.88,628.57,603.05,572.91,531.11
372.79,279.67,210.97,206.16,263.4,361.59,494.87,596.23,619.04,595.87,568.18,524.61
307.57,253.44,205.15,227.61,303.35,424.17,550.87,623.19,608.2,581.47,544.65,486.23
482.25,458.04,340.29,281.53,276.46,281.01,321.05,388.6,467.51,523.48,544.1,529.98
514.46,549.94,454.48,329.69,279.78,269.13,295.99,352.38,434.35,504.4,547.51,560.01
523.4,621.18,594.15,549.71,460.73,352.36,289.99,276.32,307.17,370.71,455.31,516.55
529.03,666.74,670.38,670.83,643.12,606.09,548.07,450.26,346.18,291.24,285.08,322.68
517.26,605.64,566.89,498.51,385.81,303.66,272.02,291.12,341.36,419.81,495.81,545.49
514.97,595.53,547.94,458.29,349.64,288.66,274.45,304.06,365.73,450.05,514.53,554.68
513.67,590.44,542.09,451.18,344.99,287.07,275.01,305.87,368.95,453.77,517.12,556.33
442.97,411.3,385.44,380.89,433.14,544.4,643.45,647.37,619.04,569.97,481.91,365.97
511.96,586.52,538.57,449.05,344.47,287.72,276.41,308.31,373.42,459.37,521.37,557.81
513.4,589.56,541.18,450.31,344.52,286.96,275.16,306.21,369.57,454.52,517.76,557.14
513.41,589.6,541.26,450.48,344.66,287.01,275.15,306.17,369.5,454.47,517.85,558.08
511.81,586.11,538.19,448.81,344.39,287.72,276.46,308.41,373.6,459.73,522.57,563.36
516.26,600.18,553.61,466.65,355.95,290.81,274.09,302.2,362.37,446.18,512.23,554.71
517.12,602.46,555.47,468.86,357.44,291.33,274.03,301.8,361.62,445.3,511.67,554.42
513.66,590.24,541.6,450.25,344.21,286.75,275.04,306.06,369.29,454.16,517.54,557.8
513.37,589.26,540.45,448.91,343.39,286.48,275.22,306.51,370.09,455.11,518.26,558.37
515.14,595.96,547.63,456.95,348.29,288.15,274.49,304.36,366.27,450.67,515.08,556.15
517.29,602.64,555.12,467.77,356.4,290.96,274.07,302.09,362.15,445.92,512.06,554.6
513.89,591.01,542.19,450.51,344.19,286.69,274.96,305.91,369.02,453.81,517.24,557.5
480.27,499.19,471.86,483.59,503.14,526.82,535.23,504.3,422.46,335.62,292.92,301.9
304.26,302.89,383.58,538.48,673.76,688.87,683.95,678.07,673.96,671.23,668.2,665.65
282.87,294.56,387.65,592.15,683.45,691.26,681.38,673.99,669.42,666.32,663.62,661.42
223.03,317.7,492.35,653.49,670.35,657.88,645.22,630.53,611.36,587.86,565.23,545.64
358.41,547.31,659.12,694.75,695.93,683.15,676.37,672.67,669.9,666.65,663.32,658.38
516.47,665.86,679.21,691.51,680.91,672.5,667.91,664.06,661.0,659.23,658.35,657.92
531.03,665.07,664.77,660.48,646.62,639.5,636.41,635.54,635.51,635.73,636.01,636.27
531.15,664.4,664.2,655.41,628.75,611.77,611.66,616.77,621.21,624.48,626.93,628.84
530.38,660.17,660.83,648.49,615.26,574.23,545.66,565.55,597.21,620.66,625.67,627.96
519.4,566.75,477.0,345.41,283.23,270.07,307.83,409.9,539.39,602.4,608.15,607.83
517.34,559.48,467.48,338.18,281.64,269.02,297.13,367.2,485.02,574.15,606.94,607.99
517.02,558.64,466.46,337.5,281.52,268.89,295.22,353.28,445.99,541.3,600.61,607.62
517.01,558.62,466.42,337.47,281.51,268.86,294.92,350.77,434.36,514.81,577.44,604.95
511.52,547.39,454.27,331.5,280.96,269.77,296.94,354.34,437.4,509.18,562.08,596.45
529.38,654.44,654.9,639.24,602.75,544.07,448.03,345.79,286.81,281.45,319.81,401.09
529.39,654.23,655.03,639.53,603.15,544.69,449.02,346.52,287.22,281.05,317.07,387.71
530.42,661.53,661.66,650.16,615.75,563.85,479.65,372.56,300.7,278.05,305.22,366.55
462.54,426.88,344.62,283.2,304.11,359.88,452.54,549.35,612.02,609.48,592.51,568.34
463.19,429.51,347.25,285.56,304.73,358.67,449.69,546.61,610.51,609.12,592.42,568.46
461.67,423.48,338.55,277.99,302.84,360.15,454.87,551.48,612.85,609.46,592.33,567.96
461.25,422.08,336.52,276.14,302.16,359.96,455.29,552.0,613.09,609.5,592.33,567.94
460.45,421.03,339.03,274.47,292.26,337.36,420.73,521.26,590.82,602.73,587.89,564.4
468.0,478.73,444.46,418.65,348.88,288.42,271.96,298.93,357.32,440.79,509.58,553.97
471.44,504.07,484.29,474.8,422.16,335.55,276.55,275.96,309.58,374.19,457.0,513.3
461.96,458.34,411.8,376.27,321.45,275.45,273.55,306.14,368.13,447.56,507.49,540.3
450.24,391.73,303.0,238.41,243.05,265.06,317.25,391.89,473.27,527.54,544.05,524.81
456.52,432.47,364.62,305.47,268.17,252.1,267.09,297.7,346.26,414.24,473.32,512.09
448.35,389.9,293.29,229.83,218.76,225.12,243.56,270.37,308.34,353.55,398.05,432.09
496.09,526.12,421.29,298.68,241.49,237.28,251.66,273.64,307.35,358.97,417.68,454.21
440.59,354.36,246.99,192.27,200.7,222.52,249.06,286.45,342.54,405.2,447.1,468.09
464.24,450.79,388.93,332.57,285.99,267.24,287.9,337.63,415.62,493.94,545.09,571.64
523.9,606.77,563.24,485.89,372.01,296.61,272.63,296.13,351.12,432.51,503.77,550.26
522.28,623.02,606.33,568.91,490.14,381.15,303.13,274.46,296.58,351.23,432.48,503.67
518.21,607.13,565.92,493.31,379.56,300.37,272.43,293.69,346.38,426.41,500.0,548.12
517.51,603.68,556.78,470.41,357.6,286.38,261.46,277.81,312.92,369.66,440.55,494.27
517.41,603.28,556.0,468.86,356.31,286.05,261.65,278.35,314.01,371.44,442.36,495.7
466.69,464.88,442.72,471.45,533.99,611.23,611.16,567.28,487.09,377.29,298.71,268.54
513.11,588.5,539.68,448.13,342.5,283.24,265.46,286.61,331.27,399.18,468.44,516.47
513.87,590.89,541.95,450.09,343.77,285.87,271.06,294.11,346.67,422.2,487.93,528.91
510.91,583.87,535.15,444.88,341.84,287.16,276.82,306.87,366.68,447.61,510.65,543.36
511.71,585.36,536.56,445.64,341.9,286.66,276.48,308.35,370.8,450.39,511.45,543.43
514.12,591.87,543.03,451.28,344.56,286.8,274.85,305.59,367.97,449.83,508.32,542.34
516.5,600.45,552.63,463.87,353.34,289.9,274.2,302.9,363.57,446.99,509.62,545.34
516.67,600.92,553.13,464.6,353.9,290.09,274.18,302.76,363.38,447.28,512.4,551.74
514.61,593.83,545.16,453.71,346.06,287.34,274.67,305.07,367.53,452.09,515.94,556.08
513.34,589.07,540.09,448.28,342.9,286.28,275.26,306.66,370.34,455.37,518.42,558.35
471.12,475.1,450.58,473.81,525.17,598.09,620.47,587.46,522.66,408.37,321.09,288.54
505.33,576.39,536.79,482.67,389.77,312.84,286.31,308.49,370.94,461.67,530.32,583.42
471.32,475.85,451.64,475.85,527.37,599.62,619.27,584.75,517.97,402.52,317.79,288.61
477.02,491.77,467.76,490.75,527.54,573.59,589.19,547.22,451.06,347.3,297.32,293.44
407.09,342.48,310.13,280.71,338.5,458.97,582.92,654.88,643.63,618.12,578.73,507.18
265.64,266.31,349.51,558.72,674.01,684.71,675.55,667.96,663.22,659.96,657.16,654.04
241.15,290.09,409.76,607.92,679.69,680.14,669.53,661.51,654.82,647.83,639.99,630.4
249.1,404.32,609.59,669.75,670.64,654.54,643.81,632.71,613.73,594.8,579.46,565.82
420.12,627.66,675.08,692.57,688.6,677.05,670.77,667.28,664.15,661.09,658.9,656.48
529.19,663.75,664.83,666.79,658.01,651.51,646.2,643.17,641.6,640.74,640.23,639.86
525.22,625.91,595.26,559.7,530.78,552.69,589.71,618.86,624.89,627.34,629.1,630.51
527.89,645.14,638.9,616.93,580.51,553.2,568.41,597.37,619.19,624.42,626.95,628.8
523.21,602.28,547.33,451.07,343.36,292.79,321.65,443.93,560.83,606.88,608.66,608.21
522.25,593.51,526.42,413.66,316.36,272.54,290.45,381.29,519.57,592.89,608.09,608.0
523.96,610.38,565.93,488.54,374.26,298.02,274.43,310.2,412.11,540.43,602.68,608.18
529.42,655.87,655.72,639.2,602.67,543.89,448.12,347.82,295.88,331.53,457.31,566.37
532.05,667.27,666.52,657.31,623.61,577.0,499.93,395.01,315.22,286.19,354.53,491.15
531.47,664.07,664.83,655.3,621.36,573.33,494.31,388.42,309.78,278.54,312.38,413.81
532.0,666.22,666.46,659.31,626.0,580.68,506.13,401.39,317.51,276.91,295.66,360.6
530.36,662.95,662.29,653.02,620.3,570.45,488.08,378.74,303.6,279.07,305.29,368.89
532.05,667.85,667.33,660.7,628.25,584.21,512.38,406.16,319.69,277.38,292.7,342.78
520.18,576.44,494.61,366.11,289.82,267.82,289.14,338.96,416.81,493.83,544.19,570.28
516.87,552.55,454.22,327.55,278.87,268.81,295.62,351.71,433.55,504.37,550.4,570.91
517.46,553.7,455.46,328.16,278.88,268.77,295.5,351.48,433.25,504.16,550.26,570.85
516.63,550.7,451.36,325.8,278.18,268.96,295.98,352.32,434.29,504.81,550.61,570.85
476.37,426.99,298.28,254.02,270.0,294.01,352.83,436.91,508.07,553.99,573.61,558.95
476.92,428.41,299.51,255.35,270.41,293.79,352.0,435.73,507.28,553.51,573.57,559.16
311.26,257.46,211.11,234.78,316.82,449.57,576.63,645.88,632.69,608.61,580.81,538.94
186.81,211.51,271.41,498.46,648.44,674.6,665.65,652.89,636.55,620.14,604.43,589.48
168.69,245.06,375.36,609.53,673.57,667.29,652.15,634.91,618.85,603.84,589.09,575.23
259.95,387.86,586.92,676.14,673.13,648.78,630.66,614.8,596.92,579.99,565.78,550.36
481.16,564.38,539.06,542.47,579.04,615.03,627.42,634.45,639.59,642.92,644.73,645.61
515.24,547.45,454.7,337.07,302.9,367.11,508.89,587.91,604.42,604.26,603.86,603.69
516.11,548.74,450.67,326.61,281.46,312.65,433.58,556.49,606.05,608.18,607.71,607.47
513.93,554.2,464.06,337.86,282.87,279.57,358.12,498.86,584.72,609.0,609.26,608.96
519.99,570.77,485.72,355.27,285.92,269.66,305.7,406.81,537.61,601.87,608.16,607.85
519.57,570.85,487.47,357.93,286.75,268.24,293.3,359.99,477.1,570.64,606.77,608.03
465.39,455.11,394.7,337.63,321.24,351.72,418.02,516.9,598.08,625.1,627.96,628.68
498.49,540.22,465.72,365.72,304.75,291.33,324.21,396.72,490.2,560.56,610.97,618.01
516.89,560.14,469.48,340.27,282.05,268.88,294.67,349.99,431.76,505.36,559.63,595.78
517.9,561.67,470.49,340.44,281.88,268.63,294.25,349.1,430.29,502.7,551.25,580.18
513.01,557.5,471.04,345.02,284.2,269.91,295.82,352.25,434.76,506.38,553.55,576.04
489.94,542.22,522.37,484.43,386.44,303.18,271.44,289.99,339.88,418.9,497.76,550.11
499.41,567.16,542.23,496.05,394.42,307.74,268.84,283.74,327.04,400.21,482.17,536.31
518.68,562.23,472.77,342.41,282.16,268.36,293.59,347.84,428.58,501.3,548.7,570.88
518.76,561.71,469.78,339.31,281.47,268.55,294.22,349.03,430.12,502.26,549.24,570.9
518.82,561.77,469.5,338.97,281.4,268.57,294.29,349.16,430.28,502.36,549.3,570.9
517.15,558.65,465.85,336.62,280.92,268.71,294.72,349.98,431.34,503.02,549.68,570.93
517.15,558.02,464.59,335.51,280.63,268.73,294.86,350.23,431.66,503.21,549.78,570.92
496.69,515.39,419.49,318.79,278.87,271.27,300.42,360.39,444.46,511.73,555.23,572.43
455.27,403.11,310.96,254.64,289.98,350.9,451.81,548.91,609.0,604.55,586.02,558.99
297.86,259.02,231.47,272.91,375.96,521.67,637.34,657.37,636.64,604.99,554.38,472.4
181.27,210.49,272.35,501.43,644.75,664.26,651.62,632.42,607.39,581.91,560.12,540.33
232.31,256.67,345.66,572.74,677.95,680.68,670.73,662.81,656.31,651.08,646.51,638.91
340.36,570.68,669.46,689.36,683.08,668.47,659.39,652.53,647.21,643.46,638.81,629.74
526.46,672.7,677.78,688.68,675.32,668.09,663.14,659.36,657.22,656.19,655.73,655.51
531.2,666.24,666.91,665.52,650.61,643.35,640.22,639.11,638.81,638.8,638.87,638.96
533.09,670.84,670.62,666.1,639.25,622.32,619.63,621.94,624.68,626.97,628.81,630.3
533.07,670.56,671.35,666.37,634.48,602.6,585.55,589.98,608.83,618.34,622.79,625.68
532.89,670.2,670.0,664.68,631.76,591.65,540.69,508.74,539.59,592.9,625.78,630.43
512.63,579.57,512.69,406.93,319.76,286.39,298.76,363.76,488.4,583.77,617.32,618.53
517.43,577.19,501.69,379.73,297.1,267.68,285.8,334.33,421.36,527.65,594.11,607.65
515.9,574.26,498.89,377.02,295.63,267.49,285.91,332.71,410.31,499.41,570.3,604.66
410.69,415.43,471.02,576.56,666.35,664.87,647.18,613.27,557.78,465.21,369.57,345.37
491.15,595.56,630.11,674.69,669.07,649.92,617.05,563.12,471.15,361.71,303.05,303.73
522.39,657.25,668.73,679.43,660.61,634.28,591.05,524.5,408.81,321.47,288.29,308.7
519.62,575.48,495.31,367.96,290.4,267.41,288.14,337.0,414.13,492.04,543.03,570.14
519.19,568.36,481.38,350.9,284.59,268.33,292.57,345.79,425.91,499.65,547.78,570.88
519.19,566.68,478.08,347.27,283.57,268.42,293.18,346.98,427.47,500.62,548.34,570.89
513.49,546.25,447.47,324.72,278.11,269.31,296.62,353.47,435.75,505.76,551.2,571.0
518.24,557.83,462.76,333.46,279.99,268.7,294.98,350.45,431.94,503.37,549.86,570.9
519.36,566.09,476.76,345.58,283.08,268.42,293.38,347.39,427.99,500.95,548.52,570.89
518.57,562.6,471.13,340.64,281.85,268.55,294.11,348.8,429.83,502.09,549.16,570.92
514.59,548.84,450.65,326.25,278.4,269.17,296.28,352.85,434.97,505.26,550.9,570.94
511.16,537.78,434.71,318.08,276.21,269.75,297.8,355.53,438.3,507.33,552.03,570.99
190.48,207.03,250.26,456.78,630.17,675.92,668.93,658.44,644.59,627.92,612.34,597.39
223.65,240.3,298.73,520.11,664.28,680.37,671.6,663.66,656.59,648.11,634.73,618.08
246.48,382.61,594.11,671.47,674.74,659.79,650.0,637.43,617.63,598.76,583.54,570.53
265.46,524.62,658.39,670.33,651.91,628.85,602.38,575.98,554.07,534.33,521.43,519.97
518.55,667.94,675.74,682.57,668.58,660.29,654.74,650.84,648.79,647.87,647.47,647.3
528.82,671.62,674.46,683.32,671.77,665.79,661.45,658.28,656.54,655.72,655.34,655.16
532.94,674.18,674.9,676.91,657.11,645.51,643.02,644.54,646.8,648.62,649.82,650.52
533.2,670.47,670.19,664.5,632.4,599.82,582.33,586.25,607.76,618.5,622.99,625.82
530.44,662.25,661.93,650.63,615.83,566.45,498.73,461.38,500.89,587.15,634.19,637.46
512.27,634.52,651.23,672.89,655.3,625.75,578.95,517.42,470.13,498.97,594.61,651.63
514.11,636.95,652.73,669.57,648.45,614.22,559.01,467.66,369.73,341.36,410.36,549.29
464.19,542.96,579.8,655.31,674.11,658.77,632.65,589.14,524.07,424.55,374.25,418.58
480.31,576.28,608.99,666.84,672.85,655.57,626.75,578.94,502.47,388.74,319.88,334.76
518.45,642.38,655.19,662.65,635.37,594.42,530.16,420.65,326.95,281.94,294.97,357.51
524.35,643.85,639.48,621.15,576.67,498.34,390.4,309.13,275.55,295.83,349.69,432.67
526.48,638.33,618.68,584.64,517.4,410.88,320.61,274.42,286.77,331.36,406.04,486.7
527.72,650.09,642.57,620.86,575.31,496.51,389.23,308.77,275.33,295.8,349.19,429.87
523.42,644.21,644.72,631.49,593.06,528.55,423.31,328.31,277.85,286.54,329.81,404.25
526.17,643.82,632.42,607.56,554.43,464.25,356.98,292.12,278.06,309.29,373.71,458.58
525.2,619.86,589.04,537.1,440.1,337.55,281.21,279.51,315.38,383.26,467.86,526.27
524.89,615.72,582.21,525.23,421.24,325.18,274.99,282.55,322.83,394.1,477.3,532.86
525.2,620.1,589.22,537.36,440.49,337.81,281.37,279.45,315.22,383.03,467.64,526.12
522.54,640.63,638.66,622.91,580.04,504.05,396.07,312.29,275.45,293.74,345.32,425.23
493.48,596.99,630.29,673.91,663.07,640.24,601.07,539.21,431.03,335.07,290.48,298.31
327.28,364.45,482.81,595.54,670.25,669.53,653.71,623.43,573.97,507.79,477.61,528.13
261.43,302.02,421.2,611.47,677.95,677.46,667.27,659.17,652.02,644.27,635.43,625.45
240.06,398.99,615.56,666.1,666.46,649.47,634.52,614.51,587.66,564.54,548.29,529.18
347.71,587.55,670.85,685.58,677.01,668.21,666.66,665.94,663.55,658.68,649.32,640.14
506.29,657.63,677.41,690.19,679.4,670.83,665.75,661.6,658.8,657.33,656.62,656.18
532.73,671.9,671.9,671.82,655.52,647.56,643.4,641.46,640.57,640.13,639.89,639.74
533.4,671.3,670.58,666.32,639.97,623.06,620.19,622.39,625.09,627.37,629.21,630.71
533.74,672.24,671.48,666.43,634.6,602.74,585.8,590.4,608.98,618.36,622.8,625.7
532.22,667.46,670.41,665.38,632.19,592.64,542.84,511.39,541.86,593.02,625.04,629.7
522.92,657.94,668.96,679.25,660.15,633.39,591.85,540.31,498.46,526.32,601.0,646.87
530.78,662.99,664.38,656.87,623.29,576.41,499.27,395.93,323.5,322.92,433.56,556.49
482.89,577.74,610.81,667.91,671.84,654.33,624.58,575.71,497.79,396.95,356.25,415.1
494.82,602.43,636.73,676.37,667.89,647.83,613.51,557.9,462.54,357.08,308.31,341.64
528.04,661.14,667.09,669.53,641.94,604.45,545.65,445.9,343.15,288.27,289.1,343.42
524.17,659.29,669.11,678.3,658.17,629.6,583.94,512.39,395.14,313.67,287.71,314.06
531.15,664.12,663.98,653.92,619.62,570.53,490.03,383.5,306.6,277.2,300.52,357.93
531.17,664.12,664.79,656.59,622.74,575.58,497.73,391.86,311.52,276.8,297.08,351.17
518.51,560.45,467.43,337.29,281.1,268.57,294.44,349.48,430.7,502.61,549.44,570.9
514.39,549.91,453.4,328.27,279.21,269.02,295.91,352.23,434.2,504.79,550.64,570.94
517.69,557.94,463.63,334.41,280.44,268.66,294.83,350.22,431.66,503.2,549.76,570.9
518.49,561.12,468.63,338.37,281.36,268.56,294.33,349.26,430.42,502.44,549.35,570.9
517.8,557.64,462.93,333.78,280.27,268.66,294.89,350.33,431.79,503.28,549.8,570.89
501.32,522.72,423.69,317.7,277.84,270.45,299.09,357.99,441.41,509.5,553.54,571.6
449.32,381.22,281.27,234.83,277.23,348.12,458.04,558.44,614.76,606.6,587.2,559.79
280.72,245.04,234.36,319.81,473.74,641.14,678.31,674.52,671.14,668.42,665.32,663.04
197.09,233.15,327.54,557.98,659.01,664.78,652.34,639.61,623.47,603.24,585.06,570.06
194.78,279.34,450.13,644.14,664.2,650.64,634.08,610.03,583.07,559.25,537.83,513.52
356.06,549.12,657.9,683.24,679.2,665.51,659.3,654.63,650.15,647.24,645.5,642.95
529.98,658.86,660.06,659.67,648.25,639.61,634.05,630.82,628.78,627.3,625.94,623.46
527.86,663.8,669.22,675.94,662.12,656.01,652.09,650.08,649.21,648.87,648.74,648.7
532.58,669.35,668.99,663.89,637.02,620.05,617.74,620.56,623.64,626.14,628.11,629.69
533.57,672.04,671.61,666.68,635.1,603.18,586.06,590.6,608.96,618.29,622.75,625.65
531.5,665.31,666.76,659.36,625.53,582.18,522.87,491.93,527.96,593.06,629.29,633.27
517.45,648.28,664.0,678.0,659.54,632.77,590.47,537.97,494.91,522.43,599.96,647.62
516.18,646.62,664.06,678.62,660.59,634.51,591.64,527.78,429.05,377.14,418.46,547.03
529.93,659.73,658.43,644.07,608.58,552.59,461.81,356.78,293.83,291.14,376.4,515.01
526.68,656.75,662.98,662.72,632.4,590.24,524.13,415.94,324.74,280.49,304.71,401.42
523.96,655.14,665.13,671.09,645.67,609.84,552.95,456.72,350.26,292.83,289.2,341.54
529.17,658.55,660.13,650.27,616.38,564.51,480.12,372.32,300.39,278.47,306.33,370.52
529.8,658.72,657.32,642.22,606.32,549.21,456.3,352.06,289.65,280.47,314.51,381.88
528.49,658.1,661.46,655.31,622.63,574.59,495.26,387.33,308.27,277.76,300.24,357.42
518.5,559.75,465.8,335.79,280.69,268.6,294.62,349.81,431.12,502.88,549.6,570.92
518.05,559.24,465.07,335.35,280.61,268.64,294.72,350.01,431.38,503.05,549.7,570.95
516.26,554.28,459.27,331.86,280.01,268.96,295.54,351.57,433.43,504.43,550.64,571.31
513.1,545.63,446.95,324.51,278.27,269.26,296.58,353.43,435.7,505.72,551.16,570.97
506.32,531.73,431.74,318.96,277.39,269.96,298.15,356.25,439.23,507.99,552.51,571.21
513.15,543.8,443.02,321.88,277.33,269.36,296.91,353.97,436.36,506.1,551.33,570.9
364.03,278.02,217.01,213.66,274.24,379.82,512.48,614.66,632.2,614.66,592.86,563.72
311.14,260.18,216.14,235.96,316.15,448.57,576.43,648.02,634.36,608.93,580.92,539.25
228.67,208.57,180.84,308.73,529.9,661.56,680.82,678.96,676.63,674.97,672.5,669.81
182.28,237.49,351.45,600.93,667.24,660.57,644.25,621.33,595.39,571.46,551.2,528.56
234.73,415.1,632.62,664.1,652.48,627.11,601.77,575.78,552.41,530.18,508.22,499.47
333.71,619.16,663.38,667.68,645.89,620.75,592.71,565.93,543.78,519.58,503.02,498.87
398.45,618.26,674.82,688.58,679.58,666.91,661.16,656.26,652.19,649.92,648.86,648.39
522.96,669.71,678.17,686.48,674.55,665.18,659.69,655.3,652.68,651.42,650.86,650.62
533.83,671.96,671.6,670.36,653.31,644.64,639.95,637.65,636.45,635.76,635.3,634.96
