35.18,24.97,37.14,55.22,90.69,148.61,223.66,247.61,259.0,285.41,330.25,350.43
28.42,26.59,38.11,53.95,88.11,139.91,207.48,251.05,283.39,287.77,260.71,207.85
53.06,43.93,57.54,69.75,92.6,110.91,113.95,104.8,90.86,75.07,63.74,60.13
128.94,113.08,113.26,124.62,131.29,127.77,119.23,112.46,102.73,85.15,63.79,58.02
285.5,246.03,220.72,203.25,187.09,177.37,163.75,140.77,123.59,106.65,79.57,59.18
330.12,277.42,229.82,190.8,164.03,144.35,125.85,109.59,84.5,55.52,52.23,55.6
229.83,167.43,139.7,117.32,100.37,77.16,50.47,44.29,45.28,48.13,51.52,52.32
313.55,222.86,159.07,124.16,99.36,76.08,51.72,46.76,49.87,50.32,50.85,53.59
323.13,213.56,138.38,95.91,72.86,51.8,44.67,44.47,45.23,47.18,51.12,53.94
221.26,145.1,108.49,82.7,60.77,47.81,44.83,44.67,44.85,45.59,48.29,51.54
184.49,116.11,80.52,60.03,49.31,45.9,45.36,45.22,45.32,46.63,50.81,53.0
109.23,61.44,58.73,50.73,46.69,45.45,46.05,45.72,44.86,44.73,43.09,41.65
56.55,34.72,45.4,44.62,43.13,42.12,41.86,41.79,41.84,41.79,41.9,42.85
38.21,29.75,37.86,40.87,43.48,42.62,41.94,41.09,40.64,40.39,39.87,39.5
36.57,30.06,35.38,33.91,33.13,33.04,35.89,39.0,38.74,38.61,38.91,39.17
24.62,16.7,25.05,26.51,27.76,29.61,34.1,37.21,37.49,38.39,41.05,44.26
29.46,17.14,25.3,27.12,28.63,30.87,35.68,38.63,38.86,40.18,42.73,41.05
13.47,13.46,21.13,23.06,24.92,26.86,31.28,33.77,33.87,34.2,34.99,35.67
17.38,10.84,18.42,18.65,21.69,27.91,32.86,31.72,27.8,28.51,31.78,34.79
22.55,17.48,25.32,25.46,26.53,31.36,38.41,41.12,38.37,40.71,48.72,64.0
34.34,18.91,25.94,27.56,28.72,33.43,38.86,42.07,44.37,46.61,51.75,64.2
27.96,19.99,27.35,27.72,29.63,34.93,39.42,43.36,48.14,51.45,52.43,53.52
13.52,20.07,26.97,27.18,30.46,36.47,40.87,42.4,44.55,47.25,48.79,48.51
23.19,18.7,26.17,27.01,30.76,36.64,39.58,41.19,42.34,44.14,46.81,48.58
20.34,21.1,28.13,29.37,33.2,37.74,38.99,39.91,40.98,42.56,44.74,45.77
21.22,28.21,28.65,28.09,30.13,34.22,35.29,35.44,36.3,37.73,40.2,44.31
31.05,35.7,36.95,37.72,41.4,43.87,44.18,44.21,43.9,43.73,43.85,44.18
34.82,33.07,34.27,33.66,33.36,33.78,36.18,39.26,39.36,39.04,38.97,39.06
33.87,29.4,29.82,32.73,32.87,32.66,32.75,32.92,32.94,33.47,35.89,38.76
45.59,34.57,32.91,34.26,37.51,37.66,37.44,37.49,37.43,37.36,37.37,37.51
40.63,32.8,29.59,28.53,30.98,34.21,34.47,34.6,34.64,34.47,34.33,34.23
48.89,37.58,35.05,32.46,31.06,32.09,35.8,36.89,36.91,36.81,36.68,36.61
53.61,45.57,42.44,38.03,35.57,34.36,34.5,37.57,41.34,41.61,41.44,41.47
30.68,27.23,27.92,25.56,24.9,24.53,24.38,24.42,25.16,28.24,32.92,33.81
48.6,29.77,34.24,31.78,30.62,29.76,29.21,28.89,28.75,28.96,30.85,36.56
31.61,23.3,26.64,25.46,25.31,25.28,25.32,25.39,25.47,25.61,26.12,27.96
38.45,18.99,24.8,24.45,24.39,24.41,24.48,24.56,24.64,24.74,25.04,25.49
30.2,19.39,24.85,24.39,24.4,24.44,24.5,24.57,24.66,24.77,25.11,25.72
19.22,18.6,25.18,24.34,24.55,24.56,24.59,24.61,24.63,24.65,24.68,24.82
5.69,15.55,25.69,24.92,25.12,25.05,25.04,25.04,25.04,25.04,25.06,25.26
10.18,11.74,19.97,22.0,23.92,24.58,24.85,24.95,25.01,25.23,25.66,23.56
4.11,11.63,20.43,22.36,24.22,24.74,24.93,25.01,25.19,26.01,27.77,28.81
11.07,12.29,20.14,22.02,24.14,24.72,24.96,25.11,25.6,26.95,28.42,28.92
8.76,16.11,24.58,24.02,25.47,28.18,30.56,33.61,38.32,41.03,43.78,46.84
14.04,17.4,24.96,25.12,26.13,29.52,35.66,41.08,43.65,45.04,46.64,49.49
9.29,15.68,26.31,27.11,29.7,35.58,41.68,44.95,47.47,49.68,51.35,63.4
8.18,17.15,26.26,27.0,31.06,38.35,43.11,44.85,46.69,51.28,50.03,56.43
10.11,16.6,26.99,28.22,32.72,39.49,43.99,45.78,48.16,52.95,51.77,60.39
10.33,17.06,27.37,29.4,34.85,40.83,44.01,45.24,47.6,52.88,54.32,54.57
8.54,18.08,26.51,28.36,33.05,38.31,41.22,42.28,43.5,48.11,51.42,49.78
10.93,15.81,27.44,31.36,34.48,36.57,37.97,38.7,39.16,40.48,45.09,48.14
10.03,18.56,29.26,31.01,31.4,31.55,31.88,32.46,33.12,33.76,34.91,39.39
9.53,21.71,31.97,32.31,32.26,32.31,32.56,32.98,33.47,33.99,35.15,39.41
16.92,17.83,24.88,27.0,28.28,28.47,28.42,28.35,28.29,28.28,28.38,29.09
42.46,23.91,26.01,28.36,28.81,28.8,28.63,28.43,28.27,28.18,28.31,29.36
46.88,30.13,29.85,30.83,31.29,31.31,31.1,30.9,30.78,30.81,31.55,34.9
69.83,29.33,26.75,29.51,29.43,29.88,31.28,30.24,29.93,29.91,26.13,22.79
42.21,28.75,28.77,29.61,29.77,29.47,29.26,30.23,30.9,31.17,34.35,41.4
35.15,21.8,20.08,22.96,24.61,26.5,28.38,29.57,30.09,32.7,32.92,31.6
24.52,19.83,22.08,24.11,24.97,25.39,26.52,27.75,28.95,32.62,38.89,37.87
20.99,11.92,16.44,20.23,23.55,26.18,28.95,31.34,31.7,28.51,25.98,35.12
29.39,17.06,19.28,20.87,24.01,27.96,31.01,32.04,29.55,28.44,37.61,49.59
49.37,32.58,26.57,28.07,30.45,33.59,35.26,32.02,29.17,31.79,33.36,34.38
53.18,34.68,28.22,29.02,30.9,30.43,29.27,30.56,32.27,31.63,34.05,39.38
47.97,30.94,25.64,28.07,26.98,22.66,22.39,25.49,30.07,34.19,44.15,62.17
26.91,20.68,24.87,27.15,23.23,24.46,36.82,61.08,101.35,179.55,281.77,289.56
36.77,25.31,25.3,27.79,23.02,29.75,46.87,76.86,136.9,254.44,358.28,362.96
48.85,40.23,36.3,45.37,42.81,58.58,108.51,202.72,394.61,399.49,375.98,368.89
23.33,24.03,28.03,33.36,41.32,64.25,130.25,250.64,380.61,362.86,341.44,327.91
35.86,30.69,36.84,55.54,113.05,218.66,416.68,391.48,352.62,319.73,267.73,209.96
35.02,32.06,36.37,58.9,125.02,250.16,472.73,441.22,409.91,397.72,404.97,421.64
50.47,46.57,48.93,89.29,193.15,468.22,485.31,456.78,440.73,437.83,452.19,462.62
61.86,63.51,90.15,181.53,420.98,484.67,457.28,442.75,447.02,452.29,420.24,329.48
70.76,87.54,146.07,269.7,451.46,443.47,439.1,441.86,440.52,402.77,316.41,251.78
95.46,130.88,239.2,420.52,422.04,417.46,423.09,421.85,384.87,305.79,244.63,185.17
172.03,221.41,316.84,429.42,456.17,459.37,449.38,410.0,306.44,235.43,170.87,122.55
315.53,369.68,392.21,388.31,299.31,208.29,135.73,89.93,62.06,61.78,62.62,65.78
350.63,410.03,393.63,289.26,193.62,116.9,76.41,50.9,48.58,48.35,48.4,48.44
467.11,486.33,431.05,304.76,202.24,121.07,79.35,54.65,55.1,56.03,56.17,56.18
435.59,444.86,384.12,262.17,163.55,98.04,59.05,47.48,46.51,46.55,46.74,47.15
444.45,436.76,361.01,251.35,158.23,100.91,62.79,54.47,52.46,50.86,50.92,54.14
401.74,382.0,307.79,211.38,125.29,79.23,57.28,55.54,54.55,53.71,54.95,58.78
344.79,265.16,186.23,120.14,79.31,57.49,56.02,55.77,55.93,57.07,57.54,58.81
341.73,239.63,151.22,105.23,70.83,56.58,55.33,55.07,55.23,56.5,58.53,65.57
204.0,132.44,93.92,63.9,56.0,54.96,54.8,55.21,56.32,57.18,60.16,70.52
195.84,124.46,84.88,62.86,56.55,55.5,55.36,56.17,57.41,59.38,66.39,78.73
113.92,68.01,61.09,53.02,50.92,51.3,50.27,48.76,48.44,51.37,58.55,74.82
65.18,46.3,51.65,46.91,45.87,46.8,45.51,44.94,47.22,51.36,66.13,91.85
92.21,49.17,50.35,48.7,48.79,49.27,46.15,47.4,52.13,61.88,82.98,123.87
31.86,28.35,36.06,37.85,39.81,38.09,45.35,53.09,77.96,142.38,269.29,463.32
34.96,25.1,33.46,36.58,34.72,40.63,57.24,87.71,155.46,302.82,464.31,451.33
26.15,17.01,28.76,37.37,50.59,67.8,104.85,171.32,297.64,398.16,431.47,456.51
25.97,24.59,31.59,44.31,64.16,100.75,161.1,256.23,325.78,356.17,405.11,441.49
38.31,40.95,44.72,65.56,108.67,179.99,296.58,343.65,358.65,399.08,433.31,455.32
47.08,43.06,63.1,108.8,186.68,320.9,377.85,382.5,383.82,374.0,336.82,289.26
51.6,50.06,72.98,124.78,212.61,371.71,400.3,392.63,385.93,390.95,415.69,460.66
65.33,80.54,126.35,219.37,391.79,405.68,387.53,375.87,377.94,396.31,406.84,357.72
85.64,127.31,221.74,397.94,406.13,389.51,379.94,387.07,408.1,421.66,398.76,326.55
156.59,250.94,401.65,408.27,402.42,404.3,416.95,420.13,398.11,353.84,309.72,255.37
245.08,342.74,378.48,424.01,488.1,507.96,478.2,394.01,306.97,252.39,181.97,133.33
273.63,415.61,483.29,513.31,505.61,450.05,347.33,283.93,231.44,179.22,131.09,104.79
505.19,556.25,557.57,548.62,499.64,397.31,296.12,239.61,185.09,133.24,109.47,107.42
580.3,546.1,496.28,453.3,353.9,262.53,186.62,140.06,105.68,94.4,95.15,95.87
300.83,323.24,333.27,345.49,320.7,255.3,181.5,135.97,107.09,76.78,72.59,76.77
548.04,445.0,318.15,235.9,162.62,120.68,91.06,80.83,77.91,77.02,77.87,81.27
418.04,326.2,241.33,165.01,121.33,88.54,65.11,63.08,65.18,68.05,68.41,72.11
318.68,248.73,178.3,138.74,102.33,67.94,61.13,61.17,63.58,67.14,70.6,75.98
453.55,319.51,208.91,140.46,99.47,67.25,61.45,60.85,61.4,64.3,68.28,71.67
246.28,174.16,141.31,110.21,74.94,58.44,57.44,57.49,57.84,59.41,64.08,73.81
201.11,130.07,95.03,67.31,56.87,55.83,55.78,55.98,57.05,59.35,65.92,78.18
202.54,128.8,83.32,60.52,55.58,55.16,55.45,56.6,57.92,59.74,67.63,80.07
87.97,42.52,50.84,49.88,50.44,50.01,46.63,46.38,47.24,50.14,63.62,84.78
51.42,40.88,49.24,47.63,44.43,45.1,43.13,42.25,45.22,53.8,73.73,119.98
42.93,30.81,40.99,46.98,46.7,40.19,42.4,49.14,54.84,70.58,105.61,176.55
31.83,16.0,29.3,34.59,26.85,37.3,51.36,65.07,94.08,144.86,213.96,307.54
28.37,23.42,33.57,36.5,38.9,58.21,85.8,126.57,172.78,208.69,192.89,164.7
27.82,18.74,29.6,42.42,60.96,94.68,147.06,225.83,283.25,316.85,352.65,403.31
31.88,24.21,37.9,56.53,93.04,150.92,229.87,264.5,277.59,302.93,350.02,405.41
47.23,42.4,58.32,94.62,162.89,265.96,324.36,336.49,358.35,393.3,433.26,464.71
59.04,64.71,85.17,143.17,237.54,361.7,362.95,355.98,360.14,386.76,445.57,479.95
70.8,84.26,133.24,236.38,423.23,416.14,398.21,399.04,415.93,422.82,378.03,299.43
78.95,119.25,208.63,344.02,346.02,333.15,332.88,341.92,353.56,335.92,292.75,233.19
156.15,243.39,372.36,389.05,387.15,385.26,392.84,402.95,384.87,329.03,278.77,222.53
231.42,319.54,349.47,361.89,391.13,425.58,406.76,313.51,250.5,185.38,140.87,110.27
346.6,362.14,355.56,359.64,374.57,366.79,289.36,216.56,160.92,124.22,98.39,99.81
316.27,345.91,337.96,335.66,338.66,322.65,258.98,188.96,141.54,112.83,85.45,86.26
385.31,374.33,345.28,329.54,300.48,236.57,159.16,113.79,86.01,68.36,70.46,76.95
432.7,389.81,330.54,271.62,198.56,136.6,101.05,71.69,62.33,67.56,71.67,75.41
379.65,340.18,293.83,227.6,166.19,118.27,86.02,58.39,56.18,59.32,61.15,65.46
366.14,295.04,218.23,155.2,115.98,80.5,56.13,54.04,55.96,58.89,60.84,66.5
351.25,263.6,174.59,128.1,93.88,61.76,54.82,53.68,54.88,57.86,59.78,63.43
383.91,279.61,185.02,128.99,93.74,62.1,54.89,53.18,52.86,54.1,57.66,62.29
234.59,165.78,135.16,105.42,69.33,57.23,54.92,53.49,52.6,52.45,54.42,60.39
243.28,137.85,95.54,75.47,61.53,58.26,55.91,54.15,53.98,54.41,55.38,61.73
106.34,52.6,52.65,51.34,49.97,51.18,52.67,49.7,49.28,53.59,68.98,95.2
85.99,42.85,46.93,45.87,50.33,49.2,47.63,49.99,53.28,65.28,85.66,128.35
45.13,34.24,42.12,42.33,42.44,46.34,51.61,54.27,71.17,115.08,208.18,489.01
31.01,18.61,31.53,35.7,29.06,31.96,42.94,59.35,89.34,163.68,333.99,440.19
26.4,11.3,26.66,28.89,22.4,27.3,37.81,59.27,91.79,163.48,329.64,420.08
26.67,14.93,28.97,30.68,36.54,51.36,73.78,108.21,158.62,231.4,280.72,310.62
28.87,23.37,28.49,37.75,50.02,74.27,109.59,162.49,244.91,325.59,366.02,389.04
28.66,27.91,36.45,53.61,86.06,140.89,218.94,271.84,309.81,339.4,362.66,391.52
39.52,34.49,47.95,76.63,126.79,202.02,272.76,318.94,351.07,351.17,332.67,303.92
50.13,47.25,56.43,83.43,151.45,254.39,329.08,339.41,362.94,396.24,420.0,434.46
102.44,114.67,141.78,192.69,249.8,272.45,282.87,290.79,308.77,346.8,402.22,410.7
83.04,101.35,152.42,240.62,283.05,279.36,274.54,282.56,295.56,279.31,232.1,186.51
151.59,217.24,286.74,308.53,320.5,326.05,333.76,321.84,275.73,224.16,181.29,145.55
229.19,280.43,297.66,314.93,334.41,348.48,327.56,266.93,207.04,165.53,131.91,99.12
256.85,317.93,365.24,414.03,425.75,359.85,273.89,209.31,152.95,122.37,95.08,85.4
451.47,480.85,494.41,504.86,464.0,351.47,261.39,187.0,141.34,110.2,95.31,94.43
541.58,508.29,477.28,453.0,365.55,258.83,176.88,125.13,92.21,81.9,83.53,84.86
301.59,318.8,326.53,329.08,283.19,207.18,138.45,102.94,71.95,60.25,62.31,64.53
489.62,407.18,312.51,230.23,152.3,106.99,74.31,56.66,55.14,58.59,64.92,68.4
394.9,302.05,227.7,158.89,110.15,74.86,54.36,53.03,53.11,53.79,56.41,59.32
224.92,168.96,157.39,132.31,102.4,65.07,52.46,51.87,51.79,52.37,54.87,58.01
342.99,247.87,171.01,128.89,92.44,56.71,51.08,50.7,50.6,50.68,51.36,54.21
201.74,132.49,103.12,83.8,64.82,52.25,48.78,48.29,49.19,51.91,54.9,57.61
197.68,108.89,71.3,60.33,54.0,52.86,54.25,54.48,56.48,61.65,59.17,60.69
205.47,111.29,64.13,56.62,54.13,54.02,54.95,55.81,59.91,61.72,60.06,63.47
70.78,41.89,44.21,48.6,49.87,51.4,48.3,44.38,45.81,53.6,64.79,85.25
81.39,41.34,45.15,43.88,45.08,43.63,39.23,40.89,50.32,71.32,106.3,181.47
25.69,20.21,31.81,35.28,30.15,32.68,43.67,66.09,114.6,221.07,455.33,449.83
27.69,10.76,24.04,29.02,22.71,27.81,40.44,63.19,97.6,174.87,354.04,416.34
25.24,20.73,29.13,37.71,34.26,47.07,67.75,103.32,175.31,289.87,311.82,273.41
26.04,24.99,29.1,37.84,48.93,72.49,112.64,188.96,302.59,349.35,348.15,331.06
24.32,19.87,34.63,52.44,83.63,139.14,231.91,305.9,335.14,344.34,343.07,319.42
57.35,51.74,65.19,91.34,141.29,212.12,255.91,304.04,352.64,381.26,401.84,392.24
48.18,49.96,72.36,127.53,200.12,245.44,254.08,256.75,257.98,246.17,209.52,174.05
56.08,58.98,85.35,155.82,261.13,297.06,282.58,258.82,246.45,235.13,212.97,186.41
77.6,91.92,140.61,225.63,269.15,261.52,245.32,231.92,220.11,200.98,179.09,158.02
138.85,182.59,227.22,245.96,251.35,249.11,244.13,231.87,201.58,164.63,135.48,116.32
191.74,220.53,248.93,271.88,293.65,297.7,260.28,205.74,165.27,134.55,111.85,87.72
327.28,339.77,330.81,323.32,316.3,283.59,222.8,168.79,135.45,114.59,90.43,81.79
364.42,377.82,355.07,331.69,297.52,240.79,176.2,132.91,109.89,85.32,72.86,76.24
323.66,329.46,311.18,285.32,238.98,180.8,129.71,100.71,69.96,58.23,59.02,63.23
374.35,337.0,289.79,212.21,145.21,105.42,72.54,54.44,53.46,54.31,57.24,61.14
338.34,290.83,227.61,154.99,113.54,79.34,55.24,53.36,53.34,53.68,55.55,60.04
283.89,204.32,150.79,109.32,71.48,54.39,53.5,53.35,53.34,53.39,53.8,56.41
188.37,131.85,101.23,68.15,53.77,51.86,51.29,51.06,50.97,51.01,51.49,54.02
114.1,69.89,65.86,56.32,52.85,51.71,51.2,50.93,51.52,52.57,50.63,47.54
85.64,53.85,57.22,53.93,52.09,50.66,49.9,50.22,49.99,49.06,49.09,47.92
60.03,47.9,49.57,46.59,44.94,46.99,47.5,46.85,46.95,47.65,49.41,51.11
40.79,30.92,39.74,42.97,43.45,42.6,41.75,41.01,40.7,40.18,39.7,39.44
25.66,25.12,29.08,28.76,30.41,34.72,36.7,36.33,36.31,36.33,36.51,37.28
15.02,14.33,21.47,23.45,26.83,31.92,34.48,34.57,34.79,35.15,36.03,37.98
8.1,12.57,20.96,23.46,28.26,32.75,33.58,33.9,34.43,35.29,36.93,37.87
20.34,9.74,17.82,19.78,24.15,30.59,33.68,34.65,31.56,30.09,34.03,36.6
21.45,18.8,26.4,26.98,30.86,37.27,41.0,42.57,43.76,46.72,49.97,49.72
22.58,21.24,28.18,28.54,32.02,37.66,40.38,41.98,43.55,46.11,48.87,50.58
28.33,22.81,28.26,29.62,34.73,39.12,41.02,43.29,46.54,49.8,51.15,52.23
22.48,22.3,28.43,28.48,31.99,37.77,40.59,42.59,45.67,47.57,48.59,49.98
18.47,21.76,27.9,28.94,32.24,37.38,39.97,42.03,44.48,45.62,46.19,46.66
20.5,23.7,29.25,30.08,33.55,37.98,39.27,40.71,43.08,44.48,45.12,45.57
27.98,31.41,31.2,34.64,36.84,36.98,37.8,40.78,46.15,47.86,48.17,48.78
33.28,34.05,36.66,39.15,42.41,42.8,42.62,42.36,42.21,42.28,42.31,42.29
34.83,32.43,34.07,33.89,33.89,35.83,39.29,39.67,39.23,39.16,39.25,39.47
33.99,29.48,29.72,32.73,32.96,32.7,32.69,33.19,34.77,38.04,39.12,38.91
33.81,29.14,26.54,27.83,31.67,32.48,32.32,32.44,32.68,32.66,32.64,32.82
33.19,31.0,27.08,26.08,27.62,31.71,32.88,32.77,32.95,33.3,33.36,33.39
32.29,31.24,27.14,25.75,25.26,26.2,30.13,32.7,32.8,33.14,33.36,33.36
31.48,30.89,27.34,25.29,24.45,24.12,24.45,27.01,31.28,32.31,32.6,32.85
34.61,27.22,28.91,26.71,25.92,25.47,25.25,25.19,25.58,28.04,32.96,35.0
38.29,29.59,33.59,31.62,31.03,30.62,30.39,30.28,30.44,32.09,36.45,40.64
28.46,28.21,31.36,29.51,29.2,28.94,28.83,28.78,28.77,28.87,29.61,31.38
24.46,22.15,25.54,24.27,24.24,24.2,24.22,24.26,24.3,24.34,24.4,24.58
18.89,22.16,25.94,24.59,24.63,24.57,24.58,24.59,24.61,24.63,24.66,24.78
39.74,21.02,25.63,26.33,26.62,26.81,26.93,27.03,27.11,27.19,27.34,27.79
50.56,30.67,29.09,31.53,32.42,32.82,32.97,33.04,33.1,33.38,33.26,29.75
43.78,32.27,29.83,32.86,35.28,36.43,36.87,37.04,37.22,37.6,35.86,32.01
35.95,25.69,18.77,22.84,26.16,27.7,28.44,28.97,26.53,23.11,21.39,20.52
12.61,13.11,20.63,22.48,24.59,25.2,25.45,25.59,26.03,27.39,28.97,29.11
6.26,14.73,25.4,25.31,27.2,29.73,31.25,32.69,36.44,41.2,44.16,46.84
7.85,16.39,25.49,25.24,26.47,29.01,31.79,36.79,41.75,44.11,45.85,49.18
5.32,14.69,24.59,25.09,27.78,34.38,40.52,43.39,44.66,45.18,48.4,59.31
1.29,6.65,17.59,24.0,30.54,35.55,37.35,38.42,39.27,41.2,46.97,61.2
0.0,9.68,22.56,27.48,32.11,35.4,36.69,37.28,38.71,41.96,43.72,49.27
1.43,13.43,26.79,29.87,34.33,36.56,37.33,37.76,40.15,45.43,45.49,47.06
17.24,20.95,24.71,25.4,29.32,32.36,33.44,34.21,37.83,41.9,40.46,44.72
12.9,19.66,24.09,26.55,29.89,31.38,31.9,32.22,33.92,39.2,42.49,39.9
13.15,17.05,20.53,22.38,24.21,24.74,25.23,25.9,27.59,31.56,36.58,34.51
12.44,16.13,20.41,22.57,24.53,24.92,25.07,25.36,26.54,29.52,35.34,34.78
0.16,9.95,18.88,21.65,23.16,22.98,22.61,22.41,22.74,24.53,27.59,32.6
0.0,5.73,16.49,19.8,20.47,20.12,19.8,19.63,19.82,21.1,22.73,25.97
12.29,12.83,19.3,20.1,19.91,19.58,19.33,19.19,19.28,20.35,22.03,25.47
23.73,15.55,19.71,20.03,19.81,19.49,19.26,19.11,19.15,20.03,21.82,25.31
25.55,14.21,17.74,19.49,20.09,20.11,20.07,20.15,20.84,23.49,24.53,24.16
23.19,11.99,16.26,18.86,19.76,19.85,19.82,19.87,20.42,22.8,23.74,23.36
27.28,11.6,14.72,17.89,19.62,20.08,20.29,20.69,22.28,24.05,22.41,27.54
45.21,28.49,21.25,24.87,28.78,36.13,41.68,40.47,40.62,40.82,37.61,35.97
48.79,29.01,27.36,32.24,37.55,41.33,42.61,42.16,42.23,42.44,42.87,43.59
71.46,45.06,38.5,37.24,39.89,44.77,48.39,50.18,51.19,50.89,51.82,51.65
64.22,36.33,24.92,23.05,25.18,32.58,35.55,33.13,33.27,32.25,33.35,34.61
31.84,17.76,15.72,18.4,16.4,23.98,38.82,71.91,133.02,254.67,334.62,285.63
24.39,14.01,16.06,16.75,17.92,26.95,46.02,83.6,154.26,264.92,291.41,241.36
28.33,18.5,14.5,13.29,16.75,30.65,62.8,114.57,217.14,300.27,282.97,243.11
20.59,22.79,28.43,29.78,34.18,51.35,100.79,206.33,354.27,345.97,313.87,255.14
24.79,22.81,20.11,29.54,43.84,90.34,192.1,387.64,392.19,355.8,324.44,273.94
25.93,20.77,27.46,40.98,81.84,184.84,422.67,444.37,422.42,407.07,397.19,392.22
40.07,34.24,38.18,72.77,170.88,419.76,459.83,418.99,394.66,386.36,383.44,359.78
59.72,58.31,70.0,146.67,340.7,503.18,469.84,459.94,457.9,460.76,466.85,451.33
77.41,105.78,190.94,373.21,427.33,416.47,416.93,413.5,376.96,309.79,249.69,184.47
108.29,159.54,291.44,408.47,399.55,398.06,400.4,382.48,305.93,223.33,160.03,111.47
109.13,162.1,303.14,423.72,408.52,400.81,395.25,371.35,302.04,232.83,172.99,127.34
175.58,225.47,308.81,408.93,438.97,439.26,426.55,385.41,279.43,207.43,142.82,94.5
305.94,374.38,446.44,486.6,489.03,476.37,439.96,332.44,246.78,177.82,124.72,86.24
325.63,392.02,443.44,466.95,461.68,428.39,323.85,230.86,160.8,114.8,85.34,68.12
374.07,403.8,406.7,388.28,297.46,211.7,131.09,87.73,55.44,50.03,49.12,49.42
348.7,366.68,347.79,284.41,201.38,124.72,79.1,51.4,48.53,47.22,46.82,47.68
366.4,387.45,369.18,286.42,195.46,120.26,77.29,57.4,55.84,54.78,54.07,56.23
598.65,486.09,324.78,214.59,131.66,82.98,75.05,78.2,78.81,77.67,74.29,72.03
599.82,493.37,337.43,229.14,142.14,88.96,79.44,79.57,79.17,76.73,73.35,72.93
542.43,431.1,293.22,196.24,123.14,80.91,77.17,77.34,76.81,74.43,72.08,74.99
253.42,197.79,170.82,140.61,110.35,77.42,64.07,64.09,64.47,65.15,67.64,73.41
159.53,96.95,74.69,54.66,51.3,51.95,54.42,58.38,61.5,64.85,69.57,82.9
73.42,49.81,54.31,49.11,48.18,49.0,49.39,47.78,52.11,56.44,64.64,83.0
62.98,44.9,51.07,47.92,44.92,45.27,45.47,46.14,50.53,60.36,78.24,122.69
39.34,31.39,38.61,42.32,41.82,38.17,37.8,42.79,54.0,79.68,143.69,271.01
29.73,18.63,25.31,32.78,26.36,33.77,51.77,73.82,136.4,270.73,465.56,455.18
42.8,26.73,25.18,32.41,30.69,35.55,45.77,64.09,102.02,191.13,420.4,499.21
37.17,24.81,25.05,35.06,38.02,52.05,76.4,148.87,342.21,611.09,576.25,558.72
25.96,19.04,25.46,28.56,44.52,66.04,112.77,226.1,558.68,554.78,520.09,514.79
25.99,22.71,24.48,37.26,60.43,112.79,223.79,535.69,518.37,479.54,476.78,492.83
37.2,26.72,35.05,60.14,114.36,228.81,516.7,501.67,474.99,461.89,471.75,500.16
38.25,29.24,45.78,84.91,183.02,467.2,549.43,528.79,528.25,537.05,556.94,588.24
44.45,39.12,62.08,126.56,272.01,572.36,546.23,533.72,533.96,534.82,544.44,552.88
52.08,58.58,99.11,216.65,529.27,505.2,471.12,448.62,409.62,333.6,266.71,190.42
206.24,451.13,578.66,555.55,539.56,513.99,470.56,396.32,330.0,284.86,226.69,181.59
306.48,582.12,581.1,570.97,543.7,481.44,382.55,301.18,251.86,194.67,147.74,122.63
344.72,527.22,530.83,530.93,509.7,438.35,325.02,268.58,207.64,161.38,116.14,102.3
507.1,580.21,557.73,535.53,482.62,371.72,274.23,204.22,158.22,118.75,105.63,105.21
551.11,513.48,482.32,451.54,356.5,255.21,171.02,117.1,86.69,86.37,88.99,89.67
311.72,320.94,325.25,334.11,312.78,242.16,160.07,108.54,76.52,62.09,67.39,69.88
478.87,384.88,293.06,223.2,159.17,111.43,72.9,62.01,62.96,66.97,71.02,75.92
424.01,323.99,238.8,164.87,117.32,77.91,52.01,50.25,51.1,54.01,56.14,57.38
224.59,176.61,160.8,142.63,119.33,87.56,54.27,47.82,47.78,49.36,52.4,53.78
389.76,276.12,179.51,118.65,81.16,57.29,54.12,52.69,51.62,50.99,51.43,54.54
220.49,148.68,114.75,86.79,60.69,55.32,54.63,54.51,54.52,55.3,58.02,62.49
140.99,83.89,70.41,59.12,55.23,54.08,54.26,55.75,54.89,53.27,54.44,57.76
185.38,110.73,75.63,61.68,57.58,56.54,56.1,56.44,58.64,58.96,60.0,70.04
98.1,57.29,56.83,52.11,51.13,51.16,52.5,50.74,49.59,54.14,63.23,75.12
53.37,40.28,49.0,48.61,46.05,46.92,46.17,51.18,55.13,65.68,92.07,162.15
35.6,26.71,38.26,45.05,40.94,49.05,67.05,103.76,176.79,326.8,429.84,447.49
26.37,17.69,28.44,33.4,28.98,32.91,42.36,62.92,90.49,145.12,253.31,374.6
26.49,18.64,31.45,33.25,34.73,48.64,69.71,95.87,139.22,222.52,324.17,359.69
25.63,15.56,26.61,37.46,51.74,78.46,117.25,171.39,223.53,272.16,326.66,359.85
29.55,23.18,36.99,55.16,90.02,146.42,223.42,266.15,300.18,337.12,367.82,396.71
43.68,38.06,53.51,86.6,149.55,244.48,313.12,329.87,340.26,374.34,418.5,458.25
45.14,42.35,63.91,106.56,182.51,301.8,353.01,366.6,384.64,394.69,383.05,334.9
67.45,77.99,114.07,192.9,331.93,361.19,356.58,362.66,368.56,344.55,292.56,229.51
74.56,90.7,148.08,241.21,287.74,275.83,251.78,237.89,237.01,240.12,229.49,195.92
175.97,254.25,337.62,357.91,357.92,350.37,341.75,338.69,325.63,288.56,235.7,186.88
234.91,314.64,338.8,349.6,370.87,402.02,393.35,307.7,245.93,182.57,142.52,107.11
319.91,352.63,350.31,361.51,386.18,386.92,309.57,240.42,174.67,138.07,107.97,89.33
354.35,374.44,360.88,355.0,354.46,336.9,268.46,195.48,144.4,119.36,91.53,80.08
349.01,353.0,334.44,322.68,306.63,259.43,190.91,133.53,104.49,78.82,68.49,70.95
339.97,329.72,307.8,282.0,242.69,183.03,125.96,95.05,66.08,57.93,61.22,65.86
354.23,322.26,286.06,231.62,169.82,125.74,93.46,60.97,53.09,55.46,58.64,61.35
366.76,293.38,222.14,158.55,119.51,85.85,56.83,52.53,51.96,52.62,55.67,60.03
347.6,259.61,171.31,124.37,89.16,59.84,54.47,52.63,52.09,53.34,56.44,60.11
398.07,283.86,186.27,127.77,91.63,61.41,55.36,53.07,52.09,52.1,54.37,59.59
332.75,234.29,164.56,124.91,96.78,65.35,53.52,51.58,50.84,50.48,50.87,54.72
292.34,181.68,123.71,102.61,86.31,63.48,55.33,53.53,52.72,52.29,53.14,59.18
166.04,89.31,59.22,56.32,52.83,53.14,53.9,56.09,61.18,59.03,64.68,81.96
72.55,42.15,51.61,48.53,50.0,52.59,51.57,52.08,53.12,58.2,69.4,91.85
49.86,40.91,52.04,47.04,45.67,46.54,45.2,45.26,49.31,58.74,81.34,128.66
31.73,18.64,31.79,38.5,32.21,37.61,46.32,60.94,90.35,175.61,446.04,630.98
30.42,15.6,29.25,29.75,25.93,36.01,48.61,68.32,111.45,209.06,463.32,483.86
27.15,19.42,29.29,35.0,38.89,50.92,69.42,114.94,212.36,531.48,537.81,508.87
25.01,23.56,25.99,36.85,52.6,76.48,116.97,192.22,406.56,499.46,470.23,450.54
26.3,28.55,33.41,48.8,71.8,116.43,193.68,379.38,472.8,475.58,464.14,453.67
32.22,24.95,39.38,60.99,102.0,169.01,256.35,291.31,325.84,365.73,399.59,426.43
41.84,32.55,49.87,77.06,133.73,216.04,287.69,338.31,380.0,399.01,387.02,339.02
42.29,38.69,55.49,80.57,137.37,216.55,275.19,307.71,338.06,356.52,347.35,301.76
67.19,84.67,121.48,191.82,267.95,258.58,233.23,207.73,190.66,175.73,149.39,123.56
153.46,222.95,302.23,326.41,329.33,326.94,324.29,313.35,271.72,219.13,177.81,144.48
220.84,275.11,292.37,306.1,320.32,326.27,298.72,243.55,189.31,153.15,125.32,96.1
270.9,316.21,340.97,379.51,400.93,345.13,266.64,199.35,148.03,118.86,90.89,84.5
438.28,446.16,452.85,470.94,441.1,329.33,247.27,173.63,128.3,99.82,90.4,90.68
557.81,507.04,462.5,419.56,312.74,225.06,151.78,105.85,80.97,76.57,78.46,81.79
312.48,321.58,321.25,317.87,265.55,189.7,127.58,94.32,63.41,56.5,58.86,61.93
401.17,329.91,287.27,226.09,161.22,111.55,78.14,54.5,52.55,53.31,55.97,59.03
412.93,300.66,208.74,139.93,97.14,62.05,52.22,52.02,52.08,52.66,55.06,58.47
195.95,154.15,137.04,117.3,89.48,57.31,51.18,50.75,50.76,51.29,53.57,56.76
317.99,228.82,171.74,134.2,100.39,64.26,50.99,50.56,50.54,50.9,52.66,56.15
151.27,101.43,78.16,59.15,53.26,51.92,51.56,51.85,52.82,52.32,51.15,53.98
59.88,49.5,57.15,51.49,50.55,50.32,50.21,50.66,52.13,51.08,51.95,53.33
31.72,28.89,35.35,36.42,38.66,37.34,36.6,36.49,36.66,36.81,34.38,33.96
28.55,22.99,30.65,32.12,36.36,39.27,37.58,38.74,50.36,65.99,82.4,100.56
26.76,16.41,25.45,26.84,31.35,30.35,28.59,36.74,53.86,72.68,103.24,141.86
27.32,12.59,22.35,25.12,25.32,23.57,28.13,41.56,64.54,95.73,160.99,291.19
22.65,10.58,21.47,23.71,17.06,18.91,27.11,40.41,62.64,97.86,165.54,257.27
28.75,22.55,27.44,30.98,33.67,37.26,37.04,47.77,66.08,105.46,166.22,223.48
24.41,19.6,28.41,33.32,29.2,36.18,52.53,76.94,128.53,229.71,277.18,241.51
32.53,22.96,21.32,31.81,31.65,46.85,62.51,88.09,133.11,212.34,264.52,243.28
28.75,12.15,25.26,26.1,29.98,45.76,68.07,98.36,161.89,244.04,237.94,188.89
21.95,21.48,26.7,31.79,35.44,46.95,73.34,127.83,216.85,245.24,198.63,142.05
21.69,15.01,28.48,30.95,35.62,40.98,39.7,48.91,79.62,137.81,215.89,201.29
26.25,23.72,34.47,39.76,47.72,50.48,49.48,50.25,52.41,57.15,61.81,68.53
35.65,37.6,42.76,45.52,46.61,47.44,48.8,49.83,52.48,54.86,53.93,54.28
32.61,36.67,38.65,41.93,46.19,46.64,46.31,45.9,46.21,47.7,48.32,47.79
32.66,34.22,35.94,36.2,37.25,40.36,41.04,40.36,39.94,39.65,39.48,39.53
33.34,28.96,28.79,32.77,33.99,34.41,37.2,39.22,38.91,38.71,38.6,38.54
32.87,28.48,25.79,25.48,28.45,32.95,33.56,34.71,37.98,39.05,38.78,38.7
31.64,29.13,26.4,25.49,25.39,27.24,32.24,34.06,33.72,34.27,36.81,39.59
28.45,29.28,26.62,25.69,25.22,24.98,25.21,27.45,32.49,34.06,33.69,33.81
26.29,29.23,26.92,25.9,25.4,25.1,25.01,25.45,26.64,28.56,32.74,34.31
30.09,25.36,27.3,25.06,24.5,24.17,24.04,24.0,24.23,25.7,30.12,33.6
24.98,24.37,26.39,24.66,24.45,24.29,24.24,24.23,24.23,24.25,24.33,24.74
41.72,19.37,24.37,24.27,24.17,24.2,24.27,24.35,24.44,24.54,24.83,25.26
27.03,5.03,10.35,16.39,18.21,18.76,18.96,19.1,19.46,19.84,17.18,14.5
47.88,35.33,31.01,34.5,35.84,36.44,36.65,36.72,36.79,37.07,36.67,32.57
46.34,35.19,31.54,34.93,35.77,36.18,36.31,36.36,36.38,36.5,36.88,35.26
27.88,9.77,17.33,20.16,22.21,23.65,24.47,25.07,26.08,25.76,23.35,24.55
0.0,3.04,13.66,15.86,16.79,16.76,16.6,16.54,17.04,18.88,20.74,20.85
29.63,13.68,17.51,17.99,19.35,22.9,26.1,28.22,28.6,26.1,27.23,32.2
41.44,21.8,23.68,25.69,25.3,25.89,28.26,33.35,40.03,42.28,43.25,49.25
12.8,19.61,25.52,24.79,26.24,28.84,32.07,36.59,39.74,40.85,42.97,48.14
16.35,19.81,25.08,24.52,26.08,28.2,30.32,33.57,37.38,39.15,40.61,45.28
19.16,20.71,25.28,24.73,26.4,28.24,29.67,31.63,35.09,37.58,38.94,42.08
7.2,15.14,21.44,21.37,24.25,27.61,31.09,33.11,34.22,36.0,41.19,43.74
22.68,18.38,23.36,23.07,23.48,25.38,28.49,33.2,37.61,39.48,40.38,45.18
15.52,17.01,22.02,21.44,23.39,25.27,26.37,27.75,29.59,31.21,32.28,34.83
9.55,15.61,22.02,21.88,24.22,25.42,26.05,27.11,28.41,29.52,31.65,34.3
49.85,37.95,28.53,30.52,31.77,33.83,34.79,35.17,35.45,35.93,34.4,31.25
14.07,16.52,22.19,23.11,24.97,25.64,25.82,25.82,25.77,25.8,26.34,27.72
46.05,27.67,23.74,24.92,25.44,27.17,28.4,29.0,29.31,29.71,29.53,24.6
53.33,41.25,32.05,33.24,34.71,36.26,36.86,37.09,37.27,37.61,35.56,30.77
19.1,16.26,21.43,22.63,24.45,25.19,25.44,25.49,25.49,25.53,25.89,25.46
34.73,19.53,24.45,24.86,25.27,25.68,25.94,26.07,26.13,26.26,26.64,24.27
41.61,25.49,29.78,28.34,27.51,26.87,26.4,26.07,25.85,25.71,25.67,25.96
29.53,21.03,25.84,25.16,25.04,24.97,24.95,24.96,25.0,25.08,25.4,25.67
31.19,22.57,26.32,25.2,24.94,24.81,24.77,24.78,24.81,24.88,25.15,26.53
45.64,29.51,31.85,29.65,28.92,28.56,28.41,28.37,28.4,28.52,29.13,31.9
56.04,42.59,45.6,42.29,41.64,41.2,41.02,40.94,41.06,42.19,44.28,47.82
66.48,38.31,42.78,39.16,38.55,38.1,37.96,38.34,39.28,37.98,37.5,38.11
46.21,35.77,30.24,35.64,36.81,37.55,37.84,37.97,38.07,38.56,39.84,40.32
39.57,26.19,22.28,26.92,28.91,30.71,31.7,32.2,32.48,32.86,34.06,33.05
21.35,13.2,19.67,20.97,23.17,24.82,25.71,26.21,26.72,27.06,23.83,22.25
22.53,17.48,21.78,21.77,23.58,25.52,26.71,27.38,28.11,30.36,32.51,31.07
11.28,16.88,24.84,24.24,25.54,28.21,30.27,31.46,34.09,39.38,43.89,46.83
8.22,16.59,25.47,25.25,26.48,28.93,30.87,33.75,39.3,43.05,45.5,49.08
8.23,16.29,25.35,25.45,26.68,28.65,30.05,32.84,37.42,41.12,46.81,55.33
11.8,16.11,26.44,27.02,28.19,29.23,30.56,34.47,42.72,48.99,49.45,59.05
12.62,17.05,25.42,25.75,27.48,32.91,39.76,43.32,45.62,50.01,49.04,53.31
9.11,17.85,26.0,26.47,30.73,37.6,41.57,42.79,44.05,48.77,51.83,50.48
10.38,18.06,25.95,28.39,33.53,37.53,39.69,40.54,41.23,44.38,48.74,49.53
8.47,17.26,27.63,31.25,33.84,35.51,36.8,37.59,38.79,42.85,45.67,45.78
13.64,21.86,30.8,31.22,31.27,31.27,31.43,31.86,32.51,33.62,37.08,42.03
28.86,33.18,32.03,31.65,31.43,31.35,31.84,34.65,38.96,39.61,39.6,40.0
28.03,26.22,32.32,31.64,31.21,30.79,30.45,30.22,30.16,30.6,33.19,37.78
22.44,21.09,27.56,27.91,27.92,27.79,27.66,27.56,27.49,27.45,27.49,27.99
20.56,24.07,29.67,28.75,28.39,28.12,27.91,27.77,27.69,27.78,28.74,32.46
40.53,29.02,30.36,29.11,28.47,28.1,27.87,27.74,27.79,28.65,32.24,35.8
30.25,21.97,27.25,27.77,27.81,27.77,27.7,27.65,27.63,27.67,28.01,29.96
42.59,28.86,29.72,37.35,42.54,41.5,41.26,41.33,41.41,41.58,41.87,42.36
34.76,31.49,36.99,40.22,41.13,39.89,39.44,39.26,39.15,39.22,39.47,39.76
32.19,26.23,30.33,36.01,39.63,42.17,41.14,40.36,40.16,39.99,40.02,40.26
22.59,21.38,27.55,27.41,27.39,27.3,27.23,27.18,27.17,27.26,28.01,31.31
2.67,8.87,18.98,19.47,19.87,19.68,19.53,19.52,19.81,21.16,22.93,25.74
22.54,11.93,14.62,17.11,19.36,20.32,23.49,30.98,37.02,34.07,30.59,31.8
9.36,9.9,13.49,14.97,20.72,22.58,24.15,30.4,47.33,87.62,145.26,200.96
11.35,11.29,14.62,16.55,19.88,19.49,25.7,42.87,82.23,141.1,211.76,199.14
32.11,21.16,12.38,14.53,11.68,14.5,24.93,55.78,101.1,189.75,267.78,273.06
33.71,26.68,23.54,24.31,23.58,36.29,70.8,146.96,288.41,363.92,349.25,338.74
18.14,24.31,17.84,23.06,30.64,57.72,130.81,269.3,371.39,359.03,348.92,342.18
23.98,17.88,15.99,25.64,34.0,59.11,131.23,264.76,365.21,349.38,338.95,334.23
33.24,30.18,25.39,37.85,73.7,171.37,367.36,416.64,402.21,395.0,392.23,393.6
39.48,32.91,29.58,36.69,62.97,151.47,334.92,418.3,402.17,392.26,391.71,403.37
55.64,46.64,49.31,83.69,194.11,414.04,423.44,402.5,389.17,381.39,373.46,341.61
58.73,37.69,32.65,46.53,96.59,214.28,420.37,418.01,405.2,394.22,379.9,349.03
86.26,116.53,200.13,304.6,344.33,360.35,372.74,373.38,359.48,319.54,263.64,211.31
131.2,131.36,151.63,205.81,267.63,327.96,343.79,302.47,234.05,176.41,134.81,95.99
276.39,310.1,341.32,378.1,409.54,414.83,375.26,264.23,180.2,121.13,83.1,63.53
288.5,324.36,353.16,383.66,391.6,345.51,249.71,166.49,111.56,76.34,53.41,53.57
346.69,365.63,374.29,370.38,301.32,205.25,118.71,76.01,45.47,41.89,44.2,47.81
316.11,294.17,254.2,184.58,111.6,70.81,40.62,39.37,39.58,39.89,40.31,42.12
369.88,287.5,180.2,99.52,62.63,45.84,45.25,45.58,46.68,46.99,46.1,45.57
318.02,230.28,146.89,98.26,70.65,55.48,54.35,54.17,54.09,54.52,55.38,55.22
330.3,242.3,148.87,89.4,56.39,48.42,48.1,48.83,49.49,48.7,49.03,49.92
301.32,204.69,120.67,78.5,54.9,52.88,53.28,54.24,53.26,52.49,54.4,58.0
209.11,127.87,78.83,62.0,56.5,55.84,55.67,56.06,57.86,58.25,57.51,61.53
167.86,95.45,62.11,55.0,52.55,53.39,55.13,55.82,54.96,56.66,61.46,72.45
152.05,86.94,64.38,55.19,52.95,52.81,53.8,54.42,52.91,54.98,63.31,74.65
95.71,54.63,55.41,50.79,50.12,50.78,51.57,48.25,46.44,50.22,63.63,78.78
54.27,43.51,52.11,48.08,45.91,46.72,46.4,47.06,53.48,63.97,86.24,151.68
26.55,24.39,37.0,42.47,45.95,44.64,52.48,76.81,135.13,258.06,407.03,389.73
38.85,29.78,38.5,45.51,40.37,50.87,71.33,120.98,229.61,582.02,587.62,564.68
22.71,19.03,35.83,35.49,43.94,59.85,98.21,172.91,363.65,512.58,517.62,525.97
27.78,29.29,32.37,48.11,66.19,107.03,183.9,373.1,521.81,527.35,534.43,554.16
37.04,34.94,45.51,70.87,119.91,200.23,369.55,425.52,442.2,474.14,491.93,500.06
45.94,40.31,57.33,94.08,164.09,278.32,374.68,439.1,475.14,487.33,491.0,491.34
50.78,51.21,68.84,112.14,199.86,369.73,410.16,405.19,412.09,448.45,490.42,515.8
69.43,80.47,131.57,233.33,372.99,367.95,342.98,331.18,325.73,311.26,279.47,221.12
76.06,91.23,138.67,225.52,299.76,297.68,283.34,281.44,302.64,327.82,327.54,278.5
151.18,224.6,341.61,376.83,383.44,383.07,388.28,406.21,412.25,378.23,315.56,269.39
231.42,324.53,358.61,368.22,390.98,432.6,433.36,353.57,279.58,216.25,156.93,118.62
289.59,366.14,422.03,482.93,495.54,451.26,343.2,270.51,210.41,161.32,119.94,102.59
440.84,469.3,479.3,500.56,485.48,401.99,289.06,222.69,164.2,116.82,98.7,101.29
567.06,529.94,483.79,443.33,342.22,251.87,171.46,122.22,92.05,84.82,86.12,90.62
323.95,339.67,343.86,350.91,314.06,242.73,162.06,115.61,86.21,66.65,66.84,69.03
498.15,413.56,313.46,241.38,167.03,120.79,83.99,68.75,69.32,72.3,73.67,75.12
487.55,371.51,250.25,168.11,123.65,89.63,66.16,63.8,65.64,68.23,72.1,79.2
219.41,176.92,170.87,155.23,127.12,95.08,63.1,56.07,56.13,57.74,58.8,62.05
390.59,286.15,193.6,134.63,98.72,66.32,59.56,57.5,56.11,56.91,58.38,61.39
277.3,186.54,135.25,97.88,63.98,57.45,56.88,56.86,56.97,57.71,61.06,68.5
210.28,134.68,95.18,65.12,57.1,56.14,56.02,56.02,56.23,57.83,62.64,70.46
206.93,121.14,79.21,63.22,58.01,56.82,56.35,56.59,58.86,60.13,62.92,74.68
73.35,51.47,53.12,48.98,48.88,49.28,50.48,52.52,53.2,54.15,61.24,76.82
99.65,58.49,59.72,53.9,52.24,52.24,52.34,49.82,48.77,55.11,67.67,86.65
37.56,28.46,42.1,49.37,42.38,53.06,71.51,114.39,208.03,478.92,556.44,580.26
41.71,29.17,39.4,51.26,40.32,51.55,70.8,115.12,209.59,481.51,558.83,572.2
32.99,33.97,44.74,41.81,55.03,81.27,139.94,240.24,394.6,422.04,436.35,470.27
28.2,29.14,35.99,51.32,74.57,123.15,205.25,400.46,440.62,440.6,480.01,544.83
34.99,33.9,40.36,58.1,92.76,170.75,319.23,483.56,471.52,491.19,514.53,516.59
56.65,53.58,67.45,98.28,178.47,312.2,377.94,402.58,440.82,486.47,527.38,554.39
58.06,59.2,86.01,160.14,277.81,371.18,384.9,382.75,392.69,404.5,404.44,363.11
68.22,86.97,147.59,250.34,331.11,322.08,314.0,316.45,318.88,303.27,267.55,205.85
69.24,100.96,177.72,300.47,334.51,321.96,319.18,324.86,331.92,322.33,283.75,220.04
151.35,239.07,390.88,402.84,396.01,388.8,387.63,398.07,394.37,343.26,279.47,215.01
239.9,329.81,357.35,374.6,419.29,458.49,438.61,350.79,273.92,198.22,136.45,110.08
309.89,380.19,438.12,486.1,489.83,436.22,326.9,260.18,188.39,133.0,102.49,99.73
320.4,381.46,431.19,475.82,478.75,424.29,313.94,246.89,178.53,129.87,99.74,96.67
301.26,364.86,421.59,467.14,464.65,398.61,294.19,229.48,164.4,121.87,97.23,95.35
359.6,391.84,417.17,431.6,382.91,281.24,203.3,136.91,96.74,77.86,80.72,84.24
362.25,335.34,307.22,269.87,204.46,143.53,106.91,75.17,65.31,66.7,68.08,72.9
356.06,298.43,233.31,168.26,124.65,93.38,61.34,55.87,58.31,60.12,62.02,68.77
341.84,254.56,167.23,123.67,89.04,61.34,57.27,58.01,59.14,60.5,63.22,69.48
355.26,252.63,158.41,113.98,77.29,60.55,58.85,58.68,59.43,59.98,62.43,67.73
265.55,172.68,120.87,83.03,60.39,57.95,57.63,57.68,58.67,61.26,63.33,69.62
187.9,113.53,73.31,57.19,53.73,54.25,55.66,57.54,59.14,63.01,71.93,89.36
114.0,65.6,59.14,50.66,48.92,49.37,47.84,46.47,47.3,48.89,53.44,71.42
119.72,62.67,60.37,55.33,53.29,53.1,52.6,52.42,53.37,54.76,64.3,80.88
73.92,45.21,46.51,44.39,48.36,54.76,54.37,57.81,66.81,87.96,142.75,292.47
99.39,53.91,50.69,45.13,47.04,52.8,54.68,58.06,66.05,87.25,141.15,289.18
81.69,48.74,45.54,43.75,45.48,47.04,51.84,55.82,67.2,95.26,158.91,349.16
43.09,42.8,38.62,49.69,52.81,72.04,102.51,170.92,346.64,544.4,511.68,441.36
45.41,50.12,43.21,53.66,67.23,98.75,173.69,381.77,635.34,639.96,624.65,594.65
60.79,53.18,55.97,71.96,100.6,174.05,329.07,566.25,583.02,588.02,583.53,573.7
57.28,49.42,53.38,69.7,99.99,173.19,313.08,501.33,527.56,556.98,578.87,590.43
58.9,60.97,69.87,98.91,166.62,296.73,585.15,573.45,568.48,588.0,635.99,684.36
68.57,79.58,118.74,200.17,439.27,637.21,631.76,640.31,659.37,688.66,720.65,734.94
74.33,90.13,129.47,220.05,515.56,627.38,622.64,638.91,672.65,687.4,679.99,659.27
150.26,228.44,441.41,574.93,604.28,611.93,615.08,612.97,589.25,534.45,445.66,373.33
219.54,287.96,345.43,401.45,513.94,615.89,597.6,516.49,403.91,311.44,249.75,179.23
264.18,330.76,376.93,475.34,588.61,595.41,531.03,408.48,298.88,238.54,173.64,125.0
368.46,418.17,466.13,540.51,573.72,514.89,398.2,297.16,233.73,167.24,121.77,111.94
577.51,587.17,603.13,607.33,533.98,393.43,289.49,219.43,151.7,113.98,108.27,108.39
341.55,384.07,418.61,477.5,472.51,351.94,263.44,184.57,122.41,95.19,93.52,94.1
432.4,416.56,381.22,352.55,288.78,205.6,132.18,87.51,80.22,85.73,87.95,88.99
466.19,384.13,281.37,197.26,131.36,86.4,72.12,68.96,71.87,76.51,80.9,84.33
310.1,241.28,189.16,148.89,101.9,75.39,70.15,66.39,66.34,70.86,75.04,78.12
418.44,293.0,196.33,130.81,85.65,72.38,70.56,66.95,65.27,67.34,70.67,75.41
250.43,160.1,120.95,84.58,68.18,68.9,70.14,71.91,70.69,67.79,70.12,78.27
175.34,103.26,75.45,59.58,59.45,62.35,67.17,70.95,70.75,81.36,108.04,153.37
206.95,125.48,79.75,61.57,60.08,62.87,67.58,71.19,72.98,79.67,100.64,145.83
84.08,53.0,58.35,53.24,53.74,57.42,60.29,61.15,58.65,64.89,80.36,124.72
71.82,49.96,54.24,50.01,49.82,52.97,54.62,55.92,55.41,62.54,77.04,113.48
25.87,28.17,34.96,40.05,39.18,44.89,66.0,119.42,238.66,462.47,451.4,426.67
34.21,29.4,35.84,40.7,39.12,44.29,59.53,89.81,171.15,361.62,437.02,392.23
38.17,44.47,41.5,55.49,63.7,80.4,131.0,200.51,293.72,276.55,206.93,153.2
32.96,46.59,45.18,63.04,73.7,107.5,150.13,201.47,230.1,213.78,171.45,146.01
50.82,47.54,55.6,70.21,88.18,118.31,133.87,132.92,125.01,116.94,111.32,109.98
29.57,32.87,51.69,84.92,138.1,190.95,205.31,201.15,193.9,171.73,143.55,124.69
33.91,34.33,54.09,89.43,146.05,203.21,211.52,198.8,186.38,169.69,149.89,126.84
46.34,47.48,65.41,110.45,176.47,240.01,243.49,241.63,238.22,220.79,184.49,147.48
60.26,64.76,89.56,154.72,247.04,267.15,250.22,223.75,198.8,175.18,152.33,129.62
77.61,80.64,112.46,132.99,123.17,102.35,85.11,71.44,64.14,63.71,65.99,70.32
137.0,133.05,148.85,170.71,198.68,217.24,196.12,159.65,131.85,108.29,80.36,71.41
264.6,256.95,251.78,253.79,253.24,231.46,186.57,141.8,113.93,83.77,64.24,67.09
334.43,311.44,286.22,259.88,227.94,179.98,129.14,99.63,67.6,56.75,59.39,62.77
306.22,277.56,245.06,215.95,171.8,126.02,91.3,58.94,52.64,52.67,53.05,54.99
319.2,254.34,203.91,163.93,129.99,96.67,62.12,52.07,51.85,51.98,53.07,56.41
245.36,179.69,154.01,131.81,104.14,68.39,52.53,51.74,51.61,51.76,52.71,55.86
266.38,196.48,156.76,119.31,80.4,54.64,52.8,52.58,52.56,52.65,53.21,55.99
181.78,126.4,100.24,71.1,51.69,49.91,49.57,49.53,49.54,49.63,50.14,52.45
112.14,66.62,63.58,52.56,48.04,47.1,46.75,46.51,46.31,46.27,46.88,47.36
91.77,48.95,50.22,45.05,45.83,47.98,47.05,46.31,46.34,47.04,46.36,45.58
85.54,50.98,51.4,49.52,49.73,48.44,47.79,47.87,48.39,47.55,47.33,45.41
85.25,46.5,51.43,45.92,45.31,47.15,51.08,49.6,48.26,48.18,47.42,43.88
92.63,43.16,50.5,45.68,44.4,45.03,45.87,45.03,45.3,43.91,41.47,41.52
69.24,46.64,49.43,47.51,46.95,49.92,48.32,46.84,53.14,60.85,72.35,102.95
25.52,24.64,33.14,33.03,34.44,31.55,34.77,48.07,68.1,110.26,196.63,297.32
32.36,23.99,32.1,33.69,31.42,32.31,45.05,65.39,104.88,181.02,271.51,256.05
22.36,16.26,34.91,39.37,35.73,44.51,63.45,85.06,113.31,145.08,166.55,149.19
29.47,22.46,36.49,38.48,38.23,53.61,76.9,113.19,167.33,217.82,231.11,193.29
28.11,21.94,32.56,35.05,46.07,67.76,98.78,149.38,224.11,277.64,304.26,289.32
28.9,27.25,33.25,42.59,60.72,93.09,139.83,202.24,234.2,263.48,279.21,254.36
27.5,27.06,33.18,41.69,56.84,87.15,132.51,190.81,205.27,202.61,192.12,162.61
37.34,39.22,39.32,51.49,64.17,97.88,152.27,210.01,230.88,247.51,235.99,194.65
34.26,32.82,48.35,49.04,48.71,48.6,49.73,52.65,57.01,59.36,61.2,65.03
45.75,42.07,47.05,46.97,48.32,50.08,52.28,56.54,58.24,57.76,60.68,61.09
43.72,40.36,46.09,47.37,49.52,50.73,53.52,56.14,54.56,53.61,55.09,59.41
42.54,40.52,43.27,44.83,44.12,43.51,42.97,42.72,42.74,42.9,43.8,47.57
41.75,41.29,38.71,41.22,43.56,42.89,41.94,41.24,40.8,40.64,40.82,41.85
38.0,40.79,38.08,37.76,39.4,42.63,42.9,41.93,41.16,40.65,40.46,40.94
28.42,32.62,35.76,37.13,36.77,38.24,41.84,43.01,42.3,41.57,41.04,40.73
27.22,30.35,29.01,33.53,35.53,34.99,35.5,38.16,41.12,41.12,40.63,40.3
23.02,27.46,26.93,26.59,28.68,32.99,35.17,34.83,35.75,39.03,41.17,40.96
17.72,24.44,27.62,26.18,26.16,27.0,29.42,33.7,35.31,34.93,35.19,35.94
32.19,22.34,25.69,24.53,24.52,25.2,26.6,28.92,33.38,34.88,34.78,35.59
26.46,21.51,24.83,23.73,23.79,23.99,24.75,25.62,26.23,28.26,32.59,33.93
32.58,19.5,23.84,23.65,23.9,24.17,24.53,25.45,26.73,27.51,29.16,33.45
51.24,40.25,37.96,36.8,36.36,36.23,36.19,36.18,36.19,36.29,36.62,37.26
51.1,39.08,36.12,36.34,36.36,36.45,36.48,36.49,36.49,36.49,36.59,37.25
40.52,21.34,15.01,19.32,21.04,21.69,22.04,22.62,21.49,17.67,16.0,15.21
9.18,3.39,9.37,12.4,15.33,16.09,16.38,16.93,18.8,20.75,17.81,16.86
4.23,4.01,11.48,14.43,16.28,16.46,16.47,16.87,18.82,21.33,20.79,19.45
1.69,6.57,14.62,16.01,18.9,21.78,25.31,27.8,29.3,30.82,30.09,31.11
7.71,16.69,25.54,25.5,27.51,32.98,39.39,42.44,43.57,45.02,46.68,49.36
8.8,15.37,25.85,26.58,29.06,34.81,41.04,44.13,45.79,48.73,49.63,55.19
0.0,6.94,16.52,19.67,22.51,26.2,31.07,33.96,35.15,36.61,38.02,43.37
0.21,7.53,16.85,21.96,27.62,32.71,34.65,35.35,36.68,39.85,42.84,48.74
16.3,21.59,25.74,27.79,32.22,34.15,34.84,36.53,41.74,43.37,41.98,49.57
19.09,20.45,22.47,22.69,25.86,28.33,29.99,32.95,37.94,37.37,39.37,46.43
16.71,17.47,20.69,21.74,24.84,26.22,26.91,27.92,31.88,37.05,34.89,39.71
19.22,16.24,18.96,20.23,22.45,22.79,22.89,23.3,25.12,28.14,28.84,33.79
17.44,15.53,19.46,21.03,23.48,23.92,23.97,24.18,25.5,29.04,31.92,34.38
12.88,12.81,16.15,18.05,19.97,20.02,19.85,19.79,20.5,22.93,23.14,22.97
5.89,7.23,13.95,16.94,19.18,19.23,19.09,19.0,19.32,21.11,22.26,20.61
25.4,8.6,11.51,13.95,17.29,20.07,20.69,20.99,21.61,20.16,19.15,19.9
30.91,14.77,17.78,19.16,21.45,22.95,23.18,23.08,23.35,24.02,22.73,22.38
56.08,42.78,35.28,36.98,37.2,37.35,37.38,37.37,37.37,37.45,37.91,37.56
55.1,45.25,37.9,37.73,36.91,36.67,36.57,36.53,36.52,36.54,36.83,38.8
41.53,29.96,23.37,24.29,24.88,25.18,25.21,25.19,25.36,26.62,31.11,32.44
90.15,57.24,47.06,43.31,43.27,45.75,48.74,44.25,43.06,44.91,47.95,52.41
123.8,81.01,58.83,46.45,45.85,45.54,47.66,48.11,46.57,45.24,52.72,66.54
106.31,65.55,55.88,47.24,47.5,52.47,57.08,55.08,52.81,60.44,71.12,94.04
59.35,39.78,31.07,32.93,31.63,31.93,26.27,29.39,43.45,69.46,111.94,194.53
26.34,15.42,16.99,15.98,15.77,25.74,45.77,84.35,159.77,282.59,314.47,292.56
32.15,18.22,18.35,20.37,17.12,28.19,43.41,78.34,143.39,264.12,328.85,316.42
42.53,29.13,29.02,35.73,32.52,36.75,49.36,76.28,139.54,271.16,418.66,402.97
32.15,33.53,35.87,43.86,44.28,54.33,86.51,157.57,299.09,365.97,357.3,358.34
32.05,35.13,30.54,42.92,53.47,91.33,174.14,341.12,395.85,379.6,374.81,374.2
38.51,43.27,34.08,52.9,97.66,199.81,439.09,430.06,393.33,373.56,375.07,400.31
47.35,39.71,47.97,90.29,192.56,459.38,471.48,438.53,426.45,434.98,460.5,480.45
49.21,45.06,64.99,134.57,287.18,540.68,501.72,483.92,482.16,491.61,502.01,512.2
77.1,84.55,121.83,225.81,506.31,495.55,483.8,486.98,490.76,480.39,432.43,339.18
82.76,120.76,222.61,433.77,445.19,453.25,485.32,502.16,495.35,460.26,377.25,289.89
86.35,133.33,253.93,441.21,436.09,447.43,476.23,486.27,467.4,409.47,319.28,262.55
198.18,254.21,338.97,439.64,481.52,493.47,496.91,491.07,455.78,365.02,276.93,217.12
341.38,411.76,453.13,468.64,467.91,455.13,397.83,284.19,206.23,135.89,87.17,78.83
395.27,456.75,453.92,434.02,351.9,253.35,177.63,121.61,82.71,66.4,63.49,63.22
386.84,454.2,459.15,436.61,349.29,258.61,185.84,130.99,94.2,73.72,70.83,72.45
361.58,342.0,317.27,300.0,266.56,203.75,145.7,110.54,75.94,68.1,66.45,67.3
384.57,332.05,283.78,234.57,187.35,137.62,104.56,74.83,66.04,66.33,67.82,67.09
405.65,329.86,258.69,180.69,131.6,96.41,64.14,58.61,61.55,65.06,68.45,72.32
329.45,266.64,203.59,151.84,111.18,74.63,56.49,55.18,55.43,58.24,65.65,73.24
352.54,255.69,165.86,114.15,79.13,57.85,55.68,55.3,55.41,57.42,64.21,73.34
345.02,230.26,142.76,98.17,65.45,56.24,55.25,55.06,55.66,58.03,62.37,71.44
203.38,127.76,89.47,63.65,56.79,55.75,55.58,56.17,57.33,57.99,61.48,76.03
106.49,60.55,59.56,52.59,51.14,51.54,50.53,48.36,47.48,49.34,54.35,65.67
95.98,53.52,57.26,53.09,52.01,52.07,53.27,50.6,48.56,53.3,67.41,84.76
44.46,39.91,46.6,47.92,45.4,45.38,43.75,44.82,51.45,61.33,90.69,166.54
33.44,21.16,34.42,42.11,39.77,44.35,56.79,87.74,151.75,289.65,454.88,454.57
37.86,24.49,35.89,42.61,37.64,46.33,63.64,98.54,181.61,402.27,533.61,525.64
34.15,32.31,37.29,45.01,53.83,75.69,122.75,202.72,391.62,474.97,471.75,456.52
29.11,28.01,32.54,49.27,71.65,109.57,174.46,302.43,415.18,428.44,426.39,432.92
46.05,35.27,41.15,57.1,90.79,166.92,302.81,434.96,451.52,469.26,478.85,483.3
45.88,37.6,52.38,83.88,148.27,251.55,357.42,385.03,410.84,446.03,479.66,502.58
53.27,53.24,69.38,115.51,209.66,392.58,419.33,417.58,423.14,418.27,384.24,316.11
66.06,80.3,127.36,229.53,440.68,472.99,464.22,446.33,444.47,465.81,449.76,371.15
93.8,123.36,201.96,329.63,361.57,363.81,373.91,397.32,445.17,448.37,377.29,294.5
153.76,240.52,398.88,431.79,451.49,493.07,523.48,507.82,434.08,336.04,277.47,220.94
237.94,355.61,435.8,511.31,543.69,522.73,429.62,308.11,245.59,171.1,125.37,113.92
340.35,528.65,561.75,573.61,547.39,461.44,344.68,273.8,202.67,145.19,113.59,111.19
454.95,588.55,592.18,576.89,512.34,400.42,293.0,225.1,157.73,115.92,109.11,109.27
592.41,555.87,499.08,441.29,329.35,245.59,170.55,112.5,96.55,96.38,96.56,97.46
331.43,347.03,352.0,360.03,312.23,235.95,151.6,102.34,75.37,73.81,74.21,75.39
519.86,427.85,328.34,260.3,174.67,121.47,83.02,76.43,80.76,83.1,83.64,84.61
484.52,355.37,237.48,155.06,103.67,67.46,58.2,62.41,68.64,74.07,78.63,80.97
200.58,154.49,134.57,114.83,85.1,57.8,56.45,57.81,60.05,63.55,68.5,72.56
418.07,295.34,194.71,132.03,93.11,58.31,52.75,54.76,56.99,58.35,61.98,69.86
331.95,220.15,140.21,97.92,64.04,56.96,56.06,55.78,56.56,58.87,61.49,71.39
141.54,84.1,69.18,55.45,52.24,52.07,53.09,53.27,52.5,52.84,57.61,67.56
167.58,93.86,67.82,60.61,56.98,56.41,56.73,58.61,59.05,59.68,68.37,77.06
57.69,42.35,54.93,50.02,49.89,53.02,57.98,60.71,61.25,70.67,106.74,175.39
31.52,22.82,32.66,41.29,41.67,43.43,53.71,72.0,105.59,161.84,271.59,366.07
32.61,17.05,29.39,41.25,38.06,47.7,61.9,94.65,156.0,253.81,332.16,353.63
38.84,25.67,32.99,43.2,43.0,49.87,63.49,90.36,143.38,235.09,342.9,353.65
30.15,23.56,30.84,43.12,39.67,52.28,76.78,135.07,224.54,354.36,384.03,387.36
31.33,32.71,32.13,46.37,63.69,100.04,165.4,255.03,292.46,314.24,337.78,371.18
54.24,38.89,41.7,58.31,80.68,132.64,197.74,263.72,288.57,304.16,328.79,364.6
42.91,33.99,40.29,59.45,102.05,172.54,262.23,288.8,307.98,349.02,392.75,424.52
45.31,38.87,48.75,70.76,118.9,194.78,292.03,324.28,345.02,371.9,393.49,417.17
46.97,35.46,50.74,82.31,151.17,250.07,321.31,365.4,390.36,382.02,324.29,273.18
48.33,46.46,72.94,126.3,208.78,297.34,301.27,283.05,250.22,198.19,159.84,121.42
135.94,172.39,244.13,300.11,315.61,308.34,290.59,262.23,218.67,175.08,130.87,109.67
207.7,269.24,301.76,323.01,341.85,352.08,310.44,252.95,179.16,120.93,99.45,99.19
304.24,364.71,406.18,449.09,438.64,349.47,274.48,210.6,150.01,106.3,98.84,99.19
345.14,374.41,391.92,422.1,407.38,308.89,238.66,169.57,125.64,95.94,92.34,92.7
313.42,342.39,360.38,390.28,380.37,287.65,214.88,152.76,118.22,88.92,88.56,90.6
349.19,341.8,328.8,311.82,248.47,169.84,117.42,86.22,63.62,65.2,69.39,74.64
352.66,302.18,256.98,201.38,144.01,106.63,72.99,53.08,52.8,55.42,58.17,59.46
399.03,276.39,176.96,111.71,73.61,50.52,49.46,49.44,49.55,49.87,51.26,54.96
411.64,285.78,185.72,114.46,75.71,51.15,49.78,49.88,50.73,53.55,56.17,57.74
383.76,250.5,150.89,96.21,56.7,47.22,47.03,47.18,47.42,48.11,50.75,54.94
261.99,148.38,98.33,60.46,49.15,48.22,48.06,48.03,47.98,47.98,48.37,51.18
255.66,143.78,85.7,60.76,52.24,49.98,49.31,48.95,48.7,48.68,49.86,55.93
177.43,103.94,68.65,60.05,56.43,55.43,55.08,56.19,58.43,59.58,64.67,73.58
136.27,81.59,66.29,57.21,54.16,53.29,53.82,55.04,56.54,61.49,70.37,80.87
28.94,29.33,39.33,44.06,48.06,48.03,50.48,58.48,89.41,159.09,293.31,397.21
42.1,34.62,41.92,47.76,52.34,50.86,56.18,73.84,129.35,231.59,417.57,408.78
37.7,31.29,37.67,44.03,44.44,47.45,56.39,77.69,138.12,251.39,421.41,402.93
29.79,33.68,32.64,46.53,50.33,73.73,127.29,241.11,436.33,394.91,298.16,224.63
30.76,37.93,38.72,51.57,77.66,135.14,233.31,366.0,371.29,361.73,325.12,263.44
26.83,33.33,38.04,51.39,77.4,130.45,220.65,373.16,414.88,396.78,376.68,330.93
38.36,37.42,48.49,75.79,129.03,205.58,275.21,326.6,363.28,365.46,337.65,294.24
64.33,57.26,72.14,102.95,146.84,207.24,231.89,241.26,259.02,301.08,346.23,357.71
57.4,60.18,89.55,159.29,266.83,348.02,357.21,346.12,331.38,311.95,283.98,231.17
76.73,94.46,138.99,221.4,296.66,286.31,256.41,218.33,189.76,172.17,148.24,122.04
156.78,224.62,313.18,344.71,354.27,350.41,340.74,319.58,281.41,231.81,189.22,155.85
214.25,292.24,317.94,324.18,325.37,306.93,254.1,195.18,156.61,125.0,98.29,97.97
217.8,268.3,294.98,328.41,338.91,301.74,240.21,178.78,140.33,112.08,87.07,85.49
353.51,379.03,395.54,414.48,370.87,274.88,202.36,144.34,113.74,87.43,80.36,84.66
512.94,470.55,422.19,324.68,237.58,161.31,114.62,83.43,71.88,72.87,76.57,80.19
291.91,299.8,285.84,243.64,178.41,122.28,88.42,59.88,56.51,59.41,61.89,63.03
472.48,396.03,282.51,191.8,123.98,87.49,59.15,54.33,55.1,58.34,63.14,67.78
333.31,279.06,202.93,135.3,96.35,62.51,54.01,53.88,54.5,57.07,59.87,61.28
264.96,183.21,129.42,90.14,58.76,53.98,53.72,53.75,54.35,56.79,59.73,61.4
424.65,319.75,230.33,144.13,99.9,65.65,54.18,53.75,53.9,55.01,58.23,61.44
215.63,147.13,117.6,78.6,55.53,53.76,53.45,53.39,53.4,53.62,54.97,59.26
129.69,77.5,65.27,54.37,51.58,50.73,50.22,49.85,50.14,50.38,48.58,49.14
57.94,45.64,56.17,52.94,53.84,54.3,54.47,54.73,55.39,55.29,54.73,55.87
42.03,33.4,45.43,50.06,50.74,49.72,53.05,56.54,56.05,63.21,93.13,128.67
33.5,25.22,32.37,38.83,43.83,46.56,51.41,59.69,90.4,136.15,200.89,195.69
21.08,18.59,24.95,30.24,35.79,36.84,39.34,57.48,86.47,145.43,231.86,232.38
23.73,13.88,21.84,25.2,32.16,36.69,37.85,41.18,45.38,48.5,50.63,53.85
17.69,21.22,27.91,30.43,36.36,42.15,47.58,51.2,57.92,72.78,92.79,99.05
25.18,27.89,28.26,34.7,41.02,46.01,49.87,52.61,62.23,98.32,152.24,228.45
35.42,30.21,34.31,38.74,44.02,47.63,50.89,53.63,56.62,62.09,73.79,103.61
28.12,31.19,34.87,40.43,45.81,52.82,58.28,60.92,66.06,66.76,67.48,68.12
50.32,32.35,39.68,43.72,49.02,50.73,53.27,57.48,57.92,57.13,55.81,55.46
19.09,23.03,32.41,40.38,47.48,48.67,50.3,51.95,53.29,55.56,57.69,58.96
23.46,29.95,40.69,47.41,48.97,48.96,49.93,50.6,51.29,52.03,53.23,55.79
40.99,45.53,47.88,46.8,47.37,48.65,50.87,53.74,59.45,59.86,57.0,54.6
77.21,56.4,57.23,52.88,51.39,50.64,50.27,50.14,50.68,53.2,55.12,55.16
145.94,97.39,81.31,58.88,45.82,44.34,44.7,45.08,45.44,46.37,49.28,51.5
167.52,101.16,79.33,54.04,45.18,44.87,45.4,45.88,46.21,46.61,48.11,51.36
179.38,98.53,69.16,51.0,46.12,46.04,46.49,46.94,47.27,47.52,48.14,50.58
240.37,129.17,76.94,57.8,48.16,46.36,46.36,46.75,47.17,47.5,47.88,49.24
185.96,98.73,66.18,51.39,46.46,46.0,46.3,46.75,47.21,47.57,47.91,48.98
165.05,84.27,62.15,49.98,45.3,44.61,44.48,44.45,44.46,44.64,45.64,46.58
128.29,66.22,53.75,48.41,44.66,43.22,42.78,42.59,42.56,43.12,43.89,42.83
77.21,36.26,43.96,42.52,45.01,43.36,42.56,42.27,42.73,42.88,41.19,40.65
49.45,33.6,43.49,42.79,45.03,43.22,41.68,40.89,40.44,40.2,40.25,41.18
47.22,35.62,43.2,40.24,39.47,41.9,42.67,41.48,41.14,40.95,40.85,40.88
46.55,34.95,39.75,37.64,36.87,39.37,42.14,41.53,41.28,41.17,41.09,41.11
36.81,27.13,32.63,32.12,32.96,37.21,41.09,40.38,39.9,40.03,40.91,42.19
35.87,24.03,29.17,29.17,30.54,35.06,39.19,39.89,40.47,41.86,43.99,45.46
17.05,15.64,22.56,24.46,28.05,33.31,35.58,36.2,37.31,40.44,43.94,43.55
19.81,13.97,21.25,22.05,24.57,29.06,35.61,39.23,40.03,41.77,42.66,43.64
32.45,20.71,28.0,29.42,32.09,41.44,50.43,53.37,54.82,54.81,57.86,67.17
23.23,25.3,29.36,30.0,33.7,39.9,44.71,48.75,50.68,51.45,51.8,52.2
30.32,22.99,28.72,29.75,32.57,38.51,42.71,45.5,49.5,52.98,54.19,54.78
17.29,22.77,28.86,29.68,33.22,38.79,42.42,44.96,46.39,47.58,49.94,53.3
21.52,20.08,26.62,26.62,29.28,34.52,39.05,41.66,44.34,45.68,46.58,48.11
22.09,20.53,26.87,27.55,31.87,37.1,39.13,41.32,44.31,46.18,46.98,48.22
18.22,26.01,29.97,30.44,34.44,38.43,40.93,44.01,46.41,49.98,52.42,54.63
30.36,35.9,40.85,45.29,47.62,48.89,50.46,51.85,55.23,54.55,53.19,52.39
32.95,34.89,36.61,37.97,42.13,43.78,43.22,42.82,42.65,42.65,42.62,42.51
29.6,31.62,33.64,35.06,35.41,37.56,41.21,42.09,41.48,41.01,40.79,40.74
35.0,31.41,29.54,32.52,33.42,33.11,32.91,33.02,34.32,37.6,38.9,38.68
