258.33,258.33,258.33,258.33,258.33,258.33,258.33,258.33,258.33,258.33,258.33,258.33,
204.09,194.72,185.35,175.98,166.61,157.24,147.87,138.5,129.13,119.76,110.38,101.01,
217.73,208.15,198.57,188.99,179.41,169.83,160.24,150.66,141.08,131.5,121.92,112.34,
247.42,239.59,231.76,223.93,216.1,208.26,200.43,192.6,184.77,176.93,169.1,161.27,
309.24,309.0,308.75,308.51,308.26,308.02,307.77,307.53,307.28,307.04,306.79,306.55,
380.0,390.0,400.0,410.0,420.0,430.0,440.0,450.0,460.0,470.0,480.0,490.0,
435.76,455.23,474.71,494.18,513.66,533.14,552.61,572.09,591.56,611.04,630.51,649.99,
450.15,472.35,494.56,516.76,538.96,561.17,583.37,605.57,627.77,649.98,672.18,694.38,
454.85,477.26,499.67,522.09,544.5,566.91,589.32,611.74,634.15,656.56,678.97,701.39,
405.3,419.71,434.11,448.52,462.93,477.33,491.74,506.14,520.55,534.95,549.36,563.76,
317.12,317.96,318.8,319.64,320.48,321.32,322.16,323.0,323.83,324.67,325.51,326.35,
227.42,215.36,203.3,191.24,179.17,167.11,155.05,142.98,130.92,118.86,106.79,94.73,
122.73,96.99,71.26,45.52,19.79,0.0,0.0,0.0,0.0,0.0,0.0,0.0,
31.52,0.0,0.0,0.0,0.0,0.0,0.0,0.0,0.0,0.0,0.0,0.0,
4.7,0.0,0.0,0.0,0.0,0.0,0.0,0.0,0.0,0.0,0.0,0.0,
20.15,0.0,0.0,0.0,0.0,0.0,0.0,0.0,0.0,0.0,0.0,0.0,
99.09,78.18,57.27,36.36,15.45,0.0,0.0,0.0,0.0,0.0,0.0,0.0,
225.15,223.51,221.86,220.22,218.58,216.93,215.29,213.65,212.0,210.36,208.72,207.07,
345.91,361.43,376.96,392.48,408.01,423.53,439.06,454.58,470.1,485.63,501.15,516.68,
380.15,401.2,422.25,443.3,464.35,485.4,506.45,527.49,548.54,569.59,590.64,611.69,
437.42,466.9,496.38,525.85,555.33,584.8,614.28,643.75,673.23,702.7,732.18,761.66,
492.12,527.58,563.03,598.48,633.94,669.39,704.85,740.3,775.76,811.21,846.67,882.12,
494.55,527.94,561.33,594.72,628.11,661.5,694.9,728.29,761.68,795.07,828.46,861.85,
478.64,506.89,535.14,563.39,591.64,619.9,648.15,676.4,704.65,732.9,761.15,789.41,
472.88,495.12,517.35,539.59,561.83,584.07,606.31,628.54,650.78,673.02,695.26,717.49,
444.09,457.8,471.5,485.21,498.92,512.62,526.33,540.03,553.74,567.45,581.15,594.86,
392.27,395.7,399.13,402.55,405.98,409.41,412.83,416.26,419.69,423.11,426.54,429.97,
371.67,369.36,367.05,364.74,362.44,360.13,357.82,355.51,353.21,350.9,348.59,346.28,
352.88,347.42,341.97,336.52,331.06,325.61,320.15,314.7,309.24,303.79,298.33,292.88,
284.09,272.41,260.73,249.06,237.38,225.7,214.02,202.34,190.66,178.99,167.31,155.63,
243.79,230.4,217.0,203.61,190.22,176.83,163.44,150.05,136.66,123.26,109.87,96.48,
170.3,147.79,125.27,102.75,80.23,57.72,35.2,12.68,0.0,0.0,0.0,0.0,
140.61,115.57,90.54,65.5,40.47,15.43,0.0,0.0,0.0,0.0,0.0,0.0,
147.58,125.79,104.01,82.23,60.44,38.66,16.88,0.0,0.0,0.0,0.0,0.0,
105.3,79.71,54.11,28.52,2.93,0.0,0.0,0.0,0.0,0.0,0.0,0.0,
63.79,34.63,5.47,0.0,0.0,0.0,0.0,0.0,0.0,0.0,0.0,0.0,
45.61,18.26,0.0,0.0,0.0,0.0,0.0,0.0,0.0,0.0,0.0,0.0,
28.64,3.04,0.0,0.0,0.0,0.0,0.0,0.0,0.0,0.0,0.0,0.0,
12.27,0.0,0.0,0.0,0.0,0.0,0.0,0.0,0.0,0.0,0.0,0.0,
48.48,33.0,17.51,2.02,0.0,0.0,0.0,0.0,0.0,0.0,0.0,0.0,
86.82,80.17,73.53,66.89,60.24,53.6,46.96,40.31,33.67,27.03,20.38,13.74,
123.48,121.07,118.66,116.25,113.83,111.42,109.01,106.6,104.18,101.77,99.36,96.95,
169.39,172.51,175.62,178.73,181.84,184.95,188.07,191.18,194.29,197.4,200.51,203.62,
238.94,249.67,260.41,271.14,281.88,292.61,303.34,314.08,324.81,335.55,346.28,357.02,
329.09,350.87,372.66,394.44,416.22,438.01,459.79,481.57,503.36,525.14,546.92,568.71,
386.52,416.24,445.96,475.68,505.4,535.12,564.84,594.56,624.28,654.0,683.72,713.44,
388.64,417.27,445.91,474.55,503.18,531.82,560.45,589.09,617.73,646.36,675.0,703.64,
398.18,425.98,453.78,481.57,509.37,537.17,564.97,592.76,620.56,648.36,676.15,703.95,
423.18,450.98,478.78,506.57,534.37,562.17,589.97,617.76,645.56,673.36,701.15,728.95,
413.64,436.5,459.37,482.24,505.1,527.97,550.84,573.71,596.57,619.44,642.31,665.17,
415.15,433.89,452.63,471.38,490.12,508.86,527.6,546.34,565.08,583.82,602.56,621.31,
412.73,427.76,442.8,457.83,472.87,487.9,502.94,517.97,533.01,548.04,563.08,578.11,
371.82,378.25,384.69,391.12,397.55,403.99,410.42,416.85,423.29,429.72,436.15,442.59,
319.39,317.89,316.39,314.88,313.38,311.88,310.37,308.87,307.37,305.86,304.36,302.86,
257.12,247.19,237.26,227.33,217.4,207.47,197.54,187.61,177.68,167.75,157.82,147.89,
220.15,206.97,193.79,180.61,167.42,154.24,141.06,127.88,114.7,101.52,88.33,75.15,
192.42,178.44,164.45,150.47,136.48,122.49,108.51,94.52,80.54,66.55,52.56,38.58,
152.42,134.59,116.76,98.93,81.1,63.26,45.43,27.6,9.77,0.0,0.0,0.0,
106.97,83.3,59.63,35.96,12.28,0.0,0.0,0.0,0.0,0.0,0.0,0.0,
52.88,23.58,0.0,0.0,0.0,0.0,0.0,0.0,0.0,0.0,0.0,0.0,
10.76,0.0,0.0,0.0,0.0,0.0,0.0,0.0,0.0,0.0,0.0,0.0,
0.0,0.0,0.0,0.0,0.0,0.0,0.0,0.0,0.0,0.0,0.0,0.0,
0.0,0.0,0.0,0.0,0.0,0.0,0.0,0.0,0.0,0.0,0.0,0.0,
18.33,0.0,0.0,0.0,0.0,0.0,0.0,0.0,0.0,0.0,0.0,0.0,
73.94,65.06,56.18,47.3,38.41,29.53,20.65,11.77,2.89,0.0,0.0,0.0,
127.58,126.95,126.32,125.69,125.06,124.43,123.8,123.17,122.54,121.91,121.28,120.65,
223.94,235.44,246.95,258.45,269.95,281.46,292.96,304.46,315.97,327.47,338.97,350.48,
304.09,325.49,346.89,368.29,389.69,411.08,432.48,453.88,475.28,496.68,518.08,539.48,
352.58,379.25,405.93,432.61,459.29,485.97,512.65,539.32,566.0,592.68,619.36,646.04,
387.88,417.81,447.74,477.67,507.6,537.53,567.46,597.39,627.32,657.25,687.18,717.11,
427.58,461.18,494.78,528.38,561.98,595.58,629.18,662.79,696.39,729.99,763.59,797.19,
430.45,461.68,492.9,524.13,555.35,586.57,617.8,649.02,680.24,711.47,742.69,773.92,
396.06,419.17,442.28,465.4,488.51,511.62,534.73,557.84,580.96,604.07,627.18,650.29,
381.36,398.88,416.4,433.92,451.43,468.95,486.47,503.99,521.5,539.02,556.54,574.06,
352.73,362.38,372.03,381.68,391.33,400.98,410.63,420.28,429.93,439.58,449.23,458.88,
358.79,365.78,372.77,379.77,386.76,393.75,400.75,407.74,414.73,421.72,428.72,435.71,
370.3,376.25,382.19,388.14,394.08,400.02,405.97,411.91,417.86,423.8,429.74,435.69,
341.52,342.0,342.49,342.98,343.47,343.96,344.45,344.94,345.43,345.92,346.41,346.9,
333.03,333.62,334.22,334.81,335.41,336.0,336.6,337.19,337.79,338.38,338.97,339.57,
305.3,303.55,301.81,300.06,298.31,296.56,294.81,293.07,291.32,289.57,287.82,286.07,
267.12,261.04,254.95,248.87,242.79,236.7,230.62,224.53,218.45,212.37,206.28,200.2,
195.61,181.34,167.07,152.81,138.54,124.28,110.01,95.75,81.48,67.21,52.95,38.68,
143.79,124.63,105.47,86.31,67.14,47.98,28.82,9.66,0.0,0.0,0.0,0.0,
81.06,55.33,29.59,3.86,0.0,0.0,0.0,0.0,0.0,0.0,0.0,0.0,
11.97,0.0,0.0,0.0,0.0,0.0,0.0,0.0,0.0,0.0,0.0,0.0,
0.0,0.0,0.0,0.0,0.0,0.0,0.0,0.0,0.0,0.0,0.0,0.0,
13.48,0.0,0.0,0.0,0.0,0.0,0.0,0.0,0.0,0.0,0.0,0.0,
69.09,50.49,31.89,13.29,0.0,0.0,0.0,0.0,0.0,0.0,0.0,0.0,
181.21,180.37,179.53,178.69,177.86,177.02,176.18,175.34,174.5,173.66,172.82,171.98,
328.48,347.23,365.97,384.71,403.45,422.19,440.93,459.67,478.41,497.16,515.9,534.64,
461.82,497.48,533.15,568.81,604.48,640.14,675.8,711.47,747.13,782.8,818.46,854.13,
496.36,535.8,575.24,614.69,654.13,693.57,733.01,772.45,811.89,851.33,890.77,930.21,
517.88,558.96,600.05,641.13,682.21,723.3,764.38,805.47,846.55,887.63,928.72,969.8,
476.82,509.79,542.76,575.73,608.71,641.68,674.65,707.62,740.59,773.57,806.54,839.51,
441.52,467.0,492.49,517.98,543.47,568.96,594.45,619.94,645.43,670.92,696.41,721.9,
377.12,390.65,404.18,417.72,431.25,444.78,458.31,471.84,485.37,498.9,512.44,525.97,
307.88,308.19,308.51,308.82,309.14,309.45,309.77,310.08,310.4,310.71,311.03,311.34,
234.7,221.83,208.96,196.1,183.23,170.36,157.49,144.63,131.76,118.89,106.03,93.16,
208.64,191.12,173.6,156.08,138.57,121.05,103.53,86.01,68.5,50.98,33.46,15.94,
210.3,191.25,172.19,153.14,134.08,115.02,95.97,76.91,57.86,38.8,19.74,0.69,
215.3,197.79,180.27,162.75,145.23,127.72,110.2,92.68,75.16,57.65,40.13,22.61,
299.09,295.87,292.66,289.44,286.22,283.01,279.79,276.57,273.36,270.14,266.92,263.71,
363.33,372.56,381.79,391.03,400.26,409.49,418.72,427.95,437.18,446.41,455.64,464.87,
420.0,436.54,453.08,469.62,486.15,502.69,519.23,535.77,552.31,568.85,585.38,601.92,
396.21,410.37,424.53,438.69,452.86,467.02,481.18,495.34,509.5,523.66,537.82,551.98,
349.09,356.26,363.43,370.59,377.76,384.93,392.1,399.27,406.43,413.6,420.77,427.94,
255.91,251.43,246.96,242.48,238.01,233.53,229.06,224.58,220.1,215.63,211.15,206.68,
167.12,151.04,134.95,118.87,102.79,86.7,70.62,54.53,38.45,22.37,6.28,0.0,
89.85,64.18,38.52,12.86,0.0,0.0,0.0,0.0,0.0,0.0,0.0,0.0,
18.64,0.0,0.0,0.0,0.0,0.0,0.0,0.0,0.0,0.0,0.0,0.0,
31.21,0.0,0.0,0.0,0.0,0.0,0.0,0.0,0.0,0.0,0.0,0.0,
91.36,69.27,47.17,25.07,2.97,0.0,0.0,0.0,0.0,0.0,0.0,0.0,
152.17,138.87,125.57,112.28,98.98,85.68,72.38,59.08,45.78,32.48,19.19,5.89,
238.69,239.59,240.5,241.41,242.32,243.23,244.14,245.05,245.96,246.87,247.78,248.68,
338.08,353.13,368.17,383.22,398.27,413.31,428.36,443.41,458.45,473.5,488.55,503.59,
402.47,429.35,456.23,483.1,509.98,536.86,563.73,590.61,617.49,644.36,671.24,698.11,
410.35,438.19,466.02,493.85,521.68,549.51,577.35,605.18,633.01,660.84,688.67,716.51,
413.08,440.82,468.56,496.3,524.04,551.78,579.51,607.25,634.99,662.73,690.47,718.21,
386.72,407.58,428.44,449.3,470.17,491.03,511.89,532.75,553.62,574.48,595.34,616.2,
325.81,335.63,345.46,355.28,365.11,374.93,384.76,394.58,404.41,414.23,424.06,433.89,
288.99,290.33,291.67,293.01,294.35,295.69,297.03,298.37,299.71,301.05,302.39,303.73,
252.17,244.64,237.11,229.58,222.06,214.53,207.0,199.47,191.94,184.41,176.88,169.35,
247.63,238.5,229.38,220.25,211.12,202.0,192.87,183.75,174.62,165.49,156.37,147.24,
296.87,293.91,290.95,287.99,285.03,282.07,279.11,276.15,273.19,270.23,267.27,264.31,
334.85,337.26,339.67,342.09,344.5,346.91,349.32,351.74,354.15,356.56,358.97,361.39,
335.91,339.51,343.11,346.71,350.31,353.92,357.52,361.12,364.72,368.32,371.92,375.52,
397.58,411.18,424.78,438.38,451.98,465.58,479.18,492.79,506.39,519.99,533.59,547.19,
402.58,416.56,430.55,444.53,458.52,472.51,486.49,500.48,514.46,528.45,542.44,556.42,
375.61,385.19,394.77,404.35,413.93,423.51,433.09,442.67,452.25,461.83,471.41,480.99,
324.39,326.74,329.08,331.42,333.76,336.11,338.45,340.79,343.14,345.48,347.82,350.16,
239.7,231.45,223.19,214.94,206.69,198.44,190.19,181.93,173.68,165.43,157.18,148.93,
136.67,114.36,92.05,69.74,47.44,25.13,2.82,0.0,0.0,0.0,0.0,0.0,
62.42,31.52,0.61,0.0,0.0,0.0,0.0,0.0,0.0,0.0,0.0,0.0,
4.55,0.0,0.0,0.0,0.0,0.0,0.0,0.0,0.0,0.0,0.0,0.0,
10.15,0.0,0.0,0.0,0.0,0.0,0.0,0.0,0.0,0.0,0.0,0.0,
72.88,50.12,27.35,4.59,0.0,0.0,0.0,0.0,0.0,0.0,0.0,0.0,
167.27,159.16,151.05,142.94,134.83,126.71,118.6,110.49,102.38,94.27,86.15,78.04,
248.79,251.55,254.31,257.07,259.84,262.6,265.36,268.12,270.89,273.65,276.41,279.17,
343.18,360.59,378.01,395.42,412.83,430.24,447.66,465.07,482.48,499.9,517.31,534.72,
371.06,393.79,416.52,439.24,461.97,484.7,507.42,530.15,552.88,575.61,598.33,621.06,
406.52,434.31,462.11,489.91,517.7,545.5,573.3,601.1,628.89,656.69,684.49,712.28,
409.09,436.64,464.2,491.75,519.3,546.85,574.41,601.96,629.51,657.06,684.62,712.17,
363.94,383.14,402.33,421.53,440.72,459.92,479.11,498.31,517.51,536.7,555.9,575.09,
317.42,327.28,337.14,347.0,356.86,366.72,376.59,386.45,396.31,406.17,416.03,425.89,
295.3,298.55,301.81,305.06,308.31,311.56,314.81,318.07,321.32,324.57,327.82,331.07,
251.82,245.56,239.3,233.04,226.78,220.52,214.27,208.01,201.75,195.49,189.23,182.97,
216.82,204.79,192.76,180.73,168.71,156.68,144.65,132.62,120.59,108.57,96.54,84.51,
210.76,197.93,185.09,172.26,159.43,146.6,133.76,120.93,108.1,95.27,82.44,69.6,
239.7,232.21,224.73,217.25,209.77,202.28,194.8,187.32,179.84,172.35,164.87,157.39,
291.52,292.77,294.03,295.29,296.55,297.81,299.07,300.33,301.59,302.84,304.1,305.36,
315.15,321.59,328.02,334.45,340.89,347.32,353.75,360.19,366.62,373.05,379.49,385.92,
355.76,366.39,377.02,387.65,398.28,408.9,419.53,430.16,440.79,451.42,462.05,472.68,
329.7,337.6,345.5,353.4,361.31,369.21,377.11,385.01,392.91,400.82,408.72,416.62,
304.24,308.61,312.98,317.35,321.72,326.1,330.47,334.84,339.21,343.58,347.95,352.32,
217.42,209.98,202.53,195.08,187.63,180.19,172.74,165.29,157.84,150.4,142.95,135.5,
142.42,125.36,108.3,91.24,74.17,57.11,40.05,22.98,5.92,0.0,0.0,0.0,
83.33,60.64,37.95,15.26,0.0,0.0,0.0,0.0,0.0,0.0,0.0,0.0,
26.82,0.0,0.0,0.0,0.0,0.0,0.0,0.0,0.0,0.0,0.0,0.0,
29.85,2.65,0.0,0.0,0.0,0.0,0.0,0.0,0.0,0.0,0.0,0.0,
53.18,30.21,7.24,0.0,0.0,0.0,0.0,0.0,0.0,0.0,0.0,0.0,
127.27,115.31,103.36,91.4,79.44,67.48,55.52,43.57,31.61,19.65,7.69,0.0,
241.82,246.33,250.84,255.35,259.86,264.37,268.88,273.39,277.9,282.41,286.92,291.43,
368.64,389.2,409.76,430.31,450.87,471.43,491.99,512.55,533.11,553.67,574.23,594.79,
467.42,503.05,538.68,574.31,609.94,645.57,681.2,716.83,752.46,788.09,823.72,859.35,
487.88,525.12,562.35,599.59,636.83,674.07,711.31,748.54,785.78,823.02,860.26,897.49,
483.79,520.01,556.24,592.46,628.68,664.91,701.13,737.35,773.58,809.8,846.03,882.25,
429.85,456.11,482.37,508.62,534.88,561.14,587.4,613.66,639.92,666.18,692.44,718.69,
396.67,415.13,433.59,452.05,470.51,488.97,507.44,525.9,544.36,562.82,581.28,599.74,
364.24,374.0,383.75,393.51,403.26,413.02,422.77,432.53,442.28,452.04,461.79,471.55,
296.52,292.77,289.03,285.29,281.55,277.81,274.07,270.33,266.59,262.84,259.1,255.36,
267.27,257.62,247.97,238.32,228.67,219.02,209.37,199.72,190.07,180.42,170.77,161.12,
252.73,239.3,225.87,212.45,199.02,185.59,172.17,158.74,145.31,131.89,118.46,105.03,
224.85,208.41,191.98,175.55,159.11,142.68,126.25,109.81,93.38,76.95,60.51,44.08,
249.39,238.28,227.16,216.04,204.92,193.8,182.68,171.56,160.44,149.32,138.21,127.09,
270.61,266.72,262.84,258.96,255.08,251.2,247.32,243.44,239.56,235.68,231.79,227.91,
321.67,326.28,330.9,335.51,340.13,344.74,349.36,353.97,358.59,363.21,367.82,372.44,
337.12,344.11,351.11,358.1,365.09,372.09,379.08,386.07,393.07,400.06,407.05,414.04,
274.39,273.28,272.16,271.04,269.92,268.8,267.68,266.56,265.44,264.32,263.21,262.09,
183.18,169.83,156.47,143.11,129.76,116.4,103.04,89.69,76.33,62.97,49.62,36.26,
108.64,86.89,65.14,43.39,21.64,0.0,0.0,0.0,0.0,0.0,0.0,0.0,
52.27,25.7,0.0,0.0,0.0,0.0,0.0,0.0,0.0,0.0,0.0,0.0,
0.15,0.0,0.0,0.0,0.0,0.0,0.0,0.0,0.0,0.0,0.0,0.0,
40.3,15.48,0.0,0.0,0.0,0.0,0.0,0.0,0.0,0.0,0.0,0.0,
74.55,56.78,39.02,21.26,3.5,0.0,0.0,0.0,0.0,0.0,0.0,0.0,
127.27,116.85,106.43,96.01,85.59,75.17,64.76,54.34,43.92,33.5,23.08,12.66,
220.91,224.13,227.34,230.56,233.78,236.99,240.21,243.43,246.64,249.86,253.08,256.29,
306.06,319.94,333.82,347.7,361.59,375.47,389.35,403.23,417.11,430.99,444.87,458.75,
396.82,424.41,451.99,479.58,507.17,534.76,562.34,589.93,617.52,645.1,672.69,700.28,
449.39,485.2,521.0,556.81,592.61,628.41,664.22,700.02,735.83,771.63,807.44,843.24,
492.12,531.04,569.95,608.87,647.79,686.7,725.62,764.53,803.45,842.37,881.28,920.2,
491.06,526.1,561.13,596.17,631.2,666.24,701.27,736.31,771.34,806.38,841.41,876.45,
465.91,493.36,520.8,548.25,575.7,603.15,630.59,658.04,685.49,712.94,740.38,767.83,
435.45,453.99,472.52,491.05,509.58,528.11,546.64,565.17,583.71,602.24,620.77,639.3,
385.45,392.45,399.44,406.43,413.43,420.42,427.41,434.41,441.4,448.39,455.38,462.38,
385.15,390.43,395.71,400.99,406.27,411.55,416.83,422.11,427.39,432.67,437.95,443.23,
345.0,342.69,340.38,338.08,335.77,333.46,331.15,328.85,326.54,324.23,321.92,319.62,
314.39,307.51,300.62,293.73,286.84,279.95,273.07,266.18,259.29,252.4,245.51,238.62,
294.55,286.01,277.48,268.95,260.42,251.89,243.36,234.83,226.29,217.76,209.23,200.7,
261.52,250.85,240.19,229.52,218.86,208.19,197.53,186.86,176.2,165.54,154.87,144.21,
207.12,191.42,175.72,160.02,144.32,128.62,112.93,97.23,81.53,65.83,50.13,34.43,
147.58,125.02,102.47,79.92,57.37,34.81,12.26,0.0,0.0,0.0,0.0,0.0,
135.3,113.55,91.81,70.06,48.31,26.56,4.81,0.0,0.0,0.0,0.0,0.0,
115.3,92.79,70.27,47.75,25.23,2.72,0.0,0.0,0.0,0.0,0.0,0.0,
69.24,42.84,16.45,0.0,0.0,0.0,0.0,0.0,0.0,0.0,0.0,0.0,
37.58,10.02,0.0,0.0,0.0,0.0,0.0,0.0,0.0,0.0,0.0,0.0,
4.85,0.0,0.0,0.0,0.0,0.0,0.0,0.0,0.0,0.0,0.0,0.0,
6.36,0.0,0.0,0.0,0.0,0.0,0.0,0.0,0.0,0.0,0.0,0.0,
20.91,1.43,0.0,0.0,0.0,0.0,0.0,0.0,0.0,0.0,0.0,0.0,
40.76,26.77,12.79,0.0,0.0,0.0,0.0,0.0,0.0,0.0,0.0,0.0,
91.67,86.67,81.67,76.67,71.67,66.67,61.67,56.67,51.67,46.67,41.67,36.67,
186.36,193.88,201.4,208.92,216.43,223.95,231.47,238.99,246.5,254.02,261.54,269.06,
305.61,326.72,347.84,368.96,390.08,411.2,432.32,453.44,474.56,495.68,516.79,537.91,
371.36,399.27,427.17,455.07,482.97,510.87,538.78,566.68,594.58,622.48,650.38,678.29,
434.7,469.91,505.12,540.33,575.54,610.75,645.96,681.17,716.38,751.59,786.79,822.0,
475.15,514.28,553.4,592.53,631.66,670.78,709.91,749.03,788.16,827.28,866.41,905.54,
461.67,496.28,530.9,565.51,600.13,634.74,669.36,703.97,738.59,773.21,807.82,842.44,
460.76,491.77,522.79,553.8,584.81,615.83,646.84,677.86,708.87,739.88,770.9,801.91,
434.55,457.94,481.33,504.72,528.11,551.5,574.9,598.29,621.68,645.07,668.46,691.85,
435.3,454.32,473.34,492.37,511.39,530.41,549.43,568.45,587.47,606.49,625.51,644.53,
415.3,427.79,440.27,452.75,465.23,477.72,490.2,502.68,515.16,527.65,540.13,552.61,
369.7,372.21,374.73,377.25,379.77,382.28,384.8,387.32,389.84,392.35,394.87,397.39,
277.27,265.7,254.13,242.55,230.98,219.41,207.83,196.26,184.69,173.11,161.54,149.97,
198.03,177.47,156.91,136.35,115.79,95.23,74.67,54.11,33.55,13.0,0.0,0.0,
173.18,153.29,133.39,113.5,93.6,73.71,53.81,33.92,14.02,0.0,0.0,0.0,
134.24,111.69,89.14,66.59,44.03,21.48,0.0,0.0,0.0,0.0,0.0,0.0,
108.33,84.87,61.41,37.95,14.49,0.0,0.0,0.0,0.0,0.0,0.0,0.0,
80.3,55.48,30.65,5.83,0.0,0.0,0.0,0.0,0.0,0.0,0.0,0.0,
39.09,10.1,0.0,0.0,0.0,0.0,0.0,0.0,0.0,0.0,0.0,0.0,
0.45,0.0,0.0,0.0,0.0,0.0,0.0,0.0,0.0,0.0,0.0,0.0,
0.0,0.0,0.0,0.0,0.0,0.0,0.0,0.0,0.0,0.0,0.0,0.0,
0.0,0.0,0.0,0.0,0.0,0.0,0.0,0.0,0.0,0.0,0.0,0.0,
25.3,9.32,0.0,0.0,0.0,0.0,0.0,0.0,0.0,0.0,0.0,0.0,
93.64,89.97,86.29,82.62,78.95,75.28,71.61,67.94,64.27,60.59,56.92,53.25,
151.06,155.33,159.59,163.86,168.12,172.39,176.66,180.92,185.19,189.45,193.72,197.98,
237.12,251.04,264.95,278.87,292.79,306.7,320.62,334.53,348.45,362.37,376.28,390.2,
312.27,334.93,357.59,380.24,402.9,425.56,448.22,470.87,493.53,516.19,538.85,561.5,
426.52,461.62,496.72,531.83,566.93,602.04,637.14,672.25,707.35,742.46,777.56,812.67,
484.7,525.29,565.89,606.48,647.07,687.67,728.26,768.86,809.45,850.05,890.64,931.24,
526.36,569.65,612.94,656.22,699.51,742.8,786.08,829.37,872.66,915.94,959.23,1002.52,
490.61,526.72,562.84,598.96,635.08,671.2,707.32,743.44,779.56,815.68,851.79,887.91,
436.21,461.53,486.84,512.16,537.47,562.79,588.1,613.41,638.73,664.04,689.36,714.67,
390.76,406.39,422.02,437.65,453.28,468.9,484.53,500.16,515.79,531.42,547.05,562.68,
358.79,366.55,374.31,382.07,389.84,397.6,405.36,413.12,420.89,428.65,436.41,444.17,
359.7,362.98,366.27,369.56,372.84,376.13,379.42,382.7,385.99,389.28,392.56,395.85,
320.91,316.82,312.73,308.64,304.55,300.45,296.36,292.27,288.18,284.09,280.0,275.91,
291.06,281.48,271.9,262.32,252.74,243.16,233.58,224.0,214.42,204.84,195.26,185.68,
281.06,271.1,261.13,251.17,241.2,231.24,221.27,211.31,201.34,191.38,181.41,171.45,
264.24,252.84,241.45,230.05,218.65,207.25,195.85,184.45,173.05,161.66,150.26,138.86,
262.12,254.5,246.88,239.25,231.63,224.01,216.39,208.76,201.14,193.52,185.9,178.28,
229.09,219.72,210.35,200.98,191.61,182.24,172.87,163.5,154.13,144.76,135.38,126.01,
191.21,179.99,168.76,157.54,146.32,135.09,123.87,112.65,101.42,90.2,78.97,67.75,
115.91,95.28,74.65,54.02,33.39,12.76,0.0,0.0,0.0,0.0,0.0,0.0,
55.0,26.92,0.0,0.0,0.0,0.0,0.0,0.0,0.0,0.0,0.0,0.0,
9.39,0.0,0.0,0.0,0.0,0.0,0.0,0.0,0.0,0.0,0.0,0.0,
13.03,0.0,0.0,0.0,0.0,0.0,0.0,0.0,0.0,0.0,0.0,0.0,
84.39,67.51,50.62,33.73,16.84,0.0,0.0,0.0,0.0,0.0,0.0,0.0,
200.91,199.9,198.88,197.87,196.85,195.84,194.83,193.81,192.8,191.78,190.77,189.76,
315.61,330.19,344.77,359.35,373.93,388.51,403.09,417.67,432.25,446.83,461.41,475.99,
395.45,420.91,446.36,471.82,497.27,522.73,548.18,573.64,599.09,624.55,650.0,675.45,
446.06,478.4,510.75,543.09,575.43,607.77,640.12,672.46,704.8,737.14,769.49,801.83,
461.97,495.61,529.24,562.88,596.52,630.15,663.79,697.42,731.06,764.7,798.33,831.97,
447.73,477.76,507.8,537.83,567.87,597.9,627.94,657.97,688.01,718.04,748.08,778.11,
434.55,459.86,485.17,510.49,535.8,561.12,586.43,611.75,637.06,662.38,687.69,713.01,
376.67,390.9,405.13,419.36,433.59,447.82,462.05,476.28,490.51,504.74,518.97,533.21,
321.97,325.61,329.24,332.88,336.52,340.15,343.79,347.42,351.06,354.7,358.33,361.97,
289.55,284.86,280.17,275.49,270.8,266.12,261.43,256.75,252.06,247.38,242.69,238.01,
217.73,201.61,185.49,169.37,153.25,137.13,121.01,104.9,88.78,72.66,56.54,40.42,
189.09,168.57,148.04,127.52,106.99,86.47,65.94,45.42,24.9,4.37,0.0,0.0,
222.88,209.35,195.82,182.28,168.75,155.22,141.69,128.16,114.63,101.1,87.56,74.03,
295.15,293.51,291.86,290.22,288.58,286.93,285.29,283.65,282.0,280.36,278.72,277.07,
318.64,321.89,325.14,328.39,331.64,334.9,338.15,341.4,344.65,347.9,351.15,354.41,
403.94,418.14,432.33,446.53,460.72,474.92,489.11,503.31,517.51,531.7,545.9,560.09,
407.58,421.95,436.32,450.69,465.06,479.43,493.8,508.17,522.54,536.91,551.28,565.65,
341.36,346.96,352.55,358.15,363.74,369.34,374.93,380.52,386.12,391.71,397.31,402.9,
270.76,268.31,265.86,263.41,260.97,258.52,256.07,253.62,251.18,248.73,246.28,243.83,
179.85,165.72,151.6,137.47,123.34,109.22,95.09,80.97,66.84,52.72,38.59,24.46,
94.7,70.29,45.89,21.48,0.0,0.0,0.0,0.0,0.0,0.0,0.0,0.0,
48.64,20.73,0.0,0.0,0.0,0.0,0.0,0.0,0.0,0.0,0.0,0.0,
25.61,0.0,0.0,0.0,0.0,0.0,0.0,0.0,0.0,0.0,0.0,0.0,
45.0,16.92,0.0,0.0,0.0,0.0,0.0,0.0,0.0,0.0,0.0,0.0,
110.91,92.59,74.27,55.94,37.62,19.3,0.98,0.0,0.0,0.0,0.0,0.0,
197.88,193.58,189.28,184.98,180.68,176.38,172.07,167.77,163.47,159.17,154.87,150.57,
310.45,320.91,331.36,341.82,352.27,362.73,373.18,383.64,394.09,404.55,415.0,425.45,
401.82,428.64,455.45,482.27,509.09,535.91,562.73,589.55,616.36,643.18,670.0,696.82,
454.39,489.43,524.46,559.5,594.53,629.57,664.6,699.64,734.67,769.71,804.74,839.78,
432.58,463.48,494.39,525.3,556.21,587.12,618.03,648.94,679.85,710.76,741.67,772.58,
395.3,418.94,442.58,466.21,489.85,513.48,537.12,560.76,584.39,608.03,631.67,655.3,
370.76,387.54,404.32,421.11,437.89,454.67,471.46,488.24,505.02,521.81,538.59,555.37,
304.39,308.66,312.93,317.19,321.46,325.72,329.99,334.25,338.52,342.79,347.05,351.32,
246.21,239.22,232.23,225.23,218.24,211.25,204.25,197.26,190.27,183.28,176.28,169.29,
201.97,187.53,173.09,158.65,144.21,129.77,115.33,100.89,86.45,72.0,57.56,43.12,
242.42,231.9,221.38,210.85,200.33,189.8,179.28,168.75,158.23,147.7,137.18,126.66,
279.24,274.0,268.75,263.51,258.26,253.02,247.77,242.53,237.28,232.04,226.79,221.55,
340.15,343.12,346.1,349.07,352.04,355.01,357.98,360.96,363.93,366.9,369.87,372.84,
406.67,421.28,435.9,450.51,465.13,479.74,494.36,508.97,523.59,538.21,552.82,567.44,
422.12,439.11,456.11,473.1,490.09,507.09,524.08,541.07,558.07,575.06,592.05,609.04,
423.33,440.64,457.95,475.26,492.56,509.87,527.18,544.49,561.79,579.1,596.41,613.72,
368.33,377.18,386.03,394.87,403.72,412.56,421.41,430.26,439.1,447.95,456.79,465.64,
283.33,280.26,277.18,274.1,271.03,267.95,264.87,261.79,258.72,255.64,252.56,249.49,
189.39,175.2,161.0,146.81,132.61,118.41,104.22,90.02,75.83,61.63,47.44,33.24,
93.64,66.89,40.14,13.39,0.0,0.0,0.0,0.0,0.0,0.0,0.0,0.0,
11.97,0.0,0.0,0.0,0.0,0.0,0.0,0.0,0.0,0.0,0.0,0.0,
3.94,0.0,0.0,0.0,0.0,0.0,0.0,0.0,0.0,0.0,0.0,0.0,
46.67,17.44,0.0,0.0,0.0,0.0,0.0,0.0,0.0,0.0,0.0,0.0,
96.97,76.76,56.55,36.34,16.13,0.0,0.0,0.0,0.0,0.0,0.0,0.0,
230.0,230.0,230.0,230.0,230.0,230.0,230.0,230.0,230.0,230.0,230.0,230.0,
329.39,344.43,359.46,374.5,389.53,404.57,419.6,434.64,449.67,464.71,479.74,494.78,
395.15,420.05,444.94,469.84,494.73,519.63,544.52,569.42,594.31,619.21,644.1,669.0,
426.97,457.14,487.32,517.49,547.67,577.84,608.02,638.19,668.37,698.54,728.72,758.89,
435.61,466.34,497.07,527.81,558.54,589.28,620.01,650.75,681.48,712.21,742.95,773.68,
405.76,430.62,455.48,480.34,505.2,530.06,554.92,579.78,604.64,629.5,654.36,679.22,
378.94,396.21,413.48,430.76,448.03,465.3,482.58,499.85,517.12,534.39,551.67,568.94,
341.97,350.22,358.47,366.72,374.98,383.23,391.48,399.73,407.98,416.24,424.49,432.74,
289.85,286.88,283.9,280.93,277.96,274.99,272.02,269.04,266.07,263.1,260.13,257.16,
272.12,265.65,259.18,252.72,246.25,239.78,233.31,226.84,220.37,213.9,207.44,200.97,
265.91,257.59,249.27,240.94,232.62,224.3,215.98,207.66,199.34,191.01,182.69,174.37,
262.88,253.58,244.28,234.98,225.68,216.38,207.07,197.77,188.47,179.17,169.87,160.57,
315.0,315.0,315.0,315.0,315.0,315.0,315.0,315.0,315.0,315.0,315.0,315.0,
342.27,347.62,352.97,358.32,363.67,369.02,374.37,379.72,385.07,390.42,395.77,401.12,
360.91,369.51,378.11,386.71,395.31,403.92,412.52,421.12,429.72,438.32,446.92,455.52,
350.61,357.49,364.38,371.27,378.16,385.05,391.93,398.82,405.71,412.6,419.49,426.38,
317.73,320.07,322.41,324.76,327.1,329.44,331.78,334.13,336.47,338.81,341.15,343.5,
226.06,216.1,206.13,196.17,186.2,176.24,166.27,156.31,146.34,136.38,126.41,116.45,
157.73,140.07,122.41,104.76,87.1,69.44,51.78,34.13,16.47,0.0,0.0,0.0,
82.73,56.99,31.26,5.52,0.0,0.0,0.0,0.0,0.0,0.0,0.0,0.0,
31.21,0.37,0.0,0.0,0.0,0.0,0.0,0.0,0.0,0.0,0.0,0.0,
28.48,0.0,0.0,0.0,0.0,0.0,0.0,0.0,0.0,0.0,0.0,0.0,
47.58,22.33,0.0,0.0,0.0,0.0,0.0,0.0,0.0,0.0,0.0,0.0,
118.79,104.24,89.7,75.15,60.61,46.06,31.52,16.97,2.42,0.0,0.0,0.0,
219.7,220.29,220.89,221.48,222.07,222.67,223.26,223.86,224.45,225.05,225.64,226.24,
338.64,355.35,372.06,388.78,405.49,422.2,438.92,455.63,472.34,489.06,505.77,522.48,
436.52,466.62,496.72,526.83,556.93,587.04,617.14,647.25,677.35,707.46,737.56,767.67,
453.33,486.41,519.49,552.56,585.64,618.72,651.79,684.87,717.95,751.03,784.1,817.18,
472.12,507.19,542.26,577.33,612.4,647.47,682.54,717.61,752.68,787.75,822.82,857.89,
455.91,485.66,515.42,545.17,574.93,604.69,634.44,664.2,693.95,723.71,753.46,783.22,
413.03,434.01,454.99,475.97,496.95,517.93,538.9,559.88,580.86,601.84,622.82,643.8,
381.82,394.02,406.22,418.43,430.63,442.83,455.03,467.24,479.44,491.64,503.85,516.05,
325.0,325.77,326.54,327.31,328.08,328.85,329.62,330.38,331.15,331.92,332.69,333.46,
251.97,241.38,230.78,220.19,209.59,199.0,188.4,177.81,167.21,156.62,146.03,135.43,
224.85,208.8,192.75,176.7,160.65,144.6,128.55,112.51,96.46,80.41,64.36,48.31,
232.88,218.19,203.51,188.82,174.14,159.45,144.77,130.08,115.4,100.71,86.03,71.34,
230.76,217.54,204.32,191.11,177.89,164.67,151.46,138.24,125.02,111.81,98.59,85.37,
254.09,247.41,240.73,234.06,227.38,220.7,214.02,207.34,200.66,193.99,187.31,180.63,
296.06,297.63,299.21,300.78,302.35,303.93,305.5,307.07,308.65,310.22,311.79,313.37,
321.97,325.99,330.01,334.03,338.05,342.07,346.1,350.12,354.14,358.16,362.18,366.2,
290.91,291.43,291.96,292.48,293.01,293.53,294.06,294.58,295.1,295.63,296.15,296.68,
231.06,224.94,218.82,212.7,206.59,200.47,194.35,188.23,182.11,175.99,169.87,163.75,
169.7,156.06,142.42,128.79,115.15,101.52,87.88,74.24,60.61,46.97,33.33,19.7,
124.24,107.07,89.91,72.74,55.57,38.4,21.24,4.07,0.0,0.0,0.0,0.0,
95.0,75.38,55.77,36.15,16.54,0.0,0.0,0.0,0.0,0.0,0.0,0.0,
37.27,10.31,0.0,0.0,0.0,0.0,0.0,0.0,0.0,0.0,0.0,0.0,
27.12,1.04,0.0,0.0,0.0,0.0,0.0,0.0,0.0,0.0,0.0,0.0,
48.64,28.04,7.45,0.0,0.0,0.0,0.0,0.0,0.0,0.0,0.0,0.0,
113.03,101.7,90.37,79.04,67.72,56.39,45.06,33.73,22.4,11.07,0.0,0.0,
278.48,288.0,297.51,307.02,316.53,326.04,335.55,345.06,354.57,364.08,373.59,383.1,
411.52,438.54,465.57,492.6,519.63,546.66,573.68,600.71,627.74,654.77,681.79,708.82,
570.15,618.51,666.86,715.22,763.58,811.93,860.29,908.65,957.0,1005.36,1053.72,1102.07,
653.03,709.78,766.53,823.28,880.02,936.77,993.52,1050.27,1107.02,1163.76,1220.51,1277.26,
632.58,683.1,733.62,784.15,834.67,885.2,935.72,986.25,1036.77,1087.3,1137.82,1188.34,
597.88,640.12,682.35,724.59,766.83,809.07,851.31,893.54,935.78,978.02,1020.26,1062.49,
559.7,592.21,624.73,657.25,689.77,722.28,754.8,787.32,819.84,852.35,884.87,917.39,
521.82,545.17,568.53,591.89,615.24,638.6,661.96,685.31,708.67,732.03,755.38,778.74,
458.18,467.9,477.62,487.34,497.06,506.78,516.5,526.22,535.94,545.66,555.38,565.1,
394.85,391.49,388.14,384.78,381.42,378.07,374.71,371.35,368.0,364.64,361.28,357.93,
286.97,265.99,245.01,224.03,203.05,182.07,161.1,140.12,119.14,98.16,77.18,56.2,
233.94,204.67,175.41,146.14,116.88,87.61,58.34,29.08,0.0,0.0,0.0,0.0,
199.55,170.63,141.71,112.8,83.88,54.97,26.05,0.0,0.0,0.0,0.0,0.0,
161.52,131.62,101.72,71.83,41.93,12.04,0.0,0.0,0.0,0.0,0.0,0.0,
148.94,123.14,97.33,71.53,45.72,19.92,0.0,0.0,0.0,0.0,0.0,0.0,
154.09,133.57,113.04,92.52,71.99,51.47,30.94,10.42,0.0,0.0,0.0,0.0,
119.39,95.97,72.54,49.11,25.69,2.26,0.0,0.0,0.0,0.0,0.0,0.0,
87.88,62.04,36.2,10.36,0.0,0.0,0.0,0.0,0.0,0.0,0.0,0.0,
40.15,11.2,0.0,0.0,0.0,0.0,0.0,0.0,0.0,0.0,0.0,0.0,
19.55,0.0,0.0,0.0,0.0,0.0,0.0,0.0,0.0,0.0,0.0,0.0,
14.24,0.0,0.0,0.0,0.0,0.0,0.0,0.0,0.0,0.0,0.0,0.0,
37.58,19.25,0.93,0.0,0.0,0.0,0.0,0.0,0.0,0.0,0.0,0.0,
65.15,51.97,38.79,25.61,12.42,0.0,0.0,0.0,0.0,0.0,0.0,0.0,
109.55,105.24,100.94,96.64,92.34,88.04,83.74,79.44,75.14,70.84,66.54,62.24,
191.52,197.77,204.03,210.29,216.55,222.81,229.07,235.33,241.59,247.84,254.1,260.36,
301.97,321.38,340.78,360.19,379.59,399.0,418.4,437.81,457.21,476.62,496.03,515.43,
417.88,450.12,482.35,514.59,546.83,579.07,611.31,643.54,675.78,708.02,740.26,772.49,
487.88,527.81,567.74,607.67,647.6,687.53,727.46,767.39,807.32,847.25,887.18,927.11,
545.15,590.05,634.94,679.84,724.73,769.63,814.52,859.42,904.31,949.21,994.1,1039.0,
573.33,619.1,664.87,710.64,756.41,802.18,847.95,893.72,939.49,985.26,1031.03,1076.79,
558.03,597.09,636.14,675.2,714.25,753.31,792.37,831.42,870.48,909.53,948.59,987.65,
566.97,602.14,637.32,672.49,707.67,742.84,778.02,813.19,848.37,883.54,918.72,953.89,
546.06,573.4,600.75,628.09,655.43,682.77,710.12,737.46,764.8,792.14,819.49,846.83,
483.94,498.9,513.87,528.83,543.8,558.76,573.73,588.69,603.66,618.62,633.59,648.55,
414.55,417.17,419.79,422.41,425.03,427.66,430.28,432.9,435.52,438.15,440.77,443.39,
320.45,307.45,294.44,281.43,268.43,255.42,242.41,229.41,216.4,203.39,190.38,177.38,
223.79,198.47,173.16,147.84,122.53,97.21,71.9,46.59,21.27,0.0,0.0,0.0,
171.67,142.05,112.44,82.82,53.21,23.59,0.0,0.0,0.0,0.0,0.0,0.0,
144.24,115.15,86.06,56.97,27.88,0.0,0.0,0.0,0.0,0.0,0.0,0.0,
100.3,68.17,36.04,3.9,0.0,0.0,0.0,0.0,0.0,0.0,0.0,0.0,
73.79,41.55,9.31,0.0,0.0,0.0,0.0,0.0,0.0,0.0,0.0,0.0,
46.21,13.45,0.0,0.0,0.0,0.0,0.0,0.0,0.0,0.0,0.0,0.0,
2.12,0.0,0.0,0.0,0.0,0.0,0.0,0.0,0.0,0.0,0.0,0.0,
0.0,0.0,0.0,0.0,0.0,0.0,0.0,0.0,0.0,0.0,0.0,0.0,
0.0,0.0,0.0,0.0,0.0,0.0,0.0,0.0,0.0,0.0,0.0,0.0,
5.15,0.0,0.0,0.0,0.0,0.0,0.0,0.0,0.0,0.0,0.0,0.0,
40.76,27.54,14.32,1.11,0.0,0.0,0.0,0.0,0.0,0.0,0.0,0.0,
116.82,115.17,113.53,111.89,110.24,108.6,106.96,105.31,103.67,102.03,100.38,98.74,
239.09,252.03,264.97,277.9,290.84,303.78,316.71,329.65,342.59,355.52,368.46,381.4,
362.73,390.45,418.18,445.91,473.64,501.36,529.09,556.82,584.55,612.27,640.0,667.73,
472.58,512.72,552.86,593.0,633.14,673.28,713.41,753.55,793.69,833.83,873.97,914.11,
503.48,545.69,587.89,630.09,672.3,714.5,756.7,798.9,841.11,883.31,925.51,967.72,
498.18,537.9,577.62,617.34,657.06,696.78,736.5,776.22,815.94,855.66,895.38,935.1,
429.39,458.66,487.93,517.19,546.46,575.72,604.99,634.25,663.52,692.79,722.05,751.32,
359.55,376.78,394.02,411.26,428.5,445.73,462.97,480.21,497.45,514.69,531.92,549.16,
277.58,280.79,284.01,287.23,290.44,293.66,296.88,300.09,303.31,306.53,309.74,312.96,
236.97,231.38,225.78,220.19,214.59,209.0,203.4,197.81,192.21,186.62,181.03,175.43,
184.85,169.18,153.52,137.86,122.19,106.53,90.86,75.2,59.53,43.87,28.21,12.54,
134.85,110.34,85.83,61.32,36.81,12.3,0.0,0.0,0.0,0.0,0.0,0.0,
125.0,98.85,72.69,46.54,20.38,0.0,0.0,0.0,0.0,0.0,0.0,0.0,
169.24,152.07,134.91,117.74,100.57,83.4,66.24,49.07,31.9,14.73,0.0,0.0,
240.91,236.82,232.73,228.64,224.55,220.45,216.36,212.27,208.18,204.09,200.0,195.91,
278.64,284.2,289.76,295.31,300.87,306.43,311.99,317.55,323.11,328.67,334.23,339.79,
277.27,284.93,292.59,300.24,307.9,315.56,323.22,330.87,338.53,346.19,353.85,361.5,
223.79,226.17,228.54,230.92,233.3,235.68,238.05,240.43,242.81,245.19,247.56,249.94,
150.15,141.97,133.79,125.61,117.42,109.24,101.06,92.88,84.7,76.52,68.33,60.15,
91.06,74.94,58.82,42.7,26.59,10.47,0.0,0.0,0.0,0.0,0.0,0.0,
43.94,21.21,0.0,0.0,0.0,0.0,0.0,0.0,0.0,0.0,0.0,0.0,
67.88,49.35,30.82,12.28,0.0,0.0,0.0,0.0,0.0,0.0,0.0,0.0,
82.73,66.99,51.26,35.52,19.79,4.06,0.0,0.0,0.0,0.0,0.0,0.0,
130.61,121.34,112.07,102.81,93.54,84.28,75.01,65.75,56.48,47.21,37.95,28.68,
242.58,248.1,253.62,259.15,264.67,270.2,275.72,281.25,286.77,292.3,297.82,303.34,
368.94,391.21,413.48,435.76,458.03,480.3,502.58,524.85,547.12,569.39,591.67,613.94,
410.91,440.66,470.42,500.17,529.93,559.69,589.44,619.2,648.95,678.71,708.46,738.22,
415.61,445.96,476.31,506.66,537.0,567.35,597.7,628.05,658.4,688.75,719.1,749.45,
405.91,434.13,462.34,490.56,518.78,546.99,575.21,603.43,631.64,659.86,688.08,716.29,
369.7,389.91,410.12,430.33,450.54,470.75,490.96,511.17,531.38,551.59,571.79,592.0,
320.3,330.86,341.42,351.98,362.54,373.1,383.66,394.22,404.78,415.34,425.9,436.46,
259.09,258.57,258.04,257.52,256.99,256.47,255.94,255.42,254.9,254.37,253.85,253.32,
198.33,187.18,176.03,164.87,153.72,142.56,131.41,120.26,109.1,97.95,86.79,75.64,
167.27,151.47,135.66,119.86,104.06,88.25,72.45,56.64,40.84,25.03,9.23,0.0,
145.76,126.0,106.25,86.49,66.74,46.98,27.23,7.47,0.0,0.0,0.0,0.0,
159.85,142.26,124.67,107.09,89.5,71.91,54.32,36.74,19.15,1.56,0.0,0.0,
226.67,220.9,215.13,209.36,203.59,197.82,192.05,186.28,180.51,174.74,168.97,163.21,
342.88,355.89,368.89,381.9,394.91,407.91,420.92,433.93,446.93,459.94,472.95,485.96,
395.91,415.28,434.65,454.02,473.39,492.76,512.13,531.5,550.87,570.24,589.62,608.99,
374.09,390.1,406.12,422.13,438.15,454.16,470.17,486.19,502.2,518.22,534.23,550.24,
306.82,314.02,321.22,328.43,335.63,342.83,350.03,357.24,364.44,371.64,378.85,386.05,
233.79,231.93,230.08,228.23,226.38,224.52,222.67,220.82,218.96,217.11,215.26,213.4,
160.91,149.9,138.88,127.87,116.85,105.84,94.83,83.81,72.8,61.78,50.77,39.76,
84.39,63.66,42.93,22.19,1.46,0.0,0.0,0.0,0.0,0.0,0.0,0.0,
18.48,0.0,0.0,0.0,0.0,0.0,0.0,0.0,0.0,0.0,0.0,0.0,
20.3,0.0,0.0,0.0,0.0,0.0,0.0,0.0,0.0,0.0,0.0,0.0,
30.61,4.03,0.0,0.0,0.0,0.0,0.0,0.0,0.0,0.0,0.0,0.0,
103.33,87.18,71.03,54.87,38.72,22.56,6.41,0.0,0.0,0.0,0.0,0.0,
193.94,191.21,188.48,185.76,183.03,180.3,177.58,174.85,172.12,169.39,166.67,163.94,
327.27,344.93,362.59,380.24,397.9,415.56,433.22,450.87,468.53,486.19,503.85,521.5,
405.0,435.77,466.54,497.31,528.08,558.85,589.62,620.38,651.15,681.92,712.69,743.46,
428.64,462.66,496.68,530.7,564.72,598.74,632.76,666.78,700.8,734.83,768.85,802.87,
390.0,417.31,444.62,471.92,499.23,526.54,553.85,581.15,608.46,635.77,663.08,690.38,
360.15,380.82,401.48,422.14,442.81,463.47,484.14,504.8,525.47,546.13,566.79,587.46,
320.91,333.36,345.8,358.25,370.7,383.15,395.59,408.04,420.49,432.94,445.38,457.83,
256.36,256.96,257.55,258.15,258.74,259.34,259.93,260.52,261.12,261.71,262.31,262.9,
193.79,182.7,171.62,160.54,149.45,138.37,127.28,116.2,105.12,94.03,82.95,71.86,
173.33,158.72,144.1,129.49,114.87,100.26,85.64,71.03,56.41,41.79,27.18,12.56,
208.18,196.36,184.55,172.73,160.91,149.09,137.27,125.45,113.64,101.82,90.0,78.18,
222.42,213.82,205.22,196.62,188.02,179.42,170.82,162.21,153.61,145.01,136.41,127.81,
266.67,265.51,264.36,263.21,262.05,260.9,259.74,258.59,257.44,256.28,255.13,253.97,
324.7,334.14,343.58,353.02,362.46,371.9,381.34,390.78,400.22,409.66,419.1,428.54,
348.94,362.37,375.79,389.22,402.65,416.07,429.5,442.93,456.35,469.78,483.21,496.63,
378.03,394.78,411.53,428.28,445.02,461.77,478.52,495.27,512.02,528.76,545.51,562.26,
325.15,333.51,341.86,350.22,358.58,366.93,375.29,383.65,392.0,400.36,408.72,417.07,
277.42,279.21,280.99,282.77,284.56,286.34,288.12,289.91,291.69,293.47,295.26,297.04,
189.09,179.72,170.35,160.98,151.61,142.24,132.87,123.5,114.13,104.76,95.38,86.01,
104.24,83.61,62.98,42.35,21.72,1.1,0.0,0.0,0.0,0.0,0.0,0.0,
33.33,3.72,0.0,0.0,0.0,0.0,0.0,0.0,0.0,0.0,0.0,0.0,
24.39,0.0,0.0,0.0,0.0,0.0,0.0,0.0,0.0,0.0,0.0,0.0,
53.79,30.78,7.77,0.0,0.0,0.0,0.0,0.0,0.0,0.0,0.0,0.0,
118.94,105.06,91.18,77.3,63.41,49.53,35.65,21.77,7.89,0.0,0.0,0.0,
210.3,209.71,209.11,208.52,207.93,207.33,206.74,206.14,205.55,204.95,204.36,203.76,
310.15,323.51,336.86,350.22,363.58,376.93,390.29,403.65,417.0,430.36,443.72,457.07,
358.64,379.2,399.76,420.31,440.87,461.43,481.99,502.55,523.11,543.67,564.23,584.79,
433.48,465.3,497.12,528.94,560.76,592.58,624.39,656.21,688.03,719.85,751.67,783.48,
438.03,469.39,500.76,532.12,563.48,594.85,626.21,657.58,688.94,720.3,751.67,783.03,
434.24,463.61,492.98,522.35,551.72,581.1,610.47,639.84,669.21,698.58,727.95,757.32,
387.88,407.42,426.97,446.52,466.06,485.61,505.15,524.7,544.24,563.79,583.33,602.88,
317.42,324.21,330.99,337.77,344.56,351.34,358.12,364.91,371.69,378.47,385.26,392.04,
248.94,243.14,237.33,231.53,225.72,219.92,214.11,208.31,202.51,196.7,190.9,185.09,
202.88,189.73,176.59,163.44,150.29,137.14,124.0,110.85,97.7,84.56,71.41,58.26,
175.91,157.59,139.27,120.94,102.62,84.3,65.98,47.66,29.34,11.01,0.0,0.0,
172.58,155.02,137.47,119.92,102.37,84.81,67.26,49.71,32.16,14.6,0.0,0.0,
191.06,178.02,164.98,151.93,138.89,125.85,112.81,99.77,86.72,73.68,60.64,47.6,
247.27,244.16,241.05,237.94,234.83,231.71,228.6,225.49,222.38,219.27,216.15,213.04,
325.91,332.97,340.03,347.1,354.16,361.22,368.29,375.35,382.41,389.48,396.54,403.6,
345.0,356.15,367.31,378.46,389.62,400.77,411.92,423.08,434.23,445.38,456.54,467.69,
326.97,335.99,345.01,354.03,363.05,372.07,381.1,390.12,399.14,408.16,417.18,426.2,
287.88,292.42,296.97,301.52,306.06,310.61,315.15,319.7,324.24,328.79,333.33,337.88,
221.21,217.68,214.15,210.62,207.09,203.55,200.02,196.49,192.96,189.43,185.9,182.37,
151.67,138.97,126.28,113.59,100.9,88.21,75.51,62.82,50.13,37.44,24.74,12.05,
81.82,60.56,39.3,18.04,0.0,0.0,0.0,0.0,0.0,0.0,0.0,0.0,
49.7,24.52,0.0,0.0,0.0,0.0,0.0,0.0,0.0,0.0,0.0,0.0,
67.27,45.31,23.36,1.4,0.0,0.0,0.0,0.0,0.0,0.0,0.0,0.0,
125.76,111.39,97.02,82.65,68.28,53.9,39.53,25.16,10.79,0.0,0.0,0.0,
190.15,184.28,178.4,172.53,166.66,160.78,154.91,149.03,143.16,137.28,131.41,125.54,
321.06,332.63,344.21,355.78,367.35,378.93,390.5,402.07,413.65,425.22,436.79,448.37,
433.33,462.56,491.79,521.03,550.26,579.49,608.72,637.95,667.18,696.41,725.64,754.87,
453.33,485.64,517.95,550.26,582.56,614.87,647.18,679.49,711.79,744.1,776.41,808.72,
433.94,463.52,493.1,522.68,552.26,581.84,611.42,641.0,670.58,700.16,729.74,759.32,
420.61,446.72,472.84,498.96,525.08,551.2,577.32,603.44,629.56,655.68,681.79,707.91,
375.3,392.4,409.5,426.6,443.69,460.79,477.89,494.99,512.09,529.18,546.28,563.38,
292.73,296.22,299.72,303.22,306.71,310.21,313.71,317.2,320.7,324.2,327.69,331.19,
257.27,251.85,246.43,241.01,235.59,230.17,224.76,219.34,213.92,208.5,203.08,197.66,
241.97,231.38,220.78,210.19,199.59,189.0,178.4,167.81,157.21,146.62,136.03,125.43,
281.21,273.45,265.69,257.93,250.16,242.4,234.64,226.88,219.11,211.35,203.59,195.83,
293.33,287.56,281.79,276.03,270.26,264.49,258.72,252.95,247.18,241.41,235.64,229.87,
310.15,307.35,304.56,301.76,298.96,296.17,293.37,290.57,287.77,284.98,282.18,279.38,
347.73,353.92,360.1,366.29,372.48,378.67,384.86,391.05,397.24,403.43,409.62,415.8,
356.67,366.67,376.67,386.67,396.67,406.67,416.67,426.67,436.67,446.67,456.67,466.67,
380.3,392.79,405.27,417.75,430.23,442.72,455.2,467.68,480.16,492.65,505.13,517.61,
332.88,337.81,342.74,347.67,352.6,357.53,362.46,367.39,372.32,377.25,382.18,387.11,
287.27,286.08,284.9,283.71,282.52,281.33,280.14,278.95,277.76,276.57,275.38,274.2,
205.15,193.12,181.1,169.07,157.04,145.01,132.98,120.96,108.93,96.9,84.87,72.84,
106.97,80.61,54.24,27.88,1.52,0.0,0.0,0.0,0.0,0.0,0.0,0.0,
47.58,15.02,0.0,0.0,0.0,0.0,0.0,0.0,0.0,0.0,0.0,0.0,
37.12,5.27,0.0,0.0,0.0,0.0,0.0,0.0,0.0,0.0,0.0,0.0,
72.42,49.59,26.76,3.93,0.0,0.0,0.0,0.0,0.0,0.0,0.0,0.0,
122.88,108.58,94.28,79.98,65.68,51.38,37.07,22.77,8.47,0.0,0.0,0.0,
236.06,237.63,239.21,240.78,242.35,243.93,245.5,247.07,248.65,250.22,251.79,253.37,
339.85,354.95,370.06,385.16,400.27,415.37,430.48,445.58,460.69,475.79,490.9,506.0,
384.39,404.81,425.23,445.65,466.07,486.49,506.91,527.33,547.75,568.17,588.59,609.01,
445.61,475.57,505.54,535.5,565.47,595.43,625.4,655.36,685.33,715.29,745.26,775.22,
478.79,511.93,545.08,578.23,611.38,644.52,677.67,710.82,743.96,777.11,810.26,843.4,
508.79,543.86,578.93,614.0,649.07,684.14,719.21,754.28,789.35,824.42,859.49,894.56,
501.36,531.57,561.78,591.99,622.2,652.41,682.62,712.83,743.04,773.25,803.46,833.67,
498.64,523.81,548.99,574.16,599.34,624.51,649.69,674.86,700.03,725.21,750.38,775.56,
469.55,486.01,502.48,518.95,535.42,551.89,568.36,584.83,601.29,617.76,634.23,650.7,
467.88,480.12,492.35,504.59,516.83,529.07,541.31,553.54,565.78,578.02,590.26,602.49,
461.82,469.41,476.99,484.58,492.17,499.76,507.34,514.93,522.52,530.1,537.69,545.28,
441.67,444.36,447.05,449.74,452.44,455.13,457.82,460.51,463.21,465.9,468.59,471.28,
413.33,413.72,414.1,414.49,414.87,415.26,415.64,416.03,416.41,416.79,417.18,417.56,
403.18,404.06,404.93,405.8,406.68,407.55,408.43,409.3,410.17,411.05,411.92,412.8,
348.18,342.13,336.08,330.03,323.99,317.94,311.89,305.84,299.79,293.74,287.69,281.64,
313.18,302.52,291.85,281.19,270.52,259.86,249.2,238.53,227.87,217.2,206.54,195.87,
279.7,264.91,250.12,235.33,220.54,205.75,190.96,176.17,161.38,146.59,131.79,117.0,
196.21,172.3,148.38,124.46,100.55,76.63,52.72,28.8,4.88,0.0,0.0,0.0,
121.67,89.74,57.82,25.9,0.0,0.0,0.0,0.0,0.0,0.0,0.0,0.0,
52.12,14.5,0.0,0.0,0.0,0.0,0.0,0.0,0.0,0.0,0.0,0.0,
0.61,0.0,0.0,0.0,0.0,0.0,0.0,0.0,0.0,0.0,0.0,0.0,
6.06,0.0,0.0,0.0,0.0,0.0,0.0,0.0,0.0,0.0,0.0,0.0,
148.64,134.2,119.76,105.31,90.87,76.43,61.99,47.55,33.11,18.67,4.23,0.0,
317.58,326.56,335.55,344.53,353.52,362.51,371.49,380.48,389.46,398.45,407.44,416.42,
458.64,484.97,511.29,537.62,563.95,590.28,616.61,642.94,669.27,695.59,721.92,748.25,
505.15,537.74,570.33,602.91,635.5,668.09,700.68,733.26,765.85,798.44,831.03,863.61,
471.52,499.31,527.11,554.91,582.7,610.5,638.3,666.1,693.89,721.69,749.49,777.28,
439.85,464.18,488.52,512.86,537.19,561.53,585.86,610.2,634.53,658.87,683.21,707.54,
411.06,432.25,453.44,474.63,495.82,517.0,538.19,559.38,580.57,601.76,622.95,644.14,
358.64,370.35,382.06,393.78,405.49,417.2,428.92,440.63,452.34,464.06,475.77,487.48,
314.55,317.55,320.56,323.57,326.57,329.58,332.59,335.59,338.6,341.61,344.62,347.62,
244.24,234.0,223.75,213.51,203.26,193.02,182.77,172.53,162.28,152.04,141.79,131.55,
169.55,145.63,121.71,97.8,73.88,49.97,26.05,2.13,0.0,0.0,0.0,0.0,
110.76,76.39,42.02,7.65,0.0,0.0,0.0,0.0,0.0,0.0,0.0,0.0,
133.33,105.26,77.18,49.1,21.03,0.0,0.0,0.0,0.0,0.0,0.0,0.0,
218.03,206.32,194.6,182.89,171.18,159.46,147.75,136.04,124.32,112.61,100.9,89.18,
328.79,337.32,345.85,354.38,362.91,371.45,379.98,388.51,397.04,405.57,414.1,422.63,
357.88,372.42,386.97,401.52,416.06,430.61,445.15,459.7,474.24,488.79,503.33,517.88,
327.58,337.72,347.86,358.0,368.14,378.28,388.41,398.55,408.69,418.83,428.97,439.11,
311.82,318.64,325.45,332.27,339.09,345.91,352.73,359.55,366.36,373.18,380.0,386.82,
262.88,262.42,261.97,261.52,261.06,260.61,260.15,259.7,259.24,258.79,258.33,257.88,
257.88,255.89,253.89,251.9,249.91,247.91,245.92,243.93,241.93,239.94,237.95,235.96,
218.64,211.89,205.14,198.39,191.64,184.9,178.15,171.4,164.65,157.9,151.15,144.41,
136.36,119.65,102.94,86.22,69.51,52.8,36.08,19.37,2.66,0.0,0.0,0.0,
73.64,49.58,25.52,1.47,0.0,0.0,0.0,0.0,0.0,0.0,0.0,0.0,
33.33,5.26,0.0,0.0,0.0,0.0,0.0,0.0,0.0,0.0,0.0,0.0,
10.45,0.0,0.0,0.0,0.0,0.0,0.0,0.0,0.0,0.0,0.0,0.0,
53.18,32.52,11.85,0.0,0.0,0.0,0.0,0.0,0.0,0.0,0.0,0.0,
145.76,140.23,134.71,129.18,123.66,118.14,112.61,107.09,101.56,96.04,90.51,84.99,
306.06,321.1,336.13,351.17,366.2,381.24,396.27,411.31,426.34,441.38,456.41,471.45,
438.18,468.29,498.39,528.5,558.6,588.71,618.81,648.92,679.02,709.13,739.23,769.34,
564.39,609.43,654.46,699.5,744.53,789.57,834.6,879.64,924.67,969.71,1014.74,1059.78,
608.94,656.98,705.02,753.07,801.11,849.15,897.19,945.23,993.28,1041.32,1089.36,1137.4,
643.18,694.83,746.47,798.11,849.76,901.4,953.04,1004.69,1056.33,1107.97,1159.62,1211.26,
659.39,709.81,760.23,810.65,861.07,911.49,961.91,1012.33,1062.75,1113.17,1163.59,1214.01,
618.18,657.52,696.85,736.19,775.52,814.86,854.2,893.53,932.87,972.2,1011.54,1050.87,
536.52,560.08,583.65,607.21,630.78,654.35,677.91,701.48,725.05,748.61,772.18,795.75,
429.85,434.95,440.06,445.16,450.27,455.37,460.48,465.58,470.69,475.79,480.9,486.0,
318.03,304.01,289.99,275.97,261.95,247.93,233.9,219.88,205.86,191.84,177.82,163.8,
274.85,251.88,228.9,205.93,182.96,159.99,137.02,114.04,91.07,68.1,45.13,22.16,
240.15,211.2,182.25,153.3,124.35,95.4,66.45,37.49,8.54,0.0,0.0,0.0,
217.12,189.11,161.11,133.1,105.09,77.09,49.08,21.07,0.0,0.0,0.0,0.0,
242.12,221.42,200.72,180.02,159.32,138.62,117.93,97.23,76.53,55.83,35.13,14.43,
242.73,226.99,211.26,195.52,179.79,164.06,148.32,132.59,116.85,101.12,85.38,69.65,
187.58,168.1,148.62,129.15,109.67,90.2,70.72,51.25,31.77,12.3,0.0,0.0,
149.85,128.03,106.21,84.39,62.58,40.76,18.94,0.0,0.0,0.0,0.0,0.0,
106.21,82.68,59.15,35.62,12.09,0.0,0.0,0.0,0.0,0.0,0.0,0.0,
59.7,33.75,7.81,0.0,0.0,0.0,0.0,0.0,0.0,0.0,0.0,0.0,
14.24,0.0,0.0,0.0,0.0,0.0,0.0,0.0,0.0,0.0,0.0,0.0,
0.0,0.0,0.0,0.0,0.0,0.0,0.0,0.0,0.0,0.0,0.0,0.0,
21.21,0.0,0.0,0.0,0.0,0.0,0.0,0.0,0.0,0.0,0.0,0.0,
100.15,86.97,73.79,60.61,47.42,34.24,21.06,7.88,0.0,0.0,0.0,0.0,
206.06,209.17,212.28,215.4,218.51,221.62,224.73,227.84,230.96,234.07,237.18,240.29,
311.06,327.63,344.21,360.78,377.35,393.93,410.5,427.07,443.65,460.22,476.79,493.37,
392.27,421.08,449.9,478.71,507.52,536.33,565.14,593.95,622.76,651.57,680.38,709.2,
429.24,462.84,496.45,530.05,563.65,597.25,630.85,664.45,698.05,731.66,765.26,798.86,
415.45,445.14,474.83,504.51,534.2,563.88,593.57,623.25,652.94,682.62,712.31,741.99,
390.45,415.52,440.59,465.66,490.73,515.8,540.87,565.94,591.01,616.08,641.15,666.22,
375.76,395.62,415.48,435.34,455.2,475.06,494.92,514.78,534.64,554.5,574.36,594.22,
337.58,348.48,359.39,370.3,381.21,392.12,403.03,413.94,424.85,435.76,446.67,457.58,
283.94,283.9,283.87,283.83,283.8,283.76,283.73,283.69,283.66,283.62,283.59,283.55,
239.85,231.49,223.14,214.78,206.42,198.07,189.71,181.35,173.0,164.64,156.28,147.93,
218.18,205.98,193.78,181.57,169.37,157.17,144.97,132.76,120.56,108.36,96.15,83.95,
226.21,214.99,203.76,192.54,181.32,170.09,158.87,147.65,136.42,125.2,113.97,102.75,
273.64,269.58,265.52,261.47,257.41,253.36,249.3,245.24,241.19,237.13,233.08,229.02,
360.91,370.28,379.65,389.02,398.39,407.76,417.13,426.5,435.87,445.24,454.62,463.99,
400.3,415.48,430.65,445.83,461.0,476.18,491.35,506.53,521.7,536.88,552.05,567.23,
359.39,369.81,380.23,390.65,401.07,411.49,421.91,432.33,442.75,453.17,463.59,474.01,
291.21,292.68,294.15,295.62,297.09,298.55,300.02,301.49,302.96,304.43,305.9,307.37,
216.67,207.82,198.97,190.13,181.28,172.44,163.59,154.74,145.9,137.05,128.21,119.36,
168.64,154.58,140.52,126.47,112.41,98.36,84.3,70.24,56.19,42.13,28.08,14.02,
104.09,82.8,61.5,40.21,18.92,0.0,0.0,0.0,0.0,0.0,0.0,0.0,
51.52,24.31,0.0,0.0,0.0,0.0,0.0,0.0,0.0,0.0,0.0,0.0,
40.0,11.92,0.0,0.0,0.0,0.0,0.0,0.0,0.0,0.0,0.0,0.0,
49.24,23.23,0.0,0.0,0.0,0.0,0.0,0.0,0.0,0.0,0.0,0.0,
94.7,76.06,57.42,38.79,20.15,1.52,0.0,0.0,0.0,0.0,0.0,0.0,
166.36,159.65,152.94,146.22,139.51,132.8,126.08,119.37,112.66,105.94,99.23,92.52,
306.06,320.71,335.36,350.01,364.66,379.31,393.96,408.61,423.26,437.91,452.56,467.21,
405.0,434.62,464.23,493.85,523.46,553.08,582.69,612.31,641.92,671.54,701.15,730.77,
420.61,451.34,482.07,512.81,543.54,574.28,605.01,635.75,666.48,697.21,727.95,758.68,
455.61,488.26,520.92,553.58,586.24,618.89,651.55,684.21,716.86,749.52,782.18,814.84,
419.55,445.24,470.94,496.64,522.34,548.04,573.74,599.44,625.14,650.84,676.54,702.24,
370.61,387.88,405.15,422.42,439.7,456.97,474.24,491.52,508.79,526.06,543.33,560.61,
315.76,322.54,329.32,336.11,342.89,349.67,356.46,363.24,370.02,376.81,383.59,390.37,
271.21,268.83,266.46,264.08,261.7,259.32,256.95,254.57,252.19,249.81,247.44,245.06,
266.36,261.19,256.01,250.84,245.66,240.49,235.31,230.14,224.97,219.79,214.62,209.44,
289.39,285.2,281.0,276.81,272.61,268.41,264.22,260.02,255.83,251.63,247.44,243.24,
308.18,305.59,303.01,300.42,297.83,295.24,292.66,290.07,287.48,284.9,282.31,279.72,
358.79,361.93,365.08,368.23,371.38,374.52,377.67,380.82,383.96,387.11,390.26,393.4,
390.61,400.19,409.77,419.35,428.93,438.51,448.09,457.67,467.25,476.83,486.41,495.99,
436.36,452.73,469.09,485.45,501.82,518.18,534.55,550.91,567.27,583.64,600.0,616.36,
409.09,421.26,433.43,445.59,457.76,469.93,482.1,494.27,506.43,518.6,530.77,542.94,
351.82,358.64,365.45,372.27,379.09,385.91,392.73,399.55,406.36,413.18,420.0,426.82,
267.42,262.67,257.91,253.16,248.4,243.65,238.89,234.14,229.38,224.63,219.87,215.12,
158.33,138.72,119.1,99.49,79.87,60.26,40.64,21.03,1.41,0.0,0.0,0.0,
62.42,30.36,0.0,0.0,0.0,0.0,0.0,0.0,0.0,0.0,0.0,0.0,
0.0,0.0,0.0,0.0,0.0,0.0,0.0,0.0,0.0,0.0,0.0,0.0,
0.0,0.0,0.0,0.0,0.0,0.0,0.0,0.0,0.0,0.0,0.0,0.0,
13.94,0.0,0.0,0.0,0.0,0.0,0.0,0.0,0.0,0.0,0.0,0.0,
71.06,48.79,26.52,4.24,0.0,0.0,0.0,0.0,0.0,0.0,0.0,0.0,
228.48,229.92,231.35,232.79,234.22,235.65,237.09,238.52,239.95,241.39,242.82,244.25,
336.52,353.16,369.8,386.45,403.09,419.73,436.38,453.02,469.66,486.31,502.95,519.59,
421.06,451.48,481.9,512.32,542.74,573.16,603.58,634.0,664.42,694.84,725.26,755.68,
491.97,531.76,571.55,611.34,651.13,690.92,730.71,770.5,810.29,850.08,889.87,929.66,
480.15,516.2,552.25,588.3,624.35,660.4,696.45,732.49,768.54,804.59,840.64,876.69,
419.39,445.58,471.77,497.96,524.15,550.34,576.53,602.72,628.9,655.09,681.28,707.47,
345.3,358.55,371.81,385.06,398.31,411.56,424.81,438.07,451.32,464.57,477.82,491.07,
289.09,291.26,293.43,295.59,297.76,299.93,302.1,304.27,306.43,308.6,310.77,312.94,
219.7,209.14,198.58,188.02,177.46,166.9,156.34,145.78,135.22,124.66,114.1,103.54,
183.64,167.27,150.91,134.55,118.18,101.82,85.45,69.09,52.73,36.36,20.0,3.64,
144.55,121.78,99.02,76.26,53.5,30.73,7.97,0.0,0.0,0.0,0.0,0.0,
159.85,138.8,117.75,96.7,75.65,54.6,33.55,12.51,0.0,0.0,0.0,0.0,
205.0,193.85,182.69,171.54,160.38,149.23,138.08,126.92,115.77,104.62,93.46,82.31,
274.55,275.24,275.94,276.64,277.34,278.04,278.74,279.44,280.14,280.84,281.54,282.24,
340.3,350.48,360.65,370.83,381.0,391.18,401.35,411.53,421.7,431.88,442.05,452.23,
362.27,377.62,392.97,408.32,423.67,439.02,454.37,469.72,485.07,500.42,515.77,531.12,
339.7,352.6,365.5,378.4,391.31,404.21,417.11,430.01,442.91,455.82,468.72,481.62,
291.97,297.14,302.32,307.49,312.67,317.84,323.02,328.19,333.37,338.54,343.72,348.89,
195.0,186.92,178.85,170.77,162.69,154.62,146.54,138.46,130.38,122.31,114.23,106.15,
118.79,101.55,84.31,67.07,49.84,32.6,15.36,0.0,0.0,0.0,0.0,0.0,
57.42,32.67,7.91,0.0,0.0,0.0,0.0,0.0,0.0,0.0,0.0,0.0,
40.45,13.99,0.0,0.0,0.0,0.0,0.0,0.0,0.0,0.0,0.0,0.0,
50.0,25.0,0.0,0.0,0.0,0.0,0.0,0.0,0.0,0.0,0.0,0.0,
129.55,116.4,103.25,90.1,76.96,63.81,50.66,37.52,24.37,11.22,0.0,0.0,
227.12,226.81,226.49,226.18,225.86,225.55,225.23,224.92,224.6,224.29,223.97,223.66,
343.94,360.06,376.18,392.3,408.41,424.53,440.65,456.77,472.89,489.01,505.13,521.25,
420.45,448.99,477.52,506.05,534.58,563.11,591.64,620.17,648.71,677.24,705.77,734.3,
474.09,509.34,544.58,579.83,615.07,650.31,685.56,720.8,756.05,791.29,826.54,861.78,
477.42,511.9,546.38,580.85,615.33,649.8,684.28,718.75,753.23,787.7,822.18,856.66,
434.09,462.03,489.97,517.9,545.84,573.78,601.71,629.65,657.59,685.52,713.46,741.4,
379.39,396.35,413.31,430.27,447.23,464.18,481.14,498.1,515.06,532.02,548.97,565.93,
338.94,346.21,353.48,360.76,368.03,375.3,382.58,389.85,397.12,404.39,411.67,418.94,
275.91,271.05,266.19,261.33,256.47,251.61,246.75,241.89,237.03,232.17,227.31,222.45,
235.45,222.83,210.21,197.59,184.97,172.34,159.72,147.1,134.48,121.85,109.23,96.61,
227.73,212.38,197.03,181.68,166.33,150.98,135.63,120.28,104.93,89.58,74.23,58.88,
247.58,235.41,223.24,211.07,198.9,186.74,174.57,162.4,150.23,138.07,125.9,113.73,
260.3,252.4,244.5,236.6,228.69,220.79,212.89,204.99,197.09,189.18,181.28,173.38,
324.24,327.46,330.68,333.89,337.11,340.33,343.54,346.76,349.98,353.19,356.41,359.63,
341.82,348.25,354.69,361.12,367.55,373.99,380.42,386.85,393.29,399.72,406.15,412.59,
368.79,380.01,391.24,402.46,413.68,424.91,436.13,447.35,458.58,469.8,481.03,492.25,
335.61,342.88,350.15,357.42,364.7,371.97,379.24,386.52,393.79,401.06,408.33,415.61,
254.39,249.81,245.23,240.65,236.07,231.49,226.91,222.33,217.75,213.17,208.59,204.01,
181.52,167.39,153.26,139.14,125.01,110.89,96.76,82.63,68.51,54.38,40.26,26.13,
139.39,120.97,102.54,84.11,65.69,47.26,28.83,10.41,0.0,0.0,0.0,0.0,
64.39,37.12,9.85,0.0,0.0,0.0,0.0,0.0,0.0,0.0,0.0,0.0,
41.97,12.91,0.0,0.0,0.0,0.0,0.0,0.0,0.0,0.0,0.0,0.0,
56.97,32.14,7.32,0.0,0.0,0.0,0.0,0.0,0.0,0.0,0.0,0.0,
114.24,99.0,83.75,68.51,53.26,38.02,22.77,7.53,0.0,0.0,0.0,0.0,
203.94,200.44,196.95,193.45,189.95,186.46,182.96,179.46,175.97,172.47,168.97,165.48,
319.7,332.98,346.27,359.56,372.84,386.13,399.42,412.7,425.99,439.28,452.56,465.85,
340.3,357.79,375.27,392.75,410.23,427.72,445.2,462.68,480.16,497.65,515.13,532.61,
383.33,407.95,432.56,457.18,481.79,506.41,531.03,555.64,580.26,604.87,629.49,654.1,
393.94,419.29,444.64,469.99,495.34,520.69,546.04,571.39,596.74,622.09,647.44,672.79,
381.06,402.63,424.21,445.78,467.35,488.93,510.5,532.07,553.65,575.22,596.79,618.37,
367.58,384.64,401.7,418.76,435.83,452.89,469.95,487.02,504.08,521.14,538.21,555.27,
371.82,386.71,401.61,416.5,431.4,446.29,461.19,476.08,490.98,505.87,520.77,535.66,
343.64,350.35,357.06,363.78,370.49,377.2,383.92,390.63,397.34,404.06,410.77,417.48,
331.82,334.02,336.22,338.43,340.63,342.83,345.03,347.24,349.44,351.64,353.85,356.05,
307.73,304.69,301.64,298.6,295.56,292.52,289.48,286.43,283.39,280.35,277.31,274.27,
312.73,309.69,306.64,303.6,300.56,297.52,294.48,291.43,288.39,285.35,282.31,279.27,
318.03,317.86,317.68,317.51,317.33,317.16,316.98,316.81,316.63,316.46,316.28,316.11,
340.3,345.86,351.42,356.98,362.54,368.1,373.66,379.22,384.78,390.34,395.9,401.46,
285.3,283.17,281.04,278.9,276.77,274.64,272.51,270.37,268.24,266.11,263.97,261.84,
266.97,262.53,258.09,253.65,249.21,244.77,240.33,235.89,231.45,227.0,222.56,218.12,
236.21,227.68,219.15,210.62,202.09,193.55,185.02,176.49,167.96,159.43,150.9,142.37,
185.61,170.57,155.54,140.5,125.47,110.43,95.4,80.36,65.33,50.29,35.26,20.22,
125.91,104.13,82.34,60.56,38.78,16.99,0.0,0.0,0.0,0.0,0.0,0.0,
74.24,48.23,22.21,0.0,0.0,0.0,0.0,0.0,0.0,0.0,0.0,0.0,
26.97,0.0,0.0,0.0,0.0,0.0,0.0,0.0,0.0,0.0,0.0,0.0,
0.0,0.0,0.0,0.0,0.0,0.0,0.0,0.0,0.0,0.0,0.0,0.0,
14.24,0.0,0.0,0.0,0.0,0.0,0.0,0.0,0.0,0.0,0.0,0.0,
46.67,28.97,11.28,0.0,0.0,0.0,0.0,0.0,0.0,0.0,0.0,0.0,
124.55,118.32,112.1,105.87,99.65,93.43,87.2,80.98,74.76,68.53,62.31,56.08,
