188.22,362.89,489.14,609.11,705.18,710.27,621.79,569.57,558.49,609.49,632.8,688.77
320.15,467.69,606.78,718.11,720.88,628.1,568.9,550.46,592.86,611.14,678.73,787.27
530.7,642.22,732.87,720.79,616.65,554.49,545.08,596.06,624.69,696.5,798.84,951.8
665.94,748.15,731.82,623.76,553.11,539.95,590.14,621.55,696.66,799.71,953.55,976.87
701.34,703.76,608.59,549.34,546.78,601.01,628.9,696.23,790.85,942.31,967.53,912.36
688.87,598.07,538.72,537.98,601.27,632.68,703.16,793.69,942.96,966.82,909.49,844.75
673.44,582.92,559.83,604.52,620.82,685.36,781.19,939.87,976.73,925.86,857.63,798.87
553.64,544.57,605.63,632.82,694.43,786.61,935.35,965.86,908.23,837.09,789.07,675.64
632.69,660.12,664.5,705.76,775.4,913.61,946.75,901.96,845.41,804.73,692.15,560.93
718.38,703.44,735.74,795.12,908.88,927.94,880.68,831.26,799.32,690.19,566.45,441.19
772.95,775.97,813.85,909.71,917.15,866.47,821.91,799.39,702.72,585.5,455.14,331.32
768.82,810.89,911.88,922.63,869.21,822.23,795.29,696.4,577.35,446.39,327.67,217.21
794.53,901.73,916.95,864.32,823.98,798.88,697.89,575.53,443.22,322.84,215.3,167.58
852.56,892.48,865.17,841.99,812.81,704.8,568.32,427.24,296.7,182.71,154.68,216.72
842.02,831.46,813.78,790.08,706.57,583.01,445.15,309.2,188.02,157.94,210.29,342.37
821.45,802.35,768.93,680.53,577.9,453.57,327.31,207.79,179.25,232.07,347.6,458.8
822.75,779.05,680.21,569.84,447.6,324.09,211.2,185.49,243.83,360.37,464.11,552.58
776.53,675.65,566.59,445.0,321.35,209.33,187.42,247.58,365.0,468.8,554.55,660.89
497.53,454.97,374.08,289.34,232.24,240.43,301.15,406.98,484.85,555.74,645.29,718.55
518.28,410.45,302.94,231.24,226.01,278.62,401.27,486.96,568.15,660.47,727.39,718.48
373.99,279.07,216.0,220.01,283.55,412.52,498.75,573.56,659.79,721.07,711.74,711.89
292.03,222.94,220.68,281.19,409.01,496.01,574.77,661.36,724.76,717.21,714.13,726.99
292.83,260.11,297.69,407.05,483.49,559.84,654.96,729.76,734.98,738.25,742.38,771.0
260.91,298.84,411.41,490.29,562.06,654.58,728.5,735.89,738.7,740.87,770.81,754.4
304.48,416.29,496.23,570.1,654.5,723.33,730.86,733.34,734.78,763.91,751.5,747.8
315.1,439.78,550.65,663.43,744.21,752.26,740.74,724.75,735.12,712.07,725.59,738.44
363.33,503.72,636.72,736.36,762.96,759.16,740.52,737.65,700.29,706.56,723.08,775.41
433.92,592.33,705.3,746.08,766.8,760.53,757.77,709.05,703.27,715.02,762.55,797.28
503.94,650.07,709.99,750.25,771.78,781.67,732.65,712.88,709.09,750.27,781.68,778.93
727.58,756.69,775.25,779.16,770.72,712.19,697.33,699.91,753.23,789.76,789.02,736.42
790.87,791.96,777.55,755.39,701.57,691.54,703.16,761.71,806.61,810.38,745.49,620.93
815.6,793.36,771.21,715.17,691.18,694.12,748.41,793.64,800.16,736.68,620.04,566.14
968.72,879.87,782.49,720.42,672.77,702.75,750.61,780.88,746.09,643.19,595.03,527.63
845.85,764.99,718.74,681.62,712.04,757.34,778.43,738.57,629.1,577.79,519.2,441.94
784.32,730.41,686.25,710.8,754.69,775.0,737.01,629.94,582.23,526.82,447.4,381.06
642.87,631.76,677.58,741.66,786.48,759.61,649.86,587.95,516.67,429.98,363.75,306.87
677.66,704.47,754.64,787.25,752.33,639.44,580.96,514.07,435.53,371.87,314.92,260.06
638.78,715.81,766.84,749.12,649.5,595.98,524.54,434.48,358.58,295.18,247.35,203.03
686.17,749.81,739.47,643.99,597.79,528.14,435.94,354.41,285.72,235.92,194.54,191.52
857.25,805.13,681.09,608.0,512.27,408.09,330.34,277.68,247.68,214.85,211.12,270.68
630.24,571.49,539.75,480.74,430.25,377.67,319.75,264.21,203.9,185.85,241.81,361.46
484.44,477.26,426.29,385.62,378.57,346.03,302.53,234.8,207.17,259.85,357.1,549.93
553.8,473.17,414.97,392.23,337.26,286.7,227.54,226.72,296.42,397.64,577.79,751.01
457.11,420.55,420.85,357.58,308.9,263.38,191.88,257.19,358.76,559.89,758.11,901.34
418.45,424.81,359.86,301.33,260.92,184.66,242.65,349.42,550.28,761.44,905.81,949.3
327.21,299.7,268.49,247.32,197.09,265.07,364.4,556.04,750.77,885.07,930.54,918.11
350.27,298.09,260.04,196.52,254.81,352.54,547.79,752.3,897.2,945.4,926.84,852.44
198.68,203.04,167.89,250.9,368.1,571.24,768.14,897.21,929.68,902.23,837.16,737.97
180.4,155.04,242.62,360.74,573.6,774.11,904.67,932.91,904.53,839.22,742.94,672.99
110.7,212.37,348.88,576.43,781.34,913.62,935.95,902.08,824.72,720.24,654.93,595.08
240.34,369.21,584.91,784.57,911.78,930.07,900.14,826.74,726.72,669.93,601.69,651.72
344.28,564.88,762.81,891.16,929.63,907.05,843.57,739.86,680.65,609.46,654.95,702.56
634.32,808.98,925.02,948.15,900.7,823.39,718.16,665.08,605.29,648.82,707.2,670.5
788.14,911.6,940.29,895.18,824.03,724.96,665.77,607.55,649.19,713.02,667.26,717.88
881.26,919.49,877.7,816.45,729.98,679.39,623.07,659.58,715.48,668.15,712.1,728.66
1024.06,948.5,864.52,760.68,673.19,596.89,628.18,695.74,661.92,711.72,747.34,707.49
856.88,810.24,728.57,654.07,606.17,649.37,713.5,667.13,706.16,739.79,689.44,483.47
787.98,709.5,642.6,601.91,653.13,721.92,674.56,707.16,734.93,679.8,480.92,337.96
634.83,592.87,564.62,627.02,725.52,693.58,725.63,743.93,678.66,469.42,319.89,229.82
552.82,542.56,620.27,727.93,701.78,733.46,745.52,673.66,458.79,305.19,226.21,167.27
569.73,637.33,732.51,699.79,727.84,738.95,671.4,467.61,318.39,246.6,174.09,180.27
553.07,682.2,670.5,712.26,747.18,688.56,483.24,321.13,235.33,160.24,158.92,189.77
761.41,716.71,745.16,770.79,690.39,473.13,307.54,224.69,164.26,165.54,207.55,420.52
777.67,773.4,767.51,664.4,455.4,298.46,237.75,186.04,199.69,251.2,437.24,572.75
853.71,816.8,695.42,472.38,285.67,213.52,164.09,199.14,259.53,457.61,593.29,699.61
872.97,752.73,520.12,332.12,226.67,154.74,171.77,227.54,424.22,556.9,689.95,716.45
639.52,459.79,315.95,244.91,174.49,164.54,175.28,261.1,343.61,469.76,600.22,731.75
603.21,401.79,292.98,195.49,142.73,132.96,237.67,343.13,492.09,629.14,755.84,864.62
521.66,366.09,239.35,162.2,117.04,208.71,321.1,488.91,646.32,779.54,885.87,841.0
278.45,192.45,153.0,137.15,229.51,338.39,489.56,632.14,747.14,843.59,819.79,746.27
170.08,138.73,124.48,218.96,338.58,495.66,639.86,751.81,844.95,821.51,743.75,666.69
103.0,102.99,209.39,337.45,501.67,648.48,755.91,844.63,814.62,733.44,658.89,600.09
113.68,215.67,341.51,501.78,647.69,755.14,841.58,814.86,736.4,662.35,602.31,556.54
240.42,356.98,510.02,647.6,750.34,835.04,809.98,738.02,670.77,614.61,565.25,550.61
585.27,646.96,725.7,774.1,802.04,753.36,694.16,665.73,651.26,618.55,595.42,671.68
707.88,765.58,807.91,828.51,750.66,678.06,645.87,643.72,620.44,599.5,681.16,782.3
769.07,811.63,836.21,760.58,680.27,643.89,638.23,617.34,596.6,679.3,783.46,846.17
743.54,796.95,742.91,679.58,656.74,654.53,628.1,598.21,669.18,765.63,834.53,831.87
717.93,699.14,664.92,664.99,670.06,643.09,601.49,657.6,738.05,799.75,811.85,809.36
602.84,600.91,615.21,635.87,650.62,631.5,690.74,756.84,803.68,810.99,794.74,758.36
513.61,559.73,598.21,630.31,643.07,718.4,780.68,813.59,805.65,782.92,744.37,638.76
555.23,593.29,616.8,623.31,712.87,783.76,821.81,813.68,792.5,757.47,640.14,447.67
515.95,566.93,588.41,690.08,792.22,845.82,835.3,804.21,758.36,636.71,438.03,284.53
556.4,581.41,684.9,787.84,846.63,838.49,805.45,757.64,634.76,436.43,281.74,211.59
595.1,688.53,780.91,828.28,831.99,807.14,763.16,644.61,452.71,300.85,220.62,199.07
636.1,752.02,820.55,838.47,819.15,775.48,647.61,452.26,292.55,206.65,192.9,251.44
779.81,837.04,846.0,818.05,768.91,638.89,447.65,294.88,214.16,203.55,257.27,428.01
920.59,894.2,839.67,767.94,625.01,431.09,286.16,221.9,228.02,287.96,447.66,557.0
880.79,830.58,760.59,620.59,432.57,291.73,229.23,233.37,292.07,449.61,555.64,615.11
852.75,770.31,621.68,425.04,283.25,222.21,232.2,296.59,460.47,570.54,622.97,631.27
728.22,597.24,415.33,284.56,230.75,246.7,309.12,481.46,588.05,635.93,636.63,618.01
594.85,411.52,277.66,224.82,243.75,305.74,486.79,592.63,639.69,637.9,615.82,566.57
394.68,262.0,202.64,219.39,302.05,497.66,611.87,658.49,656.78,634.33,569.29,492.77
222.65,177.83,204.55,294.83,503.12,623.78,668.25,661.99,633.97,565.78,487.93,437.42
118.14,166.11,268.12,487.47,629.73,685.84,680.58,646.68,569.59,487.92,430.87,428.62
168.19,267.96,485.42,626.76,684.51,680.91,650.04,575.7,494.75,437.41,430.5,479.4
261.14,480.92,623.74,683.2,681.74,652.1,578.88,498.56,440.23,431.09,478.07,523.03
442.57,606.87,688.67,701.72,664.03,582.36,489.33,423.26,406.14,448.65,511.82,581.64
669.9,724.25,716.39,660.37,570.01,474.92,416.57,410.84,466.17,534.67,596.04,709.42
723.67,714.28,656.62,565.98,474.55,419.86,415.39,472.1,540.92,602.23,710.13,827.05
771.11,689.84,581.67,475.95,410.49,402.94,464.18,542.89,614.66,729.46,839.57,873.22
624.46,541.58,452.94,402.31,413.24,482.27,557.98,620.82,724.76,828.44,863.17,820.01
628.72,507.16,434.68,425.94,469.98,533.87,600.32,716.26,834.62,876.84,834.13,756.44
508.83,435.06,427.94,472.44,534.27,600.29,714.33,832.43,874.45,831.83,754.74,650.59
455.11,442.61,487.43,548.04,602.12,709.61,821.39,865.15,824.07,747.34,652.25,512.16
427.11,478.84,541.89,596.98,710.4,824.42,866.75,823.51,744.9,650.41,509.19,343.1
510.22,561.9,611.09,715.86,821.53,859.2,813.65,740.39,652.22,514.09,349.71,216.45
579.49,621.63,722.58,824.23,856.97,809.2,735.23,649.97,515.05,352.24,218.83,185.21
646.26,734.47,825.89,847.49,803.04,732.39,649.87,519.92,364.35,233.45,193.94,201.06
799.23,867.23,876.79,818.78,725.9,632.27,501.75,359.2,240.62,205.18,215.71,286.58
805.16,840.64,802.92,724.9,641.72,514.55,366.09,241.19,194.84,199.8,274.71,426.13
878.75,824.15,730.34,635.21,506.09,359.15,241.16,203.31,216.63,295.27,436.91,577.53
870.46,757.59,649.5,508.98,352.91,231.65,197.05,216.43,304.04,447.93,585.99,678.0
780.65,659.42,509.51,345.11,223.03,190.91,217.37,311.91,462.3,604.23,687.2,691.31
635.93,495.19,338.07,222.12,195.12,227.7,323.95,485.53,627.35,707.83,700.91,697.2
518.69,349.36,222.06,189.61,220.2,314.48,488.97,634.99,719.5,711.48,700.51,630.92
420.6,263.68,210.84,225.16,303.32,473.18,624.76,719.37,724.0,717.61,644.1,563.55
191.48,166.24,198.41,291.32,482.75,644.97,736.18,731.91,714.74,635.73,553.51,457.27
161.38,196.52,293.82,487.37,646.86,735.76,729.66,712.51,632.44,549.76,456.6,468.37
226.82,311.19,497.5,649.86,731.7,722.96,707.88,635.04,558.03,466.44,475.12,532.9
231.19,447.85,619.62,720.39,733.58,729.33,655.71,569.62,464.42,465.49,519.79,590.89
390.44,588.89,711.58,741.14,741.57,666.34,571.89,456.34,446.86,495.33,578.21,674.46
617.15,726.68,745.61,736.88,659.5,565.34,455.34,450.99,505.52,590.04,680.85,755.08
769.33,771.43,752.41,667.08,560.04,445.1,442.09,502.42,593.57,687.52,760.86,858.22
703.87,707.93,633.08,538.39,451.27,463.43,525.72,608.08,691.57,762.06,849.76,880.89
669.9,611.67,530.61,453.85,471.7,533.96,610.66,686.09,748.91,832.5,871.58,831.45
670.55,565.02,468.28,468.5,522.96,597.16,678.17,750.43,845.77,891.09,844.05,744.92
487.19,419.4,439.53,512.11,607.42,698.51,767.65,850.78,882.43,829.56,729.44,631.55
437.59,449.48,515.69,606.18,696.46,766.04,848.84,881.69,831.24,732.42,635.02,525.88
439.89,512.3,607.8,700.24,768.82,849.85,878.23,826.56,726.11,628.74,522.88,364.2
577.52,648.22,724.2,777.21,841.2,861.27,811.8,720.9,634.96,535.3,376.64,263.69
601.13,695.38,761.61,836.15,868.56,824.07,728.68,635.17,527.46,364.35,253.43,200.34
659.11,739.0,824.25,862.64,829.38,738.34,639.8,525.26,357.17,243.3,194.01,182.36
679.17,784.49,831.29,806.33,742.89,658.77,546.6,373.62,252.79,199.89,179.34,236.81
852.67,874.26,832.79,753.2,648.11,525.61,356.23,247.26,205.83,190.89,247.7,385.04
859.49,822.77,746.57,644.51,528.0,362.18,252.2,209.9,193.08,247.54,383.78,523.73
952.57,824.27,684.4,535.12,342.18,221.99,189.12,191.3,270.1,417.04,548.67,613.66
749.98,633.36,498.47,319.18,226.0,208.25,215.36,287.66,424.71,552.03,606.83,638.88
711.79,546.85,348.47,238.2,198.67,199.63,278.54,441.18,585.72,645.69,665.69,674.98
692.56,436.99,290.28,221.99,178.23,234.17,410.87,575.78,658.87,686.62,696.44,624.62
590.59,382.08,272.92,193.76,212.23,375.16,548.53,655.0,710.27,730.69,653.74,548.53
275.83,210.79,165.1,211.17,392.7,573.13,670.09,710.42,712.22,626.24,529.16,446.83
281.08,209.87,243.62,410.86,566.31,650.22,689.03,701.32,626.66,534.7,457.97,486.29
168.87,216.29,391.11,554.73,654.64,702.36,717.43,640.83,542.76,461.68,482.73,499.67
241.74,407.79,567.16,663.52,699.45,708.68,632.56,538.16,460.5,482.24,501.79,534.43
411.04,573.93,677.97,716.83,712.68,626.83,526.94,449.32,471.39,489.32,533.3,603.88
608.66,699.26,733.42,723.74,623.55,516.82,438.53,465.45,488.55,533.03,608.2,750.18
735.79,753.74,729.31,619.2,508.65,431.4,465.29,495.49,547.03,626.35,758.39,866.67
838.55,780.58,648.72,518.63,420.31,444.92,478.73,543.32,637.46,776.72,882.56,937.09
729.01,620.0,509.64,426.77,455.91,488.68,546.11,630.88,760.12,859.76,924.99,881.23
762.57,594.6,470.03,463.04,465.24,510.84,605.78,756.7,882.28,961.12,908.91,888.57
638.33,497.97,486.06,482.88,508.49,593.59,743.2,875.65,960.54,910.29,893.66,855.79
349.45,395.58,432.9,494.95,617.26,783.65,904.91,966.27,888.35,858.46,828.33,727.02
427.76,457.64,515.46,630.73,781.0,891.77,949.47,875.19,850.41,824.17,729.21,529.45
473.41,522.94,630.51,774.97,888.16,947.58,877.32,854.42,831.4,737.78,533.94,404.4
686.89,731.18,834.94,912.12,925.12,834.1,816.16,814.7,748.27,557.37,429.27,330.59
734.47,836.6,916.39,927.06,834.99,816.5,809.8,744.08,555.3,427.14,332.66,283.15
807.44,901.39,926.04,841.77,824.52,815.41,742.12,552.03,420.15,322.12,280.35,313.22
700.16,801.35,763.92,787.84,838.42,792.41,597.9,439.79,308.62,252.15,279.65,412.58
890.11,818.7,820.55,850.66,781.42,575.87,420.69,303.32,262.69,296.28,428.6,601.27
783.92,792.67,818.35,751.13,574.49,437.37,331.53,286.5,317.0,446.56,601.26,722.41
790.53,814.66,748.61,572.09,434.06,329.1,286.98,318.84,449.2,605.2,724.12,771.66
982.86,852.02,632.86,458.07,306.84,247.49,292.37,462.03,650.28,781.4,814.46,852.42
749.92,567.86,417.97,293.62,260.3,314.52,487.38,658.25,769.97,789.74,829.2,748.03
462.36,348.23,237.39,220.7,320.94,519.49,695.58,790.89,795.46,828.89,733.41,566.58
261.87,187.11,198.27,318.81,534.61,715.37,800.18,790.55,809.35,706.83,549.82,473.27
155.77,176.47,299.94,520.58,716.88,810.25,804.99,820.28,712.89,554.42,470.69,511.33
143.05,277.52,505.73,709.43,814.85,816.45,831.23,720.37,555.92,469.13,506.53,592.91
247.65,485.88,692.56,802.94,818.7,841.23,735.38,569.55,478.67,512.72,590.01,607.79
415.88,650.54,779.24,811.7,850.6,750.47,583.09,479.89,501.97,572.4,594.26,632.62
669.49,790.5,817.98,852.5,746.31,576.22,475.2,499.16,573.09,595.14,634.03,676.68
770.71,807.27,851.42,754.27,582.34,479.04,498.01,565.54,581.89,618.17,668.33,806.33
714.83,792.8,714.12,559.08,489.63,524.89,589.97,592.66,614.35,660.07,792.71,826.2
790.82,715.73,565.29,497.93,527.72,587.11,586.51,606.27,650.66,782.95,823.68,828.4
723.82,565.4,486.89,509.73,581.95,589.46,617.24,663.36,798.89,840.78,833.02,844.46
440.5,402.94,443.55,538.5,598.53,655.82,709.45,826.52,848.46,833.04,825.54,725.91
594.0,562.35,612.22,631.75,632.39,659.31,780.0,827.15,842.38,849.22,756.83,597.82
573.64,624.08,647.86,650.05,661.94,772.51,814.13,830.03,837.3,744.37,595.58,399.61
578.58,625.79,652.53,681.39,785.9,819.4,819.88,814.3,709.92,556.83,383.07,268.89
720.79,709.21,709.88,787.64,804.55,798.21,796.65,706.54,571.57,407.23,286.84,199.14
654.92,674.13,764.08,790.23,804.59,812.83,721.09,578.62,406.9,281.71,192.55,165.44
693.72,771.93,783.64,787.42,804.26,719.41,585.86,420.49,302.16,215.95,176.21,216.35
755.55,778.01,796.72,822.08,726.33,584.29,410.83,291.31,200.4,156.92,209.13,358.01
797.37,806.29,821.47,719.84,579.38,408.55,295.23,208.67,169.37,222.59,364.57,517.0
865.38,856.78,735.98,580.15,397.96,280.62,201.34,169.57,234.14,380.33,527.79,604.24
793.95,698.73,569.02,405.62,291.89,211.32,171.95,226.98,361.82,502.67,590.6,668.46
591.45,498.48,351.82,257.29,220.93,208.35,271.05,403.96,531.93,612.53,666.58,714.82
480.83,335.65,234.11,198.99,202.34,272.65,422.47,548.13,626.36,677.78,712.32,676.5
309.14,214.92,181.89,190.78,274.68,433.07,563.45,636.98,684.33,714.45,673.04,663.85
224.77,188.56,195.62,278.34,431.88,559.81,633.14,679.08,710.12,669.59,663.31,611.44
264.16,240.6,302.63,437.78,548.02,614.22,665.91,709.23,682.29,682.54,626.69,604.69
245.33,305.21,441.05,552.54,615.26,665.14,709.26,684.67,685.17,627.65,605.6,641.27
224.36,392.42,526.62,610.94,676.82,727.15,699.03,686.36,613.2,583.52,623.0,649.46
327.16,491.37,600.81,684.77,741.83,712.43,689.3,604.68,563.18,595.57,635.47,675.44
401.95,546.15,653.04,731.67,724.45,710.39,623.81,567.59,583.79,615.12,657.95,710.94
475.08,606.33,695.99,702.62,716.16,644.11,590.91,594.36,613.38,651.54,697.33,770.17
565.13,669.88,685.02,707.67,650.16,603.74,606.51,618.32,649.06,692.14,762.87,790.73
592.28,636.79,676.62,637.32,613.76,625.82,636.99,652.06,680.46,744.61,774.54,734.32
798.66,770.78,676.99,608.08,595.59,598.59,631.25,683.11,777.96,823.32,766.31,658.03
850.29,729.52,653.29,630.06,594.56,605.79,650.45,753.06,809.28,756.11,663.59,572.66
745.16,661.25,632.51,593.22,603.72,648.79,750.5,807.14,756.07,665.49,575.71,484.98
611.3,603.53,577.17,597.49,656.1,762.78,815.43,758.21,659.89,567.71,477.03,378.53
740.53,665.36,659.74,692.5,750.07,776.44,718.27,637.45,566.1,485.22,398.62,346.55
609.25,623.14,666.54,735.8,782.63,735.19,654.55,574.05,483.35,391.75,336.15,253.4
773.52,759.57,792.55,805.33,715.04,614.23,538.03,466.15,400.11,355.9,277.79,194.98
708.69,760.67,786.5,708.22,621.26,551.16,477.45,404.56,352.16,268.36,187.94,163.01
930.31,893.82,776.96,652.62,528.08,427.62,357.95,329.56,273.39,206.44,187.9,218.33
719.9,672.38,597.88,514.63,454.75,401.31,359.06,277.97,181.38,147.16,187.0,265.61
812.16,681.36,555.9,458.34,378.59,325.32,255.26,178.12,170.79,222.65,292.42,398.08
547.12,467.57,400.37,347.74,337.49,289.48,215.04,193.19,225.31,285.47,381.63,520.19
470.64,400.34,343.85,332.65,288.59,221.4,208.43,257.24,322.55,417.76,537.44,723.86
415.51,369.97,375.36,317.3,240.17,234.14,212.57,276.02,375.59,518.9,733.93,880.28
350.75,367.74,311.4,225.56,233.4,211.64,266.36,369.78,511.15,737.27,883.01,834.43
389.19,326.04,237.89,238.67,207.16,254.86,356.2,505.96,736.23,882.05,836.42,793.36
320.38,232.88,235.25,204.62,254.26,358.42,505.34,736.43,883.03,834.6,790.5,780.54
242.32,242.67,208.33,255.29,356.72,503.81,736.51,886.28,842.31,798.96,788.99,762.72
221.19,198.84,256.8,362.64,509.9,740.69,886.51,840.5,795.63,784.55,767.81,765.09
131.93,213.12,341.51,509.0,749.97,899.78,851.76,799.35,772.48,745.04,743.67,718.44
237.87,360.09,519.91,758.17,900.67,846.71,794.23,767.9,743.05,747.97,721.16,814.98
309.03,485.73,730.48,882.06,850.08,805.94,787.46,755.35,752.81,722.1,812.93,807.75
477.85,724.75,873.71,839.72,805.17,791.29,763.44,756.21,724.62,808.46,802.96,817.75
817.37,935.97,890.04,837.39,782.9,735.75,716.46,699.78,798.52,805.51,826.8,815.28
916.29,874.67,822.55,774.84,738.65,727.83,712.44,807.34,808.44,829.77,811.44,762.52
898.16,839.04,778.41,735.69,727.25,713.18,807.22,812.09,837.1,819.99,774.46,672.72
905.6,821.37,761.36,732.08,699.66,784.19,794.45,829.13,827.16,792.92,680.54,498.75
797.16,743.85,734.28,714.14,796.01,803.7,826.03,818.67,777.48,656.51,494.26,373.61
660.75,682.04,677.6,774.98,809.23,845.12,837.47,786.48,653.09,480.84,354.53,260.04
715.15,700.73,797.5,825.02,844.02,823.82,768.22,637.23,471.26,345.77,266.61,231.84
625.72,751.2,790.84,825.54,832.56,791.33,661.2,493.25,355.49,274.03,222.62,200.51
692.23,759.46,815.39,836.5,799.07,666.2,491.74,339.61,244.99,193.79,176.87,239.33
680.83,755.4,781.2,755.68,678.16,533.55,388.71,279.19,221.59,197.63,241.5,392.56
825.11,825.28,787.85,698.12,526.53,366.03,259.91,205.93,190.2,241.04,397.93,531.7
771.67,748.24,659.13,493.86,362.85,276.77,229.96,218.04,258.65,420.54,535.55,631.45
893.86,767.65,561.52,404.41,273.46,201.69,183.61,234.46,412.08,532.38,641.86,701.16
659.42,503.93,391.46,295.17,221.43,174.77,179.49,246.46,316.94,419.2,584.85,735.54
541.59,412.09,303.25,224.49,166.42,165.84,248.17,328.56,436.95,601.45,743.82,843.49
407.8,302.48,229.95,178.82,169.52,248.11,327.94,435.35,597.43,735.44,840.27,874.15
285.63,222.65,181.72,180.43,253.9,330.3,431.92,589.1,722.25,824.26,867.42,810.35
166.93,149.33,163.91,250.94,338.5,444.73,597.25,721.3,812.87,852.47,799.41,717.52
96.21,129.94,228.21,325.19,450.63,612.62,734.73,819.0,849.97,793.53,708.42,655.17
137.91,231.46,323.85,444.52,609.81,734.58,819.79,853.8,799.88,715.93,657.23,598.1
235.47,326.31,445.76,607.31,733.97,820.56,853.2,802.97,722.38,665.17,603.2,573.68
431.48,507.22,638.54,738.14,803.01,827.93,787.51,726.97,690.41,636.38,597.07,619.71
675.64,742.51,805.31,835.04,808.08,744.45,686.86,677.38,652.11,624.42,648.68,719.39
803.89,847.55,874.21,840.82,743.18,667.81,651.45,637.78,619.11,647.31,728.91,774.77
865.7,887.37,853.8,755.26,668.9,645.59,630.3,614.37,644.61,725.9,777.5,819.29
753.94,774.77,715.22,660.73,666.97,662.56,635.71,645.46,703.2,743.15,793.08,749.41
616.29,617.26,601.42,641.67,683.14,677.21,679.54,711.8,724.47,763.44,719.34,643.13
520.45,538.15,592.48,650.1,686.02,710.02,743.58,741.2,764.58,714.8,629.48,516.51
516.07,575.96,628.97,662.95,707.29,752.66,755.03,774.74,723.04,639.13,514.54,375.76
571.03,626.19,662.37,705.54,754.35,758.03,773.01,720.23,636.33,512.99,375.83,243.14
756.11,738.59,741.24,754.23,735.59,743.28,700.19,638.0,539.72,415.65,269.86,184.24
652.29,685.14,717.84,713.82,753.11,725.62,660.19,551.98,416.52,263.57,173.86,150.61
655.49,700.07,705.08,749.75,730.54,668.8,556.6,420.4,264.51,172.55,149.83,216.65
784.16,758.35,785.16,747.03,657.43,531.43,397.42,257.44,179.92,164.09,231.8,385.44
720.78,759.65,726.62,642.95,534.88,411.94,274.39,196.25,176.07,239.9,384.79,528.94
771.69,737.52,656.88,550.12,413.82,268.4,186.7,166.0,230.78,374.97,527.05,640.77
787.69,680.42,552.61,398.35,253.92,176.94,168.16,244.34,400.74,558.87,656.58,700.53
712.07,569.98,403.25,249.98,170.44,166.56,252.15,429.04,597.65,697.65,722.11,663.22
624.73,434.19,263.01,171.31,154.32,232.67,421.7,598.01,707.36,733.99,670.79,574.28
468.23,284.32,187.96,164.6,230.43,414.2,588.28,703.17,736.36,673.83,580.28,513.93
225.33,151.54,143.88,222.34,422.52,604.8,715.4,741.59,669.9,572.76,506.14,486.28
133.98,132.39,213.9,415.69,606.28,721.66,749.1,679.17,580.64,513.64,487.92,514.1
137.4,215.64,416.21,606.25,721.6,749.69,682.67,587.93,521.85,494.63,516.79,590.44
194.26,401.95,595.83,716.53,751.18,688.62,596.05,528.34,497.4,516.64,586.44,604.4
361.57,574.64,710.61,757.27,696.8,603.3,530.67,493.79,505.96,571.75,596.85,644.78
675.09,774.05,800.67,720.42,591.95,501.5,465.52,490.74,572.41,603.08,658.55,740.28
781.62,804.99,723.2,592.5,500.48,464.72,487.84,570.23,602.31,658.89,740.04,767.71
684.44,649.6,550.63,484.56,482.27,520.17,593.62,609.65,646.83,720.72,748.66,759.42
657.02,551.24,473.7,464.03,514.45,595.28,620.18,659.56,736.81,767.02,765.51,782.07
534.28,460.17,450.47,501.56,595.21,628.02,670.12,746.82,775.62,773.09,782.08,758.97
472.45,458.13,507.57,599.77,627.34,667.86,744.41,775.55,774.71,784.92,760.48,691.66
486.69,525.71,612.29,635.59,665.79,737.15,767.52,769.39,782.77,759.52,695.39,581.36
557.71,633.82,650.09,672.24,733.07,757.83,758.44,776.16,758.58,697.23,584.91,409.8
521.4,585.43,645.36,735.86,778.89,784.36,786.8,750.08,667.67,546.36,386.07,271.91
623.45,664.61,735.24,762.03,773.46,781.05,751.76,675.24,562.92,408.78,281.51,213.34
657.0,728.69,756.58,765.16,781.11,755.92,677.65,565.13,412.26,284.21,215.03,177.01
809.81,807.5,799.14,797.0,746.72,656.5,543.11,404.94,292.21,229.42,194.14,246.3
719.35,741.66,755.19,719.84,663.38,567.85,433.07,312.79,237.08,196.02,235.89,378.7
700.45,728.61,701.19,652.28,572.76,446.79,326.4,247.49,200.72,236.63,374.73,502.45
757.58,719.84,663.38,577.63,442.85,318.25,242.18,198.81,240.16,379.66,506.91,575.58
868.73,750.77,625.62,455.02,293.81,202.87,170.61,235.66,402.5,542.25,604.72,641.41
770.13,637.67,464.21,300.28,201.54,169.89,237.96,421.8,568.58,631.5,657.8,631.97
616.95,448.75,286.73,192.75,169.03,239.44,430.97,575.36,634.88,657.52,627.45,575.79
396.73,251.76,164.74,149.9,243.46,448.52,597.11,651.2,666.92,632.3,570.74,527.63
287.21,185.77,160.84,245.22,442.99,588.87,644.96,665.47,637.39,578.83,534.35,492.53
195.96,167.74,252.17,447.93,588.7,642.34,661.62,636.89,580.61,536.59,495.9,461.0
201.22,271.53,459.14,592.87,637.69,653.85,631.99,582.96,544.81,506.29,468.6,525.6
267.29,456.23,591.09,638.28,653.91,632.51,585.8,549.63,510.13,470.86,524.89,593.06
432.29,582.14,646.55,673.57,642.82,587.91,541.56,497.25,452.2,501.76,585.21,674.23
591.83,652.37,676.79,643.09,585.73,537.88,494.89,450.79,502.38,585.51,675.13,700.12
720.27,715.48,658.77,582.26,524.58,479.7,442.68,504.69,601.02,697.38,713.43,736.02
668.2,631.31,572.23,528.57,489.37,453.86,508.86,599.06,686.74,699.43,727.22,785.48
655.82,586.02,533.63,488.47,450.25,504.52,598.13,688.86,705.39,735.38,790.98,850.87
622.44,555.37,499.44,450.66,499.03,590.26,683.47,706.96,744.29,802.89,859.13,795.87
615.24,536.38,474.23,509.54,582.37,667.14,692.32,738.15,806.91,867.77,804.44,677.89
514.72,461.4,504.99,585.5,672.04,697.47,738.99,802.87,858.56,792.25,672.15,554.57
457.56,502.16,580.41,665.52,696.41,741.49,806.14,861.53,795.27,676.37,554.57,453.51
409.52,528.23,646.27,702.56,760.31,827.1,868.97,787.53,650.78,521.33,434.44,346.48
581.67,678.73,718.39,760.4,818.09,855.73,777.27,648.21,528.79,447.38,355.71,282.26
767.36,772.36,794.09,829.98,844.09,753.93,625.94,518.38,453.39,367.5,297.28,261.18
676.26,730.24,783.11,814.09,763.04,656.51,549.75,474.3,375.33,298.23,251.62,290.73
746.88,792.41,815.21,757.09,650.08,544.27,474.0,381.16,308.06,264.78,296.25,417.78
848.95,850.55,780.24,660.99,538.4,460.1,367.97,305.72,272.61,306.75,429.17,554.8
863.2,791.76,676.56,554.99,462.91,361.84,294.5,260.86,296.41,417.26,552.76,613.33
762.92,653.36,534.07,443.74,359.58,302.58,274.14,307.83,426.7,562.41,613.42,662.26
825.04,636.03,495.91,370.0,276.08,237.42,289.0,449.38,619.99,684.98,709.82,719.81
624.14,484.54,357.01,267.93,235.0,289.25,461.45,631.54,693.78,713.83,717.21,671.97
483.79,358.85,274.81,245.63,292.39,460.87,627.06,687.79,706.9,708.06,669.14,580.63
348.39,268.48,241.79,289.78,462.06,629.41,689.56,706.26,706.12,666.53,578.98,490.24
193.08,195.95,265.15,454.26,640.42,708.58,719.9,709.46,657.34,563.57,477.5,428.98
182.15,255.27,445.56,634.32,708.86,724.11,716.43,663.83,567.79,481.27,428.05,499.56
206.71,414.49,615.04,700.46,731.07,730.74,677.45,575.79,481.0,422.21,491.18,581.84
384.01,598.81,694.04,732.37,736.09,683.36,579.64,480.72,417.11,483.3,577.18,635.4
691.3,750.64,766.91,750.09,670.22,553.66,459.26,409.11,491.31,590.96,650.36,732.89
723.59,747.1,731.61,656.2,554.59,469.62,423.96,502.75,598.64,655.6,729.17,813.49
743.58,730.38,659.32,560.84,472.0,423.86,498.04,591.75,647.01,721.67,811.07,868.76
741.97,667.45,566.39,474.83,423.34,494.84,589.15,646.68,723.51,813.76,872.1,864.35
629.7,543.8,463.33,421.25,501.34,598.09,652.91,722.92,805.98,860.5,856.05,849.15
537.34,457.3,413.67,492.95,596.7,656.19,727.91,808.69,862.39,858.72,846.61,741.05
505.77,441.96,507.19,600.16,649.78,718.27,801.31,861.64,865.58,857.01,750.61,616.95
431.7,500.26,591.11,640.74,717.15,804.74,868.07,870.78,861.22,755.02,615.89,452.2
618.72,668.48,697.96,752.21,793.8,832.68,830.86,835.35,747.05,617.04,467.66,327.87
724.4,735.37,784.19,815.94,830.43,814.6,811.64,730.75,609.52,463.03,333.85,241.76
702.65,761.37,796.65,813.21,815.68,822.26,742.55,617.01,467.6,336.96,239.8,196.69
706.27,762.68,794.53,808.24,830.14,756.67,626.96,471.86,333.57,231.72,190.21,251.7
707.45,760.73,788.25,821.17,763.42,640.7,484.48,341.4,230.52,184.28,243.28,401.76
730.96,768.09,803.51,751.06,642.17,494.05,354.62,240.59,189.9,246.65,399.08,546.38
669.42,740.67,706.68,616.18,504.53,383.33,271.59,206.16,248.15,391.87,531.24,613.24
786.96,734.14,635.39,514.9,375.72,254.83,192.12,239.84,391.3,534.48,619.91,697.01
690.94,603.2,482.29,347.24,254.68,212.61,271.78,431.81,573.64,656.79,707.1,710.18
598.53,475.53,333.87,241.36,207.53,269.75,443.38,584.44,667.07,714.71,708.86,661.27
546.38,376.54,266.28,217.24,260.21,425.84,570.11,661.12,720.86,719.26,672.26,632.29
365.16,257.49,208.55,251.66,425.73,575.41,667.91,727.31,725.38,678.28,633.24,572.08
113.18,120.74,203.19,411.63,597.07,705.07,756.87,734.93,662.75,605.88,547.8,575.13
112.66,196.39,403.19,589.45,704.41,760.16,743.13,670.68,612.25,553.52,574.67,623.67
183.07,394.44,583.69,703.29,762.02,746.58,676.17,616.06,554.02,571.83,619.74,627.82
383.69,582.85,714.29,781.39,753.56,673.63,605.83,538.73,552.67,597.78,621.0,624.02
463.96,639.8,734.73,732.72,687.55,635.51,566.26,560.65,585.35,598.29,601.53,626.45
532.92,667.88,690.06,666.83,649.01,595.74,585.82,593.07,588.06,583.28,606.16,648.83
639.12,671.0,650.24,636.62,597.18,593.96,603.07,593.13,583.92,607.48,644.88,674.38
668.33,645.32,625.8,583.09,591.75,606.77,602.29,591.45,615.76,652.81,675.93,687.44
848.21,748.82,652.0,612.56,577.29,550.69,550.83,604.5,677.24,717.21,723.75,698.15
1020.78,818.08,713.62,619.48,514.71,480.11,543.59,656.55,742.52,770.62,744.1,698.35
1047.11,854.28,705.22,552.67,451.92,486.2,606.87,727.88,793.86,783.51,739.37,644.58
829.25,698.15,568.79,482.96,499.12,605.9,710.15,769.68,751.48,703.05,631.62,471.09
855.32,670.74,555.08,539.25,590.15,664.81,720.75,723.25,700.01,641.41,494.97,304.58
679.93,562.76,550.21,602.09,666.85,716.55,713.81,691.05,632.62,485.55,303.27,182.5
599.56,573.67,619.27,675.85,712.55,703.24,678.08,622.57,481.53,301.58,187.32,123.53
777.66,744.52,751.33,741.31,676.33,626.08,576.96,467.8,323.78,224.88,162.09,155.35
833.59,806.71,776.47,690.52,613.02,551.69,445.73,319.53,236.82,179.91,172.11,187.07
774.71,756.21,676.7,605.17,553.6,453.02,327.69,243.42,182.92,172.03,184.27,286.22
866.81,747.41,655.7,581.25,442.02,296.2,210.84,165.64,174.44,192.53,303.04,488.28
570.63,543.83,515.66,416.1,317.83,255.16,206.09,193.96,184.06,280.61,463.3,689.22
521.91,501.69,404.62,310.27,256.63,216.29,211.91,215.29,312.88,494.22,702.44,944.76
426.45,354.97,273.83,239.52,222.46,227.32,244.84,332.66,500.08,697.18,930.88,1116.56
425.15,311.82,250.95,217.65,213.61,232.12,333.39,508.73,717.44,954.41,1128.91,1203.77
293.66,235.79,195.51,192.03,227.42,341.18,527.36,733.56,968.76,1143.76,1204.04,1105.63
270.13,219.53,214.61,247.07,340.49,514.58,717.06,954.03,1132.5,1193.58,1106.47,1040.88
207.48,210.15,253.11,353.41,520.1,716.39,945.78,1120.1,1176.83,1087.68,1033.14,944.22
236.57,271.97,372.54,536.11,716.61,936.6,1104.25,1164.48,1078.61,1025.97,945.09,875.18
241.19,354.72,526.93,713.98,942.81,1113.01,1171.99,1083.28,1026.68,942.96,872.95,851.04
316.71,501.87,699.2,937.14,1117.93,1182.2,1092.97,1030.67,940.12,865.26,843.55,829.92
475.28,682.76,927.65,1116.33,1186.59,1100.79,1038.92,945.51,865.7,840.88,824.73,806.26
653.45,909.21,1104.02,1183.42,1105.51,1046.83,954.96,868.83,837.38,818.32,799.71,788.21
881.91,1091.53,1184.77,1118.18,1054.65,955.61,862.84,820.15,793.13,769.77,774.62,660.44
1183.44,1243.84,1158.99,1074.47,945.94,836.21,789.23,770.97,762.9,775.11,671.52,577.46
1025.03,1023.63,993.77,913.1,865.51,845.61,816.64,774.04,749.28,630.15,536.85,483.87
1019.48,982.12,882.63,823.95,836.15,827.1,796.97,771.35,654.67,565.66,490.44,488.24
827.05,788.61,769.87,815.53,850.19,838.53,803.24,664.78,550.2,463.04,461.51,403.25
976.89,880.65,866.05,852.23,806.4,758.9,639.36,551.36,497.63,514.75,440.86,386.63
684.4,743.65,777.12,774.74,784.47,692.02,597.53,515.2,499.12,408.51,352.4,267.99
771.74,797.72,794.27,800.66,691.42,586.63,499.34,482.08,394.21,339.25,267.53,251.38
841.57,819.84,811.88,691.04,578.84,488.24,474.73,392.24,345.2,276.84,260.28,251.56
693.17,733.24,639.98,551.0,501.47,507.56,421.79,357.94,269.43,243.41,230.25,202.29
795.24,681.03,580.94,518.65,500.46,400.62,334.06,252.32,236.59,228.5,209.87,297.17
571.0,505.09,455.94,451.67,407.77,371.81,297.28,268.89,247.74,221.23,286.78,419.72
612.55,517.8,483.79,414.95,352.03,267.49,252.34,251.28,245.0,320.57,444.16,644.96
427.59,425.69,376.76,333.37,279.35,283.63,287.46,285.26,350.55,464.84,646.95,811.19
392.03,377.93,373.02,319.92,314.21,321.19,238.23,293.57,402.88,603.16,808.66,909.45
369.98,370.32,311.66,293.46,315.9,234.27,285.69,399.5,599.78,818.78,914.87,942.69
338.33,291.21,280.81,306.68,236.16,292.16,404.29,606.56,821.27,913.1,937.36,920.14
321.87,298.4,315.62,238.78,286.63,397.06,599.61,819.33,917.07,941.63,923.41,922.75
206.29,263.25,213.55,282.29,412.13,622.83,833.17,918.4,929.94,903.75,910.86,787.93
207.55,180.5,261.04,400.19,628.52,846.29,934.89,939.34,906.54,911.35,788.65,750.52
100.12,206.74,369.68,619.57,857.17,955.16,955.85,911.58,898.44,763.65,726.1,707.72
210.05,375.87,622.1,861.72,957.83,955.49,912.04,896.78,760.98,729.69,707.4,726.93
370.33,615.85,852.7,946.51,954.39,912.45,902.97,765.83,735.22,712.04,732.78,742.89
543.9,809.81,919.32,940.67,921.15,921.13,784.69,741.42,706.59,715.37,726.26,698.46
769.2,896.22,935.34,926.43,929.02,794.08,735.93,694.9,695.69,708.88,684.64,777.75
982.82,980.97,932.56,909.9,776.2,726.22,701.7,717.32,746.16,732.55,799.44,715.58
857.19,862.27,873.76,774.21,750.2,734.4,736.33,744.14,705.67,760.24,695.82,603.15
797.87,835.71,747.62,727.88,737.18,749.55,758.55,710.78,759.87,696.98,589.87,415.12
939.19,809.77,778.68,774.22,744.14,731.3,676.71,735.44,684.97,580.32,428.52,362.74
710.33,709.34,712.72,693.76,733.18,708.5,774.37,713.97,597.53,435.18,347.16,221.67
450.78,557.86,610.09,707.8,746.0,835.94,759.66,603.7,398.38,289.44,178.77,93.7
537.72,599.79,701.02,744.38,839.18,763.08,605.56,402.15,288.7,180.45,88.54,132.13
536.54,657.39,702.59,801.2,761.34,623.48,431.45,308.81,191.37,100.73,119.32,190.31
614.46,673.22,786.49,763.77,640.73,454.3,324.59,191.54,94.88,106.97,187.31,367.28
678.47,783.11,746.41,613.38,446.07,327.1,210.12,111.75,126.19,211.28,371.52,480.54
825.73,772.78,632.61,459.67,319.81,194.42,94.0,123.12,210.47,380.05,492.46,602.11
590.9,535.23,392.88,296.18,229.35,154.79,173.43,224.79,355.89,449.74,559.91,630.97
606.05,445.05,343.92,268.94,149.06,119.01,134.46,178.57,253.14,371.13,545.15,721.69
561.88,414.66,313.15,173.4,102.85,97.88,155.92,250.1,386.46,563.81,740.52,770.78
399.28,304.97,172.97,110.57,101.66,159.81,252.69,388.15,562.36,735.28,767.81,759.31
275.99,159.34,112.04,116.65,168.7,256.38,385.86,553.11,717.98,746.6,749.22,771.72
136.47,95.92,102.64,157.29,258.1,395.24,562.8,723.19,747.68,748.86,767.98,673.2
135.77,129.4,176.58,268.22,390.4,550.49,708.6,739.81,747.84,771.18,679.29,491.24
179.51,207.78,289.35,400.09,544.4,694.22,724.52,740.55,772.84,684.46,498.37,425.65
275.96,330.93,425.82,553.54,685.57,708.18,725.13,769.35,694.38,513.91,440.19,444.21
575.31,575.02,644.54,721.56,675.94,663.65,715.23,680.94,543.59,488.73,490.44,526.58
654.78,694.36,754.58,692.77,655.08,695.69,664.46,544.82,504.89,511.34,544.0,569.12
795.05,820.38,744.51,690.11,687.62,633.58,509.76,484.58,506.6,545.59,583.19,617.82
828.08,755.55,714.62,718.76,641.34,502.19,464.93,487.36,525.29,560.18,614.36,630.19
720.79,691.22,698.75,627.13,504.67,476.84,502.75,536.93,566.62,619.16,627.7,690.79
626.31,659.43,605.11,496.99,485.68,518.66,548.89,567.39,608.13,611.98,676.46,631.71
626.05,587.45,493.79,491.66,527.46,557.06,565.04,598.94,595.58,656.46,622.86,510.84
467.28,416.66,433.29,488.53,566.96,599.87,635.9,616.33,659.65,620.03,493.88,378.63
298.85,352.87,419.82,513.68,605.62,674.39,663.28,691.17,635.29,504.45,366.41,286.6
546.65,540.96,591.66,640.81,651.12,612.07,641.05,613.85,515.99,392.98,318.34,282.18
432.24,524.09,602.24,635.01,627.48,671.31,637.09,526.06,386.68,302.72,267.23,262.12
631.61,667.8,671.77,637.56,654.83,608.97,504.15,383.81,320.46,294.35,285.28,362.06
765.42,731.44,674.77,669.0,595.52,478.58,361.85,317.81,309.28,306.75,380.68,520.94
867.77,758.92,721.15,619.44,461.64,327.71,287.88,302.5,323.53,407.17,546.66,652.83
717.92,693.89,597.69,446.22,330.59,301.45,319.49,336.54,415.63,551.82,649.67,700.93
829.9,685.16,514.8,374.69,288.41,276.45,289.26,389.17,547.57,654.61,721.23,746.54
691.59,517.6,375.36,288.17,275.87,293.48,398.14,572.87,684.97,751.52,762.5,738.43
573.55,405.35,295.65,268.63,279.79,382.18,572.65,694.65,771.75,785.43,749.47,632.54
487.18,345.32,298.65,292.75,371.52,552.58,678.58,767.63,795.46,764.11,646.83,540.26
334.99,292.82,292.94,374.02,555.7,682.21,766.03,793.35,761.02,642.61,539.1,428.61
233.61,257.56,354.9,550.05,690.41,780.46,805.08,767.0,639.06,531.76,420.67,390.32
177.87,304.99,521.25,678.73,792.36,827.19,784.97,647.08,526.62,407.93,377.27,441.17
259.95,493.45,660.96,783.67,831.96,796.28,658.65,533.74,408.02,373.46,433.84,467.84
520.5,680.76,802.97,847.52,796.09,648.96,519.86,398.01,368.19,430.03,472.25,605.56
775.45,857.0,870.15,793.48,631.31,498.66,389.79,376.93,457.05,506.37,626.51,757.05
763.13,812.02,761.38,622.21,512.78,415.42,395.66,461.63,494.18,606.18,738.61,853.29
751.08,723.49,595.99,497.07,422.02,413.35,478.36,504.54,607.95,738.52,846.39,857.39
685.06,571.54,479.85,413.05,417.74,487.98,515.74,611.89,735.45,839.87,850.52,862.66
537.17,457.22,395.83,405.04,490.94,526.83,622.31,740.44,840.07,848.61,857.31,793.66
484.13,412.52,416.84,497.36,523.84,615.55,732.4,835.2,847.73,860.04,796.75,720.39
457.87,442.04,506.75,520.66,608.19,725.12,831.98,852.6,873.18,813.57,731.67,612.28
449.17,510.9,519.31,602.48,721.74,830.87,854.01,877.25,819.98,739.76,614.42,444.15
488.2,510.57,612.13,741.8,841.42,855.81,865.11,802.05,716.08,587.86,435.2,302.52
581.59,651.15,752.18,828.32,840.02,851.39,799.04,725.82,612.81,468.25,320.04,227.51
671.16,767.45,848.91,858.84,853.37,790.3,707.93,596.93,455.65,307.14,228.69,223.73
739.14,832.75,853.24,854.48,796.63,715.99,600.01,457.95,305.94,224.69,222.32,320.25
918.8,906.02,885.3,806.38,702.97,576.56,439.04,302.23,235.84,240.79,335.63,486.65
750.23,784.41,733.72,658.65,591.97,486.31,351.84,268.03,250.12,333.14,467.49,527.92
956.15,840.55,722.61,617.81,463.06,305.61,229.59,234.45,347.05,494.46,555.67,620.48
691.14,625.9,557.46,434.4,322.26,268.9,271.45,364.92,488.92,538.55,598.43,632.39
769.65,646.08,485.89,340.77,249.22,238.83,341.85,500.75,578.92,651.1,671.31,658.47
566.33,434.77,307.65,235.08,246.99,357.94,522.33,590.2,648.7,659.33,643.76,580.92
417.71,294.24,220.64,233.62,357.7,530.96,602.86,659.12,668.43,650.63,579.89,521.86
244.76,187.46,207.42,339.24,534.06,618.01,676.5,679.21,654.56,581.44,516.27,472.28
144.78,179.47,319.63,521.59,622.69,690.59,693.98,666.27,587.49,519.23,469.09,465.02
183.6,321.85,522.66,624.28,689.63,691.76,667.26,590.29,522.06,471.5,466.04,537.86
291.42,505.93,621.12,695.81,699.01,673.51,589.97,517.63,461.0,450.98,529.17,583.77
419.37,572.24,674.78,701.02,689.07,608.62,528.9,459.12,433.81,504.31,567.58,659.27
574.3,670.69,686.98,668.5,602.48,532.41,470.56,445.87,518.76,582.64,662.71,763.81
751.63,735.7,694.05,609.05,519.5,450.6,432.48,518.22,596.43,683.59,778.05,811.42
697.15,669.87,596.99,517.64,458.15,444.29,524.72,597.09,677.25,769.01,804.9,856.59
636.83,577.13,503.8,451.03,447.86,532.79,606.41,681.47,767.74,801.73,851.52,790.46
726.85,594.86,504.31,466.18,512.29,567.94,648.53,755.9,815.55,877.23,816.09,774.98
540.1,471.82,451.96,512.43,578.16,662.94,763.99,816.09,868.14,801.73,763.42,616.75
403.99,409.68,486.3,568.13,671.93,781.98,830.19,869.8,790.23,747.33,603.93,492.62
384.03,471.33,557.86,663.65,785.05,837.77,875.55,793.66,748.13,603.38,489.26,339.64
509.61,583.83,684.87,801.12,835.59,863.19,778.69,736.43,596.18,485.25,343.59,258.64
558.96,667.92,787.49,824.27,864.96,787.13,743.82,599.78,485.87,342.83,254.47,190.18
668.97,786.58,820.57,856.51,785.2,745.41,602.41,488.97,348.47,260.43,193.21,175.48
787.17,821.62,861.58,791.33,747.14,600.52,482.9,343.28,255.97,187.95,176.34,257.44
722.3,795.75,737.9,707.29,605.72,512.93,380.3,284.63,203.16,186.14,247.49,375.53
878.56,792.92,750.72,636.26,507.28,354.76,254.81,183.79,178.82,244.6,385.57,558.89
765.97,727.8,606.38,474.54,351.43,269.79,209.16,202.37,267.9,407.54,561.25,617.24
743.31,616.6,488.39,365.72,268.21,199.13,190.54,259.41,401.4,556.67,619.27,675.43
792.07,590.88,413.39,271.56,170.15,154.58,244.73,428.24,619.22,696.42,724.25,750.17
605.44,420.84,276.13,175.84,151.8,236.14,427.41,620.27,698.36,722.29,749.07,636.75
459.86,300.86,192.63,161.3,231.47,417.1,609.59,692.18,722.81,751.83,642.53,510.33
204.78,134.56,129.15,220.76,430.83,633.45,710.67,727.8,741.15,624.2,494.26,408.53
263.9,209.14,271.17,453.43,617.34,676.15,696.81,728.62,632.89,512.67,430.06,448.45
256.48,299.68,472.08,626.21,670.99,686.14,718.79,632.97,521.07,441.28,458.4,477.72
364.15,511.68,650.07,681.25,677.31,701.61,620.47,520.7,452.17,473.28,489.76,528.48
471.31,629.23,678.86,688.09,711.44,626.59,519.77,445.18,458.94,469.88,519.68,603.7
664.86,702.08,707.11,725.27,623.46,508.05,432.4,451.25,467.44,518.0,607.45,705.8
697.71,703.06,719.38,618.49,507.57,435.25,456.96,472.25,521.97,611.07,705.14,808.69
691.25,712.27,614.29,505.44,436.95,460.34,474.09,521.72,608.92,703.34,806.92,824.36
695.09,607.59,511.1,451.21,467.22,473.91,514.73,597.03,686.49,787.2,817.3,827.88
661.78,539.43,455.49,453.13,461.37,506.29,598.95,697.84,810.04,846.02,841.93,850.95
580.41,478.13,461.91,460.04,498.1,589.74,694.73,812.72,855.73,855.62,857.53,762.96
537.83,499.15,485.44,511.23,584.31,680.5,795.66,846.64,855.99,861.23,772.85,619.8
437.09,452.52,501.06,591.52,692.39,806.33,848.34,848.31,842.1,748.77,605.46,452.35
565.47,570.66,634.4,710.32,792.07,818.45,820.86,829.21,754.3,620.78,471.01,432.86
635.16,675.46,739.49,808.26,812.97,804.93,810.98,746.5,623.7,477.82,442.93,385.51
697.84,753.88,820.52,820.19,803.3,804.31,736.98,616.33,474.68,440.99,389.21,360.86
713.55,793.58,799.02,786.98,807.05,749.48,630.9,487.16,449.71,394.68,359.68,360.61
835.04,826.41,808.2,820.99,744.49,615.92,471.78,441.35,392.08,359.48,364.71,476.07
828.22,807.82,817.26,739.35,614.68,473.81,445.23,397.61,366.19,371.13,478.69,579.2
717.75,762.05,705.4,599.16,485.89,469.91,419.45,373.98,364.92,464.67,564.11,607.92
733.27,687.9,595.12,489.56,473.6,420.87,371.94,359.0,454.29,551.95,602.16,663.3
701.31,597.13,475.62,450.13,412.92,379.3,381.88,495.75,602.28,654.57,685.13,733.74
693.39,529.57,471.12,412.53,360.06,354.49,488.63,609.06,677.46,712.7,749.89,727.16
526.01,465.1,401.64,347.46,351.99,494.58,620.19,688.5,724.9,760.56,729.51,643.84
457.14,401.88,359.72,371.22,500.5,616.47,676.4,710.09,742.96,710.41,638.42,565.46
266.14,275.65,321.25,480.84,635.06,711.98,740.54,753.9,698.09,615.21,542.57,586.94
229.87,292.92,463.71,628.52,718.75,753.08,765.22,702.49,611.07,534.42,578.05,627.45
219.95,416.5,594.68,699.05,760.29,786.02,725.11,623.56,534.9,572.69,615.68,635.04
395.41,584.21,696.15,762.93,790.35,728.41,624.92,532.61,567.23,607.92,631.28,658.82
595.99,700.94,761.85,786.6,724.12,621.55,534.63,569.83,612.11,635.21,659.74,746.11
755.06,793.22,801.53,725.86,613.4,523.75,562.38,611.76,644.26,672.88,754.58,793.94
771.1,788.19,717.78,610.3,526.67,567.74,615.75,644.85,669.82,751.47,790.66,754.08
811.41,734.61,626.59,539.56,567.61,606.0,631.18,656.9,741.77,781.63,754.98,721.05
870.22,708.94,586.54,582.76,586.82,596.52,628.94,733.76,797.38,781.95,745.26,746.78
608.31,523.75,548.5,577.54,612.38,656.7,754.53,802.97,769.47,724.38,727.61,713.1
572.66,576.06,584.81,605.27,646.87,745.95,802.53,777.15,740.9,749.27,725.81,621.35
646.95,633.19,644.15,674.26,740.82,778.72,749.44,721.37,739.79,720.04,627.69,486.41
615.23,634.28,671.14,743.53,782.84,753.37,721.92,735.18,711.25,617.21,481.15,339.2
766.8,753.07,792.97,802.77,735.43,686.24,702.07,694.49,622.17,497.57,358.84,281.07
804.36,824.02,822.73,741.09,679.86,689.63,680.92,616.48,502.52,367.06,291.73,225.42
768.95,791.57,730.53,683.91,700.57,692.63,619.03,498.32,353.77,273.0,216.37,255.7
615.48,622.07,618.02,670.65,713.92,663.27,536.73,369.64,260.17,190.62,226.42,361.1
533.43,558.31,621.44,678.52,669.52,565.46,405.75,286.54,204.61,233.81,352.48,533.62
518.94,595.24,656.83,654.95,568.14,417.89,303.72,214.93,238.48,352.88,527.83,661.53
566.16,636.04,640.35,559.97,417.89,308.66,225.0,245.67,355.99,529.02,658.63,774.01
590.55,611.79,542.12,411.54,315.49,241.27,265.78,381.49,549.77,673.87,777.75,860.72
534.72,489.04,365.3,283.6,242.88,283.13,413.69,569.57,680.97,777.19,846.55,800.53
448.26,337.62,261.1,227.94,286.08,426.56,585.41,688.67,778.76,844.13,793.32,754.54
347.34,264.57,223.11,275.73,422.28,585.21,693.26,783.31,851.52,802.79,757.68,713.92
339.81,269.54,306.43,437.57,576.49,673.07,763.87,842.71,806.14,767.3,726.5,718.62
350.57,354.92,465.6,586.9,662.97,745.45,829.3,807.8,782.97,747.92,735.27,750.92
429.11,512.41,618.79,683.24,737.7,807.85,789.41,775.26,750.54,741.49,760.19,744.97
1454.48,1201.35,1036.51,883.34,683.76,540.66,560.71,671.56,821.97,913.7,905.14,797.29
619.75,686.47,706.79,653.91,634.91,706.33,770.9,837.56,826.57,762.95,689.29,518.47
598.37,658.62,631.43,633.85,719.21,786.02,842.82,812.7,731.72,655.48,495.96,490.48
973.86,824.67,748.38,760.79,743.97,760.4,743.16,708.88,686.48,552.11,545.72,551.01
1032.98,879.57,850.15,794.35,740.41,689.3,654.92,660.88,559.16,563.57,582.97,494.63
875.75,845.88,784.55,726.99,683.79,655.2,665.07,561.69,567.45,590.58,496.38,412.6
839.99,779.07,726.11,680.6,656.63,668.15,562.43,571.4,596.47,500.86,413.73,403.59
780.23,725.69,677.79,657.46,667.33,561.99,575.89,602.86,505.53,416.73,405.41,501.47
545.11,569.94,596.28,647.03,587.38,620.72,636.45,510.78,390.7,365.53,466.77,488.78
638.27,643.69,685.83,613.17,617.06,613.33,484.46,370.09,355.26,460.4,497.1,508.78
672.12,701.14,621.06,616.27,607.65,477.86,362.08,350.73,461.39,501.13,513.54,591.41
673.93,599.57,589.21,582.87,472.94,372.08,375.06,487.49,525.21,538.46,594.81,781.67
567.84,563.48,557.52,453.12,376.33,393.0,511.25,543.9,551.63,601.37,779.7,1053.35
646.03,611.94,488.1,390.6,379.4,484.17,518.53,538.66,602.56,788.32,1064.11,839.58
703.87,546.24,429.24,398.04,470.87,489.25,510.68,590.16,793.13,1076.16,857.0,794.37
608.78,470.18,429.79,494.91,485.86,492.26,572.22,781.82,1074.24,855.66,800.46,955.75
533.2,466.03,524.42,507.44,485.69,553.69,760.13,1059.04,847.87,798.23,962.86,1115.16
569.86,589.87,548.07,498.75,543.68,743.9,1047.39,875.02,851.21,1023.48,1156.71,997.58
558.33,548.69,530.7,574.51,768.95,1077.7,834.01,801.29,969.42,1122.09,996.55,895.63
557.81,538.15,578.8,758.11,1073.05,824.54,780.72,952.29,1107.63,993.74,897.28,780.72
508.74,560.54,751.19,1070.95,830.29,790.84,953.64,1112.87,995.07,895.37,778.57,708.33
553.8,748.0,1069.63,831.52,790.4,952.42,1110.56,994.35,894.54,777.19,707.46,671.88
643.0,1009.36,798.87,776.97,967.59,1136.83,1014.25,901.91,770.97,690.67,659.37,578.11
744.28,655.64,743.42,1014.05,1197.33,1065.09,904.78,724.95,592.81,534.74,517.96,603.43
275.86,474.17,770.76,1002.98,1075.9,1032.83,897.78,720.95,608.82,571.28,560.79,607.48
377.37,713.51,961.13,1055.01,1045.51,924.14,750.08,621.38,566.91,554.58,591.63,697.89
632.57,915.77,1039.47,1052.97,940.69,762.31,624.6,552.35,523.52,551.26,680.48,785.62
903.88,1030.44,1038.18,920.85,759.91,631.08,563.34,528.45,555.87,680.33,780.52,832.37
956.45,983.72,866.11,707.7,628.32,592.43,563.54,586.19,703.57,808.83,826.71,877.06
934.45,830.11,673.46,602.86,596.08,585.88,613.01,724.05,820.55,837.15,871.61,839.57
908.91,725.0,630.63,607.76,578.78,597.21,708.45,816.56,844.94,885.09,859.74,788.17
840.27,702.7,649.18,587.89,577.27,675.08,791.78,838.77,903.0,891.92,806.85,627.54
946.14,798.98,694.63,640.04,652.32,727.96,771.48,868.35,894.09,821.27,666.65,509.57
779.21,685.43,644.93,665.24,732.56,770.53,857.08,881.85,805.57,642.69,496.8,350.81
703.14,657.01,675.32,736.49,768.67,850.36,874.32,801.75,644.34,499.45,359.52,268.38
740.09,730.17,773.53,791.5,841.94,850.11,777.56,639.47,506.96,376.18,281.38,250.9
705.83,761.86,790.86,844.97,853.1,777.65,635.49,497.53,361.57,268.3,237.68,249.79
757.19,785.51,845.95,861.27,789.95,648.11,503.65,360.37,268.93,234.99,255.97,419.52
779.69,838.3,850.07,776.3,645.11,506.11,372.87,278.94,243.88,267.61,419.76,597.92
844.65,851.04,771.31,638.94,500.26,371.35,281.63,258.87,280.25,439.42,608.72,791.5
802.79,759.89,633.41,511.97,393.13,304.34,268.98,271.88,413.53,572.85,768.05,839.68
698.97,602.73,505.86,405.47,312.94,249.77,215.4,253.84,373.48,566.72,734.66,863.15
657.82,539.13,427.46,329.52,241.64,193.81,243.97,373.86,574.72,741.44,870.58,992.12
470.68,385.51,306.67,238.13,204.12,262.77,390.83,582.03,736.24,857.46,979.33,1049.48
427.22,335.01,260.63,220.26,260.64,379.49,567.95,726.85,853.68,978.32,1054.74,1059.22
254.44,211.4,190.8,247.95,390.04,589.49,744.44,860.27,971.41,1042.27,1046.04,932.65
136.19,142.66,214.68,370.23,596.66,765.43,880.58,982.29,1041.45,1040.76,920.97,824.37
114.81,196.38,358.51,590.13,769.28,889.86,989.39,1045.93,1040.99,918.75,819.29,772.73
213.79,368.04,592.17,764.6,886.09,987.75,1046.91,1047.1,929.87,833.26,780.46,731.39
493.82,669.52,813.05,905.52,971.31,1014.35,1017.99,922.76,849.04,804.87,755.51,710.27
784.03,887.31,961.69,1006.89,1004.73,985.47,886.43,830.73,805.19,762.64,726.65,722.78
843.14,934.23,993.86,1002.97,993.35,898.58,837.54,807.24,757.52,718.57,716.03,740.19
808.75,916.83,956.72,974.32,916.31,871.74,836.41,769.91,710.48,698.03,721.01,728.38
900.03,947.97,971.43,917.22,875.21,838.94,770.1,707.23,691.59,713.52,724.14,741.73
833.82,899.37,871.31,851.6,853.12,802.3,735.03,701.92,705.25,707.56,721.23,662.53
674.4,732.95,768.33,819.73,833.16,795.38,750.41,718.88,682.08,679.06,622.94,545.22
647.12,708.51,760.84,780.46,795.91,780.23,759.4,711.28,697.82,640.36,537.14,457.97
718.67,763.86,773.46,781.02,775.36,761.39,717.59,705.73,651.59,551.42,463.01,341.35
757.78,769.38,777.96,771.38,761.74,720.4,704.86,649.46,549.09,461.54,339.56,228.71
686.89,723.77,731.41,732.09,727.27,730.08,673.88,563.22,465.76,339.2,220.05,163.18
611.76,661.01,688.48,705.75,744.26,704.79,589.18,478.67,335.45,207.89,148.61,212.95
614.45,658.4,682.82,727.01,707.26,602.33,493.6,348.59,214.9,153.61,208.78,351.58
799.06,767.26,771.38,717.4,581.19,460.48,325.8,216.13,180.54,246.8,380.63,521.91
826.43,805.75,734.3,582.62,451.12,313.4,209.5,183.56,262.05,398.9,534.35,592.66
880.77,778.68,611.63,463.63,301.06,186.99,164.32,257.27,408.6,551.11,608.42,654.32
701.9,563.13,433.16,287.84,197.39,190.3,285.84,442.52,576.62,627.26,656.96,707.85
582.16,440.89,282.75,186.32,182.0,278.32,449.47,586.86,641.06,669.87,711.12,668.82
422.75,274.15,189.2,192.29,284.43,452.77,583.01,633.32,658.49,696.2,663.0,575.15
300.83,203.31,194.47,276.62,446.15,579.16,634.58,665.49,709.93,680.6,584.24,545.16
186.02,181.34,265.21,437.41,579.81,641.68,675.41,719.87,688.24,590.94,545.45,581.24
143.97,240.75,421.58,571.9,646.73,688.14,732.31,698.74,595.52,546.53,577.09,600.07
252.37,429.3,576.55,649.25,686.34,728.31,696.98,597.33,550.34,580.75,601.88,585.46
370.65,544.64,639.46,692.35,739.92,707.71,599.41,542.47,562.77,577.62,572.71,568.48
633.57,695.17,730.14,759.23,696.75,573.66,517.05,549.72,579.47,580.49,581.81,654.49
698.52,730.43,757.62,693.77,573.32,519.93,552.35,584.21,586.39,588.59,656.6,779.8
815.48,807.82,717.78,575.27,506.08,533.43,572.77,590.67,608.89,686.31,799.28,842.62
871.92,758.87,605.37,523.82,528.25,555.13,571.66,599.41,687.34,803.3,852.76,823.82
680.24,556.27,493.1,513.88,564.9,592.97,618.47,696.01,799.7,843.09,811.34,731.59
501.6,456.48,486.18,547.13,596.93,634.41,713.8,808.85,843.39,809.17,722.45,657.31
541.07,540.96,586.62,620.93,627.61,691.44,782.88,828.7,806.82,725.37,669.97,561.58
589.23,620.63,649.08,647.61,688.59,767.12,807.84,791.76,717.12,665.46,566.1,434.86
476.53,561.07,596.86,668.04,787.66,846.4,820.28,724.31,648.95,539.44,410.53,271.89
531.23,574.81,644.65,764.31,845.03,831.26,739.78,661.49,549.37,420.68,269.71,205.97
585.0,645.83,755.2,826.74,825.11,741.91,669.49,560.54,437.01,287.3,213.19,216.06
745.43,816.16,862.5,837.73,728.16,644.55,539.78,433.77,302.73,236.23,237.49,285.62
847.14,885.77,863.62,750.06,644.33,526.28,412.91,288.41,226.33,228.75,288.17,418.83
876.88,857.28,743.98,637.92,526.49,417.57,293.97,235.08,238.13,297.02,421.87,564.44
726.03,661.93,586.12,503.33,434.37,329.92,269.22,253.4,291.0,404.72,542.75,698.35
769.13,644.96,525.17,425.36,307.28,244.7,244.97,301.68,437.1,585.97,724.0,789.44
861.46,658.21,505.7,340.81,216.41,192.86,262.1,443.41,632.74,786.53,840.32,780.83
625.98,483.66,325.38,210.36,194.35,266.01,454.39,640.38,788.6,836.27,774.23,653.83
523.09,351.5,231.45,210.63,263.18,442.64,626.84,779.43,832.65,772.33,657.82,614.57
419.8,272.24,233.63,268.99,433.57,611.86,766.35,830.46,782.69,673.71,628.12,555.73
108.07,133.51,211.69,412.43,635.12,809.83,865.39,796.49,660.56,601.87,530.05,426.2
165.14,231.83,426.29,641.62,805.36,854.63,786.55,655.82,602.69,533.79,431.21,444.92
205.46,407.18,626.48,795.11,856.59,795.85,668.74,615.27,542.82,436.38,442.54,531.86
330.64,583.51,779.09,863.47,811.36,686.35,623.93,539.76,418.69,417.21,516.94,660.08
630.65,806.53,874.33,808.39,676.52,612.0,535.4,422.31,430.11,533.55,670.11,749.68
751.03,840.49,790.53,671.3,620.75,549.68,432.41,431.39,525.49,655.79,737.51,780.24
753.53,736.47,637.36,605.69,559.8,454.45,449.69,530.11,645.91,723.46,764.89,809.03
821.52,685.34,622.98,553.39,438.52,431.83,523.76,652.29,745.86,795.93,828.07,903.01
624.99,584.65,529.36,426.87,440.86,542.71,668.9,754.82,795.19,821.8,894.49,893.23
530.56,498.51,414.43,442.02,551.79,680.3,758.73,789.88,806.3,876.03,880.12,768.61
503.47,415.73,438.36,545.35,678.71,760.04,794.0,811.77,882.55,886.83,771.46,656.3
343.99,390.87,506.89,652.8,765.58,816.6,838.36,897.98,890.74,770.32,644.78,508.14
423.48,529.68,672.08,779.68,814.54,827.59,882.12,876.33,759.87,638.42,510.66,329.26
613.0,725.3,815.91,831.77,818.98,859.83,852.1,748.33,641.43,519.9,342.8,221.07
724.23,816.72,838.1,825.93,862.03,849.61,740.15,630.95,509.35,330.87,218.28,170.23
824.48,840.5,823.56,853.5,846.56,740.95,631.61,513.7,339.46,228.63,176.07,205.9
756.51,770.28,818.01,825.71,749.98,655.24,537.02,355.85,232.98,174.47,196.02,315.99
674.89,755.29,777.16,717.89,662.43,565.25,389.1,255.35,182.96,198.24,305.31,446.32
740.74,770.6,719.09,668.62,569.89,391.33,254.75,179.29,192.23,295.96,441.72,571.98
870.16,778.06,704.6,585.16,376.97,227.2,158.26,186.04,306.65,459.95,589.95,719.37
930.56,791.89,620.51,371.64,198.89,128.6,178.43,336.42,521.93,665.69,764.34,724.99
771.8,606.48,361.6,195.08,128.74,178.57,343.54,527.03,667.36,760.72,719.69,598.15
503.48,300.23,165.06,126.03,195.79,368.55,543.06,665.57,740.16,688.99,576.29,529.73
275.54,144.88,100.27,167.84,365.01,554.26,684.2,756.01,703.35,591.96,530.66,469.33
127.1,92.2,171.64,375.25,561.4,687.81,752.44,698.52,583.65,519.58,466.34,441.91
112.53,183.38,381.29,563.06,684.46,747.22,696.59,586.09,525.37,473.63,446.49,489.65
176.44,373.89,553.18,674.65,745.12,700.39,595.67,536.89,484.78,456.11,490.28,554.83
362.59,549.92,680.76,758.66,706.47,596.43,533.53,479.93,448.37,479.22,551.71,644.88
558.63,685.52,760.11,706.34,593.52,529.32,479.01,447.23,479.11,550.92,644.55,691.5
732.82,789.94,725.78,601.78,523.25,465.71,433.52,470.99,551.19,648.03,697.22,704.6
776.36,721.66,611.62,541.66,473.27,432.51,459.21,535.66,628.42,676.81,698.2,763.42
722.03,607.92,529.86,457.53,428.76,463.01,546.44,639.85,689.54,712.65,767.55,860.06
756.24,618.05,502.99,437.16,440.76,512.4,616.78,690.58,740.53,807.7,889.91,905.79
503.7,433.85,402.23,434.87,530.88,645.69,711.1,744.32,790.95,862.76,883.14,766.85
526.11,457.52,462.05,536.2,630.62,687.95,728.96,787.84,874.93,903.15,783.5,628.89
393.48,425.49,520.81,633.11,699.74,742.93,794.42,870.17,885.84,759.53,613.25,467.55
458.8,545.88,658.24,722.26,743.79,782.33,850.06,866.04,742.43,599.03,468.06,338.24
630.25,711.3,755.6,756.49,771.63,827.38,842.64,730.57,601.81,478.47,351.4,235.22
676.35,734.04,746.23,766.55,833.08,851.84,734.55,600.77,473.41,342.39,229.77,164.52
757.38,756.36,763.56,819.84,844.0,731.63,604.14,482.73,358.75,249.36,174.33,233.15
711.65,732.71,794.2,823.2,733.08,618.37,501.06,376.16,261.72,184.09,230.61,355.83
816.62,846.13,854.13,746.4,607.39,479.19,359.56,259.64,196.57,248.57,372.73,531.14
759.04,804.61,727.54,612.5,496.19,378.89,268.78,190.86,227.1,341.17,511.74,626.49
816.59,733.83,618.31,500.32,375.74,261.78,186.39,224.98,341.39,513.53,628.96,741.29
750.07,622.2,488.28,354.91,254.1,192.52,245.95,379.05,559.42,676.64,761.63,804.9
647.62,498.4,346.93,238.02,180.61,237.29,389.27,573.77,696.02,781.26,809.85,694.54
450.74,318.03,224.21,180.34,245.64,401.45,581.51,694.1,770.46,792.91,683.5,609.22
327.38,229.56,181.03,242.05,398.7,579.57,693.46,770.46,795.39,688.03,611.43,517.87
183.98,153.04,227.78,395.37,586.74,704.78,778.35,797.06,681.62,601.36,510.37,502.48
122.0,208.02,383.03,580.39,709.53,788.38,806.45,688.78,603.92,509.88,498.95,523.64
195.08,374.39,574.16,707.52,788.94,808.29,693.88,607.72,510.73,497.92,520.28,574.87
368.25,571.92,709.88,793.91,811.56,695.17,606.99,509.4,496.06,516.03,574.41,648.62
752.17,821.61,862.53,843.2,670.91,556.86,468.38,480.13,529.3,600.16,677.11,746.54
716.86,797.79,807.31,660.35,572.77,496.22,500.7,532.87,585.15,652.14,725.31,771.71
811.49,817.95,669.17,578.94,495.37,495.21,525.25,578.66,647.76,724.08,773.15,765.38
797.67,658.51,578.66,503.03,501.29,527.15,575.36,637.96,708.9,755.16,757.85,785.32
693.16,594.05,495.92,477.8,515.63,573.53,648.36,726.56,782.05,789.48,797.85,758.41
503.63,442.78,455.78,519.26,589.99,668.46,735.99,775.01,764.42,765.0,736.63,676.34
457.46,460.86,511.33,573.6,662.45,737.54,783.74,776.47,780.96,754.71,683.6,560.07
623.09,613.03,635.7,690.25,715.97,738.54,738.04,764.72,764.75,706.07,584.95,467.43
598.3,629.8,696.92,730.57,746.03,739.72,756.53,751.16,687.95,564.24,460.29,324.93
618.71,691.03,727.83,744.64,741.3,758.58,750.39,684.45,559.09,455.3,321.79,227.75
704.68,737.31,755.41,747.93,758.43,744.52,673.49,548.67,448.06,314.94,229.07,217.95
769.73,772.92,752.59,752.89,737.58,667.51,548.58,456.1,330.76,247.5,229.04,307.35
684.66,699.55,725.94,731.67,680.87,569.54,470.26,332.89,233.7,207.24,290.07,448.82
833.17,803.92,764.94,677.77,545.09,439.9,318.3,242.22,241.57,336.6,478.8,567.58
771.44,745.64,670.05,547.47,446.33,325.77,247.96,241.94,331.42,467.79,560.52,654.83
696.23,638.46,530.36,442.04,330.64,257.08,251.27,333.83,461.87,550.95,646.09,727.0
626.55,521.77,434.41,325.45,258.36,259.31,347.11,485.31,575.7,669.35,737.44,767.15
502.11,418.06,305.11,239.79,255.72,349.85,501.72,589.87,681.19,745.09,764.43,657.01
522.71,369.28,277.64,272.59,334.74,472.79,567.47,671.4,752.26,778.84,672.65,635.51
263.0,209.85,229.56,314.09,486.91,598.75,699.33,764.59,774.04,658.75,618.45,610.28
227.18,239.56,317.93,486.35,595.6,695.76,764.15,776.66,664.23,626.27,614.97,613.28
218.2,303.93,477.3,591.04,698.12,769.48,783.16,669.58,628.3,614.65,610.68,608.8
234.15,435.7,568.95,694.73,780.2,798.88,683.83,632.22,605.45,593.24,593.69,622.69
350.48,522.75,683.03,795.75,818.15,699.31,632.86,587.41,557.19,548.49,599.72,696.78
376.71,588.38,726.66,775.54,712.78,675.35,634.05,584.09,552.8,593.48,676.3,717.08
474.24,656.7,732.65,696.77,690.54,662.67,610.15,559.01,578.64,652.09,693.67,780.28
631.2,714.64,678.85,675.02,662.99,618.32,570.32,583.56,652.97,694.31,774.92,772.19
776.04,714.85,692.5,665.93,609.1,555.3,573.62,648.47,699.92,784.96,781.56,739.68
