169.68,336.46,413.84,506.58,594.81,700.4,663.93,558.34,476.51,499.1,432.81,483.31
315.39,411.51,508.58,589.23,690.45,654.46,551.26,471.82,491.47,425.71,470.74,492.63
328.84,456.11,566.5,683.13,658.59,558.57,477.94,490.57,428.65,457.22,474.36,528.9
461.62,575.88,686.69,654.46,549.23,467.73,482.82,419.62,449.32,472.02,527.73,510.05
562.21,675.15,649.11,550.09,471.83,486.34,424.9,449.81,474.55,522.06,508.27,556.11
723.45,681.42,563.39,475.29,480.26,416.51,441.8,468.6,511.86,515.21,567.3,530.44
773.55,606.14,489.95,496.81,431.11,456.31,482.66,524.7,518.19,582.63,556.04,526.1
451.24,390.47,457.7,423.92,469.13,494.71,530.28,509.91,599.43,534.62,500.44,544.38
486.79,513.36,446.26,481.08,497.43,529.81,509.86,601.89,530.94,514.74,567.5,441.75
639.82,528.53,509.77,495.58,510.14,492.98,596.88,536.42,496.48,582.44,458.44,361.39
517.26,496.19,491.94,518.32,506.48,607.8,540.56,493.16,585.42,459.56,364.97,287.12
515.44,507.43,523.05,502.41,598.32,532.23,487.44,581.73,447.17,366.2,287.45,184.36
612.42,582.8,523.56,605.53,532.54,487.41,584.55,455.7,361.46,303.79,208.2,178.49
587.55,529.74,607.6,529.46,482.07,580.04,454.11,362.78,299.22,206.93,174.87,189.21
461.65,568.24,514.1,472.86,576.53,448.37,355.84,289.29,209.1,168.88,176.32,204.42
640.72,556.32,490.33,582.22,446.24,349.23,287.28,215.74,175.28,189.43,227.32,364.7
496.2,449.62,564.5,444.05,358.74,301.28,226.66,181.71,194.13,217.0,348.12,422.24
445.24,563.36,442.1,355.92,303.1,229.56,183.8,190.36,213.87,343.38,422.21,628.35
451.35,390.63,340.07,280.19,212.4,175.39,196.45,253.7,377.29,408.51,586.01,699.09
343.82,304.8,263.84,208.73,181.52,198.27,275.03,390.59,438.24,566.91,696.93,586.11
241.83,224.05,192.15,178.95,205.75,283.98,397.52,429.39,565.15,683.96,574.48,639.23
251.12,197.25,178.85,217.02,297.81,410.46,443.12,573.29,692.04,577.71,651.93,690.2
209.16,185.58,217.44,298.22,409.65,443.55,576.8,697.88,576.54,651.59,690.33,624.46
127.68,194.22,289.28,395.4,427.27,563.74,685.32,559.99,639.88,677.62,602.91,582.77
146.92,262.82,385.76,422.29,560.94,681.81,559.79,634.95,679.63,591.63,572.84,632.41
231.14,369.56,418.79,561.15,683.04,559.23,634.16,675.81,591.72,565.81,625.09,588.26
242.6,347.41,531.98,667.69,554.05,633.17,671.73,576.07,558.63,602.75,554.8,497.57
288.93,497.79,655.05,550.98,633.24,668.3,571.38,544.85,604.58,543.55,491.18,475.73
386.6,590.08,525.45,622.94,667.84,572.61,543.79,593.86,541.98,471.0,450.59,493.66
565.99,511.01,618.92,669.46,574.32,541.68,589.94,532.46,470.3,445.88,494.75,409.45
559.97,624.76,672.06,600.86,578.16,620.96,557.62,484.87,470.42,505.66,438.98,312.36
811.77,780.88,638.73,591.27,614.43,549.65,485.94,477.19,487.23,463.84,349.98,337.47
747.6,622.48,583.85,607.35,542.53,480.36,469.71,477.91,453.09,344.39,325.67,274.44
639.6,588.68,608.52,547.76,486.24,473.11,480.75,450.75,346.73,328.43,283.89,253.09
634.9,635.22,559.26,492.23,475.24,481.08,452.65,346.86,325.96,289.2,263.55,255.58
662.07,578.81,498.66,473.17,474.03,446.81,343.95,321.8,278.39,264.24,257.41,193.62
556.15,478.93,463.56,473.74,453.98,350.8,326.64,276.96,269.45,255.72,195.67,132.35
391.82,408.53,453.17,451.03,358.8,332.4,280.06,263.38,264.74,182.11,119.31,104.18
455.76,480.91,460.74,359.81,326.43,270.12,258.38,264.95,177.31,129.22,115.68,71.81
556.39,505.3,375.9,328.54,263.17,248.32,259.2,178.64,126.69,128.94,93.63,167.71
452.89,338.94,313.6,264.49,260.06,272.49,187.9,129.26,135.75,85.42,156.81,235.72
353.9,315.82,262.75,263.53,284.37,199.91,141.77,143.72,93.0,156.56,245.1,409.56
256.42,242.07,258.42,265.06,181.71,133.05,150.81,137.69,186.45,239.64,376.16,554.72
185.27,199.86,264.27,246.91,213.53,236.06,84.04,138.94,198.3,460.19,569.1,712.89
288.82,336.97,271.24,182.91,163.89,6.21,87.61,199.03,469.57,588.17,728.79,743.53
327.97,281.76,198.16,161.07,1.09,72.61,181.69,459.38,587.62,727.83,742.05,783.7
182.24,129.0,140.34,-2.58,81.16,190.34,461.06,583.85,734.68,735.29,768.71,670.13
89.81,113.82,-11.12,87.96,204.75,471.66,586.96,727.24,729.07,761.23,668.05,644.37
133.7,13.19,96.59,200.42,461.06,580.49,725.16,728.42,750.25,663.91,638.32,576.31
-71.24,34.4,159.89,437.23,577.29,738.35,743.14,755.12,662.65,626.4,553.76,464.3
143.0,249.03,488.14,589.01,714.34,702.49,721.72,645.95,621.6,564.55,491.02,518.27
205.5,449.69,572.94,720.56,727.93,756.73,676.92,638.46,565.2,478.33,499.74,638.98
514.04,623.72,751.55,741.82,748.31,657.47,617.42,559.61,481.61,518.96,658.33,436.78
587.85,715.72,712.39,732.77,661.05,638.45,585.62,487.27,504.84,645.25,413.0,481.82
896.85,830.04,779.55,667.79,615.25,548.71,461.25,502.43,633.07,441.31,520.21,414.32
752.99,734.19,655.85,614.23,557.7,471.23,501.28,625.37,440.6,507.17,404.03,375.28
652.36,598.81,595.55,564.94,492.73,523.64,637.99,437.62,515.14,393.97,362.52,337.66
560.1,564.0,553.75,500.58,541.94,651.78,444.24,512.49,398.37,353.92,339.93,253.84
560.67,557.57,497.43,532.0,638.86,432.97,502.39,396.25,356.28,339.92,251.8,159.76
575.35,499.92,531.97,644.73,437.93,503.55,394.35,357.2,339.86,261.75,169.52,162.89
432.43,492.14,637.69,447.23,511.52,392.91,350.53,332.46,269.53,162.25,149.79,162.44
561.75,673.86,462.85,521.77,395.59,350.54,324.49,270.07,159.81,169.36,184.13,223.86
632.31,447.73,514.94,389.67,351.53,342.75,283.7,160.59,159.88,155.79,206.57,421.47
408.81,469.3,371.41,380.58,401.86,350.78,222.45,191.58,176.35,188.6,397.62,365.72
571.31,451.4,412.68,382.66,301.05,160.3,153.91,164.31,187.11,420.44,401.0,405.29
528.17,452.45,406.5,322.75,149.47,132.41,153.82,195.56,439.41,427.44,422.93,431.0
343.01,305.48,263.87,176.77,173.4,160.67,130.58,139.16,231.36,358.73,479.96,667.88
353.51,304.04,189.03,159.83,137.82,109.63,145.36,242.14,359.35,469.55,665.59,663.35
231.73,148.03,144.9,132.21,113.39,152.36,247.78,359.26,471.92,653.62,643.74,602.41
148.72,141.12,128.49,115.01,155.14,251.86,361.63,471.59,653.77,645.63,604.82,551.42
189.6,158.76,125.46,157.64,247.93,358.16,470.84,661.77,642.74,612.89,559.38,539.11
164.85,131.27,159.35,244.63,353.23,468.47,658.25,644.41,609.48,562.29,536.59,494.29
135.39,161.57,247.44,355.03,469.64,659.25,643.57,615.07,567.17,540.53,494.57,440.28
146.92,245.06,356.56,465.78,653.86,637.9,610.62,565.7,539.74,490.83,433.84,484.31
271.27,371.08,470.62,655.96,640.71,616.55,571.66,549.98,490.4,438.72,484.63,475.21
408.63,503.09,667.41,632.89,597.96,555.04,538.54,486.74,423.19,487.41,474.26,460.52
554.71,701.43,645.59,599.25,550.3,536.03,484.1,424.02,476.19,480.31,464.76,515.63
832.08,729.89,632.17,555.94,522.77,470.31,416.63,482.8,465.07,482.79,538.64,552.52
734.72,623.74,552.98,533.45,489.48,436.74,495.17,475.88,495.1,545.72,559.62,439.72
552.07,506.25,515.48,486.66,442.71,499.16,475.64,489.38,555.94,552.25,429.95,388.0
579.08,556.0,502.7,451.16,502.19,475.97,488.19,560.75,553.0,445.14,407.48,277.5
547.56,497.89,449.32,499.35,473.06,486.1,557.63,555.71,445.86,410.41,274.59,241.05
444.21,415.43,487.99,471.94,492.6,563.82,553.26,439.15,411.57,271.37,232.98,206.38
486.5,522.54,486.88,506.43,577.04,563.74,449.33,428.64,284.96,247.05,228.52,200.15
465.04,456.54,493.7,564.72,557.84,447.19,424.97,284.39,247.67,222.43,184.68,166.37
450.42,485.85,563.07,562.6,456.5,431.77,289.36,252.72,233.6,186.34,170.41,184.69
618.69,638.61,590.18,465.21,429.06,283.26,253.72,248.5,185.12,195.48,213.82,227.84
606.88,573.16,460.32,424.16,279.2,248.1,239.44,184.24,201.43,215.56,224.95,376.43
506.14,422.0,408.37,271.96,248.64,245.13,184.63,199.08,212.52,214.87,355.99,480.12
589.67,496.11,304.12,269.89,264.52,202.61,220.46,241.87,228.77,381.54,524.48,684.49
525.21,330.57,282.76,256.12,191.07,218.89,255.43,288.71,414.48,536.32,670.69,700.1
325.85,283.92,252.89,179.1,206.42,242.82,297.92,421.15,545.6,655.59,694.85,632.03
312.09,272.22,187.06,209.09,244.45,301.55,425.74,547.49,647.81,696.31,633.16,623.41
240.63,169.23,200.44,238.85,296.65,424.61,546.1,649.38,692.81,629.69,612.05,530.75
122.33,177.08,228.82,288.87,418.9,541.92,642.31,685.31,625.76,605.88,518.47,465.07
181.04,231.7,291.49,419.63,542.35,642.14,685.51,629.31,612.76,520.26,466.78,474.22
179.88,258.37,408.2,540.19,646.69,690.5,631.65,618.34,529.36,462.34,463.97,412.88
179.3,369.39,528.59,637.85,684.21,625.0,608.1,518.06,459.79,452.17,392.63,427.03
407.74,548.88,643.94,687.2,628.18,612.91,525.7,467.76,451.89,396.16,433.53,552.78
534.13,637.79,686.06,626.33,610.26,522.71,464.52,454.37,398.7,432.88,547.92,499.72
707.23,730.23,640.37,609.15,513.18,458.01,450.3,396.51,415.85,555.6,508.24,549.28
724.21,634.03,609.41,519.3,465.74,454.31,398.11,418.23,566.37,509.39,554.89,609.12
665.07,612.91,520.59,482.02,477.74,420.55,435.3,580.79,523.56,564.16,625.8,560.93
600.45,517.25,479.68,471.2,411.95,428.28,573.27,517.11,557.36,625.31,553.24,454.87
419.9,419.91,449.83,407.77,434.51,576.87,513.45,546.36,635.37,541.62,440.84,359.1
464.31,469.88,415.75,442.82,583.93,518.29,550.56,644.12,548.63,452.55,375.16,286.21
493.74,428.51,448.16,586.49,519.88,552.83,643.28,550.55,446.95,382.07,290.16,183.35
440.76,449.34,587.98,527.28,563.77,651.78,555.64,452.2,391.13,294.78,192.67,139.01
447.92,586.59,526.47,561.96,652.86,557.46,452.43,394.36,297.46,195.01,140.14,127.39
606.31,545.92,569.39,646.53,545.03,441.56,387.77,298.56,186.39,142.46,124.22,136.15
495.15,530.02,631.64,546.49,454.11,395.89,303.69,190.33,161.04,123.87,134.57,212.41
524.66,628.33,547.0,453.95,395.45,299.86,184.17,159.99,131.76,138.96,218.8,375.86
715.6,599.1,472.09,400.68,298.62,187.21,167.16,145.28,131.04,228.39,386.28,563.85
410.42,356.61,356.4,286.01,202.22,185.42,152.58,127.01,247.52,359.95,527.49,592.49
450.42,412.42,310.22,207.8,184.89,155.08,145.33,305.49,399.16,549.09,607.66,668.22
503.1,364.66,224.48,182.28,145.15,134.9,323.24,422.75,560.6,605.93,682.44,625.53
297.55,181.28,165.74,145.51,145.9,336.08,427.94,554.94,603.02,673.42,611.14,497.67
168.52,157.35,140.04,142.78,332.9,426.5,553.04,598.31,670.25,609.69,495.54,479.78
126.39,124.27,136.92,330.17,425.97,553.17,598.42,673.04,613.43,490.39,470.94,467.53
125.13,139.69,330.6,421.72,547.55,594.87,671.56,616.22,489.56,471.11,464.57,445.35
80.45,298.63,411.3,541.78,593.85,671.24,612.81,482.8,472.87,455.35,430.16,426.27
282.27,410.06,544.91,590.69,663.2,602.73,476.11,469.04,452.15,424.32,419.1,468.55
364.52,515.13,576.7,658.41,606.14,483.58,474.11,454.09,423.32,412.77,455.87,449.71
493.05,570.96,656.34,598.42,471.09,461.01,441.95,412.16,404.08,451.49,442.08,436.4
573.94,648.47,594.15,477.94,475.02,454.35,423.68,408.47,461.1,440.79,444.68,565.93
751.14,654.26,503.59,489.11,456.84,422.93,407.12,469.92,438.97,463.62,589.62,438.44
618.73,476.22,476.03,455.16,428.95,415.47,476.0,437.53,466.44,584.87,434.72,469.51
432.78,439.29,442.4,438.54,436.7,493.42,447.33,467.49,603.08,432.26,470.54,468.32
523.6,496.47,457.93,437.17,481.81,436.03,462.59,607.74,420.8,481.65,481.57,364.17
514.9,472.75,443.07,479.64,429.92,457.53,601.42,415.57,474.89,485.73,364.5,275.16
493.21,450.8,483.52,436.51,463.63,605.5,417.78,475.98,485.38,369.45,283.32,192.94
432.89,469.37,430.64,463.34,610.4,422.18,478.49,487.37,374.36,283.15,193.57,153.38
433.65,410.11,456.08,606.87,423.16,480.04,485.07,372.25,284.47,190.44,146.04,93.91
389.73,443.22,601.0,419.78,480.01,484.23,373.27,284.59,194.22,142.65,91.79,95.9
508.08,635.09,434.22,489.45,489.73,373.55,286.18,201.9,149.77,107.15,114.64,223.31
733.64,497.76,511.75,487.12,356.68,270.45,193.83,156.89,95.47,130.51,241.1,330.99
403.42,441.67,460.37,362.98,298.53,222.66,175.27,103.4,154.24,230.12,318.06,441.61
515.48,512.65,381.35,295.41,212.1,167.42,101.63,155.2,215.81,321.67,450.38,642.78
557.09,416.74,311.31,204.6,154.25,97.02,168.47,274.52,353.28,463.29,633.97,621.59
349.87,272.57,186.09,140.04,89.36,159.42,284.95,355.02,478.89,610.04,607.38,575.07
304.93,200.49,145.26,98.77,171.45,297.15,365.64,480.36,606.95,610.13,584.41,588.3
160.0,116.04,85.55,170.34,301.81,372.75,487.08,613.16,616.5,579.63,580.2,531.59
107.2,87.3,169.44,294.95,362.6,478.94,606.24,609.7,569.43,576.01,524.31,503.63
88.52,172.24,296.76,361.17,476.33,604.09,609.74,570.82,579.12,523.16,501.65,442.03
137.6,278.66,354.79,470.87,599.57,605.18,567.81,576.6,522.8,495.74,432.98,420.04
217.37,327.59,463.55,591.88,596.77,559.15,566.21,511.11,488.15,421.84,401.54,413.76
268.18,426.02,574.85,590.52,561.4,571.26,515.19,485.94,421.51,391.11,399.64,451.48
492.91,615.28,606.75,568.07,569.96,511.03,485.43,424.79,390.47,407.81,467.91,553.73
630.92,620.02,570.74,564.55,502.44,481.64,423.45,389.5,393.94,465.96,547.2,526.0
587.2,548.08,557.88,505.99,488.77,425.9,389.35,388.91,476.11,543.48,528.48,527.91
833.93,711.83,563.07,525.06,444.44,405.35,410.96,505.42,541.21,570.96,595.93,545.62
597.58,502.28,499.5,425.26,391.41,401.75,495.14,529.67,561.55,579.05,510.26,402.35
563.98,536.62,439.57,397.46,400.05,489.65,521.69,549.31,568.69,519.16,420.37,381.67
490.21,414.39,388.71,393.53,485.72,519.09,547.58,570.96,524.31,415.47,368.61,237.01
539.88,454.02,417.53,502.18,528.74,554.23,577.68,532.28,411.25,389.97,271.27,207.51
402.05,388.29,492.01,523.9,555.11,580.02,531.69,409.13,392.45,263.97,194.22,143.53
333.49,458.25,510.28,549.79,582.47,533.71,408.69,387.4,267.26,186.75,136.03,91.14
584.89,589.31,580.14,588.79,525.54,399.65,386.99,279.04,179.18,153.36,113.92,136.61
524.84,545.72,573.92,512.18,389.52,377.49,270.12,171.23,147.94,107.24,117.7,142.79
637.2,619.34,530.34,403.34,386.33,271.62,174.51,156.94,120.95,136.55,178.87,397.55
577.41,504.2,392.61,384.27,277.99,186.21,166.28,128.84,139.29,170.4,380.71,498.65
526.43,406.89,387.25,275.55,185.51,167.94,131.95,142.94,167.48,381.63,502.23,604.74
421.23,399.93,282.54,180.11,164.0,134.59,161.74,220.83,421.46,508.09,597.26,829.0
514.55,354.87,204.28,162.88,120.37,147.2,235.13,442.39,511.12,597.69,844.46,726.7
290.41,165.31,146.24,114.81,151.06,242.27,448.44,504.98,593.61,831.14,710.83,681.24
121.02,121.36,104.56,147.93,240.46,448.5,501.0,582.99,826.01,704.33,669.79,558.95
146.37,121.18,151.02,237.02,440.22,493.17,584.34,831.41,700.8,668.92,563.11,608.62
93.55,136.69,232.86,438.39,493.95,586.77,828.93,697.51,668.45,560.8,599.11,462.37
89.35,210.64,430.25,484.25,575.43,817.95,689.4,659.98,555.19,588.98,447.98,401.05
193.0,424.54,484.98,574.94,816.91,686.11,656.34,548.67,587.94,442.91,397.59,495.61
479.98,519.05,585.53,817.7,681.21,655.92,553.6,599.04,431.42,402.72,497.53,512.01
467.78,560.34,806.11,669.44,645.83,544.56,591.28,419.06,396.06,486.75,498.71,504.78
605.85,829.71,680.15,657.03,553.76,597.86,424.86,397.07,488.82,502.0,516.54,601.48
878.39,722.95,671.86,542.96,570.59,399.95,381.97,482.68,477.56,518.69,601.06,562.46
731.97,655.3,537.1,593.06,436.17,414.66,504.62,487.84,541.62,608.77,581.87,534.31
582.81,494.11,574.47,427.55,411.32,501.45,484.85,530.53,606.99,569.15,518.82,500.73
581.12,617.86,445.19,427.96,514.38,492.67,536.14,613.41,575.62,534.77,528.69,408.88
637.0,466.31,434.39,503.58,471.91,519.21,601.81,570.47,516.67,529.97,401.89,278.74
520.47,453.12,510.63,487.86,538.7,617.13,581.22,521.07,536.99,413.72,302.52,218.04
552.45,566.08,509.5,550.18,621.47,583.74,527.04,549.52,413.87,317.27,240.56,187.68
507.75,485.71,539.01,602.66,565.45,513.8,536.67,401.93,300.97,230.34,165.28,108.18
563.87,584.43,620.3,573.18,514.83,535.14,404.32,306.64,229.8,175.91,126.59,164.73
571.86,615.11,569.95,507.17,527.17,395.44,302.76,230.04,175.16,126.58,159.3,272.33
590.58,554.65,502.81,525.85,395.97,300.17,225.47,173.13,134.89,159.78,274.73,415.47
473.39,453.5,505.54,389.34,304.62,234.06,179.6,134.32,163.33,259.55,393.93,504.11
456.54,502.72,387.33,308.38,246.0,190.86,145.25,168.97,269.26,391.58,510.94,690.16
447.79,365.41,302.29,229.51,176.47,139.62,178.63,315.54,423.49,507.3,661.55,737.81
313.8,268.8,213.14,167.47,138.27,174.5,331.53,429.46,528.04,639.59,730.36,671.04
255.04,198.45,161.93,145.95,189.84,346.18,442.67,529.02,643.89,725.36,672.73,699.46
175.61,145.92,136.82,187.5,345.63,445.24,532.44,643.7,722.64,667.99,692.91,657.73
142.85,137.9,186.04,342.66,440.5,528.63,642.95,720.22,663.47,688.52,654.5,669.78
118.04,176.96,339.55,437.23,525.77,641.17,720.14,660.78,688.98,648.25,662.32,623.29
111.68,306.08,425.23,516.79,633.52,713.28,654.76,679.92,644.09,649.7,604.96,550.28
280.82,421.87,517.44,625.38,698.78,639.93,667.89,628.78,634.41,595.11,538.22,573.02
298.6,439.6,594.26,692.17,649.24,679.25,635.41,628.98,601.47,518.67,547.59,513.05
346.71,541.26,672.41,641.52,676.84,630.34,621.36,585.01,519.49,532.24,497.78,446.43
469.75,629.96,624.7,671.13,631.5,623.04,584.19,507.62,529.71,483.19,431.32,445.34
662.23,637.85,677.42,642.46,631.84,587.33,510.98,530.93,488.73,436.16,462.61,409.73
737.77,718.51,656.95,655.8,613.21,534.28,551.24,503.41,445.75,479.81,443.18,374.18
657.02,621.57,640.76,606.17,530.67,547.86,498.7,433.59,474.56,432.56,358.82,311.15
711.15,689.43,623.95,541.51,551.35,498.16,434.8,475.05,429.15,371.45,336.34,290.29
743.04,656.76,552.94,552.61,492.66,430.09,474.23,431.64,364.62,343.65,298.15,245.79
636.91,537.76,546.78,494.09,435.12,477.8,432.08,356.28,340.64,295.17,245.26,209.54
589.65,571.01,503.71,446.02,488.26,439.6,363.92,345.69,300.81,252.87,227.28,167.64
567.53,504.47,443.93,480.9,431.67,358.33,342.31,297.94,244.83,225.83,163.95,101.0
705.73,558.35,522.34,449.59,359.74,341.21,305.71,259.97,216.76,191.72,145.92,146.36
596.32,543.89,456.43,359.43,337.04,299.91,258.18,220.98,188.91,154.95,151.93,111.05
556.33,468.6,364.18,331.39,287.76,243.15,208.29,180.74,150.36,155.6,117.56,219.11
398.9,324.41,315.2,280.27,243.76,213.2,184.14,149.72,155.65,104.53,197.47,294.86
323.58,313.51,277.04,241.09,216.96,189.13,157.02,159.24,106.91,193.23,296.73,501.21
334.64,298.38,252.07,209.44,179.1,154.55,174.19,160.58,226.76,303.24,489.88,684.87
222.01,183.25,205.17,242.06,233.58,259.63,104.15,179.98,260.71,574.42,691.49,629.31
233.32,253.06,255.66,198.56,186.86,24.64,127.32,257.04,586.78,704.95,641.89,754.64
340.56,319.8,234.67,196.24,25.67,117.66,245.83,588.81,703.82,656.47,774.08,809.63
259.34,193.78,185.56,18.24,114.97,244.7,586.44,703.95,655.72,771.59,796.28,696.38
153.5,162.53,12.29,120.47,256.62,595.1,702.07,641.36,761.77,788.69,691.54,697.95
107.42,-4.79,113.19,242.84,579.77,693.11,637.12,759.93,780.38,676.34,672.58,653.98
-21.29,87.9,214.59,561.52,692.82,653.33,781.66,793.39,674.94,669.0,648.61,759.33
195.2,305.24,615.49,707.05,631.75,744.77,762.38,663.36,666.05,658.22,779.69,724.14
253.81,579.09,690.45,628.91,756.4,784.4,684.73,672.32,648.64,763.38,700.42,734.93
515.83,667.94,634.55,761.85,777.71,666.03,645.14,629.6,774.46,703.27,729.78,507.7
491.55,510.16,696.86,752.15,674.84,671.63,656.2,773.45,697.14,698.92,460.22,446.87
662.01,778.52,787.36,698.85,681.46,645.38,763.63,702.18,717.06,490.89,499.67,440.63
819.79,822.01,718.14,683.39,639.09,760.26,693.62,712.09,470.18,499.88,444.01,399.43
763.91,673.79,668.15,646.4,780.76,716.69,727.52,474.74,508.82,438.76,390.88,348.95
628.81,629.63,632.83,791.83,742.24,748.37,485.97,507.18,447.76,381.64,352.24,336.84
720.76,692.11,809.05,739.23,733.66,472.65,501.57,456.68,379.87,363.85,352.15,229.44
664.72,790.33,732.19,732.84,471.9,497.46,447.58,371.09,359.32,354.08,225.43,232.36
712.62,703.5,730.22,466.15,478.19,422.23,342.52,332.41,334.74,213.39,203.67,180.0
658.2,683.12,449.61,490.71,448.22,363.07,337.55,338.42,238.67,211.78,193.36,247.49
608.68,401.95,472.92,453.86,387.71,375.8,363.43,244.84,222.03,165.93,236.49,429.34
346.61,417.56,431.63,414.34,434.41,430.29,307.46,253.69,188.03,214.9,402.07,333.72
641.97,580.97,473.74,429.61,385.29,247.28,219.86,185.59,212.56,444.42,397.6,298.6
492.2,424.48,419.52,384.29,223.08,188.16,162.44,204.47,459.92,399.11,274.47,271.12
460.29,396.03,354.0,268.99,238.76,175.19,146.08,169.55,201.12,234.55,359.06,536.04
408.3,371.21,272.84,222.98,155.32,128.72,180.07,219.75,244.57,344.07,525.4,641.17
306.52,241.42,211.74,147.11,126.89,182.89,219.45,236.95,336.23,513.12,619.27,656.0
194.12,182.39,134.77,122.53,183.18,222.2,239.84,337.82,521.14,613.41,645.88,641.3
169.48,125.89,117.53,182.4,224.09,242.01,341.21,525.81,619.07,644.22,640.4,680.95
56.69,74.95,167.23,220.58,246.05,346.39,526.27,620.27,653.59,633.88,666.91,608.95
70.65,167.7,221.22,242.43,340.26,520.64,613.95,650.25,629.42,667.37,605.81,522.41
146.63,211.52,243.24,342.42,522.62,613.02,647.75,630.83,675.05,604.08,519.38,533.46
219.42,244.19,339.7,521.96,615.96,655.2,636.95,683.27,601.07,522.46,531.5,460.45
411.58,438.82,559.4,628.69,651.21,631.13,683.44,614.8,516.27,557.27,495.36,470.86
472.04,584.73,637.24,647.51,622.99,679.86,613.13,518.04,543.62,495.56,466.29,556.48
645.52,688.33,669.75,619.32,658.97,593.09,500.5,538.94,475.26,474.45,558.46,493.86
747.89,704.2,631.43,662.5,592.87,503.17,543.05,481.04,469.54,566.6,504.2,521.7
683.12,612.11,655.67,598.36,514.93,553.11,486.08,473.36,577.71,505.93,521.52,419.82
501.55,588.84,573.21,506.45,555.5,487.03,467.03,565.68,512.32,509.08,401.9,311.02
579.42,568.48,506.58,555.93,487.21,465.65,559.83,507.99,510.47,405.45,311.42,215.51
513.87,462.78,540.38,492.51,483.12,574.47,516.04,516.19,421.79,309.81,214.94,138.46
435.92,515.75,484.49,489.94,591.1,529.96,521.02,423.53,323.67,217.8,143.54,85.01
618.63,540.32,510.58,600.89,534.92,525.09,430.17,339.28,221.82,161.69,110.92,104.42
464.69,460.7,582.25,532.4,535.67,440.6,345.28,227.84,177.62,104.3,92.19,80.11
507.37,610.16,543.66,537.97,437.24,338.34,222.43,179.48,103.64,104.38,91.16,204.19
655.6,576.31,550.19,431.65,324.86,209.0,171.28,107.78,102.08,99.8,213.03,391.89
533.28,514.17,419.06,333.83,231.77,194.96,123.26,114.61,118.3,210.01,386.2,487.89
610.37,480.8,354.08,230.21,186.67,119.23,114.88,124.31,196.64,397.2,502.68,598.29
502.22,366.92,238.71,187.06,122.39,123.74,145.29,259.31,444.57,516.12,594.15,658.91
410.19,265.36,192.8,115.49,113.16,134.16,273.02,460.5,525.67,586.22,665.06,633.36
216.17,165.33,106.09,111.19,139.63,281.35,463.02,520.97,582.41,657.99,618.59,502.64
166.1,106.55,109.6,137.32,276.82,459.8,519.95,582.41,656.68,618.68,502.38,476.85
54.01,79.25,125.18,272.46,461.33,522.95,582.49,658.13,623.59,496.52,465.03,440.63
87.96,134.6,275.98,456.98,515.05,576.71,653.8,624.96,492.47,466.77,437.54,422.83
134.84,275.99,458.3,515.58,578.36,655.28,627.13,497.48,471.93,437.31,422.46,485.29
207.41,428.62,508.78,570.36,646.86,618.86,487.19,464.28,433.72,411.04,463.12,455.76
401.89,497.42,562.75,635.2,608.34,481.36,461.72,430.28,401.46,456.67,443.18,513.86
479.0,546.5,630.73,614.56,492.5,469.31,434.51,404.71,470.7,443.17,517.26,514.74
586.33,651.27,619.81,494.64,469.42,436.11,407.82,474.64,437.15,521.77,521.92,555.66
567.77,575.63,481.16,463.48,434.07,404.13,464.88,424.34,524.02,510.92,539.53,587.85
695.56,539.25,485.23,455.65,422.26,481.81,440.87,542.59,517.91,559.92,621.34,531.94
451.52,425.65,431.62,418.92,492.2,451.18,548.29,518.37,575.34,612.62,518.56,454.58
431.08,436.47,422.25,494.41,451.0,545.69,511.09,565.43,607.82,520.68,457.76,347.73
485.17,449.18,503.99,453.56,543.78,508.84,566.89,616.5,521.83,467.29,358.72,226.36
448.19,500.15,453.88,548.94,516.18,572.77,614.92,518.77,465.44,363.35,229.04,136.0
465.49,438.09,543.07,508.39,565.21,608.54,511.73,459.37,357.68,223.69,126.07,104.28
545.49,593.54,526.95,583.09,627.55,527.93,474.07,376.68,236.95,147.17,138.5,99.47
515.13,486.8,568.77,615.76,520.74,468.79,371.47,234.82,148.42,127.17,76.64,101.09
469.62,555.76,610.32,519.21,470.71,369.99,231.86,143.78,130.77,78.83,102.23,159.15
595.17,631.81,529.33,474.97,370.46,228.13,142.18,139.77,90.84,113.13,175.47,321.55
672.6,551.2,480.99,373.87,231.53,149.86,147.25,99.29,106.81,179.42,324.42,450.8
575.94,490.44,376.53,237.01,161.8,160.25,108.46,116.29,186.53,329.67,459.41,494.19
514.14,396.25,246.31,154.56,151.27,105.97,129.93,239.4,364.93,469.16,487.96,612.91
481.38,294.78,170.26,153.26,102.57,124.57,258.06,388.76,484.7,488.2,629.42,552.45
309.44,178.8,154.4,102.35,126.02,263.15,394.2,485.02,477.61,629.1,550.66,489.67
184.01,156.66,102.59,127.43,263.72,395.72,485.64,476.81,629.55,552.1,490.73,508.11
97.62,75.77,115.97,251.37,384.24,477.67,471.01,626.88,546.56,479.4,487.44,462.01
52.36,106.52,247.73,377.02,470.37,465.72,621.68,544.27,478.37,485.19,453.52,415.06
141.23,268.36,385.85,473.57,465.65,620.85,546.71,483.24,486.43,456.31,421.73,504.43
243.29,379.37,474.2,461.13,613.28,539.15,476.12,483.82,451.36,417.13,492.62,443.62
362.05,464.62,454.98,607.56,535.77,476.06,484.6,450.37,411.59,488.73,435.79,491.74
426.46,437.84,601.22,528.37,467.96,476.57,442.54,404.94,486.12,429.8,481.15,466.05
525.53,642.79,542.12,481.25,488.57,453.15,418.31,499.65,434.49,492.67,490.49,624.29
699.97,587.62,500.56,486.63,437.6,403.85,487.44,430.81,476.44,497.41,627.29,608.63
582.06,485.91,480.81,447.53,421.88,505.39,444.55,484.1,510.15,628.45,614.96,561.34
525.91,502.05,453.96,425.17,506.03,444.89,485.84,512.22,627.63,621.89,570.66,545.05
518.14,467.2,430.24,504.13,438.34,479.64,506.73,625.25,614.33,572.37,544.64,463.45
450.63,420.72,500.28,435.42,477.47,504.56,621.65,610.28,571.09,544.33,460.3,312.05
485.88,534.87,450.71,489.1,511.63,625.58,611.24,573.25,542.89,473.15,330.08,204.27
443.14,402.51,470.21,496.69,615.59,603.88,564.18,533.21,467.8,316.86,180.65,124.29
575.53,557.11,528.52,640.76,624.27,580.77,549.59,490.18,325.46,211.34,174.14,153.84
480.78,489.83,626.18,611.11,572.84,544.7,486.18,324.29,211.09,161.95,129.38,133.81
502.54,633.13,614.9,574.66,545.05,481.75,319.63,207.28,164.11,135.14,140.42,221.09
734.56,681.23,599.73,543.78,465.54,303.2,198.89,172.49,128.63,157.35,240.27,333.81
614.47,553.43,524.56,465.05,316.27,214.94,183.27,132.42,165.38,230.22,319.55,488.09
555.5,521.68,463.45,320.1,226.88,195.4,141.16,169.96,236.9,318.79,493.16,616.51
584.79,509.0,339.69,221.6,182.68,135.88,182.14,293.9,349.11,509.11,613.91,612.01
494.73,333.37,215.51,171.23,125.31,170.48,305.54,358.23,523.03,597.14,607.21,641.18
307.91,192.68,162.02,132.08,188.13,324.33,371.49,524.22,599.9,603.31,639.29,570.47
180.82,149.78,125.79,189.5,328.54,376.06,529.72,604.63,610.82,639.01,571.14,523.6
107.48,107.26,181.75,320.73,368.91,524.4,599.27,604.29,633.71,561.93,509.49,514.73
89.59,177.26,318.76,360.97,513.53,590.93,597.85,631.59,556.77,506.75,504.68,428.46
159.83,309.06,357.51,510.42,589.4,595.85,631.9,555.29,508.67,499.72,425.58,568.67
291.08,352.91,513.2,590.66,594.85,629.96,551.61,508.25,498.41,422.14,559.62,480.97
286.88,473.26,571.38,583.71,626.68,552.13,510.13,494.5,419.85,547.64,464.45,505.38
494.04,589.78,592.41,626.87,545.67,501.72,487.15,412.87,542.3,465.48,508.56,588.53
561.06,571.97,616.31,542.04,503.02,491.1,418.98,546.25,464.55,501.14,580.04,577.98
635.73,652.51,558.04,514.07,495.73,418.94,543.58,462.28,501.33,591.6,598.44,569.93
668.61,563.49,515.99,501.6,425.54,551.62,469.88,505.34,592.27,599.15,573.67,571.51
570.29,511.95,497.58,429.93,559.68,477.0,511.34,595.78,603.96,577.68,578.19,478.68
575.47,535.21,444.78,565.8,476.22,508.66,593.07,603.46,572.84,587.8,492.8,419.73
480.1,416.44,554.45,466.34,500.69,586.72,596.61,563.94,582.83,484.53,404.13,263.59
442.22,560.92,470.96,513.34,601.62,606.72,569.4,585.07,492.07,412.06,279.3,212.72
558.48,479.97,515.81,590.05,589.03,555.39,573.76,484.26,393.98,276.36,202.17,133.42
585.79,561.94,606.41,609.58,577.9,592.32,501.37,413.16,291.24,222.71,170.08,126.97
483.3,565.58,594.12,565.94,585.86,496.75,408.11,284.6,221.03,157.17,105.19,156.12
733.24,694.25,603.64,596.64,489.36,396.87,281.53,230.23,146.34,132.36,190.26,214.39
594.89,545.39,574.38,476.42,392.81,276.98,225.0,143.91,145.0,179.49,197.83,316.36
595.79,598.11,484.97,404.53,289.54,237.68,153.06,149.4,178.96,204.31,328.51,466.74
483.14,421.55,378.72,272.53,234.62,154.42,150.9,176.23,208.61,307.52,438.3,585.78
401.9,367.67,272.02,233.02,158.46,159.15,193.11,258.39,351.3,444.61,576.33,617.01
406.46,297.61,238.17,149.24,145.05,178.48,272.6,366.72,455.47,564.96,621.41,650.41
257.71,206.89,136.99,151.29,197.55,292.5,381.06,455.14,569.32,614.14,645.81,627.66
159.69,106.5,138.45,194.98,293.38,383.03,457.92,569.57,618.99,638.73,618.5,560.31
69.55,121.55,186.18,284.88,375.52,452.23,565.0,610.54,632.07,609.54,548.75,505.71
111.44,182.67,284.51,373.59,448.11,560.48,608.66,632.48,611.94,546.33,502.0,532.3
141.32,262.78,364.2,440.11,554.79,605.07,629.99,605.45,539.98,492.35,519.92,576.24
206.88,337.01,434.82,553.93,604.87,627.57,599.98,533.64,494.87,510.96,561.92,522.21
321.7,425.02,545.64,597.95,624.09,600.42,538.91,493.24,504.42,553.47,515.82,625.48
420.34,544.83,599.48,626.33,600.73,537.61,490.56,502.38,554.34,515.51,624.07,532.16
576.0,619.58,629.67,595.45,527.6,482.88,501.91,549.23,499.53,620.59,534.21,590.76
800.0,733.0,637.98,552.48,490.67,503.86,551.07,509.29,616.56,563.34,633.99,461.18
738.4,638.59,549.57,489.03,501.32,551.62,511.48,616.15,554.17,632.88,460.24,417.43
756.14,614.47,511.96,513.94,555.41,513.44,617.75,555.89,624.38,479.64,445.08,399.45
709.67,565.11,533.64,564.58,514.64,617.61,560.11,636.22,478.44,458.6,419.21,306.75
543.35,526.77,561.2,505.65,607.36,551.58,626.54,466.86,448.74,416.55,297.65,202.11
664.94,643.81,538.71,620.18,549.66,622.44,466.93,454.05,404.82,316.73,229.85,194.6
641.94,542.6,619.15,539.88,610.8,458.74,449.8,404.45,306.01,228.31,187.54,98.27
595.3,640.96,548.54,623.57,473.83,461.51,412.34,312.92,237.01,199.0,119.54,145.24
709.5,601.59,641.29,463.75,437.44,392.16,302.77,236.48,176.32,125.11,146.05,114.31
619.05,640.41,464.24,447.42,407.02,310.75,244.27,186.8,145.22,156.33,129.84,239.53
617.07,459.36,444.67,392.76,292.1,226.94,172.22,137.28,148.16,127.82,231.77,357.64
373.3,382.87,368.99,295.31,248.34,194.0,153.68,155.72,149.61,219.76,345.15,520.77
370.25,364.94,292.38,242.66,193.66,155.85,160.43,151.46,220.07,337.59,516.18,769.11
405.49,326.86,258.11,185.62,141.38,155.19,164.04,276.42,366.29,527.08,758.14,800.61
276.18,231.65,170.66,124.15,141.96,150.86,289.26,371.68,541.13,732.13,786.87,886.2
166.86,128.26,109.32,146.08,167.14,306.29,384.16,538.89,737.35,774.12,874.07,866.01
154.9,124.38,147.89,165.08,298.96,379.81,541.35,741.29,767.71,875.25,868.09,754.67
129.02,154.94,166.16,296.32,373.86,536.05,738.01,761.35,867.95,864.64,752.47,778.63
123.56,152.41,291.05,367.56,528.06,732.14,757.15,863.41,858.95,744.96,765.87,700.83
118.72,273.04,360.39,522.41,727.65,753.5,860.48,853.71,741.53,759.05,691.83,670.38
218.55,339.21,518.51,721.43,744.79,851.37,844.13,728.8,751.04,678.33,651.45,666.56
235.11,455.88,694.6,733.67,852.16,848.68,732.63,743.98,677.24,632.01,641.71,601.55
386.98,659.13,722.28,846.25,844.38,725.6,735.01,661.26,630.73,629.14,588.24,537.91
513.32,640.25,813.62,827.5,719.1,730.99,654.5,610.64,621.12,561.14,502.62,434.04
606.43,782.36,818.27,731.82,750.88,665.76,614.49,615.63,576.95,501.38,445.72,371.28
716.99,771.16,713.76,754.14,679.81,627.83,622.76,571.34,507.25,436.26,365.1,374.02
685.82,649.66,729.12,685.09,648.43,639.1,580.27,503.19,453.65,356.13,369.13,270.47
721.15,758.08,695.91,666.14,657.24,592.1,512.94,459.39,367.86,382.33,300.11,225.69
866.58,758.78,688.4,664.84,589.02,509.45,461.16,372.52,373.23,314.8,247.59,243.68
719.29,656.69,653.06,593.69,522.88,472.59,378.99,370.69,319.96,243.28,241.74,207.3
635.56,641.37,589.52,521.3,472.62,377.8,367.9,310.77,240.69,237.1,204.62,143.93
576.39,551.18,505.85,465.02,377.15,367.17,309.21,232.83,240.13,194.2,133.09,110.19
583.35,518.29,468.46,384.06,375.06,314.37,239.62,243.47,198.02,137.96,124.1,101.66
459.81,427.32,367.97,373.33,321.15,242.31,244.31,195.06,148.24,121.0,96.19,81.11
578.39,450.21,403.97,336.88,245.85,241.9,197.16,158.5,122.86,121.75,125.33,163.58
386.26,364.89,320.56,240.61,245.47,204.88,164.41,125.98,123.62,114.01,143.96,225.92
418.25,356.74,251.36,242.13,198.51,160.04,125.97,121.21,100.84,145.42,234.39,414.02
287.34,216.92,232.56,185.59,154.42,127.27,137.21,152.99,190.59,229.81,385.87,483.5
157.74,170.59,183.45,221.3,210.28,224.17,97.48,141.01,188.62,473.12,499.53,525.83
251.99,254.42,243.82,174.48,144.95,13.48,85.63,186.08,477.01,516.16,538.59,701.53
330.05,299.21,206.53,153.88,16.92,78.89,177.78,479.95,517.04,550.58,719.53,815.81
209.94,149.87,138.69,8.69,78.3,179.12,477.97,515.54,553.64,712.51,795.8,704.44
85.02,103.46,-3.05,77.76,185.6,482.29,512.32,536.27,700.35,782.11,692.34,647.1
82.53,-5.65,76.31,180.1,475.24,508.26,537.44,702.36,780.69,683.43,635.9,590.8
-69.96,24.85,141.91,451.66,504.49,550.48,718.36,785.45,677.21,625.7,573.14,575.64
122.12,224.92,502.09,518.4,528.86,679.88,750.77,660.8,621.91,583.79,597.98,535.44
209.63,483.0,508.22,532.43,697.57,778.29,687.78,635.04,577.89,587.31,522.56,705.87
437.47,494.66,541.0,704.95,774.2,673.46,613.24,567.68,600.82,528.24,702.45,482.59
415.49,471.47,660.88,758.85,686.56,642.87,602.14,609.61,525.05,683.46,457.13,498.8
693.77,796.13,814.41,706.34,634.3,576.26,591.92,529.79,683.14,493.51,552.52,432.51
713.24,782.2,698.97,618.17,558.43,579.29,511.73,662.8,467.13,532.13,405.15,396.17
775.53,687.19,615.64,569.65,596.61,530.61,673.97,467.61,531.5,407.05,397.98,349.34
782.11,655.07,584.49,621.15,558.02,695.62,485.75,546.68,413.73,409.62,383.18,315.3
475.96,485.76,579.4,532.85,684.47,478.02,533.09,398.56,420.11,358.05,275.41,165.73
336.28,487.07,499.72,677.9,483.75,533.19,388.77,400.31,366.01,259.8,143.13,159.01
460.12,490.42,682.11,489.48,528.67,375.57,387.76,357.76,257.91,139.72,149.57,95.46
436.02,631.74,472.56,541.25,400.92,407.81,360.31,257.11,160.37,155.13,104.05,185.67
634.83,482.17,543.59,401.12,411.03,379.92,270.27,159.1,139.19,82.77,180.26,389.02
421.67,479.21,376.38,443.74,448.98,346.0,229.44,179.63,117.12,160.03,365.32,318.25
459.91,385.79,449.83,420.42,297.7,168.68,137.19,92.63,163.36,371.46,329.26,262.6
414.75,459.92,433.15,316.61,159.72,115.25,81.31,164.15,395.92,347.92,275.33,314.24
436.19,376.44,274.67,200.13,165.08,94.06,106.9,105.46,155.52,224.82,386.6,583.94
301.64,240.38,184.28,143.75,75.69,91.68,110.48,159.51,231.45,360.17,556.3,573.03
227.14,179.73,141.44,72.87,91.63,114.09,162.62,227.24,352.11,551.05,565.74,616.79
225.64,159.98,78.54,101.65,124.93,173.79,241.53,367.41,563.0,572.49,630.96,670.55
180.23,91.53,105.09,125.41,171.57,240.85,367.37,568.07,569.27,634.94,671.43,474.77
43.56,81.16,116.44,162.74,232.51,359.74,557.59,557.54,631.79,666.45,462.61,310.08
71.94,110.28,161.68,233.16,359.86,555.82,554.38,631.31,668.26,463.64,310.6,296.58
77.46,144.54,229.07,358.34,555.64,553.86,627.7,670.1,463.95,308.34,288.28,291.63
202.2,263.2,369.32,557.39,553.22,630.95,673.45,470.26,300.6,296.51,298.12,335.49
324.7,408.71,574.04,557.68,628.45,669.77,470.87,309.22,299.83,305.76,346.66,359.06
545.51,660.1,587.89,631.21,657.67,463.18,308.74,309.76,285.86,363.25,376.46,385.12
702.43,626.71,646.98,650.24,441.66,288.64,294.57,279.89,343.91,379.98,383.59,422.41
598.05,619.04,640.36,451.11,308.78,313.43,291.45,347.7,392.89,382.37,424.86,394.07
456.85,549.25,417.35,292.11,307.52,285.68,335.61,375.35,386.37,404.23,358.49,307.71
606.36,450.14,304.05,311.77,284.03,331.84,370.56,383.72,400.38,369.77,324.69,279.37
394.15,249.79,291.56,296.75,364.1,399.3,404.52,418.3,406.41,326.46,285.55,240.69
196.06,249.66,282.43,370.54,418.65,421.25,425.42,405.34,339.03,282.83,239.88,217.87
371.4,359.27,401.14,425.54,414.24,418.52,404.19,350.04,275.54,256.89,238.37,136.48
406.41,429.65,434.07,412.11,413.35,401.26,350.11,282.56,252.78,246.38,144.13,87.44
367.66,402.56,400.93,404.65,395.76,345.15,275.26,244.71,244.01,136.14,71.48,125.0
478.38,441.78,419.56,402.02,346.0,272.62,245.83,253.38,137.86,87.66,143.84,174.15
468.32,432.01,408.15,349.79,275.35,245.81,251.97,147.56,99.97,154.86,187.11,295.64
405.53,396.95,344.13,268.93,241.82,254.03,147.45,97.38,145.06,179.36,279.97,477.87
472.79,386.52,284.08,248.4,261.71,156.65,109.02,160.87,184.41,289.58,494.83,573.25
473.25,337.25,271.41,264.6,154.64,113.09,181.23,250.13,328.79,515.9,579.92,552.38
456.8,350.15,289.67,147.91,90.06,159.06,254.96,340.26,507.95,582.13,566.84,447.05
312.82,269.17,139.6,86.73,160.88,259.26,342.63,502.4,573.81,558.76,435.56,491.02
258.54,132.28,83.16,160.53,259.32,344.85,502.35,576.03,557.84,436.69,487.25,399.64
34.96,28.57,138.92,248.19,342.0,501.29,572.08,552.75,442.18,473.76,377.41,305.03
36.32,144.1,251.04,342.55,501.68,571.69,552.58,441.96,479.17,379.0,308.87,380.93
158.0,258.35,346.33,503.49,573.17,554.79,446.87,490.64,383.17,311.0,381.62,409.91
187.59,314.55,494.13,562.67,544.81,437.87,479.0,372.66,303.45,370.65,387.49,333.79
311.44,491.3,560.24,543.85,439.06,481.38,375.86,303.65,370.19,385.0,332.21,438.85
457.75,546.65,538.81,430.75,471.24,366.05,295.66,366.16,381.92,327.07,428.49,428.01
637.74,585.06,446.12,481.85,373.08,302.5,374.59,392.3,325.99,442.29,450.4,500.01
581.21,442.12,482.34,377.7,308.1,377.73,391.8,326.01,448.81,452.24,503.51,479.41
568.94,543.21,400.47,331.51,398.11,410.3,343.92,468.19,461.21,524.97,515.82,545.2
513.23,393.42,326.83,382.84,391.41,330.59,457.89,454.65,509.88,509.4,525.17,527.71
390.7,323.1,382.43,394.82,335.55,460.72,453.77,507.32,513.38,526.63,530.75,379.93
364.53,405.91,403.78,338.25,459.6,451.52,507.77,517.4,529.19,538.49,390.6,294.91
375.08,389.82,334.54,455.4,446.96,504.03,509.04,520.28,528.1,388.31,284.37,165.76
461.76,373.75,469.18,453.09,504.84,508.98,522.0,535.56,384.93,296.88,184.01,98.13
368.58,458.12,448.87,510.1,522.87,535.15,542.66,392.06,308.79,188.35,104.1,77.18
459.86,458.21,514.23,515.85,522.99,531.55,384.57,307.26,180.37,102.76,70.82,108.56
605.85,596.13,545.99,535.47,533.88,383.53,312.34,197.43,104.48,97.8,142.47,174.11
943.21,748.54,611.25,560.05,376.93,303.0,201.0,136.19,86.28,197.2,248.29,342.0
641.39,553.46,535.82,360.82,297.18,203.62,135.11,81.5,189.36,229.17,305.04,506.14
444.74,480.09,340.79,283.36,200.59,134.69,74.68,175.93,227.28,286.78,479.29,579.41
529.42,381.78,301.21,189.39,115.21,62.89,186.1,284.51,318.85,491.49,573.0,623.56
430.22,323.09,194.3,117.89,67.32,187.69,305.93,337.9,512.92,569.0,637.94,582.46
264.52,156.38,102.83,66.54,197.01,317.38,344.58,508.77,566.98,629.05,570.7,531.75
228.53,136.44,77.73,209.3,327.67,354.66,518.79,580.45,634.85,584.76,552.29,456.09
79.98,52.2,198.42,315.36,342.65,510.09,573.48,634.62,580.82,543.09,435.56,383.75
61.89,210.75,319.24,335.33,498.34,563.22,627.08,574.1,535.21,434.99,381.72,453.27
243.19,340.16,346.13,502.0,562.99,625.84,576.17,544.82,440.32,386.58,457.28,483.22
262.89,309.01,489.77,551.9,616.58,568.38,535.77,432.47,381.8,444.91,460.07,468.71
322.02,496.23,551.89,616.19,569.4,540.34,436.88,384.49,440.67,460.77,468.22,659.31
519.56,574.23,623.98,562.79,526.38,424.95,380.78,442.43,452.47,465.53,656.7,833.42
555.21,609.19,557.68,529.17,433.71,390.76,449.64,456.83,471.49,653.15,828.33,733.83
655.69,593.88,544.21,432.1,376.02,432.91,443.03,460.71,640.72,833.8,741.48,557.61
607.53,537.27,428.58,389.87,454.09,461.89,475.02,648.09,847.05,747.77,573.43,545.04
540.98,422.43,385.43,459.29,470.07,482.58,652.19,851.48,748.14,578.4,549.63,478.47
384.78,366.12,452.75,465.27,479.41,648.93,841.68,738.05,573.9,546.82,469.23,302.74
415.97,482.58,478.52,485.11,649.49,839.97,737.68,576.46,550.81,476.98,315.79,302.66
490.52,485.16,488.15,647.62,837.09,736.91,575.87,554.2,471.84,318.72,300.33,212.6
450.16,462.58,637.86,837.56,745.45,583.71,559.22,473.13,326.31,296.64,209.76,170.28
538.66,677.92,852.7,755.47,591.66,565.16,479.03,334.37,298.96,221.92,190.81,152.53
585.67,811.7,740.65,572.99,546.18,462.49,318.9,285.43,209.98,174.58,122.18,176.46
770.38,722.31,565.54,534.48,449.05,304.08,270.89,196.7,166.07,119.99,166.08,258.2
649.72,500.06,511.08,461.55,337.74,296.73,214.11,179.71,165.15,166.56,270.33,346.41
515.86,501.5,457.18,356.39,328.58,244.09,202.95,181.53,188.92,276.05,361.88,466.44
548.54,489.4,366.96,326.48,240.27,202.68,183.62,193.18,267.45,364.46,470.74,600.39
570.11,421.89,349.15,237.16,190.94,179.43,206.28,325.35,391.98,489.21,601.46,591.26
427.78,353.62,235.33,182.41,170.95,196.35,338.82,403.4,503.53,587.45,590.88,595.81
353.09,237.73,183.07,171.02,197.71,343.14,405.86,498.5,574.94,587.86,589.99,510.2
181.96,144.53,154.48,195.25,347.85,411.38,503.77,576.72,597.52,583.03,502.26,476.14
93.54,128.87,184.83,341.23,407.65,501.32,572.17,589.96,579.7,493.24,462.46,447.83
111.32,178.2,338.79,401.9,494.15,566.3,586.89,579.98,493.1,459.01,440.54,421.44
142.84,317.98,394.55,491.06,567.03,587.51,580.05,490.6,461.54,434.27,414.44,478.24
249.34,362.67,483.12,560.67,581.25,572.92,482.26,453.65,432.37,402.58,458.53,441.84
316.96,451.4,544.91,576.09,576.78,488.5,460.49,431.93,404.85,450.07,433.45,489.54
481.4,562.87,584.48,582.39,489.71,458.67,430.68,405.98,452.61,438.27,498.25,507.52
625.04,620.56,591.97,489.38,452.84,427.86,408.82,455.7,424.95,502.38,515.87,582.21
742.87,662.76,518.86,469.47,432.42,409.29,456.3,431.99,500.92,535.65,611.98,593.64
663.43,516.26,466.78,433.2,412.01,462.22,438.28,503.67,533.29,610.13,592.14,583.74
554.16,484.57,438.85,418.39,467.52,442.33,507.04,535.2,611.74,599.72,594.46,503.07
444.92,420.45,411.4,459.43,434.01,498.89,527.41,602.39,594.68,586.76,491.55,409.67
410.46,406.49,457.77,432.35,496.69,524.6,597.88,588.47,583.76,491.86,408.26,263.5
463.83,487.8,444.68,505.45,529.11,600.26,590.2,587.2,488.5,418.79,278.77,179.38
449.34,424.76,497.35,522.22,595.86,587.21,582.12,482.39,413.29,273.46,169.35,103.46
454.4,504.95,524.89,605.63,602.06,594.39,492.18,422.99,285.6,177.2,119.89,106.52
526.21,542.38,611.57,597.5,586.1,485.08,420.56,287.81,171.45,121.29,105.55,103.07
542.83,609.12,597.21,587.51,487.36,418.55,287.05,172.91,128.27,109.76,106.67,205.39
673.74,638.56,602.38,485.99,407.86,275.26,165.72,129.97,104.64,117.81,220.84,370.52
681.22,621.92,492.34,416.53,285.83,178.74,142.85,117.88,120.88,225.48,376.91,563.64
462.12,402.58,380.94,266.85,178.34,147.15,117.37,109.16,228.49,348.98,526.58,691.22
441.31,405.89,280.02,179.69,147.11,121.32,127.14,283.62,391.0,539.73,692.53,701.0
460.34,313.86,187.47,139.36,108.16,113.21,299.27,407.09,550.01,683.16,709.05,686.59
263.44,149.65,125.04,114.93,132.35,318.8,418.52,546.77,685.33,702.06,679.93,566.95
227.9,168.0,127.7,137.34,315.22,416.11,549.15,689.94,693.78,690.68,583.61,498.57
110.41,100.0,126.09,305.98,409.03,544.07,684.6,688.04,686.97,572.81,480.69,476.43
101.07,131.45,307.8,404.16,535.2,677.31,683.5,685.18,567.28,479.01,471.91,433.16
98.59,291.97,398.49,528.37,672.14,679.26,682.65,563.03,478.24,464.73,422.96,452.73
259.88,387.92,528.68,669.84,674.07,675.55,557.0,471.65,461.64,414.09,441.32,498.78
356.87,510.85,659.0,665.62,671.12,557.72,474.38,460.91,405.45,433.59,485.79,501.08
518.5,669.71,670.2,668.17,548.56,463.93,452.72,397.03,425.96,483.96,500.55,564.03
607.74,633.22,652.26,541.47,463.38,454.01,399.32,419.99,481.84,485.99,549.05,619.18
666.34,665.97,549.36,476.55,465.45,404.91,421.88,483.01,494.54,557.56,636.54,481.58
818.21,630.74,504.7,482.03,411.15,427.78,493.86,506.26,551.81,658.08,518.18,503.98
563.19,454.43,461.55,413.98,443.2,508.17,514.14,551.11,669.59,511.61,495.96,455.28
507.93,494.5,426.0,446.07,503.47,507.93,545.63,666.03,502.08,503.59,466.85,379.34
554.93,468.92,462.12,500.61,494.99,534.47,660.35,501.49,492.61,473.31,384.68,331.19
597.44,532.47,527.72,511.14,541.25,665.06,508.3,503.46,468.4,404.61,360.62,238.42
506.37,517.4,505.75,531.42,655.33,501.02,497.67,461.32,395.32,354.99,228.24,195.69
685.14,602.0,567.18,670.43,503.04,498.27,465.79,407.39,346.26,253.29,232.43,155.76
526.28,528.04,654.13,488.35,487.56,457.62,402.26,343.34,250.37,219.68,133.06,121.27
624.34,713.77,511.0,492.15,450.09,390.71,334.57,245.84,207.9,150.07,141.82,245.5
707.43,511.25,492.16,441.62,379.25,322.79,239.99,212.23,154.21,142.54,244.7,363.69
438.05,433.19,418.63,388.25,352.29,269.31,231.5,161.63,164.76,236.82,357.59,447.7
415.22,416.39,385.87,341.33,259.77,225.72,159.24,161.39,229.02,348.83,437.24,630.42
476.65,427.45,358.69,255.99,217.19,157.74,178.96,286.84,381.22,449.82,629.46,756.72
449.14,373.5,258.62,210.47,148.36,168.51,301.64,396.86,463.28,617.17,757.05,730.58
385.33,268.48,211.94,146.46,166.36,303.16,399.49,455.35,600.51,753.05,727.17,691.95
317.07,231.64,152.28,177.12,312.61,408.1,467.02,612.76,762.34,735.16,707.51,704.96
177.91,127.33,164.33,299.61,396.25,459.26,607.78,755.15,724.33,694.69,685.68,709.61
73.15,138.4,291.13,388.61,452.42,602.14,748.43,715.63,693.32,676.52,693.24,624.22
181.7,320.05,399.13,451.58,594.24,740.47,715.02,693.33,670.17,693.74,630.5,691.6
262.42,375.75,446.39,587.05,731.33,706.83,683.64,661.42,685.7,619.99,670.47,606.17
311.64,408.33,568.15,720.22,702.59,683.57,663.14,677.91,611.77,656.04,589.13,628.13
554.84,651.93,753.23,720.34,688.09,663.21,681.97,621.88,654.64,610.18,662.79,559.12
1022.33,973.26,798.58,710.06,647.37,668.45,627.09,679.96,573.86,709.66,625.47,588.56
899.86,770.56,700.36,629.97,646.91,608.53,657.83,551.63,688.37,613.77,561.05,492.76
601.44,591.22,589.92,644.42,627.59,674.62,557.98,675.06,631.62,537.14,468.9,488.73
506.31,538.85,624.53,620.05,675.85,558.45,674.66,626.52,545.84,457.51,472.95,418.14
454.53,575.02,602.21,670.69,560.66,674.98,622.37,532.84,461.26,459.44,403.75,431.54
487.42,550.08,650.79,553.46,676.15,623.42,531.11,450.21,462.96,390.87,416.35,386.62
599.61,662.78,560.1,698.52,651.56,553.09,468.27,477.39,409.78,428.28,412.96,308.92
619.26,537.16,687.86,642.03,545.2,462.26,472.54,404.25,421.46,405.56,296.9,191.71
617.61,720.17,652.74,562.83,482.58,487.49,417.88,430.03,417.38,311.16,224.66,249.27
828.1,720.39,587.73,486.31,478.06,407.9,429.12,425.61,301.0,238.32,266.62,268.33
540.61,479.33,445.3,463.73,411.07,430.39,419.34,286.1,250.09,246.15,233.55,288.21
510.99,463.81,470.22,411.36,426.18,412.43,280.77,246.65,247.65,239.96,303.03,539.87
711.23,606.2,460.2,453.17,426.46,297.34,275.18,285.65,239.88,332.53,589.18,895.27
672.17,507.09,468.97,423.42,289.96,275.05,289.29,247.72,316.18,591.95,894.16,834.13
456.07,457.16,421.35,267.55,248.16,270.67,244.9,345.48,611.16,888.49,802.54,652.7
393.65,360.4,266.61,311.85,346.19,322.56,282.24,556.21,842.94,890.37,667.91,512.73
407.22,305.51,321.03,315.41,256.19,207.9,502.93,841.83,899.4,687.42,528.5,430.85
279.01,313.75,325.29,260.33,216.95,499.17,822.8,885.17,691.68,533.37,434.1,400.42
418.8,377.31,287.89,231.99,507.64,828.73,890.64,708.23,537.64,457.54,428.29,448.79
306.46,250.06,218.72,502.54,833.88,898.95,710.14,538.68,450.25,417.21,428.46,495.71
173.86,185.87,489.63,821.36,893.05,709.87,541.58,448.47,418.24,408.77,469.88,628.53
141.77,454.87,792.44,870.52,704.94,551.74,468.73,429.95,411.63,457.76,612.0,700.46
487.5,848.55,911.5,704.57,513.83,415.24,383.08,383.39,445.17,610.14,700.84,664.67
638.93,791.45,654.86,487.46,409.31,390.83,384.55,424.41,587.56,663.15,603.11,799.87
686.51,569.02,467.99,443.64,442.43,415.5,436.04,594.22,729.63,610.36,822.45,774.81
566.41,420.7,409.26,455.54,465.18,497.55,653.86,768.5,638.62,825.03,783.51,789.77
570.85,505.86,495.33,472.94,482.33,625.17,746.55,636.43,824.05,808.38,823.73,683.93
709.21,623.98,526.84,497.41,617.71,740.36,634.15,832.16,784.51,846.23,722.77,622.72
621.74,523.27,496.63,620.82,746.33,646.28,843.36,794.4,839.73,722.94,613.73,527.1
680.81,594.8,657.21,757.27,639.4,836.28,786.31,835.87,685.92,630.53,553.18,395.9
697.16,733.02,780.93,628.2,805.98,760.36,819.92,690.28,615.89,563.96,403.9,347.53
775.54,812.72,640.79,803.57,746.05,805.38,673.49,609.37,543.66,415.65,348.79,333.17
822.61,659.22,817.5,747.31,789.48,652.76,591.21,536.78,402.12,350.73,322.9,255.79
463.71,683.51,699.67,791.02,683.63,617.05,539.29,392.84,385.71,309.28,236.82,272.25
748.01,745.52,809.71,692.26,622.21,557.24,407.88,393.42,298.33,224.91,282.09,529.7
577.07,703.5,649.91,623.26,591.31,457.12,437.61,314.82,228.81,242.73,462.1,382.1
788.76,709.26,649.97,584.59,427.29,389.28,282.5,216.52,258.42,488.44,428.97,432.47
544.18,541.28,552.5,432.65,390.02,272.67,209.36,257.8,533.34,423.1,407.55,480.95
607.03,538.92,408.1,448.14,337.81,233.75,209.47,256.18,240.74,375.82,581.87,715.81
557.96,429.39,451.47,318.83,210.13,189.84,266.6,258.23,382.38,566.58,705.69,821.55
306.77,379.42,294.14,206.81,202.53,281.33,262.09,373.04,572.12,688.88,794.21,790.69
324.88,267.8,194.51,188.7,266.71,251.54,367.7,568.71,685.53,784.22,773.89,857.66
202.85,150.85,172.06,268.23,264.42,381.0,574.71,689.79,798.5,768.74,848.2,778.32
76.12,124.99,250.87,260.17,384.51,578.23,690.11,798.36,780.96,840.36,766.44,735.07
106.38,238.42,257.29,385.94,583.35,694.65,798.34,780.27,845.71,766.34,733.71,668.68
208.96,243.02,385.26,584.71,695.16,796.87,776.85,850.72,772.51,732.39,660.89,501.5
213.67,364.41,572.72,689.21,798.41,782.3,853.24,771.17,728.51,657.86,494.6,481.08
438.75,619.71,710.48,807.45,781.28,849.16,766.92,734.07,656.65,507.46,495.78,470.22
606.89,710.18,804.46,768.18,834.1,757.44,727.77,653.76,491.01,489.7,456.22,503.94
781.06,848.41,790.08,846.89,761.52,728.05,648.2,493.38,490.25,471.58,521.27,470.94
813.86,767.47,836.22,756.56,728.77,652.7,498.35,492.31,472.2,514.89,462.81,541.3
770.23,822.08,753.04,746.41,681.34,521.93,506.8,482.65,539.02,471.24,555.92,513.38
714.86,697.09,725.5,665.15,510.04,496.32,468.72,524.46,466.28,541.09,485.86,329.79
628.36,676.26,647.98,513.29,511.1,478.9,525.01,459.14,558.07,483.53,329.2,236.59
603.02,593.47,495.04,517.12,498.01,540.22,465.37,560.31,501.0,325.93,233.47,187.08
522.89,443.54,497.47,499.26,555.77,479.37,564.84,501.57,340.31,230.72,183.21,66.26
522.62,525.57,511.16,578.8,509.07,588.95,519.96,361.18,257.1,203.08,101.38,81.79
469.7,482.8,567.62,498.26,582.59,516.06,357.5,257.03,203.22,94.09,65.03,74.6
518.24,583.43,505.53,589.19,522.31,358.85,258.35,211.27,104.31,77.76,88.3,185.41
707.08,581.48,617.31,524.97,347.87,246.89,206.45,116.07,73.09,109.49,211.32,307.18
577.32,606.76,521.27,356.43,263.82,224.77,129.01,85.81,121.52,212.79,306.86,459.97
593.05,524.54,355.64,249.5,210.34,120.42,78.35,115.5,197.53,300.39,447.2,630.57
537.71,365.12,256.84,208.49,121.01,85.05,134.58,259.64,347.12,459.92,623.91,642.88
471.9,314.48,225.71,124.3,83.4,130.42,281.82,372.49,477.72,626.21,668.17,678.2
300.36,217.71,121.99,85.55,137.6,292.21,377.99,477.35,620.96,665.94,670.32,599.13
205.63,115.87,80.89,132.25,285.29,373.75,475.35,620.64,662.12,668.69,594.04,535.63
62.71,52.01,121.25,280.09,373.24,476.0,618.27,661.53,672.76,587.96,522.7,456.23
41.22,119.97,279.43,366.27,466.3,610.49,655.55,671.73,584.35,521.14,449.18,432.99
124.4,283.35,368.99,465.66,609.52,654.6,671.23,587.06,522.85,450.21,432.91,497.91
229.01,345.19,461.24,604.89,649.92,666.37,579.89,519.73,449.66,424.67,480.14,450.63
330.05,452.2,597.99,643.14,662.95,580.68,521.91,451.39,420.4,477.18,443.52,495.35
474.33,612.68,650.13,665.87,580.35,519.82,450.26,422.63,479.91,446.47,500.76,594.14
662.4,680.85,675.12,579.43,514.03,447.65,424.23,485.09,435.69,504.72,598.02,621.41
637.43,650.78,573.78,515.09,451.01,424.34,479.18,428.67,511.32,594.68,616.59,567.68
715.31,605.6,526.43,461.62,432.18,487.34,435.93,517.8,594.33,627.48,585.21,547.18
625.92,527.54,460.14,440.25,500.16,447.54,527.92,605.04,638.63,592.79,558.29,540.72
446.33,412.83,423.56,494.93,449.76,529.74,598.65,628.03,594.59,549.3,524.55,404.9
406.56,419.43,494.42,449.76,529.98,597.33,625.83,593.04,553.85,526.01,406.59,274.27
411.86,487.06,448.94,533.67,603.68,630.56,593.44,554.25,529.1,409.51,276.07,169.31
521.68,469.42,540.77,604.58,628.08,591.33,552.52,531.54,403.69,282.66,176.63,118.97
489.5,541.52,604.34,637.28,608.53,568.09,541.91,414.12,295.82,185.03,132.86,86.71
489.15,578.16,628.93,601.79,564.06,537.71,408.96,293.01,186.47,125.66,72.71,100.23
662.33,680.6,620.63,565.44,529.21,398.41,287.8,191.41,119.49,88.88,116.51,193.25
704.56,630.7,569.83,532.05,401.38,288.17,191.86,128.37,101.31,126.02,206.25,345.69
623.41,556.71,526.29,408.87,305.0,210.11,142.34,110.6,135.75,205.24,346.29,507.52
493.88,491.27,395.32,297.76,213.63,148.78,112.81,135.24,209.52,336.14,492.37,559.08
545.37,436.61,315.4,206.22,133.51,104.6,144.79,262.23,364.43,506.39,555.99,641.71
520.17,360.29,219.38,135.76,103.6,141.79,283.64,387.82,523.57,555.11,660.56,649.29
314.79,187.79,123.72,106.22,154.83,298.51,396.81,523.17,556.1,654.53,640.02,521.55
234.34,147.86,113.53,159.33,298.93,397.74,525.65,560.12,654.14,648.18,533.35,467.67
75.13,76.87,144.43,287.48,389.82,520.56,554.53,650.36,646.07,521.8,445.92,411.84
93.82,158.03,292.15,386.06,512.73,547.76,646.42,646.24,517.79,448.06,412.78,450.14
132.23,279.84,383.4,509.72,546.49,645.94,645.15,518.51,450.39,408.37,440.8,462.16
223.4,360.35,504.45,538.28,635.84,634.83,508.17,442.33,403.7,430.61,443.86,439.49
317.22,477.67,525.27,629.22,635.39,512.44,446.87,403.81,430.43,435.9,428.27,564.05
495.53,538.41,634.72,635.89,508.84,442.49,401.66,432.21,434.56,430.12,566.38,563.49
471.84,590.42,617.59,505.25,449.37,409.09,437.74,432.29,436.83,554.61,552.02,605.77
715.42,695.95,537.99,461.75,404.3,429.17,424.78,436.57,544.18,571.06,632.64,546.95
842.7,614.79,487.7,420.07,436.31,433.34,450.45,564.48,568.74,655.32,580.78,559.56
548.75,438.87,400.49,438.99,449.11,465.65,570.86,567.16,666.59,576.07,551.8,533.32
447.49,409.78,443.4,447.37,459.5,563.88,559.75,661.12,570.34,552.71,533.08,410.54
428.72,458.45,453.41,456.49,557.04,553.33,657.37,570.04,551.04,536.05,412.01,326.69
535.51,499.96,475.46,564.15,551.55,655.19,567.64,553.16,525.01,425.02,340.55,223.3
439.21,439.15,549.0,543.63,654.27,568.13,551.34,519.9,424.49,332.52,211.21,143.38
557.06,608.81,567.28,673.65,584.2,563.54,529.85,439.67,340.16,233.29,177.9,122.74
483.35,505.62,649.35,559.91,543.87,514.88,426.52,329.51,224.34,157.16,84.23,77.42
541.24,664.75,566.73,551.5,522.18,427.43,328.71,224.09,164.7,96.14,94.28,175.87
698.71,585.02,558.94,523.02,425.46,324.15,224.12,175.34,107.01,102.92,189.23,332.29
498.97,496.7,498.88,429.62,346.99,248.59,189.4,112.03,119.04,179.66,318.39,410.11
579.91,551.1,447.44,348.46,245.11,188.14,115.22,125.48,171.71,326.02,425.04,649.3
520.72,437.58,347.25,232.95,179.27,115.27,140.05,225.19,363.12,426.12,626.62,745.89
482.5,372.12,239.51,177.78,111.26,133.24,242.52,379.98,443.16,618.99,756.2,710.84
351.32,227.9,172.18,109.31,136.27,248.79,384.82,437.73,611.45,750.12,702.54,601.05
273.8,189.27,114.14,147.83,259.39,393.8,447.46,620.85,758.02,711.68,618.03,569.46
172.91,110.25,143.27,250.2,382.69,440.09,615.43,754.91,699.75,613.37,558.85,540.12
95.42,139.03,249.85,379.09,434.76,611.19,749.06,696.28,610.89,557.34,532.52,452.12
118.19,241.84,376.51,428.17,603.78,742.12,693.11,608.51,556.28,526.12,444.96,504.64
188.8,353.6,423.86,599.37,737.72,688.42,601.04,549.95,524.0,436.7,487.73,430.85
337.48,414.78,591.75,729.39,682.42,599.05,552.69,524.18,429.46,481.61,422.78,490.58
406.72,585.26,728.69,687.19,605.78,556.43,525.01,428.51,488.07,422.25,492.83,487.77
666.48,783.07,705.2,603.19,540.8,512.5,423.56,488.63,400.49,498.78,494.72,539.97
775.27,706.79,605.44,537.56,505.09,415.01,478.99,391.37,492.74,493.32,537.62,560.78
755.59,616.16,541.81,526.53,443.08,504.26,412.22,508.6,511.8,548.75,584.53,523.49
512.26,475.54,499.12,435.05,509.14,417.22,510.27,504.98,558.23,571.34,505.54,486.08
540.72,536.04,450.66,519.56,421.54,511.03,503.78,556.97,569.39,515.77,503.57,451.9
502.38,435.37,512.07,410.5,499.43,495.08,551.72,566.6,510.12,497.97,439.26,352.83
415.59,492.56,405.66,508.98,511.69,564.59,570.7,506.07,505.57,440.49,358.02,297.2
474.56,399.82,506.27,504.26,555.52,563.19,501.49,502.84,434.42,353.45,289.5,191.4
483.85,541.02,516.2,572.81,584.02,518.74,517.76,449.53,367.23,306.88,222.87,145.17
466.99,481.41,559.87,570.0,506.06,507.01,439.88,358.13,299.39,210.01,121.51,137.46
485.49,558.93,569.16,506.91,508.75,437.38,355.89,296.99,212.57,126.33,143.39,181.74
673.83,634.92,532.82,518.35,435.86,350.59,296.52,226.27,131.53,164.59,212.44,340.66
442.54,421.22,474.29,417.29,352.33,304.85,227.27,119.51,166.68,180.72,292.46,484.01
446.69,482.24,420.39,361.96,322.3,242.8,132.86,174.35,193.14,294.73,498.46,628.95
598.25,496.21,392.12,320.72,229.8,127.61,191.97,257.63,324.19,519.23,636.45,681.86
462.98,375.23,310.59,217.69,117.43,181.34,267.54,328.13,528.55,616.48,670.79,620.76
306.12,268.11,200.61,114.65,188.14,275.64,332.92,517.39,611.52,656.92,607.14,600.59
332.78,231.26,124.79,199.05,283.13,339.69,526.26,622.28,661.5,618.19,618.5,520.97
137.19,72.26,177.02,271.54,334.76,523.55,618.34,653.81,617.31,602.84,498.0,456.84
71.1,177.63,271.79,333.73,521.66,616.3,650.72,610.66,600.91,497.45,457.15,434.62
159.98,262.28,331.24,519.59,615.02,649.04,613.14,605.0,501.88,451.75,429.51,494.5
209.04,308.26,513.62,608.56,642.13,606.73,596.51,492.6,443.8,419.57,476.58,400.02
273.55,494.47,598.37,634.31,602.08,594.8,493.07,438.0,413.2,467.3,388.69,461.03
507.89,611.29,639.63,600.28,587.67,484.2,433.15,408.03,462.27,386.92,463.0,518.46
587.26,620.93,591.69,587.88,489.15,439.3,413.14,464.26,387.18,458.32,512.84,453.43
705.56,644.15,607.79,494.92,433.05,403.74,457.03,380.83,447.2,524.2,474.23,459.48
704.46,628.3,502.93,453.15,427.86,478.84,400.84,462.59,538.94,484.25,482.76,553.42
503.97,430.9,423.53,413.47,474.68,399.38,458.01,527.1,482.3,464.62,523.66,452.09
474.4,448.19,423.72,480.94,401.39,456.51,524.64,477.19,464.38,530.11,465.95,374.58
501.46,453.86,491.28,404.61,454.8,522.54,480.77,469.82,529.74,472.04,385.94,345.37
578.78,559.67,430.49,470.09,528.37,485.01,474.43,537.89,462.57,406.6,373.92,274.2
505.66,407.19,460.21,514.24,470.74,463.58,527.61,450.45,392.87,362.94,254.38,175.92
341.68,413.23,496.84,472.89,478.69,539.54,456.31,390.83,378.99,247.71,173.43,110.04
615.61,619.68,517.85,489.37,528.35,444.5,391.96,394.03,232.0,199.94,148.2,170.64
592.78,506.39,483.6,517.86,433.62,381.86,385.86,226.98,192.52,146.99,158.13,189.27
545.08,497.58,524.09,444.1,392.78,390.48,230.39,197.15,161.35,168.32,212.86,341.33
510.48,535.25,446.9,389.91,386.86,232.26,201.11,167.7,160.91,210.77,332.92,450.02
493.02,430.45,381.47,373.15,222.41,195.7,164.98,154.89,201.22,319.69,433.79,638.79
473.63,409.16,386.21,222.14,194.58,169.28,174.69,257.62,358.97,445.94,638.63,675.69
443.87,408.02,226.92,188.75,159.81,163.09,272.14,372.04,458.63,627.65,680.51,613.68
367.82,205.31,179.08,155.49,163.04,275.19,373.96,449.24,615.24,670.36,600.97,606.44
157.74,142.98,139.1,163.87,283.63,383.6,456.77,616.18,677.0,594.76,600.75,573.6
151.59,148.18,165.62,280.39,377.21,450.72,615.18,675.8,590.58,597.33,572.97,631.81
189.37,192.61,291.41,379.54,447.57,613.03,676.48,594.18,595.51,576.94,635.84,540.28
118.2,254.23,364.53,433.15,599.83,665.58,585.38,583.94,569.37,622.01,518.24,478.16
221.53,350.85,430.85,597.91,662.63,579.97,579.41,559.53,618.62,508.75,470.83,620.39
247.53,369.27,572.24,652.34,581.22,585.37,564.24,617.23,508.03,452.81,592.27,544.32
312.04,545.04,642.28,571.92,575.39,552.31,605.85,490.24,447.68,580.25,532.72,535.18
440.16,584.43,549.84,564.24,548.74,603.91,486.74,431.93,576.79,511.19,509.54,571.82
630.2,567.83,571.56,562.17,615.58,492.81,438.91,583.54,519.65,518.1,593.87,496.01
