404.25,479.76,446.95,390.62,338.88,284.34,202.77,124.24,66.98,42.96,27.4,22.99
391.46,372.23,345.24,322.87,265.43,171.35,89.35,49.0,33.2,33.12,34.96,37.47
401.37,374.51,338.82,304.7,234.26,142.0,67.99,43.66,30.69,39.2,41.56,43.33
338.12,369.71,307.61,250.68,177.04,110.42,60.26,37.29,28.05,31.73,34.63,38.76
294.22,357.92,269.47,193.25,133.07,85.19,47.71,23.88,25.45,27.8,34.01,37.22
189.72,199.85,196.61,175.17,132.28,91.61,53.22,29.08,24.49,23.44,28.73,32.91
93.61,102.22,130.61,145.98,149.12,149.99,148.57,137.49,114.32,78.26,36.29,21.29
56.95,59.9,73.05,86.05,91.91,95.94,93.06,78.3,46.85,21.57,23.86,18.81
56.53,41.74,35.56,27.01,23.45,22.13,19.98,17.82,19.39,21.34,27.56,36.01
51.93,28.19,14.32,10.19,7.87,1.47,2.42,13.93,24.87,33.52,35.49,28.55
4.02,24.29,12.96,7.84,3.76,0.49,6.78,18.99,34.21,47.84,51.05,49.74
2.42,14.35,16.34,18.58,16.0,10.78,12.39,16.58,26.98,48.62,94.87,182.58
0.0,5.27,13.39,22.05,26.32,20.82,25.17,45.38,94.32,167.22,240.12,246.49
0.0,0.0,4.04,21.73,26.63,33.27,36.74,40.75,60.37,97.35,138.27,181.66
0.0,0.0,18.29,35.61,38.53,53.93,94.1,157.87,273.04,306.68,295.02,270.69
0.0,8.32,35.24,77.32,136.92,186.91,212.48,204.15,183.98,137.72,91.44,80.36
0.0,0.0,27.18,124.27,230.92,233.18,223.0,215.67,178.6,127.85,94.97,109.74
16.65,53.39,135.61,214.54,174.98,141.0,94.07,59.85,57.61,77.01,115.34,157.21
182.0,382.27,288.82,248.46,216.86,174.16,131.04,103.55,105.27,121.84,133.87,132.2
181.89,413.42,351.93,269.4,246.56,220.31,176.57,135.06,98.51,84.6,83.11,78.19
82.79,214.87,220.95,209.83,198.56,167.05,112.03,66.36,46.05,41.81,52.34,62.51
134.58,210.65,210.17,220.43,206.09,152.28,107.33,85.47,70.79,61.48,57.29,53.93
83.37,117.01,135.48,192.48,251.8,276.42,220.93,156.18,85.79,51.15,44.61,54.62
104.36,77.6,76.33,88.8,103.43,109.36,102.98,90.68,77.81,69.16,61.67,57.48
115.83,88.91,85.7,90.42,95.71,96.78,93.48,82.79,73.61,69.22,61.84,48.42
103.49,100.79,93.6,84.78,80.65,81.81,77.12,71.47,67.98,63.88,57.06,49.34
91.46,85.01,79.34,79.35,77.57,77.95,76.55,66.93,52.71,45.93,45.47,46.45
121.79,90.89,79.06,75.23,69.53,63.77,62.53,64.0,62.89,50.63,41.19,39.81
67.7,66.69,66.42,66.13,61.82,57.01,52.45,46.68,41.77,39.5,34.06,21.69
56.4,39.07,36.06,28.68,28.61,27.95,25.64,25.64,24.64,22.94,17.15,12.11
22.31,46.55,28.32,26.07,27.01,23.84,22.91,22.1,20.4,20.53,17.41,11.29
30.56,32.97,26.77,26.12,25.01,21.69,21.26,20.19,18.72,18.29,18.24,19.94
33.52,22.43,22.32,19.49,19.9,21.64,21.52,22.43,24.14,26.31,29.38,32.84
0.0,12.63,9.65,15.98,6.62,9.02,7.96,9.04,12.79,21.97,37.91,60.54
0.0,14.26,11.77,17.91,10.56,13.22,15.22,19.82,29.33,44.21,61.77,77.82
0.0,5.71,9.18,18.33,14.28,17.97,28.58,51.05,73.04,81.94,88.13,97.29
0.0,0.66,5.68,19.65,18.69,32.42,66.01,92.08,95.26,91.99,95.46,89.39
0.0,4.12,1.15,28.04,51.69,98.85,118.48,101.54,92.14,86.23,85.16,78.79
0.0,5.06,0.0,19.91,42.75,103.37,133.05,127.27,129.03,133.97,134.48,112.23
0.0,18.25,28.96,87.18,150.7,153.62,153.63,160.68,165.3,152.19,111.83,64.54
14.51,57.9,107.61,154.41,167.76,170.12,169.11,161.06,133.79,82.34,31.73,17.7
23.04,99.38,147.52,156.26,163.66,164.06,147.44,104.65,51.97,22.35,26.12,29.12
22.86,108.26,157.29,154.08,156.09,145.53,108.53,62.18,35.82,26.06,29.67,35.06
39.53,138.01,143.8,127.85,114.66,84.74,46.35,31.87,30.38,28.18,25.51,23.72
43.88,136.62,109.54,74.83,51.71,43.04,31.41,29.76,29.87,24.94,23.56,24.1
32.7,92.53,67.0,28.28,31.63,32.22,24.82,23.63,24.25,23.25,21.24,21.1
0.0,12.27,4.74,20.58,26.88,32.63,29.16,25.93,19.26,17.49,17.4,17.35
0.0,3.15,11.63,17.85,17.52,15.75,17.91,18.12,20.17,18.69,16.0,17.65
94.91,112.68,111.57,88.12,60.12,44.15,37.49,27.11,18.83,18.88,19.78,17.74
149.25,159.69,105.88,82.67,51.0,40.4,32.31,24.5,23.75,20.38,17.39,18.38
109.56,27.15,50.94,8.62,22.12,0.64,15.09,0.38,19.83,0.0,23.19,0.0
23.46,42.97,46.58,44.68,33.14,25.82,21.09,14.33,10.99,9.4,7.87,9.17
0.0,38.02,22.77,22.4,20.93,15.93,14.35,10.62,11.18,12.0,11.89,12.1
5.73,17.19,9.4,10.71,9.27,7.14,10.21,14.93,14.04,12.73,14.68,11.32
0.0,19.24,7.86,7.38,6.89,8.19,6.87,11.68,16.0,16.19,14.94,10.56
6.46,13.77,6.85,5.87,4.97,7.39,7.6,9.79,14.94,13.41,15.8,17.65
14.6,37.83,24.74,23.47,32.68,50.69,89.5,157.25,178.98,139.42,75.29,27.43
69.02,68.45,81.26,130.73,203.83,311.31,346.5,213.7,91.18,26.7,8.94,19.58
132.62,122.92,170.52,281.97,536.24,499.09,286.59,200.03,151.82,94.28,42.85,25.54
115.48,87.85,136.11,206.89,235.19,207.57,151.76,74.33,37.57,22.72,26.72,23.93
110.1,74.36,92.67,129.26,154.93,167.05,165.54,153.0,125.29,84.44,44.73,24.01
137.51,109.87,137.5,169.25,185.97,195.57,169.25,137.88,102.62,68.65,40.63,35.25
4.13,22.27,0.0,3.97,23.15,73.11,192.61,271.56,272.05,341.0,380.14,387.56
40.17,35.93,40.42,51.1,64.04,83.12,110.9,129.24,148.01,192.42,262.69,270.15
1.29,11.87,14.12,25.99,23.21,45.65,118.82,273.67,399.27,334.23,272.88,255.3
46.96,41.03,25.82,22.02,18.75,29.1,73.3,170.9,236.97,250.92,293.22,337.7
0.0,21.91,26.87,54.16,72.47,104.16,154.4,205.21,225.14,212.52,184.52,152.88
9.27,50.12,119.61,128.46,150.98,207.92,326.29,376.02,299.12,290.82,283.94,247.35
9.92,16.36,18.85,45.56,148.42,265.94,281.51,322.88,391.9,417.58,420.84,434.6
197.12,334.46,453.53,304.44,232.71,202.92,168.24,94.17,46.67,24.34,32.33,42.55
301.56,369.4,399.42,390.52,374.39,350.85,307.34,238.24,171.76,129.3,88.51,62.18
315.01,371.33,386.48,359.48,293.54,213.64,139.67,91.43,54.57,43.6,50.58,58.58
402.96,406.1,389.14,370.11,301.41,213.58,109.31,47.89,24.49,33.28,32.43,36.74
371.46,404.54,383.98,319.51,232.69,134.21,59.51,37.38,40.73,44.81,45.72,48.7
400.25,356.21,294.97,220.36,124.51,59.14,28.01,35.58,35.26,39.53,35.44,34.43
290.78,199.65,120.0,60.45,29.18,15.74,19.15,16.9,15.56,18.25,13.6,7.95
271.53,191.03,110.49,69.98,58.29,50.41,37.22,28.51,26.16,22.38,29.49,22.19
266.21,136.78,54.43,33.35,35.76,31.21,31.79,28.38,19.64,22.98,17.29,16.01
176.99,92.89,43.23,34.43,32.7,33.88,35.37,38.07,35.51,32.25,24.41,21.44
145.38,73.19,31.8,28.07,29.67,32.74,30.48,32.33,32.83,38.78,41.98,46.77
77.8,51.91,37.68,23.52,28.26,28.69,30.56,31.1,30.21,38.44,48.35,64.6
53.34,53.22,39.41,27.72,24.5,25.95,27.19,30.3,29.73,42.15,61.0,95.27
84.72,54.94,45.48,31.55,27.5,29.75,32.05,33.97,38.97,47.09,70.22,119.4
53.03,34.28,35.71,39.8,38.15,31.43,33.01,38.78,54.73,110.54,188.92,232.92
47.07,36.44,29.16,27.48,32.11,37.19,34.43,42.76,101.46,266.07,399.53,411.86
22.09,20.97,20.91,21.63,27.29,48.36,113.36,233.42,344.08,388.1,381.63,377.45
20.08,20.62,21.69,25.86,49.34,127.84,311.82,397.82,412.03,420.81,410.39,384.03
5.52,29.22,30.29,67.0,179.26,277.68,290.24,305.6,328.12,367.46,366.62,335.11
45.67,46.52,81.92,178.67,280.66,306.96,333.54,350.07,342.19,314.96,271.86,209.54
65.58,101.81,216.35,317.7,320.61,342.65,358.73,348.64,322.15,289.09,241.88,183.85
86.66,171.68,314.03,337.79,339.34,343.81,329.84,300.68,263.65,224.56,178.54,126.95
110.72,219.26,346.04,362.07,364.12,361.03,348.67,328.84,301.2,268.58,232.33,183.55
132.33,299.46,445.86,449.06,418.47,403.42,394.42,377.39,358.61,337.05,307.0,262.86
225.24,374.3,363.66,323.85,315.86,324.52,315.25,277.07,191.32,101.22,65.96,40.43
330.84,499.82,400.01,366.87,370.96,358.32,323.58,253.08,155.06,91.9,56.41,36.62
462.85,405.73,422.03,410.14,383.38,343.0,294.51,205.88,100.73,59.51,32.93,26.24
509.36,422.27,422.88,417.13,389.3,349.97,300.37,205.93,102.61,62.87,39.85,27.67
388.37,478.48,430.18,392.62,338.94,282.05,173.19,92.31,58.43,40.01,32.12,30.43
467.34,420.12,382.73,335.15,264.1,168.32,91.91,52.4,32.79,39.06,40.92,44.25
424.57,373.86,309.71,243.64,156.94,88.37,53.55,30.98,32.47,36.31,41.33,44.58
344.66,361.76,287.21,211.0,131.65,77.55,37.02,23.84,25.91,29.32,34.46,40.44
373.06,270.45,212.36,125.08,68.96,38.5,32.62,29.63,30.58,30.78,34.3,39.81
247.12,194.34,140.0,86.8,47.84,36.14,31.28,27.31,31.01,31.22,32.58,31.85
170.58,95.55,68.62,57.18,40.37,28.07,28.44,29.51,29.6,25.42,23.34,19.88
181.7,94.61,45.61,36.82,32.36,31.03,26.18,29.16,32.64,33.37,32.25,27.89
85.54,58.94,50.83,32.24,33.14,31.7,30.73,27.63,30.22,36.45,44.83,52.71
48.11,40.99,33.86,23.55,23.32,27.74,31.91,32.83,38.51,59.33,110.13,192.97
48.55,40.78,27.9,29.74,29.13,24.22,26.58,37.51,71.78,170.85,317.59,391.01
47.91,31.46,30.3,31.64,31.38,34.11,40.51,65.31,135.33,261.3,332.58,373.36
39.31,30.28,30.14,25.45,25.57,25.46,24.54,42.84,120.57,269.02,320.57,325.81
33.67,30.55,19.99,15.77,15.27,32.61,97.81,234.6,310.29,313.68,315.0,313.3
37.71,28.77,19.69,24.15,47.59,117.75,254.41,355.71,359.74,351.69,360.33,364.49
25.98,21.3,20.59,38.69,114.58,297.12,427.67,427.49,416.96,412.41,395.11,381.76
8.23,44.65,37.02,58.99,137.29,201.9,202.99,203.56,213.12,243.2,262.68,230.2
32.39,26.38,39.29,128.86,286.18,309.97,328.18,357.04,380.7,384.27,363.2,327.54
73.89,114.05,259.63,331.7,337.68,358.9,365.05,353.85,324.33,282.36,230.15,181.16
122.56,256.56,374.78,383.84,383.65,381.3,374.02,351.65,309.37,256.8,201.75,165.49
265.84,443.75,419.91,406.51,405.25,389.09,355.26,310.17,223.81,130.14,88.77,59.99
385.53,369.72,374.59,390.54,373.28,342.97,305.86,232.88,131.94,76.71,49.08,30.63
377.2,407.9,393.4,382.35,350.25,310.2,243.33,133.09,72.44,41.19,26.12,25.24
408.15,382.54,376.82,362.56,320.36,261.45,150.26,71.4,34.02,26.67,27.72,26.15
445.46,394.83,371.17,340.37,288.73,197.12,100.83,48.38,33.82,33.38,34.71,39.37
405.35,370.54,327.85,292.36,228.81,142.89,73.16,45.11,30.71,36.21,38.87,44.65
368.43,338.51,277.02,197.87,122.21,66.2,26.8,24.71,26.11,30.91,33.73,40.22
320.08,268.45,204.4,127.26,64.93,33.96,29.99,24.36,28.37,27.97,32.65,38.63
329.98,228.15,175.35,100.64,55.22,38.65,36.97,29.71,31.0,28.88,31.58,37.52
208.41,121.35,74.15,48.65,33.52,33.73,30.96,29.47,28.21,23.96,20.95,24.55
214.04,109.69,52.3,36.12,31.46,30.91,31.17,27.47,33.9,32.43,27.75,21.04
88.35,52.55,37.31,24.23,30.08,29.16,29.59,35.78,38.27,37.92,45.84,58.14
64.42,50.29,35.92,24.03,24.91,28.21,30.74,34.3,43.14,55.88,73.74,95.57
46.07,34.23,29.12,27.56,25.98,26.36,23.94,26.57,35.01,54.59,101.8,177.98
50.59,36.2,30.99,30.56,24.62,17.23,20.02,29.81,46.28,95.73,200.8,318.51
27.65,26.5,26.88,28.29,27.26,26.66,31.43,69.62,166.8,307.39,350.82,368.54
22.14,21.21,12.87,15.51,30.07,86.97,206.97,295.78,335.92,370.65,396.71,405.46
8.64,15.36,16.94,37.23,126.41,329.12,395.44,448.59,444.08,438.56,425.26,400.75
13.76,18.48,48.97,152.39,382.47,438.81,411.98,435.83,435.92,414.84,397.44,371.78
45.09,76.23,179.0,458.39,413.32,395.04,400.39,382.95,357.08,324.89,280.97,226.08
109.66,178.57,422.48,509.88,441.03,437.7,415.41,385.18,343.78,278.56,197.64,131.57
282.77,489.57,490.0,425.31,413.26,384.05,336.52,262.88,172.01,116.73,81.57,60.04
292.76,524.99,342.36,299.22,272.74,204.38,118.55,67.47,35.41,26.09,32.63,36.92
202.26,241.91,189.6,156.1,116.11,82.3,62.98,45.79,29.8,21.92,27.13,29.39
154.49,185.08,213.54,238.84,214.03,192.45,174.98,162.12,157.11,152.95,148.21,131.38
191.85,206.29,173.48,165.87,148.55,113.44,72.68,44.37,30.92,26.15,26.39,24.8
315.73,194.55,127.1,46.78,2.47,35.74,10.41,28.17,20.53,28.18,25.16,21.99
346.62,215.05,139.61,53.08,12.44,33.69,19.6,30.32,29.05,32.59,27.91,29.84
192.69,126.89,81.48,42.6,17.63,20.57,21.07,24.55,23.2,27.87,25.58,26.63
321.63,158.36,91.33,42.06,17.45,20.9,16.99,22.24,16.05,23.57,24.97,26.16
315.73,161.9,91.05,45.83,30.8,23.57,26.73,23.39,24.44,26.15,29.6,27.35
174.56,92.42,47.83,37.92,30.22,28.27,27.87,28.1,22.22,25.61,19.81,18.35
259.6,125.13,62.23,28.86,33.61,27.88,27.73,29.59,26.24,27.04,21.88,15.53
178.26,92.7,44.44,27.9,30.2,31.89,27.45,31.79,31.82,37.06,32.41,22.56
187.05,97.01,43.94,26.64,28.01,31.78,25.56,28.27,33.0,36.98,37.86,32.31
200.98,101.22,43.96,27.84,27.3,31.71,28.18,28.59,30.01,37.21,39.6,41.88
78.91,57.01,50.24,27.84,27.35,26.99,29.03,35.11,38.95,45.96,58.75,84.83
104.67,61.87,51.83,39.98,27.68,32.31,35.51,40.1,42.96,47.18,60.43,91.82
54.69,32.81,35.21,36.37,33.21,30.19,26.47,32.38,64.65,152.87,276.63,342.23
36.72,26.76,22.85,25.38,32.61,32.95,35.78,72.44,174.25,311.58,354.07,345.59
16.03,25.24,23.25,22.89,32.48,72.7,180.26,355.01,458.65,432.82,451.75,471.6
5.76,14.98,19.12,39.06,122.3,340.63,505.95,484.54,491.53,499.79,479.77,442.4
8.9,19.15,52.78,164.77,651.34,632.59,456.99,467.12,441.86,379.45,295.44,207.82
50.74,66.67,97.72,177.16,278.14,322.44,386.81,416.57,408.55,381.8,360.19,345.3
72.15,87.99,172.48,366.82,448.28,461.42,474.32,446.54,410.01,376.56,321.01,253.57
70.31,108.65,253.7,423.83,440.09,463.54,475.47,456.59,422.67,389.01,354.27,304.11
55.6,94.95,208.94,375.41,418.48,432.54,433.51,404.74,367.8,322.22,268.1,203.66
132.38,255.49,507.01,461.93,440.34,440.38,409.16,374.08,326.6,266.65,208.8,169.19
171.75,267.83,391.71,408.98,414.52,415.73,408.29,388.15,355.25,304.46,215.12,142.16
458.34,555.74,563.23,503.91,446.59,416.87,386.17,343.88,266.19,166.97,102.17,71.62
438.47,555.06,553.42,475.96,410.57,371.63,324.42,240.34,136.62,81.79,55.55,36.41
407.97,505.27,465.94,405.04,355.58,304.18,228.37,124.61,62.02,31.57,24.34,26.51
460.31,553.88,553.35,454.88,375.61,316.18,220.4,121.33,63.42,41.46,33.57,32.51
433.62,467.03,426.87,360.04,296.07,208.79,123.71,61.74,43.35,33.56,33.97,37.28
381.18,427.83,367.4,312.55,245.53,164.19,92.1,56.01,31.31,34.45,39.8,45.81
263.5,328.48,247.44,184.11,128.75,80.85,40.02,22.93,25.17,29.31,34.94,38.1
138.55,127.56,137.45,147.86,152.92,144.01,119.35,88.46,49.33,18.12,19.57,22.26
89.1,89.05,93.95,97.41,102.57,104.43,93.74,72.21,47.7,35.77,32.79,39.5
63.24,57.45,51.95,51.86,49.95,50.28,51.81,53.04,53.61,46.76,35.96,29.51
70.38,49.61,34.84,38.29,33.9,24.56,18.24,26.4,32.19,37.84,48.73,65.13
41.51,26.81,27.21,23.88,19.45,20.53,26.07,35.85,45.72,65.48,91.9,142.6
32.18,21.11,15.64,11.89,12.93,17.69,31.88,53.31,62.98,49.39,35.85,45.82
3.57,10.79,21.9,30.58,43.37,69.26,105.05,128.35,143.59,170.69,165.54,133.26
0.0,4.37,13.69,30.61,37.87,40.67,46.58,63.76,87.31,114.53,151.78,211.55
0.0,19.02,19.13,38.02,36.67,43.9,55.48,55.84,46.15,40.15,48.08,58.75
0.0,2.09,32.12,53.19,37.12,46.88,57.41,79.61,117.56,168.93,237.38,280.63
0.0,32.66,36.59,54.33,62.93,82.76,135.72,206.73,271.1,294.2,277.19,245.64
24.65,65.61,136.14,163.74,125.84,87.94,72.53,88.99,162.24,226.43,180.38,119.33
28.55,81.26,251.84,270.48,159.19,110.24,86.21,105.37,151.13,170.0,156.47,120.14
220.78,633.52,537.13,323.46,258.24,202.22,147.67,114.86,98.33,88.02,80.99,79.81
244.27,562.36,469.14,243.89,203.65,149.46,91.81,53.61,37.49,35.28,40.74,41.12
65.14,155.51,129.81,104.26,91.28,99.91,121.98,144.67,156.37,140.33,76.03,28.56
84.6,112.33,116.19,128.23,146.29,138.01,112.04,84.94,66.21,60.03,73.56,100.14
91.06,93.42,76.38,92.42,127.09,171.93,160.45,125.52,75.81,61.5,52.79,57.26
92.22,68.86,58.11,77.39,90.66,106.31,112.09,88.92,59.12,47.11,44.07,57.08
63.49,48.3,39.55,47.94,55.01,56.63,57.93,55.78,51.0,47.9,44.42,45.53
40.99,20.98,37.81,44.56,38.38,31.54,28.58,26.73,29.54,29.65,29.36,28.02
72.34,41.07,56.97,53.92,38.94,32.18,31.19,23.04,24.01,24.84,28.15,28.05
60.46,47.07,45.54,37.03,33.6,25.53,20.17,13.14,10.62,8.75,11.07,13.64
30.03,27.18,19.13,20.74,12.89,13.95,11.22,12.71,10.51,11.74,10.09,11.71
18.49,16.2,13.21,20.87,15.9,14.95,11.53,11.01,10.14,10.18,9.63,10.45
17.86,14.35,13.64,18.66,15.45,13.4,10.44,9.58,8.83,8.71,8.1,8.29
12.29,18.44,11.69,16.69,15.99,13.53,9.73,9.1,8.19,8.2,8.04,9.62
36.68,41.51,27.33,26.23,14.86,12.65,11.03,10.32,10.12,9.41,10.44,11.59
133.66,115.33,115.53,118.8,75.01,34.82,50.1,18.58,28.61,2.72,25.96,0.05
104.59,80.66,69.81,64.99,56.4,48.95,46.67,37.68,29.71,19.73,18.55,12.76
129.41,110.65,97.26,77.81,53.95,44.11,43.21,34.15,16.98,10.48,17.92,12.27
36.44,15.5,27.51,27.93,17.92,9.86,7.98,11.26,11.74,12.12,11.33,14.09
9.54,4.89,12.37,15.55,8.57,11.35,10.3,6.02,6.51,12.21,17.99,25.88
7.76,7.82,10.81,13.02,13.3,12.19,5.53,9.95,22.52,39.49,60.57,71.83
0.0,4.03,0.48,10.66,1.02,0.0,2.39,22.28,59.14,91.91,74.8,44.36
0.0,0.0,0.0,0.0,3.56,29.59,88.37,102.38,72.47,35.78,24.85,30.72
0.86,0.0,0.0,16.87,63.1,118.56,106.29,80.08,45.84,27.23,15.18,22.74
10.43,0.0,0.95,18.43,74.22,135.91,124.46,85.81,41.78,24.91,18.13,21.63
57.31,45.29,63.12,88.39,108.61,112.14,100.68,83.04,59.67,41.88,28.83,28.47
12.63,18.23,23.48,48.44,93.69,121.93,98.4,43.31,22.44,21.22,22.07,23.26
9.53,36.77,70.23,122.55,148.88,141.05,107.09,58.78,28.5,21.14,31.48,45.47
11.54,48.07,87.03,131.16,167.6,166.89,133.84,80.85,43.73,28.6,28.48,33.66
14.08,62.18,102.26,139.3,180.43,183.93,143.8,90.21,48.42,27.91,25.7,30.83
31.61,107.0,133.76,137.45,138.91,115.4,66.85,34.63,22.66,25.41,35.67,35.28
54.74,90.45,101.2,103.62,99.71,79.71,64.26,49.85,37.21,33.44,29.2,21.66
48.25,49.39,48.07,36.24,29.69,34.75,30.73,29.27,31.14,34.21,34.08,26.82
35.0,39.18,33.03,28.75,20.25,17.25,19.25,20.06,20.58,19.69,20.1,20.24
28.65,35.84,29.42,21.22,14.3,12.09,12.41,12.64,16.34,18.5,15.54,18.28
49.49,46.79,37.94,33.68,21.45,15.92,11.19,10.48,11.21,12.8,14.79,13.08
45.79,41.14,24.71,21.66,16.92,13.99,9.63,9.78,11.02,12.55,10.95,14.78
57.2,39.21,22.67,17.3,14.22,12.15,10.51,12.08,12.74,14.17,14.29,16.87
116.77,58.33,48.55,30.21,20.94,19.76,13.6,13.49,15.29,13.26,16.33,18.47
125.2,81.65,62.58,48.64,34.7,17.38,20.78,15.61,12.22,12.31,14.93,16.37
61.39,20.66,27.58,13.29,10.41,9.58,8.02,15.0,11.6,11.82,18.51,21.05
52.25,13.25,15.38,8.19,4.33,2.38,0.09,5.7,2.33,5.37,20.52,52.11
17.48,2.65,2.17,11.18,6.91,0.0,2.39,6.45,9.9,23.78,60.04,118.73
0.0,9.7,13.4,19.28,1.28,0.0,2.71,14.28,40.01,88.37,128.0,155.7
0.0,7.02,12.87,7.53,0.0,0.0,6.82,22.77,59.06,107.79,126.82,139.49
0.0,5.34,0.0,0.0,0.0,0.0,8.17,39.99,103.76,130.82,134.36,132.39
0.0,0.65,3.21,35.22,168.42,290.23,283.59,272.69,297.71,335.12,382.91,419.88
37.97,20.06,0.0,0.0,0.0,11.33,47.6,136.05,243.69,264.48,284.86,324.4
11.68,11.68,31.56,74.25,220.79,300.35,284.89,338.52,372.84,387.5,405.82,430.82
107.83,118.22,158.4,268.85,346.95,355.02,343.15,305.91,207.95,150.87,86.27,40.54
60.13,14.32,38.65,30.95,41.32,63.09,93.36,108.32,115.24,100.16,63.31,22.69
197.13,284.71,313.02,318.57,307.02,293.05,278.42,256.58,219.18,174.26,134.36,117.51
235.12,324.83,384.66,395.1,408.61,379.91,300.16,196.5,98.96,14.66,17.53,35.56
329.26,451.26,460.81,465.58,439.2,380.75,299.4,210.0,104.21,34.42,21.37,29.98
322.29,409.18,415.38,365.1,285.2,216.64,141.7,76.66,34.64,26.34,30.94,34.6
308.93,366.8,377.31,322.66,240.99,152.13,63.11,28.5,29.32,38.98,33.85,26.83
329.0,431.08,446.6,383.41,269.13,171.78,108.81,48.77,26.85,27.48,30.26,39.45
467.74,397.1,222.68,103.86,12.59,13.01,21.65,25.19,25.82,24.88,30.37,39.45
464.05,383.76,192.7,63.01,11.69,20.31,25.4,28.07,31.16,31.63,36.67,46.62
499.78,465.09,427.95,358.94,202.64,116.18,48.93,32.2,42.71,41.83,46.19,49.38
237.57,169.54,125.48,80.35,40.37,42.68,35.43,22.97,24.32,28.69,30.05,31.62
118.12,57.31,44.15,42.9,28.58,29.25,27.24,13.82,6.7,11.98,17.38,23.34
55.1,54.86,34.69,25.34,26.69,22.32,20.46,16.05,13.82,16.96,24.66,68.63
37.8,43.11,32.01,30.49,37.09,29.36,17.49,13.5,12.42,28.71,140.24,618.8
40.44,18.65,11.0,18.47,16.18,8.57,4.99,17.01,74.45,416.1,511.45,293.38
34.72,24.09,18.27,16.36,19.6,20.4,18.63,52.44,302.55,572.12,330.42,245.05
10.62,21.18,13.24,17.16,26.48,28.87,39.68,87.47,375.13,554.0,327.97,276.73
17.15,24.95,25.17,32.15,40.7,66.48,133.41,410.5,556.5,346.1,294.9,283.6
18.65,26.97,34.18,53.97,109.73,278.31,554.27,464.63,365.17,358.32,350.55,312.05
19.16,33.82,52.55,105.78,280.32,518.38,401.55,360.24,373.82,366.97,311.07,230.39
34.36,55.81,117.19,336.13,511.09,394.44,422.25,410.46,354.39,279.09,203.28,145.55
81.71,152.28,330.45,431.22,404.35,402.05,395.7,379.41,359.03,317.69,258.66,183.35
120.71,234.0,342.59,358.47,357.69,344.08,324.57,298.25,263.23,219.01,163.94,119.19
288.98,631.35,512.74,401.26,401.96,368.77,323.75,262.89,193.51,147.25,114.46,102.78
324.84,678.79,563.99,421.95,415.95,395.83,367.67,336.21,281.06,219.44,170.47,134.79
260.62,439.32,380.15,344.44,347.7,333.44,299.59,243.93,149.67,80.09,52.73,38.81
367.51,531.91,404.41,407.33,402.0,372.26,329.73,265.02,170.07,103.04,61.24,40.2
441.99,408.98,411.53,394.85,370.66,327.39,274.6,178.08,84.84,49.24,29.18,30.66
472.16,401.03,400.07,389.04,359.55,315.8,251.66,139.56,74.1,43.17,26.99,27.37
379.67,401.54,369.64,348.26,307.95,235.71,127.34,66.08,32.87,22.79,21.46,21.7
427.56,371.28,331.92,283.13,200.79,107.39,47.61,33.31,37.39,40.08,44.58,43.99
403.2,324.92,269.81,198.67,119.89,70.5,42.35,23.54,30.34,33.34,38.29,40.57
271.64,287.23,211.98,154.17,111.38,69.55,30.19,20.97,24.5,32.04,35.83,38.03
333.3,203.82,132.64,70.54,42.41,35.97,31.44,30.24,31.38,30.89,35.72,38.83
226.45,141.83,85.06,50.37,39.82,32.18,28.74,26.91,27.76,25.45,26.5,28.58
123.77,67.01,40.71,32.61,29.45,34.17,32.61,33.15,32.68,34.38,28.93,25.27
163.15,77.52,29.86,26.03,23.88,24.9,25.76,23.05,30.12,30.64,30.78,22.58
69.58,47.73,29.33,19.7,21.4,20.4,22.56,21.76,23.49,30.71,39.85,53.88
40.61,31.75,21.83,16.31,16.23,20.3,25.12,27.7,32.89,52.56,106.9,181.07
42.21,28.62,21.69,28.53,27.85,18.19,24.61,42.78,112.65,254.49,362.82,463.0
32.47,23.57,28.0,21.93,16.63,18.49,30.89,77.82,204.27,352.87,496.14,644.57
0.0,21.07,13.56,12.15,17.97,27.07,59.69,165.79,327.46,459.84,559.52,474.71
0.0,16.64,16.0,20.92,27.35,59.42,164.94,324.48,414.57,470.92,448.82,456.07
0.0,0.0,10.62,33.31,128.28,361.07,576.0,475.92,448.09,457.13,446.06,412.19
0.0,3.71,38.92,164.31,688.86,605.49,460.26,477.28,485.3,452.87,400.82,350.51
25.44,64.94,255.15,738.4,635.75,463.66,467.03,454.73,424.98,394.03,362.51,313.49
177.73,283.96,675.67,678.33,561.21,547.55,498.16,397.35,317.25,241.84,153.69,107.55
291.23,639.53,556.24,440.06,401.54,353.24,284.99,197.61,134.6,104.04,81.6,63.71
267.4,612.35,552.94,467.28,431.5,374.29,318.79,243.64,166.26,128.69,105.04,90.6
288.31,529.39,575.1,473.83,429.0,417.74,394.75,348.85,274.87,183.32,121.1,85.89
473.98,572.8,532.18,442.59,401.46,357.67,294.0,183.69,96.81,61.79,45.7,38.64
485.33,594.89,578.84,468.52,383.37,315.91,225.77,124.27,74.23,49.65,33.62,30.64
474.33,619.26,638.81,558.61,430.49,340.05,278.05,166.06,88.39,58.2,41.39,34.29
430.07,562.39,587.38,513.57,408.81,331.25,254.15,144.97,73.05,45.29,35.37,33.71
399.4,480.92,423.99,349.55,283.51,193.44,108.76,53.12,35.11,36.68,40.75,45.69
418.11,454.69,367.41,289.08,220.19,141.78,78.39,41.7,29.38,34.28,38.71,42.32
403.46,440.14,347.89,260.31,183.63,119.93,70.88,32.32,25.24,27.95,34.07,37.26
382.01,326.02,250.62,177.3,101.78,56.52,39.0,30.92,30.46,29.63,31.02,34.29
325.98,277.76,198.87,142.39,84.86,52.11,37.91,32.01,31.1,29.96,30.89,33.89
282.08,205.2,128.64,76.53,37.28,32.75,39.05,35.13,29.78,30.32,26.91,22.99
178.95,98.53,55.03,33.77,30.6,31.26,30.69,33.67,37.44,34.58,40.97,44.61
87.39,61.32,54.54,32.98,29.13,30.96,30.57,31.76,37.56,45.76,56.03,70.47
50.06,45.69,37.14,26.12,22.93,24.93,27.73,32.38,34.8,50.25,83.37,136.06
49.12,34.64,25.95,26.28,26.48,16.93,17.37,27.3,37.82,79.19,186.8,298.96
37.06,27.63,26.88,30.66,27.47,25.79,29.11,38.61,93.26,236.07,349.63,367.14
22.98,22.36,22.01,9.22,5.49,11.43,31.36,100.55,262.93,448.65,457.21,408.71
0.0,21.63,15.6,7.97,12.92,32.87,100.43,249.85,395.75,380.03,373.76,371.67
0.0,20.06,6.61,6.87,36.58,148.03,382.2,367.58,378.35,380.73,380.67,361.88
6.78,11.36,22.4,40.95,104.31,270.96,406.94,397.25,390.6,408.14,384.88,316.04
12.58,30.7,64.08,187.78,362.46,387.2,432.28,458.59,448.25,420.05,380.24,324.57
6.64,25.34,65.23,213.98,390.64,419.91,452.23,464.32,444.58,416.89,373.04,309.89
62.76,104.53,264.2,432.14,400.01,405.26,397.55,365.47,333.04,309.92,287.68,261.5
119.89,226.36,351.0,354.41,345.39,317.88,275.81,225.27,176.73,150.48,150.92,155.37
219.94,410.68,434.16,416.59,417.51,409.12,388.17,353.3,306.76,220.32,140.16,102.66
344.46,494.53,420.55,418.14,414.21,400.43,372.03,330.42,260.37,161.61,99.35,64.67
473.38,419.01,415.94,402.32,376.25,340.15,301.31,221.32,123.65,80.75,59.06,45.14
505.41,427.08,423.75,408.98,374.59,334.44,291.13,201.65,103.02,64.49,40.45,28.27
362.5,397.8,381.36,367.21,337.0,297.07,221.91,117.42,65.24,35.78,23.75,24.69
394.81,367.03,355.71,333.35,282.69,207.2,119.6,63.31,33.49,24.94,26.31,28.41
463.2,388.57,362.04,310.94,223.63,135.95,68.8,38.51,27.46,32.52,37.01,42.79
287.64,340.58,269.24,195.23,128.06,85.44,45.08,30.2,27.26,32.65,36.96,39.73
291.93,219.74,157.87,104.1,58.9,39.12,31.85,32.0,35.17,34.74,33.35,30.08
124.88,84.96,61.21,54.61,42.65,34.57,35.75,36.79,32.73,28.86,26.04,19.63
49.06,50.88,40.42,32.43,30.58,32.01,35.85,43.99,54.85,65.49,78.25,96.07
54.72,33.69,30.71,25.05,14.87,11.85,9.45,12.78,13.38,19.73,37.38,81.41
40.72,27.57,23.01,22.78,22.13,18.45,8.83,9.11,15.75,27.86,81.27,214.97
21.46,33.75,23.71,24.89,15.17,17.54,22.49,22.27,16.05,16.99,25.43,38.67
4.27,27.56,23.91,18.95,16.42,19.18,18.66,24.04,24.05,21.08,22.4,19.11
10.72,26.29,25.99,16.34,18.67,16.57,19.03,21.17,23.25,20.66,20.42,18.89
11.65,33.96,14.67,25.47,22.9,18.65,25.53,31.54,41.27,53.26,65.55,65.09
42.09,27.31,24.38,18.79,18.1,18.38,20.21,25.27,30.49,31.97,33.12,32.42
14.59,30.85,21.71,18.65,15.61,16.99,18.29,22.04,22.46,22.52,22.32,24.14
10.37,19.48,21.43,12.85,11.44,14.66,18.33,25.78,30.75,37.05,45.28,49.35
3.66,27.95,22.76,27.27,18.84,16.15,19.14,22.03,26.25,22.24,23.77,25.22
6.43,32.0,32.43,36.59,28.11,27.69,27.99,30.89,30.93,34.14,33.36,35.33
172.36,395.81,386.24,313.64,286.39,226.42,153.72,103.52,84.37,76.16,67.07,65.24
172.27,399.49,396.82,319.45,279.17,231.52,150.23,82.85,57.02,43.99,36.21,35.99
48.84,148.82,183.78,151.84,149.25,129.7,114.73,99.08,84.14,66.03,54.08,49.5
68.42,109.95,107.58,117.15,126.94,134.54,136.54,139.74,153.99,191.1,224.15,196.82
92.35,91.27,84.48,97.05,114.38,136.11,149.75,149.26,132.89,99.57,84.35,86.48
89.7,53.85,61.28,74.0,81.34,90.32,102.04,102.8,69.29,32.9,26.02,20.17
70.59,44.28,53.61,54.87,54.25,56.42,58.32,50.31,39.29,42.09,36.93,32.82
72.59,46.65,55.56,55.5,55.09,54.44,46.46,38.12,37.78,31.35,28.5,26.02
58.45,42.04,50.8,48.4,45.1,40.46,36.69,29.18,24.36,19.84,16.45,15.2
38.72,34.13,33.31,30.82,26.53,22.41,19.54,15.62,13.65,12.26,12.5,12.42
26.89,24.68,15.83,24.25,18.61,15.88,13.97,12.76,11.98,11.27,10.64,10.56
32.43,35.69,17.14,21.88,10.48,12.65,8.87,13.03,8.75,12.55,8.34,12.29
63.43,46.0,45.81,34.23,29.58,18.09,16.18,11.82,11.23,9.95,11.4,12.74
89.99,35.34,40.71,28.13,17.64,16.95,11.49,13.09,11.28,15.68,14.19,18.75
79.61,50.76,46.88,41.81,28.66,27.3,19.75,19.23,13.02,13.71,12.74,14.67
23.13,36.95,14.05,21.98,5.06,9.02,2.36,12.3,10.07,12.81,11.97,16.52
18.57,18.2,17.07,8.41,5.87,6.77,6.08,8.49,11.32,12.2,8.26,10.55
15.21,22.98,2.28,4.17,3.79,0.0,3.69,10.35,12.32,11.32,18.8,68.91
0.7,17.64,3.03,1.49,0.0,4.69,2.19,8.99,45.95,176.54,230.36,242.78
7.46,6.61,19.31,36.16,87.4,203.29,277.89,288.91,345.11,375.81,385.57,404.89
17.8,2.03,2.57,10.5,13.46,4.55,0.0,5.25,27.1,85.12,138.03,117.44
0.0,18.98,11.01,22.57,16.65,21.1,31.28,46.4,69.33,95.82,106.56,102.04
0.0,0.0,19.16,99.37,235.11,245.77,289.19,333.57,343.56,354.01,367.8,377.42
19.86,31.59,69.11,163.53,259.42,265.25,224.79,198.21,210.34,246.24,257.64,236.01
8.48,9.47,7.97,32.54,106.13,168.14,152.94,139.89,115.08,68.99,29.6,16.26
0.0,1.37,0.0,28.31,130.89,194.7,151.25,133.78,106.78,71.73,42.69,32.46
36.54,49.34,49.66,70.34,108.76,182.0,310.21,421.43,366.48,354.26,276.91,163.27
111.86,147.96,178.3,244.9,311.31,338.39,344.84,343.9,307.55,237.3,156.84,85.19
164.02,198.26,363.89,535.17,467.53,441.84,460.78,406.12,255.01,165.21,98.99,53.91
232.96,374.57,539.1,486.6,380.64,323.8,217.24,155.6,93.64,49.94,35.66,36.76
178.29,160.92,176.73,163.56,132.56,98.32,79.96,52.21,33.41,33.94,32.72,32.39
75.66,89.51,104.24,113.9,106.48,118.71,161.53,189.66,210.75,240.38,277.99,307.26
107.98,81.91,109.42,124.18,128.9,130.08,117.98,92.04,64.0,52.12,39.95,31.49
88.05,62.59,72.87,82.08,88.4,90.89,92.41,88.98,65.56,41.29,26.47,24.68
48.79,30.07,27.42,21.76,22.75,28.03,39.2,70.24,116.93,154.66,206.09,280.8
0.0,28.41,9.95,17.18,31.74,41.3,57.5,87.99,145.97,271.57,279.19,218.06
4.44,47.45,50.28,63.92,75.58,96.24,119.01,151.94,175.36,188.43,186.52,181.41
197.87,245.21,130.81,108.15,65.68,49.52,45.5,18.6,13.88,14.62,17.12,16.08
119.81,102.53,107.56,103.46,94.4,81.22,67.21,55.71,38.39,17.58,21.77,18.23
79.9,80.81,79.62,72.08,59.55,48.91,39.19,25.53,22.19,15.24,17.16,12.86
62.69,50.88,59.05,69.32,78.14,78.43,75.66,69.32,62.2,59.51,63.88,71.77
39.69,20.98,15.75,13.87,13.49,19.07,21.89,20.11,26.73,49.13,116.01,231.72
0.0,10.3,7.87,17.01,1.52,5.36,15.03,64.17,210.1,299.67,321.98,323.37
0.0,0.0,0.0,14.53,63.11,234.87,338.63,347.22,365.18,369.11,370.22,354.1
0.0,0.0,0.0,60.98,278.59,265.9,268.47,313.18,343.87,350.91,348.18,336.68
0.0,0.0,31.88,188.31,316.08,256.1,267.85,275.26,269.62,270.92,290.22,314.72
6.59,15.26,80.7,341.17,273.65,270.43,321.18,368.85,397.2,393.09,348.75,298.86
9.54,50.1,218.26,345.56,280.84,295.57,351.75,389.79,387.87,356.81,316.75,293.6
12.12,46.94,158.83,311.45,285.45,257.54,249.8,252.58,250.84,244.78,231.25,209.72
0.0,19.34,27.65,95.03,154.82,155.68,180.85,205.12,189.08,175.19,149.51,104.37
0.0,5.09,0.79,16.13,18.65,29.71,33.7,33.1,36.28,39.26,36.62,28.07
0.0,0.34,0.0,5.19,0.07,6.13,11.95,24.28,29.91,34.04,37.2,35.61
1.53,7.08,19.85,16.69,23.6,22.41,23.93,23.92,25.25,29.02,33.01,32.23
10.59,24.22,23.11,23.61,23.2,25.08,25.23,25.94,26.8,29.82,30.84,31.02
6.29,16.98,24.42,24.05,24.84,25.55,25.79,25.93,26.3,29.1,32.35,27.61
31.07,33.44,32.78,26.91,27.0,26.19,26.42,26.15,25.85,25.94,27.79,29.25
25.65,29.19,24.83,25.31,25.85,25.06,25.48,24.97,24.36,23.15,21.52,22.8
38.82,36.22,31.22,29.97,28.99,25.94,25.33,24.03,23.35,22.32,20.67,19.94
25.2,20.67,16.87,18.31,17.83,21.58,22.48,22.55,22.77,24.38,26.61,27.63
0.0,0.0,0.2,6.38,0.0,2.49,2.7,11.54,14.93,15.9,16.65,18.85
0.0,7.34,6.33,10.92,2.95,7.04,4.44,4.69,3.81,4.98,5.84,8.48
0.0,3.17,0.0,5.17,0.0,1.87,0.2,5.49,5.41,7.63,9.01,12.2
28.69,0.0,17.7,9.67,12.42,8.04,6.11,5.75,5.56,6.01,6.38,8.12
9.81,0.0,3.73,5.16,11.48,20.46,24.61,27.74,22.27,20.13,20.72,19.26
0.0,9.87,6.66,11.07,4.97,9.05,9.05,11.45,13.08,17.24,21.16,25.31
49.6,28.89,39.58,28.6,30.3,31.96,31.09,19.9,12.69,15.65,15.08,16.34
63.9,31.02,31.77,29.72,11.14,7.18,13.84,14.83,15.54,19.74,22.04,23.14
47.15,12.35,27.15,3.78,10.41,8.23,7.89,9.95,15.98,22.48,27.87,38.86
69.68,32.34,33.98,21.9,12.79,9.8,15.45,9.02,9.91,12.37,14.06,13.77
81.1,54.97,60.19,51.45,41.72,32.5,24.49,20.44,15.76,13.51,8.85,7.12
90.87,69.88,81.75,85.51,75.04,58.06,45.63,50.13,57.71,44.68,29.47,20.81
37.77,16.84,19.5,11.17,12.48,17.73,16.14,19.33,39.55,119.21,322.12,399.57
39.56,30.53,22.22,17.83,15.49,16.51,17.91,24.74,46.96,111.0,273.65,373.61
25.87,7.83,15.97,1.81,13.84,15.9,19.33,60.25,198.37,456.21,458.44,367.33
197.25,278.64,300.63,296.97,281.24,261.55,231.12,177.56,121.65,99.16,96.95,98.4
224.3,359.33,375.87,360.27,327.61,276.12,191.84,109.05,32.61,3.78,19.48,20.63
281.42,471.36,497.03,501.19,484.78,431.42,278.69,145.54,48.11,1.58,22.82,24.84
300.38,461.95,486.5,474.26,432.72,347.98,204.25,116.17,29.12,11.52,21.03,15.5
297.77,356.11,340.51,270.28,185.29,89.91,26.1,15.83,27.95,29.05,14.92,8.14
308.0,350.38,447.16,477.32,391.72,264.23,138.98,69.94,15.79,19.84,25.36,30.08
344.32,355.2,273.35,164.6,49.91,0.72,7.8,18.27,19.37,16.18,12.25,14.1
334.32,338.94,260.91,152.35,26.74,9.81,18.19,19.42,25.33,27.3,24.45,26.88
256.35,233.4,110.11,37.18,36.13,29.74,29.36,31.61,20.0,25.27,14.54,19.29
226.8,209.36,83.83,26.24,33.96,28.45,30.95,30.37,26.02,23.58,20.63,19.18
189.06,132.14,58.23,21.28,32.64,33.05,41.03,34.55,36.25,41.51,38.59,40.41
151.05,88.69,46.98,24.86,30.09,33.16,33.12,35.34,39.4,51.45,76.1,129.43
77.53,57.77,56.01,46.87,45.18,44.91,47.48,49.55,51.51,60.17,81.38,124.78
42.7,57.28,56.49,61.58,59.97,58.86,54.57,53.21,56.23,70.28,110.31,181.25
65.47,43.24,44.9,57.65,68.74,74.01,79.57,77.36,63.32,47.19,41.39,44.21
29.75,40.92,29.41,30.81,33.98,31.95,39.91,59.75,148.0,534.39,671.64,443.32
23.67,22.18,13.63,15.92,51.86,166.87,476.55,456.61,288.57,214.29,134.18,104.71
0.0,28.32,18.7,13.08,17.36,25.48,45.38,92.24,179.32,290.53,339.96,348.81
10.18,20.02,15.41,19.61,31.23,83.21,208.44,314.64,331.87,341.49,364.12,375.12
18.61,21.82,35.4,79.54,204.58,327.99,326.57,349.63,403.41,427.95,410.17,381.72
12.34,26.01,52.71,172.5,340.42,365.86,382.9,410.0,400.26,373.83,335.05,276.74
57.61,75.89,161.1,305.78,330.03,339.03,324.43,298.9,251.72,190.58,147.47,143.89
84.53,113.48,200.89,291.8,325.99,333.2,309.08,235.72,141.29,81.2,56.21,54.84
115.96,189.13,323.77,364.06,383.51,388.18,372.01,342.48,299.34,244.88,190.01,160.4
241.49,415.02,414.95,400.69,399.93,378.92,342.84,299.16,211.46,123.33,82.26,51.46
299.57,438.21,384.65,365.29,352.14,321.27,264.01,170.97,104.03,62.42,31.94,23.2
391.57,351.38,358.86,358.48,328.4,280.78,188.39,95.93,51.14,22.26,21.08,18.4
502.95,412.74,386.76,366.61,343.57,313.82,266.53,181.89,105.89,66.74,34.71,22.12
371.7,375.58,345.61,330.41,312.9,271.51,194.6,110.61,65.08,31.67,21.21,21.19
419.6,345.75,341.71,319.26,275.9,210.03,131.09,88.27,48.63,24.02,23.17,20.67
477.75,345.38,295.0,221.34,136.65,77.73,58.57,29.47,27.03,25.89,26.6,28.27
251.77,239.14,153.52,97.01,54.38,40.0,39.22,34.64,34.29,30.42,32.91,31.43
322.24,185.88,112.57,54.52,41.47,37.5,37.0,36.45,34.57,32.67,32.7,29.23
235.14,136.8,81.74,47.19,42.86,41.2,31.11,36.99,33.89,34.38,28.96,24.82
189.56,104.47,47.55,34.16,39.93,35.84,33.12,38.14,37.37,35.88,27.56,21.33
187.51,99.48,43.49,25.03,36.36,35.01,36.52,36.49,33.66,31.28,33.15,43.51
67.03,54.96,34.31,26.85,26.12,28.39,36.64,37.62,35.9,41.04,61.97,121.46
86.14,52.17,38.73,31.42,31.09,35.22,35.24,42.03,43.84,44.25,58.65,113.3
50.2,37.88,38.77,36.7,32.03,24.82,23.33,29.57,47.56,107.06,269.51,409.08
58.34,55.52,51.78,47.46,49.81,51.09,73.35,127.63,226.0,330.53,416.78,451.4
44.95,43.57,35.38,30.65,33.44,40.11,57.97,103.46,208.96,318.32,303.09,285.26
24.33,30.1,18.52,13.53,21.13,51.83,148.2,312.89,323.05,297.66,294.89,307.44
6.59,30.59,19.44,18.84,55.5,162.6,259.86,298.77,305.33,315.74,321.39,303.06
12.6,36.8,17.97,24.44,53.34,114.1,190.62,268.34,274.46,270.91,258.85,221.41
26.33,34.45,39.76,70.09,144.03,408.51,431.89,351.24,347.81,331.67,280.89,211.85
59.8,61.82,101.97,200.8,304.83,295.26,283.61,260.89,215.54,164.77,127.8,108.05
93.92,167.25,346.24,401.95,405.71,402.96,380.54,337.63,285.57,223.06,164.55,135.55
134.37,289.51,407.84,408.19,405.68,381.76,355.35,316.18,261.51,191.5,131.91,106.99
222.51,356.71,368.44,341.51,330.67,328.29,301.09,246.77,149.33,79.15,41.23,23.95
287.23,351.22,362.34,349.39,321.08,303.26,292.11,231.44,131.89,69.88,36.71,26.52
318.13,315.55,336.25,330.19,296.3,250.69,158.01,89.99,48.06,16.99,19.88,18.18
296.38,289.21,300.2,296.71,261.89,212.92,138.85,87.45,53.19,31.09,23.66,18.86
326.54,268.64,235.57,179.13,123.71,76.26,48.77,29.82,30.25,32.68,37.78,38.27
327.82,243.47,187.68,124.9,71.79,30.23,21.72,28.79,31.82,35.23,34.83,36.22
283.41,179.46,118.04,62.19,34.72,36.03,27.5,26.52,27.03,30.25,32.86,33.36
268.92,148.03,85.25,41.01,32.39,38.32,35.19,24.74,26.46,23.89,27.3,32.45
281.46,128.18,60.77,32.17,27.83,36.13,30.93,37.95,29.55,23.98,25.77,27.46
221.24,111.45,45.75,25.32,31.9,26.78,29.2,32.21,30.75,27.76,32.44,33.14
158.9,90.43,37.27,24.91,30.59,22.04,27.37,27.07,25.64,26.71,31.98,29.77
95.23,62.41,31.3,25.18,31.08,26.79,27.94,27.39,28.13,30.96,31.75,35.55
110.63,69.09,28.41,26.94,31.5,26.26,27.39,25.38,24.16,28.62,31.56,33.13
63.32,48.55,31.68,29.29,29.31,30.52,33.78,36.21,39.78,43.19,62.86,118.22
98.39,67.86,44.19,32.09,28.01,34.44,34.36,38.24,36.24,40.66,60.34,117.81
93.12,51.76,38.4,29.91,34.32,30.24,28.92,26.84,33.1,48.65,120.55,302.09
79.03,52.39,41.34,36.04,34.62,30.03,28.89,35.26,54.25,114.98,267.24,469.0
49.2,35.79,32.08,31.25,35.35,47.15,71.23,167.74,355.59,695.25,864.09,789.93
39.41,27.77,28.35,33.04,45.12,71.96,152.12,304.03,613.72,806.95,629.48,514.5
36.61,28.95,29.32,37.7,59.23,105.73,211.26,392.81,818.16,784.84,598.7,569.1
40.12,37.92,35.41,52.98,87.23,153.98,264.69,568.84,841.9,710.55,567.67,575.23
56.78,61.62,68.88,90.86,128.49,207.54,344.43,740.76,808.45,634.46,595.58,593.82
70.07,79.41,93.55,139.54,252.89,447.89,701.82,583.24,613.55,759.17,838.13,854.15
82.03,115.7,224.4,410.13,730.17,613.67,596.25,690.36,733.42,696.32,587.33,493.46
186.43,242.65,356.95,694.75,867.18,771.95,573.89,507.62,468.88,396.61,330.87,241.7
338.08,562.68,863.85,855.34,803.42,683.0,560.64,478.11,401.57,335.67,254.54,185.98
530.49,750.04,794.26,726.9,638.91,526.34,433.59,353.28,276.52,210.94,163.86,137.12
644.68,639.42,642.64,710.85,624.94,482.39,401.06,311.21,238.29,180.57,143.41,131.02
384.14,448.34,428.2,388.93,329.77,265.06,186.82,121.29,89.27,64.93,48.77,39.24
423.59,351.75,325.16,298.42,229.89,142.13,74.78,53.2,43.77,41.06,39.25,41.05
456.16,347.34,312.57,255.67,171.82,96.49,71.11,51.66,47.38,44.95,43.44,44.51
372.02,306.37,271.79,205.52,138.87,93.25,62.39,46.02,41.57,44.82,50.36,49.2
456.65,317.86,266.52,185.18,125.52,94.7,68.51,53.03,45.27,45.58,51.1,51.16
338.95,300.78,237.36,159.48,107.5,67.36,46.54,47.77,42.77,47.97,49.9,46.48
254.62,248.04,177.69,136.91,97.35,64.87,53.33,53.81,50.01,43.71,44.87,45.75
239.76,189.16,144.91,112.01,71.01,47.9,39.16,48.98,43.32,36.43,37.16,33.61
113.57,99.31,99.66,93.18,78.96,54.98,42.35,42.94,43.79,39.04,33.94,29.8
95.27,68.73,59.23,56.29,46.45,41.55,44.34,46.97,45.34,43.96,45.91,46.63
69.91,39.87,38.91,44.01,31.24,25.46,31.65,33.11,46.75,79.08,126.8,181.88
46.7,39.13,26.75,22.69,25.63,26.92,30.77,37.14,44.99,60.14,73.86,90.27
31.19,36.14,19.09,20.59,32.11,38.79,47.74,64.18,84.81,88.33,80.12,76.22
27.34,30.6,28.35,35.81,51.79,100.35,193.98,351.15,629.6,556.57,517.79,490.83
24.82,37.87,29.93,36.98,56.96,124.98,307.27,586.9,431.72,373.92,330.72,273.26
44.42,28.82,39.96,81.39,216.1,592.14,511.2,446.39,423.03,392.73,364.55,319.09
48.66,57.34,129.22,366.5,511.89,433.65,429.21,410.62,385.94,355.86,323.69,289.6
77.84,157.78,406.25,492.38,438.25,428.03,406.28,375.77,338.23,298.18,257.05,219.65
123.3,250.07,458.11,456.17,448.05,436.2,413.04,390.56,357.07,314.47,260.87,198.42
132.8,284.28,460.39,453.46,444.0,440.22,420.53,388.14,350.34,306.65,246.04,177.1
195.41,253.21,283.56,310.55,309.1,301.92,290.66,271.7,250.43,219.28,140.27,84.14
288.4,310.9,330.67,340.05,317.49,288.14,258.17,214.35,150.78,107.3,69.18,32.87
349.54,287.59,289.1,282.49,242.71,187.68,125.5,77.43,35.76,17.68,21.46,18.97
327.23,278.41,259.97,229.87,196.38,159.13,111.14,68.34,40.08,23.84,22.45,25.23
350.65,272.18,241.94,197.0,146.27,95.4,57.09,31.49,30.81,31.68,36.82,34.51
304.29,260.51,198.14,136.22,89.0,58.03,30.34,27.0,30.64,36.05,39.19,41.44
295.97,249.52,178.59,118.72,72.95,40.57,25.63,29.76,31.11,35.4,36.84,36.86
181.62,138.78,96.51,54.01,33.44,41.32,40.78,31.98,27.91,26.47,28.92,31.96
74.53,59.14,49.97,39.03,32.34,34.37,37.99,40.25,28.7,29.26,33.89,32.17
73.9,54.07,40.43,36.76,40.71,40.66,40.76,40.95,35.59,32.69,35.35,31.06
83.55,62.55,41.66,37.93,37.73,38.24,34.66,38.17,29.81,27.58,32.47,22.9
101.97,84.1,49.85,34.55,29.64,33.72,28.43,33.12,28.36,27.1,30.42,26.74
120.41,102.91,68.14,40.75,25.75,32.35,27.4,31.67,29.95,33.35,29.7,30.13
112.14,79.3,47.0,34.56,36.62,33.76,33.61,31.27,31.91,34.36,33.3,33.1
89.28,52.3,38.3,24.19,21.36,19.93,18.54,24.73,24.1,26.77,40.68,74.91
59.33,37.79,32.5,17.94,6.98,6.07,17.95,43.18,129.4,328.85,436.01,530.15
28.32,20.13,13.53,14.71,12.89,25.17,71.59,198.81,327.26,406.11,523.78,532.38
0.0,3.6,0.0,1.03,21.92,113.04,498.25,562.15,528.22,544.5,525.48,514.56
0.0,5.36,16.49,23.2,89.81,572.34,741.15,608.19,574.63,566.62,549.46,508.74
0.0,6.41,37.34,197.63,821.7,758.49,660.05,617.33,578.85,514.32,431.76,374.46
23.95,47.3,247.48,807.77,738.36,647.2,622.51,585.61,517.56,456.89,403.19,353.79
260.22,658.18,766.74,708.83,620.1,576.06,488.72,397.62,335.87,273.54,173.1,105.55
285.51,768.75,682.26,527.29,472.24,443.53,409.13,383.27,350.81,300.63,237.74,182.03
259.07,715.89,650.05,512.43,490.06,480.84,452.39,426.37,405.08,371.58,330.7,269.12
227.89,656.63,654.28,578.24,535.31,501.26,465.67,442.14,418.31,371.07,314.71,253.68
236.67,612.07,611.63,500.2,490.83,477.2,440.28,412.63,401.55,387.79,360.84,316.49
99.84,365.81,656.11,601.01,526.19,504.48,460.96,404.94,377.98,360.35,312.08,238.3
85.12,165.62,164.04,227.3,344.98,488.08,432.17,363.99,327.23,296.17,252.55,186.75
74.68,115.49,94.12,103.57,124.75,150.54,177.78,207.26,233.57,250.1,261.65,283.41
86.2,96.52,95.21,115.62,145.33,162.77,173.75,193.53,220.27,242.11,255.85,260.04
69.16,57.4,49.77,55.19,57.49,65.13,70.23,74.12,66.43,45.74,32.99,30.19
40.46,30.0,34.54,43.27,42.24,35.32,28.83,25.58,23.77,24.41,22.59,21.54
78.82,42.72,42.54,34.43,30.39,22.53,18.04,11.67,10.99,10.18,12.52,13.71
60.12,25.32,27.99,26.53,19.93,16.36,11.16,10.94,10.34,12.18,11.84,13.59
54.29,33.34,22.99,20.86,17.43,12.55,8.55,8.45,8.82,9.32,8.82,9.3
116.29,70.57,62.56,49.56,44.06,34.44,26.61,14.98,13.95,7.3,10.44,6.62
100.56,63.66,44.95,35.7,21.23,22.88,12.84,11.31,8.83,9.09,10.03,13.02
142.19,110.66,94.97,74.24,50.45,46.83,30.81,12.31,16.89,3.29,11.44,0.43
56.64,29.78,34.49,23.09,22.57,13.24,11.18,8.16,7.81,6.99,9.46,12.0
10.89,11.22,8.11,8.35,4.36,6.51,8.57,10.66,9.71,9.91,8.71,10.31
3.51,13.3,16.59,22.53,15.71,12.93,12.81,12.38,11.56,12.35,12.74,11.02
0.0,4.02,2.26,9.61,2.63,1.15,0.0,1.21,2.08,1.29,4.12,10.63
0.0,0.0,0.0,11.13,9.41,14.19,30.52,61.87,70.91,45.57,30.83,20.48
0.0,0.0,0.0,11.09,40.66,118.41,140.39,102.94,76.97,53.49,41.22,26.82
24.12,13.54,0.0,9.47,22.61,80.7,172.03,169.04,148.87,126.6,68.44,24.95
25.47,74.73,72.59,101.58,150.56,204.61,201.41,164.03,129.21,86.5,49.56,28.47
17.6,27.17,82.01,182.69,156.62,138.05,126.17,101.14,59.66,28.17,20.79,27.08
15.14,43.62,85.66,144.3,164.25,144.67,114.22,64.62,33.25,24.05,30.26,41.19
27.27,68.34,83.57,98.45,103.76,75.0,47.41,32.34,23.03,24.98,32.45,37.04
28.46,94.25,85.55,84.32,82.14,71.05,50.79,38.72,30.79,23.62,26.53,32.17
58.44,130.39,123.73,128.83,140.56,149.76,141.27,114.93,86.68,60.27,28.15,17.05
46.77,56.29,53.7,45.64,49.63,52.84,48.31,44.14,40.99,34.73,27.2,20.46
74.39,94.46,103.51,115.9,113.23,103.03,94.55,97.08,111.54,137.38,170.5,217.15
88.41,118.71,141.58,135.14,109.78,91.08,85.33,89.83,100.23,117.01,145.62,171.95
218.05,354.95,350.29,214.79,107.64,49.36,19.17,7.84,19.78,13.64,22.4,9.35
184.92,262.39,289.65,304.76,309.15,306.85,302.95,299.72,284.71,252.31,210.35,167.19
109.73,209.71,247.44,263.12,270.37,269.5,257.59,228.44,191.12,164.66,146.58,146.85
94.42,186.69,185.34,151.92,150.38,143.21,138.44,141.93,147.87,150.31,149.77,147.56
114.92,90.79,99.14,96.69,84.52,78.44,81.81,82.65,95.78,118.1,135.42,146.9
107.57,85.17,93.96,97.07,102.57,102.64,91.27,68.26,46.48,42.86,59.76,80.04
111.65,73.83,88.44,98.78,112.04,118.35,109.9,99.38,84.22,68.57,68.32,68.46
83.61,51.8,57.4,70.18,89.7,106.01,107.95,98.04,80.62,69.39,66.05,50.13
58.55,40.97,51.94,69.01,97.28,121.36,132.29,127.41,118.88,104.24,94.8,99.18
0.0,5.66,6.11,0.0,0.0,0.0,19.29,161.72,306.26,326.83,379.45,370.74
0.0,3.87,2.31,0.0,0.0,6.09,135.62,381.89,288.11,365.68,392.72,392.32
0.0,2.37,11.0,15.93,84.47,344.84,423.2,374.06,383.54,419.43,444.72,446.25
0.0,10.75,23.82,116.44,339.77,383.89,348.86,345.51,362.9,387.54,392.91,380.21
0.0,6.67,39.72,176.35,320.29,339.2,380.72,388.02,424.22,472.65,492.16,489.85
21.5,43.04,199.94,315.09,314.37,394.42,422.06,434.61,449.26,431.9,396.29,365.07
164.75,276.27,523.9,466.86,389.57,396.24,399.09,374.27,333.31,282.22,230.93,180.75
158.03,451.13,471.65,381.35,406.03,415.05,403.02,384.47,363.47,339.34,312.5,290.22
20.52,27.3,26.7,64.04,169.07,249.76,231.38,287.46,344.75,367.84,393.63,430.8
291.86,566.63,569.45,500.45,542.24,506.11,443.84,385.29,321.41,238.4,159.46,106.21
421.04,492.96,474.65,461.64,416.84,371.1,311.31,234.44,133.89,61.75,23.9,19.13
441.26,540.39,566.17,594.76,597.46,525.67,372.92,238.59,139.09,70.92,49.57,43.31
441.63,491.41,486.54,438.89,377.65,320.99,243.08,149.99,67.75,28.65,19.05,25.62
389.18,610.65,628.24,577.04,408.85,274.2,162.7,56.82,22.17,21.38,27.16,32.81
444.29,479.41,422.33,364.03,267.61,163.75,76.21,37.61,22.95,25.01,26.07,31.6
433.97,419.28,381.07,335.81,222.07,116.82,63.35,34.83,20.75,29.25,29.56,39.74
379.32,498.82,308.93,215.72,136.44,94.15,55.87,40.86,41.94,39.98,43.29,49.1
368.2,274.15,205.71,135.78,98.82,78.54,57.58,36.96,30.87,29.71,33.22,40.8
329.47,215.25,122.68,61.39,41.36,38.77,36.27,33.45,36.22,36.09,38.5,34.52
262.66,200.95,111.7,62.39,42.64,39.2,40.66,38.64,35.43,42.58,38.76,33.36
128.77,109.88,104.34,96.16,77.42,52.64,49.3,49.96,48.57,46.62,51.74,59.19
69.48,62.31,55.19,47.41,45.92,44.11,44.28,47.01,49.84,58.98,80.67,129.55
45.95,39.42,38.7,38.77,38.11,36.42,38.81,55.49,110.01,218.82,345.7,434.51
50.68,32.86,35.48,34.99,38.5,45.78,67.23,137.18,260.02,355.4,368.63,380.61
20.93,27.6,21.37,22.8,28.38,34.1,54.76,121.23,267.36,381.63,401.1,398.42
12.73,24.03,23.6,27.29,33.34,60.42,152.66,321.92,361.59,361.83,382.54,391.31
14.63,20.71,28.03,40.41,82.8,198.38,365.06,384.16,385.33,421.1,435.83,423.26
10.35,34.14,21.93,26.02,83.79,237.31,337.87,348.45,364.37,391.01,405.84,394.81
28.53,36.3,38.11,63.95,137.34,265.71,351.57,367.29,394.28,411.71,403.2,385.89
18.23,39.7,52.05,94.39,188.37,293.31,338.81,364.39,405.66,429.05,418.82,389.66
55.63,69.29,106.06,204.54,346.99,357.97,377.72,422.85,439.48,416.22,370.0,296.02
74.41,93.75,166.55,346.46,413.61,407.37,454.83,466.94,450.41,412.79,358.84,274.73
109.27,166.36,332.47,398.62,416.74,421.23,405.28,383.17,357.11,323.39,279.12,226.62
237.66,386.75,407.02,397.66,406.7,392.63,358.71,316.82,244.92,143.72,81.39,41.88
307.29,372.73,374.07,352.34,317.69,309.55,297.43,262.0,187.84,109.21,63.21,28.6
399.32,366.05,381.07,374.69,333.37,278.78,181.82,108.26,63.57,33.95,21.57,17.92
549.34,412.83,401.63,390.63,352.54,288.27,188.77,121.37,83.36,56.24,40.1,33.34
374.2,371.46,350.54,330.76,283.99,211.6,134.03,88.94,53.46,34.76,25.44,20.7
455.21,378.02,360.8,320.43,250.1,156.07,86.19,54.97,39.64,35.43,34.85,38.68
498.82,384.18,340.42,279.83,184.08,105.73,77.58,47.89,35.53,31.81,34.82,37.73
275.22,294.01,230.31,167.26,111.33,67.01,41.35,38.65,39.25,43.12,46.47,47.55
362.12,206.92,141.26,79.34,49.45,47.07,40.28,40.19,41.43,42.0,45.04,46.49
282.6,149.91,91.23,56.55,46.3,47.81,38.13,35.13,39.07,38.29,40.84,40.44
117.68,77.92,43.02,38.85,41.77,39.25,40.35,43.37,36.39,32.75,35.5,28.23
153.34,91.9,40.51,27.54,39.19,36.33,37.19,36.85,33.74,35.6,34.37,29.7
60.93,48.69,34.0,26.67,26.97,30.43,36.31,40.08,43.91,56.29,108.43,231.27
53.97,33.04,31.04,24.16,18.96,22.64,22.01,22.0,29.88,59.9,143.62,269.12
26.47,37.29,34.03,35.69,30.49,26.4,26.29,31.26,34.8,47.04,86.7,174.01
0.0,31.69,32.22,33.95,38.78,36.5,43.94,66.07,104.31,159.99,242.69,287.75
6.72,27.12,32.76,36.5,37.09,39.74,50.42,73.28,113.55,150.08,196.49,245.74
0.0,14.84,21.1,32.52,32.81,37.46,68.97,117.45,153.42,177.34,194.61,180.43
0.0,15.2,22.69,31.63,35.81,50.0,83.8,154.26,257.52,312.83,268.62,249.31
0.73,28.2,36.04,48.15,76.77,138.14,259.26,296.37,263.37,247.91,242.21,205.48
0.0,30.03,35.12,40.98,69.29,133.87,235.64,277.14,261.71,258.39,263.98,263.93
25.16,33.73,41.14,67.52,127.45,259.56,327.57,343.27,342.26,333.03,330.86,326.76
33.3,44.76,76.52,146.21,264.76,318.27,336.59,346.59,347.14,335.75,327.15,313.84
40.5,76.23,146.23,237.14,255.96,268.24,266.28,251.23,226.12,170.96,117.23,90.79
161.88,180.82,216.67,265.98,243.55,224.81,209.87,179.46,128.21,86.06,59.99,40.78
288.92,330.11,315.1,283.9,253.82,225.38,185.15,134.51,95.65,58.94,21.97,17.72
392.56,355.02,317.66,294.9,249.05,152.94,69.8,27.18,27.34,21.35,22.98,25.33
351.2,330.83,300.79,283.27,253.52,199.53,116.85,66.08,23.58,27.45,25.48,22.41
341.41,279.31,250.45,216.32,171.25,117.25,73.03,41.5,21.98,25.0,23.31,22.91
357.75,256.4,181.93,115.29,71.95,40.64,30.81,30.85,35.04,38.52,40.94,39.37
334.31,180.36,102.5,43.5,38.7,35.45,30.82,28.51,27.02,29.69,28.4,27.37
322.49,156.65,78.77,37.73,36.25,38.22,33.49,33.83,29.37,28.39,26.03,28.32
310.88,136.47,61.7,33.97,34.21,35.06,34.52,41.81,31.86,22.08,19.37,22.26
239.39,116.72,50.14,32.13,36.91,31.85,33.57,41.98,36.45,31.25,24.26,22.56
246.79,127.4,56.57,26.43,37.96,34.61,36.41,37.73,34.37,30.43,27.57,29.68
159.24,94.37,44.9,25.64,35.93,34.21,40.57,36.8,31.46,30.15,35.06,49.4
119.53,81.39,44.29,28.82,34.98,33.47,41.97,40.77,40.34,42.51,51.08,89.63
38.88,31.97,28.69,27.13,28.49,27.59,24.45,23.1,35.44,73.8,170.52,276.41
14.43,34.71,33.14,36.47,32.95,27.42,28.62,38.51,80.86,176.19,294.76,374.28
19.48,40.88,34.88,36.52,40.63,48.48,57.55,101.08,180.64,288.07,378.47,429.97
20.73,27.06,34.81,34.47,38.35,32.86,35.0,58.96,98.23,139.47,196.99,240.85
17.77,29.73,36.86,33.85,38.98,43.34,51.22,59.49,65.43,73.87,94.95,125.99
8.79,32.94,27.56,31.89,46.58,84.01,166.09,275.19,328.12,329.23,309.56,283.72
9.11,37.44,31.24,42.96,70.42,101.52,113.62,119.83,126.95,143.54,167.36,189.14
13.54,35.88,19.84,31.58,37.8,56.83,77.96,90.09,94.99,94.88,97.98,104.52
43.49,40.72,38.5,53.54,91.99,146.05,173.39,176.31,178.26,217.58,288.38,312.54
59.42,62.17,80.12,103.02,120.96,150.87,173.68,184.42,179.75,175.25,178.46,170.38
89.74,98.63,127.27,135.79,139.21,131.68,111.57,89.12,65.9,47.97,32.55,28.59
110.63,111.51,108.08,111.7,116.94,91.39,55.34,34.32,16.16,14.61,21.57,24.81
139.58,159.09,173.49,215.69,249.24,236.78,223.38,223.95,222.92,214.53,186.41,122.57
275.92,213.07,178.33,138.54,109.51,93.16,74.78,61.81,41.55,27.15,18.71,17.06
418.12,307.12,268.71,224.39,173.36,113.82,68.68,29.16,27.01,23.04,23.47,25.5
264.97,241.25,177.11,118.88,71.46,30.57,19.7,23.19,27.47,31.03,28.89,29.58
332.89,184.28,122.62,49.88,20.13,29.39,17.24,22.24,22.13,24.28,21.54,22.16
241.32,135.08,74.09,35.31,33.97,27.26,26.49,20.12,20.01,22.33,19.81,21.5
203.43,107.13,47.87,24.7,33.57,30.92,31.22,31.95,20.43,22.63,16.56,17.86
320.79,139.53,58.62,29.9,33.56,38.72,32.55,35.62,31.51,25.74,21.87,23.62
170.15,97.99,38.36,27.05,32.3,26.72,34.99,36.82,32.9,35.11,24.86,22.04
120.78,77.28,30.98,26.84,31.53,23.92,29.98,33.24,29.32,30.78,32.39,40.25
66.24,60.58,37.5,28.49,28.81,29.48,33.01,33.56,32.49,37.88,62.38,133.95
60.77,47.79,42.79,33.49,27.38,29.98,28.7,30.3,32.44,52.73,123.6,305.09
49.02,36.45,32.06,34.38,31.67,22.81,14.74,14.19,24.42,49.06,98.5,215.06
19.54,27.78,26.28,33.74,39.18,34.2,27.0,28.78,29.72,36.45,39.63,44.09
0.0,21.67,21.41,29.09,31.48,33.12,30.17,27.99,35.64,49.07,56.62,64.62
2.0,20.27,22.71,31.95,36.93,46.3,57.54,59.96,56.57,56.93,69.45,102.56
0.0,20.87,24.6,30.57,32.99,36.86,45.3,71.13,104.4,141.66,187.17,190.26
0.0,22.44,25.2,35.71,45.16,56.93,84.64,117.41,149.58,169.04,155.35,122.64
0.0,27.07,31.47,39.71,51.18,65.33,88.37,115.71,162.23,219.84,198.36,158.18
15.38,38.31,33.23,34.75,32.12,37.91,48.94,74.52,134.37,278.07,325.55,239.44
18.91,30.76,36.12,35.09,36.12,47.46,70.67,110.31,169.26,223.94,225.03,212.72
122.03,100.49,91.15,96.57,96.33,78.84,55.95,34.1,24.75,28.5,33.26,34.82
68.45,46.29,53.03,61.81,64.6,55.08,43.16,48.31,51.94,46.77,33.21,27.67
71.27,77.45,78.04,92.7,108.96,119.44,118.9,107.74,88.31,59.72,39.79,31.58
157.4,125.51,103.3,79.59,69.87,62.73,44.84,30.44,23.06,27.33,32.01,36.73
206.87,155.24,107.82,51.91,15.46,43.73,26.17,36.29,27.38,27.39,29.35,32.24
242.59,186.78,114.99,67.22,16.61,36.89,29.36,36.44,30.29,27.97,27.45,30.16
249.69,152.58,91.84,37.95,23.73,32.15,26.74,29.7,31.64,26.26,22.47,23.13
184.11,100.17,39.24,22.44,32.07,27.36,27.37,28.21,31.18,30.66,25.87,21.35
135.47,72.35,20.01,26.4,27.68,26.16,28.5,26.52,27.75,27.86,31.3,27.23
111.73,68.64,17.75,22.27,24.81,23.31,28.64,27.46,22.66,24.73,31.05,32.11
71.83,49.37,32.19,27.27,25.23,26.21,30.62,31.89,28.56,26.16,29.61,31.51
60.67,38.32,30.7,25.74,21.24,21.8,27.16,26.18,26.31,32.54,43.99,87.5
43.44,38.61,32.8,34.62,30.51,26.04,29.26,28.4,33.33,37.89,48.21,81.96
20.9,30.8,26.47,31.65,36.99,37.75,38.03,38.84,46.98,63.65,87.95,120.69
13.65,18.48,21.46,26.94,32.41,36.83,40.22,47.73,72.07,109.55,145.6,176.06
0.0,7.47,13.99,21.91,30.28,28.28,40.14,80.1,131.55,160.27,168.03,158.54
19.45,31.89,29.77,29.09,22.6,27.0,43.43,73.17,122.36,158.55,184.12,209.38
10.61,24.36,28.93,29.08,20.92,23.14,41.75,80.74,139.75,182.84,209.02,244.15
1.63,22.14,26.16,29.32,19.85,25.87,52.17,110.03,178.78,230.77,269.01,278.07
6.79,21.66,29.27,35.41,34.51,40.2,73.59,136.13,208.78,271.58,306.07,287.53
0.0,20.28,18.34,26.41,29.8,32.02,36.93,46.93,85.78,154.55,225.82,276.11
0.35,16.82,28.37,54.73,76.38,93.97,109.59,136.35,199.5,253.32,230.48,218.02
0.0,13.2,27.7,43.18,49.64,61.2,67.74,85.57,127.43,176.9,232.71,277.09
0.0,4.28,37.45,73.66,77.18,81.08,82.21,85.66,108.45,168.06,301.64,339.93
0.0,20.03,55.95,95.97,91.34,86.33,96.77,122.36,175.9,288.83,334.93,317.1
0.72,53.03,130.55,130.14,110.99,91.23,76.13,90.27,168.46,373.3,297.41,222.85
58.59,138.73,207.56,115.21,78.06,48.39,39.37,61.33,149.95,281.45,231.68,149.41
36.65,94.67,99.25,75.44,73.24,95.89,183.18,378.99,325.43,237.71,177.51,97.12
80.5,83.64,75.9,90.26,121.67,184.89,286.38,282.11,215.21,161.39,91.8,43.36
