161.51,252.03,434.57,554.4,681.75,706.23,656.96,605.03,573.82,508.79,499.48,504.59
208.63,406.68,538.64,680.03,707.32,658.83,602.62,570.25,493.28,479.47,487.93,514.95
460.44,570.74,702.34,715.74,653.19,585.88,555.66,483.06,478.89,495.71,527.34,570.76
578.55,702.65,715.86,653.14,587.55,557.39,487.25,482.04,499.96,529.38,571.49,633.2
789.49,766.4,684.7,596.91,546.92,463.58,461.28,486.33,532.64,585.55,653.16,687.62
735.42,664.38,583.51,543.09,466.19,467.79,492.09,536.68,582.94,645.44,678.89,711.49
686.71,599.63,551.27,467.73,470.22,494.21,540.98,585.63,654.01,690.24,720.46,717.9
528.66,504.97,444.42,469.82,494.63,537.76,573.14,638.48,652.42,674.22,683.18,665.34
482.96,432.63,457.82,489.12,548.61,597.04,667.38,677.09,699.43,699.75,668.69,590.72
409.46,440.63,480.6,549.18,596.93,665.63,673.8,695.72,687.44,649.78,575.77,459.29
464.11,492.25,553.49,597.19,667.3,678.14,706.25,699.29,669.61,590.51,468.47,300.8
543.8,580.2,612.35,671.08,671.4,693.09,690.99,665.96,598.33,479.64,313.72,223.18
662.35,662.33,698.12,674.16,692.42,688.75,672.25,607.44,511.67,356.73,258.87,209.81
762.2,756.71,708.97,696.12,676.79,648.39,591.2,504.06,371.51,292.71,244.39,237.83
718.6,687.6,686.63,675.75,652.16,593.96,500.06,363.72,273.29,226.16,224.7,292.87
633.55,655.18,659.06,648.14,598.27,507.36,366.35,271.93,210.9,206.33,275.47,417.68
692.62,681.84,663.63,601.85,500.95,353.87,262.73,204.67,206.79,283.39,424.59,561.94
643.15,636.36,587.2,498.41,354.77,263.94,202.59,203.94,268.32,406.07,542.94,648.05
554.03,538.89,469.14,348.43,273.13,227.58,230.21,296.42,419.86,550.41,636.2,654.13
499.62,481.84,404.33,304.25,208.43,140.05,128.29,193.85,281.65,480.84,604.79,694.38
349.51,327.35,254.54,162.06,128.59,148.35,231.44,325.74,490.58,606.73,670.88,680.57
193.75,181.55,147.15,136.94,158.05,254.67,332.73,493.32,576.52,633.21,639.73,603.12
180.39,140.79,131.51,158.95,249.91,335.12,503.55,587.48,638.6,648.13,604.28,567.41
117.93,114.07,149.54,248.31,345.5,528.13,608.28,651.12,648.91,607.83,553.71,521.75
87.08,138.17,235.09,332.77,520.54,615.88,657.59,667.24,619.61,571.54,531.49,558.04
98.58,207.14,324.18,539.32,634.06,672.03,654.23,594.65,528.53,493.6,541.31,608.72
148.22,289.2,517.88,612.86,669.18,661.27,602.15,546.23,498.12,534.13,585.45,633.24
272.71,506.33,604.51,654.81,636.6,576.37,520.19,497.87,534.36,592.72,652.28,667.57
475.02,598.63,653.95,649.43,588.76,523.96,484.92,500.25,551.19,604.48,630.24,612.53
531.31,604.45,619.46,591.53,552.03,516.37,530.26,574.17,603.7,599.23,581.44,534.97
757.06,711.66,633.89,557.16,515.94,530.76,598.49,640.74,680.74,665.77,589.86,460.25
697.39,621.42,552.89,517.67,533.7,591.82,627.2,664.47,648.49,572.99,454.62,357.4
601.4,523.64,492.5,517.88,597.16,648.34,690.47,677.35,591.84,449.11,334.27,236.29
602.04,556.14,570.15,618.91,642.42,658.39,647.27,567.22,449.46,359.3,281.58,232.07
624.57,606.62,643.1,645.28,647.22,619.14,550.25,436.72,363.12,293.1,248.61,198.23
580.73,627.13,644.3,656.08,618.36,535.86,420.61,340.58,265.32,223.43,185.28,143.15
656.45,655.26,661.12,616.63,528.45,411.19,342.25,268.55,233.23,203.46,158.55,94.85
712.75,693.54,638.49,535.52,424.06,359.2,292.42,250.95,229.55,189.77,114.41,66.98
546.87,548.76,481.32,407.08,367.69,319.65,268.24,239.88,168.31,76.41,23.89,20.4
630.67,530.41,441.8,380.08,323.44,266.82,240.9,169.09,91.41,47.15,35.37,88.94
435.22,379.14,334.58,301.17,263.24,254.97,186.92,107.07,48.18,21.37,61.39,189.47
417.8,363.52,317.78,267.02,253.68,182.73,108.03,54.05,40.82,92.09,210.83,369.57
422.36,353.06,274.64,230.22,147.03,81.7,56.94,78.37,158.35,300.89,421.73,584.66
332.74,301.75,252.22,160.07,114.72,100.32,87.37,132.64,269.44,413.82,606.4,761.87
278.5,251.1,157.27,95.75,87.75,91.32,129.89,271.6,419.18,616.61,772.53,765.43
279.02,171.66,111.32,99.23,91.9,113.69,255.56,400.66,600.65,763.53,764.33,740.03
150.61,99.0,89.62,82.69,107.46,243.63,390.14,590.7,747.65,748.49,728.41,708.04
107.25,95.67,88.4,108.48,239.18,385.24,583.71,742.73,746.01,730.79,713.74,641.9
58.29,61.27,92.22,237.5,383.2,588.49,741.62,749.96,721.36,699.45,628.8,597.73
35.73,77.05,236.78,395.98,606.11,755.57,756.82,715.11,685.77,607.34,579.74,585.3
99.03,240.02,395.91,596.91,744.32,748.03,706.97,678.0,603.71,579.75,587.78,570.7
231.65,395.2,593.14,740.41,740.24,697.87,668.3,602.34,581.43,588.54,573.46,604.76
437.76,624.38,759.31,746.15,699.72,667.83,612.19,588.22,606.61,595.54,622.86,654.16
905.99,930.55,850.62,729.67,647.18,552.31,544.27,580.54,628.2,698.21,736.13,727.54
926.23,850.48,725.95,645.82,556.62,549.19,584.41,627.74,697.89,742.39,732.58,682.88
827.95,718.2,645.55,561.02,558.88,590.19,624.04,683.02,716.66,716.25,674.38,565.67
686.75,626.25,557.04,557.49,578.36,605.89,659.49,693.9,675.83,631.26,533.64,403.94
674.04,580.62,572.87,583.74,604.61,655.88,694.89,675.64,644.6,547.2,413.8,283.9
464.17,499.92,538.51,589.82,657.54,714.68,691.22,657.71,535.6,386.12,249.83,134.0
625.58,614.34,640.29,673.38,716.75,682.18,651.56,532.44,410.86,290.83,177.96,82.17
471.28,550.59,616.87,702.06,689.37,672.41,542.67,419.82,262.89,125.98,34.36,62.07
497.82,593.63,682.81,686.72,698.79,592.06,470.79,303.42,162.08,54.49,58.6,119.73
556.36,656.01,665.63,692.53,580.44,454.53,287.6,152.97,40.67,42.94,111.06,304.02
584.55,625.29,659.73,569.22,464.97,315.64,183.93,68.01,58.36,114.65,289.29,463.17
581.07,641.77,564.56,478.18,329.34,194.66,67.57,53.58,95.66,270.9,450.74,699.64
708.81,613.72,516.48,353.47,199.83,63.12,53.73,85.04,277.97,464.13,721.35,789.41
561.24,464.32,324.56,201.21,68.98,32.0,29.5,161.57,310.1,504.06,678.73,815.73
635.8,374.95,188.81,43.83,20.63,67.75,297.67,526.81,786.98,865.68,889.29,743.5
310.19,137.92,20.29,55.07,101.89,319.24,523.31,764.74,830.12,831.51,705.31,633.57
83.01,-25.06,1.28,79.31,323.32,534.74,779.93,839.35,826.95,678.45,611.92,549.72
36.73,38.21,105.15,330.46,535.38,770.02,830.2,825.81,694.11,628.94,567.03,515.04
58.98,116.63,334.33,535.22,765.44,814.35,818.4,695.94,641.79,576.87,532.48,497.48
78.28,305.84,527.17,773.72,832.91,824.64,699.53,626.98,552.38,500.1,469.67,432.19
315.98,535.04,774.09,809.7,800.96,677.22,629.68,570.59,524.29,494.56,438.82,416.56
501.23,750.28,803.29,822.09,690.76,634.16,569.07,507.8,465.1,410.23,404.63,450.15
731.03,783.79,819.98,712.62,660.62,588.83,524.38,451.02,377.65,355.77,398.47,440.47
689.64,735.07,665.59,648.05,581.16,521.51,450.46,391.58,337.7,363.25,413.46,518.27
846.53,738.88,683.98,573.73,499.81,439.31,398.64,354.26,421.55,495.1,577.34,648.97
658.47,636.52,550.75,491.0,448.98,419.11,368.03,425.18,479.41,564.12,638.36,687.02
597.77,529.92,474.86,439.36,424.56,390.99,454.39,506.22,579.71,648.24,680.67,636.13
558.02,506.69,468.2,440.89,387.18,432.14,482.32,552.38,630.58,691.36,662.46,555.12
393.27,383.33,375.89,360.19,443.48,526.36,597.95,669.5,696.35,637.43,501.88,305.33
410.24,387.23,372.27,457.09,525.87,589.53,653.3,681.59,617.3,486.89,297.34,151.81
383.4,368.1,442.96,511.3,598.14,684.85,720.02,658.4,528.53,332.03,161.69,74.17
403.06,463.25,529.18,603.28,686.92,714.83,649.27,521.35,330.97,167.37,80.34,56.28
497.75,551.04,610.43,673.89,696.67,630.55,513.13,338.56,194.74,119.5,87.57,133.52
517.62,588.51,668.85,700.73,640.9,520.37,340.72,190.67,100.86,68.73,120.3,272.04
616.42,685.6,709.41,634.98,506.37,322.58,182.47,102.2,79.83,143.85,295.7,470.99
756.74,752.0,673.67,527.33,322.17,159.54,74.99,55.38,124.0,296.14,485.09,616.38
710.11,638.4,505.67,310.62,159.99,81.34,59.96,126.93,281.61,466.91,595.11,705.73
744.92,576.76,370.85,195.62,99.23,60.56,120.76,272.55,470.63,626.17,735.17,750.69
535.35,345.38,173.73,85.72,63.74,140.42,298.96,500.34,655.55,753.45,751.45,678.47
446.37,238.17,121.87,70.03,134.39,286.64,496.21,655.94,779.51,791.72,714.09,601.44
239.25,125.62,75.52,137.83,278.78,480.04,630.61,755.08,763.6,692.87,594.96,502.03
98.42,60.34,130.18,278.1,479.22,629.69,747.14,754.18,676.11,577.94,491.96,402.1
38.63,121.22,272.38,478.35,631.62,750.42,753.52,673.87,572.34,485.24,397.03,372.81
149.65,292.56,490.39,632.58,746.4,745.5,665.6,565.16,485.98,404.39,382.05,384.89
270.32,478.36,625.21,743.68,742.28,662.52,557.59,479.32,393.16,370.41,378.04,435.76
476.82,628.7,747.19,745.6,662.32,554.63,472.87,386.65,364.66,373.32,435.24,503.76
703.18,793.9,771.82,666.24,549.7,463.7,382.81,363.34,391.46,462.92,529.61,608.93
734.66,735.11,647.93,550.83,462.71,376.43,342.25,366.24,419.86,481.21,579.35,678.2
696.07,630.45,533.8,452.39,384.8,367.72,394.03,444.16,505.12,594.22,680.48,714.57
544.65,486.42,422.23,377.62,376.94,414.15,456.89,510.1,582.71,655.97,691.4,702.11
645.14,521.53,434.07,385.55,398.04,429.08,494.79,579.28,691.54,746.46,752.83,680.59
451.38,397.07,359.83,391.38,440.95,519.51,598.33,703.11,747.86,745.17,669.21,561.68
385.76,355.08,390.45,441.5,516.94,591.79,690.29,732.64,724.92,650.3,552.71,394.64
333.95,379.39,434.5,515.83,593.57,693.83,733.41,723.78,646.35,542.81,388.65,254.29
438.65,470.76,533.43,592.82,686.35,724.99,721.3,648.8,562.79,413.08,276.14,159.26
407.54,497.1,569.88,681.48,732.3,736.12,657.31,566.38,406.23,260.44,145.24,131.72
631.21,656.53,728.34,734.95,725.29,641.34,562.24,410.85,302.3,208.65,187.1,188.28
611.86,705.09,723.93,723.65,645.09,565.59,404.4,291.17,186.38,166.64,175.01,288.1
580.8,652.12,683.99,637.72,574.2,420.41,291.95,176.82,127.69,123.98,246.95,390.47
674.46,702.35,644.93,569.83,418.78,297.04,188.58,141.29,148.83,272.76,405.58,539.16
762.48,680.99,589.94,420.33,286.0,171.32,126.67,141.15,279.0,420.49,554.97,643.9
801.2,671.75,464.07,290.02,164.78,123.5,154.16,308.15,487.94,647.42,707.53,695.04
720.69,489.3,305.53,167.51,111.56,132.76,289.91,476.82,646.26,714.17,704.93,656.56
371.19,234.55,124.49,102.06,148.13,317.96,496.36,655.16,696.98,673.02,624.48,563.6
170.45,89.26,79.3,139.92,320.94,510.05,665.2,705.06,668.87,609.81,547.83,444.66
55.24,57.59,126.67,318.76,511.07,670.78,707.73,671.28,604.79,534.48,432.29,375.73
51.09,124.08,315.29,511.42,672.18,711.25,674.31,608.41,538.1,431.84,373.75,373.98
107.82,308.15,506.87,671.95,715.73,680.37,612.38,539.14,431.85,373.64,372.29,383.19
319.76,514.14,676.38,715.64,676.37,604.81,529.62,423.03,367.17,370.88,386.85,446.65
495.81,664.09,711.49,678.59,602.77,522.21,410.24,354.19,350.97,363.81,433.85,526.3
722.23,749.54,696.04,601.3,521.76,416.03,370.22,371.31,404.23,475.95,556.09,604.61
731.9,684.87,594.56,522.18,414.78,366.51,362.08,394.76,462.05,539.99,595.49,665.08
712.05,617.15,532.55,415.7,368.14,365.37,399.13,464.19,551.4,611.88,678.35,728.92
529.36,478.42,389.1,368.67,367.13,395.65,445.29,525.58,558.8,618.42,687.53,721.83
408.66,350.81,340.45,356.07,407.5,475.43,556.71,583.99,634.45,687.71,710.11,639.25
423.19,385.51,378.77,409.02,470.74,552.65,590.04,646.17,721.09,746.92,667.39,515.35
341.89,352.42,391.85,466.87,555.91,599.24,651.3,723.75,740.89,651.12,501.66,331.77
363.3,397.89,470.9,559.67,599.76,648.78,719.63,736.29,649.36,497.93,333.05,195.96
380.37,461.51,549.99,594.86,652.94,730.38,747.68,657.46,506.4,337.03,197.17,109.24
471.8,552.16,598.21,655.02,724.87,733.57,639.89,489.91,320.64,182.97,106.53,102.25
540.69,595.46,646.19,714.79,738.02,658.04,513.65,346.15,215.05,134.32,116.95,173.5
735.63,739.22,765.89,742.07,652.99,506.84,352.95,229.69,187.62,192.82,232.94,332.45
587.08,675.36,696.14,650.29,515.47,360.62,214.49,159.56,123.38,153.96,273.62,449.76
632.15,671.22,638.07,513.63,360.74,214.89,154.96,113.57,132.28,247.81,428.56,540.43
675.87,637.21,512.82,359.5,208.3,146.23,105.4,127.63,242.7,420.2,534.76,637.3
707.86,558.74,380.29,206.45,143.38,113.84,152.65,282.84,487.44,611.08,683.43,643.19
522.9,354.71,183.36,132.73,119.31,174.58,314.16,522.49,646.62,702.93,643.57,547.81
424.92,226.44,155.76,123.47,174.75,311.41,526.61,652.32,726.67,677.12,576.36,479.94
239.76,164.91,129.45,174.51,308.11,520.18,643.7,719.71,671.69,577.32,485.05,418.05
108.74,94.88,156.48,306.31,521.89,646.53,714.6,663.87,553.57,456.04,396.02,329.34
67.16,139.57,296.67,520.9,646.81,714.68,661.97,551.69,446.53,381.9,316.79,333.26
121.64,286.4,515.83,647.95,715.86,661.46,548.94,442.11,373.07,305.22,323.78,378.35
268.27,503.35,640.94,715.84,661.06,547.82,438.66,369.58,296.44,313.03,369.56,453.71
607.28,703.03,755.45,674.1,538.1,413.14,349.21,282.32,320.24,390.25,479.66,564.68
698.34,749.85,669.32,535.69,416.68,356.36,290.77,326.33,396.36,481.46,564.99,608.3
775.81,683.87,542.55,416.6,351.35,284.14,321.39,396.06,488.34,571.75,616.88,620.08
533.23,453.68,360.54,337.88,301.32,358.93,424.12,505.06,557.98,579.53,579.94,621.36
778.03,561.91,453.85,321.57,333.68,374.64,482.95,556.32,654.71,699.19,728.03,698.22
398.86,352.08,267.47,330.36,382.24,488.55,539.47,626.55,625.35,639.5,631.34,593.84
496.29,358.82,381.13,388.79,479.8,523.59,624.87,631.09,681.78,693.1,645.53,488.98
385.44,397.15,401.05,483.65,516.35,609.19,614.14,668.06,682.45,641.48,492.37,393.13
435.48,423.06,497.67,519.22,607.15,607.88,662.72,678.19,645.03,499.79,402.6,254.27
337.53,443.31,488.48,603.86,610.59,668.14,677.04,639.99,473.84,363.26,221.15,142.15
501.98,522.21,624.07,615.36,663.47,665.17,630.83,465.22,368.21,233.1,158.79,125.9
442.37,569.03,583.15,656.7,665.57,633.08,461.04,364.16,208.99,122.14,97.43,204.17
551.95,582.34,647.55,655.53,650.99,503.95,414.83,255.39,177.22,145.97,225.9,321.9
557.3,632.73,648.58,648.83,506.11,416.97,254.68,174.68,137.09,218.7,315.41,498.14
615.77,638.77,643.95,504.44,415.03,252.49,170.43,130.46,207.31,302.62,488.14,600.2
681.91,667.5,519.64,417.72,242.61,152.84,115.34,199.91,302.52,494.39,607.22,707.7
828.31,622.33,474.71,250.42,142.01,102.57,207.16,327.87,564.63,706.02,779.78,790.28
586.5,443.49,233.31,140.14,100.15,201.2,320.95,559.79,689.08,755.29,768.47,716.63
511.07,273.66,161.8,104.26,198.25,314.63,563.22,697.4,780.23,800.04,741.73,600.65
107.57,59.38,43.7,185.67,329.25,592.46,712.31,783.53,763.72,683.1,547.81,480.19
77.79,54.63,191.64,330.68,591.51,713.06,787.45,770.58,693.5,556.37,485.17,405.02
81.93,205.35,338.82,594.67,710.33,781.28,769.12,696.57,565.33,495.43,411.36,352.66
174.58,319.03,584.41,711.6,786.49,772.38,695.53,559.1,480.92,392.76,338.46,327.12
293.8,562.55,701.51,787.05,766.81,683.21,542.14,464.8,364.99,307.33,307.17,359.89
560.11,700.84,786.04,768.06,688.04,549.68,474.28,374.96,318.95,313.99,363.99,454.65
671.42,762.22,752.66,684.1,554.95,485.08,388.18,330.6,319.46,359.15,445.26,537.27
673.15,701.45,647.99,545.81,501.2,422.2,361.88,342.06,366.78,434.05,517.67,592.8
808.63,705.28,585.26,514.52,400.13,314.86,297.92,334.37,417.16,515.69,606.69,688.53
704.08,593.04,507.96,390.63,334.66,342.58,390.75,468.49,580.59,665.11,716.54,736.47
593.66,504.36,394.82,341.01,335.01,368.32,438.86,550.48,625.8,682.27,718.42,662.96
374.89,314.7,293.34,326.55,381.13,463.72,567.09,632.63,659.34,674.03,621.38,516.33
434.52,363.94,365.95,386.32,452.94,550.41,630.85,668.29,711.94,667.46,554.47,383.78
415.67,395.34,400.44,455.76,551.33,632.18,677.0,723.79,694.24,581.23,403.89,250.72
569.41,502.51,517.52,565.83,612.66,634.54,691.3,673.53,596.74,445.96,298.12,172.17
484.42,507.09,560.72,611.68,639.37,695.2,673.85,593.08,438.6,295.25,172.02,133.8
716.26,686.11,687.33,650.0,670.47,625.28,559.33,420.95,323.41,236.39,199.52,192.33
684.92,688.33,655.3,673.24,624.19,552.24,409.05,311.95,220.74,191.58,189.21,306.91
688.68,657.1,677.92,625.8,550.51,402.8,303.04,210.63,178.33,182.94,303.4,428.67
559.31,616.54,595.02,549.16,405.1,303.17,200.12,161.06,137.41,249.0,384.76,538.1
562.12,555.44,529.03,403.69,301.1,195.18,149.33,124.38,217.01,344.58,506.14,637.1
372.74,418.97,333.58,283.59,218.66,207.66,182.45,271.93,367.1,501.46,602.94,695.31
484.83,414.18,372.57,250.31,187.55,97.39,125.42,169.34,293.47,517.19,694.84,760.23
321.22,318.15,215.58,145.8,79.64,129.97,191.94,325.82,522.13,700.79,745.17,732.96
379.77,262.37,203.8,103.55,118.77,170.99,298.71,503.44,691.3,760.11,749.58,681.12
209.13,166.52,83.52,118.97,169.73,302.61,505.45,689.34,737.0,730.2,662.98,649.71
114.09,49.99,102.19,167.41,314.39,530.61,706.16,741.65,713.69,648.77,623.08,556.52
24.06,87.61,156.18,305.73,515.26,695.95,728.23,714.52,637.95,618.22,553.33,546.49
102.21,161.55,314.09,536.51,710.38,738.12,703.2,618.89,595.64,538.74,548.39,577.85
110.6,283.21,517.41,690.61,736.05,710.68,626.98,614.78,546.66,546.32,557.88,602.67
345.35,559.01,711.25,724.44,686.54,602.34,597.88,557.11,579.96,612.42,658.45,620.5
460.6,658.46,702.94,699.29,611.22,588.74,518.9,516.72,517.84,554.14,546.12,501.37
703.78,723.09,708.36,618.56,606.03,534.14,542.13,545.37,586.45,559.52,509.35,430.85
673.75,675.3,588.16,598.66,549.11,572.94,582.73,625.36,594.81,519.42,419.27,360.03
685.26,596.09,600.2,547.62,583.28,595.06,639.98,605.94,542.58,442.3,376.36,321.47
805.34,708.47,608.1,588.82,574.7,603.92,587.69,543.62,481.02,428.45,361.07,315.55
664.25,597.68,597.5,587.14,610.82,578.85,524.13,455.73,399.1,344.37,323.52,312.26
515.0,541.89,559.81,604.23,577.14,516.07,446.36,385.3,309.97,276.63,276.77,253.45
558.38,573.94,615.91,582.26,517.1,444.85,394.35,316.16,295.54,297.51,268.55,203.98
579.72,605.15,577.45,517.67,433.88,375.24,303.65,284.82,282.91,255.79,198.23,137.03
716.93,644.64,558.16,446.98,386.48,316.75,309.24,303.56,298.85,250.26,174.8,94.38
487.52,460.15,387.86,368.21,325.55,335.59,317.88,305.82,222.21,131.79,49.44,42.91
544.24,442.11,401.34,331.61,345.76,332.67,327.47,242.35,172.56,98.66,72.63,111.08
516.82,444.06,349.89,334.63,311.23,306.96,237.67,179.4,129.25,115.94,137.49,236.46
527.17,407.09,370.11,319.28,299.33,218.54,164.97,121.76,129.7,175.04,269.15,424.42
281.06,290.3,267.75,273.33,190.35,143.5,104.97,134.4,155.38,254.69,397.19,576.85
362.28,352.43,328.67,210.2,168.24,133.62,138.6,131.37,247.35,423.16,627.44,770.86
586.36,479.15,298.25,168.73,95.65,89.43,93.03,231.69,467.15,711.95,856.48,875.44
351.63,221.4,127.53,93.42,110.86,118.51,245.8,465.76,680.79,812.8,835.41,779.53
160.03,92.8,70.96,96.34,113.28,239.45,459.49,673.51,791.26,810.92,758.51,647.35
90.38,69.97,99.95,114.62,233.28,450.38,659.69,778.96,797.4,748.64,646.76,591.48
69.73,93.34,110.12,233.86,444.83,658.72,775.67,802.73,748.17,643.43,586.73,575.46
80.72,104.65,238.22,460.43,677.08,790.24,811.78,744.87,636.82,574.76,564.02,566.77
122.93,237.28,459.79,668.92,776.87,795.16,725.77,617.01,555.66,552.3,564.06,548.64
269.56,487.3,678.03,770.18,787.9,722.33,620.09,569.25,583.32,599.32,575.06,622.71
481.68,678.38,776.63,794.95,722.35,613.23,562.3,572.01,582.72,561.03,617.3,710.22
611.36,738.19,772.15,724.14,631.52,583.52,588.75,591.49,553.41,599.76,692.11,745.47
704.09,750.67,708.41,630.51,585.76,591.87,594.48,551.61,589.58,675.27,730.52,678.08
879.34,785.59,679.12,602.2,583.89,567.8,529.08,571.45,681.03,756.59,711.35,644.43
875.64,738.85,633.48,581.29,562.71,530.56,585.89,701.16,800.15,763.69,678.6,578.07
702.76,611.96,570.59,561.66,542.11,603.2,713.12,800.74,759.22,673.62,570.49,415.23
646.43,587.75,576.19,539.49,579.88,680.54,770.0,738.08,655.53,565.71,417.51,215.13
567.55,562.48,539.52,587.56,691.41,777.19,733.65,644.99,546.44,394.18,205.55,118.05
560.17,535.85,581.8,688.05,769.22,726.26,638.06,549.56,390.69,194.37,108.42,114.59
497.15,568.37,675.37,772.09,753.58,683.84,596.66,427.27,229.39,133.05,115.39,154.83
624.38,705.7,786.08,755.29,665.41,560.85,395.59,206.15,124.47,123.62,172.23,270.86
656.6,756.4,733.72,658.6,562.41,403.08,212.34,129.11,115.84,160.52,253.61,398.5
730.92,728.48,660.12,571.24,416.53,228.9,138.51,123.62,161.77,257.14,401.39,600.75
573.92,576.33,527.14,419.58,258.44,188.76,169.19,182.83,251.32,366.93,564.2,591.14
682.9,569.62,450.27,277.26,172.96,100.9,88.57,107.14,216.5,371.52,515.58,635.29
750.91,500.37,269.17,155.73,82.5,105.16,214.8,407.45,623.69,676.26,698.4,705.01
296.84,141.74,77.94,98.2,167.92,298.58,463.78,647.34,665.75,645.78,649.27,672.26
197.22,102.85,85.97,149.49,292.85,458.32,657.49,678.73,672.51,673.65,692.35,663.79
49.15,51.56,135.4,291.35,464.65,660.66,671.62,665.96,655.47,661.2,640.49,628.42
50.83,132.75,288.4,464.36,654.88,656.19,657.9,657.47,667.86,636.85,633.15,627.92
139.51,288.51,473.09,669.29,671.77,658.51,659.73,654.98,625.95,618.13,615.32,579.23
224.13,430.67,641.05,646.02,642.06,645.81,657.55,636.0,613.7,601.49,555.23,524.04
458.57,655.3,660.38,666.89,653.38,651.79,629.7,597.45,587.11,547.56,532.52,536.46
614.62,628.85,653.51,666.3,683.13,665.94,633.12,593.15,535.32,500.52,491.68,507.09
759.62,713.7,697.66,676.14,648.06,617.78,606.11,577.63,572.94,578.28,574.24,610.94
679.47,681.24,670.48,642.74,598.44,586.63,550.24,543.65,544.81,558.29,601.71,640.25
615.26,627.77,631.13,599.81,584.08,538.21,516.92,508.47,494.77,547.34,610.93,666.3
575.43,598.07,578.81,577.8,541.58,533.16,528.66,512.85,548.04,600.76,646.73,664.06
552.28,567.65,573.1,544.7,546.35,547.37,533.32,559.08,613.29,669.22,683.27,564.73
444.17,479.22,474.83,519.9,556.6,574.18,601.37,650.67,669.87,649.67,505.21,318.65
459.45,463.86,512.19,559.92,589.58,629.4,673.63,687.47,660.43,511.36,315.37,165.96
591.62,584.03,593.26,584.85,620.1,669.33,698.76,686.14,564.32,380.59,210.2,112.68
563.25,582.05,584.6,623.76,679.17,705.8,682.35,556.08,366.16,196.38,102.7,72.19
475.46,518.17,580.28,657.21,696.96,680.62,552.46,368.94,182.73,81.89,52.03,110.37
437.2,530.99,632.74,695.55,697.25,576.45,388.91,193.75,70.98,28.7,86.84,244.6
648.58,703.83,734.59,696.09,556.81,361.46,186.07,80.93,71.52,151.62,300.53,476.67
903.14,858.83,776.85,580.37,358.69,162.76,69.34,68.4,189.81,375.49,545.97,640.37
844.59,756.45,576.33,357.54,152.3,44.05,31.48,151.82,316.7,498.1,611.63,672.43
836.75,630.65,409.14,184.23,60.2,30.84,142.51,304.8,492.41,631.59,693.89,653.87
569.85,373.23,155.07,43.87,37.88,171.01,339.5,527.52,663.7,710.8,651.45,591.14
431.09,190.29,66.58,45.88,162.72,319.75,508.17,648.46,705.33,655.22,601.67,544.79
170.34,60.35,39.54,159.47,320.55,514.48,651.97,708.2,656.58,603.49,544.82,464.25
22.87,19.2,150.16,321.61,514.63,649.5,695.33,640.41,576.5,519.37,449.06,402.99
43.94,168.06,332.29,515.43,645.7,689.2,633.85,572.26,521.75,457.8,411.93,436.88
159.13,333.0,515.1,642.3,693.03,643.37,580.45,527.48,466.31,422.2,442.79,474.6
297.46,491.76,630.89,690.4,636.04,569.57,510.39,450.94,396.39,414.51,456.7,486.19
539.61,664.13,709.85,642.58,564.67,499.49,441.7,390.18,421.69,467.77,500.8,555.69
544.95,633.73,601.69,563.06,504.34,445.62,375.71,398.58,411.36,428.78,504.76,662.55
616.57,598.16,552.27,496.16,457.49,405.6,432.1,441.85,465.59,534.32,675.88,792.07
584.42,550.49,490.55,451.49,410.58,446.8,457.93,479.15,551.11,691.46,799.03,831.39
547.96,491.41,451.16,408.55,444.05,455.01,473.99,545.29,685.7,792.64,828.49,780.97
478.79,447.91,406.08,443.64,453.89,474.98,543.26,683.54,789.66,821.56,776.49,703.46
444.83,408.48,442.09,452.12,480.29,555.17,695.52,798.57,834.79,787.68,710.34,570.14
426.89,452.94,459.98,484.73,550.53,682.92,782.91,818.51,773.28,697.72,567.89,389.29
525.37,502.72,510.79,558.66,673.15,760.03,795.87,754.76,694.22,571.26,404.59,221.04
461.93,488.14,537.13,660.69,765.55,816.61,777.36,715.63,591.7,414.96,222.7,118.79
471.48,535.18,654.8,759.06,825.97,799.13,737.85,610.33,439.08,246.32,132.35,98.79
567.24,678.97,772.54,824.29,794.97,731.7,605.62,436.44,254.11,151.58,116.14,142.65
563.92,703.94,789.98,793.25,737.56,610.38,422.85,229.41,94.53,49.32,93.64,208.21
741.2,813.38,809.23,741.72,602.3,408.0,215.15,84.1,47.06,95.51,215.07,340.98
796.69,803.58,730.23,591.67,415.17,240.69,116.38,77.61,133.62,245.18,353.44,457.53
919.9,802.26,631.9,419.12,228.83,96.48,64.53,129.22,269.38,395.91,496.83,579.72
825.77,656.21,430.3,225.85,97.38,75.7,147.0,296.25,437.82,554.72,614.69,620.73
647.04,419.4,218.7,91.97,68.68,138.88,290.49,436.56,551.35,609.12,614.66,564.0
348.5,177.53,66.0,63.7,147.63,307.86,450.7,560.98,604.26,598.32,545.22,511.8
140.98,47.6,49.84,141.3,310.73,463.36,571.7,613.53,601.95,543.36,505.62,456.73
85.59,73.64,156.89,316.66,458.48,561.45,603.23,595.25,544.31,513.16,466.25,448.22
41.81,138.92,306.58,457.66,564.38,607.5,594.65,540.81,502.32,453.12,437.13,415.88
138.91,307.45,459.12,564.17,606.63,591.87,536.64,497.17,448.89,434.16,415.54,424.05
300.43,452.57,561.91,606.26,584.31,524.59,480.9,435.59,417.12,398.06,416.79,473.67
431.25,552.9,597.16,580.37,532.0,497.99,454.96,435.84,417.88,428.99,477.33,546.24
774.02,731.43,660.14,549.46,476.09,409.55,404.99,401.68,462.62,541.98,612.38,670.66
634.9,603.1,517.13,472.94,417.42,413.92,394.2,446.53,501.1,565.16,636.4,739.0
782.05,631.92,538.95,426.53,397.5,364.56,430.34,495.73,602.76,703.23,799.81,819.82
595.12,520.73,419.19,397.95,366.1,428.86,485.19,587.74,677.42,776.67,805.18,798.87
466.73,387.0,380.73,362.68,428.67,485.91,581.77,667.49,751.69,772.8,773.22,663.59
466.21,429.89,391.7,436.6,477.25,565.27,657.13,746.72,787.18,794.59,685.66,529.73
513.44,441.15,466.21,484.36,555.5,636.78,729.35,775.53,800.76,701.93,551.84,370.05
420.11,452.91,474.45,553.71,642.79,738.92,782.88,804.55,703.28,547.54,366.52,212.92
567.87,548.13,594.4,646.9,728.59,765.42,795.64,701.26,575.53,412.78,256.67,132.07
546.8,592.54,646.5,725.24,762.74,790.38,693.72,569.06,406.93,256.29,135.74,130.33
544.65,624.38,708.68,753.39,796.96,711.96,585.39,419.75,264.23,140.78,128.71,181.41
617.38,706.49,758.53,801.95,707.34,571.25,398.11,242.49,111.81,106.74,169.55,323.09
673.87,740.89,793.2,706.94,574.55,402.45,241.86,106.15,93.62,154.92,311.47,501.6
689.8,761.37,690.03,572.35,403.07,243.66,102.5,86.37,134.72,284.54,478.82,618.12
802.82,715.7,581.95,397.69,240.38,106.34,98.51,152.11,317.01,512.99,640.16,720.01
710.03,583.59,395.07,234.74,110.27,116.99,177.52,350.69,554.78,687.31,743.14,757.04
530.47,358.65,207.82,98.67,120.25,195.0,374.38,581.41,707.47,747.2,747.14,662.11
324.09,185.28,84.05,119.04,201.23,384.37,590.97,713.91,746.24,738.69,652.38,585.82
169.66,75.32,113.25,200.09,384.19,591.69,711.06,743.06,730.7,642.39,579.72,542.53
110.17,135.31,210.96,384.88,590.83,712.27,748.93,740.3,662.05,603.49,558.8,502.59
112.86,198.8,379.18,591.85,713.94,748.63,735.24,655.47,590.42,546.1,493.59,479.83
174.95,364.6,585.54,713.46,749.88,734.23,650.98,582.85,531.72,478.16,467.96,480.65
312.2,552.63,695.2,747.24,734.38,652.49,578.65,525.19,457.7,439.77,459.23,496.72
475.65,642.43,721.62,737.57,652.9,572.99,509.15,439.35,397.4,401.86,455.95,525.85
611.46,704.07,718.01,644.27,588.86,546.56,485.31,437.92,445.28,481.63,531.72,580.13
707.4,715.5,642.89,591.65,543.08,475.98,424.93,434.03,468.54,515.7,573.4,629.71
578.33,562.97,536.74,526.15,497.15,473.75,479.47,503.56,528.0,560.67,603.21,639.29
525.7,518.53,511.25,490.59,484.61,503.43,529.25,548.42,577.77,611.44,637.17,626.59
530.93,516.69,494.47,486.1,498.46,519.99,539.98,571.41,606.1,629.97,623.34,569.47
568.97,525.07,501.85,502.06,517.54,535.44,573.1,611.21,649.49,644.24,586.83,468.65
590.3,543.11,523.76,521.12,532.78,568.02,612.4,653.98,665.87,614.74,492.72,352.6
459.6,469.72,492.05,531.62,574.66,617.85,647.13,650.7,576.0,442.93,317.56,220.88
440.41,474.49,517.54,568.21,621.76,659.36,665.28,589.1,452.92,319.18,217.05,137.04
563.11,571.53,596.61,623.23,655.03,660.23,595.84,465.67,357.84,264.52,174.3,128.47
456.47,524.85,579.82,644.73,668.57,613.86,474.48,360.02,240.74,134.95,93.32,130.46
452.64,538.64,620.86,664.38,623.45,493.28,373.83,249.0,127.46,74.99,109.68,192.1
636.05,681.6,699.37,628.63,488.15,364.14,249.18,133.01,106.3,154.32,229.22,352.41
723.83,721.43,642.9,490.87,357.09,234.43,119.7,95.21,150.87,232.55,359.48,472.85
671.04,611.73,470.52,349.72,236.82,128.95,101.23,156.12,226.67,346.76,458.28,536.51
554.47,440.54,329.41,228.6,135.17,123.74,182.42,258.98,373.51,484.18,540.79,581.36
637.19,442.4,290.69,142.14,104.27,151.97,254.76,389.38,549.13,623.86,645.65,632.02
389.02,256.33,122.77,105.68,160.8,264.48,393.6,547.91,607.58,623.4,612.02,599.24
277.55,134.33,114.71,163.88,258.35,380.14,532.57,593.8,609.6,604.88,599.07,545.01
79.04,80.69,144.68,255.75,385.5,542.99,600.21,612.9,594.79,581.15,527.94,484.76
69.21,134.14,250.31,384.88,541.65,597.95,610.38,593.8,575.2,517.24,475.29,434.14
110.78,234.73,376.37,542.66,601.7,615.13,598.08,577.87,514.67,465.72,424.04,443.29
189.01,345.56,523.91,598.62,617.82,603.54,580.14,514.27,453.14,403.45,425.64,434.59
251.1,461.11,564.3,617.22,608.99,585.11,511.12,446.1,370.69,374.91,394.3,443.15
356.98,497.34,575.43,602.11,599.55,539.68,469.98,386.29,368.14,363.46,410.81,501.45
416.05,524.44,564.56,587.5,555.81,507.49,425.73,402.73,385.89,411.03,486.88,601.26
573.62,593.87,600.6,556.29,506.32,427.63,414.45,401.59,442.1,517.15,621.49,646.61
735.59,686.12,605.22,516.25,417.87,392.85,392.73,442.39,551.31,672.24,691.92,660.76
1010.8,802.11,632.54,441.21,362.3,328.68,400.34,529.61,722.97,789.75,758.74,693.82
946.53,720.87,498.18,377.7,314.71,361.2,492.11,692.32,786.23,787.03,733.93,624.26
832.86,569.79,422.36,322.21,349.01,463.97,669.88,769.97,792.89,764.99,658.41,441.03
533.12,397.43,315.92,355.26,459.35,648.49,735.62,753.26,705.74,601.43,408.1,241.07
443.02,339.13,372.81,465.94,633.67,705.76,724.02,683.01,581.59,394.31,238.21,111.62
445.96,438.3,501.43,638.33,703.27,721.23,695.17,600.69,444.08,300.35,156.37,49.56
632.3,618.34,708.4,715.68,704.22,658.62,577.67,432.58,333.25,223.0,113.18,30.4
606.46,696.04,717.34,708.69,652.49,557.45,401.81,300.96,178.5,77.24,12.89,35.78
846.43,810.25,765.28,659.23,542.85,375.8,286.87,176.29,111.36,72.3,91.37,181.7
646.14,663.27,600.15,527.76,386.74,311.79,189.66,116.28,39.45,40.12,132.29,338.4
545.55,529.19,484.98,376.55,320.54,209.5,127.97,44.73,16.87,94.55,299.21,546.77
415.25,415.18,340.63,319.8,211.59,133.64,43.29,20.78,69.28,269.14,511.51,793.82
419.22,389.18,386.3,236.18,127.65,-14.46,-100.12,-110.82,68.78,429.31,784.17,1067.52
320.11,346.54,218.12,96.53,-40.57,-119.6,-118.88,70.73,400.31,767.55,1042.99,1186.35
379.01,247.67,143.92,-22.04,-127.09,-126.75,59.16,395.67,767.91,1061.93,1198.36,1120.62
224.63,122.1,-33.51,-126.8,-132.91,58.96,399.58,771.09,1052.72,1189.43,1110.51,962.86
82.63,-63.44,-139.64,-130.64,64.74,413.18,774.2,1046.24,1162.16,1081.24,931.35,720.55
-42.39,-127.26,-128.6,58.53,395.93,760.72,1033.21,1166.66,1086.15,945.3,736.15,624.42
-93.95,-109.33,71.86,416.21,779.24,1048.69,1162.89,1074.27,936.84,741.22,641.77,576.87
-44.11,115.47,439.26,763.62,1036.49,1150.09,1071.0,952.99,773.86,687.59,599.77,547.39
215.05,505.19,803.44,1030.19,1115.87,1022.04,907.34,759.44,699.43,648.79,607.77,586.44
523.21,827.64,1057.12,1137.79,1021.35,876.87,706.37,628.06,572.02,546.39,550.1,530.2
876.89,1077.99,1157.17,1038.88,885.8,694.85,617.96,562.27,532.93,528.38,520.21,451.19
939.67,1060.72,983.38,886.86,703.75,623.79,554.55,518.85,475.2,432.09,376.78,345.37
998.66,942.19,856.76,695.71,640.11,583.84,549.78,499.66,453.76,375.9,337.41,324.47
829.53,770.2,629.25,612.18,605.8,610.21,566.74,518.71,418.06,332.78,287.58,285.53
732.85,627.04,613.75,606.67,629.97,596.18,553.93,449.18,375.85,331.22,322.19,305.46
655.14,630.37,614.7,623.95,593.95,550.3,459.87,387.98,357.15,348.61,323.29,287.73
756.68,693.83,678.43,609.62,535.96,422.66,362.44,336.44,359.91,360.03,329.02,247.98
643.63,638.52,588.88,532.9,417.81,354.36,328.99,349.39,333.5,303.39,229.53,146.79
550.4,534.08,506.0,419.92,379.72,366.5,378.23,342.84,284.14,196.33,112.8,43.9
731.83,620.06,487.96,387.32,336.01,328.99,310.45,272.78,228.58,174.77,100.85,76.74
603.2,481.06,383.0,336.0,351.51,348.51,308.77,255.82,201.34,122.69,78.76,111.83
580.83,442.23,363.15,340.52,326.23,286.39,250.98,207.94,159.01,134.47,148.56,217.82
478.33,394.08,363.89,333.89,281.08,233.24,187.3,141.37,125.53,163.26,235.36,428.78
496.22,423.14,362.71,264.15,185.49,131.95,111.78,134.22,202.49,312.51,480.49,636.02
370.12,370.85,277.65,200.71,163.72,151.65,135.85,168.4,263.06,451.01,640.98,814.86
321.02,256.14,190.8,148.74,135.76,127.7,144.57,241.13,418.87,612.42,802.13,847.51
248.38,184.93,147.22,139.63,136.75,151.28,253.0,427.63,621.75,808.29,847.05,855.17
209.26,165.65,145.71,127.67,145.96,245.84,428.07,624.58,820.64,865.93,868.22,806.17
266.23,206.52,166.85,152.22,231.61,403.42,603.69,808.42,876.2,898.98,840.64,779.85
109.23,104.62,116.58,225.98,405.25,616.25,807.8,875.59,870.09,801.69,747.3,692.56
71.78,97.43,224.88,418.21,630.84,815.96,875.53,859.35,780.66,719.81,671.09,648.79
76.05,201.05,402.76,620.49,807.34,870.45,850.14,767.91,699.98,649.22,633.85,657.27
194.9,405.23,618.39,804.56,865.53,844.37,760.63,699.18,651.21,636.29,660.26,741.26
398.7,617.63,806.75,869.81,845.59,759.47,703.84,652.91,635.65,658.37,739.81,778.07
801.23,923.1,935.71,861.77,759.06,688.98,654.3,644.52,712.7,819.24,846.4,815.77
903.2,921.94,854.64,760.86,686.41,644.5,628.29,693.21,790.3,820.63,801.82,759.34
843.12,810.56,737.31,685.36,661.2,651.63,706.02,789.13,798.4,774.78,736.39,620.64
749.4,700.97,667.42,655.66,648.48,706.9,787.21,794.86,751.81,700.9,587.68,444.08
976.1,828.79,749.0,666.23,686.68,747.65,779.78,749.98,767.12,684.22,529.21,351.92
722.15,682.42,628.05,676.29,745.2,785.11,743.77,759.44,649.82,488.31,317.25,225.91
324.82,413.63,554.74,725.18,834.74,829.77,811.6,670.09,426.75,208.62,124.22,74.16
463.57,589.21,736.69,826.84,826.54,820.06,694.47,461.76,258.92,170.06,99.3,107.51
528.71,696.47,807.5,835.14,830.89,705.13,463.21,254.29,145.97,57.86,70.14,150.58
581.98,736.52,777.95,811.85,714.48,496.37,292.77,183.01,83.6,71.39,135.27,260.14
696.31,756.05,792.72,710.26,501.75,307.3,199.28,98.0,79.18,137.08,252.06,406.26
712.84,774.14,700.51,506.28,327.63,227.09,119.49,94.42,143.88,257.46,407.82,625.55
701.71,664.81,493.72,340.98,244.54,141.56,111.83,143.05,243.45,377.68,605.16,674.38
489.0,367.97,265.95,234.49,159.28,118.5,109.71,141.77,212.34,355.59,528.84,690.41
561.7,330.03,226.07,132.55,107.51,152.34,290.2,445.02,663.33,738.5,776.33,712.97
227.21,154.54,96.66,142.7,193.68,322.74,448.31,643.62,697.66,708.97,663.27,643.56
174.6,96.39,116.5,177.31,322.0,447.36,651.27,702.12,715.65,660.71,644.27,642.66
77.02,101.95,175.39,325.0,453.37,650.2,692.81,706.93,647.33,621.75,629.32,600.53
54.51,144.98,300.23,441.49,652.76,700.57,726.01,674.63,649.97,636.71,605.0,475.63
109.26,271.01,430.92,660.85,716.91,732.5,681.52,641.22,621.21,573.63,448.41,381.58
251.06,420.93,648.57,692.92,717.6,673.32,654.5,644.72,596.71,465.52,380.14,401.95
429.31,651.3,700.36,741.11,684.57,654.02,643.29,584.08,450.38,372.93,407.03,432.93
652.3,694.59,746.46,706.78,680.87,661.54,600.4,435.74,345.79,370.33,391.7,398.95
716.4,733.69,701.67,672.9,642.68,577.59,424.31,357.09,376.4,398.74,410.19,515.38
595.82,623.47,623.04,620.65,574.76,450.09,378.02,390.62,394.15,397.43,490.76,583.51
896.9,792.63,725.96,590.38,428.3,337.94,375.49,394.54,462.13,604.45,686.15,662.55
640.88,630.68,535.33,419.16,348.88,398.91,406.71,460.65,558.4,622.72,603.89,570.53
537.45,487.34,406.5,364.06,397.52,382.58,416.12,501.77,537.53,530.37,537.77,452.77
520.6,415.07,345.26,370.37,388.35,461.98,574.48,618.92,624.22,613.87,471.84,294.19
347.98,307.67,341.54,380.85,489.49,629.3,669.78,664.05,641.61,490.14,289.24,126.03
256.25,301.91,358.9,485.49,622.86,661.2,644.39,625.15,446.23,239.62,85.91,19.05
407.66,426.86,529.48,631.52,660.65,637.66,623.46,450.69,271.03,132.3,56.26,35.45
399.6,509.1,614.59,643.61,624.71,612.4,445.04,276.74,141.53,68.21,42.72,133.33
526.76,623.67,657.5,635.5,617.33,440.73,270.19,131.5,54.37,32.81,130.97,250.74
576.36,626.05,616.6,606.74,431.66,261.49,125.71,54.53,24.22,124.49,249.87,452.28
612.47,608.66,608.89,438.57,275.35,138.43,64.43,30.53,123.06,250.27,453.23,596.75
637.98,620.62,442.77,267.66,135.56,66.44,39.34,136.39,266.24,473.36,604.42,693.18
788.2,547.19,350.5,178.65,73.23,14.86,105.3,237.37,466.52,636.29,732.77,774.2
621.09,398.25,198.42,67.13,13.05,112.33,260.08,496.73,694.2,797.59,815.41,752.62
436.54,224.51,86.09,20.06,104.32,239.21,472.28,671.77,780.23,811.26,758.96,613.05
174.21,56.91,6.43,103.1,235.12,464.06,651.0,756.16,771.22,718.16,588.61,496.76
-0.45,-24.77,85.96,234.0,468.15,659.4,755.35,765.82,698.66,561.66,476.32,415.62
-8.2,96.31,238.61,467.93,655.25,750.54,763.45,700.26,568.61,483.42,420.43,334.33
115.88,253.83,476.2,658.0,750.01,760.01,695.99,563.88,486.54,426.43,342.25,313.92
234.47,465.0,650.59,746.56,757.43,693.61,556.16,478.3,413.72,329.79,307.45,351.84
510.63,683.75,765.7,760.95,691.19,551.19,475.43,414.34,344.37,329.27,373.03,450.7
737.33,798.27,781.97,696.05,544.75,460.77,400.51,333.55,330.6,383.66,465.89,540.38
713.46,735.26,663.92,535.45,471.6,424.41,349.97,338.3,376.48,445.91,519.49,604.63
681.78,629.54,521.33,475.49,415.22,328.73,302.13,338.88,387.62,456.78,567.54,677.94
684.36,565.24,490.56,408.93,338.11,330.38,382.0,432.62,529.26,641.23,722.7,751.88
529.54,473.0,396.65,334.56,335.62,392.47,438.52,529.02,635.06,713.18,742.15,695.39
430.78,370.89,323.02,337.53,390.19,430.63,510.45,612.51,676.73,701.65,671.09,549.17
300.86,283.65,309.53,379.32,438.21,534.73,636.38,697.72,713.18,665.9,537.29,365.95
344.45,349.25,396.83,437.46,536.25,643.93,714.12,731.86,706.62,577.63,395.96,218.85
515.14,496.68,496.29,548.99,622.58,672.36,698.56,686.31,594.63,436.23,265.73,143.07
410.46,447.55,518.88,615.63,683.54,717.87,694.61,593.36,418.69,242.25,124.54,86.17
493.96,551.08,633.36,681.7,710.3,682.51,583.37,412.85,249.63,144.91,108.0,141.3
672.7,714.62,729.59,716.02,673.19,566.42,403.22,247.6,173.83,159.78,187.46,293.44
648.22,692.88,698.37,671.04,568.84,404.97,236.82,157.37,125.75,153.0,268.76,433.12
735.52,729.01,690.28,572.01,397.05,223.33,145.56,115.44,153.13,278.73,443.72,544.79
655.92,644.79,548.19,394.06,221.6,141.39,98.83,132.72,237.38,396.76,511.09,613.97
730.95,604.24,424.58,224.21,133.05,93.05,139.62,259.42,445.79,576.4,658.26,677.86
717.21,491.35,255.8,131.54,85.29,136.21,275.97,475.3,641.21,729.49,726.92,659.94
550.31,292.98,149.66,85.25,135.71,275.77,482.27,651.22,756.89,763.91,689.07,554.5
165.42,76.27,43.03,126.76,282.84,497.36,650.69,747.91,724.58,638.72,514.76,419.13
33.99,19.61,116.43,283.18,497.03,649.35,737.4,711.8,612.83,487.23,400.95,381.47
19.65,116.64,283.29,497.44,648.26,735.5,710.11,612.68,486.71,399.93,379.31,423.04
118.72,286.95,499.85,650.4,736.4,709.18,611.26,484.15,399.33,379.25,422.22,425.48
287.01,497.85,649.82,736.65,701.64,598.46,468.67,386.46,364.65,409.13,419.89,460.49
472.99,636.22,730.3,703.61,601.23,470.71,382.65,358.53,397.33,403.94,451.65,567.93
667.75,751.1,712.86,599.4,474.24,393.01,375.29,415.05,434.08,482.37,588.14,661.5
725.26,697.65,588.38,471.27,395.5,381.12,417.72,434.11,478.42,578.84,654.35,683.66
907.54,715.66,547.01,411.05,354.96,366.26,394.91,454.69,600.9,705.59,741.6,739.68
570.05,464.05,359.19,343.55,382.79,427.86,474.39,609.45,683.75,702.16,701.5,717.67
492.63,382.97,356.2,383.13,428.47,475.9,612.74,686.48,713.67,720.41,731.57,683.09
386.88,361.75,387.86,431.11,476.58,610.26,681.95,706.55,713.88,729.34,683.26,586.24
364.29,386.19,432.55,477.74,602.65,667.4,689.04,697.2,708.64,661.01,574.29,377.29
450.96,470.1,500.07,609.57,658.82,672.94,685.64,704.14,672.38,586.97,393.65,224.3
430.68,478.45,589.97,649.39,682.64,711.29,730.99,694.67,608.49,405.51,226.18,117.79
447.76,570.68,639.16,681.85,715.25,734.39,692.33,601.5,391.8,210.8,108.99,100.38
566.01,636.0,680.02,712.87,730.33,685.86,593.07,384.82,203.34,103.32,100.68,141.61
585.15,653.31,691.54,718.6,697.24,621.78,415.22,230.09,125.44,113.35,140.58,269.28
695.01,721.53,736.12,699.5,617.24,408.32,225.26,124.48,124.31,159.68,286.48,457.92
658.91,703.82,678.83,610.21,417.28,245.31,140.92,134.52,159.84,282.57,446.22,604.5
831.91,756.14,658.91,427.78,227.77,104.01,102.13,135.37,282.73,470.22,634.29,745.68
750.3,657.13,430.49,230.67,99.17,95.19,127.19,282.41,468.47,642.82,748.99,758.4
558.27,361.63,185.34,84.8,98.32,145.76,303.79,491.43,646.59,726.29,727.32,635.35
267.71,129.84,43.76,86.44,166.1,349.57,540.94,688.9,756.46,733.03,622.62,534.83
184.16,78.65,103.03,165.97,346.94,541.08,695.34,767.67,759.92,654.04,559.11,459.36
125.59,129.65,182.71,352.72,536.44,683.82,756.99,752.98,656.17,569.44,472.11,395.82
127.27,183.21,354.02,538.05,684.51,754.1,746.39,648.34,559.65,466.2,394.03,356.74
121.24,315.48,517.35,679.97,756.3,748.84,644.61,552.19,442.89,365.09,333.54,358.61
293.25,504.52,672.49,754.41,747.59,644.64,550.1,441.44,358.46,323.45,350.7,426.05
517.13,678.27,760.88,754.37,641.64,539.06,429.77,349.34,314.29,340.95,421.35,529.04
670.77,754.97,749.2,642.6,544.57,438.21,358.44,318.74,344.54,418.97,525.48,610.36
805.83,775.28,660.63,552.56,427.82,333.65,292.17,323.39,404.77,517.42,614.65,678.6
619.7,570.69,490.27,407.21,358.23,350.17,378.24,446.78,534.5,603.62,650.45,682.46
566.84,489.25,405.82,356.9,352.41,383.46,452.65,539.08,608.0,651.21,681.72,667.73
578.27,460.91,386.34,355.53,375.82,442.28,540.1,616.93,683.91,721.42,699.17,600.3
565.83,449.64,391.28,383.48,434.8,522.93,607.31,679.77,742.5,733.91,633.73,477.57
380.45,348.73,362.01,435.56,524.94,605.02,664.8,722.13,691.83,585.92,445.66,328.29
284.65,323.22,412.44,520.45,614.16,680.42,732.58,695.58,575.26,424.75,309.27,211.82
382.46,447.55,538.07,613.82,674.82,726.4,699.2,584.7,451.13,339.52,234.43,162.23
506.84,571.81,633.07,677.94,721.07,689.14,580.15,450.77,354.65,255.6,181.59,134.66
608.88,655.52,689.94,721.4,683.92,571.68,444.98,352.79,263.81,196.49,150.0,186.82
612.04,665.26,710.05,683.7,576.93,450.6,350.54,256.7,177.34,130.22,172.47,290.8
621.03,685.84,669.47,572.41,458.74,365.43,268.92,183.99,128.82,167.5,282.72,428.07
673.15,658.02,568.3,458.95,359.06,256.96,169.47,114.5,146.3,259.46,412.89,542.98
559.45,507.36,418.06,345.8,265.87,195.2,137.67,166.4,260.09,394.44,516.35,622.1
533.16,439.76,352.95,262.24,197.6,155.25,198.08,303.98,455.33,583.58,656.84,672.37
651.81,475.88,331.43,208.3,136.3,164.86,295.26,465.34,645.5,742.28,741.17,695.23
592.31,398.82,250.76,149.09,156.66,269.22,444.64,629.72,748.39,768.16,726.46,649.47
270.8,171.31,105.82,149.19,274.51,453.47,622.88,733.24,717.74,664.14,602.0,488.47
176.51,108.02,151.31,274.45,449.93,619.02,731.14,719.18,665.88,602.15,489.28,398.74
54.76,116.94,253.41,446.76,623.96,740.8,726.27,671.29,594.6,470.59,379.16,385.43
95.27,239.71,440.02,626.96,745.11,728.7,671.36,591.79,460.97,365.81,372.86,408.08
246.08,440.57,628.87,748.42,724.5,660.34,580.09,450.72,353.5,363.29,403.4,444.84
452.76,633.6,752.37,727.58,660.54,575.97,447.75,351.05,362.44,401.69,445.44,497.79
713.69,796.85,753.49,664.84,569.55,436.84,348.89,366.93,424.91,473.93,522.81,573.28
758.87,730.98,647.69,563.15,446.1,370.05,388.04,443.24,488.11,527.94,570.72,617.4
705.63,630.31,553.91,445.85,369.76,385.71,438.14,480.64,512.02,550.67,603.06,627.64
623.15,547.87,444.23,374.0,384.19,429.85,469.15,499.42,532.38,582.51,615.79,629.47
614.45,482.89,395.05,388.15,424.22,458.06,495.04,533.48,598.47,637.77,648.67,655.27
469.02,390.19,379.61,418.73,470.26,520.52,563.8,625.08,667.63,674.88,665.73,603.72
338.73,348.99,401.84,466.47,524.7,571.55,629.43,668.37,662.19,647.41,585.97,429.47
458.34,463.37,506.52,536.16,557.55,597.98,643.77,645.41,651.63,601.69,452.26,297.89
585.92,576.55,577.45,566.49,584.14,616.73,627.75,643.15,619.99,483.73,330.98,227.9
658.31,623.83,594.78,591.1,610.15,610.9,631.22,613.01,494.96,354.94,253.87,182.09
530.37,537.05,557.17,602.43,618.45,643.71,616.89,492.08,330.19,221.5,155.98,163.82
551.15,566.74,609.0,617.74,643.83,615.9,492.26,330.87,224.06,163.16,169.47,266.09
508.33,574.27,597.99,638.8,621.68,504.58,339.83,230.63,156.69,156.55,250.6,425.53
634.32,636.08,659.61,622.42,501.49,337.56,238.34,168.65,185.23,287.46,448.8,563.6
581.4,622.97,603.6,500.03,337.65,236.08,159.51,173.2,257.9,415.24,535.81,643.33
754.11,681.47,550.4,350.79,218.24,126.35,151.3,254.31,440.04,587.32,686.48,710.2
663.26,579.56,413.07,247.89,111.89,70.86,99.68,227.49,341.38,558.69,679.06,788.19
549.22,399.27,238.89,75.42,47.23,89.98,237.13,361.58,562.82,697.6,789.47,765.0
382.11,236.66,106.85,66.99,80.95,219.72,331.75,539.02,662.06,769.94,752.12,676.76
88.94,13.38,11.07,71.82,228.14,359.38,560.86,673.31,741.17,710.15,631.57,560.88
-5.3,-2.34,67.1,229.48,368.68,581.87,689.89,749.08,705.01,630.77,543.63,499.91
52.97,102.88,247.13,364.88,563.15,673.78,736.51,710.24,645.06,575.51,527.57,502.94
69.44,220.06,355.69,580.83,692.04,752.1,700.74,624.51,539.59,494.76,488.8,473.86
232.33,362.72,584.59,676.13,739.85,690.48,618.75,550.3,508.53,500.17,472.12,479.09
572.38,714.34,747.56,734.72,651.17,567.18,518.34,517.16,566.81,580.69,585.4,615.7
799.27,814.73,780.35,672.97,566.4,491.32,476.57,512.94,543.26,570.56,615.84,624.95
1014.46,898.48,746.55,589.77,490.76,445.52,494.22,533.96,594.55,662.31,674.71,618.96
726.59,639.15,528.22,486.71,457.58,505.5,525.27,576.2,596.65,585.45,543.0,557.47
494.25,439.36,437.93,449.2,519.86,545.57,583.15,592.48,550.08,488.5,509.45,504.9
430.5,417.36,427.1,504.25,553.71,615.29,638.31,601.53,537.54,529.04,491.03,444.13
388.96,417.73,514.51,570.2,617.35,621.79,578.26,511.18,500.17,465.7,444.48,369.72
332.06,455.26,535.37,609.03,626.47,586.81,523.41,507.81,458.26,412.87,341.24,249.15
525.18,576.62,634.71,632.09,582.94,514.52,513.96,467.29,448.72,383.4,286.05,176.36
589.4,636.88,624.29,571.26,519.16,533.42,503.43,484.77,431.57,335.43,207.04,164.6
522.92,552.67,535.59,519.89,556.3,534.82,502.06,431.19,297.73,155.74,120.02,120.38
532.01,525.61,509.71,544.5,532.31,510.19,443.69,314.29,172.11,138.1,123.68,200.67
554.61,528.74,563.14,545.13,518.58,445.34,309.89,162.68,128.32,120.15,194.51,372.46
575.44,591.3,553.57,507.11,432.96,304.08,171.3,141.56,151.06,234.04,389.23,543.64
579.43,549.12,513.53,444.04,298.99,149.84,111.01,119.8,194.65,361.56,529.29,679.56
508.94,484.75,414.34,267.21,123.02,103.56,136.25,237.08,409.38,580.61,695.3,700.66
417.07,408.17,267.5,132.51,137.53,187.89,255.42,393.31,549.91,667.18,703.76,683.95
460.35,307.63,149.38,121.22,172.36,256.74,396.7,563.76,704.98,745.81,722.17,595.83
264.65,125.9,103.3,169.61,279.59,429.57,601.24,733.14,772.19,740.29,599.04,490.67
266.01,192.07,218.84,279.24,409.54,560.06,704.78,754.16,754.27,642.96,535.35,392.24
214.35,234.55,294.48,412.64,550.37,684.28,726.56,730.13,620.69,530.79,399.78,377.37
206.9,277.33,403.52,547.16,681.45,731.13,728.59,623.51,521.99,393.61,369.01,406.07
193.35,354.54,532.24,695.41,749.77,741.12,621.72,504.07,351.16,316.47,362.61,445.19
274.41,465.79,661.82,742.51,728.78,604.64,473.66,313.91,250.91,286.3,392.03,455.28
349.51,593.59,695.17,716.49,611.68,496.96,333.33,269.5,286.59,365.57,425.79,575.67
503.89,640.73,682.28,606.35,509.84,361.44,301.64,310.89,372.76,409.25,554.84,684.25
714.31,734.62,622.18,505.43,384.34,346.53,379.0,443.03,514.08,657.97,747.36,770.52
698.78,604.04,488.2,377.55,354.4,396.33,460.59,526.14,665.99,753.15,770.33,726.18
773.62,594.89,444.32,370.56,385.29,428.57,500.27,645.77,766.09,817.54,777.64,684.59
824.12,589.28,461.02,400.38,398.87,446.22,606.65,744.93,842.89,841.47,746.8,607.16
681.42,513.67,439.03,412.51,437.35,577.2,712.63,808.25,823.09,751.83,622.63,452.47
669.6,531.39,476.5,451.33,539.15,642.29,739.88,770.82,723.54,632.19,481.14,320.61
538.88,479.17,465.7,551.66,646.38,729.26,745.22,694.14,595.46,454.08,314.88,214.36
609.07,548.16,593.14,645.38,716.02,731.01,696.08,614.06,503.07,377.49,261.49,187.08
634.77,650.29,685.94,737.23,730.16,678.04,592.94,482.22,370.12,270.74,200.6,195.12
719.53,725.97,756.67,731.02,658.27,556.89,451.19,349.23,268.24,218.59,220.32,294.64
703.54,744.06,723.49,658.01,552.49,442.19,336.57,256.04,196.66,204.27,280.56,407.96
632.28,666.13,630.53,557.52,463.12,363.35,265.81,196.4,175.06,246.46,379.68,595.57
592.54,592.24,544.86,476.08,377.27,282.36,209.39,171.15,227.47,345.71,571.02,662.16
596.82,529.84,467.56,382.26,283.95,182.38,117.22,117.32,213.87,381.0,572.5,738.36
605.27,455.64,335.04,254.95,176.97,164.57,252.84,425.32,633.82,717.87,776.43,777.68
492.87,352.14,267.07,214.47,199.33,278.33,438.04,630.94,732.01,782.73,786.6,807.89
245.48,188.9,145.66,174.87,283.18,448.05,636.83,729.43,750.94,732.68,766.8,797.28
175.87,137.78,172.14,279.91,455.56,646.89,738.15,762.45,746.68,769.31,796.12,769.3
76.21,134.19,255.69,451.17,647.12,734.06,760.89,751.37,765.85,775.24,758.48,764.59
89.64,223.6,438.22,653.41,754.81,775.39,766.0,762.38,763.02,733.1,738.09,705.99
246.55,454.33,658.03,734.97,754.77,745.67,767.73,782.36,761.6,768.98,716.66,686.93
477.17,669.45,749.9,780.57,753.45,759.21,769.97,737.28,743.26,702.68,691.75,653.02
652.56,731.15,777.65,771.0,785.58,792.56,758.54,734.78,677.89,652.12,607.15,564.55
842.34,822.65,799.58,784.07,768.23,725.98,721.56,693.84,686.79,654.85,610.81,598.32
699.33,727.87,739.71,748.85,720.35,736.83,702.5,688.42,638.36,592.13,573.57,594.46
837.68,807.24,798.72,731.47,723.4,671.37,660.09,611.89,583.98,595.77,629.47,637.71
710.68,738.07,695.62,714.98,677.0,677.5,626.2,593.39,575.52,598.19,602.88,606.75
642.33,655.2,694.23,677.46,694.28,649.84,612.2,579.66,590.57,602.39,608.41,528.28
542.48,610.35,614.75,668.68,659.07,652.7,622.35,629.15,607.07,583.67,474.99,340.27
572.1,592.01,652.52,657.31,670.13,658.47,662.54,634.48,601.86,485.18,334.41,196.52
623.67,663.81,659.09,664.96,653.79,663.32,639.27,614.16,498.25,346.02,198.65,129.85
601.48,622.77,647.55,652.32,678.5,661.49,626.23,503.74,338.54,181.24,110.86,88.51
420.15,520.37,570.36,647.36,664.42,650.73,522.68,357.35,164.74,68.78,43.19,134.41
555.6,593.77,662.29,667.8,662.2,539.94,383.89,190.52,104.36,78.27,157.04,298.93
623.97,680.35,672.03,649.89,530.84,381.27,204.1,129.54,119.71,208.25,336.02,509.16
590.87,619.74,629.83,538.28,400.38,221.26,131.28,110.5,169.69,295.38,479.5,623.29
753.54,702.7,583.59,402.96,202.17,98.32,88.22,159.8,306.66,514.37,654.41,736.04
832.75,668.51,470.52,237.37,114.99,87.0,154.1,299.07,526.51,698.77,776.67,789.54
712.2,493.41,250.16,114.38,75.92,137.87,287.52,523.18,706.42,789.33,800.38,737.68
449.09,229.38,99.72,72.08,145.54,303.28,536.02,714.29,790.46,797.6,731.98,633.68
160.0,58.56,50.52,141.95,300.8,531.96,697.52,770.02,757.26,687.52,604.42,526.69
91.24,75.06,155.24,303.52,530.01,696.45,770.19,760.43,700.94,621.75,540.99,479.56
76.8,158.87,304.93,529.87,696.05,769.91,757.85,698.19,620.35,542.36,480.93,448.03
133.92,293.17,524.08,695.05,771.49,758.68,693.66,612.38,529.79,468.63,440.32,429.8
315.48,539.52,703.91,770.53,750.66,682.89,601.65,523.27,468.83,445.95,438.27,426.12
509.48,688.13,762.48,751.28,684.73,603.06,518.39,461.73,432.72,420.78,415.84,493.67
638.82,730.88,734.98,685.14,604.82,519.19,453.67,420.11,394.14,381.01,470.3,588.16
730.99,741.44,680.89,597.97,526.73,475.26,446.77,419.98,416.76,501.53,604.88,664.23
738.35,679.58,597.37,527.11,469.71,436.44,404.93,401.83,485.14,589.82,658.42,718.5
622.01,570.63,506.49,461.73,448.92,432.88,426.32,502.51,600.6,660.39,712.49,754.99
609.86,536.1,477.16,448.4,429.75,424.79,504.64,605.05,677.54,736.0,773.22,728.17
607.11,523.46,474.93,434.13,419.58,494.09,598.79,673.88,751.58,799.71,753.63,603.67
449.79,430.72,410.21,417.39,494.69,598.8,662.27,734.49,762.58,706.48,570.95,391.59
455.68,425.4,425.91,497.42,594.89,654.78,726.06,755.27,705.36,568.81,396.51,251.61
467.16,454.7,508.38,591.59,654.12,731.38,767.56,721.35,602.14,432.72,278.18,181.49
404.51,482.86,572.02,645.21,742.82,792.26,743.83,617.72,444.56,285.26,180.65,107.7
518.09,594.71,660.95,745.14,780.6,720.97,591.6,422.19,269.02,176.07,115.13,142.18
516.12,617.63,720.17,773.44,728.64,608.62,430.71,272.23,163.07,94.51,122.4,246.73
663.47,755.77,790.45,725.96,610.64,440.59,289.84,182.53,133.15,167.84,276.99,402.9
805.53,821.05,748.69,618.52,427.77,261.68,150.71,103.75,145.98,268.28,407.0,541.15
686.46,666.38,570.04,417.0,268.95,166.75,104.75,138.2,227.62,350.61,493.74,632.87
848.3,689.46,482.06,274.49,152.61,91.45,149.18,261.34,438.19,611.85,718.73,735.86
681.79,473.83,264.79,144.83,90.8,156.34,274.86,456.62,634.27,735.7,740.92,712.6
500.23,283.82,153.05,90.9,159.71,280.89,466.62,643.25,753.28,762.57,727.19,649.39
217.16,115.98,72.28,157.93,280.18,465.16,629.69,736.07,726.56,688.77,623.76,543.99
60.15,38.04,138.75,276.5,467.94,636.84,736.95,724.58,673.08,600.83,524.7,449.38
67.68,158.53,286.89,470.4,634.76,734.02,724.65,675.76,611.95,536.93,458.47,426.08
173.06,296.25,477.47,637.73,731.21,716.39,665.2,601.75,529.47,454.81,427.39,410.21
273.85,463.42,627.67,726.7,715.32,666.88,602.01,530.42,452.33,422.55,406.16,421.39
383.46,582.47,701.49,713.55,675.27,614.57,533.47,448.93,401.38,374.26,396.09,460.32
620.24,721.76,725.69,677.41,609.83,524.88,443.0,398.18,379.02,403.0,469.32,575.33
705.43,717.91,669.26,607.07,529.63,454.22,408.32,387.83,412.2,472.92,575.69,674.98
778.53,709.84,627.39,530.11,450.05,404.1,390.34,418.52,497.28,607.93,700.13,722.59
922.06,760.32,608.42,465.33,384.41,349.41,390.5,481.77,641.64,767.31,789.84,784.62
520.75,464.62,385.28,373.0,367.36,419.21,481.71,622.56,687.63,685.01,699.89,700.88
433.52,371.01,360.65,360.34,426.38,501.62,646.08,707.53,703.26,709.87,700.15,571.87
445.43,405.04,387.24,432.9,490.57,625.54,692.47,694.76,717.69,713.77,589.29,427.41
495.45,439.05,461.06,496.09,617.84,677.9,687.16,716.72,734.79,615.41,453.17,268.75
405.76,444.35,481.68,612.91,683.79,702.46,730.64,745.65,624.21,456.66,267.98,147.26
613.74,587.66,676.38,693.99,689.69,701.99,726.52,613.49,487.15,330.08,208.88,142.07
572.46,667.88,688.63,683.19,700.52,725.2,609.65,482.67,323.56,207.67,143.39,161.31
620.06,662.32,673.22,700.88,723.78,603.91,465.41,303.04,171.05,106.35,137.51,217.27
593.41,633.42,677.98,718.05,607.07,474.87,307.85,173.98,94.91,117.81,197.8,384.81
833.8,806.57,788.45,615.08,463.14,290.14,177.19,108.8,185.95,293.7,460.66,590.81
838.97,804.84,632.56,472.91,275.96,140.68,61.66,142.71,247.51,431.79,581.99,729.99
917.36,708.98,516.12,279.03,133.39,55.73,150.41,268.2,485.72,664.78,788.99,802.69
846.83,594.63,324.81,136.64,35.5,118.13,252.49,486.91,698.84,840.72,846.48,771.54
461.03,243.09,87.38,24.73,130.82,279.1,504.89,708.57,820.64,807.46,732.57,610.52
141.77,27.93,-8.8,126.29,284.99,517.49,709.96,815.67,776.79,689.06,574.19,524.46
48.96,3.44,135.63,290.73,514.05,701.3,805.69,768.49,682.35,571.26,525.85,504.3
40.19,155.84,301.26,515.54,699.02,800.63,768.27,686.21,584.22,543.24,516.38,478.37
203.14,332.5,534.37,702.77,797.37,759.99,680.39,581.01,552.81,535.09,495.87,483.44
280.44,502.84,683.5,788.84,762.21,689.32,585.29,554.61,525.46,483.35,471.6,533.74
461.32,659.03,779.48,765.03,689.36,581.02,543.51,513.75,459.05,442.74,514.58,601.33
692.34,796.68,776.76,694.51,577.62,534.51,507.72,454.72,444.87,517.78,605.99,674.63
766.77,755.21,681.66,579.41,535.35,504.88,444.71,431.14,493.77,574.97,654.94,783.57
694.01,642.86,556.29,532.39,507.12,449.59,429.47,489.6,554.86,624.58,759.59,850.8
562.28,518.12,497.51,488.81,475.57,491.29,559.56,616.84,684.73,802.45,859.73,849.68
475.15,470.28,474.93,473.99,492.51,560.02,611.35,674.3,779.01,830.74,827.39,776.91
497.97,490.91,483.95,496.17,556.91,605.14,670.27,776.63,834.0,829.55,780.91,639.27
489.83,479.95,493.19,556.87,602.21,667.25,775.45,835.67,831.07,775.56,635.73,422.85
424.3,458.59,532.79,598.37,680.07,797.96,855.59,843.28,778.83,623.25,409.06,240.52
412.45,500.69,579.16,677.85,798.05,855.09,837.15,770.17,601.5,378.19,219.22,141.23
618.47,652.89,714.73,798.07,853.68,839.17,788.98,627.84,441.18,295.0,198.42,154.01
572.15,667.56,766.53,841.45,849.04,811.68,647.41,455.95,296.33,191.46,141.07,162.17
650.94,760.24,839.02,847.5,814.47,652.09,457.96,295.13,185.79,136.35,156.77,232.35
734.94,822.09,845.12,820.35,646.86,441.47,269.33,159.46,97.71,119.73,211.45,396.84
629.94,728.55,748.1,629.45,464.53,318.81,200.01,122.22,104.79,165.14,341.76,486.01
640.71,690.23,594.2,457.85,323.49,212.45,130.13,108.59,147.31,304.93,450.41,560.11
695.09,596.38,454.58,319.32,212.68,143.57,133.48,184.33,351.42,494.89,580.7,611.98
541.25,416.58,281.82,191.92,159.77,184.0,253.09,422.87,570.07,628.57,621.26,583.04
515.41,343.58,223.07,163.85,185.89,257.03,441.23,593.32,680.39,682.78,627.9,546.39
226.69,150.01,123.87,179.94,263.7,450.76,587.88,666.72,636.85,571.69,503.66,469.74
190.39,146.92,194.84,267.83,445.27,576.79,658.5,632.38,573.81,510.22,478.11,427.74
107.38,168.83,253.52,445.04,577.96,658.88,629.55,571.13,495.99,456.99,409.69,417.06
151.47,241.85,437.69,577.53,662.69,634.4,576.09,498.74,455.75,403.92,409.28,443.78
208.39,416.62,565.24,662.06,636.94,580.02,500.3,455.44,394.62,395.46,430.76,481.88
509.02,617.84,696.82,648.64,569.52,473.49,433.81,380.09,398.02,444.77,501.82,521.08
627.11,696.89,648.56,570.63,474.81,434.68,383.37,400.76,449.01,501.54,521.08,549.06
700.71,649.62,568.86,473.5,436.16,387.69,405.86,454.74,509.4,524.7,551.75,550.46
794.59,655.75,522.26,442.83,374.06,382.22,445.7,512.12,562.58,607.42,599.66,587.1
731.72,571.24,471.72,381.08,379.33,434.06,503.54,556.09,617.92,624.67,612.46,594.02
369.84,347.01,312.46,370.71,446.56,521.02,551.3,598.5,550.63,516.56,515.89,515.37
488.4,399.61,421.17,455.85,510.08,530.12,591.92,553.3,552.8,569.31,561.46,498.2
397.64,417.57,453.63,509.24,530.28,592.65,556.25,557.64,573.23,562.66,496.27,405.03
426.68,456.78,510.28,531.87,595.01,559.36,562.92,577.08,568.76,497.82,404.77,269.2
524.96,546.52,557.64,605.42,545.64,532.05,547.28,545.17,484.36,400.99,277.98,217.65
587.28,580.46,615.31,542.94,535.2,554.93,560.69,500.61,431.95,312.21,242.54,202.36
506.32,566.67,514.45,528.54,558.53,567.8,501.92,430.18,292.45,213.29,178.7,211.38
552.79,507.54,524.56,556.77,571.04,508.68,436.52,298.29,215.7,179.11,209.57,310.8
563.24,560.31,574.55,569.69,508.5,439.3,311.21,233.17,213.92,252.17,339.52,491.07
513.12,547.02,555.91,507.95,442.07,313.56,229.48,205.95,231.06,317.0,471.26,589.53
532.78,542.9,504.31,443.5,308.44,216.72,188.5,214.27,289.99,446.7,571.82,691.14
487.18,471.45,424.86,305.19,222.24,204.68,232.06,311.53,458.28,581.01,684.92,736.49
594.47,537.26,416.81,260.87,173.38,121.13,139.95,241.32,362.11,599.21,744.01,761.03
541.28,422.57,263.15,141.86,93.12,121.11,244.06,379.41,609.15,770.39,771.58,720.57
456.79,291.78,192.33,118.29,110.37,218.29,340.5,575.57,734.87,761.85,721.63,652.52
226.26,150.72,93.16,106.34,220.59,354.64,590.48,744.67,750.99,712.65,637.7,550.12
153.88,91.64,111.16,223.88,357.86,596.97,745.05,743.96,694.86,631.83,535.52,426.15
103.43,120.79,225.47,349.77,580.31,734.26,733.67,700.38,635.88,550.26,438.4,428.38
81.61,196.62,340.6,599.67,750.82,746.28,685.51,610.35,506.38,397.8,409.39,425.27
168.02,324.76,589.1,732.05,742.7,691.0,619.75,528.82,416.23,421.04,416.18,448.74
277.77,560.24,713.01,725.08,673.64,606.48,512.08,418.81,418.4,419.67,462.82,512.31
594.89,743.95,749.83,692.22,606.39,489.94,381.7,366.74,370.99,419.95,488.12,518.58
723.83,730.34,677.1,607.27,513.75,411.67,403.7,407.83,448.78,491.83,512.57,496.56
