612.8,626.4,617.04,599.75,584.2,574.41,570.48,570.57,572.56,574.8,576.46,577.31,
584.16,652.07,689.73,690.99,672.72,654.39,646.12,647.61,653.34,658.1,659.74,658.87,
532.73,535.45,538.18,540.91,543.64,546.36,549.09,551.82,554.55,557.27,560.0,562.73,
720.91,721.82,722.73,723.64,724.55,725.45,726.36,727.27,728.18,729.09,730.0,730.91,
885.09,721.16,721.16,721.16,721.16,721.16,721.16,721.16,721.16,721.16,721.16,721.16,
680.0,680.0,680.0,680.0,680.0,680.0,680.0,680.0,680.0,680.0,680.0,680.0,
669.17,669.17,669.17,669.17,669.17,669.17,669.17,669.17,669.17,669.17,669.17,669.17,
865.79,894.9,924.0,953.11,982.21,1011.31,1040.42,1069.52,1098.63,1127.73,1156.83,1185.94,
998.49,989.8,974.26,1068.71,1073.39,1093.24,1150.14,1167.07,1197.39,1238.56,1263.05,1295.7,
675.83,675.83,675.83,675.83,675.83,675.83,675.83,675.83,675.83,675.83,675.83,675.83,
640.83,640.83,640.83,640.83,640.83,640.83,640.83,640.83,640.83,640.83,640.83,640.83,
309.27,417.63,479.67,515.19,535.53,547.17,553.84,557.65,559.84,561.09,561.81,562.22,
159.09,128.18,97.27,66.36,35.45,4.55,0.0,0.0,0.0,0.0,0.0,0.0,
126.36,92.73,59.09,25.45,0.0,0.0,0.0,0.0,0.0,0.0,0.0,0.0,
316.36,282.73,249.09,215.45,181.82,148.18,114.55,80.91,47.27,13.64,0.0,0.0,
531.82,493.64,455.45,417.27,379.09,340.91,302.73,264.55,226.36,188.18,150.0,111.82,
841.96,726.08,488.96,245.47,93.77,97.84,252.53,490.09,708.77,816.74,770.46,592.26,
951.09,896.32,818.3,766.91,734.26,713.57,700.47,692.16,686.9,683.57,681.46,680.12,
1026.04,887.49,679.47,452.72,261.23,149.45,141.98,238.2,413.03,623.36,818.69,953.2,
547.27,524.55,501.82,479.09,456.36,433.64,410.91,388.18,365.45,342.73,320.0,297.27,
623.64,637.27,650.91,664.55,678.18,691.82,705.45,719.09,732.73,746.36,760.0,773.64,
755.45,800.91,846.36,891.82,937.27,982.73,1028.18,1073.64,1119.09,1164.55,1210.0,1255.45,
665.45,710.91,756.36,801.82,847.27,892.73,938.18,983.64,1029.09,1074.55,1120.0,1165.45,
713.64,757.27,800.91,844.55,888.18,931.82,975.45,1019.09,1062.73,1106.36,1150.0,1193.64,
684.28,654.76,635.7,623.39,615.44,610.31,607.0,604.86,603.48,602.59,602.02,601.64,
652.26,676.96,676.96,676.96,676.96,676.96,676.96,676.96,676.96,676.96,676.96,676.96,
719.17,719.17,719.17,719.17,719.17,719.17,719.17,719.17,719.17,719.17,719.17,719.17,
731.67,731.67,731.67,731.67,731.67,731.67,731.67,731.67,731.67,731.67,731.67,731.67,
723.33,723.33,723.33,723.33,723.33,723.33,723.33,723.33,723.33,723.33,723.33,723.33,
515.42,693.08,693.08,693.08,693.08,693.08,693.08,693.08,693.08,693.08,693.08,693.08,
672.5,672.5,672.5,672.5,672.5,672.5,672.5,672.5,672.5,672.5,672.5,672.5,
662.5,662.5,662.5,662.5,662.5,662.5,662.5,662.5,662.5,662.5,662.5,662.5,
653.33,653.33,653.33,653.33,653.33,653.33,653.33,653.33,653.33,653.33,653.33,653.33,
576.82,605.62,618.04,623.4,625.7,626.7,627.13,627.31,627.39,627.43,627.44,627.45,
457.84,432.62,407.39,382.17,356.95,331.73,306.51,281.29,256.06,230.84,205.62,180.4,
347.19,310.22,273.25,236.28,199.3,162.33,125.36,88.39,51.41,14.44,0.0,0.0,
60.91,11.82,0.0,0.0,0.0,0.0,0.0,0.0,0.0,0.0,0.0,0.0,
73.26,10.06,0.0,0.0,0.0,0.0,0.0,0.0,0.0,0.0,0.0,0.0,
0.0,0.0,0.0,0.0,0.0,0.0,0.0,0.0,0.0,0.0,0.0,0.0,
0.0,0.0,0.0,0.0,0.0,0.0,0.0,0.0,0.0,0.0,0.0,0.0,
146.41,61.71,0.0,0.0,0.0,0.0,0.0,0.0,0.0,0.0,0.0,0.0,
347.89,332.53,317.16,301.8,286.44,271.07,255.71,240.35,224.98,209.62,194.26,178.89,
1029.43,409.77,409.77,409.77,409.77,409.77,409.77,409.77,409.77,409.77,409.77,409.77,
426.09,416.93,416.93,416.93,416.93,416.93,416.93,416.93,416.93,416.93,416.93,416.93,
1055.45,1100.91,1146.36,1191.82,1237.27,1282.73,1328.18,1373.64,1419.09,1464.55,1510.0,1555.45,
1148.18,1206.36,1264.55,1322.73,1380.91,1439.09,1497.27,1555.45,1613.64,1671.82,1730.0,1788.18,
947.27,1004.55,1061.82,1119.09,1176.36,1233.64,1290.91,1348.18,1405.45,1462.73,1520.0,1577.27,
950.0,1020.0,1090.0,1160.0,1230.0,1300.0,1370.0,1440.0,1510.0,1580.0,1650.0,1720.0,
782.73,845.45,908.18,970.91,1033.64,1096.36,1159.09,1221.82,1284.55,1347.27,1410.0,1472.73,
956.36,1032.73,1109.09,1185.45,1261.82,1338.18,1414.55,1490.91,1567.27,1643.64,1720.0,1796.36,
755.34,740.26,731.04,725.4,721.95,719.84,718.55,717.76,717.28,716.99,716.81,716.7,
951.39,828.29,828.29,828.29,828.29,828.29,828.29,828.29,828.29,828.29,828.29,828.29,
851.67,851.67,851.67,851.67,851.67,851.67,851.67,851.67,851.67,851.67,851.67,851.67,
584.15,538.57,492.99,447.41,401.83,356.25,310.67,265.09,219.51,173.93,128.35,82.77,
441.92,291.62,342.79,192.5,243.66,93.38,144.53,0.0,45.4,0.0,0.0,0.0,
328.77,359.11,233.92,228.74,130.95,104.62,23.15,0.0,0.0,0.0,0.0,0.0,
393.77,342.89,292.01,241.14,190.26,139.38,88.51,37.63,0.0,0.0,0.0,0.0,
389.33,345.58,301.82,258.07,214.32,170.56,126.81,83.05,39.3,0.0,0.0,0.0,
337.02,291.75,246.48,201.21,155.94,110.68,65.41,20.14,0.0,0.0,0.0,0.0,
203.24,147.83,92.42,37.01,0.0,0.0,0.0,0.0,0.0,0.0,0.0,0.0,
57.91,0.0,0.0,0.0,0.0,0.0,0.0,0.0,0.0,0.0,0.0,0.0,
0.0,0.0,0.0,0.0,0.0,0.0,0.0,0.0,0.0,0.0,0.0,0.0,
0.0,0.0,0.0,0.0,0.0,0.0,0.0,0.0,0.0,0.0,0.0,0.0,
214.55,179.09,143.64,108.18,72.73,37.27,1.82,0.0,0.0,0.0,0.0,0.0,
389.09,368.18,347.27,326.36,305.45,284.55,263.64,242.73,221.82,200.91,180.0,159.09,
1035.81,912.21,654.22,396.58,227.64,174.91,216.57,305.87,395.79,455.24,474.28,460.26,
972.61,846.9,756.33,691.08,644.06,610.19,585.78,568.2,555.53,546.4,539.82,535.08,
1543.1,1908.56,2316.38,2766.56,3259.1,3793.99,4371.25,4990.86,5652.84,6357.17,7103.86,7892.92,
916.36,952.73,989.09,1025.45,1061.82,1098.18,1134.55,1170.91,1207.27,1243.64,1280.0,1316.36,
783.64,817.27,850.91,884.55,918.18,951.82,985.45,1019.09,1052.73,1086.36,1120.0,1153.64,
833.64,897.27,960.91,1024.55,1088.18,1151.82,1215.45,1279.09,1342.73,1406.36,1470.0,1533.64,
728.18,786.36,844.55,902.73,960.91,1019.09,1077.27,1135.45,1193.64,1251.82,1310.0,1368.18,
515.8,517.91,535.39,559.38,586.13,614.04,642.44,671.05,699.75,728.49,757.25,786.01,
606.71,641.3,662.83,668.97,663.51,652.72,642.3,635.64,633.58,635.05,638.21,641.35,
648.53,628.76,673.88,673.88,673.88,673.88,673.88,673.88,673.88,673.88,673.88,673.88,
704.3,725.37,734.11,734.11,734.11,734.11,734.11,734.11,734.11,734.11,734.11,734.11,
871.22,864.18,857.15,850.11,843.07,836.03,829.0,821.96,814.92,807.89,800.85,793.81,
1003.35,833.36,833.36,833.36,833.36,833.36,833.36,833.36,833.36,833.36,833.36,833.36,
846.3,803.57,796.3,810.12,830.6,847.97,858.08,861.08,859.36,855.7,852.2,849.92,
694.99,764.97,764.97,764.97,764.97,764.97,764.97,764.97,764.97,764.97,764.97,764.97,
708.17,728.32,736.24,736.24,736.24,736.24,736.24,736.24,736.24,736.24,736.24,736.24,
328.27,679.54,679.54,679.54,679.54,679.54,679.54,679.54,679.54,679.54,679.54,679.54,
403.19,532.34,587.54,611.14,621.22,625.53,627.38,628.16,628.5,628.64,628.7,628.73,
0.0,0.0,0.0,0.0,0.0,0.0,0.0,0.0,0.0,0.0,0.0,0.0,
111.82,73.64,35.45,0.0,0.0,0.0,0.0,0.0,0.0,0.0,0.0,0.0,
13.64,0.0,0.0,0.0,0.0,0.0,0.0,0.0,0.0,0.0,0.0,0.0,
301.82,263.64,225.45,187.27,149.09,110.91,72.73,34.55,0.0,0.0,0.0,0.0,
567.27,544.55,521.82,499.09,476.36,453.64,430.91,408.18,385.45,362.73,340.0,317.27,
995.1,1085.87,1071.21,962.03,777.58,555.92,339.74,171.04,81.69,87.98,187.42,359.57,
864.13,686.08,470.06,233.43,78.63,28.62,111.68,291.32,519.92,724.44,847.77,852.29,
nan,nan,nan,nan,nan,nan,nan,nan,nan,nan,nan,nan,
484.65,375.73,277.78,187.12,101.34,18.81,0.0,0.0,0.0,0.0,0.0,0.0,
665.07,690.95,716.84,742.73,768.62,794.51,820.4,846.29,872.18,898.06,923.95,949.84,
671.14,707.14,745.26,784.29,823.73,863.35,903.04,942.76,982.5,1022.24,1061.99,1101.73,
327.3,348.63,369.97,391.3,412.63,433.96,455.29,476.62,497.96,519.29,540.62,561.95,
605.31,564.5,544.14,533.98,528.91,526.38,525.11,524.49,524.17,524.01,523.94,523.9,
477.01,506.0,532.15,546.43,547.17,538.37,526.41,516.83,512.53,513.45,517.61,522.38,
587.56,579.76,579.76,579.76,579.76,579.76,579.76,579.76,579.76,579.76,579.76,579.76,
677.27,684.55,691.82,699.09,706.36,713.64,720.91,728.18,735.45,742.73,750.0,757.27,
731.82,723.64,715.45,707.27,699.09,690.91,682.73,674.55,666.36,658.18,650.0,641.82,
1087.21,1016.47,962.54,921.42,890.07,866.17,847.94,834.05,823.46,815.38,809.23,804.53,
989.09,1008.18,1027.27,1046.36,1065.45,1084.55,1103.64,1122.73,1141.82,1160.91,1180.0,1199.09,
1177.27,1224.55,1271.82,1319.09,1366.36,1413.64,1460.91,1508.18,1555.45,1602.73,1650.0,1697.27,
740.0,750.0,760.0,770.0,780.0,790.0,800.0,810.0,820.0,830.0,840.0,850.0,
647.77,794.71,625.59,740.8,622.85,709.33,625.04,688.48,627.32,673.19,628.33,661.13,
534.8,611.79,647.75,664.55,672.4,676.06,677.77,678.57,678.95,679.12,679.2,679.24,
381.11,477.89,536.03,570.96,591.94,604.54,612.11,616.66,619.39,621.03,622.02,622.61,
277.51,371.06,434.69,477.98,507.43,527.46,541.09,550.36,556.67,560.96,563.87,565.86,
60.0,25.0,0.0,0.0,0.0,0.0,0.0,0.0,0.0,0.0,0.0,0.0,
0.0,0.0,0.0,0.0,0.0,0.0,0.0,0.0,0.0,0.0,0.0,0.0,
178.7,280.23,84.1,180.55,0.0,80.95,0.0,0.0,0.0,0.0,0.0,0.0,
492.73,435.45,378.18,320.91,263.64,206.36,149.09,91.82,34.55,0.0,0.0,0.0,
686.36,662.73,639.09,615.45,591.82,568.18,544.55,520.91,497.27,473.64,450.0,426.36,
762.99,742.09,725.91,713.39,703.7,696.2,690.39,685.9,682.42,679.73,677.65,676.04,
1100.81,1014.5,946.28,892.34,849.71,816.01,789.37,768.31,751.67,738.51,728.11,719.89,
900.0,900.0,900.0,900.0,900.0,900.0,900.0,900.0,900.0,900.0,900.0,900.0,
708.18,736.36,764.55,792.73,820.91,849.09,877.27,905.45,933.64,961.82,990.0,1018.18,
983.64,1047.27,1110.91,1174.55,1238.18,1301.82,1365.45,1429.09,1492.73,1556.36,1620.0,1683.64,
412.73,435.45,458.18,480.91,503.64,526.36,549.09,571.82,594.55,617.27,640.0,662.73,
776.82,833.64,890.45,947.27,1004.09,1060.91,1117.73,1174.55,1231.36,1288.18,1345.0,1401.82,
637.5,637.5,637.5,637.5,637.5,637.5,637.5,637.5,637.5,637.5,637.5,637.5,
673.33,673.33,673.33,673.33,673.33,673.33,673.33,673.33,673.33,673.33,673.33,673.33,
691.67,691.67,691.67,691.67,691.67,691.67,691.67,691.67,691.67,691.67,691.67,691.67,
488.31,420.36,422.24,385.49,370.11,342.91,322.25,297.97,275.69,252.31,229.54,206.43,
472.81,581.24,571.44,437.99,594.52,380.58,485.99,406.53,323.42,410.26,220.28,317.09,
679.17,679.17,679.17,679.17,679.17,679.17,679.17,679.17,679.17,679.17,679.17,679.17,
686.67,686.67,686.67,686.67,686.67,686.67,686.67,686.67,686.67,686.67,686.67,686.67,
1430.56,1493.53,1551.27,1611.21,1670.23,1729.64,1788.88,1848.19,1907.47,1966.77,2026.06,2085.35,
1058.35,1108.47,1158.6,1208.72,1258.85,1308.97,1359.1,1409.23,1459.35,1509.48,1559.6,1609.73,
466.78,652.57,652.57,652.57,652.57,652.57,652.57,652.57,652.57,652.57,652.57,652.57,
314.75,645.97,645.97,645.97,645.97,645.97,645.97,645.97,645.97,645.97,645.97,645.97,
387.14,597.31,597.31,597.31,597.31,597.31,597.31,597.31,597.31,597.31,597.31,597.31,
190.65,425.66,597.31,669.28,661.56,615.56,567.64,537.38,528.06,533.22,543.87,553.23,
43.64,0.0,0.0,0.0,0.0,0.0,0.0,0.0,0.0,0.0,0.0,0.0,
742.0,778.68,815.36,852.04,888.72,925.4,962.08,998.76,1035.44,1072.12,1108.8,1145.48,
656.8,649.21,641.63,634.05,626.47,618.89,611.3,603.72,596.14,588.56,580.97,573.39,
586.38,576.87,567.37,557.86,548.35,538.85,529.34,519.83,510.33,500.82,491.32,481.81,
774.93,701.4,569.43,425.91,318.26,278.94,315.96,412.01,531.8,634.79,688.7,679.44,
793.46,694.85,557.07,422.36,329.47,302.7,345.75,441.9,560.1,664.84,726.66,730.31,
727.41,713.52,699.63,685.74,671.85,657.96,644.07,630.18,616.29,602.4,588.51,574.62,
256.76,221.18,185.61,150.03,114.45,78.87,43.29,7.71,0.0,0.0,0.0,0.0,
527.27,564.55,601.82,639.09,676.36,713.64,750.91,788.18,825.45,862.73,900.0,937.27,
598.49,641.1,683.71,726.32,768.93,811.54,854.16,896.77,939.38,981.99,1024.6,1067.21,
346.13,401.12,428.06,441.25,447.71,450.87,452.42,453.18,453.55,453.74,453.83,453.87,
608.34,539.77,539.77,539.77,539.77,539.77,539.77,539.77,539.77,539.77,539.77,539.77,
453.64,447.27,440.91,434.55,428.18,421.82,415.45,409.09,402.73,396.36,390.0,383.64,
482.73,465.45,448.18,430.91,413.64,396.36,379.09,361.82,344.55,327.27,310.0,292.73,
743.41,606.33,606.33,606.33,606.33,606.33,606.33,606.33,606.33,606.33,606.33,606.33,
915.56,659.47,659.47,659.47,659.47,659.47,659.47,659.47,659.47,659.47,659.47,659.47,
615.14,647.75,647.75,647.75,647.75,647.75,647.75,647.75,647.75,647.75,647.75,647.75,
859.09,868.18,877.27,886.36,895.45,904.55,913.64,922.73,931.82,940.91,950.0,959.09,
1056.36,1102.73,1149.09,1195.45,1241.82,1288.18,1334.55,1380.91,1427.27,1473.64,1520.0,1566.36,
773.64,797.27,820.91,844.55,868.18,891.82,915.45,939.09,962.73,986.36,1010.0,1033.64,
537.27,534.55,531.82,529.09,526.36,523.64,520.91,518.18,515.45,512.73,510.0,507.27,
385.01,635.02,635.02,635.02,635.02,635.02,635.02,635.02,635.02,635.02,635.02,635.02,
160.94,346.01,446.4,500.85,530.39,546.41,555.1,559.81,562.37,563.76,564.51,564.92,
42.96,9.16,0.0,0.0,0.0,0.0,0.0,0.0,0.0,0.0,0.0,0.0,
161.14,133.87,106.61,79.35,52.09,24.83,0.0,0.0,0.0,0.0,0.0,0.0,
275.45,230.91,186.36,141.82,97.27,52.73,8.18,0.0,0.0,0.0,0.0,0.0,
662.0,618.44,574.87,531.31,487.75,444.18,400.62,357.06,313.49,269.93,226.37,182.8,
nan,nan,nan,nan,nan,nan,nan,nan,nan,nan,nan,nan,
930.27,687.83,377.36,106.52,0.0,11.75,219.64,520.13,808.95,986.18,990.85,821.86,
890.43,623.52,342.18,114.58,14.19,68.35,261.18,534.4,806.39,996.02,1047.06,944.77,
500.36,244.23,129.4,202.19,438.53,754.83,1039.45,1194.3,1170.69,986.33,717.76,471.17,
886.17,1150.43,1388.53,1498.27,1474.32,1393.95,1354.9,1412.01,1551.48,1711.72,1829.59,1879.24,
328.59,181.82,59.73,0.0,0.0,0.0,0.0,0.0,0.0,0.0,0.0,0.0,
511.0,513.0,516.0,520.0,525.0,531.0,538.0,546.0,555.0,565.0,576.0,588.0,
810.03,871.07,932.1,993.13,1054.17,1115.2,1176.24,1237.27,1298.3,1359.34,1420.37,1481.41,
130.53,311.88,406.58,456.02,481.84,495.32,502.36,506.04,507.96,508.96,509.48,509.76,
738.32,649.87,649.87,649.87,649.87,649.87,649.87,649.87,649.87,649.87,649.87,649.87,
547.27,544.55,541.82,539.09,536.36,533.64,530.91,528.18,525.45,522.73,520.0,517.27,
320.33,266.26,212.2,158.14,104.07,50.01,0.0,0.0,0.0,0.0,0.0,0.0,
773.64,747.27,720.91,694.55,668.18,641.82,615.45,589.09,562.73,536.36,510.0,483.64,
811.66,680.23,680.23,680.23,680.23,680.23,680.23,680.23,680.23,680.23,680.23,680.23,
802.69,666.08,666.08,666.08,666.08,666.08,666.08,666.08,666.08,666.08,666.08,666.08,
1089.09,1118.18,1147.27,1176.36,1205.45,1234.55,1263.64,1292.73,1321.82,1350.91,1380.0,1409.09,
935.98,978.59,1021.2,1063.8,1106.41,1149.02,1191.62,1234.23,1276.84,1319.45,1362.05,1404.66,
605.85,632.44,632.44,632.44,632.44,632.44,632.44,632.44,632.44,632.44,632.44,632.44,
363.08,620.89,620.89,620.89,620.89,620.89,620.89,620.89,620.89,620.89,620.89,620.89,
296.9,528.86,821.57,1017.56,1077.0,970.9,748.02,487.37,283.09,204.28,274.86,465.02,
0.0,0.0,0.0,0.0,0.0,0.0,0.0,0.0,0.0,0.0,0.0,0.0,
37.27,0.0,0.0,0.0,0.0,0.0,0.0,0.0,0.0,0.0,0.0,0.0,
448.41,522.26,569.42,603.54,631.27,655.88,678.97,701.31,723.29,745.09,766.8,788.47,
746.72,826.69,873.24,903.05,924.47,941.69,956.82,970.88,984.43,997.7,1010.85,1023.93,
1039.0,1287.0,1554.0,1840.0,2145.0,2469.0,2812.0,3174.0,3555.0,3955.0,4374.0,4812.0,
1103.33,1095.35,899.61,677.68,397.07,183.61,41.69,35.63,142.49,353.87,608.07,855.28,
1030.44,798.64,589.2,318.06,143.37,48.16,95.28,245.74,478.82,724.35,928.79,1036.41,
558.46,545.52,532.59,519.66,506.73,493.8,480.87,467.93,455.0,442.07,429.14,416.21,
599.12,820.61,1107.07,1330.12,1412.19,1361.68,1257.31,1196.53,1240.66,1386.59,1576.78,1737.35,
811.18,852.58,893.97,935.36,976.75,1018.14,1059.53,1100.92,1142.31,1183.71,1225.1,1266.49,
591.75,596.19,647.17,708.97,758.2,793.47,824.07,857.41,894.81,933.95,972.6,1010.12,
1005.34,1084.16,1162.98,1241.8,1320.62,1399.43,1478.25,1557.07,1635.89,1714.71,1793.53,1872.35,
604.88,494.19,614.7,614.7,614.7,614.7,614.7,614.7,614.7,614.7,614.7,614.7,
676.39,695.14,695.14,695.14,695.14,695.14,695.14,695.14,695.14,695.14,695.14,695.14,
875.08,765.14,765.14,765.14,765.14,765.14,765.14,765.14,765.14,765.14,765.14,765.14,
651.68,758.83,758.83,758.83,758.83,758.83,758.83,758.83,758.83,758.83,758.83,758.83,
780.02,772.89,772.89,772.89,772.89,772.89,772.89,772.89,772.89,772.89,772.89,772.89,
722.5,722.5,722.5,722.5,722.5,722.5,722.5,722.5,722.5,722.5,722.5,722.5,
674.17,674.17,674.17,674.17,674.17,674.17,674.17,674.17,674.17,674.17,674.17,674.17,
675.83,675.83,675.83,675.83,675.83,675.83,675.83,675.83,675.83,675.83,675.83,675.83,
677.5,677.5,677.5,677.5,677.5,677.5,677.5,677.5,677.5,677.5,677.5,677.5,
674.17,674.17,674.17,674.17,674.17,674.17,674.17,674.17,674.17,674.17,674.17,674.17,
421.63,388.06,354.49,320.91,287.34,253.77,220.19,186.62,153.05,119.47,85.9,52.33,
282.69,236.53,190.36,144.19,98.03,51.86,5.7,0.0,0.0,0.0,0.0,0.0,
0.0,0.0,0.0,0.0,0.0,0.0,0.0,0.0,0.0,0.0,0.0,0.0,
0.0,0.0,0.0,0.0,0.0,0.0,0.0,0.0,0.0,0.0,0.0,0.0,
193.64,147.27,100.91,54.55,8.18,0.0,0.0,0.0,0.0,0.0,0.0,0.0,
70.91,21.82,0.0,0.0,0.0,0.0,0.0,0.0,0.0,0.0,0.0,0.0,
250.0,220.0,190.0,160.0,130.0,100.0,70.0,40.0,10.0,0.0,0.0,0.0,
515.47,462.71,429.78,409.23,396.4,388.39,383.4,380.28,378.33,377.12,376.36,375.89,
788.74,732.75,688.75,654.19,627.02,605.68,588.92,575.74,565.39,557.25,550.86,545.84,
1005.47,932.43,776.83,573.66,359.44,173.86,49.14,5.83,48.97,167.89,338.6,528.59,
nan,nan,nan,nan,nan,nan,nan,nan,nan,nan,nan,nan,
1276.36,1362.73,1449.09,1535.45,1621.82,1708.18,1794.55,1880.91,1967.27,2053.64,2140.0,2226.36,
1254.55,1349.09,1443.64,1538.18,1632.73,1727.27,1821.82,1916.36,2010.91,2105.45,2200.0,2294.55,
978.18,1056.36,1134.55,1212.73,1290.91,1369.09,1447.27,1525.45,1603.64,1681.82,1760.0,1838.18,
918.47,1011.26,1104.05,1196.84,1289.62,1382.41,1475.2,1567.99,1660.77,1753.56,1846.35,1939.14,
1134.57,1199.31,1264.04,1328.77,1393.5,1458.24,1522.97,1587.7,1652.43,1717.16,1781.9,1846.63,
397.16,113.54,0.0,0.0,0.0,0.0,0.0,0.0,0.0,0.0,0.0,0.0,
569.05,591.81,609.64,623.61,634.55,643.12,649.84,655.1,659.22,662.45,664.98,666.96,
598.5,726.59,858.61,963.61,1021.73,1026.98,986.49,916.74,838.38,770.75,727.71,715.27,
620.0,600.0,580.0,560.0,540.0,520.0,500.0,480.0,460.0,440.0,420.0,400.0,
815.45,800.91,786.36,771.82,757.27,742.73,728.18,713.64,699.09,684.55,670.0,655.45,
450.21,395.03,339.86,284.68,229.51,174.33,119.15,63.98,8.8,0.0,0.0,0.0,
532.45,484.38,436.32,388.25,340.18,292.12,244.05,195.98,147.91,99.85,51.78,3.71,
423.56,378.38,333.2,288.02,242.84,197.66,152.48,107.3,62.12,16.94,0.0,0.0,
423.04,386.93,350.82,314.7,278.59,242.48,206.37,170.26,134.14,98.03,61.92,25.81,
331.47,289.89,248.3,206.71,165.12,123.53,81.94,40.36,0.0,0.0,0.0,0.0,
193.31,140.4,87.48,34.57,0.0,0.0,0.0,0.0,0.0,0.0,0.0,0.0,
0.0,0.0,0.0,0.0,0.0,0.0,0.0,0.0,0.0,0.0,0.0,0.0,
0.0,0.0,0.0,0.0,0.0,0.0,0.0,0.0,0.0,0.0,0.0,0.0,
0.0,0.0,0.0,0.0,0.0,0.0,0.0,0.0,0.0,0.0,0.0,0.0,
162.38,207.55,118.02,103.22,46.96,13.7,0.0,0.0,0.0,0.0,0.0,0.0,
781.55,699.48,642.62,603.22,575.92,557.01,543.9,534.82,528.53,524.17,521.15,519.06,
273.33,347.62,347.62,347.62,347.62,347.62,347.62,347.62,347.62,347.62,347.62,347.62,
815.4,739.08,683.4,642.78,613.14,591.51,575.73,564.22,555.82,549.7,545.22,541.96,
792.73,825.45,858.18,890.91,923.64,956.36,989.09,1021.82,1054.55,1087.27,1120.0,1152.73,
1083.64,1137.27,1190.91,1244.55,1298.18,1351.82,1405.45,1459.09,1512.73,1566.36,1620.0,1673.64,
1154.11,1254.04,1353.97,1453.9,1553.82,1653.75,1753.68,1853.61,1953.54,2053.47,2153.4,2253.33,
1238.35,1342.29,1446.23,1550.17,1654.1,1758.04,1861.98,1965.92,2069.86,2173.79,2277.73,2381.67,
651.82,703.64,755.45,807.27,859.09,910.91,962.73,1014.55,1066.36,1118.18,1170.0,1221.82,
771.82,833.64,895.45,957.27,1019.09,1080.91,1142.73,1204.55,1266.36,1328.18,1390.0,1451.82,
728.55,706.92,695.64,689.76,686.69,685.08,684.25,683.81,683.58,683.46,683.4,683.37,
799.17,799.17,799.17,799.17,799.17,799.17,799.17,799.17,799.17,799.17,799.17,799.17,
835.83,835.83,835.83,835.83,835.83,835.83,835.83,835.83,835.83,835.83,835.83,835.83,
856.67,856.67,856.67,856.67,856.67,856.67,856.67,856.67,856.67,856.67,856.67,856.67,
880.83,880.83,880.83,880.83,880.83,880.83,880.83,880.83,880.83,880.83,880.83,880.83,
874.17,874.17,874.17,874.17,874.17,874.17,874.17,874.17,874.17,874.17,874.17,874.17,
866.67,866.67,866.67,866.67,866.67,866.67,866.67,866.67,866.67,866.67,866.67,866.67,
808.33,808.33,808.33,808.33,808.33,808.33,808.33,808.33,808.33,808.33,808.33,808.33,
262.19,378.28,461.37,520.83,563.4,593.86,615.66,631.27,642.44,650.43,656.15,660.25,
0.0,0.0,0.0,0.0,0.0,0.0,0.0,0.0,0.0,0.0,0.0,0.0,
0.0,0.0,0.0,0.0,0.0,0.0,0.0,0.0,0.0,0.0,0.0,0.0,
6.36,0.0,0.0,0.0,0.0,0.0,0.0,0.0,0.0,0.0,0.0,0.0,
324.55,269.09,213.64,158.18,102.73,47.27,0.0,0.0,0.0,0.0,0.0,0.0,
821.7,937.48,1021.43,1087.27,1142.81,1192.49,1238.83,1283.28,1326.65,1369.4,1411.8,1454.01,
776.0,878.0,1006.0,1160.0,1340.0,1546.0,1778.0,2036.0,2320.0,2630.0,2966.0,3328.0,
541.59,394.97,274.24,218.17,238.6,319.46,425.67,517.47,564.75,556.36,501.75,425.24,
719.71,625.35,500.81,390.63,326.04,317.96,357.66,423.37,489.58,535.72,551.5,538.07,
582.33,506.33,431.5,357.52,284.14,211.18,138.53,66.09,0.0,0.0,0.0,0.0,
551.02,559.84,568.65,577.47,586.28,595.1,603.92,612.73,621.55,630.36,639.18,647.99,
406.09,426.67,447.25,467.84,488.42,509.0,529.59,550.17,570.75,591.34,611.92,632.5,
544.45,587.46,630.48,673.49,716.51,759.52,802.54,845.55,888.57,931.58,974.6,1017.61,
495.23,508.28,514.2,512.08,504.5,495.78,489.76,488.35,491.16,496.12,500.72,503.13,
516.39,509.56,490.02,490.02,490.02,490.02,490.02,490.02,490.02,490.02,490.02,490.02,
474.35,544.14,544.14,544.14,544.14,544.14,544.14,544.14,544.14,544.14,544.14,544.14,
671.82,673.64,675.45,677.27,679.09,680.91,682.73,684.55,686.36,688.18,690.0,691.82,
896.87,648.46,648.46,648.46,648.46,648.46,648.46,648.46,648.46,648.46,648.46,648.46,
485.16,610.98,610.98,610.98,610.98,610.98,610.98,610.98,610.98,610.98,610.98,610.98,
1067.27,1094.55,1121.82,1149.09,1176.36,1203.64,1230.91,1258.18,1285.45,1312.73,1340.0,1367.27,
1129.09,1168.18,1207.27,1246.36,1285.45,1324.55,1363.64,1402.73,1441.82,1480.91,1520.0,1559.09,
1177.61,1247.18,1316.74,1386.31,1455.87,1525.44,1595.01,1664.57,1734.14,1803.7,1873.27,1942.83,
1160.22,1223.95,1287.67,1351.4,1415.13,1478.86,1542.59,1606.32,1670.04,1733.77,1797.5,1861.23,
474.91,570.09,621.88,650.06,665.39,673.74,678.28,680.75,682.09,682.82,683.22,683.44,
321.97,417.38,481.5,524.59,553.56,573.02,586.1,594.89,600.8,604.77,607.44,609.24,
166.84,261.73,332.73,385.84,425.58,455.32,477.56,494.2,506.66,515.97,522.94,528.16,
0.0,0.0,0.0,0.0,0.0,0.0,0.0,0.0,0.0,0.0,0.0,0.0,
0.0,0.0,0.0,0.0,0.0,0.0,0.0,0.0,0.0,0.0,0.0,0.0,
66.36,0.0,0.0,0.0,0.0,0.0,0.0,0.0,0.0,0.0,0.0,0.0,
488.07,481.73,475.39,469.05,462.71,456.37,450.03,443.69,437.35,431.01,424.67,418.33,
950.0,1240.0,1550.0,1880.0,2230.0,2600.0,2990.0,3400.0,3830.0,4280.0,4750.0,5240.0,
805.9,751.56,607.05,417.96,241.15,127.7,108.29,184.97,331.71,503.03,648.02,725.4,
1177.4,1234.41,1193.48,1063.39,867.44,639.37,417.5,238.35,130.64,110.69,180.0,325.28,
1190.04,1269.62,1545.77,1754.61,2085.87,2403.12,2804.46,3219.37,3698.54,4205.52,4766.52,5362.71,
514.27,529.72,545.17,560.62,576.07,591.53,606.98,622.43,637.88,653.33,668.78,684.23,
641.94,672.61,703.28,733.95,764.62,795.29,825.96,856.63,887.31,917.98,948.65,979.32,
290.91,311.82,332.73,353.64,374.55,395.45,416.36,437.27,458.18,479.09,500.0,520.91,
706.36,762.73,819.09,875.45,931.82,988.18,1044.55,1100.91,1157.27,1213.64,1270.0,1326.36,
550.96,530.71,516.61,506.78,499.93,495.15,491.83,489.51,487.89,486.77,485.98,485.44,
480.61,562.47,562.47,562.47,562.47,562.47,562.47,562.47,562.47,562.47,562.47,562.47,
645.0,645.0,645.0,645.0,645.0,645.0,645.0,645.0,645.0,645.0,645.0,645.0,
873.71,717.18,717.18,717.18,717.18,717.18,717.18,717.18,717.18,717.18,717.18,717.18,
722.73,720.24,720.24,720.24,720.24,720.24,720.24,720.24,720.24,720.24,720.24,720.24,
908.29,759.64,759.64,759.64,759.64,759.64,759.64,759.64,759.64,759.64,759.64,759.64,
983.64,987.27,990.91,994.55,998.18,1001.82,1005.45,1009.09,1012.73,1016.36,1020.0,1023.64,
1048.35,1098.17,1147.99,1197.81,1247.62,1297.44,1347.26,1397.08,1446.89,1496.71,1546.53,1596.35,
848.73,989.32,1021.94,1054.57,1087.2,1119.82,1152.45,1185.07,1217.7,1250.32,1282.95,1315.57,
346.64,672.34,672.34,672.34,672.34,672.34,672.34,672.34,672.34,672.34,672.34,672.34,
586.81,695.52,695.52,695.52,695.52,695.52,695.52,695.52,695.52,695.52,695.52,695.52,
0.0,0.0,0.0,0.0,0.0,0.0,0.0,0.0,0.0,0.0,0.0,0.0,
0.0,0.0,0.0,0.0,0.0,0.0,0.0,0.0,0.0,0.0,0.0,0.0,
0.0,0.0,0.0,0.0,0.0,0.0,0.0,0.0,0.0,0.0,0.0,0.0,
244.55,169.09,93.64,18.18,0.0,0.0,0.0,0.0,0.0,0.0,0.0,0.0,
712.65,768.17,793.12,804.13,808.8,810.57,811.03,810.89,810.47,809.93,809.34,808.72,
1143.76,1469.72,1844.4,2246.14,2687.79,3161.72,3672.46,4217.32,4797.89,5413.24,6063.92,6749.6,
942.06,808.43,578.26,317.74,101.8,0.0,21.44,180.12,422.97,680.13,877.63,958.68,
664.22,358.54,129.16,0.0,0.0,131.78,398.94,660.69,861.24,909.91,811.27,582.32,
608.29,498.99,391.46,285.21,179.91,75.3,0.0,0.0,0.0,0.0,0.0,0.0,
801.7,1096.0,1350.82,1502.61,1584.21,1448.17,1378.98,1386.23,1493.91,1794.78,2013.13,2174.05,
563.32,522.54,497.25,481.23,470.76,463.59,458.41,454.41,451.13,448.26,445.65,443.2,
338.0,174.0,0.0,0.0,0.0,0.0,0.0,0.0,0.0,0.0,0.0,0.0,
679.0,787.0,904.0,1030.0,1165.0,1309.0,1462.0,1624.0,1795.0,1975.0,2164.0,2362.0,
403.22,406.3,408.7,410.59,412.07,413.22,414.13,414.84,415.39,415.83,416.17,416.43,
677.95,634.17,634.17,634.17,634.17,634.17,634.17,634.17,634.17,634.17,634.17,634.17,
1079.84,731.16,731.16,731.16,731.16,731.16,731.16,731.16,731.16,731.16,731.16,731.16,
684.22,744.14,744.14,744.14,744.14,744.14,744.14,744.14,744.14,744.14,744.14,744.14,
865.07,766.02,766.02,766.02,766.02,766.02,766.02,766.02,766.02,766.02,766.02,766.02,
700.64,737.49,737.49,737.49,737.49,737.49,737.49,737.49,737.49,737.49,737.49,737.49,
779.49,732.85,732.85,732.85,732.85,732.85,732.85,732.85,732.85,732.85,732.85,732.85,
903.64,917.27,930.91,944.55,958.18,971.82,985.45,999.09,1012.73,1026.36,1040.0,1053.64,
848.18,866.36,884.55,902.73,920.91,939.09,957.27,975.45,993.64,1011.82,1030.0,1048.18,
670.5,739.62,739.62,739.62,739.62,739.62,739.62,739.62,739.62,739.62,739.62,739.62,
265.06,673.62,673.62,673.62,673.62,673.62,673.62,673.62,673.62,673.62,673.62,673.62,
17.27,0.0,0.0,0.0,0.0,0.0,0.0,0.0,0.0,0.0,0.0,0.0,
68.18,26.36,0.0,0.0,0.0,0.0,0.0,0.0,0.0,0.0,0.0,0.0,
0.0,0.0,0.0,0.0,0.0,0.0,0.0,0.0,0.0,0.0,0.0,0.0,
224.55,159.09,93.64,28.18,0.0,0.0,0.0,0.0,0.0,0.0,0.0,0.0,
347.27,304.55,261.82,219.09,176.36,133.64,90.91,48.18,5.45,0.0,0.0,0.0,
906.39,940.07,709.09,460.07,192.33,38.71,23.26,157.99,386.81,633.87,815.11,873.79,
567.03,552.12,542.43,536.15,532.06,529.41,527.69,526.58,525.85,525.38,525.08,524.88,
893.47,801.74,740.11,698.71,670.89,652.2,639.64,631.2,625.54,621.73,619.17,617.45,
721.24,660.18,622.42,599.07,584.63,575.7,570.18,566.76,564.65,563.35,562.54,562.04,
628.18,626.36,624.55,622.73,620.91,619.09,617.27,615.45,613.64,611.82,610.0,608.18,
688.27,750.36,788.35,844.08,889.83,942.02,990.34,1041.08,1090.34,1140.51,1190.12,1240.08,
692.56,705.26,774.84,817.43,872.83,922.14,974.35,1025.18,1076.66,1127.84,1179.16,1230.42,
675.75,732.2,778.96,830.26,879.43,929.6,979.3,1029.22,1079.04,1128.9,1178.75,1228.6,
592.5,592.5,592.5,592.5,592.5,592.5,592.5,592.5,592.5,592.5,592.5,592.5,
637.5,637.5,637.5,637.5,637.5,637.5,637.5,637.5,637.5,637.5,637.5,637.5,
680.0,680.0,680.0,680.0,680.0,680.0,680.0,680.0,680.0,680.0,680.0,680.0,
708.33,708.33,708.33,708.33,708.33,708.33,708.33,708.33,708.33,708.33,708.33,708.33,
709.17,709.17,709.17,709.17,709.17,709.17,709.17,709.17,709.17,709.17,709.17,709.17,
952.64,912.65,884.78,865.35,851.8,842.36,835.78,831.19,827.99,825.76,824.21,823.13,
733.05,729.65,728.0,727.19,726.8,726.61,726.51,726.47,726.45,726.44,726.43,726.43,
940.13,1141.16,1065.33,1171.61,1158.1,1223.39,1236.85,1284.4,1309.52,1349.39,1379.57,1416.12,
736.67,736.67,736.67,736.67,736.67,736.67,736.67,736.67,736.67,736.67,736.67,736.67,
737.5,737.5,737.5,737.5,737.5,737.5,737.5,737.5,737.5,737.5,737.5,737.5,
703.33,703.33,703.33,703.33,703.33,703.33,703.33,703.33,703.33,703.33,703.33,703.33,
661.67,661.67,661.67,661.67,661.67,661.67,661.67,661.67,661.67,661.67,661.67,661.67,
nan,nan,nan,nan,nan,nan,nan,nan,nan,nan,nan,nan,
0.0,0.0,0.0,0.0,0.0,0.0,0.0,0.0,0.0,0.0,0.0,0.0,
0.0,0.0,0.0,0.0,0.0,0.0,0.0,0.0,0.0,0.0,0.0,0.0,
250.37,374.49,211.26,223.27,128.42,98.73,29.3,0.0,0.0,0.0,0.0,0.0,
508.25,665.6,770.94,936.49,1058.01,1221.03,1362.66,1523.6,1681.98,1845.23,2015.65,2185.23,
663.77,812.96,801.26,902.03,867.46,938.37,893.36,945.16,896.43,935.44,886.53,916.52,
984.1,898.65,835.64,789.18,754.93,729.67,711.05,697.32,687.2,679.73,674.23,670.17,
1931.3,2352.93,2960.31,3660.9,4337.6,5144.56,6033.74,6896.65,7952.16,8968.84,10102.04,11308.89,
1950.68,2451.96,3013.82,3636.27,4319.31,5062.94,5867.15,6731.96,7657.36,8643.34,9689.92,10797.08,
1055.45,1130.91,1206.36,1281.82,1357.27,1432.73,1508.18,1583.64,1659.09,1734.55,1810.0,1885.45,
914.55,979.09,1043.64,1108.18,1172.73,1237.27,1301.82,1366.36,1430.91,1495.45,1560.0,1624.55,
911.82,983.64,1055.45,1127.27,1199.09,1270.91,1342.73,1414.55,1486.36,1558.18,1630.0,1701.82,
1065.45,1150.91,1236.36,1321.82,1407.27,1492.73,1578.18,1663.64,1749.09,1834.55,1920.0,2005.45,
719.09,768.18,817.27,866.36,915.45,964.55,1013.64,1062.73,1111.82,1160.91,1210.0,1259.09,
585.65,834.55,858.7,1041.71,915.1,961.72,777.32,851.31,741.79,887.19,811.01,945.67,
913.15,996.31,975.7,914.41,876.08,878.1,900.33,917.16,918.78,911.05,903.95,902.37,
586.36,582.73,579.09,575.45,571.82,568.18,564.55,560.91,557.27,553.64,550.0,546.36,
574.24,520.54,466.85,413.15,359.46,305.76,252.06,198.37,144.67,90.98,37.28,0.0,
534.81,480.16,425.51,370.86,316.21,261.55,206.9,152.25,97.6,42.95,0.0,0.0,
503.4,453.35,403.3,353.25,303.2,253.15,203.1,153.05,102.99,52.94,2.89,0.0,
529.94,496.75,463.56,430.37,397.17,363.98,330.79,297.6,264.4,231.21,198.02,164.83,
467.35,431.84,396.33,360.81,325.3,289.79,254.28,218.77,183.26,147.75,112.24,76.72,
422.85,385.36,347.87,310.38,272.88,235.39,197.9,160.41,122.92,85.43,47.94,10.45,
340.2,296.79,253.39,209.98,166.57,123.16,79.76,36.35,0.0,0.0,0.0,0.0,
48.18,0.0,0.0,0.0,0.0,0.0,0.0,0.0,0.0,0.0,0.0,0.0,
0.0,0.0,0.0,0.0,0.0,0.0,0.0,0.0,0.0,0.0,0.0,0.0,
0.0,0.0,0.0,0.0,0.0,0.0,0.0,0.0,0.0,0.0,0.0,0.0,
0.0,0.0,0.0,0.0,0.0,0.0,0.0,0.0,0.0,0.0,0.0,0.0,
190.91,131.82,72.73,13.64,0.0,0.0,0.0,0.0,0.0,0.0,0.0,0.0,
874.0,1252.0,1674.0,2140.0,2650.0,3204.0,3802.0,4444.0,5130.0,5860.0,6634.0,7452.0,
881.26,816.82,764.07,720.89,685.55,656.63,632.95,613.57,597.71,584.72,574.1,565.4,
425.83,425.83,425.83,425.83,425.83,425.83,425.83,425.83,425.83,425.83,425.83,425.83,
966.36,1012.73,1059.09,1105.45,1151.82,1198.18,1244.55,1290.91,1337.27,1383.64,1430.0,1476.36,
993.64,1037.27,1080.91,1124.55,1168.18,1211.82,1255.45,1299.09,1342.73,1386.36,1430.0,1473.64,
1051.82,1113.64,1175.45,1237.27,1299.09,1360.91,1422.73,1484.55,1546.36,1608.18,1670.0,1731.82,
1190.91,1281.82,1372.73,1463.64,1554.55,1645.45,1736.36,1827.27,1918.18,2009.09,2100.0,2190.91,
837.27,904.55,971.82,1039.09,1106.36,1173.64,1240.91,1308.18,1375.45,1442.73,1510.0,1577.27,
898.18,966.36,1034.55,1102.73,1170.91,1239.09,1307.27,1375.45,1443.64,1511.82,1580.0,1648.18,
598.3,611.4,620.76,627.46,632.24,635.67,638.12,639.87,641.12,642.02,642.66,643.12,
719.64,745.53,759.04,766.09,769.77,771.69,772.69,773.21,773.48,773.62,773.7,773.74,
852.5,852.5,852.5,852.5,852.5,852.5,852.5,852.5,852.5,852.5,852.5,852.5,
395.75,454.59,323.98,304.46,219.8,173.33,104.47,48.74,0.0,0.0,0.0,0.0,
470.18,413.59,357.01,300.42,243.83,187.25,130.66,74.08,17.49,0.0,0.0,0.0,
449.59,402.4,355.2,308.01,260.81,213.62,166.42,119.23,72.03,24.84,0.0,0.0,
394.7,344.55,294.41,244.26,194.12,143.97,93.83,43.69,0.0,0.0,0.0,0.0,
429.78,388.55,347.31,306.08,264.84,223.61,182.38,141.14,99.91,58.67,17.44,0.0,
424.74,388.99,353.24,317.5,281.75,246.0,210.25,174.51,138.76,103.01,67.27,31.52,
401.46,372.19,342.91,313.63,284.36,255.08,225.8,196.53,167.25,137.97,108.69,79.42,
0.0,0.0,0.0,0.0,0.0,0.0,0.0,0.0,0.0,0.0,0.0,0.0,
0.0,0.0,0.0,0.0,0.0,0.0,0.0,0.0,0.0,0.0,0.0,0.0,
0.0,0.0,0.0,0.0,0.0,0.0,0.0,0.0,0.0,0.0,0.0,0.0,
0.0,0.0,0.0,0.0,0.0,0.0,0.0,0.0,0.0,0.0,0.0,0.0,
354.55,329.09,303.64,278.18,252.73,227.27,201.82,176.36,150.91,125.45,100.0,74.55,
362.73,335.45,308.18,280.91,253.64,226.36,199.09,171.82,144.55,117.27,90.0,62.73,
841.23,714.51,629.45,572.36,534.04,508.31,491.04,479.45,471.67,466.45,462.94,460.59,
1011.96,918.87,845.46,787.56,741.91,705.9,677.51,655.12,637.46,623.53,612.55,603.89,
1302.2,1421.95,1584.85,1763.04,1973.55,2205.97,2466.66,2751.74,3063.57,3400.71,3764.05,4153.03,
892.73,925.45,958.18,990.91,1023.64,1056.36,1089.09,1121.82,1154.55,1187.27,1220.0,1252.73,
822.73,865.45,908.18,950.91,993.64,1036.36,1079.09,1121.82,1164.55,1207.27,1250.0,1292.73,
323.64,347.27,370.91,394.55,418.18,441.82,465.45,489.09,512.73,536.36,560.0,583.64,
498.18,536.36,574.55,612.73,650.91,689.09,727.27,765.45,803.64,841.82,880.0,918.18,
nan,nan,nan,nan,nan,nan,nan,nan,nan,nan,nan,nan,
897.59,912.59,805.55,639.67,505.92,473.36,553.82,698.65,827.72,873.57,816.38,691.95,
648.2,652.86,655.5,657.01,657.86,658.35,658.62,658.78,658.87,658.92,658.95,658.96,
777.02,745.38,729.49,721.5,717.49,715.47,714.46,713.95,713.69,713.57,713.5,713.47,
924.07,898.81,881.05,868.57,859.79,853.63,849.29,846.24,844.1,842.59,841.53,840.79,
788.88,794.85,798.85,801.54,803.34,804.56,805.37,805.91,806.28,806.53,806.69,806.8,
739.25,750.87,757.88,762.12,764.68,766.22,767.16,767.72,768.06,768.26,768.39,768.46,
670.06,680.78,680.78,680.78,680.78,680.78,680.78,680.78,680.78,680.78,680.78,680.78,
593.87,623.79,637.81,644.37,647.45,648.89,649.57,649.88,650.03,650.1,650.13,650.15,
0.0,0.0,100.46,261.46,404.16,501.59,548.41,553.57,532.45,500.61,469.98,447.42,
135.63,319.46,490.53,601.2,643.17,633.11,596.64,556.52,526.8,512.22,510.76,517.21,
0.0,0.0,0.0,0.0,0.0,0.0,0.0,0.0,0.0,0.0,0.0,0.0,
0.0,0.0,0.0,0.0,0.0,0.0,0.0,0.0,0.0,0.0,0.0,0.0,
367.27,344.55,321.82,299.09,276.36,253.64,230.91,208.18,185.45,162.73,140.0,117.27,
679.71,674.19,668.68,663.17,657.66,652.14,646.63,641.12,635.61,630.09,624.58,619.07,
956.41,894.21,682.85,430.09,180.2,4.08,0.0,107.2,329.4,595.69,819.76,924.91,
647.28,365.28,99.41,0.0,0.0,184.96,461.99,708.22,825.53,768.74,563.03,292.82,
733.09,418.29,267.3,40.1,0.0,95.26,277.26,518.32,782.86,911.7,906.49,789.64,
560.0,550.0,540.0,530.0,520.0,510.0,500.0,490.0,480.0,470.0,460.0,450.0,
595.45,600.91,606.36,611.82,617.27,622.73,628.18,633.64,639.09,644.55,650.0,655.45,
458.18,486.36,514.55,542.73,570.91,599.09,627.27,655.45,683.64,711.82,740.0,768.18,
477.27,514.55,551.82,589.09,626.36,663.64,700.91,738.18,775.45,812.73,850.0,887.27,
nan,nan,nan,nan,nan,nan,nan,nan,nan,nan,nan,nan,
501.24,495.21,491.06,488.2,486.24,484.88,483.95,483.31,482.87,482.57,482.36,482.22,
521.06,543.76,556.31,563.24,567.08,569.2,570.37,571.02,571.37,571.57,571.68,571.74,
573.64,567.27,560.91,554.55,548.18,541.82,535.45,529.09,522.73,516.36,510.0,503.64,
767.24,729.37,706.52,692.73,684.41,679.39,676.36,674.53,673.43,672.77,672.36,672.12,
672.04,657.36,649.65,645.6,643.47,642.35,641.77,641.46,641.3,641.21,641.17,641.14,
596.67,596.67,596.67,596.67,596.67,596.67,596.67,596.67,596.67,596.67,596.67,596.67,
733.06,756.28,779.5,802.73,825.95,849.17,872.4,895.62,918.84,942.07,965.29,988.52,
1168.81,1204.62,1240.43,1276.24,1312.05,1347.86,1383.67,1419.48,1455.3,1491.11,1526.92,1562.73,
931.82,973.64,1015.45,1057.27,1099.09,1140.91,1182.73,1224.55,1266.36,1308.18,1350.0,1391.82,
494.55,499.09,503.64,508.18,512.73,517.27,521.82,526.36,530.91,535.45,540.0,544.55,
292.81,672.0,863.59,762.79,579.68,518.05,587.39,670.98,685.03,643.96,608.0,608.75,
283.0,579.64,719.6,692.61,606.51,551.11,547.28,569.91,589.54,594.54,589.39,583.02,
0.0,0.0,0.0,0.0,0.0,0.0,0.0,0.0,0.0,0.0,0.0,0.0,
0.0,0.0,0.0,0.0,0.0,0.0,0.0,0.0,0.0,0.0,0.0,0.0,
564.26,528.53,342.96,248.0,279.63,323.9,305.05,248.26,207.36,195.06,188.12,168.15,
453.1,193.08,36.76,54.54,112.13,82.55,0.0,0.0,0.0,0.0,0.0,0.0,
559.29,391.21,258.32,220.98,256.43,300.24,302.68,257.42,192.13,139.21,112.54,104.04,
859.16,646.99,360.17,110.8,0.0,46.17,244.78,507.54,731.93,833.71,778.42,592.75,
769.7,559.03,349.75,169.09,91.6,133.61,283.49,490.73,688.95,814.58,828.32,726.97,
694.83,654.09,627.85,610.94,600.04,593.02,588.5,585.58,583.7,582.49,581.71,581.21,
625.97,624.66,623.34,622.03,620.72,619.4,618.09,616.77,615.46,614.15,612.83,611.52,
428.99,443.08,457.17,471.26,485.35,499.43,513.52,527.61,541.7,555.79,569.87,583.96,
367.33,389.37,411.42,433.47,455.51,477.56,499.61,521.66,543.7,565.75,587.8,609.84,
344.56,392.21,506.86,592.08,656.76,687.55,643.36,564.39,478.84,397.44,361.83,381.33,
628.87,656.56,645.77,604.45,551.29,507.55,488.78,499.56,532.82,573.74,606.11,618.56,
588.42,561.35,561.35,561.35,561.35,561.35,561.35,561.35,561.35,561.35,561.35,561.35,
665.0,612.15,612.15,612.15,612.15,612.15,612.15,612.15,612.15,612.15,612.15,612.15,
480.56,521.64,567.67,567.67,567.67,567.67,567.67,567.67,567.67,567.67,567.67,567.67,
716.53,700.73,690.08,682.91,678.08,674.83,672.63,671.16,670.16,669.5,669.04,668.74,
929.45,750.88,664.15,664.15,664.15,664.15,664.15,664.15,664.15,664.15,664.15,664.15,
988.18,1016.36,1044.55,1072.73,1100.91,1129.09,1157.27,1185.45,1213.64,1241.82,1270.0,1298.18,
1219.09,1268.18,1317.27,1366.36,1415.45,1464.55,1513.64,1562.73,1611.82,1660.91,1710.0,1759.09,
620.0,630.0,640.0,650.0,660.0,670.0,680.0,690.0,700.0,710.0,720.0,730.0,
651.75,651.83,651.83,651.83,651.83,651.83,651.83,651.83,651.83,651.83,651.83,651.83,
459.38,632.12,632.12,632.12,632.12,632.12,632.12,632.12,632.12,632.12,632.12,632.12,
335.02,616.47,616.47,616.47,616.47,616.47,616.47,616.47,616.47,616.47,616.47,616.47,
0.0,0.0,0.0,0.0,0.0,0.0,0.0,0.0,0.0,0.0,0.0,0.0,
0.0,0.0,0.0,0.0,0.0,0.0,0.0,0.0,0.0,0.0,0.0,0.0,
172.73,145.45,118.18,90.91,63.64,36.36,9.09,0.0,0.0,0.0,0.0,0.0,
565.45,550.91,536.36,521.82,507.27,492.73,478.18,463.64,449.09,434.55,420.0,405.45,
716.36,702.73,689.09,675.45,661.82,648.18,634.55,620.91,607.27,593.64,580.0,566.36,
955.83,746.51,653.91,612.95,594.83,586.82,583.27,581.7,581.01,580.7,580.57,580.51,
964.28,858.83,694.5,513.56,359.09,264.95,248.59,308.22,424.59,566.66,699.73,793.62,
839.09,858.18,877.27,896.36,915.45,934.55,953.64,972.73,991.82,1010.91,1030.0,1049.09,
414.56,345.29,308.55,287.81,274.93,265.92,258.82,252.64,246.93,241.45,236.07,230.75,
256.48,141.08,38.05,0.0,0.0,0.0,0.0,0.0,0.0,0.0,0.0,0.0,
668.13,707.5,746.87,786.23,825.6,864.96,904.33,943.7,983.06,1022.43,1061.79,1101.16,
290.64,314.0,387.17,466.36,522.19,544.34,537.91,515.87,491.63,474.32,467.26,469.0,
541.66,662.05,659.82,667.32,604.16,552.99,500.24,487.86,502.37,543.86,587.11,618.67,
808.25,630.5,580.73,580.73,580.73,580.73,580.73,580.73,580.73,580.73,580.73,580.73,
843.96,815.35,729.88,593.49,487.1,444.8,489.07,593.5,712.34,791.88,799.63,734.55,
840.95,796.04,766.83,747.83,735.48,727.44,722.22,718.82,716.61,715.17,714.24,713.63,
1094.55,1042.7,1001.63,969.09,943.32,922.91,906.74,893.93,883.78,875.75,869.38,864.34,
741.98,737.29,734.55,732.94,732.0,731.46,731.14,730.95,730.84,730.77,730.74,730.71,
961.82,973.64,985.45,997.27,1009.09,1020.91,1032.73,1044.55,1056.36,1068.18,1080.0,1091.82,
1031.49,1083.1,1134.72,1186.33,1237.95,1289.56,1341.17,1392.79,1444.4,1496.01,1547.63,1599.24,
893.42,930.6,970.68,1009.42,1048.78,1087.85,1127.05,1166.19,1205.36,1244.52,1283.68,1322.84,
758.56,731.08,773.46,784.57,809.67,828.51,850.15,870.54,891.48,912.18,932.99,953.75,
448.27,521.79,567.51,595.93,613.59,624.58,631.41,635.66,638.29,639.94,640.96,641.59,
224.47,316.62,384.84,435.34,472.73,500.41,520.9,536.06,547.29,555.61,561.76,566.32,
39.09,0.0,0.0,0.0,0.0,0.0,0.0,0.0,0.0,0.0,0.0,0.0,
41.82,0.0,0.0,0.0,0.0,0.0,0.0,0.0,0.0,0.0,0.0,0.0,
146.36,82.73,19.09,0.0,0.0,0.0,0.0,0.0,0.0,0.0,0.0,0.0,
330.91,261.82,192.73,123.64,54.55,0.0,0.0,0.0,0.0,0.0,0.0,0.0,
1224.38,1498.83,1718.04,1899.07,2053.7,2190.09,2313.87,2428.93,2537.96,2642.83,2744.82,2844.82,
939.53,832.15,504.83,361.98,100.19,13.31,122.75,257.49,535.75,767.26,882.27,904.65,
518.35,283.84,45.26,12.28,128.0,385.66,646.51,817.49,815.54,650.37,389.15,146.7,
386.66,227.64,137.32,0.0,187.12,428.56,573.27,862.97,891.36,733.78,609.85,313.22,
706.36,712.73,719.09,725.45,731.82,738.18,744.55,750.91,757.27,763.64,770.0,776.36,
504.55,519.09,533.64,548.18,562.73,577.27,591.82,606.36,620.91,635.45,650.0,664.55,
656.36,702.73,749.09,795.45,841.82,888.18,934.55,980.91,1027.27,1073.64,1120.0,1166.36,
733.64,787.27,840.91,894.55,948.18,1001.82,1055.45,1109.09,1162.73,1216.36,1270.0,1323.64,
430.03,444.39,454.67,462.05,467.33,471.12,473.83,475.77,477.17,478.17,478.88,479.4,
532.33,589.09,589.09,589.09,589.09,589.09,589.09,589.09,589.09,589.09,589.09,589.09,
636.67,636.67,636.67,636.67,636.67,636.67,636.67,636.67,636.67,636.67,636.67,636.67,
413.98,378.43,342.88,307.33,271.78,236.23,200.69,165.14,129.59,94.04,58.49,22.94,
459.92,434.4,408.88,383.37,357.85,332.33,306.82,281.3,255.78,230.27,204.75,179.23,
894.99,674.99,674.99,674.99,674.99,674.99,674.99,674.99,674.99,674.99,674.99,674.99,
594.98,650.67,650.67,650.67,650.67,650.67,650.67,650.67,650.67,650.67,650.67,650.67,
865.01,672.22,672.22,672.22,672.22,672.22,672.22,672.22,672.22,672.22,672.22,672.22,
894.36,930.78,967.21,1003.64,1040.06,1076.49,1112.91,1149.34,1185.77,1222.19,1258.62,1295.05,
584.94,647.9,647.9,647.9,647.9,647.9,647.9,647.9,647.9,647.9,647.9,647.9,
420.24,625.35,625.35,625.35,625.35,625.35,625.35,625.35,625.35,625.35,625.35,625.35,
366.78,572.6,572.6,572.6,572.6,572.6,572.6,572.6,572.6,572.6,572.6,572.6,
84.55,59.09,33.64,8.18,0.0,0.0,0.0,0.0,0.0,0.0,0.0,0.0,
0.0,0.0,0.0,0.0,0.0,0.0,0.0,0.0,0.0,0.0,0.0,0.0,
324.55,309.09,293.64,278.18,262.73,247.27,231.82,216.36,200.91,185.45,170.0,154.55,
378.18,356.36,334.55,312.73,290.91,269.09,247.27,225.45,203.64,181.82,160.0,138.18,
959.37,1219.64,1520.8,1862.86,2245.81,2669.65,3134.39,3640.02,4186.54,4773.96,5402.27,6071.47,
969.31,866.71,718.52,584.16,496.02,460.91,468.06,499.0,535.78,565.78,583.2,588.04,
767.51,473.18,260.32,55.72,36.0,125.36,353.25,596.48,807.01,888.94,834.87,649.98,
1496.59,1871.67,2295.26,2767.35,3287.94,3857.03,4474.62,5140.71,5855.31,6618.4,7429.99,8290.09,
584.55,589.09,593.64,598.18,602.73,607.27,611.82,616.36,620.91,625.45,630.0,634.55,
660.0,690.0,720.0,750.0,780.0,810.0,840.0,870.0,900.0,930.0,960.0,990.0,
707.27,754.55,801.82,849.09,896.36,943.64,990.91,1038.18,1085.45,1132.73,1180.0,1227.27,
830.0,890.0,950.0,1010.0,1070.0,1130.0,1190.0,1250.0,1310.0,1370.0,1430.0,1490.0,
652.6,629.77,615.83,607.32,602.12,598.95,597.01,595.83,595.11,594.67,594.4,594.23,
710.0,710.0,710.0,710.0,710.0,710.0,710.0,710.0,710.0,710.0,710.0,710.0,
723.33,723.33,723.33,723.33,723.33,723.33,723.33,723.33,723.33,723.33,723.33,723.33,
738.33,738.33,738.33,738.33,738.33,738.33,738.33,738.33,738.33,738.33,738.33,738.33,
755.0,755.0,755.0,755.0,755.0,755.0,755.0,755.0,755.0,755.0,755.0,755.0,
743.33,743.33,743.33,743.33,743.33,743.33,743.33,743.33,743.33,743.33,743.33,743.33,
708.11,697.64,697.64,697.64,697.64,697.64,697.64,697.64,697.64,697.64,697.64,697.64,
692.5,692.5,692.5,692.5,692.5,692.5,692.5,692.5,692.5,692.5,692.5,692.5,
713.33,713.33,713.33,713.33,713.33,713.33,713.33,713.33,713.33,713.33,713.33,713.33,
710.83,710.83,710.83,710.83,710.83,710.83,710.83,710.83,710.83,710.83,710.83,710.83,
701.67,701.67,701.67,701.67,701.67,701.67,701.67,701.67,701.67,701.67,701.67,701.67,
210.04,611.47,611.47,611.47,611.47,611.47,611.47,611.47,611.47,611.47,611.47,611.47,
41.82,0.0,0.0,0.0,0.0,0.0,0.0,0.0,0.0,0.0,0.0,0.0,
0.0,0.0,0.0,0.0,0.0,0.0,0.0,0.0,0.0,0.0,0.0,0.0,
45.45,0.91,0.0,0.0,0.0,0.0,0.0,0.0,0.0,0.0,0.0,0.0,
350.91,301.82,252.73,203.64,154.55,105.45,56.36,7.27,0.0,0.0,0.0,0.0,
956.37,837.09,759.6,709.26,676.56,655.32,641.52,632.56,626.74,622.95,620.5,618.9,
886.51,427.32,91.61,0.0,0.0,242.16,614.96,887.79,946.23,768.13,446.97,135.12,
1063.72,976.64,911.45,862.63,826.08,798.71,778.21,762.87,751.38,742.78,736.33,731.51,
873.64,877.27,880.91,884.55,888.18,891.82,895.45,899.09,902.73,906.36,910.0,913.64,
1101.82,1143.64,1185.45,1227.27,1269.09,1310.91,1352.73,1394.55,1436.36,1478.18,1520.0,1561.82,
877.27,904.55,931.82,959.09,986.36,1013.64,1040.91,1068.18,1095.45,1122.73,1150.0,1177.27,
644.55,689.09,733.64,778.18,822.73,867.27,911.82,956.36,1000.91,1045.45,1090.0,1134.55,
754.55,809.09,863.64,918.18,972.73,1027.27,1081.82,1136.36,1190.91,1245.45,1300.0,1354.55,
560.93,568.56,573.87,577.58,580.16,581.96,583.22,584.09,584.7,585.13,585.43,585.63,
725.37,717.87,714.03,712.06,711.05,710.53,710.27,710.13,710.06,710.03,710.01,710.0,
815.0,815.0,815.0,815.0,815.0,815.0,815.0,815.0,815.0,815.0,815.0,815.0,
676.66,656.45,615.66,587.66,551.71,520.7,486.62,454.45,421.09,388.47,355.39,322.59,
662.31,627.2,596.56,563.22,531.51,498.82,466.72,434.27,402.03,369.66,337.37,305.03,
561.72,491.56,460.63,408.29,367.63,320.6,277.05,231.6,187.18,142.2,97.53,52.68,
561.1,535.9,510.69,485.49,460.29,435.09,409.89,384.69,359.48,334.28,309.08,283.88,
481.82,433.64,385.45,337.27,289.09,240.91,192.73,144.55,96.36,48.18,0.0,0.0,
656.67,656.67,656.67,656.67,656.67,656.67,656.67,656.67,656.67,656.67,656.67,656.67,
633.33,633.33,633.33,633.33,633.33,633.33,633.33,633.33,633.33,633.33,633.33,633.33,
506.78,489.16,471.53,453.9,436.27,418.64,401.01,383.38,365.75,348.13,330.5,312.87,
288.18,266.36,244.55,222.73,200.91,179.09,157.27,135.45,113.64,91.82,70.0,48.18,
96.36,42.73,0.0,0.0,0.0,0.0,0.0,0.0,0.0,0.0,0.0,0.0,
0.0,0.0,0.0,0.0,0.0,0.0,0.0,0.0,0.0,0.0,0.0,0.0,
0.0,0.0,0.0,0.0,0.0,0.0,0.0,0.0,0.0,0.0,0.0,0.0,
90.0,40.0,0.0,0.0,0.0,0.0,0.0,0.0,0.0,0.0,0.0,0.0,
453.43,535.29,591.19,630.86,660.41,683.64,702.91,719.72,734.99,749.29,762.99,776.32,
678.15,409.42,409.42,409.42,409.42,409.42,409.42,409.42,409.42,409.42,409.42,409.42,
430.0,430.0,430.0,430.0,430.0,430.0,430.0,430.0,430.0,430.0,430.0,430.0,
997.16,929.42,874.01,828.7,791.64,761.34,736.55,716.28,699.7,686.14,675.05,665.99,
1115.45,1160.91,1206.36,1251.82,1297.27,1342.73,1388.18,1433.64,1479.09,1524.55,1570.0,1615.45,
1016.36,1062.73,1109.09,1155.45,1201.82,1248.18,1294.55,1340.91,1387.27,1433.64,1480.0,1526.36,
1117.27,1184.55,1251.82,1319.09,1386.36,1453.64,1520.91,1588.18,1655.45,1722.73,1790.0,1857.27,
870.0,930.0,990.0,1050.0,1110.0,1170.0,1230.0,1290.0,1350.0,1410.0,1470.0,1530.0,
750.0,810.0,870.0,930.0,990.0,1050.0,1110.0,1170.0,1230.0,1290.0,1350.0,1410.0,
319.26,42.85,0.0,0.0,0.0,0.0,0.0,0.0,0.0,0.0,0.0,0.0,
894.36,1059.6,909.91,901.88,705.25,773.16,705.52,872.52,826.74,944.15,820.99,881.97,
758.35,826.02,826.02,826.02,826.02,826.02,826.02,826.02,826.02,826.02,826.02,826.02,
623.02,585.02,547.01,509.01,471.01,433.01,395.0,357.0,319.0,280.99,242.99,204.99,
876.36,842.73,809.09,775.45,741.82,708.18,674.55,640.91,607.27,573.64,540.0,506.36,
774.55,749.09,723.64,698.18,672.73,647.27,621.82,596.36,570.91,545.45,520.0,494.55,
833.33,833.33,833.33,833.33,833.33,833.33,833.33,833.33,833.33,833.33,833.33,833.33,
807.5,807.5,807.5,807.5,807.5,807.5,807.5,807.5,807.5,807.5,807.5,807.5,
773.33,773.33,773.33,773.33,773.33,773.33,773.33,773.33,773.33,773.33,773.33,773.33,
713.33,713.33,713.33,713.33,713.33,713.33,713.33,713.33,713.33,713.33,713.33,713.33,
283.66,371.81,434.64,479.44,511.37,534.13,550.36,561.92,570.17,576.04,580.23,583.22,
4.55,0.0,0.0,0.0,0.0,0.0,0.0,0.0,0.0,0.0,0.0,0.0,
0.0,0.0,0.0,0.0,0.0,0.0,0.0,0.0,0.0,0.0,0.0,0.0,
269.09,228.18,187.27,146.36,105.45,64.55,23.64,0.0,0.0,0.0,0.0,0.0,
739.48,840.91,911.85,966.77,1013.27,1055.36,1095.13,1133.68,1171.59,1209.17,1246.56,1283.87,
1347.0,1801.0,2302.0,2850.0,3445.0,4087.0,4776.0,5512.0,6295.0,7125.0,8002.0,8926.0,
363.43,123.71,88.32,238.37,461.57,628.0,661.11,568.01,420.4,305.33,276.94,334.21,
901.92,856.11,819.96,791.44,768.94,751.19,737.19,726.14,717.43,710.55,705.13,700.85,
803.64,807.27,810.91,814.55,818.18,821.82,825.45,829.09,832.73,836.36,840.0,843.64,
778.18,796.36,814.55,832.73,850.91,869.09,887.27,905.45,923.64,941.82,960.0,978.18,
570.0,590.0,610.0,630.0,650.0,670.0,690.0,710.0,730.0,750.0,770.0,790.0,
672.73,715.45,758.18,800.91,843.64,886.36,929.09,971.82,1014.55,1057.27,1100.0,1142.73,
595.45,640.91,686.36,731.82,777.27,822.73,868.18,913.64,959.09,1004.55,1050.0,1095.45,
565.49,555.43,548.45,543.61,540.25,537.92,536.31,535.19,534.41,533.87,533.5,533.24,
675.83,675.83,675.83,675.83,675.83,675.83,675.83,675.83,675.83,675.83,675.83,675.83,
715.83,715.83,715.83,715.83,715.83,715.83,715.83,715.83,715.83,715.83,715.83,715.83,
750.83,750.83,750.83,750.83,750.83,750.83,750.83,750.83,750.83,750.83,750.83,750.83,
754.27,743.86,739.65,737.94,737.26,736.98,736.86,736.82,736.8,736.79,736.79,736.79,
1033.83,942.25,891.79,863.99,848.67,840.22,835.57,833.0,831.59,830.81,830.38,830.15,
1144.49,922.61,1127.99,1005.27,1134.51,1070.25,1154.59,1124.81,1182.67,1173.23,1215.47,1218.02,
911.67,1125.74,1001.28,1161.62,1082.37,1204.67,1157.42,1252.81,1228.19,1304.53,1295.95,1358.81,
1028.06,1065.9,1103.74,1141.58,1179.43,1217.27,1255.11,1292.95,1330.8,1368.64,1406.48,1444.32,
771.67,771.67,771.67,771.67,771.67,771.67,771.67,771.67,771.67,771.67,771.67,771.67,
534.03,634.65,677.91,696.51,704.51,707.95,709.43,710.06,710.33,710.45,710.5,710.52,
18.89,0.0,0.0,0.0,0.0,0.0,0.0,0.0,0.0,0.0,0.0,0.0,
0.0,0.0,0.0,0.0,0.0,0.0,0.0,0.0,0.0,0.0,0.0,0.0,
0.0,0.0,0.0,0.0,0.0,0.0,0.0,0.0,0.0,0.0,0.0,0.0,
41.84,23.01,0.0,0.0,0.0,0.0,0.0,0.0,0.0,0.0,0.0,0.0,
660.0,650.0,640.0,630.0,620.0,610.0,600.0,590.0,580.0,570.0,560.0,550.0,
1166.13,1503.45,1891.96,2331.67,2822.57,3364.66,3957.95,4602.43,5298.1,6044.97,6843.02,7692.28,
579.26,317.44,114.35,54.94,154.55,357.38,566.4,689.17,678.16,548.27,365.6,214.52,
754.78,591.7,411.7,267.66,199.06,221.32,322.78,469.6,616.82,721.97,757.15,716.25,
540.0,530.0,520.0,510.0,500.0,490.0,480.0,470.0,460.0,450.0,440.0,430.0,
715.45,740.91,766.36,791.82,817.27,842.73,868.18,893.64,919.09,944.55,970.0,995.45,
736.36,772.73,809.09,845.45,881.82,918.18,954.55,990.91,1027.27,1063.64,1100.0,1136.36,
518.18,556.36,594.55,632.73,670.91,709.09,747.27,785.45,823.64,861.82,900.0,938.18,
761.82,823.64,885.45,947.27,1009.09,1070.91,1132.73,1194.55,1256.36,1318.18,1380.0,1441.82,
488.4,504.96,514.62,520.26,523.54,525.46,526.57,527.23,527.61,527.83,527.96,528.03,
640.0,640.0,640.0,640.0,640.0,640.0,640.0,640.0,640.0,640.0,640.0,640.0,
672.5,672.5,672.5,672.5,672.5,672.5,672.5,672.5,672.5,672.5,672.5,672.5,
669.17,669.17,669.17,669.17,669.17,669.17,669.17,669.17,669.17,669.17,669.17,669.17,
662.5,662.5,662.5,662.5,662.5,662.5,662.5,662.5,662.5,662.5,662.5,662.5,
692.5,692.5,692.5,692.5,692.5,692.5,692.5,692.5,692.5,692.5,692.5,692.5,
1118.65,1098.2,1172.47,1196.64,1247.31,1283.97,1328.03,1368.18,1410.4,1451.52,1493.23,1534.62,
1095.72,1170.81,1187.34,1235.23,1266.33,1306.41,1341.69,1379.54,1416.01,1453.22,1490.03,1527.06,
1162.52,1124.5,1223.96,1229.17,1299.0,1324.52,1380.42,1415.49,1464.84,1504.4,1550.68,1592.35,
545.45,550.91,556.36,561.82,567.27,572.73,578.18,583.64,589.09,594.55,600.0,605.45,
489.93,581.96,634.92,665.4,682.93,693.02,698.83,702.17,704.1,705.2,705.84,706.21,
281.57,357.32,413.83,455.97,487.4,510.85,528.33,541.38,551.11,558.36,563.77,567.81,
0.0,0.0,0.0,0.0,0.0,0.0,0.0,0.0,0.0,0.0,0.0,0.0,
10.0,0.0,0.0,0.0,0.0,0.0,0.0,0.0,0.0,0.0,0.0,0.0,
291.82,263.64,235.45,207.27,179.09,150.91,122.73,94.55,66.36,38.18,10.0,0.0,
341.82,303.64,265.45,227.27,189.09,150.91,112.73,74.55,36.36,0.0,0.0,0.0,
1196.0,1688.0,2236.0,2840.0,3500.0,4216.0,4988.0,5816.0,6700.0,7640.0,8636.0,9688.0,
980.47,991.56,817.52,561.93,335.64,145.31,65.21,133.02,306.06,543.08,783.31,949.94,
900.79,727.54,523.15,313.23,175.63,142.88,226.12,397.55,605.73,788.29,891.79,886.84,
511.96,264.18,106.75,76.0,188.59,398.88,634.25,811.66,871.11,793.83,609.15,382.94,
636.54,615.54,600.39,587.99,576.89,566.39,556.18,546.1,536.08,526.1,516.12,506.16,
733.64,767.27,800.91,834.55,868.18,901.82,935.45,969.09,1002.73,1036.36,1070.0,1103.64,
441.82,463.64,485.45,507.27,529.09,550.91,572.73,594.55,616.36,638.18,660.0,681.82,
889.09,958.18,1027.27,1096.36,1165.45,1234.55,1303.64,1372.73,1441.82,1510.91,1580.0,1649.09,
509.03,520.27,526.89,530.8,533.11,534.47,535.28,535.75,536.03,536.2,536.3,536.35,
650.0,650.0,650.0,650.0,650.0,650.0,650.0,650.0,650.0,650.0,650.0,650.0,
695.83,695.83,695.83,695.83,695.83,695.83,695.83,695.83,695.83,695.83,695.83,695.83,
719.17,719.17,719.17,719.17,719.17,719.17,719.17,719.17,719.17,719.17,719.17,719.17,
707.5,707.5,707.5,707.5,707.5,707.5,707.5,707.5,707.5,707.5,707.5,707.5,
685.76,668.52,668.52,668.52,668.52,668.52,668.52,668.52,668.52,668.52,668.52,668.52,
489.65,667.75,667.75,667.75,667.75,667.75,667.75,667.75,667.75,667.75,667.75,667.75,
694.17,694.17,694.17,694.17,694.17,694.17,694.17,694.17,694.17,694.17,694.17,694.17,
687.5,687.5,687.5,687.5,687.5,687.5,687.5,687.5,687.5,687.5,687.5,687.5,
698.33,698.33,698.33,698.33,698.33,698.33,698.33,698.33,698.33,698.33,698.33,698.33,
867.66,712.3,712.3,712.3,712.3,712.3,712.3,712.3,712.3,712.3,712.3,712.3,
484.99,619.32,619.32,619.32,619.32,619.32,619.32,619.32,619.32,619.32,619.32,619.32,
0.0,0.0,0.0,0.0,0.0,0.0,0.0,0.0,0.0,0.0,0.0,0.0,
0.0,0.0,0.0,0.0,0.0,0.0,0.0,0.0,0.0,0.0,0.0,0.0,
332.73,305.45,278.18,250.91,223.64,196.36,169.09,141.82,114.55,87.27,60.0,32.73,
543.64,537.27,530.91,524.55,518.18,511.82,505.45,499.09,492.73,486.36,480.0,473.64,
793.29,722.0,674.36,642.53,621.27,607.06,597.56,591.22,586.98,584.15,582.26,580.99,
831.58,623.97,358.7,137.39,44.81,116.42,324.77,590.01,810.52,901.84,829.0,619.92,
893.51,836.39,793.73,761.88,738.1,720.34,707.08,697.17,689.78,684.26,680.13,677.05,
895.45,920.91,946.36,971.82,997.27,1022.73,1048.18,1073.64,1099.09,1124.55,1150.0,1175.45,
728.19,655.19,581.43,507.17,432.58,357.78,282.85,207.82,132.73,57.61,0.0,0.0,
317.34,197.54,111.41,43.31,0.0,0.0,0.0,0.0,0.0,0.0,0.0,0.0,
0.0,0.0,0.0,0.0,0.0,0.0,0.0,0.0,0.0,0.0,0.0,0.0,
540.74,688.85,735.6,769.37,722.04,654.56,568.45,508.61,482.98,502.05,551.16,613.08,
716.91,762.06,825.74,753.41,679.73,563.85,505.63,484.76,533.69,606.77,688.56,735.51,
652.02,738.49,639.99,639.99,639.99,639.99,639.99,639.99,639.99,639.99,639.99,639.99,
676.92,675.1,674.02,673.39,673.02,672.8,672.67,672.59,672.54,672.52,672.5,672.49,
714.55,699.09,683.64,668.18,652.73,637.27,621.82,606.36,590.91,575.45,560.0,544.55,
688.13,644.8,623.36,617.81,636.1,660.53,681.86,688.47,681.04,664.55,648.82,640.77,
576.53,553.16,587.64,640.33,688.06,696.88,671.28,626.39,593.13,587.43,610.81,645.3,
916.54,691.72,691.72,691.72,691.72,691.72,691.72,691.72,691.72,691.72,691.72,691.72,
1007.27,1024.55,1041.82,1059.09,1076.36,1093.64,1110.91,1128.18,1145.45,1162.73,1180.0,1197.27,
1138.04,1203.04,1268.05,1333.06,1398.06,1463.07,1528.07,1593.08,1658.08,1723.09,1788.1,1853.1,
1016.12,1062.79,1109.46,1156.13,1202.79,1249.46,1296.13,1342.8,1389.47,1436.14,1482.81,1529.48,
702.5,702.5,702.5,702.5,702.5,702.5,702.5,702.5,702.5,702.5,702.5,702.5,
276.71,396.59,469.65,514.18,541.31,557.85,567.92,574.07,577.81,580.09,581.48,582.33,
297.36,399.38,465.52,508.4,536.2,554.22,565.91,573.48,578.4,581.58,583.64,584.98,
167.27,124.55,81.82,39.09,0.0,0.0,0.0,0.0,0.0,0.0,0.0,0.0,
260.91,221.82,182.73,143.64,104.55,65.45,26.36,0.0,0.0,0.0,0.0,0.0,
317.27,284.55,251.82,219.09,186.36,153.64,120.91,88.18,55.45,22.73,0.0,0.0,
782.73,795.45,808.18,820.91,833.64,846.36,859.09,871.82,884.55,897.27,910.0,922.73,
945.96,878.35,829.74,794.8,769.67,751.61,738.62,729.29,722.58,717.75,714.28,711.79,
696.04,347.79,103.13,47.32,177.02,413.82,646.55,781.05,776.13,653.04,478.2,329.92,
316.62,149.47,198.47,406.87,654.16,821.22,844.5,736.22,566.76,423.23,367.06,410.02,
704.11,712.91,721.71,730.52,739.32,748.13,756.93,765.74,774.54,783.35,792.15,800.95,
670.0,710.0,750.0,790.0,830.0,870.0,910.0,950.0,990.0,1030.0,1070.0,1110.0,
412.91,442.01,471.1,500.19,529.29,558.38,587.48,616.57,645.67,674.76,703.85,732.95,
575.13,550.73,537.0,529.27,524.92,522.47,521.1,520.32,519.89,519.64,519.5,519.42,
576.85,563.53,556.59,552.98,551.09,550.11,549.6,549.33,549.19,549.12,549.08,549.06,
928.32,668.33,668.33,668.33,668.33,668.33,668.33,668.33,668.33,668.33,668.33,668.33,
496.67,658.09,658.09,658.09,658.09,658.09,658.09,658.09,658.09,658.09,658.09,658.09,
735.29,718.69,718.69,718.69,718.69,718.69,718.69,718.69,718.69,718.69,718.69,718.69,
712.4,721.67,721.67,721.67,721.67,721.67,721.67,721.67,721.67,721.67,721.67,721.67,
670.0,670.0,670.0,670.0,670.0,670.0,670.0,670.0,670.0,670.0,670.0,670.0,
639.17,639.17,639.17,639.17,639.17,639.17,639.17,639.17,639.17,639.17,639.17,639.17,
650.83,650.83,650.83,650.83,650.83,650.83,650.83,650.83,650.83,650.83,650.83,650.83,
665.83,665.83,665.83,665.83,665.83,665.83,665.83,665.83,665.83,665.83,665.83,665.83,
681.67,681.67,681.67,681.67,681.67,681.67,681.67,681.67,681.67,681.67,681.67,681.67,
680.0,680.0,680.0,680.0,680.0,680.0,680.0,680.0,680.0,680.0,680.0,680.0,
425.0,622.15,622.15,622.15,622.15,622.15,622.15,622.15,622.15,622.15,622.15,622.15,
0.0,0.0,0.0,0.0,0.0,0.0,0.0,0.0,0.0,0.0,0.0,0.0,
0.0,0.0,0.0,0.0,0.0,0.0,0.0,0.0,0.0,0.0,0.0,0.0,
47.27,0.0,0.0,0.0,0.0,0.0,0.0,0.0,0.0,0.0,0.0,0.0,
55.14,0.0,0.0,0.0,0.0,0.0,0.0,0.0,0.0,0.0,0.0,0.0,
346.15,396.78,427.66,447.54,461.31,471.68,480.15,487.58,494.41,500.92,507.25,513.48,
732.47,869.58,971.69,1051.67,1117.65,1174.78,1226.31,1274.3,1320.05,1364.39,1407.83,1450.71,
