98.07,113.48,148.14,204.69,267.13,324.57,357.03,362.92,360.63,357.95,359.24,360.16
104.56,139.5,208.37,286.37,350.37,386.23,390.88,384.66,377.59,370.44,361.56,357.53
127.28,182.84,267.01,335.14,400.51,416.21,407.79,398.16,390.3,380.36,366.08,350.54
195.11,259.01,332.88,385.12,399.65,389.69,385.67,385.38,374.62,365.05,358.93,351.08
222.55,313.91,387.9,425.27,415.29,395.64,381.43,371.29,356.2,345.2,332.27,309.77
344.23,382.31,417.82,422.16,409.81,389.87,364.6,347.03,334.86,318.76,293.59,246.14
272.77,331.0,379.57,401.89,385.24,362.73,342.51,322.06,296.31,252.38,192.78,139.88
375.56,384.47,391.63,372.77,344.82,321.13,295.62,254.46,195.34,128.23,94.51,86.0
291.4,324.78,355.58,365.22,341.77,312.47,272.14,207.65,134.42,87.34,74.71,73.0
330.64,340.33,351.37,346.51,325.28,291.6,236.62,168.05,98.64,75.34,71.35,65.76
265.6,314.65,325.5,312.94,290.74,256.63,224.48,192.7,159.58,113.44,79.06,70.85
320.25,310.41,296.41,264.96,212.74,155.81,107.08,78.66,71.56,65.35,61.61,61.54
189.52,172.08,151.41,125.35,87.78,76.66,69.63,62.2,60.45,61.03,62.2,67.54
232.77,183.04,133.81,88.9,81.97,81.88,74.88,69.43,67.76,68.4,69.34,70.14
221.72,147.43,86.14,56.25,60.81,56.72,59.43,60.79,62.34,63.66,65.61,71.24
197.38,153.57,108.17,68.85,68.7,66.56,64.63,66.58,68.72,70.65,72.35,75.48
69.79,38.18,47.91,44.64,49.01,54.58,56.49,58.1,61.97,71.97,88.84,115.52
70.92,43.72,53.56,46.43,50.97,57.03,66.83,78.03,90.44,127.85,163.58,246.29
68.82,45.17,52.52,46.83,52.65,58.55,68.2,80.61,98.32,139.09,195.35,276.76
72.44,44.55,49.2,45.89,52.8,63.64,81.61,99.65,142.39,201.98,280.34,362.37
53.33,30.76,46.73,54.84,74.67,96.27,129.91,171.59,256.5,373.1,512.1,640.64
52.82,35.69,51.61,82.06,114.77,186.32,273.34,378.99,498.02,606.04,667.94,680.97
69.59,58.97,67.05,90.26,130.65,184.17,257.3,305.34,365.42,406.41,429.86,437.8
82.44,82.22,100.77,137.32,190.67,242.86,307.21,343.61,343.06,335.03,333.59,332.75
63.61,90.3,116.11,168.62,229.31,292.58,329.66,337.15,339.36,341.41,348.61,352.55
70.84,106.24,153.86,220.01,296.2,355.59,372.84,370.19,363.99,360.62,360.27,363.78
63.56,118.79,180.43,254.66,339.98,382.44,390.81,388.51,390.06,393.53,394.53,391.53
73.77,115.51,162.79,217.61,263.16,285.14,301.14,306.29,293.2,267.04,243.08,222.18
212.38,273.58,330.5,368.08,372.5,361.6,346.84,328.02,306.15,272.98,230.05,174.43
223.2,313.13,371.45,388.75,367.7,345.92,335.19,309.87,271.76,227.19,179.78,122.9
251.07,328.33,372.56,367.82,336.71,316.74,283.69,248.21,217.55,184.02,149.73,107.39
321.51,334.71,350.8,334.72,307.11,271.39,221.88,171.78,122.66,80.97,70.1,66.54
215.94,222.14,236.31,228.33,198.74,164.47,126.48,92.34,82.96,79.67,77.48,76.12
215.64,180.85,144.08,111.09,89.99,89.46,85.44,79.23,72.82,70.17,70.21,70.96
242.49,201.14,156.53,115.1,89.56,86.06,81.59,74.31,70.0,69.53,70.31,71.1
211.31,169.13,125.09,88.34,83.26,83.0,77.11,71.63,69.5,69.86,70.9,71.88
138.63,88.89,51.56,49.86,49.43,51.82,56.67,64.14,69.98,82.65,102.44,140.91
216.63,153.58,96.18,62.8,66.39,61.17,62.35,64.29,66.24,67.94,69.41,72.03
280.68,192.31,113.57,67.69,67.04,63.84,63.08,64.49,65.49,66.3,67.0,69.37
225.67,159.68,100.31,63.31,66.99,62.4,63.39,65.08,66.7,68.03,69.15,71.49
71.44,39.43,49.2,45.23,48.58,54.75,56.96,58.6,61.66,73.29,88.83,117.74
64.75,43.42,53.92,49.91,54.53,59.76,64.69,74.78,87.96,115.73,149.86,221.11
74.65,45.43,55.55,49.45,52.52,55.77,65.59,77.16,92.7,127.24,166.7,249.2
78.2,43.92,48.01,44.92,48.28,60.87,77.69,94.45,132.96,178.52,260.08,335.65
58.51,30.04,42.77,49.33,63.32,74.01,89.45,111.09,157.36,211.35,258.32,302.55
59.06,31.91,44.77,60.87,78.04,99.93,140.01,210.67,291.97,387.93,461.13,496.42
66.37,46.31,61.75,79.45,110.46,160.71,228.81,270.63,319.6,357.23,383.66,406.82
47.1,50.07,68.51,87.91,127.84,185.71,253.22,313.53,377.28,419.99,450.79,468.77
32.89,47.29,63.82,89.62,139.18,236.19,316.45,411.06,480.12,509.2,502.04,503.84
43.57,65.22,81.07,122.87,180.58,218.65,230.62,236.98,239.59,240.33,243.92,252.99
105.54,123.26,168.57,216.31,229.04,224.97,217.08,212.01,209.8,208.76,208.19,208.67
120.89,159.86,207.26,232.82,243.19,251.49,255.2,251.02,242.83,234.54,229.28,226.61
200.81,248.6,284.99,299.82,286.38,266.64,248.42,232.57,215.8,199.93,188.0,177.28
196.52,237.32,275.52,294.02,279.32,259.18,235.61,211.2,190.57,169.74,142.2,102.63
255.18,299.76,340.0,337.37,315.22,279.95,237.18,193.26,148.05,95.04,73.71,68.72
313.09,328.1,332.33,314.22,280.62,235.29,187.38,138.88,87.22,72.04,67.66,66.5
227.83,223.07,220.79,201.56,171.1,136.5,98.43,86.24,83.22,81.78,81.2,77.8
228.25,201.65,175.05,141.82,99.6,87.04,83.98,80.75,76.3,73.18,72.1,71.9
189.66,156.34,131.74,96.39,78.29,72.33,65.77,62.5,62.48,62.65,63.58,69.23
286.75,234.05,181.09,133.77,102.89,87.41,85.1,78.7,73.24,71.42,71.37,71.72
287.79,241.12,193.21,144.24,105.72,85.34,83.96,79.64,74.6,72.47,71.96,71.98
201.36,145.22,96.44,60.69,66.35,63.4,64.97,66.61,68.16,69.35,70.41,73.37
282.55,201.04,129.54,83.21,69.02,74.02,70.18,69.33,69.01,68.92,68.82,69.03
219.22,167.44,115.18,72.78,70.45,69.86,67.4,68.15,68.98,69.69,70.13,70.69
76.76,41.29,50.73,44.43,47.35,52.27,56.27,58.55,64.79,76.6,94.73,138.12
74.08,44.19,54.09,46.8,52.75,59.36,70.36,84.77,107.81,148.77,220.59,290.9
73.61,45.43,54.53,47.95,54.17,62.61,76.38,94.59,133.01,184.55,265.3,341.08
79.76,49.58,51.41,55.24,60.69,73.54,99.51,125.49,192.13,267.44,342.44,392.91
68.02,40.31,47.64,51.46,68.91,86.73,107.97,155.14,226.61,305.62,389.19,436.89
39.48,34.31,44.62,64.06,92.34,146.16,241.38,337.28,434.85,483.37,498.02,495.6
48.57,42.12,62.7,87.93,124.13,197.73,276.86,377.2,479.92,568.32,631.4,633.99
12.15,47.99,66.83,97.21,141.54,241.72,342.47,468.13,586.62,683.87,708.59,684.9
81.71,81.69,105.46,167.86,245.33,315.76,366.07,376.75,372.69,368.59,367.59,369.26
103.67,148.18,211.26,289.42,352.39,386.41,382.8,372.78,359.15,345.36,334.29,326.72
100.33,136.78,203.18,273.44,333.94,373.18,385.56,381.04,363.27,342.58,325.45,316.8
261.46,288.41,327.94,375.66,427.21,469.87,498.52,530.36,559.54,561.1,539.75,525.19
260.86,317.86,394.07,421.02,414.3,401.91,389.39,363.3,308.28,245.61,212.1,227.44
198.34,263.91,321.99,356.38,359.84,343.72,322.58,282.97,209.62,137.65,108.39,101.62
217.73,223.98,251.52,278.67,282.46,255.96,213.13,161.68,112.45,95.37,92.4,90.44
348.28,313.38,299.63,273.84,223.85,157.5,95.39,73.55,67.51,63.31,67.44,75.81
350.2,309.2,279.67,234.31,161.43,105.56,75.7,66.9,60.23,58.17,59.05,63.23
344.71,299.87,266.24,211.97,133.82,84.79,72.11,66.31,59.16,59.08,59.4,59.96
331.58,276.37,227.95,148.31,88.99,69.21,66.38,60.38,60.31,61.47,62.28,63.03
222.89,164.54,107.17,70.66,72.47,68.42,64.74,65.28,66.62,68.02,69.19,70.17
201.09,142.94,90.47,61.84,64.77,60.47,62.7,65.19,67.71,69.94,72.52,78.51
235.21,159.17,92.9,58.84,62.68,58.03,60.17,61.69,63.29,64.68,66.89,72.84
230.6,161.91,99.7,64.53,66.94,61.91,62.37,64.21,65.95,67.51,69.38,74.32
208.16,164.08,117.55,74.22,70.63,70.12,66.23,66.6,67.72,68.79,69.74,71.64
81.94,45.67,46.62,46.22,52.81,55.74,57.58,59.06,66.58,85.19,109.69,161.44
72.89,44.33,51.98,46.82,52.74,57.48,61.76,70.94,84.02,111.75,145.86,218.1
72.74,44.8,53.99,46.98,52.11,57.79,66.66,80.02,97.59,139.13,194.0,271.95
67.35,38.56,48.55,44.53,55.93,69.79,85.78,111.86,149.69,220.66,292.59,366.34
64.07,37.97,47.79,58.02,76.7,95.32,128.81,187.87,260.2,337.59,398.27,440.22
56.35,39.88,56.34,81.81,112.98,173.54,246.0,323.73,397.96,447.59,470.28,475.36
49.2,43.28,64.93,88.67,125.22,191.82,256.68,336.18,402.88,446.63,466.58,470.97
49.83,62.57,85.37,122.91,189.15,254.44,340.46,378.37,379.96,373.71,369.04,369.8
61.24,71.16,96.32,148.04,210.49,276.87,339.52,366.07,379.82,383.62,383.81,380.53
81.52,123.66,172.47,237.59,312.79,367.24,382.69,379.7,376.01,376.49,375.91,380.87
95.75,126.47,187.58,263.44,335.97,384.41,400.36,404.03,400.53,393.02,385.5,375.06
176.21,212.48,259.77,302.59,345.98,374.38,387.13,390.35,388.93,386.84,387.71,387.52
235.33,291.37,370.78,415.37,424.04,411.8,392.92,374.51,357.49,342.34,325.27,301.03
374.26,394.24,410.12,409.54,399.03,377.43,354.35,342.78,340.36,334.89,295.17,240.25
307.13,337.52,365.73,369.56,352.04,335.39,320.95,305.1,278.25,218.16,145.96,115.47
363.2,366.03,372.67,359.66,333.37,309.8,282.58,246.86,193.78,129.14,95.29,85.49
407.43,405.64,395.09,371.01,343.87,325.16,302.05,247.45,168.1,102.12,88.27,83.41
587.16,507.99,455.08,402.23,359.23,310.54,238.73,173.48,128.62,115.86,111.95,110.72
544.99,468.82,418.14,371.26,315.23,221.53,146.15,118.92,111.6,109.07,105.85,100.48
466.04,409.08,369.27,341.8,290.32,200.48,125.53,100.01,92.33,83.82,80.88,79.97
560.23,470.08,411.09,356.33,286.72,182.97,130.84,115.32,110.79,108.81,104.62,99.5
522.76,428.0,347.55,265.19,152.85,119.7,110.65,107.45,102.84,96.58,94.4,99.24
475.4,360.43,282.46,199.41,128.45,113.01,107.79,103.66,95.48,91.78,96.82,102.13
457.59,376.84,299.91,211.4,119.19,98.34,91.07,83.04,82.19,86.36,89.35,89.24
136.17,117.19,92.27,84.05,81.12,86.61,107.3,165.93,251.22,347.41,418.95,441.75
126.84,109.3,105.89,108.45,113.78,129.44,163.88,208.16,280.6,392.35,543.21,632.64
104.55,79.58,72.46,77.55,85.88,99.31,131.8,157.84,210.22,296.63,405.26,537.29
88.31,68.03,63.85,75.23,103.16,134.93,189.66,272.1,386.61,525.57,631.05,686.77
78.24,57.13,65.16,86.75,121.71,179.61,280.33,405.5,567.95,750.85,863.04,886.25
52.7,48.62,77.45,108.08,161.16,240.32,350.23,516.6,707.9,840.9,882.56,888.88
65.38,69.57,95.65,137.4,193.03,263.25,335.09,439.85,558.75,676.28,764.23,846.21
90.33,102.08,128.22,181.13,230.09,274.48,317.95,360.87,391.07,404.25,417.87,418.28
104.69,120.01,163.08,224.14,296.27,353.71,384.08,397.27,401.42,399.5,395.69,392.11
99.73,142.54,216.24,292.11,352.1,385.93,399.05,405.45,409.81,404.25,396.32,385.63
101.96,145.76,228.29,297.01,353.2,376.68,386.43,387.1,388.19,390.52,393.71,395.2
163.01,205.46,271.07,336.38,396.96,436.85,449.33,454.62,448.79,431.67,413.84,395.97
234.47,285.74,362.8,405.59,412.65,400.83,383.48,368.51,358.08,344.85,322.53,291.02
289.55,338.46,394.77,412.56,404.11,384.22,356.17,330.88,309.29,274.7,209.26,164.27
418.03,435.49,430.56,416.24,403.43,381.08,340.6,285.69,229.18,181.11,160.76,153.7
370.64,372.97,390.64,394.18,383.18,355.51,309.35,246.26,190.13,147.73,132.43,134.46
360.03,345.6,347.83,335.71,308.64,266.12,194.13,115.35,89.91,83.31,85.37,88.91
339.39,311.96,305.53,288.89,259.0,195.7,115.51,83.36,74.22,65.86,67.46,70.02
314.12,296.47,289.34,262.46,205.67,142.6,90.37,80.48,76.94,68.92,63.91,64.73
255.33,219.11,174.35,129.95,94.24,85.79,82.79,77.05,74.96,76.9,75.16,74.32
255.34,201.73,148.94,104.25,85.13,84.58,79.76,74.85,76.6,76.27,74.56,74.83
211.78,145.3,87.92,60.58,63.17,59.06,61.44,64.0,70.04,74.67,76.25,81.95
340.33,229.98,145.08,87.47,66.8,68.36,62.51,62.97,64.04,68.6,71.83,70.87
266.8,186.29,113.24,68.39,68.16,65.53,64.72,66.14,68.16,73.55,76.6,76.48
112.32,62.69,45.27,48.97,54.18,61.41,65.19,70.47,77.55,95.02,136.82,195.86
83.06,45.58,52.4,47.7,52.34,57.8,64.07,75.3,85.98,114.54,157.04,238.91
83.39,58.91,48.72,54.67,57.4,67.73,77.17,90.56,111.24,161.16,249.43,343.58
87.06,63.76,49.91,51.04,66.23,82.56,102.8,141.54,214.73,294.66,355.58,378.13
80.46,56.11,42.88,53.92,72.52,84.96,106.04,149.13,233.22,319.51,412.56,458.73
45.77,47.07,53.34,74.25,96.55,115.73,143.65,228.64,357.45,548.52,749.26,836.94
73.28,60.38,83.05,113.19,138.68,170.18,221.89,269.65,312.25,346.22,360.7,368.51
75.46,77.12,105.93,151.99,202.84,245.79,296.72,357.36,390.58,401.14,406.28,406.68
87.55,103.33,143.64,204.53,270.48,330.8,365.65,376.88,378.47,381.95,389.75,388.74
94.49,137.94,210.12,287.29,353.39,392.19,399.53,395.4,390.61,385.72,378.79,374.9
102.02,145.58,224.17,300.42,360.64,388.98,400.22,401.68,397.9,393.66,389.66,382.83
162.59,232.07,315.97,384.04,429.98,438.59,429.53,421.69,414.95,402.44,386.97,373.04
167.54,236.44,315.24,395.04,437.79,438.86,423.09,398.85,381.62,368.58,354.71,344.47
292.55,328.54,389.88,414.42,413.25,397.11,370.7,345.84,327.79,306.19,249.91,195.43
411.51,431.07,430.54,420.42,409.88,391.61,362.43,308.9,245.23,185.5,152.29,140.44
391.91,401.9,405.06,388.21,365.79,346.52,319.6,261.15,189.24,134.26,121.88,121.98
364.61,376.68,386.07,372.25,347.59,323.62,295.17,243.51,167.33,102.99,81.77,78.7
345.42,337.32,338.87,326.22,302.25,268.67,225.53,179.07,127.75,88.79,74.34,70.58
251.98,255.07,256.21,235.81,203.06,165.16,127.19,91.86,83.09,80.02,77.89,78.18
335.53,298.5,280.51,241.24,169.75,110.59,80.8,72.17,66.94,61.31,61.69,66.39
273.27,212.68,144.44,93.08,72.82,75.6,69.99,66.81,67.44,68.4,69.54,72.75
319.51,208.43,121.0,69.65,64.13,61.54,59.81,61.31,62.05,64.57,70.15,70.94
319.35,215.16,128.55,74.26,65.47,63.48,60.85,62.43,63.21,65.22,70.73,73.04
311.27,218.46,132.86,76.3,63.41,62.36,60.39,62.37,63.38,65.56,71.21,74.44
89.17,45.22,47.64,46.87,47.94,50.45,57.17,62.56,73.35,87.05,99.98,132.12
84.74,59.66,48.69,55.34,56.98,66.01,77.89,91.83,109.36,163.74,253.25,346.28
85.07,63.47,52.5,55.81,60.45,67.62,79.14,90.29,107.81,142.19,234.09,339.1
101.28,77.6,53.81,50.68,59.57,74.51,88.89,109.56,153.43,237.18,325.8,397.14
79.44,54.95,44.61,57.6,70.4,83.51,106.1,143.45,204.89,273.63,345.97,386.8
54.6,39.86,42.69,60.71,72.12,91.96,121.7,151.82,211.42,285.06,386.62,529.5
61.0,54.55,68.41,89.25,124.42,174.67,228.01,288.65,351.35,375.54,383.1,386.38
73.58,63.55,78.61,107.7,147.09,190.64,242.16,303.59,338.4,358.52,370.83,371.86
94.04,105.44,131.26,189.8,254.8,319.88,352.07,364.97,374.07,376.47,371.54,369.44
99.67,138.01,215.64,292.12,350.08,376.41,382.36,381.21,382.18,385.85,384.72,377.37
129.67,178.46,253.21,308.8,348.44,377.35,393.24,395.73,393.53,393.06,392.14,381.12
246.77,288.99,361.07,408.71,420.12,407.31,388.72,372.72,363.56,360.5,353.26,340.91
282.88,347.26,412.15,434.89,425.83,407.58,386.59,366.71,353.46,343.83,324.58,290.83
356.95,388.13,416.55,417.68,404.03,380.36,356.76,343.68,334.23,324.12,302.52,253.53
375.04,385.01,397.34,381.86,355.48,333.7,313.79,288.54,257.61,209.86,150.97,105.96
435.69,427.94,406.23,378.7,351.22,316.07,271.37,225.52,173.22,130.75,105.51,105.3
368.78,362.04,369.33,353.93,329.12,276.03,203.73,138.34,109.67,98.85,89.83,85.8
270.02,275.51,295.63,306.84,288.57,242.49,164.26,101.14,81.76,74.22,73.32,73.48
260.76,258.62,259.43,241.17,201.38,150.98,104.18,89.04,83.47,78.49,70.32,68.84
204.12,185.88,155.8,130.04,97.35,87.98,81.2,70.4,63.93,62.8,64.65,67.19
282.12,227.01,168.77,119.49,82.39,86.24,88.07,78.82,72.28,69.96,70.45,72.11
215.97,162.79,113.0,71.84,68.11,68.53,69.03,68.81,68.93,71.45,74.91,79.69
300.6,194.42,105.96,60.73,61.69,59.15,66.38,68.19,69.64,71.28,72.88,74.78
252.44,173.77,103.41,62.35,64.92,61.18,66.05,71.83,72.82,74.57,77.02,80.67
92.9,47.46,45.6,48.12,54.83,56.31,58.02,61.3,67.54,78.99,102.16,150.5
100.21,73.76,48.69,56.26,54.79,57.64,67.12,81.34,93.08,119.72,173.73,265.58
88.89,63.27,52.71,56.09,61.54,66.66,76.97,84.86,98.58,119.47,172.73,270.33
93.91,68.8,53.87,51.48,61.14,71.99,83.61,104.71,143.52,232.49,338.77,452.69
70.31,43.04,42.6,57.04,64.3,84.04,113.44,153.72,237.67,312.61,439.87,587.18
64.9,43.17,49.53,66.62,89.84,123.64,178.66,248.99,308.07,386.46,434.86,453.01
84.53,79.02,91.54,119.34,175.26,229.56,288.2,333.91,346.58,351.97,351.58,351.44
87.18,93.96,105.46,133.89,192.68,249.47,320.16,368.27,389.9,401.0,409.42,416.93
91.4,106.05,130.53,180.59,242.29,318.93,367.81,383.4,388.86,398.53,405.87,409.54
72.01,95.0,125.03,190.85,254.57,319.45,350.29,359.95,365.69,372.3,376.65,378.84
92.62,116.26,166.23,228.32,265.66,294.79,297.36,286.88,277.76,273.08,266.04,259.93
120.53,139.94,192.18,255.58,286.86,306.96,308.43,303.76,301.6,307.99,312.13,312.7
200.61,283.21,348.43,380.02,373.22,352.74,337.58,318.46,293.36,259.25,231.89,200.62
249.67,334.76,384.66,388.19,361.05,337.22,312.69,277.57,239.24,204.67,172.94,141.84
300.96,343.37,375.77,368.48,334.57,309.38,272.26,230.24,188.86,147.69,95.97,76.41
246.16,298.88,342.66,345.38,324.82,304.66,270.95,231.4,189.61,148.06,95.57,74.23
298.76,319.95,332.12,323.49,301.47,264.64,219.92,169.47,119.51,79.51,69.4,67.13
231.42,260.78,288.26,284.46,266.33,240.94,214.77,194.4,177.46,156.7,121.76,92.43
316.39,284.17,261.55,222.2,174.91,133.79,93.95,84.07,81.03,79.03,75.16,72.19
222.24,203.72,174.97,141.74,101.78,84.53,80.08,73.09,68.38,67.86,68.26,68.74
183.45,140.21,104.12,75.32,70.49,65.41,63.0,62.95,63.14,63.5,65.15,73.73
218.1,149.37,92.07,57.11,63.15,59.72,62.07,63.52,65.1,66.36,67.59,70.99
288.78,196.11,115.87,67.54,66.28,63.76,63.37,64.61,65.49,66.18,66.84,69.51
222.53,159.99,102.15,63.73,67.26,62.86,63.71,65.43,67.08,68.42,69.5,71.46
80.39,40.62,49.29,44.65,47.35,53.45,56.05,57.6,59.4,67.92,84.22,106.62
74.37,45.67,53.21,46.77,49.51,50.82,64.63,74.62,87.49,117.28,154.03,232.67
71.07,44.24,54.92,48.64,51.75,54.94,68.81,79.0,94.05,131.63,173.67,255.63
79.05,48.18,48.81,49.42,56.02,69.9,90.01,113.47,163.55,240.34,313.37,381.98
63.69,36.9,44.99,50.15,69.89,84.49,102.49,144.74,200.68,276.55,358.84,414.28
55.8,30.87,44.01,60.81,82.45,108.38,155.45,238.71,330.71,427.16,487.7,510.26
62.43,41.69,57.22,79.35,112.57,162.62,235.91,297.21,367.85,414.39,443.04,454.32
71.94,58.32,64.2,87.62,119.98,165.62,220.91,272.56,308.11,331.46,351.63,369.17
48.06,68.34,85.14,123.19,194.1,269.41,361.56,441.31,491.89,510.72,505.95,504.43
49.56,83.33,107.93,169.43,234.52,297.63,358.67,373.3,380.51,385.3,392.78,406.81
52.61,102.19,149.07,222.92,273.44,309.52,309.59,288.77,268.87,257.33,263.64,274.1
108.58,135.34,191.11,254.32,299.94,324.65,337.5,336.13,326.49,313.12,291.3,266.9
209.35,275.89,343.88,381.68,393.07,395.61,399.55,407.37,410.11,407.2,405.65,410.92
194.37,283.34,348.25,368.15,372.51,367.71,356.64,340.82,324.37,300.61,279.98,261.52
217.82,271.8,313.61,312.37,289.78,266.82,242.79,218.29,196.89,162.42,117.59,95.63
243.8,285.15,292.89,262.91,233.32,213.51,201.43,191.12,178.58,159.15,123.23,89.87
263.48,275.73,267.16,242.95,220.59,206.26,195.51,184.12,167.87,139.12,95.77,77.9
259.76,265.64,254.27,231.21,211.63,198.54,186.71,171.44,145.87,102.62,79.46,73.5
289.45,286.13,271.71,247.01,218.63,196.67,177.44,155.22,121.03,93.8,87.71,85.54
275.18,274.98,261.07,229.45,196.25,175.82,154.44,119.85,91.67,84.04,80.06,74.43
246.99,235.07,204.1,165.23,133.08,97.14,77.08,67.43,62.39,63.58,63.99,64.37
253.31,235.64,203.09,160.15,120.4,91.36,81.21,75.55,70.22,68.99,69.08,69.34
326.62,255.22,193.25,130.97,86.89,76.45,75.5,70.74,68.69,68.09,67.89,67.89
259.01,240.44,209.03,165.57,124.33,93.58,83.16,79.76,74.74,72.12,71.25,71.08
82.93,46.06,51.8,46.87,48.98,51.73,58.02,60.19,66.49,81.96,103.25,151.1
72.97,52.95,55.41,52.4,54.45,61.61,77.51,93.89,117.93,171.94,259.48,342.14
75.98,51.76,57.26,50.06,54.88,66.0,84.31,105.07,148.33,226.71,309.59,390.14
63.62,45.51,50.21,50.02,65.45,82.03,107.45,156.62,235.85,327.02,407.9,441.65
67.12,36.83,48.72,56.02,69.36,89.87,111.48,164.23,233.75,299.45,364.21,401.96
63.08,35.41,46.05,62.2,92.11,139.08,194.39,258.57,297.7,337.5,365.24,386.18
36.66,38.39,45.87,58.37,85.2,119.36,162.95,221.98,276.07,321.4,350.02,370.36
57.13,43.76,52.11,68.17,93.38,134.31,189.1,220.98,241.78,264.79,280.99,299.2
46.06,56.35,66.59,93.25,131.31,195.76,246.72,291.28,318.89,336.61,342.22,346.79
84.96,79.58,101.76,155.55,219.96,261.43,301.24,319.69,324.69,326.79,332.24,334.6
125.91,166.54,244.48,306.42,351.89,372.16,367.93,355.69,340.97,330.11,322.66,317.05
152.26,191.61,250.68,300.52,333.43,353.53,360.07,358.52,349.93,337.25,328.91,323.15
233.77,300.65,381.75,421.85,416.47,392.52,368.93,348.29,325.41,290.0,243.46,196.35
274.05,344.88,412.08,436.63,423.85,399.88,370.57,344.78,321.07,287.08,240.79,194.08
381.25,400.69,413.77,393.63,364.63,338.7,311.7,270.06,215.23,153.78,95.15,74.8
379.31,389.67,393.05,372.49,343.95,311.92,267.89,209.6,145.86,92.01,73.88,68.85
406.52,413.68,394.41,351.33,313.18,275.14,217.85,152.34,93.78,74.05,68.97,63.85
389.61,386.67,364.51,322.08,286.9,246.73,187.66,121.19,83.1,72.07,64.95,63.46
397.39,371.56,345.24,304.39,264.36,198.33,131.71,86.73,72.64,65.03,63.66,64.41
318.36,307.89,290.28,250.5,182.9,120.91,83.49,71.6,66.25,60.59,60.25,63.3
272.07,224.28,170.65,121.85,82.58,78.47,79.69,74.26,71.69,71.38,71.56,71.78
252.2,181.4,119.14,74.92,69.21,69.91,66.13,66.85,67.58,68.24,68.87,71.2
265.69,195.22,132.22,86.97,71.45,75.9,71.06,70.06,70.17,70.44,71.14,74.8
302.4,211.72,134.23,85.77,69.14,72.95,68.97,68.46,68.32,68.39,69.14,73.58
100.95,56.36,46.52,48.9,54.55,57.44,59.59,64.1,70.55,82.3,111.22,159.4
103.66,80.3,56.47,52.86,58.01,60.6,76.59,92.07,112.46,162.27,249.79,341.73
86.06,58.18,50.94,59.64,58.4,62.81,74.67,88.91,106.56,152.19,225.78,299.49
96.89,71.48,51.45,49.77,60.95,71.35,86.92,111.51,163.1,253.17,353.52,450.61
72.59,44.5,45.77,62.33,77.56,99.64,129.81,205.44,280.14,388.54,504.94,604.4
46.39,37.75,54.8,73.22,107.74,159.4,207.6,275.11,370.0,442.46,474.62,482.71
70.92,68.41,83.93,118.56,183.69,245.52,309.08,373.59,406.73,431.0,457.33,467.73
112.85,127.09,144.24,179.66,237.66,285.9,314.25,353.7,383.38,392.5,390.79,388.72
110.29,131.88,171.44,232.29,302.33,361.1,404.27,419.37,418.75,415.12,412.03,409.28
101.38,143.38,219.77,306.2,371.0,393.67,399.33,411.01,417.03,413.62,406.24,403.26
89.69,127.27,192.55,267.91,342.17,370.63,374.45,372.36,379.82,394.57,409.93,411.67
148.93,201.34,292.66,362.48,414.5,432.35,433.57,426.28,421.47,419.15,407.8,389.31
184.21,261.39,336.62,390.66,402.76,387.36,373.34,360.55,344.33,328.1,302.95,265.82
316.62,356.98,403.98,417.06,408.7,389.34,359.26,332.69,307.99,271.86,221.99,174.55
271.8,323.8,366.73,375.48,347.63,323.89,294.09,240.05,166.95,105.78,84.89,86.97
442.27,452.0,431.53,393.49,354.09,311.53,240.55,170.53,120.65,103.19,104.55,100.62
404.55,417.31,412.16,376.4,336.33,281.05,203.98,131.59,100.09,90.79,82.93,86.55
353.4,350.43,361.85,347.91,315.87,266.84,193.48,113.04,88.68,77.93,74.19,78.6
373.61,349.01,331.13,309.69,270.09,189.05,107.2,81.19,73.27,71.08,71.67,72.38
407.28,388.12,347.26,292.84,218.63,140.66,91.51,78.88,70.97,72.43,71.77,73.14
403.46,365.81,304.87,235.55,151.5,91.59,83.41,74.89,73.58,72.8,72.34,72.71
389.44,312.33,245.82,165.3,88.24,82.6,77.36,75.3,74.12,73.15,72.67,73.63
358.08,273.51,215.14,138.71,81.96,78.59,73.12,63.83,63.47,64.72,66.41,67.82
334.56,263.66,207.68,127.65,76.4,75.01,68.89,69.06,68.87,70.94,73.74,75.82
142.02,103.04,61.7,61.25,67.64,75.85,88.02,106.03,155.15,226.18,290.19,347.74
119.65,89.39,52.8,58.96,66.47,79.46,99.35,135.28,204.11,281.55,376.52,437.98
86.46,60.25,49.64,56.43,64.13,81.28,99.25,130.28,182.66,263.1,364.34,440.75
83.24,57.45,51.33,57.77,69.37,86.16,103.02,152.58,241.44,361.65,522.53,647.02
69.91,50.26,49.67,75.12,99.77,133.99,225.29,328.34,479.0,628.84,753.43,817.09
31.89,46.18,64.01,87.35,114.13,149.55,192.42,256.53,343.08,432.71,486.18,506.97
84.23,97.68,130.21,172.63,219.32,267.13,317.17,376.16,432.42,469.34,481.79,465.63
98.14,114.29,146.47,203.92,263.79,304.71,358.88,400.91,410.92,403.01,399.82,403.78
82.65,110.85,156.68,230.9,305.81,371.62,408.14,435.86,443.91,434.66,425.87,425.49
107.34,163.59,250.27,346.13,429.29,447.78,441.48,434.46,430.07,421.19,406.81,399.18
137.45,223.3,328.09,416.6,450.51,461.69,461.29,447.28,426.88,415.72,416.2,409.2
165.56,257.93,348.56,429.0,456.64,470.14,474.82,467.77,445.17,421.23,408.92,405.39
192.45,284.15,365.63,418.65,425.45,411.0,390.62,379.22,378.88,375.66,364.48,354.34
292.89,346.43,407.06,426.51,414.23,387.85,359.83,337.63,316.46,289.26,230.47,185.94
330.71,371.69,416.36,417.93,398.03,366.76,335.86,308.91,273.97,223.83,180.82,138.02
357.05,376.69,393.49,374.36,342.72,313.93,278.01,219.22,150.53,94.29,80.15,86.76
385.04,401.26,394.33,363.43,326.76,296.51,245.05,177.24,105.16,77.5,74.13,73.02
418.26,427.66,409.0,375.7,343.13,308.77,241.84,165.51,110.15,89.64,78.25,75.96
367.6,383.05,387.99,362.85,329.81,295.59,242.45,166.27,102.99,80.89,73.17,71.81
332.52,300.48,282.28,256.9,207.8,137.18,96.81,81.26,73.95,72.45,72.62,73.14
272.03,221.89,166.15,121.47,98.39,90.81,84.47,75.02,69.58,67.54,67.31,68.86
264.15,192.37,123.7,81.9,81.21,83.47,74.12,67.98,66.58,67.52,69.43,71.43
285.57,196.45,113.49,67.32,67.04,67.04,68.24,68.2,69.73,71.62,73.61,75.88
328.48,226.13,141.32,83.1,67.04,67.93,68.44,70.49,70.07,71.12,72.26,73.44
88.95,46.58,46.32,50.87,56.26,57.59,58.6,59.67,64.61,78.77,101.45,145.5
101.25,79.46,58.11,52.49,58.55,60.04,74.65,89.01,105.09,146.93,217.19,304.07
85.59,62.58,51.77,54.85,59.97,71.28,81.79,96.71,118.66,182.85,274.75,370.91
87.48,62.78,47.59,51.44,64.42,72.92,89.79,115.12,171.06,256.73,361.91,448.43
80.49,58.44,55.61,70.73,84.71,104.66,142.8,217.6,274.72,351.36,406.26,460.45
48.76,39.51,55.37,74.35,109.33,173.69,239.12,314.98,399.07,458.78,491.77,506.93
78.38,79.99,94.94,129.99,188.91,244.49,309.57,355.09,381.63,395.49,407.71,418.48
67.17,97.03,120.1,179.11,244.57,320.83,363.94,383.83,406.15,427.5,442.94,461.42
86.91,110.12,148.41,207.31,266.71,330.59,366.61,377.9,388.62,403.8,403.11,379.3
104.22,150.74,216.88,293.4,360.86,404.68,410.32,408.85,412.22,411.45,398.64,382.93
111.78,153.8,229.83,303.97,365.44,395.51,401.05,396.08,388.57,383.43,380.22,369.11
219.49,249.96,316.46,388.99,429.48,432.76,415.98,402.1,397.86,401.85,411.3,417.54
290.52,331.86,394.15,424.42,426.41,412.28,393.04,374.64,364.6,362.7,359.06,347.87
336.47,366.71,407.56,427.49,424.42,407.16,385.86,369.38,363.15,363.63,364.88,362.88
342.95,350.53,379.38,379.61,359.35,341.32,332.59,329.2,326.18,321.8,314.21,295.59
358.38,355.35,366.32,358.39,334.21,313.8,291.5,264.75,234.43,195.06,148.93,117.02
388.52,377.57,361.54,336.61,309.35,280.02,244.03,199.26,153.63,112.51,93.39,91.26
355.46,334.96,327.36,298.15,260.73,204.16,144.74,103.57,88.03,82.32,76.53,78.53
385.68,359.06,338.59,302.7,256.62,191.49,134.29,99.07,85.84,78.24,74.95,76.11
336.1,304.24,286.5,251.83,196.29,137.56,102.9,83.09,77.94,73.32,69.27,70.17
264.31,236.86,202.49,150.92,107.4,85.29,81.58,80.31,77.16,75.55,75.91,78.78
270.02,189.85,117.8,74.93,73.61,70.31,65.15,65.15,65.81,66.43,66.87,67.42
263.43,176.65,97.82,57.75,59.6,56.11,58.45,59.49,60.61,61.65,64.28,72.53
314.91,230.38,148.83,86.49,57.88,60.61,58.91,61.32,61.9,62.93,64.46,71.66
121.23,81.25,44.4,55.32,54.15,60.65,68.04,90.54,119.7,168.35,243.91,299.31
101.47,71.99,46.12,52.49,54.3,55.91,66.02,80.02,93.68,115.9,176.18,258.85
81.39,59.22,50.02,54.3,58.56,63.0,74.4,85.46,101.79,130.83,213.18,300.62
93.62,67.1,52.79,53.31,61.12,72.2,85.24,107.49,151.11,247.16,361.94,467.05
74.32,46.61,48.68,66.93,84.38,102.25,133.0,191.58,258.64,313.53,370.65,411.84
88.5,67.98,65.24,72.73,89.78,109.53,153.97,220.23,281.04,350.67,398.38,419.86
66.95,61.86,75.43,104.21,151.71,207.59,260.11,328.73,360.43,368.87,375.52,385.73
39.12,63.93,78.57,113.21,174.79,235.54,297.88,344.53,369.53,386.9,397.49,407.05
76.76,106.24,148.73,226.37,315.18,381.22,406.35,412.58,416.09,422.36,429.7,430.2
114.98,160.8,233.67,314.14,387.88,419.1,416.92,412.6,412.55,421.89,429.2,427.04
109.13,153.88,237.74,318.82,376.98,401.26,405.02,400.62,394.93,388.39,378.79,369.46
166.42,219.71,302.41,372.28,419.97,430.35,426.0,407.81,392.46,378.37,363.08,350.74
234.88,303.57,387.79,428.1,425.45,403.11,375.92,352.56,329.85,299.34,253.82,204.66
425.37,418.81,421.87,425.99,425.73,412.05,382.36,334.95,286.73,249.34,243.84,266.56
351.9,371.53,407.3,414.76,407.38,385.37,349.87,297.33,247.99,211.74,219.05,238.06
505.85,448.23,421.13,398.01,374.89,344.44,289.59,214.72,165.04,130.77,124.88,124.5
471.87,456.48,430.76,395.91,363.28,332.91,283.93,220.15,158.88,115.61,104.58,104.9
528.96,479.92,449.33,409.69,371.9,331.17,264.54,190.75,142.98,117.3,114.67,123.48
455.62,441.33,416.13,383.24,349.63,305.8,230.73,160.3,113.03,100.95,103.48,99.14
441.46,414.34,382.49,349.72,298.49,205.43,128.78,100.61,92.55,86.16,88.31,89.91
424.85,390.53,348.77,305.86,217.37,129.12,99.39,90.05,79.28,78.6,84.82,89.93
426.89,357.83,304.42,235.17,135.42,100.08,91.69,82.2,77.58,76.62,78.92,86.04
469.3,356.27,270.63,177.1,110.79,96.72,92.72,91.05,90.31,87.8,86.24,87.3
403.6,368.77,322.32,256.12,160.28,105.74,94.85,86.77,81.09,80.0,80.95,87.62
199.26,201.79,208.74,195.83,170.66,151.97,147.83,154.08,163.25,167.63,166.83,168.58
119.84,98.73,83.91,93.14,87.27,84.66,89.13,115.33,135.46,162.94,219.33,304.28
89.22,66.07,68.86,80.28,87.91,93.82,108.08,142.55,170.46,228.48,320.37,432.88
85.0,60.18,56.64,64.32,78.95,105.05,143.84,193.67,290.52,441.65,639.6,786.76
72.16,44.98,49.41,67.18,92.32,125.19,177.79,262.26,371.85,532.07,734.03,866.07
75.25,63.76,73.56,96.52,134.9,192.06,284.77,405.3,590.13,783.6,880.03,888.42
87.81,92.96,104.25,134.26,197.72,252.48,315.16,385.02,437.38,472.08,487.53,492.07
98.36,105.25,128.48,177.25,255.0,345.56,476.79,609.84,707.57,759.43,767.62,741.02
107.29,118.02,135.3,175.52,245.79,306.57,362.85,410.42,442.54,474.86,509.46,533.3
103.68,129.58,173.32,241.59,313.61,369.47,389.26,392.62,396.74,402.13,403.1,401.25
127.9,180.83,279.23,366.46,440.64,447.33,434.87,424.78,424.24,426.74,432.13,436.27
151.35,233.09,331.72,417.45,455.98,459.95,453.93,442.83,435.53,431.19,423.47,416.42
177.12,243.35,325.89,395.15,421.55,415.88,406.59,399.38,400.18,405.69,395.65,377.59
200.23,294.81,372.36,421.29,427.61,413.96,391.1,369.6,353.45,344.72,338.65,331.21
268.75,341.39,389.53,384.1,347.31,324.36,295.15,261.11,229.38,190.2,145.69,102.92
286.11,332.77,355.33,342.73,319.61,291.18,251.36,211.56,168.9,123.79,82.7,71.6
269.24,314.06,339.49,335.39,318.04,289.15,251.75,215.83,180.0,144.29,94.11,73.97
303.3,317.87,327.2,317.81,294.02,258.24,214.99,165.13,114.66,78.57,69.75,68.09
364.26,339.59,326.46,302.23,262.88,216.38,165.84,114.81,78.63,69.69,67.84,65.62
282.01,287.85,278.17,255.36,226.47,199.29,177.86,153.56,112.82,87.34,81.17,78.06
251.13,253.21,244.83,222.59,197.22,178.31,158.32,124.79,94.23,85.72,82.66,80.34
245.65,240.27,222.25,186.33,149.18,118.6,89.81,82.04,75.99,69.41,67.79,68.21
312.13,215.06,136.95,86.47,69.38,71.33,66.31,65.97,66.13,66.3,66.4,66.91
228.41,172.29,116.9,73.18,69.78,69.17,65.31,65.98,66.98,67.88,68.51,69.22
74.22,38.88,49.88,43.55,46.87,52.55,55.6,57.54,62.52,74.14,92.0,133.39
70.92,41.58,56.46,50.22,53.17,52.16,58.83,70.69,81.83,97.91,137.56,185.74
74.81,45.99,55.64,48.8,51.96,53.24,66.58,77.29,92.09,124.64,164.74,246.87
86.2,52.57,47.53,47.99,50.39,60.23,77.88,98.53,134.79,191.26,269.34,346.67
55.57,36.65,45.77,48.84,65.86,81.79,98.9,140.01,193.29,277.46,360.89,419.56
83.56,73.18,62.52,64.36,69.23,89.2,115.75,183.12,260.69,360.11,462.66,544.83
84.0,68.15,63.59,81.7,118.24,181.34,243.86,306.68,352.03,380.49,410.15,440.22
111.4,96.61,83.83,105.86,145.77,194.75,234.05,265.93,281.63,293.03,310.79,335.88
91.77,89.35,103.71,152.27,217.49,266.89,305.31,307.1,306.55,311.58,314.59,319.12
91.27,114.95,160.51,244.51,322.88,355.58,349.14,339.67,333.54,330.63,330.34,335.75
105.75,147.85,226.03,308.09,397.25,403.33,386.41,372.11,363.21,358.86,357.09,356.34
119.58,174.38,285.66,393.37,416.6,394.59,373.94,362.53,346.93,338.82,334.68,331.83
198.5,262.26,331.23,378.95,380.73,370.86,358.24,341.61,321.58,293.66,245.99,194.77
226.48,330.1,398.51,420.98,398.22,374.08,355.54,334.6,302.87,263.11,212.93,166.69
273.17,356.72,413.7,412.9,372.88,347.74,323.34,292.34,252.51,202.82,148.04,99.11
273.3,345.38,380.21,376.48,356.16,334.98,304.18,267.04,220.64,170.67,110.3,81.01
264.66,317.91,348.77,348.45,335.51,315.83,283.58,241.7,191.56,132.72,88.96,74.42
247.54,274.0,305.61,301.75,282.51,254.25,224.3,194.84,164.57,123.09,91.58,83.93
313.98,297.29,286.3,263.59,229.71,192.55,157.1,114.05,88.38,83.06,81.31,81.55
407.76,344.58,302.86,244.91,164.31,102.47,80.43,72.42,72.42,72.3,73.7,78.74
165.83,128.97,108.04,86.69,79.6,73.3,71.53,76.71,83.89,93.93,118.69,146.63
152.56,105.54,62.66,60.72,60.84,65.27,70.2,76.07,84.05,102.65,121.54,153.23
224.26,186.33,143.0,100.34,81.84,84.37,74.95,68.73,66.92,67.17,69.03,71.29
179.82,130.18,86.42,63.47,71.64,73.25,76.97,85.03,95.25,120.02,145.36,189.03
75.67,40.85,52.0,53.33,57.92,58.67,59.92,61.0,65.68,78.99,109.97,144.55
70.31,43.06,54.01,52.55,59.87,61.71,67.94,80.83,104.02,141.34,197.85,263.55
73.88,46.18,54.99,51.61,60.45,63.35,73.24,86.68,112.52,151.16,214.67,276.79
91.94,53.0,51.74,55.21,64.11,74.6,92.41,122.14,173.12,249.8,306.66,359.68
88.57,64.55,58.71,63.77,73.46,88.06,105.95,171.55,240.16,313.97,378.09,411.1
50.78,37.36,42.83,54.12,75.94,107.84,160.06,225.45,274.12,323.99,363.21,389.49
25.97,40.67,50.71,69.23,105.18,164.18,261.19,356.18,454.96,547.16,648.08,699.8
14.92,53.1,64.94,89.83,127.56,199.85,289.22,402.4,532.28,681.03,771.82,821.42
82.16,78.53,109.06,185.07,262.66,337.88,383.46,407.03,417.92,428.52,439.64,452.11
87.89,121.13,173.77,261.76,353.41,420.57,477.65,517.96,536.16,538.13,542.56,560.06
72.54,94.47,149.13,242.44,319.47,403.36,455.54,489.72,495.79,494.1,494.48,500.84
181.83,269.16,372.0,446.09,466.5,474.7,478.44,473.61,473.27,484.04,494.51,518.6
481.57,536.63,670.35,765.57,778.25,727.89,648.98,580.62,536.73,498.74,459.32,417.54
485.18,600.3,754.33,817.67,811.56,756.17,681.17,611.49,541.95,483.25,440.9,393.37
388.06,507.33,656.71,753.78,761.53,711.32,648.41,589.48,533.13,472.73,403.47,372.27
436.14,575.69,656.68,647.82,571.61,497.16,453.13,404.6,360.33,321.84,335.31,352.08
416.58,452.16,487.03,476.14,447.27,416.85,383.98,356.64,326.83,311.84,304.69,308.61
353.17,314.36,293.73,248.4,163.6,104.12,97.68,98.94,102.41,104.17,105.87,118.45
344.1,323.74,318.97,291.06,232.76,152.34,100.0,87.44,79.8,87.01,92.48,97.51
349.35,316.56,299.81,270.17,203.53,133.79,96.4,82.48,73.53,74.78,79.66,90.04
314.66,278.54,248.23,192.36,126.86,90.7,86.62,81.45,70.96,67.88,69.59,74.44
223.47,188.62,147.26,104.62,69.87,62.08,65.48,75.07,80.57,86.48,97.9,122.34
351.58,294.2,253.03,191.56,118.68,81.82,77.94,77.41,68.29,66.2,67.38,68.96
234.22,185.23,129.39,83.01,62.64,66.81,65.38,70.28,77.03,81.64,91.95,110.53
101.16,56.5,46.33,53.9,50.9,57.13,62.82,76.31,92.4,115.02,171.23,242.58
79.25,57.59,48.13,55.28,55.56,61.53,77.45,93.82,116.13,182.56,268.87,356.25
87.61,64.19,52.7,56.38,60.18,66.62,79.32,93.05,113.2,168.62,271.02,379.34
99.47,76.41,53.58,50.99,59.22,72.84,87.12,107.58,151.2,239.21,326.13,414.38
90.51,66.94,52.88,66.84,87.3,105.31,140.07,196.06,257.92,312.67,348.92,362.01
77.66,53.24,54.86,78.57,113.4,176.92,229.61,281.08,335.28,355.0,364.09,364.93
81.9,80.38,91.92,117.87,163.14,214.31,258.14,303.36,324.55,335.08,335.13,327.44
86.76,98.54,127.9,181.2,239.25,301.19,334.93,344.29,345.44,344.45,341.64,340.49
112.14,136.61,192.07,269.04,329.9,376.75,384.99,381.2,376.09,371.57,366.29,357.36
103.78,142.96,227.01,304.76,368.8,388.76,386.24,380.04,375.55,372.59,368.64,360.36
115.82,162.34,236.07,299.23,334.75,348.45,350.37,343.66,332.65,322.68,313.88,302.53
150.97,184.72,261.03,303.34,328.28,331.86,320.61,307.6,299.67,296.25,291.38,287.74
399.95,391.86,407.44,417.97,422.38,419.71,406.48,380.67,338.42,284.8,216.42,166.67
617.15,500.26,451.46,420.89,397.84,356.85,317.81,285.68,257.63,235.44,221.35,218.5
659.77,540.78,489.22,443.97,401.17,351.86,306.91,279.08,251.4,229.41,210.9,188.68
700.31,577.42,516.2,462.19,415.64,365.09,319.91,293.78,264.75,238.84,219.72,197.64
454.73,447.12,422.43,391.41,362.52,336.16,303.18,272.8,236.52,186.28,145.73,119.03
398.11,414.17,408.93,373.94,341.93,303.13,256.93,210.32,162.5,122.19,102.53,104.0
387.46,373.57,368.1,345.75,302.49,224.56,150.23,113.12,99.48,90.65,86.28,87.52
340.18,319.84,319.3,313.02,274.24,187.13,118.16,100.08,90.63,86.29,86.41,87.15
360.44,311.92,281.48,253.08,206.11,138.82,99.08,88.19,78.76,78.92,79.19,80.23
291.41,226.75,159.76,104.41,76.82,79.86,80.52,78.67,78.26,80.81,89.69,108.83
303.21,232.93,166.75,101.25,70.12,69.79,74.26,77.17,77.71,81.57,90.27,110.45
218.96,198.7,168.28,123.36,80.08,63.97,68.63,76.87,84.14,94.36,114.12,162.53
101.37,58.82,44.17,55.49,52.61,58.36,68.02,85.52,105.84,144.39,205.93,275.02
84.76,60.62,50.54,56.35,63.06,74.14,85.14,100.32,127.47,202.27,288.42,387.42
82.26,60.03,50.03,54.82,59.85,71.79,83.25,101.94,131.41,218.02,310.69,415.69
95.46,69.35,52.26,52.65,66.16,76.65,94.88,126.84,197.76,286.05,390.23,457.33
80.34,58.84,53.79,73.38,90.97,110.64,147.84,201.09,264.47,320.69,370.21,420.22
67.84,44.11,57.98,85.63,123.83,185.41,236.39,292.69,348.21,371.89,385.34,400.62
77.03,80.1,99.81,132.55,174.38,221.3,267.37,305.01,322.78,330.67,342.89,354.76
75.94,91.16,123.67,176.59,232.84,292.34,327.5,340.49,344.32,347.43,355.47,362.67
69.71,89.47,128.55,193.38,252.99,318.09,343.61,348.14,347.83,347.38,348.29,354.47
118.24,164.61,241.8,310.58,374.32,403.34,400.59,393.53,387.35,381.9,376.51,368.33
125.17,191.41,280.91,357.96,412.35,418.2,408.37,398.17,390.44,384.4,379.19,371.9
144.8,217.06,296.2,366.32,420.98,428.81,421.0,409.51,399.2,386.08,369.48,353.15
205.17,287.63,363.81,408.18,406.94,388.61,370.25,350.37,332.22,324.91,318.7,314.84
435.25,409.28,409.78,416.43,425.28,425.44,403.66,363.17,305.3,239.96,175.86,156.31
515.55,452.65,432.0,413.15,390.72,359.62,312.15,260.63,189.56,143.28,129.71,130.23
622.8,511.75,459.65,415.58,378.16,338.71,294.3,229.75,185.97,148.21,145.71,149.11
663.68,540.27,486.88,441.8,401.12,351.42,293.44,238.57,198.33,163.52,153.79,154.57
687.96,568.32,508.49,452.09,403.81,344.93,277.62,225.56,183.67,162.09,165.02,167.5
464.52,443.43,414.35,382.61,350.77,310.36,242.93,173.26,121.89,106.19,107.94,103.9
352.44,355.71,369.07,350.81,308.88,228.41,138.71,101.17,92.08,83.47,82.68,87.44
242.7,249.98,261.21,247.28,193.57,133.55,105.72,91.87,82.76,78.38,82.54,89.98
343.09,240.16,164.67,116.3,87.67,73.81,64.93,65.95,67.24,71.24,77.4,86.52
293.4,204.85,123.33,84.47,80.17,74.39,67.29,68.65,71.64,74.51,76.98,80.2
280.79,197.17,116.39,74.76,69.58,70.44,69.72,71.44,74.36,77.0,79.73,84.6
138.13,99.05,57.88,54.95,58.83,68.54,82.33,102.25,140.76,219.92,289.43,348.35
106.63,78.28,52.18,55.47,54.73,60.37,74.06,91.44,114.6,163.84,234.54,310.31
84.67,61.08,51.47,56.48,59.63,72.55,86.54,104.66,153.1,226.54,316.13,429.68
86.17,62.99,47.86,56.78,74.13,90.27,117.14,175.65,270.73,379.43,447.29,459.5
81.25,57.75,53.93,71.35,87.91,109.38,156.77,239.78,324.62,444.32,567.66,667.68
71.3,48.33,60.04,86.78,124.58,185.87,246.59,312.7,376.84,422.85,453.81,472.37
121.79,109.25,106.96,124.14,187.44,277.98,375.05,476.42,563.18,636.17,657.75,633.62
89.82,98.7,120.06,178.45,251.96,353.65,468.82,572.15,635.42,666.41,653.46,616.87
106.42,126.17,152.34,208.34,278.81,328.95,378.37,394.75,396.46,395.1,387.68,380.6
114.03,144.76,211.56,311.99,405.96,444.37,443.88,432.15,422.08,412.3,398.15,384.92
111.3,171.55,267.07,374.28,444.08,463.38,454.25,444.64,437.57,424.17,411.9,413.83
167.07,234.97,329.48,420.12,477.91,499.72,496.32,483.2,466.99,448.73,428.18,412.66
200.06,279.28,363.89,421.86,428.48,411.44,387.36,365.22,346.11,329.52,302.1,267.99
411.6,400.74,411.45,421.02,420.28,405.66,374.5,322.51,253.19,179.76,153.54,153.62
477.26,420.77,412.91,417.6,413.22,385.95,338.0,272.06,192.55,149.03,139.86,145.81
370.24,379.71,393.29,394.5,385.81,362.1,320.76,259.16,197.46,146.66,133.57,133.7
411.84,420.76,413.83,388.13,355.86,317.6,253.28,181.07,127.53,103.69,103.99,109.43
362.21,381.29,395.22,372.44,340.79,297.4,225.64,150.25,104.16,93.5,89.43,85.89
494.8,460.48,430.08,389.17,351.27,312.6,247.07,177.94,127.78,105.81,104.25,106.78
534.68,487.75,453.74,406.08,361.34,312.01,235.58,172.38,129.08,121.65,122.53,124.64
545.42,490.0,448.16,395.5,343.93,275.59,185.88,136.98,116.08,115.51,126.88,135.93
422.35,404.8,360.58,317.17,246.37,150.75,103.85,91.99,82.38,78.48,85.26,95.31
382.15,343.38,306.41,245.45,144.92,99.77,88.95,77.04,74.15,74.02,75.35,80.92
378.43,332.69,296.81,249.68,153.8,96.31,84.53,73.46,73.61,74.27,77.92,82.41
204.73,184.04,153.07,124.44,97.18,87.88,85.13,84.89,89.5,110.74,152.35,236.5
149.14,112.26,76.86,67.45,76.74,89.42,105.08,153.17,228.06,301.0,380.98,434.53
101.03,74.03,50.53,60.48,63.91,74.03,90.37,112.88,165.08,248.18,330.6,419.17
85.15,58.91,47.2,56.38,64.33,82.1,103.24,146.21,228.97,309.94,402.02,445.37
85.31,58.26,52.77,70.33,93.94,121.28,186.29,269.49,371.1,480.78,573.34,632.08
68.14,46.47,59.53,87.22,127.72,192.68,248.99,313.83,377.53,421.6,443.66,447.3
60.47,62.16,86.28,117.76,176.37,232.94,295.25,360.67,384.46,403.1,415.06,406.83
45.32,66.05,96.49,139.33,201.74,262.37,347.07,394.95,418.7,443.98,464.51,467.98
83.6,110.46,157.78,214.66,277.32,330.45,354.77,364.01,371.89,365.75,357.81,355.36
110.59,154.46,225.64,303.01,366.64,394.66,393.63,388.31,388.11,388.0,377.02,366.61
138.34,206.22,288.52,355.72,411.84,415.1,403.59,394.59,388.25,383.45,382.81,385.47
163.29,213.67,288.15,359.9,413.11,430.52,440.78,443.72,432.52,410.89,392.99,380.09
266.47,312.96,383.85,414.94,415.82,403.02,384.32,359.95,336.18,314.49,294.2,263.81
444.23,431.26,423.58,420.2,421.1,416.7,395.91,358.85,305.6,251.24,198.61,194.85
324.45,374.49,411.55,411.2,402.79,387.64,357.7,312.98,253.65,178.35,150.08,152.56
356.84,370.76,394.69,390.58,375.15,345.52,296.25,234.68,168.78,124.78,111.81,118.09
287.67,321.68,356.62,369.43,344.21,305.21,233.11,151.74,101.16,87.43,78.07,84.87
315.96,331.52,347.8,350.83,330.91,278.94,191.37,108.89,87.24,75.27,74.71,80.16
413.99,420.16,391.41,347.18,305.7,239.77,151.6,96.28,82.96,73.71,77.83,82.47
547.65,500.99,457.35,397.86,341.45,269.29,187.38,139.01,116.76,110.77,108.41,104.37
432.42,390.13,344.81,306.37,228.36,141.53,102.0,90.68,79.28,75.36,75.02,75.58
418.78,369.15,321.43,270.96,183.9,113.54,92.85,81.22,74.7,74.96,75.02,76.94
348.56,290.67,253.97,184.08,108.53,88.86,77.58,75.19,75.7,75.7,76.83,81.6
227.17,187.89,144.59,107.02,92.94,80.35,70.33,68.05,68.17,70.51,74.43,77.65
170.51,120.43,82.91,70.76,70.6,68.62,74.51,82.25,94.74,122.68,150.25,192.1
306.0,252.22,197.28,130.92,98.29,89.2,76.36,72.62,75.79,78.39,83.7,96.35
252.87,262.92,256.56,220.94,174.8,144.8,111.86,86.9,73.95,71.89,77.7,92.05
97.36,68.35,56.21,55.81,57.35,69.02,89.21,109.32,134.72,205.1,284.37,363.08
66.42,47.29,55.66,86.81,123.86,168.29,267.95,386.82,563.08,753.9,848.29,858.13
82.69,74.33,89.12,119.87,173.39,232.4,287.55,363.65,397.15,403.04,395.01,400.98
85.23,74.67,92.12,125.55,181.95,241.93,301.28,367.59,393.21,403.29,407.6,396.06
349.51,270.19,245.15,256.94,291.41,321.71,359.29,416.1,510.42,679.15,839.85,904.93
385.87,297.83,248.87,249.75,274.36,307.91,352.39,395.93,465.47,605.23,797.87,915.77
349.55,286.61,258.16,267.29,292.37,333.57,377.97,430.32,517.98,686.26,863.9,929.47
348.87,295.87,263.31,264.36,284.33,321.77,361.88,399.49,461.29,578.65,768.51,906.99
128.94,107.15,101.79,110.23,118.14,152.18,188.07,253.77,355.93,481.52,619.28,737.99
113.51,105.13,102.75,123.92,159.55,188.33,245.65,341.56,479.88,634.4,745.55,808.89
369.52,322.1,273.38,241.52,233.4,241.53,250.44,267.63,298.61,339.49,372.96,414.19
538.5,415.74,332.89,238.77,175.32,151.75,144.76,143.39,143.2,143.78,147.56,158.36
516.54,412.68,324.38,234.19,175.15,151.62,143.48,141.72,141.49,142.42,146.71,154.07
259.95,277.48,265.88,220.93,173.2,157.91,148.79,146.38,153.41,156.4,162.12,175.52
205.06,194.79,189.2,163.57,137.73,129.09,136.79,145.55,150.3,154.41,161.22,172.56
360.95,307.06,269.8,239.3,151.83,120.11,109.93,102.64,98.37,98.16,98.88,102.8
232.81,194.37,142.87,108.85,101.58,102.46,103.34,104.44,107.75,122.22,132.03,143.14
207.12,177.38,136.88,102.33,86.64,97.87,100.49,102.84,105.13,117.8,132.03,154.99
210.4,185.56,149.84,110.54,80.44,85.73,99.09,98.33,98.25,99.91,114.79,150.11
292.34,232.34,172.92,110.91,75.84,73.97,81.86,93.52,95.92,98.79,108.9,143.04
195.05,162.06,121.15,81.28,68.68,69.64,74.3,90.97,108.46,125.7,168.96,231.64
77.12,45.94,48.98,50.9,57.05,57.21,62.23,72.68,79.52,91.0,111.01,144.92
78.1,49.09,58.14,53.18,61.77,61.85,62.81,67.81,88.36,122.23,167.58,233.58
73.31,50.67,58.29,53.86,61.93,66.6,79.39,104.03,147.79,212.64,291.52,364.64
91.54,69.66,53.82,59.83,83.06,108.2,153.1,228.33,297.5,363.83,396.86,397.81
96.78,81.26,66.12,79.18,93.49,125.74,183.18,246.6,308.86,359.06,392.33,415.73
81.77,74.33,87.85,125.56,194.24,258.28,323.03,353.86,375.46,392.49,402.8,410.08
434.59,328.17,276.88,280.16,312.26,383.77,476.26,606.79,747.85,882.77,935.08,914.86
149.4,150.7,158.78,188.94,233.07,284.82,337.13,426.5,572.98,730.95,839.39,862.42
106.1,117.25,143.97,176.72,243.08,305.98,379.04,437.89,456.51,465.03,484.69,507.97
76.01,114.8,165.52,257.59,349.86,459.47,544.25,534.16,509.32,479.48,472.84,506.82
102.38,159.3,264.2,401.38,539.24,637.74,660.77,641.99,597.22,543.09,496.73,448.67
125.88,216.61,344.09,467.49,521.27,527.48,514.79,500.45,477.48,445.21,419.96,402.37
185.51,294.89,404.38,492.92,531.69,546.88,538.27,527.02,521.37,517.94,504.39,480.4
211.8,308.87,383.48,415.57,401.7,386.21,382.13,369.72,339.77,299.74,268.25,264.16
475.91,427.13,410.56,397.49,382.72,352.79,297.0,228.26,161.03,136.2,131.97,137.52
338.8,364.04,389.02,387.98,378.15,360.15,323.42,263.23,201.73,144.35,129.81,134.98
301.54,327.83,346.83,346.57,328.03,284.96,212.15,143.55,115.01,107.87,111.25,130.49
265.29,277.9,304.75,307.74,281.48,228.28,164.58,116.95,96.52,89.36,82.53,89.55
297.28,297.4,296.96,286.59,271.54,216.22,136.73,96.85,87.34,78.65,80.34,88.94
256.98,269.68,271.53,247.93,222.93,200.92,169.16,124.54,95.12,80.68,72.36,71.77
214.29,204.03,190.83,158.56,123.93,93.21,92.63,88.2,75.03,69.35,71.08,74.49
206.93,200.27,190.62,167.66,137.18,94.37,84.05,85.79,80.71,70.52,70.78,73.74
285.38,213.94,145.41,95.28,79.85,79.45,74.37,73.84,77.51,76.18,76.12,77.99
290.03,248.48,209.35,154.82,109.26,86.3,81.87,78.34,76.55,79.91,79.48,83.93
72.66,44.62,50.61,47.93,56.92,58.4,63.24,72.73,81.66,102.87,140.73,192.55
107.7,66.9,52.92,50.65,50.78,60.57,69.58,82.66,105.4,151.04,223.27,294.67
68.38,46.71,53.42,48.46,55.34,60.23,66.36,79.2,97.23,139.71,198.82,283.57
58.16,37.66,51.07,46.06,55.16,58.81,73.44,90.93,131.49,183.75,272.98,367.65
84.9,61.36,54.33,58.89,70.76,85.32,101.07,148.59,220.15,283.07,359.3,411.79
362.27,262.1,213.97,195.73,183.94,183.93,189.74,206.94,232.13,259.37,300.27,387.56
303.99,232.96,200.25,178.68,170.85,170.43,174.2,189.98,207.33,224.95,245.26,271.53
87.61,69.43,63.4,71.2,95.64,144.96,232.97,329.87,453.65,558.96,607.73,625.05
103.97,125.79,156.32,230.6,343.47,498.86,646.27,688.42,680.02,636.93,565.71,492.49
96.41,137.53,220.12,331.52,497.01,618.26,676.45,682.72,648.37,590.75,538.61,494.83
116.85,178.31,292.55,425.18,538.17,625.46,657.91,651.25,614.56,553.95,498.47,441.08
174.42,232.2,318.08,406.95,458.76,473.94,475.9,472.87,469.09,454.06,429.83,410.04
179.78,250.34,327.04,387.16,415.59,415.65,411.53,399.45,367.42,324.47,286.16,258.72
392.81,378.58,398.33,427.94,453.9,470.21,475.25,468.38,453.58,436.52,413.98,389.14
681.27,547.79,492.91,454.96,416.82,354.69,321.83,311.98,299.97,295.57,297.73,303.69
714.47,584.89,525.72,475.32,434.75,378.05,331.47,321.76,311.97,312.82,310.56,301.38
663.75,537.85,484.22,438.26,403.53,353.66,313.48,307.36,300.72,291.05,283.2,286.43
384.46,387.29,386.39,368.35,345.01,317.54,283.03,240.1,215.71,197.98,193.24,196.58
342.91,358.15,377.02,364.96,343.07,312.41,273.38,219.66,191.58,160.1,162.79,176.31
339.72,347.1,361.4,353.04,330.57,286.76,223.58,169.92,130.88,121.7,124.02,134.33
363.47,359.79,352.01,331.73,312.46,264.56,187.75,128.06,112.88,114.21,119.87,120.35
319.88,310.77,311.61,292.77,266.13,210.95,130.26,96.32,95.23,102.69,108.17,110.04
273.47,264.67,257.83,225.22,171.13,128.75,100.77,85.0,82.41,92.95,101.79,107.86
288.06,251.46,209.98,151.45,110.26,87.86,87.67,88.65,89.33,97.66,110.15,126.97
110.88,74.29,50.99,56.81,53.68,61.83,79.22,99.65,118.15,159.6,232.76,292.28
72.26,41.0,52.6,47.01,57.1,60.95,71.97,81.02,98.8,142.11,199.89,275.09
105.55,72.2,49.99,52.61,57.93,64.79,80.26,105.89,147.32,241.48,331.87,411.91
90.62,64.32,51.98,59.22,67.74,84.53,109.99,160.06,234.46,306.96,354.99,374.42
81.15,64.71,59.52,72.82,94.21,122.9,201.44,303.86,407.93,448.01,457.09,457.82
63.36,46.8,59.38,91.76,142.37,229.3,316.61,463.32,607.6,662.99,675.66,654.61
52.64,61.08,80.9,115.91,184.6,254.06,328.54,396.38,423.94,434.7,430.11,418.2
39.94,59.95,94.16,136.9,215.01,292.3,393.33,444.8,479.72,494.42,490.43,477.53
87.52,109.91,162.2,226.73,303.84,366.0,389.23,384.06,370.31,347.29,325.93,312.03
72.24,137.38,206.64,284.65,364.38,411.18,424.47,434.72,435.0,426.36,410.87,377.73
101.55,140.11,215.02,291.59,348.6,379.65,393.89,391.75,374.47,357.82,340.05,326.08
164.99,204.14,269.7,338.9,399.92,420.51,415.61,409.69,404.12,385.5,357.44,331.65
249.09,299.51,373.33,406.92,407.97,392.36,367.78,346.77,332.21,301.26,241.07,199.61
297.83,349.16,400.46,410.19,392.72,362.75,333.85,307.25,275.44,229.64,185.15,143.48
335.94,355.0,384.03,368.46,331.53,303.21,256.09,191.62,123.51,92.46,89.63,98.02
352.02,331.56,323.09,296.79,254.28,194.93,136.93,85.97,71.57,68.03,70.22,76.43
314.28,284.29,268.75,239.77,196.5,150.8,103.8,85.54,81.11,78.3,77.69,76.98
377.68,316.4,283.7,241.5,176.43,110.58,85.78,75.75,70.16,61.53,62.56,63.55
292.01,267.9,239.45,198.24,149.9,108.3,93.45,87.64,82.74,75.54,69.1,67.78
217.23,164.2,112.26,81.38,81.7,84.0,76.36,69.69,67.94,68.81,71.15,74.07
334.31,239.85,166.5,100.04,72.92,74.06,73.8,72.38,70.48,70.72,71.85,73.12
344.93,257.75,197.88,123.09,76.81,73.59,72.69,72.1,73.11,71.51,71.62,72.36
307.55,217.86,138.07,84.91,70.98,71.58,68.09,72.73,72.84,72.39,73.26,74.69
297.25,209.08,129.56,78.97,71.36,72.16,72.65,73.23,72.36,73.27,74.74,77.07
86.12,51.42,46.1,51.49,56.19,57.89,58.85,60.0,64.91,77.96,96.25,136.3
79.38,43.32,52.26,48.69,57.91,59.33,62.5,67.49,79.22,100.94,138.86,192.98
87.75,60.88,51.72,57.97,60.33,64.68,76.72,89.78,104.0,141.72,211.9,294.12
95.91,71.86,54.15,52.73,60.98,72.76,86.54,111.11,158.44,252.49,361.9,468.06
75.62,47.71,46.12,60.22,68.71,84.79,108.23,143.74,211.74,273.37,362.76,424.56
74.51,50.44,52.0,68.8,100.43,157.41,212.34,261.11,321.41,345.18,341.8,333.73
60.73,55.11,73.92,103.31,153.26,209.47,258.96,313.4,336.4,341.38,346.53,346.59
66.89,69.22,80.61,112.87,164.34,219.97,280.34,318.54,324.27,322.1,326.83,335.59
74.86,90.51,118.37,180.97,252.28,333.03,369.58,382.83,388.62,388.78,388.26,388.54
99.06,143.49,208.93,287.58,351.54,391.45,398.23,391.27,383.44,377.58,374.23,373.5
116.86,160.93,233.61,291.3,318.9,329.09,325.25,310.22,301.0,297.09,296.1,294.57
167.76,210.58,264.34,299.05,310.76,293.95,274.46,261.54,259.76,265.83,266.64,260.78
354.63,375.36,409.42,416.54,405.94,383.99,361.01,352.1,344.36,325.7,293.61,243.5
533.95,470.6,444.06,416.03,385.31,355.49,321.55,287.13,249.5,212.62,183.42,145.16
638.92,520.69,465.27,419.26,389.6,360.4,325.3,289.97,264.09,239.13,220.24,200.02
751.93,620.81,546.18,474.45,417.16,349.05,296.31,259.31,230.78,206.09,182.4,176.62
693.99,554.74,477.14,410.56,340.93,258.37,206.62,177.61,164.87,156.78,152.8,151.84
638.32,499.77,423.9,365.81,305.56,235.05,188.42,166.85,156.01,150.59,151.57,157.67
392.37,369.4,351.93,324.8,267.31,195.48,133.74,114.94,109.64,108.27,108.13,108.06
362.41,343.39,339.37,317.8,254.02,176.06,122.34,103.88,96.29,88.35,90.74,98.82
344.82,304.07,285.49,251.91,165.21,109.68,97.07,86.99,85.55,86.48,90.57,99.5
295.87,214.44,139.55,95.27,80.78,78.44,75.12,75.11,76.2,81.56,96.23,125.02
345.08,258.84,190.38,109.47,75.3,75.34,72.25,71.9,72.87,77.38,88.35,102.86
367.24,304.05,256.91,198.87,120.69,81.81,76.61,71.89,71.23,72.63,77.04,87.07
315.19,249.57,192.05,122.21,77.35,66.96,69.49,77.36,81.2,86.02,98.32,124.59
144.76,113.74,77.22,65.61,64.84,67.27,83.6,115.99,153.55,238.44,333.5,450.68
96.4,63.5,48.53,55.93,57.59,69.18,82.36,106.32,136.77,197.8,284.15,381.75
87.22,60.23,48.36,56.59,64.44,77.33,97.46,127.34,184.19,293.47,434.02,573.04
81.1,58.62,50.89,75.07,92.92,117.17,170.9,249.51,323.45,438.3,573.37,695.64
57.4,51.28,72.54,105.71,159.96,221.07,287.76,379.48,477.34,576.99,625.78,667.28
64.67,67.62,91.31,127.12,188.08,248.2,303.35,368.09,391.7,406.44,418.5,436.34
48.63,77.86,103.8,151.25,211.62,267.0,334.03,384.3,404.38,416.67,432.83,452.89
97.96,123.53,179.49,241.13,307.49,352.15,373.24,378.63,376.61,377.15,381.7,377.45
112.0,160.18,232.99,309.44,371.23,395.64,399.29,400.97,402.17,403.72,398.6,391.68
105.3,167.9,245.44,324.97,376.1,391.84,394.08,395.62,393.27,389.81,388.99,388.07
156.32,218.95,309.8,381.31,426.54,431.96,424.41,415.22,408.79,396.6,381.04,370.4
220.04,290.67,367.94,414.18,419.79,403.79,382.98,369.87,361.26,354.71,342.35,323.12
434.68,425.39,418.96,415.47,415.11,411.52,395.75,365.04,320.09,265.75,217.57,206.65
314.65,354.16,397.75,405.36,400.61,392.97,378.01,349.81,296.59,234.15,175.34,157.21
334.19,351.21,390.82,395.49,387.09,368.61,336.69,285.71,226.31,161.17,128.17,125.42
383.2,388.04,388.26,367.61,338.19,300.82,250.43,179.79,115.34,93.47,86.19,83.86
339.57,349.7,362.71,357.78,340.73,310.12,250.31,174.08,102.55,85.25,74.98,78.92
296.15,334.53,353.91,346.93,324.04,297.73,230.03,147.44,98.82,84.03,73.5,74.73
364.85,347.3,325.6,287.16,241.01,179.32,117.94,88.32,75.61,69.47,70.74,73.0
363.09,312.48,272.14,224.43,155.61,107.15,82.26,80.09,71.9,63.76,63.36,64.06
336.06,270.75,229.28,164.08,112.43,86.65,80.65,78.72,76.1,72.42,70.48,70.64
343.35,258.52,199.77,127.79,88.46,78.74,74.98,68.16,69.26,71.6,69.78,69.6
361.79,286.48,244.54,181.05,113.55,81.71,75.46,71.62,69.23,71.9,70.89,71.5
159.3,110.57,72.03,63.13,58.32,58.71,64.51,70.49,73.77,84.79,105.22,151.94
102.25,69.99,44.75,54.17,52.98,55.39,64.96,79.79,95.23,113.47,165.18,240.64
83.67,59.31,52.06,55.22,61.46,65.26,75.69,83.26,96.17,117.48,167.7,262.04
96.29,73.56,49.72,49.1,60.31,72.62,86.51,105.95,146.98,233.08,310.47,394.74
85.76,59.41,50.91,67.27,83.87,102.41,135.34,196.56,260.69,317.46,349.41,366.68
242.01,192.63,170.85,171.97,171.74,172.41,182.2,191.84,224.93,251.53,285.01,359.19
412.23,300.87,240.97,226.46,232.55,244.79,255.49,258.62,252.67,245.35,255.74,280.44
415.97,301.4,240.62,226.99,234.89,247.06,262.78,279.14,298.65,326.7,362.94,409.47
404.85,302.0,244.16,230.6,240.8,258.19,279.12,300.18,326.51,364.65,419.25,512.2
120.1,107.64,104.02,111.9,142.72,182.64,237.53,360.4,522.1,678.48,791.81,846.01
110.53,117.62,146.93,209.87,311.11,441.11,589.45,635.85,633.39,624.1,622.83,641.56
168.65,218.96,297.85,371.23,436.33,465.92,473.62,473.45,468.51,463.82,462.35,466.96
206.92,265.69,341.73,404.72,413.31,395.54,374.3,344.14,313.5,289.19,269.2,245.35
243.35,300.72,383.91,437.33,439.86,419.43,393.05,360.6,304.39,233.69,161.37,133.91
225.22,318.96,377.46,397.18,389.62,375.01,346.9,285.94,207.57,144.52,120.41,115.9
399.41,405.77,414.66,395.33,362.36,323.45,254.2,172.17,117.44,98.0,94.97,99.31
324.4,347.98,380.6,374.7,347.92,298.93,210.6,127.6,98.21,88.55,79.11,83.99
322.77,332.39,357.73,354.41,329.34,272.48,178.44,100.98,86.21,74.72,77.95,84.87
291.12,301.47,304.16,297.31,271.81,208.73,124.91,92.7,81.52,75.1,80.05,86.9
328.75,313.66,294.58,262.04,220.05,160.27,102.84,82.55,71.63,71.16,76.66,81.82
209.98,212.24,206.65,188.88,162.69,122.88,91.26,81.72,73.58,68.08,71.23,75.36
230.94,235.95,229.45,202.42,171.84,144.16,103.71,92.22,86.46,76.11,69.3,72.14
321.33,283.24,256.61,209.74,151.41,110.08,86.16,85.4,83.22,76.11,74.17,74.78
258.36,242.71,220.71,181.56,139.2,101.28,82.98,80.09,79.49,76.53,74.84,75.05
84.86,50.67,58.85,52.89,58.89,61.69,61.39,62.03,67.04,78.26,100.61,143.99
97.08,74.39,60.23,62.26,68.85,78.13,88.93,101.34,119.84,159.64,246.0,334.03
98.13,73.67,60.02,64.37,68.76,80.42,96.56,119.57,152.94,219.83,287.13,366.42
93.1,68.39,56.69,57.17,65.23,81.18,118.27,188.29,262.15,343.71,389.98,419.09
70.02,61.79,61.73,67.06,77.78,94.08,123.39,172.33,250.21,347.63,420.74,445.91
64.41,50.44,47.72,70.97,92.09,110.75,131.64,164.36,228.06,296.15,390.6,437.51
60.55,62.96,67.47,98.64,155.81,219.75,279.1,359.27,398.28,416.57,426.1,428.12
112.99,129.14,158.4,215.79,285.91,329.28,372.46,388.81,383.4,366.46,346.45,330.48
118.4,153.69,233.37,320.3,402.55,439.29,438.77,423.43,405.42,388.13,372.23,359.66
116.35,163.03,246.8,327.84,388.1,412.92,408.54,400.9,393.95,381.49,368.57,358.31
127.09,195.54,288.97,367.01,403.23,404.64,396.14,396.43,398.19,393.33,382.69,373.37
152.44,213.3,298.76,354.77,387.17,394.71,394.68,391.1,387.48,379.83,369.58,361.49
148.9,211.34,299.29,350.18,382.48,390.18,389.52,383.09,374.68,370.48,365.61,358.68
216.46,300.58,364.53,392.31,380.14,354.08,330.51,302.47,271.22,254.12,239.02,213.12
