296.65,328.22,322.21,329.59,327.52,320.16,304.18,292.17,289.58,291.75,304.12,333.67
284.96,310.29,320.24,333.73,332.16,323.52,305.76,291.35,287.9,289.88,301.93,331.97
255.37,256.55,266.72,293.04,316.03,336.82,350.58,353.2,349.93,346.02,354.01,403.63
256.88,258.76,267.95,293.86,316.66,337.23,350.89,354.24,354.95,355.45,349.26,357.64
247.65,242.84,258.82,288.34,312.47,334.36,349.17,352.42,349.85,346.02,350.03,386.04
237.33,230.89,246.88,281.03,307.6,331.25,347.37,351.12,349.22,346.2,350.72,386.55
262.6,268.35,285.09,305.11,309.75,310.71,300.61,291.43,286.85,284.99,287.71,308.48
255.58,255.98,266.36,292.82,315.86,336.72,350.53,353.18,349.98,346.32,354.18,399.13
251.08,247.98,262.12,290.08,313.72,335.3,349.76,352.79,349.89,345.71,349.56,385.86
354.13,379.85,345.65,337.39,330.26,321.8,306.14,295.52,293.45,294.38,301.0,329.99
345.0,374.4,337.08,330.2,325.27,318.38,304.26,295.13,293.5,295.62,307.4,336.94
248.59,243.58,259.58,288.62,312.62,334.51,349.29,352.53,350.06,347.39,356.71,389.4
330.64,358.35,322.53,323.14,320.1,314.25,301.84,294.4,293.04,295.69,309.09,337.79
244.44,237.7,254.52,285.93,310.82,333.26,348.53,352.05,350.14,348.99,359.64,384.42
342.31,373.77,334.44,328.35,323.82,317.2,303.67,295.42,296.09,305.75,320.03,343.59
234.07,231.02,245.89,280.27,307.08,330.87,347.12,351.21,351.39,354.89,356.41,373.14
366.09,391.0,355.13,344.54,334.67,324.13,307.93,298.97,306.21,316.93,325.93,348.47
266.16,274.95,290.37,308.35,311.91,311.4,300.89,294.51,300.48,311.16,322.27,351.05
393.75,420.41,379.58,355.4,342.38,328.82,313.77,311.06,317.87,322.45,329.6,352.69
318.96,339.82,318.11,322.5,320.67,315.82,306.6,309.65,316.96,321.7,329.57,355.67
327.71,349.46,320.01,322.54,320.07,314.59,302.83,299.7,309.5,318.12,326.5,350.23
406.85,433.21,390.46,359.38,345.39,330.35,313.32,306.59,314.76,321.0,328.54,351.41
452.85,473.25,439.65,393.19,367.32,343.04,329.42,326.46,324.86,326.05,331.55,354.24
569.34,572.0,562.84,613.4,651.42,615.93,557.96,516.75,474.04,425.22,401.16,415.7
588.06,578.28,559.17,603.33,626.1,588.83,534.51,486.25,434.6,404.65,408.26,439.32
261.36,281.87,334.29,381.43,417.23,436.58,450.09,445.61,407.59,377.17,385.25,419.53
419.3,448.34,434.4,436.6,483.21,494.28,480.52,437.21,387.64,372.24,384.97,420.41
450.94,471.58,444.76,416.68,435.61,465.55,462.53,422.86,377.5,367.82,382.12,418.33
257.18,259.21,268.81,296.91,327.05,372.29,425.89,452.96,452.19,458.07,476.37,500.26
251.82,250.16,263.53,292.12,320.51,356.87,380.37,386.36,379.39,378.89,390.58,406.65
239.88,233.63,249.58,283.39,311.94,345.27,368.08,375.52,377.17,380.49,392.39,406.43
240.0,222.2,243.21,277.99,305.33,333.0,360.23,376.94,392.19,401.75,404.87,413.98
381.87,405.23,367.94,350.47,338.64,328.64,321.96,324.07,333.67,359.7,400.4,443.83
379.17,402.7,366.04,349.69,338.13,328.3,321.21,321.74,325.08,336.46,367.51,417.85
237.44,222.7,243.19,277.74,304.68,329.88,348.93,358.89,353.61,351.14,364.74,397.13
238.98,215.78,237.22,271.37,299.2,326.18,344.8,350.81,355.59,350.24,350.65,371.64
603.68,600.73,576.92,616.34,615.3,571.73,525.12,502.35,491.62,463.52,443.34,452.72
424.02,457.8,498.32,535.13,551.27,523.48,498.82,489.69,477.07,444.32,425.63,442.65
228.23,224.67,257.14,307.12,346.27,414.71,519.91,559.39,576.27,573.64,569.02,577.41
212.79,178.04,173.57,201.03,215.41,223.92,231.82,237.07,240.78,245.48,256.78,283.24
210.56,159.03,155.2,182.49,196.62,206.17,211.15,213.17,214.71,217.77,226.8,249.06
209.88,151.25,148.48,178.7,192.41,201.19,204.8,205.36,206.08,208.67,217.46,238.29
217.05,147.44,148.4,179.3,192.24,200.73,203.76,203.82,204.3,206.77,215.64,236.39
339.82,318.74,287.41,274.93,256.38,232.57,223.03,221.62,222.05,224.4,233.62,257.5
243.4,195.96,205.88,203.27,204.81,206.55,205.43,205.19,205.81,207.98,216.81,239.19
342.18,320.62,288.7,276.19,257.29,233.05,223.12,221.57,221.91,224.12,233.19,256.83
253.04,215.45,225.51,221.3,214.51,209.3,207.13,206.55,207.09,209.29,218.21,240.89
356.62,329.07,293.85,280.96,260.99,235.82,224.62,222.7,222.96,225.03,233.82,256.85
305.07,286.57,261.42,255.88,244.28,226.39,220.32,219.53,219.79,220.57,224.64,241.35
269.98,268.67,283.75,306.43,316.37,316.78,302.35,288.1,283.66,290.71,306.2,341.18
276.88,294.58,306.32,321.19,322.46,317.52,302.49,291.15,290.18,299.14,313.85,341.65
414.77,440.68,398.65,362.37,347.6,331.53,313.03,300.92,306.89,317.35,326.17,348.71
290.68,320.4,322.88,333.37,331.38,323.01,306.08,294.9,301.38,312.24,322.87,351.42
322.81,344.02,319.35,322.74,320.48,314.99,302.52,296.95,304.81,315.33,324.73,348.64
265.36,273.97,289.49,307.67,311.36,311.13,300.56,292.08,290.77,299.39,314.29,341.61
265.36,273.97,289.49,307.67,311.36,311.13,300.56,292.08,290.8,299.45,314.36,341.72
264.55,272.6,288.41,306.94,310.84,310.93,300.51,291.67,287.94,289.02,301.68,332.05
268.24,279.23,293.31,310.5,313.52,312.18,300.7,291.58,288.35,290.39,304.16,334.24
264.94,273.26,288.94,307.29,311.08,311.01,300.5,291.66,287.96,288.9,301.24,331.69
262.75,269.47,285.51,305.56,310.15,311.06,300.88,291.57,287.02,285.52,290.39,318.29
259.92,262.52,274.5,305.26,317.09,320.5,308.89,293.38,285.72,283.86,288.72,316.37
260.57,264.16,278.42,305.77,313.43,315.36,303.99,291.8,286.13,285.72,295.77,332.47
259.62,261.91,272.62,303.78,319.86,325.4,314.32,295.84,285.96,283.63,286.79,307.7
259.62,261.91,272.62,303.78,319.86,325.4,314.32,295.84,286.01,284.0,289.16,316.73
262.75,269.47,285.51,305.56,310.15,311.06,300.88,291.56,286.96,285.12,287.86,308.63
266.9,276.7,291.5,309.14,312.47,311.64,300.57,291.55,287.65,286.2,289.06,309.9
287.82,314.86,322.74,335.56,333.56,324.43,306.37,291.57,287.65,287.2,289.85,310.16
269.03,280.76,294.42,311.34,314.16,312.52,300.77,291.46,287.71,286.36,289.2,310.01
275.4,293.2,304.27,318.79,319.99,315.79,301.81,291.1,287.61,286.54,289.27,309.89
621.49,636.08,597.17,631.7,620.8,572.58,522.45,489.59,475.33,469.2,475.79,500.33
292.81,337.71,400.38,509.51,596.37,586.88,544.68,505.62,483.77,475.67,481.59,508.67
299.15,334.16,347.82,396.79,473.25,483.92,474.52,463.23,454.75,450.76,458.57,482.83
289.44,318.43,328.02,354.01,382.95,422.5,435.15,437.57,438.45,441.47,455.17,488.32
287.08,313.67,323.08,339.51,350.76,373.0,397.95,413.77,421.49,427.49,442.42,478.43
270.88,284.38,297.2,313.84,318.67,328.08,339.52,357.51,377.03,397.6,421.12,457.19
367.68,392.59,356.18,345.25,335.58,327.48,320.41,323.01,337.96,359.94,391.17,412.82
420.26,445.25,405.05,364.58,348.78,332.46,315.89,308.28,317.97,342.74,359.82,381.89
330.46,357.23,322.58,323.35,320.29,314.44,302.32,296.59,302.92,321.72,338.66,371.02
283.86,308.55,318.71,332.1,330.81,322.66,305.39,292.22,293.46,307.97,327.44,367.02
286.29,312.35,321.73,335.16,333.33,324.3,306.34,292.23,292.43,305.13,325.34,366.89
290.22,319.52,322.95,333.81,331.8,323.25,305.79,291.82,288.82,292.13,305.91,334.92
311.04,337.04,320.05,324.64,322.44,316.39,302.5,293.15,291.7,296.45,311.49,338.67
431.23,454.01,418.9,372.67,352.32,332.88,313.92,299.49,298.87,310.3,322.91,345.4
287.82,314.86,322.74,335.56,333.56,324.45,306.46,292.29,292.19,303.07,316.78,343.85
276.59,295.49,306.28,320.4,321.27,316.57,302.22,291.77,292.12,302.59,316.56,343.63
285.88,311.71,321.33,334.8,333.04,324.11,306.21,292.18,292.37,303.45,317.06,344.49
263.81,271.39,287.36,306.33,310.45,310.86,300.62,291.93,289.6,297.2,317.79,355.58
266.33,275.67,290.75,308.59,312.04,311.43,300.54,291.63,288.08,289.11,301.45,331.84
288.58,316.25,322.95,335.22,333.2,324.19,306.26,291.62,287.83,287.73,292.54,319.93
334.4,366.65,326.37,324.43,320.78,314.66,302.16,294.61,292.97,293.68,301.79,332.05
330.46,357.23,322.58,323.35,320.28,314.37,301.88,294.3,292.67,293.8,303.73,334.06
352.46,379.28,344.26,335.89,329.4,321.35,305.99,296.16,297.93,309.44,322.32,345.11
324.23,345.55,319.59,322.7,320.36,314.8,302.05,294.11,293.47,300.77,322.13,358.26
322.81,344.02,319.35,322.74,320.47,314.92,302.05,293.79,291.87,292.65,301.53,331.95
322.81,344.02,319.35,322.74,320.47,314.92,302.05,293.79,291.87,292.65,301.5,331.93
325.4,346.92,319.86,322.72,320.3,314.71,302.0,293.96,292.12,292.95,301.97,332.39
287.45,314.21,322.57,335.6,333.63,324.48,306.38,291.56,287.79,288.38,296.52,326.65
285.43,311.03,320.83,334.33,332.66,323.85,305.95,291.37,287.66,288.32,296.86,327.1
283.86,308.55,318.71,332.1,330.81,322.64,305.23,291.24,287.88,289.75,301.68,331.64
292.86,323.99,322.61,331.64,329.65,321.74,305.01,292.09,289.99,295.77,310.8,338.32
282.52,306.31,316.57,329.85,328.95,321.43,304.54,291.13,287.89,289.76,301.84,331.82
407.11,434.03,391.29,359.98,346.08,330.69,312.0,297.56,294.38,297.95,311.68,339.65
290.68,320.4,322.89,333.37,331.37,322.96,305.63,291.82,288.68,290.93,303.33,332.95
275.4,293.2,304.27,318.79,319.99,315.79,301.82,291.16,288.08,289.61,301.93,332.07
267.53,277.88,292.34,309.77,312.95,311.89,300.63,291.59,288.18,289.51,302.25,332.46
282.52,306.31,316.57,329.85,328.95,321.43,304.54,291.13,287.88,289.69,301.66,331.67
271.92,286.43,298.7,314.54,316.65,313.87,301.14,291.3,287.75,286.88,291.81,319.67
449.67,469.64,437.58,391.27,365.54,340.13,318.1,301.68,295.62,298.28,311.67,339.72
362.12,387.29,352.01,342.52,333.46,323.52,307.2,296.29,296.52,306.54,320.71,344.01
276.59,295.49,306.28,320.4,321.27,316.57,302.19,291.55,290.88,300.07,314.69,341.91
260.23,263.27,276.51,305.81,315.05,317.44,305.84,292.67,288.62,296.34,311.53,341.43
292.25,323.1,322.67,332.05,330.07,322.05,305.21,292.33,291.64,301.58,318.34,349.71
292.86,323.99,322.61,331.64,329.65,321.74,305.0,291.95,289.06,291.24,303.57,333.2
313.26,337.95,319.69,324.11,321.93,316.03,302.37,293.2,291.27,293.39,305.94,335.36
398.57,425.62,383.77,357.19,343.87,329.35,311.11,297.56,296.78,306.95,321.06,344.21
599.08,590.96,569.29,610.48,617.53,574.16,524.97,493.81,486.88,475.02,444.7,435.22
464.85,502.36,532.4,577.24,617.68,600.21,547.03,512.83,493.22,459.1,429.16,439.55
418.59,448.14,435.86,440.47,484.57,488.93,483.39,468.03,428.36,398.36,407.8,437.82
327.6,350.18,325.49,339.22,359.53,390.91,413.51,426.42,413.12,375.33,369.4,400.12
419.52,444.73,405.03,368.65,367.66,383.68,405.22,418.68,404.91,370.04,367.37,399.31
413.32,439.55,397.34,362.66,351.86,351.97,361.83,357.94,342.82,339.14,353.8,396.18
263.1,270.15,286.21,305.94,311.22,317.5,325.59,328.15,326.03,330.73,354.07,407.6
276.59,295.49,306.29,320.49,321.89,320.55,318.53,319.89,321.8,330.7,360.02,416.7
405.65,432.67,390.19,361.55,355.3,348.2,341.0,334.11,331.7,336.82,361.3,414.27
261.65,267.04,282.85,305.76,314.21,324.76,325.58,323.93,327.64,346.11,391.61,442.52
402.11,429.15,386.82,358.79,347.88,341.21,336.05,329.95,329.21,336.85,363.91,415.46
254.37,254.78,265.8,292.51,316.06,339.81,360.65,359.14,354.93,358.64,374.11,405.55
263.1,270.14,286.19,305.81,310.34,311.84,306.17,309.16,315.5,322.02,339.75,389.06
284.95,310.29,320.24,333.73,332.22,323.94,308.72,304.56,312.28,318.7,330.03,364.05
393.77,420.8,379.9,355.66,342.7,329.02,313.56,310.2,317.56,323.62,336.65,374.43
423.99,448.25,409.83,366.61,349.63,332.58,316.2,311.5,317.91,323.26,334.48,368.35
287.07,313.59,322.35,335.55,333.62,324.53,306.81,294.64,300.73,311.65,322.64,352.3
260.92,265.11,280.11,305.51,312.18,313.94,303.32,294.61,299.12,309.66,321.75,353.29
276.59,295.48,306.28,320.4,321.27,316.62,302.58,294.17,300.81,311.98,324.98,359.8
278.87,299.76,310.22,323.75,323.96,318.24,302.93,291.44,290.59,299.58,314.23,341.56
286.29,312.35,321.73,335.16,333.33,324.29,306.29,291.92,290.7,300.39,316.06,346.5
325.74,347.34,319.96,322.73,320.28,314.69,302.0,294.02,292.44,294.8,307.79,336.85
329.4,353.68,321.66,323.16,320.28,314.46,301.91,294.25,292.94,296.14,310.24,338.37
340.77,373.07,332.9,327.42,323.07,316.56,303.3,295.2,295.13,303.07,318.11,342.53
384.92,411.07,371.99,352.42,340.12,327.13,309.79,298.65,303.78,315.52,325.72,349.46
468.31,486.38,452.65,407.71,381.61,352.6,325.42,308.4,306.9,318.68,334.31,371.91
775.84,1035.62,1001.81,960.31,919.88,854.56,795.03,754.8,717.88,666.8,602.14,560.18
379.19,420.78,452.21,500.34,528.84,503.48,479.37,471.18,461.93,427.2,399.61,417.65
470.64,492.13,488.29,508.7,561.24,550.3,523.54,502.53,470.88,426.68,411.72,437.25
457.91,479.31,451.72,426.41,451.95,476.82,478.62,445.85,394.92,369.29,377.0,412.94
300.73,331.69,322.72,332.48,344.72,372.0,382.75,358.84,341.2,337.54,354.59,402.27
515.35,554.48,571.48,632.17,679.97,644.89,554.41,487.42,433.46,408.75,422.57,459.6
292.18,335.11,394.53,504.88,597.91,571.06,512.82,458.82,412.89,396.19,415.85,458.64
515.49,556.05,571.93,633.24,683.56,651.58,559.81,493.91,445.01,430.27,444.83,473.51
428.11,468.38,508.72,550.52,568.04,525.95,479.09,434.24,421.41,432.9,452.22,483.71
258.19,263.83,285.95,322.29,360.26,399.67,421.82,424.3,434.44,449.15,466.47,494.62
258.34,260.88,272.45,305.0,339.46,400.04,491.73,529.91,523.61,508.69,527.81,578.95
248.5,244.34,260.35,291.16,319.88,362.07,450.16,533.8,559.35,560.92,535.89,495.61
257.15,259.07,268.2,294.31,318.19,348.67,406.62,521.06,632.66,710.53,788.93,843.89
248.47,244.2,259.81,288.92,313.05,336.91,367.13,427.53,531.72,629.0,665.7,662.92
646.47,681.28,620.89,646.71,624.54,570.37,519.07,492.32,492.21,479.37,451.64,454.23
243.45,257.45,318.69,387.38,445.16,461.55,450.45,444.27,450.13,444.23,423.26,427.26
253.55,256.52,282.56,318.36,351.03,413.63,506.3,527.38,510.14,495.08,488.92,468.61
250.48,248.01,265.64,300.73,332.95,383.68,484.87,537.98,547.1,549.12,574.11,596.59
257.26,259.06,268.66,296.28,323.82,364.42,451.2,528.48,546.28,533.98,540.96,554.3
261.77,267.2,283.27,305.52,312.92,325.22,339.15,359.77,381.38,402.62,425.47,462.82
337.15,369.96,329.17,325.59,321.98,318.2,314.21,320.27,337.17,359.48,391.23,424.22
343.91,374.53,336.05,329.4,324.73,318.33,306.45,303.8,314.61,336.97,370.24,395.43
319.4,340.76,318.75,322.81,320.74,315.25,302.48,295.35,298.71,313.77,343.66,377.7
316.46,338.19,318.1,322.77,320.89,315.38,302.19,293.74,293.2,300.99,324.63,360.99
323.51,342.76,317.03,321.35,319.65,314.48,301.88,294.01,292.96,298.56,319.56,356.87
328.99,352.43,321.35,323.09,320.28,314.5,301.92,294.15,292.36,292.89,300.56,330.69
348.65,377.12,340.72,332.84,327.33,319.94,305.12,295.32,293.85,297.52,311.69,339.47
332.07,361.93,324.08,323.71,320.39,314.38,301.96,294.58,293.79,298.99,314.25,340.54
457.82,478.58,444.7,398.32,371.85,344.48,320.63,304.48,302.75,314.01,324.72,347.04
332.07,361.93,324.08,323.72,320.4,314.47,302.57,298.51,307.58,317.27,326.0,349.31
314.32,338.4,319.54,323.88,321.74,316.04,303.51,300.15,309.95,317.97,326.6,352.16
290.68,320.4,322.89,333.37,331.38,322.98,305.81,293.17,295.95,307.85,320.07,347.27
270.88,284.37,297.11,313.35,315.73,313.38,301.17,292.63,294.88,306.23,319.13,346.55
277.76,297.69,308.28,322.07,322.61,317.41,302.67,292.38,295.15,306.76,319.4,347.25
284.44,309.47,319.54,332.99,331.55,323.17,305.9,293.98,299.63,310.83,322.12,351.76
268.24,279.23,293.31,310.5,313.52,312.21,300.9,293.03,295.98,307.34,319.84,347.53
263.81,271.39,287.36,306.33,310.45,310.87,300.64,292.08,290.54,299.07,314.07,341.89
268.24,279.23,293.31,310.5,313.52,312.18,300.7,291.62,288.63,291.86,306.9,337.1
286.29,312.35,321.73,335.16,333.33,324.29,306.25,291.56,288.28,291.77,309.52,351.06
265.83,274.77,290.09,308.1,311.67,311.26,300.51,291.59,287.65,286.46,291.45,319.4
273.04,288.62,300.44,315.85,317.67,314.44,301.33,291.24,287.71,286.77,291.03,317.43
264.17,271.99,287.89,306.63,310.63,310.88,300.53,291.6,287.38,285.73,288.58,309.53
458.38,479.12,445.16,398.81,372.31,344.81,320.65,303.32,295.61,295.85,302.51,330.88
292.86,323.99,322.61,331.64,329.65,321.74,304.99,291.9,288.65,288.64,293.69,321.42
313.26,337.95,319.69,324.11,321.93,316.03,302.36,293.15,290.89,290.94,296.48,324.68
393.77,420.8,379.9,355.65,342.64,328.6,310.54,296.98,294.23,297.5,310.79,339.26
370.25,395.12,358.21,346.28,335.81,324.69,307.95,296.55,296.71,306.87,320.98,344.3
409.4,436.13,393.41,360.71,346.61,331.04,312.65,300.69,306.73,317.28,326.19,348.88
407.11,434.03,391.29,359.99,346.14,331.1,314.98,310.72,317.49,322.25,329.49,352.71
412.53,438.86,396.43,361.75,347.66,334.02,324.86,323.23,323.54,325.66,331.63,354.89
381.53,407.21,368.68,351.43,341.91,337.54,333.47,328.2,326.81,327.64,332.92,356.68
355.88,381.79,347.52,341.22,342.41,342.65,336.8,331.39,329.29,329.54,335.31,362.37
411.01,437.87,396.77,370.52,365.2,357.3,349.48,343.02,338.57,339.23,355.35,404.28
376.72,402.2,366.19,360.54,359.67,353.75,347.32,341.23,337.4,336.76,342.87,372.3
409.83,442.63,395.46,379.54,375.49,377.82,382.88,387.51,390.13,391.63,396.15,415.56
261.34,267.42,289.97,330.29,343.15,352.2,357.94,360.65,361.35,361.51,364.94,381.6
259.68,262.26,275.07,315.92,343.57,357.15,366.25,371.0,372.69,373.27,376.85,394.33
335.85,368.8,328.61,330.87,338.6,340.41,335.56,331.78,330.58,332.24,343.07,382.51
290.68,320.42,322.97,334.21,336.54,337.04,332.65,326.85,325.9,329.18,343.34,387.26
223.73,226.21,241.59,276.47,304.36,333.65,355.85,351.17,347.96,351.54,362.59,389.6
243.96,219.11,232.25,258.94,282.6,308.9,329.69,342.42,342.3,344.65,353.74,376.43
253.2,232.63,243.69,273.79,301.9,322.34,324.51,311.75,305.64,310.82,325.81,366.09
570.01,545.63,539.32,581.63,604.95,568.54,523.0,495.95,489.53,467.74,436.57,441.42
262.73,273.3,338.82,408.65,459.26,464.0,460.5,456.12,455.73,458.15,439.07,425.65
288.53,308.78,325.9,367.47,417.14,442.33,444.98,444.39,444.94,453.26,469.9,466.1
304.84,312.58,303.76,328.2,354.26,392.81,417.99,426.86,429.52,433.43,448.94,477.83
307.84,313.87,300.31,316.23,331.27,356.58,382.63,401.06,411.82,419.76,437.89,459.81
314.21,321.83,303.6,315.2,320.31,329.0,338.63,354.85,372.9,393.78,419.5,435.94
343.38,371.35,335.21,329.24,324.77,320.63,315.91,321.05,337.5,359.93,391.98,418.35
342.44,374.0,334.59,328.43,323.95,317.69,306.07,303.72,314.82,337.98,369.07,391.86
355.87,381.74,347.19,338.56,331.07,322.38,306.93,298.23,305.02,324.15,339.61,371.69
371.54,396.43,359.29,346.82,336.18,324.98,308.93,301.8,311.5,321.54,336.02,374.62
423.25,447.66,408.87,366.16,349.49,332.9,318.32,315.93,320.39,325.52,339.64,381.11
390.06,416.88,376.79,354.41,341.77,328.8,315.34,314.4,319.59,323.4,330.24,353.42
477.65,491.78,458.79,415.72,392.02,366.59,345.93,338.28,331.97,330.27,336.01,363.83
355.88,381.81,347.66,342.2,344.54,344.15,337.85,332.34,330.04,330.52,338.51,372.07
340.82,373.36,334.72,338.35,346.09,345.01,340.28,335.93,334.24,335.76,346.51,385.35
327.61,350.02,323.36,338.27,347.06,345.78,342.47,339.61,340.17,345.6,362.62,404.0
326.41,348.24,321.01,329.56,338.83,340.59,335.92,332.25,331.35,333.57,345.0,384.68
325.75,347.36,320.12,324.26,328.19,333.28,330.73,327.67,327.35,329.32,338.91,375.08
324.64,346.03,319.7,322.93,321.88,322.66,322.72,322.88,324.02,326.86,336.23,370.63
323.32,344.54,319.43,322.75,320.65,316.4,310.41,314.83,319.66,323.95,333.91,367.4
328.35,350.83,320.93,323.0,320.33,314.84,303.91,304.03,314.68,325.43,347.36,398.84
393.77,420.8,379.9,355.66,342.68,328.89,312.63,307.52,316.12,323.64,338.7,380.31
333.14,364.37,325.12,324.02,320.55,314.57,302.72,298.97,308.58,319.58,334.74,374.17
326.68,348.46,320.24,322.79,320.27,314.66,302.15,295.2,298.79,310.54,322.38,345.73
323.32,344.54,319.42,322.72,320.43,314.88,302.08,294.1,293.77,301.38,316.5,341.53
319.67,341.34,319.15,323.01,320.83,315.23,302.16,293.78,292.94,299.28,314.6,340.46
321.69,342.95,319.23,322.81,320.59,315.03,302.1,293.89,292.98,298.89,314.21,340.29
450.86,470.94,438.69,392.34,366.47,340.76,318.6,303.14,302.45,313.92,324.61,346.87
313.26,337.95,319.69,324.11,321.93,316.05,302.53,294.41,297.94,309.72,321.61,345.76
322.27,343.48,319.28,322.77,320.53,315.01,302.34,295.71,301.43,312.94,323.46,347.2
421.76,446.46,406.95,365.32,349.05,332.17,314.13,304.59,312.37,319.96,327.77,350.54
458.38,479.12,445.16,398.81,372.35,345.11,322.92,314.66,318.45,322.53,329.79,353.93
461.73,481.97,447.8,401.79,375.32,347.66,325.77,319.6,321.31,323.83,330.28,353.35
342.48,374.08,334.64,328.48,324.15,318.9,312.47,316.42,320.71,324.25,331.17,355.7
544.93,574.04,574.85,628.54,677.73,672.47,599.35,527.41,470.22,420.88,399.38,415.83
354.75,398.41,426.22,472.0,512.33,507.26,476.52,425.23,377.49,361.98,364.72,392.3
329.17,355.75,344.09,375.85,430.65,455.19,433.04,383.73,359.0,350.36,355.45,386.59
362.79,388.49,357.31,360.88,383.46,408.31,384.55,356.39,344.67,347.14,370.66,412.08
326.4,348.21,320.93,327.22,339.91,359.6,352.77,339.58,332.29,331.38,342.4,382.23
325.75,347.38,320.23,324.93,331.56,342.0,336.88,331.08,328.89,331.0,345.7,392.71
327.79,349.87,320.7,323.3,322.82,327.11,330.61,333.4,350.49,387.85,423.84,462.07
318.91,340.82,319.16,323.17,321.39,318.34,316.29,322.08,332.31,358.76,400.45,443.85
322.27,343.49,319.28,322.78,320.61,315.55,305.91,309.23,319.27,332.04,362.61,413.93
309.9,336.57,320.26,324.94,322.74,316.68,303.21,297.14,306.33,317.89,333.62,375.41
327.79,349.87,320.65,322.91,320.28,314.61,302.09,294.92,297.42,310.39,329.4,366.25
311.04,337.04,320.05,324.64,322.44,316.39,302.51,293.21,292.05,297.96,313.23,339.66
435.44,457.31,423.56,377.08,354.72,333.8,314.55,299.89,298.63,309.68,322.59,345.14
322.81,344.02,319.35,322.74,320.47,314.92,302.06,293.88,292.49,296.26,310.9,338.62
332.07,361.93,324.08,323.71,320.39,314.38,301.96,294.61,293.94,299.62,314.96,340.88
318.91,340.82,319.16,323.1,320.94,315.32,302.18,293.74,292.95,299.51,314.81,340.57
327.79,349.87,320.65,322.91,320.28,314.6,301.99,294.21,293.2,298.13,313.32,339.95
327.79,349.87,320.65,322.91,320.28,314.6,301.99,294.21,293.21,298.2,313.41,339.99
342.48,374.08,334.63,328.45,323.91,317.27,303.73,295.58,297.0,307.72,321.24,344.38
382.68,408.52,369.78,351.49,339.43,326.74,309.73,299.91,307.28,317.55,326.26,348.83
413.32,439.53,397.21,361.96,347.46,331.89,315.96,312.12,318.23,322.59,329.66,352.74
462.28,482.39,448.23,402.31,376.02,349.42,332.0,328.12,325.58,326.29,331.66,354.31
466.68,485.37,451.49,406.31,380.5,354.56,337.89,332.81,328.54,330.15,343.38,386.1
516.22,552.64,567.35,623.37,677.03,677.2,588.53,512.06,450.61,407.21,393.02,413.35
491.09,535.15,559.89,616.82,669.18,658.16,568.89,500.87,442.43,409.38,410.4,439.88
470.34,500.98,524.25,567.86,613.55,573.33,505.94,448.75,405.96,391.19,404.71,439.99
606.93,611.15,588.32,609.85,580.46,512.11,455.43,410.47,392.99,403.43,429.23,453.56
661.88,716.73,640.2,563.44,495.35,436.76,393.72,384.82,395.45,415.84,433.62,453.86
479.19,523.52,539.72,510.48,499.07,474.04,439.74,412.42,417.28,441.25,469.81,507.22
579.61,587.27,561.18,523.2,519.36,492.43,460.75,443.12,455.49,481.01,507.56,536.07
490.82,545.48,583.71,553.73,505.01,457.98,445.76,444.37,444.52,444.92,447.14,456.62
438.11,486.88,524.52,505.66,466.61,447.42,445.32,446.33,446.92,447.45,449.74,459.31
469.15,499.82,469.73,442.82,432.23,426.76,427.35,430.25,433.74,438.11,444.8,458.73
413.53,447.81,401.16,390.14,396.42,410.49,421.09,427.91,433.11,437.61,443.27,457.01
395.15,428.81,379.31,377.81,384.79,403.53,419.93,430.69,438.03,444.12,450.98,466.84
331.98,363.43,331.38,349.84,356.71,371.47,397.11,414.79,424.94,431.73,439.22,453.25
339.4,373.73,338.56,350.84,356.49,358.71,372.81,404.66,432.32,449.81,463.45,484.48
326.73,348.75,321.91,333.89,343.5,343.71,342.05,351.46,386.39,423.51,450.96,479.41
328.07,350.35,321.08,325.62,331.73,336.2,332.78,332.08,343.48,379.0,420.65,460.48
325.03,346.49,319.81,323.11,322.94,325.84,325.88,324.86,328.11,342.34,381.71,432.18
321.69,342.95,319.23,322.86,320.98,317.6,313.91,317.77,321.53,328.56,349.95,403.29
331.18,359.49,323.24,323.51,320.4,315.01,306.2,310.22,319.52,331.83,361.28,412.94
329.0,352.45,321.36,323.1,320.3,314.62,302.81,299.56,309.59,320.03,335.46,376.51
358.09,383.62,348.97,340.12,332.03,322.91,307.61,301.24,310.72,319.87,331.01,361.68
409.4,436.13,393.41,360.71,346.64,331.27,314.35,308.37,315.96,321.58,329.29,353.31
396.28,423.34,381.92,356.47,343.4,329.82,316.25,315.07,319.87,323.54,330.32,353.49
401.41,428.45,386.17,358.14,344.81,331.14,319.2,318.45,321.37,324.42,330.88,354.05
425.46,449.43,411.78,367.82,351.57,339.96,334.03,328.84,326.81,327.47,332.58,355.71
404.21,431.24,388.75,359.94,350.83,344.61,338.68,331.68,328.88,328.72,333.49,357.15
433.37,455.81,421.98,379.72,367.28,355.58,345.96,338.83,333.9,332.13,336.35,361.7
424.29,450.08,415.91,380.7,371.53,363.75,358.13,354.28,352.15,353.88,364.45,396.58
401.85,433.13,391.26,378.2,375.42,377.34,382.2,387.87,392.09,394.67,399.69,420.0
619.68,646.5,599.64,530.16,479.88,430.39,388.61,372.07,366.35,363.36,370.12,393.32
547.76,584.95,574.0,543.62,550.85,526.95,488.5,439.84,399.66,386.4,398.58,434.31
394.82,444.71,455.98,444.81,416.99,396.02,376.04,362.56,359.12,373.69,410.71,450.05
361.57,397.27,376.46,374.95,369.42,369.98,374.41,379.45,384.94,395.4,411.4,431.31
407.94,442.3,394.49,382.34,378.43,380.64,385.61,391.24,398.05,410.44,428.01,448.81
407.16,441.03,389.54,378.62,374.75,377.85,384.01,391.45,402.8,418.91,434.24,452.09
369.31,400.77,361.95,366.8,362.96,364.94,370.69,377.48,385.6,398.99,414.94,433.5
352.16,385.91,350.4,357.4,357.51,361.2,367.77,376.26,388.97,405.12,417.29,432.95
358.95,390.36,357.06,363.76,362.12,364.73,370.79,378.89,391.3,409.07,424.92,442.58
365.84,396.57,362.13,368.11,365.35,367.05,372.42,379.22,386.96,401.08,421.04,443.96
409.04,441.83,394.74,379.45,375.7,378.2,383.37,388.34,393.14,404.07,424.53,452.22
377.33,408.04,369.83,372.49,369.37,371.02,376.17,382.15,386.46,390.51,402.24,429.37
372.26,402.91,366.09,370.53,367.31,368.84,374.0,380.05,384.16,386.45,391.16,410.33
413.0,445.65,398.81,380.01,374.54,375.9,380.63,385.46,388.38,390.06,394.58,413.73
384.75,416.38,375.0,374.62,371.86,374.25,379.57,384.87,388.12,390.28,396.95,420.29
555.22,584.47,575.49,558.25,572.45,542.12,497.31,446.48,402.91,382.31,387.13,415.76
488.27,540.57,559.49,539.62,547.67,524.99,484.72,435.63,396.23,384.15,396.02,431.51
472.29,509.65,510.37,477.93,455.26,421.18,384.21,361.49,353.64,357.08,381.98,426.41
464.07,494.19,451.67,416.6,392.34,376.19,366.0,362.58,367.42,384.09,409.24,434.4
485.24,511.32,489.27,457.13,429.1,398.52,376.11,362.18,360.79,379.44,414.06,447.04
784.89,1063.16,1016.4,943.28,861.25,750.55,633.4,551.77,517.76,517.61,529.46,552.37
500.57,550.25,562.21,535.88,541.45,521.14,486.93,448.86,432.91,444.71,476.67,534.71
464.28,505.27,509.77,476.81,452.9,419.39,390.98,393.6,422.81,450.44,474.62,509.44
596.67,600.6,567.47,525.98,506.41,474.91,452.24,459.14,481.36,503.94,526.97,564.74
572.21,586.61,565.21,530.07,536.99,523.7,517.01,518.46,519.52,522.43,534.86,567.02
437.62,490.67,536.49,521.05,478.8,453.22,449.13,449.66,450.36,452.4,460.1,473.6
405.15,444.11,421.5,420.48,419.26,424.76,429.36,432.68,435.53,439.98,451.3,471.54
409.73,444.4,398.1,389.73,397.59,412.02,423.14,430.32,436.06,442.32,454.09,475.84
406.0,439.97,387.9,379.87,385.2,403.16,419.74,430.71,438.35,446.11,459.14,483.14
405.97,439.85,386.99,377.6,375.77,387.42,407.6,423.5,433.41,442.37,456.12,479.95
495.8,530.33,539.33,508.66,498.97,480.14,462.64,463.82,483.73,502.45,522.4,558.02
398.42,436.44,406.7,396.75,389.83,391.36,402.24,420.83,436.99,446.77,455.78,473.01
400.32,434.73,387.34,380.96,378.49,381.54,388.18,400.19,417.06,431.34,441.76,458.49
403.19,437.08,385.1,377.68,374.51,377.91,383.98,391.05,401.9,417.62,432.88,450.61
722.51,872.14,820.78,744.83,655.59,541.86,470.97,446.6,442.66,454.15,480.43,506.97
528.26,573.71,572.07,544.24,552.31,529.87,492.74,449.51,423.54,427.99,442.99,472.17
406.05,456.81,471.9,451.93,420.75,393.46,370.94,359.64,363.09,388.21,423.17,456.56
389.7,426.26,396.74,390.39,384.87,385.26,389.43,396.99,410.62,427.65,441.34,459.1
394.26,428.32,382.39,379.06,376.72,379.71,385.29,392.87,405.51,421.65,435.44,452.79
419.62,452.57,402.4,382.18,371.56,369.27,373.35,382.17,396.77,413.23,425.91,442.05
448.52,476.07,422.02,391.17,376.74,366.33,361.89,365.79,380.3,401.47,417.46,435.23
454.63,482.26,426.02,391.85,377.27,366.42,361.13,362.63,370.44,385.61,406.71,428.71
504.2,544.89,555.68,526.93,528.35,507.98,471.97,426.65,398.39,401.42,426.07,457.95
464.7,500.85,488.08,458.76,428.7,396.25,372.58,360.84,366.64,394.32,425.43,453.82
453.64,482.55,438.1,405.77,386.21,372.79,365.02,366.11,380.2,404.42,428.03,451.3
548.43,585.14,573.91,543.39,550.53,526.65,488.43,441.19,407.76,405.83,427.64,456.7
555.87,586.69,571.91,539.02,544.18,520.32,482.66,436.51,407.08,409.82,431.8,460.57
495.56,549.5,562.6,537.12,542.96,521.88,485.41,444.1,423.62,430.81,448.94,483.52
396.98,444.7,448.65,439.21,412.1,395.4,382.89,385.7,411.17,439.44,457.71,477.33
491.19,529.46,541.6,512.14,505.57,489.85,478.16,487.23,501.42,509.58,516.55,533.44
336.32,378.04,364.43,379.63,394.61,413.06,425.59,433.16,439.19,444.17,450.4,465.97
325.3,348.39,330.93,358.18,372.98,393.35,421.39,444.05,458.37,468.14,481.59,508.33
321.1,342.72,321.39,335.72,357.72,374.09,400.71,432.79,457.84,473.99,490.8,523.36
344.15,375.05,337.04,334.79,345.64,356.39,370.26,402.21,435.16,460.18,478.87,507.48
358.1,383.69,349.46,343.85,346.45,348.53,348.86,365.86,401.71,435.42,462.23,490.78
329.4,353.69,321.75,323.96,325.05,330.42,331.04,335.42,357.15,396.84,433.03,469.59
333.14,364.37,325.14,324.23,322.01,322.24,323.06,324.9,333.17,357.59,400.61,445.56
388.07,414.67,375.02,353.86,342.5,334.88,330.33,326.79,327.4,336.19,363.93,415.16
339.07,371.87,331.17,326.61,323.14,320.87,319.81,321.78,323.7,328.28,343.68,389.71
328.06,350.3,320.79,322.98,320.53,316.23,310.77,315.47,320.3,325.74,340.97,385.98
339.07,371.87,331.16,326.51,322.44,316.89,308.86,313.02,319.19,323.24,330.28,354.08
360.36,385.66,350.72,341.66,333.77,328.38,324.4,323.6,324.16,326.22,332.07,355.51
371.54,396.45,359.43,348.02,342.84,341.19,336.16,330.29,328.29,328.55,333.61,357.72
412.53,438.89,396.6,363.17,355.02,347.47,340.59,333.4,330.06,329.46,334.09,358.15
413.33,439.6,397.6,364.91,358.96,350.66,342.63,335.55,331.66,330.65,335.24,360.18
388.13,415.01,376.91,363.76,361.32,354.66,347.6,341.22,337.01,335.99,341.55,370.17
393.87,421.41,382.91,368.23,364.87,358.17,351.96,346.44,342.62,342.27,349.5,380.74
393.06,421.0,383.86,370.61,367.18,361.87,357.83,354.89,353.79,356.72,368.51,401.34
351.56,380.29,350.44,357.71,360.87,360.16,360.39,362.04,366.48,374.3,386.75,413.05
368.28,398.81,363.85,369.35,366.43,367.92,373.06,379.33,383.77,386.24,390.82,409.51
389.45,422.08,377.28,375.35,372.75,375.65,380.87,385.35,387.75,389.11,393.46,412.35
408.08,441.52,391.68,378.7,374.77,377.35,382.23,386.23,388.28,389.53,393.91,412.91
362.68,394.11,358.96,365.03,362.29,364.48,369.98,375.65,379.09,380.87,385.05,402.85
330.37,357.9,329.5,348.97,354.27,355.09,358.27,364.47,372.4,380.19,391.92,419.02
346.02,377.41,345.0,353.75,358.45,357.96,358.22,359.71,364.37,373.67,391.55,425.82
479.64,494.52,463.95,419.17,392.84,375.94,361.06,351.1,343.95,340.29,347.9,385.24
473.54,491.13,459.91,414.82,390.62,373.93,359.37,349.82,342.93,340.42,352.22,396.03
409.0,437.58,398.9,375.91,371.44,368.41,367.8,369.85,375.13,385.63,407.2,445.33
285.93,312.04,322.76,343.6,351.54,349.76,344.93,341.88,343.76,354.58,380.83,427.06
265.37,274.02,289.8,310.44,323.52,332.76,330.99,329.5,332.36,341.72,366.93,416.51
268.24,279.24,293.36,310.91,316.18,323.12,323.81,322.68,324.14,330.0,349.89,401.35
275.4,293.2,304.28,318.85,320.42,318.55,314.14,316.4,319.65,327.04,350.72,406.92
722.5,858.76,811.52,760.02,732.21,667.18,593.59,527.81,473.32,459.53,471.41,496.08
400.76,444.6,478.78,528.66,554.04,528.02,503.97,469.72,420.49,392.16,396.93,430.94
295.52,330.8,348.28,401.24,482.67,494.26,488.81,475.21,438.72,408.16,414.95,441.02
299.72,331.41,326.91,346.03,370.41,407.08,427.65,440.3,438.68,420.7,422.92,441.99
294.99,326.69,323.15,334.17,344.36,366.12,390.58,409.06,423.99,420.51,405.36,422.83
317.22,339.83,319.33,323.84,324.17,330.04,338.52,353.47,372.36,397.06,403.52,411.25
326.07,347.73,320.06,322.81,320.7,317.62,313.89,320.15,337.65,361.71,394.38,416.13
399.3,426.34,384.37,357.43,344.13,329.97,313.99,307.18,317.68,342.65,359.4,381.79
380.35,405.87,367.46,350.51,338.72,326.38,309.81,301.4,312.07,324.32,337.18,372.8
345.73,375.71,337.88,330.65,325.71,318.97,306.44,305.27,315.23,323.37,340.09,384.49
323.32,344.54,319.42,322.72,320.47,315.16,304.03,303.85,314.01,323.71,345.29,396.08
355.87,381.74,347.19,338.56,331.1,322.54,308.19,304.84,314.28,320.88,329.14,354.01
327.52,349.49,320.54,322.88,320.28,314.66,302.32,296.44,303.14,314.32,324.24,347.68
322.81,344.02,319.35,322.74,320.48,314.98,302.52,296.9,304.69,315.25,324.67,348.53
304.07,333.76,321.34,326.78,324.56,317.96,303.45,295.01,301.25,312.51,322.92,348.42
320.39,341.87,319.16,322.93,320.78,315.42,304.02,303.33,312.98,319.58,327.77,352.86
315.33,338.86,319.42,323.69,321.56,316.0,304.16,302.96,312.56,319.26,327.64,353.41
322.81,344.02,319.35,322.74,320.48,314.96,302.35,295.88,301.91,313.49,324.6,350.65
437.49,458.92,425.7,379.26,356.09,334.49,315.28,302.42,306.97,317.3,326.18,348.93
289.78,318.65,322.99,334.23,332.21,323.53,305.99,292.2,291.32,301.02,315.35,342.08
316.3,339.33,319.32,323.5,321.35,315.62,302.3,293.85,294.43,304.22,318.42,342.76
328.06,350.3,320.78,322.95,320.29,314.59,301.98,294.19,293.01,297.17,312.05,339.33
328.66,351.53,321.12,323.04,320.29,314.54,301.95,294.2,292.89,296.3,310.62,338.55
296.69,328.31,322.29,329.65,327.57,320.19,304.2,292.2,289.77,292.82,306.45,335.33
295.81,327.46,322.37,330.05,327.99,320.5,304.35,292.09,289.24,290.17,299.44,329.76
296.69,328.31,322.29,329.65,327.57,320.19,304.2,292.2,289.74,292.66,306.14,335.12
292.25,323.1,322.67,332.05,330.07,322.04,305.16,291.92,289.02,291.49,304.28,333.71
300.71,331.58,321.86,328.02,325.84,318.88,303.55,292.43,290.23,293.25,306.94,335.75
290.68,320.4,322.89,333.37,331.37,322.96,305.64,291.83,288.72,290.96,304.17,343.99
304.07,333.76,321.34,326.78,324.55,317.92,303.1,292.55,289.96,289.66,293.04,315.1
306.39,334.99,320.92,326.0,323.76,317.33,302.85,292.72,290.32,290.71,298.0,327.99
329.87,355.27,322.06,323.24,320.27,314.41,301.89,294.24,292.58,293.62,303.31,333.68
476.54,491.14,458.09,414.72,390.02,360.33,330.04,309.93,300.18,307.87,332.22,360.44
598.14,589.44,568.14,609.56,617.81,574.46,524.89,491.44,477.8,476.73,488.13,489.56
660.61,702.7,628.87,649.23,623.41,567.31,514.47,484.02,476.71,480.72,465.96,455.87
324.54,362.42,399.48,481.33,535.68,519.47,486.51,469.71,466.06,472.92,460.29,453.9
186.73,170.31,196.43,242.96,271.74,290.55,316.15,346.45,382.67,419.5,431.72,416.96
173.8,129.12,135.5,175.52,194.99,207.34,217.58,225.07,231.94,242.49,265.49,319.94
182.68,157.16,190.04,247.0,277.6,313.48,379.41,463.85,480.13,483.18,488.78,467.75
184.65,164.54,195.87,250.13,272.69,295.22,332.92,408.12,487.05,520.96,577.34,576.92
186.32,171.49,205.37,267.26,288.44,299.25,317.77,363.28,456.69,535.1,594.82,577.45
184.21,160.68,189.13,236.46,250.92,251.83,255.44,271.98,310.86,375.41,448.89,437.79
182.82,154.3,182.06,221.98,229.2,221.21,221.55,234.38,259.66,307.06,372.57,409.02
184.21,160.67,189.13,236.45,250.33,243.49,228.57,222.3,223.11,232.24,250.54,287.12
187.4,174.85,208.71,271.03,286.63,274.31,249.87,230.37,225.44,226.04,236.37,261.71
184.62,164.03,195.42,249.19,264.02,255.0,232.56,223.27,221.15,221.41,225.58,242.45
184.07,159.34,186.88,230.43,243.22,236.99,225.03,219.29,218.34,219.06,223.3,240.91
183.82,157.06,184.14,223.93,232.01,225.02,217.99,214.82,214.71,216.24,221.22,239.14
183.99,158.58,185.58,226.31,236.8,230.56,221.54,217.16,216.68,217.84,222.41,240.31
284.5,293.02,284.83,322.25,335.23,314.75,284.19,259.2,242.99,237.55,240.72,258.48
184.88,165.6,198.11,254.5,269.85,260.42,236.08,224.69,221.96,221.96,226.03,242.58
183.93,157.81,185.03,225.93,236.56,230.32,221.38,217.09,216.66,217.85,222.43,240.37
188.04,177.2,210.86,272.98,288.18,275.42,251.22,230.94,225.39,224.16,228.03,244.27
229.5,205.07,221.19,270.96,283.56,267.52,240.87,227.06,223.35,223.08,227.11,243.38
247.59,228.85,239.59,273.72,270.96,245.95,221.15,214.95,213.93,214.87,219.15,236.58
242.91,200.36,211.5,219.94,209.2,193.0,190.18,189.8,190.11,190.97,195.3,212.65
301.18,265.21,246.63,240.84,223.24,203.5,201.06,202.29,205.75,211.72,218.86,235.63
280.83,243.2,235.78,230.11,215.47,203.86,206.56,209.51,209.94,210.65,214.76,231.38
374.22,335.41,296.21,280.04,254.15,231.54,224.04,222.34,222.44,223.25,227.29,243.99
257.84,220.37,231.09,229.99,219.32,210.51,207.71,206.81,207.04,207.8,211.81,228.37
243.46,192.64,203.05,202.46,203.94,206.03,205.19,204.91,205.31,206.07,210.09,226.6
258.88,225.0,233.31,230.77,220.56,211.29,208.22,207.34,207.57,208.32,212.34,228.92
253.67,226.33,232.13,225.02,218.2,212.08,209.67,209.11,209.44,210.19,214.22,230.82
259.06,261.07,270.1,298.63,324.97,338.52,331.75,307.7,289.45,284.81,291.39,320.57
262.75,269.47,285.51,305.56,310.15,311.06,300.88,291.57,287.03,285.59,290.8,319.28
261.28,266.09,281.56,305.29,311.25,312.83,302.14,291.51,286.29,284.82,291.0,320.77
259.62,261.91,272.62,303.78,319.86,325.4,314.33,295.9,286.42,286.65,299.24,330.1
259.34,261.45,271.13,301.39,323.13,332.17,322.37,300.46,287.15,285.65,296.11,327.08
265.36,273.97,289.49,307.67,311.35,311.12,300.5,291.62,287.72,287.02,294.22,325.97
262.75,269.47,285.51,305.56,310.15,311.06,300.88,291.56,286.96,285.12,287.86,308.65
383.81,409.81,370.9,351.96,339.77,326.89,309.36,296.53,293.77,294.79,300.94,329.08
261.65,267.03,282.79,305.2,310.67,312.09,301.65,291.51,286.47,284.77,289.51,317.31
682.52,748.34,693.99,723.42,707.09,648.65,572.68,514.47,494.29,492.62,506.51,525.22
269.2,295.91,362.56,444.61,500.46,496.63,477.22,463.29,454.33,451.96,463.17,468.63
282.25,309.17,340.7,396.44,465.94,474.22,468.39,460.47,454.08,452.99,465.53,473.29
277.83,298.32,313.0,338.9,363.89,401.52,423.52,430.24,433.02,438.55,456.41,472.98
278.88,299.85,310.92,327.36,339.36,362.68,388.6,406.85,416.82,424.99,443.45,461.62
275.4,293.21,304.36,319.31,323.12,331.32,341.94,358.96,377.83,399.47,425.29,443.64
451.46,471.61,439.25,392.95,367.5,344.74,332.53,332.58,345.01,366.28,375.17,386.38
477.09,491.46,458.48,415.48,392.66,372.31,364.58,372.74,385.49,378.86,367.75,392.87
499.77,533.08,555.07,608.31,656.34,649.74,585.46,534.58,507.23,478.0,447.66,451.97
501.51,543.94,564.17,620.1,667.94,661.92,595.46,543.15,520.69,491.21,459.6,459.2
467.37,500.09,524.43,565.64,610.11,597.59,550.84,517.39,487.03,452.25,450.26,470.91
548.65,574.77,574.1,627.54,675.53,665.31,598.67,541.56,501.93,459.74,445.6,456.16
605.35,604.22,578.34,618.03,619.98,582.06,535.98,499.98,458.49,442.88,444.68,460.56
548.67,574.84,574.48,630.04,685.78,675.38,596.26,541.44,480.85,459.05,470.83,510.5
375.19,416.91,448.98,497.96,518.21,487.79,444.27,422.44,429.52,448.46,475.7,517.01
376.41,407.26,395.41,399.67,393.77,385.67,398.8,427.23,451.09,465.95,479.21,505.55
408.97,443.65,397.31,389.67,397.9,412.43,423.63,430.84,436.4,441.09,447.04,461.81
529.65,574.4,574.16,554.03,577.76,566.2,554.69,546.64,540.02,535.26,534.35,546.26
367.98,415.68,424.27,417.81,401.2,415.01,433.27,443.6,449.8,454.64,463.07,482.07
382.71,418.11,390.77,386.84,383.28,392.41,411.19,427.29,436.8,444.2,451.94,468.01
392.2,425.99,381.14,378.67,376.68,381.69,395.08,414.06,428.77,437.6,446.61,462.39
365.68,397.42,359.96,365.19,361.68,364.23,371.85,385.22,402.4,414.18,422.96,437.31
359.68,391.77,355.79,361.67,359.27,362.02,368.16,375.85,387.05,402.43,415.14,431.1
357.12,389.38,354.5,360.83,359.32,362.29,368.22,374.6,380.66,390.66,407.08,427.73
366.23,397.39,361.42,367.1,363.94,365.81,371.23,377.37,382.58,388.31,400.44,424.99
368.67,399.68,363.1,368.37,365.07,366.8,372.11,378.03,382.47,387.79,400.61,426.44
356.74,388.59,355.2,361.99,360.91,363.83,369.73,375.76,380.05,385.81,400.51,425.82
354.1,386.12,353.74,361.16,361.22,364.37,370.44,376.87,381.27,385.17,396.25,421.91
326.63,349.51,325.69,345.3,352.23,351.39,351.36,353.24,359.41,369.67,383.43,409.11
267.57,278.09,293.64,319.23,335.8,341.21,341.18,343.83,352.88,367.66,385.64,413.45
304.08,333.78,321.5,328.44,332.97,336.13,332.3,328.01,327.38,329.66,339.03,372.96
313.26,337.95,319.72,324.38,323.79,324.91,324.21,323.17,323.95,326.5,334.08,363.22
327.25,349.14,320.44,322.89,320.6,316.84,312.75,317.1,320.75,324.25,331.35,357.09
362.71,387.85,352.46,342.88,333.99,325.78,318.05,319.45,322.0,324.96,331.31,354.68
412.53,438.86,396.43,361.74,347.57,333.51,323.38,322.05,322.96,325.32,331.4,354.56
458.94,479.64,445.62,399.34,373.13,347.55,332.23,328.54,325.84,326.51,331.79,354.41
400.01,427.05,384.97,357.71,344.7,332.47,324.17,322.93,323.47,325.67,331.69,355.07
405.64,432.62,389.95,359.58,346.29,333.98,326.2,324.24,324.12,326.02,331.86,355.18
380.35,405.88,367.51,350.95,341.68,337.62,333.57,328.27,326.87,327.67,332.94,356.67
344.14,374.95,336.33,329.8,326.6,326.69,325.74,324.51,324.98,326.85,332.79,357.41
410.19,436.9,394.6,364.41,359.23,351.15,342.99,335.96,331.99,330.95,335.63,361.02
453.49,475.22,444.42,402.24,383.17,367.38,354.66,346.21,339.62,336.58,341.27,369.89
467.39,492.46,443.2,398.7,383.27,371.29,362.72,358.15,357.49,361.37,373.38,401.7
312.43,338.96,324.88,345.59,353.36,353.66,355.64,360.67,369.04,378.16,388.19,410.87
327.01,349.04,321.72,332.5,342.05,342.42,338.02,334.51,334.95,345.39,380.19,432.07
291.7,322.24,322.91,334.12,338.84,339.22,334.24,328.66,327.88,333.19,356.21,410.49
334.4,366.66,326.44,325.04,324.57,328.28,327.84,325.78,326.01,327.88,335.41,365.81
308.74,336.07,320.48,325.36,323.68,320.72,317.65,319.47,321.54,325.36,336.43,374.07
288.2,315.54,322.87,335.44,333.53,325.19,311.85,310.06,315.56,320.98,332.68,368.65
287.82,314.86,322.74,335.56,333.58,324.57,307.41,297.96,306.41,315.28,326.15,358.39
270.88,284.37,297.11,313.35,315.73,313.38,301.18,292.7,295.68,312.96,341.33,397.76
308.74,336.07,320.48,325.27,323.05,316.84,302.76,293.56,294.65,308.91,339.38,389.95
320.39,341.87,319.16,322.93,320.74,315.16,302.12,293.69,292.03,294.65,309.83,349.14
512.42,548.07,564.67,619.78,668.63,663.87,595.26,531.62,495.21,484.85,491.53,492.91
403.68,443.07,462.83,503.08,532.81,506.87,480.04,465.84,460.9,460.2,438.33,425.15
429.44,455.16,438.9,429.79,470.25,477.27,469.72,461.05,459.47,450.07,418.74,410.26
394.68,422.11,384.13,369.92,384.08,414.85,430.05,438.36,427.18,385.88,367.36,385.99
412.54,438.93,396.99,364.59,361.38,373.7,395.34,400.34,369.14,347.64,347.81,376.73
374.12,399.1,361.61,348.35,339.78,340.38,348.88,347.7,336.85,332.4,340.63,374.17
379.14,404.53,366.33,350.49,341.62,339.55,336.91,330.21,328.05,329.86,341.85,382.15
398.58,425.67,384.1,359.87,355.09,348.74,341.27,334.42,331.21,332.2,345.23,389.77
362.94,389.2,358.6,362.88,362.83,359.47,357.02,355.43,356.53,364.1,386.88,429.21
371.74,403.06,363.7,368.14,364.31,366.09,371.26,376.49,379.83,383.45,394.69,419.57
330.52,358.6,329.73,349.02,353.86,356.19,361.59,369.06,375.57,381.15,393.11,419.43
342.81,375.94,342.09,352.47,357.5,357.19,357.7,359.54,364.55,373.43,387.98,417.79
361.84,388.54,358.88,364.13,363.97,361.62,360.55,360.93,364.16,373.1,394.12,431.46
329.45,354.03,323.71,335.68,344.72,343.97,339.9,336.32,335.59,338.27,349.16,384.99
326.98,348.86,320.67,325.83,332.54,336.74,332.72,329.39,328.79,331.1,343.44,385.66
434.75,456.83,423.11,378.78,364.65,352.55,343.75,336.51,332.13,330.74,335.03,359.65
413.32,439.59,397.54,364.48,358.09,349.89,342.11,335.01,331.25,330.35,335.02,360.04
293.51,324.88,322.58,331.65,332.07,332.47,329.09,324.67,324.36,327.32,338.09,374.96
293.51,324.87,322.55,331.29,329.71,324.48,318.01,318.18,320.11,324.08,333.98,367.12
284.44,309.47,319.54,333.01,331.69,324.15,311.88,310.9,316.01,321.41,333.13,368.67
283.23,307.51,317.72,331.06,330.02,322.59,308.42,305.7,313.13,319.28,330.65,364.89
292.25,323.1,322.67,332.05,330.09,322.13,305.85,296.44,304.56,314.34,324.39,353.16
290.68,320.4,322.89,333.37,331.38,322.98,305.82,293.19,296.03,307.93,320.08,347.21
284.96,310.29,320.24,333.73,332.16,323.53,305.84,291.95,291.64,302.18,316.12,343.42
312.17,337.5,319.86,324.36,322.17,316.2,302.48,293.54,293.8,303.22,317.64,342.31
326.38,348.1,320.14,322.77,320.27,314.66,302.0,294.13,292.92,297.36,317.16,355.44
410.17,436.82,394.14,360.95,346.77,331.08,312.28,297.73,294.63,299.26,317.31,351.14
526.71,563.19,572.2,626.87,675.82,670.9,600.84,534.65,496.61,483.97,491.7,500.11
447.51,483.06,519.47,562.65,597.72,577.57,528.68,494.28,481.07,481.49,474.35,457.66
323.78,348.37,340.89,371.31,420.17,445.2,446.39,444.44,444.56,451.46,447.6,434.86
324.29,346.12,323.73,337.09,356.1,386.95,408.5,418.05,423.17,431.68,427.23,418.89
327.8,349.95,321.26,325.92,333.17,351.48,371.95,387.54,401.24,413.32,405.41,400.04
353.63,380.07,345.37,337.3,332.89,335.95,341.92,355.75,373.7,371.31,358.79,378.9
485.67,502.26,503.71,531.43,590.63,586.1,547.08,512.81,494.13,460.61,432.05,442.45
328.18,351.32,327.84,343.88,368.06,401.59,424.56,417.51,377.1,358.03,367.59,404.56
331.2,359.64,324.33,328.72,339.37,364.34,386.72,371.67,348.08,342.97,359.72,401.43
320.39,341.89,319.31,323.75,325.49,335.38,350.81,368.62,362.85,361.81,386.07,422.65
292.25,323.1,322.7,332.19,330.98,327.89,326.22,336.06,359.37,368.36,387.09,421.54
301.81,332.35,321.71,327.64,325.6,319.99,310.56,311.93,330.41,359.23,373.6,401.99
330.46,357.23,322.58,323.36,320.31,314.58,303.08,299.9,312.1,330.59,340.02,366.19
291.69,322.2,322.74,332.49,330.52,322.44,305.94,295.46,303.87,318.77,330.88,363.85
295.81,327.46,322.37,330.05,328.0,320.55,304.66,294.03,299.02,314.04,328.89,363.41
288.58,316.25,322.95,335.22,333.2,324.21,306.35,292.16,290.89,301.85,324.7,361.23
294.98,326.61,322.43,330.44,328.41,320.82,304.53,292.15,289.82,294.13,313.46,353.34
287.82,314.86,322.74,335.55,333.56,324.43,306.37,291.62,288.03,289.68,300.9,330.92
296.69,328.31,322.29,329.65,327.57,320.19,304.19,292.12,289.22,289.44,295.75,325.03
294.98,326.61,322.43,330.44,328.41,320.82,304.51,292.03,288.99,289.15,295.14,324.1
291.17,321.3,322.82,332.92,330.94,322.65,305.46,291.78,288.3,287.96,291.09,313.23
305.23,334.4,321.14,326.38,324.15,317.62,302.97,292.63,290.13,290.12,295.31,323.0
439.51,460.52,427.74,381.38,357.53,335.19,315.33,299.88,295.15,298.04,311.3,339.44
314.32,338.4,319.54,323.88,321.71,315.87,302.31,293.22,290.99,291.06,296.75,325.14
322.27,343.48,319.28,322.77,320.53,314.97,302.06,293.74,291.72,291.93,298.21,327.3
311.04,337.04,320.05,324.64,322.44,316.38,302.48,293.01,290.7,290.73,296.23,324.37
326.38,348.1,320.14,322.77,320.27,314.66,301.99,294.0,292.09,292.34,298.69,327.82
327.25,349.14,320.44,322.85,320.27,314.62,301.98,294.04,292.15,292.35,298.4,327.16
328.66,351.53,321.12,323.04,320.29,314.54,301.94,294.12,292.31,292.82,300.37,330.45
359.21,384.62,349.84,340.84,332.45,323.01,306.86,295.83,294.24,298.62,313.31,340.38
292.25,323.1,322.67,332.05,330.07,322.04,305.16,291.94,289.14,292.19,305.73,334.78
291.17,321.3,322.82,332.92,330.94,322.66,305.49,292.01,289.87,296.2,311.25,338.77
256.29,257.98,267.5,293.55,316.43,337.08,350.74,353.51,351.84,357.97,395.76,466.01
261.28,266.09,281.56,305.29,311.25,312.83,302.15,291.56,286.63,287.04,299.06,329.95
247.65,242.84,258.82,288.34,312.47,334.37,349.18,352.49,350.35,349.22,359.88,384.07
247.89,242.6,258.78,288.34,312.47,334.36,349.17,352.46,350.23,348.54,359.09,385.79
234.12,229.66,245.19,279.73,306.67,330.65,347.0,350.87,349.63,350.15,360.13,379.97
226.93,186.05,187.39,209.92,225.05,229.51,229.37,228.32,228.88,230.17,234.5,250.91
193.46,159.73,153.87,178.35,192.13,200.56,203.45,203.4,203.62,204.55,208.39,223.15
215.92,146.78,146.73,178.26,191.67,200.3,203.49,203.53,203.69,204.59,208.44,223.24
168.41,107.37,116.38,154.23,178.74,190.2,197.99,201.8,202.23,202.89,206.96,221.85
183.14,155.81,189.44,249.41,268.95,273.83,271.38,265.23,258.78,254.78,256.69,276.64
184.58,163.77,195.16,248.92,264.65,265.82,262.8,261.61,258.63,256.03,259.09,282.52
185.47,168.33,201.85,261.65,277.84,269.95,249.65,235.46,232.83,235.02,243.94,266.87
184.06,159.07,186.62,230.24,243.11,237.23,227.0,222.61,222.17,223.33,228.25,247.45
299.28,302.18,283.98,318.32,333.49,316.2,291.91,278.88,275.38,273.77,275.46,299.63
185.76,169.5,203.22,263.96,280.09,269.57,244.84,228.5,224.42,223.87,228.03,244.78
187.6,175.52,209.3,271.57,287.08,274.73,250.54,230.78,225.45,224.36,228.38,244.98
187.2,174.17,208.07,270.39,286.12,274.17,250.05,230.73,225.57,224.56,228.63,245.31
189.91,183.75,216.67,277.53,291.36,277.7,254.31,232.7,226.41,224.91,228.81,245.35
555.95,476.7,421.26,397.99,361.39,309.44,269.47,246.64,230.36,226.9,233.98,253.58
181.53,151.79,193.57,273.89,286.28,260.55,225.93,212.4,211.27,212.84,220.3,240.5
228.42,172.09,195.12,221.75,209.02,199.71,198.21,197.83,198.19,199.94,207.56,225.69
173.59,121.26,135.75,182.81,193.99,194.45,194.76,194.99,195.55,197.61,205.74,224.58
177.18,132.12,144.76,182.49,194.68,194.38,192.61,192.34,192.93,195.13,203.93,224.58
252.21,220.02,240.11,247.6,231.01,204.94,197.0,196.36,197.26,199.97,209.79,233.31
278.14,243.3,237.56,232.54,216.48,198.07,195.26,195.24,196.3,199.21,209.86,235.24
257.21,218.81,230.43,229.44,213.71,198.0,197.61,201.57,206.12,208.91,216.91,238.42
169.98,108.3,111.78,152.8,177.72,186.3,194.81,200.85,202.11,203.62,211.86,231.78
210.5,154.47,157.3,185.25,193.8,194.04,196.67,201.26,203.86,206.17,214.77,235.19
180.0,137.03,142.4,176.16,188.64,191.9,194.99,199.3,202.95,205.63,214.28,234.75
255.13,224.56,243.01,251.74,236.48,216.42,209.76,208.21,208.07,208.82,212.85,229.44
201.01,161.58,170.02,197.9,202.68,203.14,204.04,203.63,203.94,204.79,208.59,223.34
184.28,161.69,196.07,256.59,273.23,270.98,263.14,259.25,256.05,252.98,254.96,274.34
186.55,171.71,205.72,267.88,285.39,285.36,282.29,277.86,272.25,267.41,268.59,292.49
184.61,163.9,195.28,249.05,264.59,264.44,259.85,258.65,256.63,254.46,257.5,280.18
188.52,178.88,212.26,274.1,289.17,278.1,258.05,238.76,232.77,232.54,238.58,259.86
184.39,162.29,192.18,242.94,257.33,249.28,230.42,222.7,221.13,221.59,225.8,242.87
186.05,170.52,204.36,265.73,281.83,270.67,245.58,228.41,224.06,223.34,227.32,243.66
191.55,188.43,221.01,280.67,293.31,279.39,257.03,234.79,227.79,226.05,229.76,246.05
261.93,259.62,268.98,303.7,322.33,307.76,282.62,265.06,261.21,261.71,265.21,284.88
277.53,250.94,249.05,251.06,233.97,205.25,198.38,198.38,201.07,206.19,214.72,232.41
304.11,271.83,248.58,242.32,223.19,203.89,201.35,202.41,205.35,210.93,219.18,236.35
288.6,248.02,237.3,231.48,216.02,199.45,197.74,198.66,201.22,206.12,214.9,232.75
297.43,257.72,241.75,235.87,220.16,207.52,210.19,212.94,213.2,213.91,218.05,234.69
384.43,341.61,298.93,281.4,255.22,232.38,224.6,222.81,222.87,223.69,227.73,244.44
266.01,232.02,232.97,229.57,219.58,211.33,208.59,207.74,208.0,208.76,212.78,229.37
232.27,172.61,177.5,191.57,198.32,203.85,204.41,203.99,204.4,205.26,209.26,225.59
233.24,184.84,186.02,193.49,199.68,204.74,204.97,204.53,204.95,205.79,209.75,225.84
252.2,238.33,252.67,281.9,306.8,331.02,347.15,350.73,349.01,348.04,361.96,412.66
329.87,355.27,322.06,323.24,320.27,314.41,301.88,294.23,292.52,293.28,301.87,332.24
307.57,335.55,320.7,325.62,323.39,317.07,302.75,292.88,291.03,294.4,308.56,336.88
292.25,323.1,322.67,332.05,330.07,322.04,305.16,291.95,289.2,292.47,306.25,335.16
300.71,331.58,321.86,328.02,325.84,318.88,303.55,292.44,290.29,293.56,307.51,336.1
307.57,335.55,320.7,325.62,323.39,317.07,302.75,292.87,290.97,294.09,308.01,336.54
300.71,331.58,321.86,328.02,325.84,318.88,303.55,292.41,290.02,291.81,304.01,341.55
291.69,322.2,322.74,332.48,330.5,322.35,305.31,291.82,288.4,288.06,291.14,312.98
286.29,312.35,321.73,335.16,333.33,324.29,306.23,291.44,287.51,287.03,289.82,311.03
312.17,337.5,319.86,324.36,322.17,316.2,302.42,293.07,290.74,290.47,294.01,316.25
302.93,333.07,321.53,327.19,324.97,318.23,303.24,292.48,289.85,289.64,293.57,318.04
316.3,339.33,319.32,323.5,321.35,315.61,302.23,293.34,291.15,291.2,296.75,324.87
455.54,476.22,442.82,396.36,370.03,343.14,319.73,302.73,295.63,296.8,307.09,336.88
339.07,371.87,331.15,326.49,322.3,315.92,302.91,294.86,293.25,294.48,304.23,334.59
351.26,378.53,343.16,334.92,328.76,320.94,305.7,295.62,295.11,302.85,318.05,342.64
395.47,422.53,381.26,356.2,343.08,328.92,311.18,300.18,306.84,317.33,326.18,348.82
406.37,433.33,390.61,359.75,345.94,330.82,313.7,306.96,314.98,321.1,328.64,351.63
454.39,474.94,441.83,395.4,369.28,343.51,325.61,321.96,322.67,324.7,330.77,353.58
438.17,459.46,426.4,380.1,357.49,340.06,332.67,328.48,326.33,327.11,332.35,355.53
440.85,461.67,429.48,386.1,370.38,356.25,345.91,338.54,333.45,331.51,335.48,360.12
453.85,474.58,442.55,401.77,381.67,365.06,351.66,343.67,336.98,333.6,336.71,361.33
513.4,552.91,572.24,586.97,615.44,578.46,519.12,462.65,413.55,385.18,384.6,407.72
425.78,470.2,482.77,462.29,431.66,393.72,365.78,353.1,347.27,351.27,376.9,423.73
419.05,454.49,420.39,397.98,382.3,376.1,376.28,380.67,386.02,392.01,404.04,428.63
402.52,436.68,386.93,379.75,376.92,379.94,385.22,390.34,394.21,398.34,408.93,433.14
635.13,673.72,618.93,542.58,483.51,430.01,387.94,372.46,368.73,372.75,387.63,419.66
554.53,586.54,572.41,540.02,545.68,522.22,486.8,447.53,430.25,439.03,462.14,503.24
376.99,424.89,433.65,426.44,396.96,381.91,379.16,398.18,425.92,444.92,456.87,474.14
360.39,396.22,375.7,374.33,369.3,371.54,382.49,399.93,413.76,422.07,429.48,443.68
386.77,419.76,378.04,377.51,375.26,380.11,393.86,413.33,428.14,437.01,446.02,461.73
363.11,394.92,358.79,364.42,361.41,364.23,372.25,386.3,403.88,415.49,424.23,438.67
360.63,392.47,356.96,362.96,360.46,363.12,369.45,377.98,390.66,406.73,419.28,435.18
377.92,409.21,368.5,371.3,367.82,369.86,375.69,383.9,396.5,413.99,429.92,447.71
362.76,394.25,358.81,364.81,361.99,364.23,369.94,377.07,387.45,403.61,419.3,437.14
355.66,387.87,354.11,360.89,360.07,363.19,369.19,375.49,381.96,394.08,412.1,433.07
484.31,502.86,452.12,403.93,386.91,376.13,369.01,367.23,376.73,400.84,426.24,450.51
358.87,390.19,357.3,364.11,362.6,365.31,371.68,379.26,386.12,395.21,411.6,435.62
370.94,401.56,365.32,370.13,366.98,368.54,374.01,381.44,388.4,394.76,405.31,429.63
411.44,444.24,397.0,379.73,374.99,376.91,382.1,388.38,394.92,401.94,413.34,438.81
452.41,478.95,430.95,394.41,379.97,368.51,361.17,358.8,361.21,368.95,385.55,417.27
441.11,468.95,422.09,391.52,377.16,366.62,360.88,360.48,364.64,372.75,387.69,416.88
432.85,462.52,415.88,388.76,374.59,365.72,362.49,364.65,370.3,377.69,390.59,417.64
449.71,476.59,426.77,392.92,378.57,367.57,361.27,360.52,364.43,371.89,385.95,414.4
612.5,633.22,592.15,534.43,489.14,440.42,395.97,374.68,368.94,369.76,381.96,414.0
443.57,489.13,508.47,478.85,454.5,417.78,378.62,358.34,351.31,353.79,376.11,421.07
403.66,441.2,409.08,396.21,388.94,388.62,391.91,396.55,402.29,413.27,431.68,454.66
383.58,416.19,374.78,375.35,372.12,374.41,379.53,384.7,388.56,392.74,403.53,427.03
359.87,392.13,355.97,361.6,359.07,361.85,367.55,373.08,376.77,380.46,390.6,412.97
361.93,393.76,357.48,363.25,360.35,362.81,368.69,375.28,382.66,395.11,411.14,429.63
375.52,406.81,366.39,369.94,366.22,368.14,373.77,381.18,391.66,407.67,423.87,442.08
399.76,433.3,383.34,377.06,374.35,377.52,382.63,387.9,395.92,411.3,430.85,452.19
366.55,397.97,360.8,366.22,362.76,364.74,370.41,378.08,390.17,406.94,420.97,437.87
547.22,583.82,576.04,554.01,566.18,539.18,497.58,450.47,418.22,419.31,436.62,463.51
526.68,572.07,573.94,554.31,567.23,541.79,500.33,452.14,415.96,412.27,431.32,458.69
352.76,404.07,417.6,410.12,387.18,374.4,367.18,366.73,380.51,408.7,433.45,456.03
365.23,399.77,382.59,382.56,377.1,376.43,380.39,387.24,396.36,411.21,431.11,453.53
485.52,513.44,514.47,489.1,474.37,444.31,404.29,370.12,362.41,372.06,400.73,443.7
356.95,390.41,366.26,370.27,368.74,371.34,377.27,384.49,394.19,409.39,425.92,444.54
330.94,359.92,331.92,352.79,357.11,356.0,356.5,361.34,375.75,402.56,429.19,453.18
344.39,376.42,343.05,352.71,358.24,357.43,356.93,358.58,370.47,400.65,434.5,464.98
353.84,381.31,351.24,357.32,360.23,358.23,356.95,358.2,371.06,403.08,436.77,466.99
359.42,385.81,355.55,360.41,361.44,358.27,355.88,355.45,364.94,394.71,430.32,462.75
385.13,412.33,377.32,369.28,366.47,361.7,358.51,357.75,366.7,395.8,430.53,462.75
417.47,444.3,407.0,377.0,370.48,364.61,360.51,358.39,359.47,371.59,403.43,445.19
388.35,416.26,380.94,371.09,367.97,363.97,361.72,361.1,362.91,369.68,387.87,425.47
403.8,432.29,393.73,374.31,370.25,366.55,364.91,365.42,368.61,376.91,397.3,434.66
383.04,410.52,376.69,370.98,368.12,364.97,363.81,364.64,368.23,377.1,397.62,433.93
404.28,434.58,394.53,377.55,374.2,374.69,378.3,383.88,389.32,393.37,399.27,420.04
447.66,474.46,426.47,392.97,378.65,367.6,361.06,359.78,363.01,369.45,379.5,401.81
377.02,408.47,366.77,369.91,366.07,367.99,373.07,377.94,380.69,382.15,386.23,403.99
400.18,433.92,382.16,376.36,373.28,376.2,380.8,384.22,385.85,386.91,391.14,409.63
327.18,351.12,327.32,348.16,353.77,355.38,359.84,367.06,374.29,379.43,385.47,404.74
329.09,352.98,324.25,338.61,347.16,345.76,342.39,339.43,339.72,344.26,357.77,393.53
304.08,333.83,321.75,330.57,338.26,340.2,335.05,330.69,330.03,334.02,351.99,401.45
297.63,329.16,322.26,329.83,330.87,332.64,329.75,325.39,325.05,327.62,337.07,370.9
285.43,311.03,320.84,334.4,333.22,327.4,320.26,318.94,320.17,324.83,338.55,380.26
283.23,307.51,317.72,331.06,330.02,322.65,308.81,306.55,313.66,319.68,331.25,366.17
463.94,483.57,449.48,403.78,377.38,349.37,326.72,320.25,321.76,325.24,336.95,373.35
302.93,333.07,321.53,327.19,324.98,318.31,303.88,296.67,305.38,317.07,334.0,378.83
288.96,317.01,323.0,334.95,332.92,324.02,306.25,292.3,292.03,302.68,316.75,344.23
306.39,334.99,320.92,326.0,323.76,317.34,302.87,292.84,291.16,295.57,311.18,340.68
311.04,337.04,320.05,324.64,322.44,316.39,302.5,293.17,291.8,296.92,312.21,339.56
295.81,327.46,322.37,330.05,327.99,320.5,304.36,292.13,289.48,291.68,304.2,334.16
305.23,334.4,321.14,326.38,324.15,317.62,302.97,292.65,290.23,290.79,298.86,329.45
318.91,340.82,319.16,323.1,320.94,315.31,302.15,293.52,291.42,291.68,298.35,328.09
444.08,464.29,432.24,386.0,361.08,337.27,316.52,300.65,295.37,298.21,311.74,340.3
533.61,568.64,574.18,628.31,676.95,670.41,599.38,534.0,498.58,492.54,489.12,473.28
349.12,395.16,419.03,466.27,505.07,497.62,476.0,463.91,462.54,457.31,434.0,436.93
359.72,388.65,373.13,390.69,433.79,451.13,451.27,450.85,454.53,437.44,402.64,402.06
335.9,369.29,332.14,340.68,360.36,391.91,412.85,423.16,429.36,408.7,376.24,387.13
380.36,405.95,368.16,354.06,354.49,370.63,393.66,394.49,362.59,344.34,346.55,377.14
376.66,401.82,364.02,349.88,343.49,349.98,348.64,337.84,331.58,331.14,341.77,379.41
429.09,452.33,416.46,371.48,356.8,349.24,342.68,334.58,330.76,331.56,343.71,385.91
530.67,567.05,575.2,634.86,687.67,658.02,563.34,494.12,436.92,405.93,408.4,439.17
397.86,444.05,476.99,488.62,480.72,441.71,392.43,363.73,354.8,356.52,376.51,415.94
362.83,394.82,383.39,387.93,383.18,377.69,374.9,377.84,393.77,421.51,447.83,473.44
378.97,408.54,378.03,379.75,377.42,376.98,379.53,385.74,395.78,413.34,438.82,468.09
324.82,347.11,324.78,345.03,353.07,350.79,348.09,346.46,349.19,359.95,386.06,429.92
324.28,345.84,321.27,333.92,344.6,344.59,340.01,335.96,335.1,339.45,360.13,411.24
304.08,333.81,321.65,329.69,336.72,340.12,334.89,330.18,329.32,333.41,353.05,405.36
300.71,331.59,321.9,328.46,328.73,330.55,328.71,324.91,324.96,329.29,347.71,399.42
313.26,337.95,319.7,324.17,322.38,318.94,315.27,318.35,321.23,326.43,342.98,391.37
308.74,336.07,320.48,325.28,323.11,317.27,305.73,306.34,316.6,330.14,362.07,415.75
368.96,393.85,357.17,345.74,335.52,324.92,310.77,309.14,317.31,323.98,338.47,379.31
326.38,348.1,320.14,322.77,320.28,314.72,302.47,297.24,305.28,315.78,325.42,350.23
447.22,467.15,435.27,389.02,363.62,338.93,317.88,304.48,308.42,318.0,326.45,348.96
309.9,336.57,320.26,324.94,322.73,316.6,302.63,293.48,294.06,304.09,318.25,343.05
317.22,339.82,319.24,323.35,321.2,315.51,302.27,293.91,294.51,304.31,318.51,342.82
316.3,339.33,319.32,323.5,321.35,315.62,302.29,293.81,294.21,303.71,318.08,342.54
317.22,339.82,319.24,323.35,321.19,315.51,302.22,293.55,292.3,297.28,312.45,339.31
308.74,336.07,320.47,325.27,323.05,316.82,302.66,292.97,291.28,295.21,309.83,337.69
307.57,335.55,320.7,325.62,323.39,317.07,302.78,293.11,292.56,300.57,315.54,341.03
