950.65,755.79,646.16,544.55,500.9,489.96,513.27,614.9,738.71,814.09,864.94,844.87
511.26,477.4,426.06,438.2,472.97,532.78,639.22,753.92,797.93,796.74,774.16,718.47
544.97,476.76,479.89,498.98,544.11,637.52,748.46,790.94,794.56,789.08,736.29,659.28
578.32,546.61,536.52,559.43,635.98,733.73,774.61,787.73,802.91,766.23,688.88,558.33
570.4,550.71,562.32,633.56,727.83,766.26,779.62,800.39,772.85,697.16,565.75,326.77
609.28,598.7,650.29,731.51,760.64,767.74,787.54,768.88,709.38,584.85,346.03,255.16
678.16,705.52,778.91,790.03,782.26,790.82,772.06,709.72,586.13,368.67,277.94,250.21
688.67,767.67,790.65,786.14,796.99,781.33,719.67,590.82,364.09,273.44,246.38,267.31
780.01,798.58,790.17,797.98,779.88,716.56,586.77,362.2,275.81,250.25,272.14,408.98
758.68,761.58,775.84,766.93,711.66,588.51,365.04,278.61,249.7,262.04,398.12,558.04
739.76,762.77,763.5,712.91,592.95,371.77,285.76,252.03,256.15,390.77,550.87,695.29
849.68,821.43,741.2,601.73,365.42,266.94,231.06,246.4,403.85,576.33,721.14,826.52
588.07,582.96,501.73,318.2,261.94,259.76,279.91,421.07,552.81,653.94,757.36,785.44
498.03,446.81,284.03,246.6,258.24,288.2,428.89,554.64,642.56,730.5,759.75,746.97
446.66,283.83,239.23,251.03,281.34,421.29,546.36,638.77,733.7,759.86,746.8,682.35
321.35,262.36,257.5,279.49,413.76,534.53,626.86,729.79,769.53,759.92,694.93,634.58
353.0,324.97,354.09,466.9,567.93,645.84,746.88,772.73,749.84,716.27,659.12,637.45
258.81,304.07,412.89,529.7,622.43,735.01,762.39,749.13,724.07,643.44,619.24,623.11
211.35,350.74,493.82,607.05,735.6,776.13,764.6,731.45,632.34,592.3,596.13,604.98
240.2,421.99,572.57,725.52,784.17,787.08,755.17,641.81,573.89,561.92,571.65,640.07
302.01,495.99,694.26,779.57,801.86,785.03,673.48,586.11,538.14,533.68,602.66,661.51
447.28,663.73,766.55,799.43,789.85,683.81,596.33,541.28,523.93,586.54,646.43,663.72
552.65,692.63,752.6,768.26,681.69,608.93,554.64,529.65,574.11,612.6,629.87,664.04
525.41,638.82,691.13,642.63,600.29,569.76,546.79,583.29,598.66,581.29,614.6,623.48
1055.0,975.23,828.85,692.12,585.17,501.28,528.86,568.78,617.9,732.43,745.49,703.9
979.7,827.3,683.54,576.35,494.47,524.65,567.42,620.86,739.76,750.32,705.42,605.73
844.21,692.95,578.86,493.0,520.62,562.24,615.99,738.9,755.62,712.35,612.6,515.03
848.52,684.39,562.86,555.36,568.91,600.5,720.47,745.8,726.29,657.28,561.04,523.98
713.03,583.15,580.63,587.41,613.33,729.96,756.37,730.82,654.16,569.58,532.4,384.05
689.06,652.11,641.96,643.25,739.89,752.36,724.65,650.56,576.96,562.96,417.03,288.68
679.51,665.52,690.3,780.1,784.87,752.65,678.35,586.26,547.39,420.82,294.73,194.61
787.47,769.64,816.4,794.31,742.1,651.51,557.95,535.97,442.06,332.58,231.28,151.67
758.64,804.27,770.79,721.77,635.61,545.83,524.77,440.27,342.77,231.53,150.07,168.31
822.53,782.34,726.23,635.96,543.11,519.74,434.55,340.51,235.66,156.11,174.65,249.87
661.8,640.84,568.79,503.25,503.16,436.91,345.37,241.38,153.72,143.23,216.95,344.19
626.69,559.65,490.6,493.56,429.7,338.87,234.14,149.93,144.32,212.88,340.46,543.76
423.54,398.85,436.7,403.53,337.17,251.93,170.24,154.59,198.73,301.13,503.67,729.66
447.97,470.69,419.41,341.72,247.19,157.37,139.8,190.97,307.88,517.39,744.37,916.12
492.38,435.32,352.2,252.78,158.91,137.39,188.09,305.35,517.37,749.08,920.58,1024.65
426.4,344.83,244.93,152.92,133.49,186.51,304.91,518.43,750.82,919.45,1022.7,983.56
314.44,223.61,133.76,121.01,179.68,302.46,516.62,750.69,919.5,1014.87,975.33,922.27
77.58,40.43,88.1,179.17,325.57,558.89,796.07,937.87,983.89,929.53,876.93,836.89
12.07,70.61,168.88,321.47,558.87,798.62,939.85,983.64,924.99,867.51,828.32,759.82
113.28,198.14,340.09,567.81,799.51,934.36,976.35,920.9,871.66,839.59,772.2,735.61
156.4,310.28,545.68,787.48,931.06,980.19,925.95,875.54,838.31,760.63,722.75,717.02
368.96,584.89,811.8,942.2,980.93,918.8,867.32,834.43,767.25,739.32,733.75,689.03
611.56,830.08,957.29,990.08,923.0,867.96,835.06,767.23,740.1,740.93,696.09,667.99
1005.29,1075.42,1065.18,958.65,872.24,814.61,744.24,728.64,758.47,747.04,719.38,676.58
1132.1,1100.71,979.73,881.1,814.81,738.6,723.42,757.72,755.79,737.71,693.86,648.61
1154.18,1014.52,901.32,823.05,737.77,715.83,749.72,752.71,745.26,710.6,665.1,544.63
837.59,778.81,740.25,695.05,705.82,766.65,772.89,757.64,698.41,616.18,494.7,408.28
727.52,709.42,683.84,706.28,774.62,785.4,768.94,700.62,603.46,476.01,391.23,382.84
736.29,702.78,720.15,782.85,788.74,768.08,698.07,601.44,477.38,397.28,389.63,309.7
646.94,673.25,706.86,726.74,721.08,661.53,565.52,467.15,419.81,379.64,296.06,172.48
615.47,669.95,716.91,723.76,673.1,584.96,487.23,427.92,366.2,277.51,155.06,100.45
642.91,699.73,716.57,671.78,587.81,493.3,434.16,368.55,272.36,146.81,92.6,106.11
729.29,736.46,683.09,592.09,492.0,428.47,361.95,269.16,150.71,101.78,115.95,193.89
759.57,700.8,618.62,512.35,442.98,373.11,280.13,154.34,96.06,121.89,201.53,336.23
752.25,653.52,537.2,455.6,375.98,275.91,149.35,93.46,126.1,217.08,352.79,532.08
839.13,664.94,548.41,426.23,291.62,138.27,79.84,117.47,228.64,405.6,586.55,785.01
720.41,583.55,442.5,295.55,133.7,69.07,107.41,225.68,415.76,604.95,802.09,955.29
562.17,430.34,300.94,143.11,80.76,121.87,241.11,421.49,594.94,794.56,948.54,983.3
487.36,340.56,172.19,96.58,126.7,237.42,416.85,591.61,797.39,964.45,1000.1,965.89
218.74,91.65,54.27,111.72,243.63,439.87,617.77,809.19,946.53,964.08,928.83,805.02
41.91,20.9,89.56,232.75,437.7,622.34,813.99,948.85,959.73,914.2,790.66,690.99
72.83,126.84,263.84,457.12,631.5,814.82,948.09,957.59,914.46,803.58,705.02,626.65
170.27,289.62,458.56,623.84,801.34,929.89,938.74,907.99,817.81,719.58,640.01,582.92
221.86,409.49,582.26,775.63,918.02,938.19,908.84,820.82,720.39,622.03,563.46,587.66
480.4,627.93,793.11,919.87,928.47,889.75,800.34,712.11,636.44,585.43,609.18,677.48
695.07,836.54,941.67,935.54,886.06,788.21,700.23,632.18,596.27,630.46,697.37,798.58
923.93,1001.92,982.28,912.82,798.54,698.13,629.3,593.65,634.31,721.96,823.75,883.79
971.56,959.82,894.87,787.7,693.59,630.36,595.61,636.66,722.33,816.12,875.49,899.08
824.81,802.71,725.64,662.3,623.79,608.49,651.82,730.56,804.85,836.84,859.38,815.3
669.6,638.19,613.01,604.53,611.9,672.48,752.17,813.46,818.39,818.27,774.71,678.34
605.53,590.99,583.67,598.9,665.53,748.83,809.1,816.11,817.76,764.25,668.08,535.91
610.74,596.26,599.88,662.64,743.08,800.34,806.1,813.38,769.84,673.5,541.21,381.17
468.35,508.57,581.71,692.09,775.21,800.61,809.77,772.08,674.79,506.88,344.17,218.57
508.19,580.65,687.59,770.66,796.11,805.51,766.86,672.87,509.78,344.52,219.62,136.35
550.86,667.6,761.69,793.4,807.58,773.35,679.71,513.04,340.18,211.24,128.57,138.88
630.59,741.63,806.67,828.18,797.62,707.83,541.63,350.21,191.95,114.58,127.02,233.6
768.93,826.79,848.46,811.15,715.28,544.57,352.3,191.57,112.74,133.98,241.83,383.73
808.71,836.03,802.75,710.63,543.04,353.51,193.37,113.97,132.77,237.41,379.3,532.84
1074.57,966.67,826.07,603.95,370.02,175.08,91.44,119.15,253.92,446.75,602.83,752.85
902.58,782.79,587.98,368.28,184.75,111.76,142.32,265.27,435.17,584.53,733.8,791.28
928.87,688.73,438.08,220.75,119.95,128.67,248.58,425.03,594.78,775.02,834.65,786.14
561.87,350.95,165.11,93.1,125.41,264.54,444.42,605.64,763.57,799.39,749.24,698.21
567.54,314.23,192.94,176.09,275.09,422.37,579.3,748.24,816.27,810.41,761.4,668.16
187.24,104.62,120.36,248.37,419.79,597.2,769.68,829.03,800.24,726.44,631.48,530.48
124.45,133.7,251.05,417.77,591.3,760.29,818.16,794.95,731.3,637.18,537.04,434.52
143.9,257.93,428.11,599.36,766.42,823.65,800.27,733.75,635.94,539.4,437.37,448.44
228.47,408.93,590.66,764.41,826.69,807.36,741.87,639.61,534.36,428.47,438.97,452.25
292.28,509.15,700.76,789.68,792.57,744.61,644.21,538.96,424.63,406.94,418.81,523.82
567.13,741.91,820.9,810.43,751.0,641.17,534.64,420.89,408.72,434.35,540.26,682.09
729.26,811.08,797.59,741.28,634.55,530.17,417.01,407.91,436.97,537.65,678.5,817.92
796.89,786.57,729.19,625.72,524.48,414.04,405.18,436.72,539.88,675.31,814.38,930.83
781.6,725.32,620.83,520.89,411.64,403.71,435.13,539.39,676.26,813.01,929.42,992.88
998.72,807.95,647.59,476.27,418.08,409.62,509.21,659.05,834.5,1006.74,1072.16,1010.93
739.73,596.6,430.46,388.71,395.45,507.58,660.47,839.17,1009.77,1055.81,991.49,879.93
557.75,403.95,368.03,383.68,502.93,661.01,839.96,1010.32,1053.6,980.08,868.17,676.04
630.36,519.52,476.16,544.58,662.7,810.45,976.64,1037.81,1006.24,934.68,743.9,552.46
367.92,373.22,484.73,637.2,812.56,1001.26,1066.71,1021.05,917.3,700.62,507.1,263.1
596.58,636.66,744.45,868.84,1015.93,1050.01,998.97,904.96,718.65,570.42,330.4,217.6
478.77,635.61,798.15,981.74,1045.84,1018.87,928.99,732.39,557.04,285.94,170.36,146.47
633.04,794.68,967.51,1032.27,1006.35,916.79,719.38,552.16,293.01,171.02,147.0,178.71
769.59,947.7,1008.02,988.24,904.65,711.82,544.62,291.41,176.23,141.4,172.45,373.24
734.49,864.77,899.66,864.02,708.96,571.54,321.91,191.01,118.37,110.45,310.29,468.55
829.03,875.29,839.42,692.27,561.21,315.64,183.79,114.96,111.05,299.91,458.77,680.86
851.95,824.77,682.12,556.27,314.57,184.99,116.08,110.8,296.56,451.14,673.26,826.28
1109.5,876.0,682.57,376.13,194.54,84.5,74.08,277.05,477.01,754.94,910.18,962.62
1043.32,791.96,440.36,221.36,83.3,52.02,254.09,468.28,777.03,961.37,1012.92,1003.39
627.29,329.65,157.79,56.63,54.67,280.47,498.96,791.95,940.97,965.38,954.16,807.88
189.44,61.0,-14.32,15.1,266.42,505.3,800.16,946.81,957.77,915.61,769.1,667.42
2.68,-45.6,23.63,287.22,532.49,831.75,978.17,966.96,890.13,746.66,647.71,563.66
-2.86,53.0,307.45,543.24,834.83,974.99,962.46,887.43,750.0,659.11,575.59,508.94
64.75,317.04,565.51,853.98,990.69,977.25,902.1,755.86,652.58,577.27,512.11,419.09
327.57,569.43,837.77,972.52,958.78,882.74,735.7,645.2,589.24,516.67,422.55,416.42
699.78,926.6,1041.87,998.83,899.08,734.53,642.98,587.35,523.67,459.71,454.13,586.85
917.48,1033.51,983.74,886.34,724.69,635.14,580.7,522.16,464.64,453.49,584.34,661.31
842.56,852.5,797.74,678.95,624.2,597.98,543.09,476.86,439.03,531.3,607.07,730.17
801.65,764.9,656.33,612.91,595.06,545.53,479.23,439.07,525.4,591.78,715.44,876.86
780.34,670.01,631.21,609.79,556.18,486.08,444.69,525.57,586.21,717.06,879.73,974.38
648.19,614.43,589.8,541.77,476.91,439.57,520.36,585.21,720.7,873.86,967.84,949.86
521.77,528.05,505.01,460.83,439.34,532.88,598.25,726.23,862.43,939.06,921.56,730.44
508.48,492.74,451.64,434.83,531.67,598.64,726.23,861.47,935.97,914.3,723.08,533.87
530.57,476.8,447.01,535.7,596.46,718.53,853.48,932.59,920.0,734.65,544.65,321.7
382.48,379.25,478.53,560.96,701.86,851.92,933.02,923.66,735.49,520.84,296.14,143.29
454.6,534.23,623.92,746.65,879.9,949.18,937.78,738.25,512.85,314.76,165.56,131.55
540.93,630.54,766.67,897.56,963.81,951.45,751.52,517.6,307.45,166.12,134.02,167.48
600.87,743.76,872.77,946.11,940.5,746.05,512.38,307.07,170.36,127.11,159.97,368.46
883.7,972.4,1035.02,997.04,774.8,520.12,312.52,168.85,125.71,196.8,407.84,586.17
1101.9,1117.43,1024.21,773.3,498.24,273.86,129.1,110.13,224.73,449.45,625.69,738.82
962.91,922.02,725.12,484.35,286.37,163.53,148.78,242.1,424.2,580.0,692.46,751.45
850.07,676.77,448.9,266.89,156.48,150.99,244.26,425.09,574.75,671.7,731.34,742.12
779.51,519.88,316.61,182.88,158.32,236.16,414.73,568.23,678.65,760.21,772.27,731.29
505.94,309.88,197.15,175.09,253.73,434.18,588.56,686.52,748.68,766.62,726.67,570.98
328.79,208.64,175.1,249.61,427.05,578.97,675.39,744.0,773.0,732.22,577.29,496.08
182.21,155.99,230.61,414.83,572.84,673.44,742.68,773.59,733.48,570.03,487.42,468.29
71.16,168.09,346.92,524.95,643.86,726.48,759.11,730.98,578.45,466.8,444.61,416.42
155.43,338.68,522.79,643.94,728.06,762.6,734.21,579.69,464.34,440.77,413.61,444.0
325.33,519.37,672.77,758.6,791.98,764.26,610.3,474.92,421.35,406.26,439.1,491.29
519.12,674.63,769.1,802.17,773.36,618.7,483.47,423.93,400.34,437.72,490.49,610.73
714.68,797.16,825.03,787.23,625.05,483.96,423.85,399.49,438.73,501.27,621.79,768.22
904.84,895.6,822.82,636.47,477.0,402.56,376.59,429.11,518.27,654.72,801.02,883.11
1011.67,900.44,685.5,499.93,405.05,363.33,414.44,511.3,666.86,835.02,917.32,976.52
903.18,685.62,494.24,399.25,358.35,409.95,507.73,666.4,838.8,919.24,976.89,944.42
614.03,441.39,346.64,322.47,389.18,498.84,659.2,839.06,924.6,959.73,925.28,813.28
523.3,404.02,364.21,412.35,506.37,653.93,831.78,919.25,963.73,947.42,836.72,710.68
398.67,362.49,425.06,520.34,668.06,846.69,934.59,969.59,939.1,833.22,707.57,520.53
429.83,468.71,542.38,675.08,842.22,921.51,954.79,932.99,844.46,727.74,541.22,324.42
641.87,656.93,741.88,870.31,919.7,929.91,905.27,832.46,750.31,592.73,376.23,234.86
456.18,602.47,776.34,871.82,920.24,926.69,859.42,766.95,578.49,321.18,176.31,137.44
581.42,763.92,868.03,920.71,929.41,863.77,770.14,578.51,316.17,168.88,131.75,205.26
740.92,850.92,899.68,913.83,853.13,762.82,570.9,313.72,172.63,126.29,199.45,381.25
701.74,796.43,836.4,809.73,747.58,577.49,323.09,179.49,118.65,158.35,338.28,546.58
861.67,883.01,847.54,770.06,586.64,321.85,175.67,114.52,159.36,354.83,565.54,769.89
931.09,878.93,782.41,588.33,315.73,163.01,101.36,153.87,363.69,580.31,783.96,900.09
898.91,796.65,601.01,323.63,166.88,102.26,155.08,363.67,579.6,789.41,905.5,935.12
899.67,671.77,371.94,191.87,108.29,145.92,352.48,572.8,796.66,934.12,964.65,934.3
491.3,247.01,102.13,59.61,131.3,364.9,589.62,807.81,923.2,915.37,882.17,719.38
202.7,72.94,41.14,122.22,362.77,592.92,811.0,924.27,910.69,869.48,707.85,571.49
105.82,70.02,170.17,402.63,623.54,834.59,946.37,916.08,854.02,712.08,578.7,520.86
66.52,167.65,403.92,625.7,837.4,950.35,920.16,856.29,711.17,577.47,519.73,431.88
140.87,383.15,601.95,819.94,938.81,913.61,849.63,709.91,582.04,513.05,424.84,415.85
347.16,579.32,813.31,940.2,920.72,861.3,722.28,586.81,504.35,412.77,403.69,452.52
561.16,799.91,928.46,913.06,857.28,721.44,586.93,505.49,413.61,399.81,447.92,531.15
826.25,947.73,929.26,867.23,725.8,586.61,504.53,411.86,399.26,454.72,538.55,669.47
938.23,923.17,868.64,729.28,591.59,511.16,419.1,402.49,451.26,535.82,666.72,787.1
1011.79,927.83,764.75,606.82,510.43,406.13,387.88,444.39,546.48,693.1,814.36,864.39
933.28,768.71,611.75,514.23,408.93,390.02,446.37,547.07,692.18,815.26,865.45,892.68
613.87,506.1,443.43,373.59,383.32,462.12,565.75,702.35,801.94,820.92,846.51,797.54
466.09,417.42,352.95,371.71,457.14,564.96,700.69,800.23,817.49,833.5,785.19,644.56
545.06,439.32,420.68,477.6,562.83,679.62,776.26,805.42,848.34,821.61,681.39,504.77
496.04,455.99,496.37,569.16,677.28,768.2,797.69,846.93,831.96,700.24,522.66,314.79
649.72,628.1,664.63,728.49,783.63,786.33,832.33,823.62,714.37,578.08,372.43,212.66
710.85,719.9,774.74,810.97,798.75,834.93,826.28,716.0,582.76,397.3,237.86,171.21
673.21,741.3,788.1,786.3,831.36,830.6,722.04,587.24,395.4,226.41,159.08,203.67
860.82,870.29,845.86,863.69,840.57,714.57,577.14,388.93,234.22,192.65,239.1,428.31
796.09,792.49,818.01,812.17,701.54,576.22,390.61,238.03,193.41,220.71,407.43,568.79
702.65,754.62,756.81,666.46,558.36,386.06,234.66,194.03,220.84,383.6,544.08,701.83
703.25,727.23,667.37,570.28,404.55,258.34,217.52,228.2,365.08,524.84,684.58,837.2
559.09,552.77,486.89,359.49,244.23,226.95,240.03,372.06,513.23,636.32,787.32,812.32
647.35,551.15,393.0,256.37,221.95,220.38,349.35,501.51,648.33,813.9,839.97,816.92
502.08,359.56,234.96,211.85,219.59,355.82,509.56,652.71,809.0,826.02,801.75,716.76
435.99,283.8,227.51,218.16,341.96,485.5,627.34,798.92,843.17,826.5,741.05,659.21
159.44,142.49,164.04,316.13,482.64,643.02,817.21,853.14,815.05,705.74,622.81,644.36
121.39,152.67,318.64,489.28,651.68,827.53,862.97,817.69,697.14,614.69,637.67,633.69
101.31,283.53,469.36,642.97,827.69,871.14,826.53,701.76,609.34,622.91,619.51,658.68
247.54,451.3,657.26,849.32,896.04,854.13,729.71,618.13,602.17,604.26,645.15,683.46
447.04,654.61,849.06,896.91,855.83,732.1,620.72,603.32,603.0,643.35,681.34,724.73
448.63,709.95,807.43,813.0,726.26,643.88,630.19,616.48,622.86,621.5,663.31,664.55
605.97,739.91,774.46,710.81,645.36,644.28,630.38,627.43,606.66,630.58,633.09,640.74
736.58,772.91,711.77,647.15,646.26,632.25,628.47,606.39,628.74,631.16,639.54,644.29
850.78,764.8,680.07,661.66,633.54,618.2,594.3,622.32,638.86,661.57,666.89,609.36
849.26,734.56,689.37,642.57,613.43,579.07,606.0,632.72,675.53,692.92,635.03,601.6
846.92,763.71,684.67,630.52,576.95,588.79,614.03,667.41,707.63,668.59,634.98,579.88
980.63,831.26,728.46,625.73,598.47,593.58,643.74,695.47,688.1,697.66,643.76,536.72
941.53,799.89,670.7,618.6,595.19,632.46,684.05,684.61,711.87,678.42,570.93,417.58
776.82,656.61,627.21,608.23,648.25,703.77,705.91,720.99,667.42,563.9,411.23,228.28
689.58,653.11,647.58,679.45,726.71,723.55,738.19,672.81,554.56,418.66,237.91,149.16
837.45,773.3,763.04,768.75,732.07,719.89,651.06,542.73,434.7,290.62,203.22,159.21
647.92,672.83,697.82,690.23,703.33,655.54,550.23,442.81,289.44,170.63,124.24,148.69
602.45,649.2,651.95,680.91,645.94,550.58,443.05,290.37,168.14,104.26,129.04,211.75
585.57,605.91,633.18,612.93,530.63,432.58,280.42,165.91,108.83,112.88,194.29,352.57
639.6,655.47,619.2,529.5,426.01,268.58,153.71,103.46,119.89,205.02,362.66,584.37
776.28,701.16,582.19,451.17,271.88,139.91,87.62,111.8,216.7,397.61,620.14,811.0
509.14,448.29,349.88,214.23,118.92,95.76,124.43,226.63,388.97,568.08,755.89,894.44
586.22,446.74,285.55,157.99,107.65,114.71,213.57,379.44,574.41,793.67,935.09,1020.44
331.84,209.11,119.28,94.69,121.93,237.41,406.37,586.98,776.71,901.3,985.85,1039.4
281.11,170.69,134.44,145.07,246.26,403.54,582.51,772.33,902.87,1004.85,1059.68,1035.87
140.43,115.1,141.0,248.89,411.07,594.52,785.32,908.4,997.26,1049.79,1025.99,944.22
54.16,97.61,204.45,380.99,576.87,776.22,900.21,995.21,1052.57,1009.71,926.15,821.44
83.48,195.57,382.28,581.33,782.72,909.08,1004.11,1056.42,1005.2,921.08,816.96,748.27
160.23,357.29,560.0,769.84,903.31,1003.73,1056.53,1006.15,920.9,807.01,737.48,671.24
335.81,548.16,777.6,915.49,1018.11,1073.38,1023.3,927.07,795.97,728.87,663.57,593.03
560.96,784.69,913.6,1013.6,1067.16,1015.75,919.09,793.16,734.45,668.03,597.29,589.66
996.8,1056.1,1098.35,1104.72,1016.16,889.43,759.73,718.32,692.3,658.77,651.42,699.65
831.87,941.99,996.93,959.87,876.12,781.58,746.12,710.14,644.47,589.98,634.33,632.8
996.16,1033.58,974.61,878.28,773.31,728.82,689.67,633.93,599.18,649.52,649.88,617.44
887.14,877.55,829.59,757.63,738.49,719.8,666.61,613.65,627.24,605.58,573.05,558.53
967.6,891.11,791.97,752.85,717.91,650.65,595.0,617.42,615.86,598.39,584.69,510.82
888.64,787.74,741.55,707.79,642.57,588.56,610.8,614.44,604.13,584.91,510.15,400.61
811.84,756.2,711.69,641.08,583.28,602.87,606.12,601.32,591.38,518.49,408.89,242.52
623.02,622.03,588.5,560.45,603.32,625.46,622.51,601.47,502.95,369.84,203.66,113.94
679.84,630.08,595.88,625.38,635.72,623.27,599.97,500.01,369.66,218.42,130.71,131.16
685.06,631.37,644.18,642.06,620.51,590.47,490.12,366.21,227.5,148.57,148.76,152.03
825.48,775.86,733.83,667.49,601.55,474.21,347.43,217.59,164.66,205.51,210.92,266.83
763.13,726.53,677.4,614.0,488.26,363.96,235.65,172.51,196.71,206.75,262.8,439.83
971.55,843.28,722.16,540.51,371.67,208.84,141.75,181.13,230.31,334.28,513.15,652.36
819.64,702.51,519.77,356.5,199.87,138.6,180.24,232.85,338.75,509.7,646.95,789.28
721.89,537.16,388.72,226.46,158.96,196.59,249.4,343.4,498.59,650.31,794.37,832.37
504.49,366.47,213.36,153.13,196.58,254.37,349.26,501.71,646.94,785.51,823.58,882.27
257.67,141.41,104.87,173.17,250.42,359.09,513.36,651.87,773.71,791.08,848.44,854.64
38.61,33.34,117.08,217.98,346.18,515.8,655.25,777.32,787.92,819.73,825.3,819.32
26.17,111.65,203.82,333.86,505.16,644.88,765.82,782.64,823.92,822.8,816.8,770.95
110.73,205.18,346.78,517.99,656.71,777.67,794.47,828.22,816.05,814.62,769.63,721.85
172.09,319.45,474.45,621.69,751.66,774.4,809.18,810.84,826.71,763.36,712.63,735.93
452.78,565.8,687.05,786.79,784.96,800.77,800.44,820.58,772.8,750.43,774.69,819.21
686.16,765.03,824.47,795.87,791.93,776.13,795.63,763.12,770.55,812.46,855.56,903.32
774.24,830.25,807.76,801.45,783.74,803.33,771.67,774.84,810.44,858.63,906.63,937.78
759.92,761.47,780.98,779.0,810.44,788.66,793.18,818.31,846.5,885.07,916.35,930.44
748.38,771.99,772.03,806.68,787.34,793.69,818.75,846.83,884.64,912.43,926.55,883.97
717.2,736.3,784.89,778.38,794.41,826.1,854.71,887.43,904.76,908.95,865.81,767.79
621.85,706.19,721.59,764.19,817.29,862.44,896.19,910.05,901.5,832.36,733.56,584.65
587.44,639.76,697.76,778.29,845.7,895.82,910.11,902.87,828.04,699.31,549.5,349.37
557.9,637.79,715.99,802.85,870.23,897.13,890.15,825.48,705.85,528.37,326.58,199.45
594.34,690.56,806.57,883.22,915.64,913.59,849.03,714.3,512.2,311.0,185.53,91.41
640.02,770.22,849.54,893.4,901.09,844.2,709.24,511.42,312.93,172.23,78.18,85.36
673.27,786.83,865.95,895.1,854.06,731.71,535.07,322.43,154.6,48.13,56.07,179.66
782.74,862.04,883.11,842.87,721.66,525.41,311.98,150.42,53.0,55.89,179.64,344.81
1048.04,1011.63,939.11,774.96,543.43,303.01,138.13,44.44,65.96,231.97,399.84,559.84
826.57,814.86,708.71,518.29,310.34,172.6,83.65,84.84,207.05,346.38,505.44,609.0
960.26,814.64,615.4,372.94,204.4,91.52,88.82,202.47,341.06,542.25,650.56,711.03
896.82,670.84,409.05,222.03,94.76,80.66,193.8,336.8,549.77,674.86,735.04,743.42
838.85,523.45,301.98,136.3,91.41,180.94,322.01,541.74,687.96,784.03,793.44,684.58
490.58,277.48,121.09,83.63,179.99,327.83,549.11,693.21,782.82,785.61,676.19,592.25
163.16,47.91,56.13,177.47,343.4,579.53,725.54,795.73,762.51,640.6,557.72,431.42
54.88,58.9,165.47,330.04,565.82,710.84,779.89,756.34,649.37,561.1,434.84,424.07
53.65,164.58,342.92,579.84,724.77,793.98,770.62,654.36,552.42,431.14,420.93,456.19
148.31,330.82,568.91,717.49,790.02,769.76,653.83,553.17,432.35,416.87,451.78,468.5
242.09,507.69,673.95,766.38,762.35,659.59,560.56,437.13,411.3,426.96,442.98,530.14
452.31,638.74,748.7,757.08,663.28,570.65,447.77,414.93,417.13,425.29,512.54,677.64
624.46,738.81,749.94,659.48,569.58,448.89,416.32,418.07,424.6,508.6,673.44,839.84
773.18,772.93,669.39,571.68,444.89,407.13,408.0,419.76,514.19,683.62,850.13,940.3
757.46,658.42,563.03,439.69,404.92,408.21,420.59,514.93,682.99,845.98,935.67,977.26
830.3,679.07,511.64,438.29,410.93,398.9,490.26,670.7,863.95,985.39,1027.85,1029.47
745.25,554.08,457.15,415.6,393.48,476.71,656.95,858.92,997.18,1048.22,1048.3,945.01
466.48,395.73,374.37,372.24,472.13,666.56,870.84,1004.77,1042.5,1024.34,919.88,707.6
470.52,427.68,416.28,498.71,677.81,870.03,1001.59,1038.26,1024.78,939.04,728.99,474.68
301.49,331.21,451.52,659.44,874.41,1024.4,1063.85,1037.37,923.32,692.14,436.82,234.87
549.49,598.37,747.41,913.5,1024.75,1033.09,1002.02,906.18,717.36,500.27,299.61,161.3
614.52,755.34,918.82,1026.81,1033.63,1003.01,907.97,720.44,505.1,306.09,166.94,84.82
580.22,798.95,948.21,994.49,995.52,926.18,741.65,516.86,291.33,117.35,34.37,49.7
986.96,1075.35,1071.97,1030.39,926.83,714.95,485.11,275.1,137.93,88.22,106.05,288.78
1173.83,1134.98,1058.08,933.22,706.32,464.28,254.36,130.62,106.33,137.68,318.06,516.64
946.3,927.5,842.98,658.51,451.51,270.28,151.14,119.27,125.04,266.59,462.97,585.65
963.34,869.3,676.48,460.65,271.31,145.23,110.8,118.9,267.75,471.75,596.92,763.22
883.12,688.22,474.64,282.28,153.15,115.45,123.63,268.24,467.41,599.37,765.54,856.79
628.34,433.19,252.92,137.2,110.59,127.96,273.69,471.04,595.83,749.07,839.92,782.6
520.55,311.02,166.21,119.85,121.88,255.15,449.79,585.77,762.05,865.28,808.99,722.11
209.61,101.2,100.73,125.03,274.65,483.3,622.49,777.68,842.32,777.74,690.76,530.62
104.8,101.73,110.58,259.63,468.39,606.42,760.57,835.18,785.85,692.85,532.5,477.14
60.83,83.11,244.07,462.35,608.02,768.19,843.27,789.85,688.02,520.15,464.46,493.44
55.42,223.3,444.64,596.28,761.94,842.38,789.95,689.98,522.06,458.69,487.31,481.04
207.12,437.86,611.69,779.81,860.34,808.82,708.58,527.68,444.9,479.44,475.44,567.91
513.97,666.38,830.29,893.39,826.7,714.76,532.76,444.76,477.3,494.97,588.62,763.83
711.02,857.48,899.77,823.58,705.42,518.62,431.04,473.07,506.89,603.96,777.51,913.95
932.76,950.84,855.61,720.41,520.04,421.64,462.51,501.28,611.16,798.91,935.48,1010.13
959.07,859.14,717.66,515.64,416.74,457.6,497.13,610.55,803.46,939.45,1013.07,999.66
780.66,664.44,483.35,402.06,456.76,507.66,622.66,809.56,931.13,990.68,977.08,887.92
626.71,459.17,386.46,450.21,507.79,626.88,813.37,931.92,985.5,964.45,875.33,798.81
527.73,430.98,470.28,513.03,621.05,798.49,915.69,978.88,976.67,896.03,819.05,627.4
493.09,510.6,533.08,627.28,794.13,903.3,965.04,970.86,906.21,837.49,646.2,415.32
507.07,529.83,625.6,793.66,904.01,967.03,972.75,907.64,837.72,644.83,413.71,259.15
569.15,647.29,790.11,892.46,951.09,953.46,888.2,832.07,661.05,428.6,272.34,167.11
623.28,773.97,887.25,950.97,957.26,895.81,840.6,665.16,424.23,265.75,160.52,112.44
743.53,868.86,953.3,965.69,907.88,856.57,681.34,430.42,255.34,150.62,104.17,176.04
1092.06,1103.15,1055.97,947.87,856.92,650.14,394.95,238.18,176.08,169.58,242.83,424.4
1052.0,1020.83,933.54,854.21,657.08,410.82,256.64,185.75,161.69,228.8,409.2,564.16
892.77,842.48,772.62,604.57,383.24,248.4,179.23,162.34,230.66,375.68,529.0,662.22
756.56,717.59,579.79,377.33,256.15,197.61,181.24,237.45,359.69,501.75,636.28,794.41
739.57,600.27,405.15,278.59,213.69,191.0,246.13,359.52,491.65,638.54,798.04,837.48
686.88,458.4,285.22,201.45,166.12,210.54,322.23,477.53,663.82,826.84,864.9,804.18
546.56,342.62,232.99,177.86,207.56,308.23,463.0,658.36,839.84,892.39,831.19,719.91
413.9,284.39,233.18,245.92,331.68,476.33,671.41,843.63,887.17,850.0,740.41,613.47
91.4,101.69,160.5,289.89,469.62,692.75,868.62,900.59,832.55,685.39,557.06,514.22
84.26,150.97,289.37,472.66,697.52,874.43,905.42,833.12,679.51,550.28,508.93,533.96
168.98,302.69,487.29,707.84,880.9,909.16,836.71,680.5,548.76,513.57,539.09,585.41
238.48,442.61,672.21,859.99,900.63,837.63,682.84,551.18,511.39,521.41,566.44,654.04
478.82,698.91,889.39,921.49,850.62,690.37,557.85,512.81,517.97,574.88,663.85,789.33
641.6,849.59,890.34,832.74,683.44,559.4,515.46,520.2,572.46,647.66,772.09,869.19
1032.73,1015.35,914.97,724.13,566.49,495.77,496.91,559.52,663.36,823.82,922.34,958.93
731.6,719.44,592.65,499.66,481.91,525.7,594.99,684.1,801.66,843.07,876.02,853.2
910.26,724.83,584.25,522.93,530.57,569.78,653.56,783.82,859.01,929.06,909.15,846.09
662.68,538.26,481.5,504.42,557.67,652.42,785.03,862.96,931.57,893.83,827.96,798.68
518.03,468.33,494.89,552.78,650.89,785.77,863.28,931.27,891.78,821.26,792.29,633.91
569.2,562.3,598.21,673.32,789.78,854.03,918.89,885.64,831.52,820.64,664.52,511.7
556.01,593.34,670.4,788.6,854.6,920.87,888.71,833.54,820.08,663.07,509.06,321.31
647.39,707.43,819.57,873.24,929.37,889.88,834.19,819.84,664.98,524.3,337.04,215.06
601.08,746.88,827.63,908.0,888.0,848.1,836.02,673.78,514.39,307.08,184.14,153.99
751.43,830.59,905.33,884.08,843.04,829.64,666.34,510.85,310.05,185.98,156.52,182.43
861.31,925.83,902.56,854.3,835.08,668.15,511.92,310.42,187.34,165.56,192.59,332.98
844.32,848.39,825.53,824.44,671.49,526.74,326.31,194.51,154.4,168.32,309.04,444.0
906.98,863.96,842.94,676.55,521.53,313.19,179.89,148.11,178.26,326.93,462.54,627.08
930.86,889.11,706.27,536.36,316.09,172.58,140.15,173.54,331.8,481.3,645.58,808.33
769.06,625.61,484.29,290.99,168.98,153.16,189.04,339.33,468.66,610.63,772.07,800.29
865.99,642.56,369.89,193.71,136.42,139.39,284.72,444.77,648.29,845.08,874.44,868.97
410.14,215.22,114.79,109.51,153.19,331.76,497.93,672.95,810.82,806.21,799.0,689.12
398.45,243.28,211.75,212.76,355.09,493.57,664.17,802.45,812.27,849.05,743.58,641.68
88.33,107.86,155.08,332.54,498.66,691.58,833.17,826.96,829.12,697.89,595.06,551.2
141.21,178.9,346.15,504.67,690.96,826.5,818.63,824.12,700.93,603.57,560.5,527.81
116.31,300.03,461.89,663.1,812.15,815.05,821.85,702.88,606.66,544.49,510.04,577.89
252.18,430.09,640.9,800.38,811.37,824.33,705.92,608.03,540.28,496.03,563.66,557.7
352.96,588.25,769.05,797.34,824.1,717.36,620.99,547.15,488.23,541.74,535.68,679.0
549.78,748.42,803.88,838.78,736.32,642.96,569.36,494.89,524.13,520.48,665.05,780.42
651.97,737.81,789.93,709.48,633.94,574.01,500.67,527.79,514.6,637.42,751.97,844.08
722.21,778.39,694.32,622.35,565.55,494.29,521.16,512.09,640.07,748.06,840.08,886.39
1019.21,859.28,733.1,621.85,506.41,497.91,483.98,624.02,767.35,907.71,956.11,948.16
1025.66,841.36,682.39,530.23,494.45,459.79,599.14,758.11,931.33,1007.19,997.45,904.7
1145.99,886.94,662.18,557.44,468.28,566.02,720.67,913.45,1038.41,1086.86,995.65,769.77
774.46,580.06,490.6,427.74,549.0,723.12,920.07,1046.39,1087.0,967.47,737.92,551.78
635.52,533.16,483.75,591.63,752.62,940.54,1065.88,1092.33,956.48,750.84,567.63,355.31
656.48,564.0,627.07,760.72,928.17,1036.71,1060.54,942.98,772.89,605.36,392.84,219.57
768.82,764.99,860.46,981.8,1053.7,1050.46,930.63,766.85,621.88,452.69,280.59,169.35
699.51,813.42,950.11,1037.1,1046.85,938.58,776.94,629.02,449.82,263.34,150.77,81.96
782.13,925.0,1003.75,1021.11,920.24,764.38,616.08,446.51,271.85,143.98,74.52,165.21
901.34,985.72,997.41,902.46,752.26,607.55,438.57,269.76,148.7,69.49,158.67,332.68
783.52,856.98,795.46,691.15,584.49,445.3,279.91,157.04,60.62,103.28,275.16,477.41
932.22,848.45,723.87,599.9,446.17,268.03,142.28,51.56,109.21,295.51,499.48,762.55
697.29,618.22,516.74,397.44,248.44,145.51,58.28,115.92,290.61,458.96,719.37,902.13
526.51,455.96,353.68,225.18,138.13,62.34,120.25,292.02,450.65,691.84,874.93,1063.2
438.1,345.37,233.14,149.59,75.09,134.06,305.04,454.0,680.76,866.28,1056.22,1147.77
327.74,221.29,137.19,66.45,128.53,301.55,450.94,679.43,866.25,1051.38,1142.47,1061.04
313.24,200.88,111.37,152.33,308.08,443.59,670.66,860.51,1056.68,1167.91,1087.2,996.53
203.2,115.26,171.49,326.44,460.45,687.39,878.55,1064.06,1159.14,1086.83,996.27,867.44
45.06,120.28,276.58,426.9,668.37,870.72,1057.79,1159.28,1090.84,978.93,848.24,758.33
123.23,286.81,477.31,716.64,913.48,1098.15,1198.96,1103.53,953.43,842.81,757.01,695.93
255.29,453.51,688.93,893.32,1084.88,1190.75,1095.35,951.25,847.32,749.03,687.11,658.56
335.34,612.12,865.88,1083.75,1209.01,1130.27,988.48,863.27,725.59,650.2,622.34,635.1
555.73,826.89,1044.6,1183.39,1115.85,981.05,855.81,722.77,651.15,605.86,617.32,677.82
815.34,1035.94,1171.93,1107.48,975.41,851.84,718.73,649.82,607.91,614.01,673.75,707.31
1125.52,1231.44,1139.73,987.63,848.29,702.62,631.61,599.39,626.17,699.96,734.07,719.94
1408.28,1257.6,1060.15,881.05,704.34,609.33,574.0,614.33,720.11,785.84,772.44,705.18
945.49,845.42,740.69,634.97,597.94,609.67,657.34,744.66,759.74,685.23,614.36,506.81
852.71,750.03,648.19,608.72,616.32,659.54,744.05,755.75,678.94,613.14,508.69,421.08
837.66,708.73,649.99,638.2,665.51,736.68,746.02,672.92,619.36,532.59,445.95,416.64
870.21,756.11,693.83,685.27,729.26,716.99,641.39,605.96,556.41,494.65,464.93,331.38
690.79,647.41,660.09,718.42,718.22,654.58,620.71,565.27,489.02,447.23,313.83,156.73
735.01,718.99,754.76,734.39,654.73,608.45,551.34,482.31,457.0,339.94,183.78,111.13
630.12,699.81,732.32,671.75,638.47,593.29,527.08,475.12,312.45,155.26,83.74,113.52
727.52,753.34,689.94,649.98,598.44,526.66,473.07,309.48,153.93,90.35,121.72,240.92
613.09,593.15,582.5,562.5,516.65,484.02,322.87,162.4,81.27,83.12,201.39,343.64
621.2,600.53,564.37,511.72,474.09,308.56,146.96,74.55,91.28,211.04,353.92,545.37
650.2,601.87,553.92,504.54,328.22,158.54,85.15,93.34,204.55,365.34,558.53,820.81
456.93,455.59,440.92,297.24,153.81,101.5,112.78,214.87,351.7,517.03,777.97,933.37
477.7,457.15,303.83,154.94,97.74,104.34,204.79,345.55,519.22,783.16,939.73,1041.15
588.86,395.94,222.72,135.38,117.1,197.33,336.36,512.16,788.78,975.91,1078.02,1073.16
333.86,175.76,88.33,84.68,178.83,329.23,508.06,791.23,981.8,1064.71,1056.82,982.57
167.28,86.86,104.76,199.92,349.25,528.11,811.23,988.23,1051.26,1051.47,979.2,890.23
10.62,55.92,182.71,348.96,540.0,833.27,1011.32,1060.54,1035.67,954.93,866.78,779.84
76.29,198.2,363.73,549.94,838.42,1012.57,1060.62,1034.15,953.25,870.82,784.99,689.05
173.73,346.23,538.04,832.57,1011.77,1064.19,1037.82,955.75,869.84,777.51,681.34,654.02
263.97,479.73,780.93,979.6,1048.83,1034.84,954.7,871.81,777.81,659.11,629.08,588.91
552.29,829.35,1008.01,1060.85,1033.86,943.67,859.37,772.05,668.23,650.36,610.67,594.74
727.91,940.31,1021.33,1017.41,945.11,874.71,789.15,675.92,637.45,580.21,563.58,589.77
1129.18,1148.06,1096.73,981.86,877.62,765.84,648.52,624.14,600.97,618.46,646.44,662.38
1145.04,1091.67,973.25,870.25,760.78,645.85,622.86,602.52,622.97,647.67,661.87,625.14
1114.21,988.94,884.23,769.34,649.72,623.46,602.73,622.57,647.97,668.24,632.16,546.78
826.18,772.7,692.87,610.53,614.39,617.26,639.71,657.73,655.67,585.83,499.27,497.24
744.14,675.17,594.95,605.67,613.35,637.75,654.38,652.68,582.91,489.03,487.49,440.14
391.02,400.61,472.14,544.35,621.0,678.78,681.27,599.15,467.18,406.31,357.01,233.74
443.4,501.49,555.91,622.28,671.36,666.33,580.9,457.63,413.66,368.75,247.86,115.84
560.36,602.49,688.54,723.42,704.24,608.86,484.6,421.37,352.75,259.77,130.66,99.6
645.08,715.88,735.51,706.98,604.87,475.22,411.81,349.31,267.6,144.29,112.42,123.5
711.16,731.0,701.92,600.46,471.75,409.92,347.36,267.65,146.44,112.33,123.78,206.48
811.7,755.71,633.18,485.6,409.06,335.41,254.63,140.52,121.97,148.82,232.33,394.83
855.89,704.64,554.57,454.27,360.3,264.86,150.07,123.61,145.57,259.91,424.51,625.44
657.73,522.89,437.89,354.13,267.07,159.5,134.86,151.24,253.58,411.66,612.1,802.71
569.05,473.39,395.96,297.47,179.0,146.57,162.05,255.54,404.41,622.9,815.87,929.88
544.96,445.49,329.69,194.88,149.18,153.68,245.96,398.61,628.09,835.57,949.97,978.43
438.84,326.74,203.42,159.24,164.39,257.69,411.06,632.89,828.64,946.52,975.0,902.86
121.99,62.76,59.36,110.97,242.13,425.35,650.91,839.7,932.66,917.35,843.04,657.35
5.17,21.44,84.91,228.96,421.83,654.3,842.87,933.6,911.83,825.71,640.66,520.96
41.34,101.74,250.39,438.82,666.45,850.39,940.44,912.58,819.78,643.8,524.71,478.31
83.48,234.7,416.9,649.2,838.02,932.34,904.46,818.57,650.91,521.38,474.29,471.19
423.17,541.09,712.91,859.59,921.67,868.16,778.45,633.35,549.94,530.47,527.69,597.5
682.81,806.39,921.29,951.49,873.64,766.36,620.95,545.49,545.96,570.59,639.71,711.77
905.8,987.83,996.12,895.74,770.87,612.25,536.71,541.96,579.78,669.37,740.92,819.47
940.76,964.35,882.96,768.66,618.35,550.37,557.53,587.35,661.42,727.48,805.52,872.27
994.75,903.48,777.36,620.38,547.16,549.33,578.74,657.09,732.02,814.74,881.11,856.98
634.7,595.3,506.51,494.11,544.66,612.62,695.66,751.46,787.38,803.33,777.77,676.65
569.69,492.47,490.21,546.35,616.98,701.19,754.62,786.19,795.99,767.06,668.43,533.35
399.36,424.42,489.52,582.36,685.35,752.69,784.82,797.6,766.75,642.08,505.54,387.39
450.9,508.64,593.81,691.19,753.49,780.69,791.83,762.87,643.68,511.19,393.45,232.64
514.83,590.08,651.91,714.02,744.25,757.05,727.35,632.43,535.0,400.05,236.83,148.39
585.47,647.32,708.04,739.28,753.48,725.31,631.12,535.7,402.46,237.21,148.12,129.84
581.17,663.17,713.34,742.1,725.61,641.13,547.23,408.38,229.83,129.85,111.38,211.4
670.08,722.96,773.65,754.17,665.12,568.85,429.6,236.3,115.7,110.71,213.54,353.86
827.16,845.95,810.51,697.11,580.58,426.11,230.79,111.25,115.3,242.92,385.46,569.3
774.1,767.01,698.43,597.24,452.93,266.91,149.27,129.95,218.46,361.02,546.17,704.43
630.26,605.23,528.29,415.07,254.17,155.52,137.79,223.13,351.92,506.74,664.01,763.61
726.84,612.31,468.8,280.06,158.55,122.03,204.38,341.12,516.94,697.92,799.02,797.29
835.03,618.92,374.18,202.53,126.52,177.58,311.34,502.34,720.73,864.12,862.77,791.54
653.06,396.03,221.56,137.88,183.49,314.2,506.4,723.56,866.25,873.78,801.62,650.82
289.81,146.99,85.02,154.52,305.15,514.24,733.69,873.63,868.74,773.38,621.82,472.34
86.04,45.75,133.49,297.52,516.42,743.11,883.38,872.17,764.03,603.14,454.34,400.75
46.66,137.32,316.11,534.55,759.47,898.7,887.09,768.79,593.68,452.09,399.98,431.73
126.61,308.88,529.28,756.72,897.95,887.89,769.32,593.91,451.44,396.24,428.08,449.58
250.94,487.8,721.35,875.8,877.14,767.91,593.46,453.22,396.79,412.6,433.2,473.25
518.28,741.56,883.55,878.25,763.96,584.91,444.26,392.73,417.89,442.2,481.7,592.88
758.11,896.32,896.63,778.45,595.58,452.5,401.13,420.71,437.99,485.29,596.81,699.01
819.79,843.57,739.16,573.64,444.79,404.73,425.73,441.56,481.26,575.8,677.17,740.25
899.55,776.87,594.23,452.55,402.27,414.82,429.14,474.97,582.85,693.57,757.35,793.88
726.82,560.49,432.32,393.56,415.35,436.81,484.05,587.39,687.77,743.02,778.77,796.83
508.94,395.72,358.24,392.18,424.03,478.78,582.34,686.88,744.8,764.79,782.11,764.41
472.83,411.06,426.89,441.45,482.12,574.38,676.65,738.93,771.34,803.01,786.42,709.21
428.31,438.39,450.1,486.95,576.24,676.41,738.68,771.1,803.82,790.9,713.44,524.12
408.65,430.47,481.08,576.75,681.55,748.4,781.38,808.43,784.81,704.26,515.41,305.83
397.22,456.89,554.75,667.51,741.38,779.66,807.41,785.76,705.42,507.09,296.55,193.83
572.12,636.58,740.99,788.24,803.64,814.04,790.73,704.63,506.21,327.65,226.88,156.23
688.77,773.71,803.54,807.12,808.95,779.71,692.9,502.23,338.07,244.03,173.51,187.7
749.08,786.59,802.03,809.16,783.98,701.52,511.16,342.5,239.86,166.48,181.41,299.47
627.05,692.47,733.51,744.61,691.72,524.79,358.9,249.55,154.89,136.46,253.19,438.57
764.79,783.75,772.51,703.15,522.71,344.89,233.23,145.79,144.07,273.18,459.42,632.3
856.32,821.24,732.06,535.25,344.73,222.95,134.76,138.85,281.34,480.81,653.53,765.0
887.36,776.85,565.58,359.99,226.22,128.88,132.31,277.85,486.15,672.64,784.37,799.53
953.84,684.2,432.71,259.02,130.46,109.45,252.31,474.03,692.23,836.32,851.96,780.67
463.18,279.56,154.32,75.91,96.44,273.16,500.7,708.85,820.98,791.65,717.17,573.57
240.52,133.4,83.01,111.17,291.28,521.74,728.9,826.42,774.45,702.18,561.88,471.39
269.77,178.69,184.62,333.9,538.43,724.61,818.85,767.66,707.16,598.32,509.96,496.67
84.01,115.93,270.95,497.81,703.95,813.63,765.2,710.14,601.45,486.02,469.46,408.8
89.35,249.55,469.08,681.3,797.02,753.72,698.2,598.34,493.72,463.73,402.94,427.31
214.77,447.07,674.88,798.35,760.61,709.74,610.54,498.65,455.7,391.58,416.12,517.74
442.41,674.59,811.2,773.98,722.33,622.84,511.42,459.73,382.77,412.91,515.11,598.17
762.52,871.5,816.46,744.65,628.62,504.42,450.9,377.36,419.04,539.69,623.94,725.85
848.04,798.48,726.02,615.59,496.83,447.66,375.58,420.01,542.29,619.21,719.48,780.81
855.18,763.13,635.12,503.63,444.8,365.23,409.2,537.92,627.9,737.32,798.51,860.46
842.99,690.01,541.16,464.47,370.38,402.57,529.72,622.89,743.08,820.58,883.08,915.23
672.18,526.61,448.71,358.97,395.54,526.76,620.57,743.85,824.05,879.42,910.78,831.02
448.15,394.88,321.17,375.6,521.21,626.38,750.56,827.83,873.59,887.96,807.94,681.38
359.54,299.08,363.96,517.77,628.81,756.65,833.83,875.13,881.31,795.71,669.08,504.56
408.71,435.05,549.89,636.79,746.65,809.43,849.13,870.98,815.38,703.14,537.93,361.44
405.49,530.27,631.86,748.33,816.06,860.52,883.26,821.08,696.78,528.92,352.49,209.88
616.05,690.56,793.6,841.71,869.99,880.75,816.47,693.52,533.82,376.3,235.3,176.29
707.57,801.51,839.12,863.76,872.91,808.37,685.88,532.8,385.06,243.12,183.31,188.77
821.97,852.98,874.48,878.76,810.23,684.93,531.61,384.44,244.66,189.66,195.53,310.33
907.61,910.49,900.72,820.11,685.66,525.31,377.67,242.01,196.54,212.24,326.89,550.53
1068.72,1006.8,881.89,711.73,523.49,353.58,215.64,184.09,231.17,373.75,597.59,737.07
801.16,739.42,609.41,467.88,336.67,229.68,202.57,243.29,361.21,540.67,677.57,780.02
835.11,675.87,512.24,358.95,233.54,191.54,229.23,352.63,547.81,703.91,808.49,847.37
668.34,508.12,363.75,240.07,199.21,238.12,362.44,551.85,698.79,805.65,844.2,784.86
626.58,446.51,303.22,235.12,251.26,357.68,545.13,693.21,810.42,876.8,818.9,658.93
442.77,296.6,216.55,234.14,343.36,533.25,681.75,808.01,886.51,820.55,659.25,544.7
223.12,165.26,194.38,320.65,524.84,684.29,812.16,890.08,817.77,639.3,523.33,451.87
86.05,139.94,282.21,504.25,678.2,817.7,896.46,821.88,634.54,501.12,429.52,419.0
140.34,281.3,496.02,669.78,809.57,888.37,813.09,631.15,505.89,430.43,420.11,481.84
263.14,488.11,690.11,833.26,912.82,839.4,658.12,515.67,413.96,411.65,475.06,595.83
454.48,667.51,815.45,902.67,835.38,658.45,516.42,414.38,409.49,464.93,585.13,719.19
628.8,786.38,867.89,809.99,641.83,506.02,404.68,407.18,470.55,575.79,708.09,860.9
942.04,975.21,887.9,684.07,518.93,394.84,394.9,462.55,585.23,751.92,906.27,964.63
878.05,821.02,641.56,498.45,392.31,407.23,477.35,593.43,743.1,879.0,936.26,945.13
785.38,618.72,486.36,388.21,408.91,483.09,599.3,744.88,872.93,924.86,933.95,895.29
644.96,502.98,392.66,407.8,477.93,590.69,735.51,869.23,931.38,942.3,903.61,818.66
535.79,414.03,412.59,475.86,583.64,723.47,856.33,925.66,949.73,913.25,827.62,703.36
384.3,391.51,465.78,580.53,726.07,864.54,934.33,954.59,910.05,818.85,694.7,546.57
533.0,561.12,637.73,751.32,864.36,913.89,931.0,898.27,834.63,735.22,588.12,387.71
651.66,696.74,789.21,882.03,916.31,922.6,889.54,831.91,746.38,615.95,415.05,269.55
544.51,685.74,822.4,891.08,924.86,914.52,860.8,761.28,598.76,371.88,224.94,156.93
591.22,761.0,862.77,917.31,922.05,880.58,781.31,606.56,356.11,195.69,129.36,171.97
798.86,889.58,934.78,930.82,881.87,776.0,599.66,351.71,198.39,139.68,183.26,301.69
702.4,804.87,834.73,828.47,757.95,609.48,364.68,207.72,130.07,131.45,247.95,415.6
769.35,813.86,824.75,761.73,617.78,376.43,218.31,132.69,121.17,234.74,404.44,599.16
994.94,945.75,825.83,641.25,368.33,184.4,95.15,103.68,259.5,457.72,652.81,782.52
841.09,754.02,592.56,343.38,179.08,105.35,117.29,267.29,448.72,623.66,751.09,793.26
742.35,585.97,342.88,180.72,108.02,120.88,270.22,448.96,619.61,746.69,790.16,800.03
629.79,373.45,202.38,119.44,123.93,266.52,444.6,616.82,749.28,802.89,813.21,728.02
311.28,160.32,95.55,113.76,267.4,454.62,628.86,755.45,795.5,796.2,710.44,601.83
164.46,105.97,158.46,309.73,491.61,663.1,788.68,805.58,773.78,705.93,601.4,521.81
88.58,145.49,295.74,481.82,657.06,785.6,802.2,773.16,708.15,596.75,517.12,479.61
161.28,307.8,495.63,667.26,792.45,806.41,777.26,709.11,594.33,520.42,483.04,470.49
235.0,444.57,627.71,769.53,797.45,779.49,712.64,597.61,517.92,462.89,449.26,470.95
512.14,674.22,803.01,815.31,784.43,707.73,591.46,514.2,467.51,468.51,491.15,547.76
604.67,756.31,790.9,775.63,711.28,605.21,530.14,475.26,458.94,471.25,527.05,628.41
844.11,852.26,820.44,736.01,613.12,524.41,467.49,453.25,475.56,550.94,653.55,755.02
916.21,861.24,757.6,620.38,521.14,456.86,442.06,471.81,561.84,673.92,775.29,828.87
819.48,729.26,603.01,513.18,456.38,447.69,478.44,565.19,669.44,763.3,816.57,823.39
950.38,752.87,607.58,501.18,452.96,451.86,534.26,653.3,784.94,879.46,887.5,877.79
514.87,442.99,387.59,393.87,437.77,556.32,681.37,802.22,862.73,821.46,807.94,651.09
512.86,434.17,409.36,437.38,543.27,657.09,774.56,849.43,835.27,828.29,672.86,512.31
529.71,475.49,493.37,577.94,674.22,778.43,852.12,835.01,830.29,698.85,539.07,426.01
626.09,594.02,641.54,703.83,781.44,834.76,815.91,821.64,715.39,583.84,470.9,248.62
630.43,662.76,716.01,785.3,833.01,811.85,817.49,715.74,592.06,483.7,261.7,177.48
731.67,762.2,816.0,848.39,815.19,811.42,709.03,588.95,490.4,282.18,197.85,239.25
615.07,715.45,785.74,785.86,809.02,728.57,611.98,502.85,268.18,156.46,196.37,303.63
690.09,767.25,759.93,788.78,713.3,599.71,489.53,262.77,161.62,190.15,297.74,470.22
922.83,863.93,847.84,737.35,596.54,464.54,234.86,148.62,209.95,343.75,516.8,704.74
794.55,800.9,715.95,590.73,471.31,252.72,169.48,220.39,333.05,497.12,683.92,799.08
653.37,617.19,525.15,438.8,246.06,182.67,234.88,339.62,482.61,640.04,755.18,816.84
738.46,605.78,477.32,257.42,172.99,207.65,309.39,468.64,658.82,791.1,853.25,892.37
666.52,519.85,292.76,194.65,218.06,310.93,470.37,658.45,791.67,870.17,909.03,849.68
475.69,261.73,170.93,204.22,305.48,471.8,660.77,793.79,868.62,897.05,837.07,713.39
301.97,193.3,198.97,291.67,453.07,638.31,770.79,861.25,914.48,852.64,728.07,669.85
78.88,125.88,265.47,452.15,655.82,803.23,896.28,928.66,828.54,692.25,634.29,588.99
140.8,276.98,464.46,664.62,808.44,898.8,929.56,827.68,690.72,636.77,593.08,632.27
199.49,411.16,628.21,789.66,894.39,936.75,836.18,695.67,630.99,570.77,609.2,607.82
344.22,584.43,768.22,887.62,940.9,849.3,709.81,636.91,560.15,588.72,587.7,592.65
620.39,793.44,902.57,948.06,850.0,704.41,630.6,556.28,591.51,597.04,601.81,700.67
1119.97,1122.04,1084.51,912.98,709.42,590.14,510.73,569.68,632.44,697.4,797.32,828.44
1016.57,1008.75,858.97,679.67,581.5,520.36,583.44,642.73,693.33,770.28,798.65,796.39
1112.81,930.6,730.31,608.06,526.91,574.48,630.89,685.92,777.43,827.58,827.55,799.95
772.21,619.53,525.44,480.94,559.28,639.89,698.71,786.9,820.2,784.55,754.11,745.45
804.74,653.78,568.58,604.83,650.63,681.08,765.06,806.81,797.69,805.6,799.26,712.78
677.74,581.46,603.75,645.03,673.37,755.95,797.69,795.65,814.96,807.68,719.91,623.93
530.14,567.16,616.56,656.74,749.4,799.45,798.58,817.8,806.34,705.96,609.03,405.84
675.52,690.91,711.42,779.12,808.49,792.15,808.52,800.55,713.18,639.13,438.22,272.41
604.96,648.5,721.19,770.99,773.06,803.61,798.16,716.03,642.5,416.94,247.99,191.88
740.9,788.11,840.43,820.68,831.72,812.35,728.69,644.98,411.28,272.11,218.83,204.11
776.12,829.03,798.88,812.79,796.99,716.05,632.48,407.73,280.45,218.03,202.49,295.64
796.78,775.13,787.87,779.62,705.56,627.07,402.87,279.84,221.08,195.04,287.38,499.16
704.99,738.17,739.73,681.7,616.95,403.84,282.05,224.11,194.0,268.78,479.74,735.97
650.43,683.13,652.87,607.35,408.46,297.81,240.47,200.07,254.57,452.28,709.46,887.3
671.75,646.55,603.13,406.34,296.92,239.98,199.34,253.11,449.52,705.14,883.36,982.98
561.7,548.7,383.03,292.48,249.4,219.63,275.01,458.09,688.55,856.63,956.49,991.59
554.65,388.51,291.56,247.28,216.22,269.03,451.23,684.22,857.3,956.98,991.84,934.18
392.6,289.9,230.89,199.31,253.51,437.38,670.92,854.47,968.63,996.71,937.74,826.92
339.18,268.74,243.7,285.82,458.08,682.93,865.37,970.1,988.57,948.79,840.21,705.37
254.07,236.03,300.35,475.4,701.23,886.15,991.15,996.99,937.5,833.95,700.73,635.95
165.65,249.73,426.16,668.65,868.16,983.81,990.93,937.26,837.01,682.51,615.74,602.83
165.34,369.97,636.61,855.13,985.54,1004.39,952.0,843.74,671.86,590.38,577.24,608.77
300.8,592.34,835.96,981.67,1011.52,967.87,860.34,678.18,577.41,555.25,587.43,628.93
490.91,767.83,937.53,990.16,964.26,870.56,689.23,582.47,544.99,557.1,598.68,635.63
671.82,876.52,969.35,964.81,886.33,717.28,611.58,556.16,536.08,567.45,605.41,650.66
918.08,997.01,975.26,887.52,711.17,599.0,541.93,529.31,575.07,617.39,662.9,640.85
1225.73,1130.0,989.1,761.05,607.55,518.21,501.75,560.9,638.78,728.94,708.37,684.21
1035.2,922.35,714.48,583.07,512.44,511.21,573.49,647.09,723.17,682.81,656.35,628.29
941.98,726.87,583.97,508.84,504.21,563.54,635.7,718.13,688.81,662.51,635.12,562.9
737.64,586.49,489.23,482.88,542.89,615.11,697.38,682.33,677.03,641.8,568.14,522.56
793.42,635.46,609.19,621.18,652.51,703.85,685.42,673.12,642.6,623.89,582.14,435.72
644.03,612.75,625.36,654.91,705.68,688.3,676.79,645.86,626.06,585.82,439.05,330.9
647.6,652.67,692.9,735.11,709.26,691.95,660.62,630.22,577.11,446.5,339.96,196.35
585.95,644.22,690.81,680.35,676.66,656.25,627.21,578.6,449.2,323.49,178.51,126.32
801.1,798.94,758.49,719.01,669.19,616.99,565.27,440.64,333.41,222.72,172.53,213.55
771.86,738.75,710.62,666.76,619.85,573.79,450.7,339.57,220.2,166.33,206.92,280.44
650.97,648.21,611.97,584.9,555.88,446.04,336.3,221.24,167.18,184.29,256.74,423.2
813.36,725.11,659.05,592.5,452.28,318.12,199.48,155.13,198.69,303.59,471.86,728.38
712.16,646.43,569.47,432.82,303.45,188.58,145.97,197.56,312.14,471.38,725.37,932.4
778.78,659.51,491.79,332.03,192.8,131.35,180.55,303.04,483.31,763.29,971.68,1078.05
647.09,482.56,325.95,189.39,130.65,182.49,306.49,485.66,762.46,968.95,1074.24,1077.24
428.59,289.91,167.19,120.48,181.82,313.2,494.2,766.62,962.65,1059.15,1061.36,990.96
230.78,129.65,105.45,179.98,320.86,509.2,782.32,968.59,1047.3,1042.46,972.53,906.71
84.15,74.42,156.65,308.16,505.03,784.49,971.04,1048.86,1039.94,959.28,893.13,792.31
53.37,143.04,302.26,503.71,786.36,975.68,1053.26,1041.54,955.69,886.02,785.81,665.44
131.02,292.0,487.3,773.2,965.83,1045.87,1033.74,953.53,891.26,782.94,662.09,638.02
401.53,559.0,807.69,976.45,1038.59,1011.8,930.04,881.57,800.79,694.96,669.78,705.2
668.39,878.49,1014.5,1052.37,1007.56,912.42,863.49,794.29,711.96,703.77,738.07,765.51
1048.77,1128.65,1123.39,1040.07,914.64,842.16,770.77,700.69,722.06,788.1,815.83,840.17
905.47,969.54,942.34,867.54,836.4,799.25,734.88,741.42,768.6,753.75,775.55,806.56
1006.56,970.05,889.67,849.92,804.58,732.88,737.31,764.22,753.11,784.31,817.13,839.45
839.15,801.13,794.45,779.13,731.36,754.49,783.57,762.77,770.9,778.78,800.05,772.83
751.4,761.62,756.23,719.81,751.35,786.43,765.07,771.33,773.97,784.39,757.84,645.37
632.11,668.0,656.35,717.77,776.68,773.33,780.0,778.61,774.91,718.99,606.21,505.75
661.23,648.99,692.09,753.56,753.46,761.03,758.61,767.44,729.68,605.44,503.56,364.66
571.35,634.39,694.32,712.41,736.58,747.04,757.2,728.96,612.31,484.75,343.67,220.59
646.68,707.21,743.57,763.82,768.96,775.92,746.74,617.24,472.28,344.15,223.86,167.87
773.57,789.08,798.17,787.96,782.38,743.7,612.96,469.5,348.05,243.01,188.12,244.6
801.65,807.54,803.92,794.89,753.13,621.03,478.06,351.61,239.53,191.92,249.03,352.08
933.5,889.26,852.3,781.59,626.35,465.79,337.0,231.97,203.42,285.8,390.45,561.51
797.39,792.53,763.6,628.22,482.51,367.24,265.05,217.98,266.12,362.86,534.35,674.06
1051.85,942.68,753.32,548.22,384.14,243.13,190.75,249.15,380.18,606.83,749.88,863.68
790.87,650.52,490.18,360.47,247.19,217.59,280.6,396.07,588.18,706.34,817.94,841.48
842.88,618.71,429.31,272.46,208.74,244.26,355.72,569.38,732.81,875.33,900.07,836.86
504.78,352.58,233.52,195.55,251.59,380.2,597.22,746.35,859.23,866.99,802.62,737.09
296.44,198.42,182.81,250.99,387.9,611.46,760.9,864.31,854.97,784.63,720.24,595.23
196.27,178.9,235.51,373.29,598.41,748.72,851.04,850.27,792.57,720.73,595.75,573.74
94.24,179.14,341.53,585.95,751.35,865.55,866.46,800.21,709.88,570.53,547.85,538.43
128.73,305.27,549.61,726.73,851.16,859.65,793.73,708.62,573.41,534.47,524.09,574.37
275.14,529.53,715.0,846.06,859.62,797.94,713.14,575.49,530.93,514.94,565.38,659.84
496.06,693.37,833.28,854.36,798.3,717.53,580.43,532.74,510.08,555.01,649.19,773.31
803.97,908.35,906.18,824.89,723.85,571.33,521.88,504.19,564.12,680.9,805.93,916.99
956.65,938.64,847.65,735.73,574.69,518.88,501.22,562.68,684.79,820.25,931.0,978.93
827.28,772.14,691.4,555.24,519.2,517.91,582.08,694.61,807.76,899.22,946.38,935.25
788.23,704.0,565.9,526.31,521.31,581.88,693.01,805.43,897.98,949.4,939.48,947.07
552.04,462.75,454.08,484.09,572.89,705.11,819.89,905.62,936.83,895.06,900.71,809.94
548.2,511.06,515.33,584.86,701.73,804.52,887.46,928.31,907.03,925.49,836.19,657.64
604.26,576.84,616.63,712.93,800.04,870.13,909.12,898.37,938.8,863.26,684.46,494.23
501.42,566.75,698.79,802.82,885.72,936.62,928.38,952.79,847.51,661.71,471.3,276.79
688.12,778.54,839.58,895.36,925.42,900.11,921.48,833.62,682.05,507.8,313.72,202.81
635.47,743.0,844.58,906.82,906.92,949.66,865.11,697.58,489.18,272.45,160.82,130.58
784.0,872.73,924.97,915.43,950.08,859.05,690.04,484.95,276.38,172.87,143.92,206.74
764.43,852.74,879.09,937.76,865.3,711.9,508.38,287.16,157.55,111.83,175.28,319.4
767.51,821.62,894.97,841.84,703.86,511.52,291.05,159.66,105.89,150.73,294.39,488.26
844.16,911.49,857.06,713.58,516.25,292.1,159.46,104.64,149.99,299.66,494.97,676.87
1100.36,986.51,797.48,557.3,298.52,137.81,79.2,135.69,315.62,548.05,731.36,824.98
894.01,731.32,507.54,269.87,127.64,84.59,144.48,322.98,545.15,707.58,798.75,789.91
882.96,612.0,342.11,164.82,93.03,130.32,305.87,534.96,718.52,841.99,835.27,761.53
685.44,391.04,196.47,108.26,133.09,298.93,528.03,715.64,849.49,857.72,783.32,730.72
304.94,141.27,95.75,139.11,318.33,559.81,750.07,864.36,837.32,757.34,705.57,579.38
154.24,103.28,133.91,310.18,549.6,737.83,850.07,830.96,764.33,709.5,584.49,559.37
126.37,153.91,347.87,581.59,763.52,871.8,852.76,771.64,697.34,587.9,564.15,530.42
105.04,309.77,533.89,727.53,847.25,836.95,757.03,694.48,598.0,553.65,517.66,512.84
286.58,521.84,736.83,861.34,853.3,775.57,713.04,604.15,540.69,507.64,504.02,583.47
541.28,748.67,862.35,850.23,769.8,704.94,596.14,537.93,513.65,510.82,589.4,665.64
644.07,789.79,794.96,738.19,692.92,599.39,543.29,517.89,505.85,560.67,635.44,718.43
864.23,846.53,775.5,713.26,605.57,538.3,510.84,501.14,565.26,655.96,740.41,878.63
885.88,800.29,723.97,607.68,534.37,502.4,492.89,562.68,663.85,753.45,890.79,953.44
814.97,733.42,611.3,534.79,500.44,489.01,558.58,662.08,756.2,895.11,957.7,988.62
679.02,574.43,508.07,486.46,485.28,562.31,666.41,758.34,890.62,941.15,971.32,953.28
563.58,497.45,462.63,464.47,545.18,651.77,743.58,886.05,950.49,970.26,951.13,812.71
584.36,522.19,503.76,564.98,655.8,734.7,875.45,944.34,977.13,975.22,837.26,657.96
420.35,435.69,534.61,648.25,744.85,900.94,972.45,990.43,959.04,807.14,627.46,386.54
687.52,704.86,755.92,795.45,905.76,941.25,953.88,940.47,832.97,700.19,461.8,284.29
581.25,672.22,755.43,893.89,951.78,983.65,973.96,849.67,682.48,426.03,247.21,170.67
723.97,787.98,901.69,948.11,971.62,955.0,828.88,674.07,439.52,263.96,187.64,195.31
876.88,959.24,980.05,983.59,951.98,814.88,658.61,433.58,277.67,215.1,223.17,345.18
823.83,889.25,930.94,929.73,816.61,679.53,457.74,289.39,198.74,184.17,305.07,437.78
756.4,838.68,855.71,772.85,660.81,458.12,291.0,201.57,179.79,268.06,399.91,623.85
771.11,814.45,759.47,662.2,469.5,309.68,220.38,185.69,251.57,377.06,602.29,751.15
887.7,808.3,682.03,472.71,300.06,199.69,162.92,240.89,389.65,624.04,773.17,814.07
805.76,681.33,482.53,310.14,209.53,173.53,251.99,394.11,618.24,771.5,812.95,805.78
546.64,392.63,255.76,185.45,173.12,270.01,414.34,627.52,755.5,773.14,765.37,687.15
571.25,376.77,259.11,206.11,270.47,388.81,598.15,740.75,792.6,817.33,740.83,667.39
259.7,177.59,146.38,237.73,378.8,605.94,751.76,800.22,810.87,709.05,633.21,607.68
64.49,74.46,215.1,380.59,625.04,785.69,835.37,824.64,684.21,597.16,573.71,536.01
45.48,195.1,363.24,614.03,779.74,833.42,822.02,683.32,597.18,565.43,528.58,559.37
202.88,372.02,631.07,794.66,845.45,831.25,692.53,599.06,557.69,528.29,559.47,599.76
476.09,703.79,860.25,887.06,852.6,699.55,604.75,558.34,528.62,587.59,629.74,700.92
750.5,891.74,906.88,861.84,700.4,599.08,552.17,525.49,592.14,643.05,714.05,724.9
984.08,967.61,897.98,715.74,598.51,539.63,512.32,586.77,654.86,742.33,752.81,769.25
906.98,855.67,687.59,584.27,536.98,519.16,595.81,660.36,737.78,736.73,751.84,771.88
896.02,715.92,605.29,548.68,522.82,593.12,656.14,734.75,738.94,762.82,784.13,777.95
695.87,589.06,528.86,508.21,583.79,650.87,730.19,738.8,767.35,780.15,772.75,767.66
656.87,576.58,543.79,603.93,657.86,726.53,733.16,762.78,782.72,790.29,786.47,672.02
471.91,469.22,542.37,620.75,710.36,733.63,764.95,786.87,789.4,757.92,641.66,535.04
378.47,480.36,576.04,686.43,726.39,770.55,793.52,793.4,751.8,615.52,508.24,366.24
559.12,631.21,726.89,748.9,777.93,788.51,786.2,746.43,619.16,529.18,388.4,274.54
606.55,709.73,742.58,777.12,792.16,794.24,755.68,624.11,525.4,381.97,267.75,185.54
779.84,789.18,804.88,803.72,792.94,744.75,611.42,519.68,391.22,289.02,208.01,212.62
723.47,758.07,769.77,774.28,739.28,616.81,526.79,396.63,286.61,190.79,194.19,373.87
766.77,778.74,792.7,754.99,629.04,536.63,406.03,288.9,183.79,195.04,376.2,516.93
737.31,760.99,716.41,599.89,516.44,392.8,275.77,180.23,202.37,366.78,506.92,704.23
701.15,681.28,599.01,528.55,413.21,302.62,208.09,211.92,346.11,485.7,684.11,848.89
874.69,729.07,601.85,442.86,298.07,175.74,175.93,328.75,509.46,740.58,905.91,925.93
799.33,646.66,465.21,304.77,171.3,163.37,316.66,505.63,752.49,928.69,947.43,872.27
948.91,672.56,456.47,253.83,189.49,299.64,484.1,738.9,947.73,1033.25,961.15,801.66
374.77,252.54,129.52,132.75,297.67,527.36,789.6,975.04,1003.62,877.1,714.59,583.67
138.79,56.06,89.12,279.21,527.29,802.71,987.98,1007.44,861.47,679.27,549.74,436.73
15.06,59.41,248.9,506.66,790.49,981.95,1001.1,860.15,682.67,539.19,426.01,434.89
139.75,304.38,542.0,808.02,984.98,991.77,849.1,676.34,545.97,448.11,457.3,501.8
348.85,571.63,833.1,999.99,998.84,851.34,677.92,546.92,450.78,469.4,514.44,568.67
532.47,800.54,951.59,960.06,822.71,657.04,527.17,446.04,482.88,507.22,558.75,626.43
689.91,879.69,929.04,816.1,668.55,553.53,474.7,494.78,487.02,524.81,592.64,696.55
933.11,967.44,847.62,687.7,561.83,474.08,492.91,484.1,524.86,606.78,711.8,827.11
1033.38,891.42,710.59,569.99,470.98,480.46,470.91,518.9,616.03,731.96,846.86,885.25
868.64,693.74,557.24,463.34,477.44,472.15,521.21,618.37,732.13,841.75,879.63,873.1
553.53,461.21,394.01,440.28,461.01,530.11,628.76,738.35,832.41,839.21,831.96,844.78
512.2,431.02,470.0,479.15,537.89,627.9,735.08,828.56,839.31,843.78,858.25,778.78
502.58,516.24,500.18,543.24,621.61,719.64,811.89,832.54,856.24,879.77,799.93,631.82
490.99,484.38,540.77,624.6,726.46,822.03,843.55,860.54,872.33,791.34,623.0,386.11
499.33,548.27,622.37,721.26,815.38,836.17,853.38,870.95,798.59,629.51,391.9,257.44
607.0,663.02,751.62,832.39,842.2,850.65,867.58,796.27,632.77,408.89,274.64,196.08
860.34,884.27,923.99,888.84,861.49,851.89,777.21,623.43,427.14,332.52,256.13,278.76
809.8,873.64,871.41,860.37,863.49,801.05,649.6,439.75,319.18,234.68,257.61,332.66
792.02,816.84,828.27,849.38,800.78,660.58,451.4,324.46,225.27,233.52,309.29,454.42
767.68,793.02,808.67,772.1,642.67,440.04,313.81,221.97,237.81,296.55,439.6,685.46
624.48,695.13,695.38,604.16,431.97,328.94,239.92,246.91,281.16,390.77,635.18,764.84
698.52,698.41,599.89,426.61,322.3,231.41,236.32,275.13,392.92,634.98,766.05,829.96
758.18,641.7,460.05,341.9,239.45,235.51,273.07,390.53,636.45,782.03,846.96,789.69
674.54,481.96,357.88,247.82,238.0,271.46,389.12,636.03,784.71,857.07,799.61,673.2
575.09,421.24,294.69,263.66,279.99,384.92,630.58,781.57,863.48,826.48,701.0,634.5
338.27,239.95,236.48,271.44,390.71,647.87,801.04,872.28,813.63,676.52,609.38,549.85
129.39,159.16,206.83,351.27,629.46,798.59,871.07,815.2,674.5,579.26,518.74,534.52
105.67,173.16,338.66,628.43,805.7,884.72,828.72,679.33,568.34,501.37,518.53,564.5
116.69,298.62,594.88,785.03,875.15,828.03,679.57,570.2,501.34,503.53,548.69,610.81
301.56,605.28,834.24,922.34,869.95,718.92,609.45,513.8,477.92,543.08,608.54,660.62
486.34,755.61,875.11,849.49,718.93,625.08,530.82,484.93,527.86,571.98,623.73,655.68
610.55,776.04,777.6,680.19,612.96,538.97,494.96,533.79,562.02,582.13,612.87,667.31
729.59,745.72,649.44,593.04,527.91,489.47,528.14,559.7,582.18,599.7,653.55,688.77
