144.67,140.54,136.41,132.28,128.15,124.02,119.89,115.76,111.63,107.51,103.38,99.25,
168.48,165.61,162.74,159.87,156.99,154.12,151.25,148.38,145.51,142.63,139.76,136.89,
171.17,168.09,165.0,161.92,158.83,155.74,152.66,149.57,146.49,143.4,140.32,137.23,
183.2,180.93,178.66,176.39,174.13,171.86,169.59,167.33,165.06,162.79,160.53,158.26,
198.07,196.46,194.85,193.24,191.64,190.03,188.42,186.81,185.2,183.59,181.98,180.38,
209.63,208.34,207.05,205.75,204.46,203.17,201.88,200.58,199.29,198.0,196.71,195.41,
223.36,222.56,221.77,220.97,220.18,219.39,218.59,217.8,217.0,216.21,215.41,214.62,
239.15,239.57,239.99,240.4,240.82,241.24,241.66,242.08,242.5,242.91,243.33,243.75,
236.62,237.24,237.86,238.48,239.1,239.72,240.34,240.97,241.59,242.21,242.83,243.45,
242.39,243.53,244.68,245.82,246.96,248.11,249.25,250.4,251.54,252.68,253.83,254.97,
236.18,237.38,238.57,239.77,240.96,242.16,243.35,244.55,245.74,246.94,248.13,249.33,
241.63,243.57,245.5,247.43,249.37,251.3,253.23,255.16,257.1,259.03,260.96,262.9,
236.97,238.83,240.7,242.57,244.44,246.31,248.18,250.05,251.92,253.78,255.65,257.52,
228.55,230.59,232.62,234.66,236.69,238.73,240.77,242.8,244.84,246.87,248.91,250.94,
214.6,216.34,218.07,219.81,221.55,223.29,225.02,226.76,228.5,230.24,231.97,233.71,
208.0,210.19,212.39,214.58,216.77,218.97,221.16,223.35,225.55,227.74,229.94,232.13,
216.28,219.39,222.51,225.62,228.73,231.85,234.96,238.08,241.19,244.31,247.42,250.54,
210.07,212.59,215.11,217.63,220.15,222.67,225.19,227.71,230.23,232.75,235.27,237.8,
197.17,198.73,200.29,201.85,203.41,204.97,206.53,208.09,209.65,211.21,212.77,214.33,
162.11,161.43,160.75,160.07,159.39,158.71,158.03,157.35,156.67,155.99,155.31,154.63,
128.46,125.61,122.76,119.9,117.05,114.2,111.35,108.5,105.64,102.79,99.94,97.09,
98.34,93.59,88.84,84.09,79.34,74.59,69.83,65.08,60.33,55.58,50.83,46.07,
69.56,62.91,56.26,49.61,42.96,36.3,29.65,23.0,16.35,9.7,3.04,0.0,
44.51,36.07,27.62,19.18,10.74,2.3,0.0,0.0,0.0,0.0,0.0,0.0,
27.63,17.82,8.01,0.0,0.0,0.0,0.0,0.0,0.0,0.0,0.0,0.0,
40.85,31.92,22.98,14.05,5.11,0.0,0.0,0.0,0.0,0.0,0.0,0.0,
45.59,36.85,28.11,19.38,10.64,1.9,0.0,0.0,0.0,0.0,0.0,0.0,
58.3,50.94,43.58,36.23,28.87,21.51,14.16,6.8,0.0,0.0,0.0,0.0,
65.82,58.81,51.81,44.81,37.81,30.81,23.81,16.81,9.81,2.81,0.0,0.0,
94.53,89.04,83.54,78.05,72.56,67.06,61.57,56.08,50.59,45.09,39.6,34.11,
99.75,94.74,89.74,84.73,79.72,74.72,69.71,64.71,59.7,54.7,49.69,44.69,
122.28,119.0,115.73,112.46,109.19,105.91,102.64,99.37,96.1,92.82,89.55,86.28,
143.82,141.98,140.14,138.3,136.46,134.62,132.78,130.94,129.1,127.26,125.42,123.58,
133.36,131.34,129.32,127.3,125.28,123.26,121.24,119.22,117.2,115.18,113.16,111.14,
125.63,123.82,122.01,120.21,118.4,116.59,114.78,112.97,111.16,109.35,107.55,105.74,
120.92,119.54,118.16,116.77,115.39,114.01,112.63,111.25,109.87,108.49,107.1,105.72,
132.62,132.53,132.44,132.35,132.26,132.18,132.09,132.0,131.91,131.82,131.73,131.64,
149.49,150.71,151.92,153.14,154.35,155.57,156.78,158.0,159.21,160.43,161.64,162.86,
150.23,151.58,152.93,154.27,155.62,156.97,158.32,159.67,161.02,162.36,163.71,165.06,
151.06,152.78,154.51,156.23,157.95,159.68,161.4,163.13,164.85,166.57,168.3,170.02,
135.49,136.45,137.41,138.36,139.32,140.28,141.23,142.19,143.15,144.1,145.06,146.02,
123.77,124.36,124.94,125.53,126.12,126.71,127.29,127.88,128.47,129.06,129.64,130.23,
112.41,112.57,112.73,112.88,113.04,113.19,113.35,113.5,113.66,113.82,113.97,114.13,
96.0,95.16,94.32,93.48,92.65,91.81,90.97,90.13,89.29,88.45,87.61,86.77,
75.66,73.57,71.48,69.39,67.31,65.22,63.13,61.05,58.96,56.87,54.79,52.7,
54.05,50.59,47.13,43.67,40.21,36.75,33.29,29.83,26.37,22.91,19.45,15.99,
52.14,48.73,45.32,41.91,38.5,35.09,31.68,28.26,24.85,21.44,18.03,14.62,
65.59,63.04,60.5,57.96,55.41,52.87,50.33,47.79,45.24,42.7,40.16,37.62,
70.76,68.55,66.34,64.13,61.92,59.71,57.5,55.29,53.09,50.88,48.67,46.46,
67.7,64.99,62.29,59.58,56.87,54.16,51.46,48.75,46.04,43.33,40.63,37.92,
73.75,71.0,68.25,65.5,62.76,60.01,57.26,54.51,51.77,49.02,46.27,43.52,
89.82,87.52,85.23,82.94,80.65,78.36,76.07,73.78,71.48,69.19,66.9,64.61,
98.83,96.69,94.55,92.41,90.27,88.13,85.99,83.85,81.71,79.57,77.43,75.29,
104.07,102.01,99.95,97.89,95.83,93.77,91.71,89.65,87.59,85.53,83.47,81.41,
128.9,128.05,127.21,126.36,125.52,124.67,123.82,122.98,122.13,121.29,120.44,119.6,
145.17,145.44,145.71,145.98,146.25,146.52,146.79,147.06,147.33,147.6,147.86,148.13,
154.85,155.85,156.85,157.85,158.86,159.86,160.86,161.86,162.86,163.86,164.86,165.86,
145.06,145.62,146.18,146.75,147.31,147.87,148.43,149.0,149.56,150.12,150.69,151.25,
141.77,142.49,143.2,143.92,144.64,145.35,146.07,146.78,147.5,148.22,148.93,149.65,
143.29,144.88,146.46,148.05,149.64,151.23,152.82,154.41,155.99,157.58,159.17,160.76,
161.31,163.98,166.64,169.31,171.97,174.64,177.3,179.97,182.63,185.3,187.96,190.63,
179.47,183.42,187.36,191.3,195.25,199.19,203.14,207.08,211.03,214.97,218.92,222.86,
189.52,194.45,199.39,204.33,209.26,214.2,219.14,224.07,229.01,233.95,238.88,243.82,
178.41,182.57,186.73,190.88,195.04,199.19,203.35,207.5,211.66,215.82,219.97,224.13,
155.56,158.27,160.97,163.67,166.38,169.08,171.78,174.48,177.19,179.89,182.59,185.3,
134.11,135.43,136.75,138.07,139.39,140.71,142.03,143.35,144.67,145.99,147.31,148.63,
121.36,122.05,122.74,123.43,124.11,124.8,125.49,126.18,126.87,127.56,128.25,128.94,
134.37,135.92,137.47,139.02,140.57,142.12,143.67,145.22,146.77,148.32,149.87,151.42,
152.37,154.82,157.28,159.73,162.18,164.64,167.09,169.54,172.0,174.45,176.91,179.36,
193.26,197.58,201.9,206.22,210.54,214.86,219.17,223.49,227.81,232.13,236.45,240.76,
207.86,212.5,217.13,221.77,226.41,231.04,235.68,240.32,244.95,249.59,254.22,258.86,
239.72,245.45,251.17,256.9,262.62,268.34,274.07,279.79,285.52,291.24,296.97,302.69,
374.55,386.33,398.11,409.88,421.66,433.44,445.22,456.99,468.77,480.55,492.33,504.1,
440.3,454.68,469.07,483.45,497.84,512.22,526.61,540.99,555.38,569.76,584.15,598.53,
440.67,454.34,468.02,481.7,495.38,509.05,522.73,536.41,550.09,563.76,577.44,591.12,
442.69,455.7,468.71,481.73,494.74,507.75,520.76,533.78,546.79,559.8,572.81,585.82,
425.98,437.61,449.24,460.88,472.51,484.14,495.77,507.41,519.04,530.67,542.31,553.94,
424.99,436.32,447.65,458.99,470.32,481.65,492.98,504.32,515.65,526.98,538.31,549.65,
424.3,435.2,446.1,457.0,467.9,478.8,489.7,500.61,511.51,522.41,533.31,544.21,
419.1,429.37,439.63,449.9,460.16,470.43,480.69,490.96,501.22,511.49,521.75,532.02,
434.09,444.92,455.74,466.56,477.38,488.21,499.03,509.85,520.68,531.5,542.32,553.15,
428.32,438.94,449.57,460.19,470.81,481.44,492.06,502.68,513.31,523.93,534.55,545.17,
418.09,428.14,438.19,448.24,458.29,468.34,478.39,488.43,498.48,508.53,518.58,528.63,
409.2,418.61,428.02,437.43,446.84,456.25,465.66,475.07,484.48,493.89,503.3,512.71,
388.92,397.54,406.16,414.77,423.39,432.01,440.63,449.25,457.87,466.49,475.1,483.72,
359.54,366.59,373.63,380.68,387.72,394.77,401.81,408.86,415.91,422.95,430.0,437.04,
321.59,326.53,331.47,336.41,341.35,346.29,351.23,356.17,361.11,366.06,371.0,375.94,
277.98,280.19,282.4,284.62,286.83,289.04,291.26,293.47,295.69,297.9,300.11,302.33,
234.64,234.15,233.65,233.16,232.66,232.16,231.67,231.17,230.67,230.18,229.68,229.19,
189.24,185.77,182.3,178.84,175.37,171.9,168.43,164.96,161.49,158.03,154.56,151.09,
171.82,167.43,163.04,158.65,154.26,149.88,145.49,141.1,136.71,132.32,127.93,123.55,
165.51,160.65,155.79,150.93,146.07,141.21,136.35,131.49,126.63,121.77,116.91,112.05,
149.1,143.01,136.92,130.83,124.74,118.65,112.56,106.47,100.38,94.29,88.2,82.11,
153.21,146.74,140.27,133.8,127.32,120.85,114.38,107.91,101.44,94.97,88.5,82.03,
116.76,107.68,98.6,89.52,80.44,71.36,62.28,53.2,44.12,35.04,25.96,16.88,
102.89,92.31,81.73,71.15,60.58,50.0,39.42,28.84,18.27,7.69,0.0,0.0,
66.48,53.32,40.16,27.0,13.83,0.67,0.0,0.0,0.0,0.0,0.0,0.0,
55.02,40.97,26.92,12.87,0.0,0.0,0.0,0.0,0.0,0.0,0.0,0.0,
41.56,26.75,11.94,0.0,0.0,0.0,0.0,0.0,0.0,0.0,0.0,0.0,
53.83,40.17,26.52,12.86,0.0,0.0,0.0,0.0,0.0,0.0,0.0,0.0,
54.3,40.78,27.26,13.74,0.23,0.0,0.0,0.0,0.0,0.0,0.0,0.0,
60.82,48.23,35.65,23.07,10.49,0.0,0.0,0.0,0.0,0.0,0.0,0.0,
143.1,137.79,132.47,127.16,121.84,116.52,111.21,105.89,100.58,95.26,89.94,84.63,
196.49,195.61,194.73,193.85,192.97,192.08,191.2,190.32,189.44,188.56,187.67,186.79,
211.36,211.63,211.9,212.17,212.44,212.71,212.98,213.25,213.52,213.79,214.06,214.33,
225.05,226.52,228.0,229.47,230.95,232.43,233.9,235.38,236.85,238.33,239.81,241.28,
246.67,249.22,251.76,254.31,256.86,259.41,261.96,264.51,267.05,269.6,272.15,274.7,
244.4,247.08,249.77,252.45,255.13,257.81,260.49,263.18,265.86,268.54,271.22,273.9,
235.91,238.54,241.16,243.79,246.42,249.05,251.68,254.31,256.94,259.56,262.19,264.82,
220.13,222.27,224.42,226.57,228.72,230.87,233.01,235.16,237.31,239.46,241.61,243.75,
213.56,216.1,218.65,221.19,223.73,226.27,228.81,231.36,233.9,236.44,238.98,241.52,
196.98,198.84,200.69,202.55,204.41,206.27,208.13,209.99,211.85,213.71,215.56,217.42,
179.56,180.69,181.81,182.93,184.05,185.18,186.3,187.42,188.54,189.66,190.79,191.91,
164.26,164.87,165.48,166.09,166.7,167.31,167.92,168.52,169.13,169.74,170.35,170.96,
139.45,138.61,137.76,136.92,136.08,135.24,134.4,133.55,132.71,131.87,131.03,130.19,
132.31,130.81,129.32,127.82,126.33,124.83,123.33,121.84,120.34,118.85,117.35,115.85,
132.87,130.92,128.96,127.01,125.06,123.1,121.15,119.19,117.24,115.28,113.33,111.38,
139.25,137.13,135.01,132.88,130.76,128.64,126.51,124.39,122.27,120.14,118.02,115.89,
135.77,132.97,130.17,127.37,124.57,121.77,118.97,116.17,113.37,110.57,107.77,104.97,
120.91,116.89,112.87,108.86,104.84,100.82,96.81,92.79,88.77,84.76,80.74,76.72,
109.54,104.78,100.02,95.26,90.5,85.74,80.98,76.21,71.45,66.69,61.93,57.17,
141.13,138.02,134.91,131.8,128.69,125.58,122.47,119.36,116.25,113.14,110.03,106.92,
171.93,170.31,168.7,167.08,165.46,163.84,162.23,160.61,158.99,157.37,155.76,154.14,
190.39,190.24,190.1,189.95,189.8,189.66,189.51,189.36,189.22,189.07,188.92,188.78,
183.36,182.63,181.9,181.17,180.44,179.71,178.98,178.25,177.52,176.79,176.06,175.33,
196.41,196.63,196.85,197.07,197.29,197.52,197.74,197.96,198.18,198.4,198.62,198.84,
240.71,242.87,245.02,247.17,249.33,251.48,253.63,255.79,257.94,260.09,262.25,264.4,
270.14,273.82,277.51,281.2,284.88,288.57,292.26,295.94,299.63,303.31,307.0,310.69,
296.05,300.91,305.77,310.64,315.5,320.36,325.23,330.09,334.95,339.81,344.68,349.54,
304.92,310.38,315.83,321.29,326.75,332.21,337.66,343.12,348.58,354.03,359.49,364.95,
295.06,300.14,305.22,310.29,315.37,320.45,325.53,330.61,335.69,340.77,345.85,350.93,
293.75,298.74,303.74,308.73,313.72,318.72,323.71,328.71,333.7,338.7,343.69,348.69,
279.93,284.64,289.34,294.05,298.75,303.46,308.16,312.87,317.57,322.28,326.98,331.69,
263.31,267.59,271.87,276.14,280.42,284.7,288.98,293.26,297.54,301.81,306.09,310.37,
243.61,247.11,250.61,254.11,257.62,261.12,264.62,268.12,271.62,275.12,278.63,282.13,
224.62,227.31,229.99,232.68,235.36,238.05,240.73,243.42,246.1,248.79,251.47,254.16,
217.24,220.16,223.08,226.0,228.92,231.84,234.75,237.67,240.59,243.51,246.43,249.35,
202.02,204.13,206.24,208.35,210.46,212.57,214.68,216.79,218.9,221.0,223.11,225.22,
174.21,174.67,175.14,175.6,176.07,176.53,177.0,177.46,177.93,178.39,178.86,179.32,
172.53,172.46,172.38,172.31,172.24,172.16,172.09,172.01,171.94,171.87,171.79,171.72,
156.74,155.39,154.03,152.68,151.33,149.98,148.63,147.28,145.93,144.58,143.23,141.88,
154.18,152.22,150.25,148.28,146.32,144.35,142.38,140.42,138.45,136.48,134.52,132.55,
152.11,149.5,146.88,144.27,141.65,139.03,136.42,133.8,131.19,128.57,125.95,123.34,
139.66,135.83,132.0,128.17,124.34,120.51,116.68,112.85,109.03,105.2,101.37,97.54,
123.22,117.96,112.71,107.45,102.2,96.94,91.69,86.44,81.18,75.93,70.67,65.42,
121.24,115.71,110.18,104.64,99.11,93.58,88.04,82.51,76.98,71.45,65.91,60.38,
169.4,166.31,163.22,160.13,157.03,153.94,150.85,147.76,144.66,141.57,138.48,135.39,
177.77,175.33,172.88,170.44,167.99,165.55,163.1,160.66,158.21,155.77,153.32,150.88,
186.07,184.07,182.08,180.08,178.09,176.09,174.1,172.1,170.1,168.11,166.11,164.12,
212.21,211.25,210.3,209.34,208.39,207.43,206.48,205.53,204.57,203.62,202.66,201.71,
230.8,230.43,230.05,229.67,229.29,228.91,228.54,228.16,227.78,227.4,227.02,226.64,
256.6,258.01,259.43,260.84,262.26,263.67,265.09,266.5,267.92,269.33,270.75,272.16,
270.94,273.67,276.4,279.12,281.85,284.58,287.31,290.03,292.76,295.49,298.22,300.94,
267.95,270.57,273.2,275.82,278.44,281.06,283.68,286.3,288.92,291.54,294.16,296.78,
272.83,275.53,278.22,280.92,283.62,286.32,289.02,291.72,294.42,297.11,299.81,302.51,
252.02,253.74,255.47,257.19,258.91,260.63,262.35,264.08,265.8,267.52,269.24,270.96,
255.93,258.96,261.99,265.01,268.04,271.07,274.1,277.13,280.15,283.18,286.21,289.24,
246.85,250.11,253.37,256.63,259.89,263.15,266.41,269.66,272.92,276.18,279.44,282.7,
241.13,244.86,248.58,252.31,256.04,259.77,263.5,267.23,270.96,274.68,278.41,282.14,
224.99,228.19,231.4,234.6,237.8,241.01,244.21,247.41,250.62,253.82,257.02,260.23,
199.61,201.43,203.26,205.08,206.91,208.73,210.55,212.38,214.2,216.03,217.85,219.68,
180.94,181.99,183.04,184.09,185.14,186.19,187.24,188.29,189.34,190.39,191.44,192.49,
151.89,151.15,150.41,149.67,148.93,148.19,147.45,146.71,145.98,145.24,144.5,143.76,
126.23,123.77,121.31,118.86,116.4,113.94,111.48,109.02,106.56,104.11,101.65,99.19,
105.7,101.77,97.83,93.9,89.97,86.03,82.1,78.17,74.24,70.3,66.37,62.44,
114.76,110.81,106.86,102.91,98.95,95.0,91.05,87.1,83.15,79.2,75.25,71.3,
116.55,112.2,107.85,103.5,99.15,94.79,90.44,86.09,81.74,77.39,73.04,68.69,
110.3,105.26,100.23,95.2,90.16,85.13,80.09,75.06,70.02,64.99,59.95,54.92,
178.74,176.42,174.1,171.78,169.46,167.14,164.83,162.51,160.19,157.87,155.55,153.24,
179.24,177.0,174.76,172.51,170.27,168.03,165.79,163.54,161.3,159.06,156.82,154.57,
191.93,190.06,188.18,186.3,184.43,182.55,180.68,178.8,176.93,175.05,173.18,171.3,
197.2,195.64,194.08,192.52,190.97,189.41,187.85,186.29,184.74,183.18,181.62,180.07,
207.86,206.95,206.04,205.13,204.21,203.3,202.39,201.48,200.57,199.65,198.74,197.83,
219.31,218.88,218.45,218.02,217.58,217.15,216.72,216.29,215.86,215.43,214.99,214.56,
231.13,231.11,231.1,231.09,231.07,231.06,231.05,231.03,231.02,231.01,230.99,230.98,
224.78,224.42,224.07,223.71,223.35,222.99,222.63,222.27,221.92,221.56,221.2,220.84,
240.25,241.71,243.17,244.62,246.08,247.54,249.0,250.45,251.91,253.37,254.82,256.28,
228.87,229.85,230.84,231.82,232.8,233.78,234.76,235.74,236.72,237.7,238.68,239.67,
223.2,224.09,224.98,225.88,226.77,227.67,228.56,229.46,230.35,231.24,232.14,233.03,
227.66,229.57,231.48,233.39,235.31,237.22,239.13,241.05,242.96,244.87,246.79,248.7,
228.25,230.94,233.62,236.3,238.98,241.67,244.35,247.03,249.72,252.4,255.08,257.77,
221.31,224.17,227.03,229.89,232.75,235.6,238.46,241.32,244.18,247.04,249.9,252.76,
206.34,208.69,211.03,213.38,215.72,218.07,220.41,222.76,225.1,227.45,229.79,232.14,
189.89,191.53,193.18,194.83,196.48,198.13,199.78,201.42,203.07,204.72,206.37,208.02,
178.55,180.07,181.59,183.11,184.63,186.15,187.67,189.19,190.71,192.23,193.75,195.27,
160.97,161.35,161.74,162.12,162.51,162.89,163.27,163.66,164.04,164.43,164.81,165.2,
134.05,132.84,131.64,130.44,129.24,128.04,126.84,125.64,124.44,123.23,122.03,120.83,
107.33,104.43,101.53,98.62,95.72,92.82,89.91,87.01,84.11,81.2,78.3,75.4,
78.02,73.29,68.56,63.83,59.1,54.37,49.64,44.92,40.19,35.46,30.73,26.0,
49.52,42.97,36.42,29.88,23.33,16.78,10.23,3.69,0.0,0.0,0.0,0.0,
44.34,37.08,29.81,22.54,15.27,8.0,0.74,0.0,0.0,0.0,0.0,0.0,
20.6,11.69,2.78,0.0,0.0,0.0,0.0,0.0,0.0,0.0,0.0,0.0,
4.51,0.0,0.0,0.0,0.0,0.0,0.0,0.0,0.0,0.0,0.0,0.0,
0.0,0.0,0.0,0.0,0.0,0.0,0.0,0.0,0.0,0.0,0.0,0.0,
13.33,2.95,0.0,0.0,0.0,0.0,0.0,0.0,0.0,0.0,0.0,0.0,
42.74,34.22,25.71,17.2,8.69,0.18,0.0,0.0,0.0,0.0,0.0,0.0,
58.46,51.03,43.59,36.16,28.73,21.3,13.86,6.43,0.0,0.0,0.0,0.0,
66.57,59.62,52.67,45.72,38.77,31.81,24.86,17.91,10.96,4.01,0.0,0.0,
120.02,117.74,115.47,113.19,110.91,108.63,106.35,104.08,101.8,99.52,97.24,94.96,
131.33,129.78,128.24,126.69,125.14,123.59,122.04,120.49,118.95,117.4,115.85,114.3,
148.94,148.9,148.85,148.8,148.76,148.71,148.66,148.62,148.57,148.52,148.48,148.43,
139.03,138.84,138.65,138.46,138.27,138.08,137.89,137.7,137.5,137.31,137.12,136.93,
131.59,131.49,131.4,131.31,131.22,131.13,131.04,130.95,130.86,130.77,130.67,130.58,
130.28,130.75,131.21,131.68,132.15,132.62,133.09,133.56,134.03,134.5,134.97,135.44,
140.51,142.19,143.88,145.57,147.26,148.95,150.64,152.33,154.01,155.7,157.39,159.08,
150.83,153.27,155.71,158.15,160.59,163.03,165.47,167.91,170.35,172.79,175.23,177.67,
159.95,163.03,166.1,169.17,172.24,175.32,178.39,181.46,184.53,187.6,190.68,193.75,
169.54,173.1,176.66,180.23,183.79,187.35,190.91,194.47,198.03,201.6,205.16,208.72,
168.18,171.77,175.35,178.93,182.51,186.09,189.67,193.26,196.84,200.42,204.0,207.58,
155.63,158.6,161.56,164.53,167.49,170.46,173.43,176.39,179.36,182.32,185.29,188.25,
140.16,142.28,144.4,146.51,148.63,150.75,152.87,154.99,157.1,159.22,161.34,163.46,
122.97,124.06,125.15,126.25,127.34,128.44,129.53,130.63,131.72,132.82,133.91,135.01,
103.24,103.13,103.01,102.9,102.79,102.67,102.56,102.45,102.33,102.22,102.11,101.99,
83.72,82.42,81.11,79.8,78.49,77.18,75.88,74.57,73.26,71.95,70.64,69.33,
65.61,63.11,60.61,58.11,55.62,53.12,50.62,48.12,45.62,43.12,40.63,38.13,
55.84,52.75,49.67,46.58,43.5,40.41,37.33,34.24,31.15,28.07,24.98,21.9,
57.06,53.68,50.31,46.94,43.57,40.19,36.82,33.45,30.08,26.7,23.33,19.96,
42.57,38.2,33.83,29.46,25.09,20.72,16.35,11.97,7.6,3.23,0.0,0.0,
47.75,43.26,38.77,34.28,29.79,25.3,20.81,16.32,11.83,7.34,2.85,0.0,
50.87,46.18,41.48,36.78,32.09,27.39,22.7,18.0,13.3,8.61,3.91,0.0,
59.26,55.2,51.13,47.06,42.99,38.92,34.85,30.78,26.71,22.64,18.57,14.51,
65.03,61.04,57.04,53.04,49.04,45.05,41.05,37.05,33.05,29.05,25.06,21.06,
103.59,101.43,99.27,97.12,94.96,92.81,90.65,88.5,86.34,84.18,82.03,79.87,
115.89,114.5,113.12,111.73,110.35,108.97,107.58,106.2,104.81,103.43,102.05,100.66,
128.94,128.77,128.59,128.42,128.24,128.06,127.89,127.71,127.54,127.36,127.19,127.01,
131.91,132.5,133.1,133.7,134.29,134.89,135.49,136.08,136.68,137.27,137.87,138.47,
133.52,134.58,135.65,136.71,137.78,138.85,139.91,140.98,142.04,143.11,144.17,145.24,
128.16,129.31,130.46,131.61,132.76,133.91,135.06,136.21,137.36,138.51,139.66,140.81,
142.25,144.48,146.72,148.95,151.18,153.41,155.64,157.87,160.1,162.34,164.57,166.8,
155.43,158.64,161.85,165.06,168.27,171.48,174.69,177.9,181.11,184.32,187.53,190.74,
150.8,154.04,157.27,160.51,163.74,166.98,170.21,173.45,176.68,179.92,183.15,186.39,
140.78,143.26,145.74,148.22,150.7,153.18,155.66,158.15,160.63,163.11,165.59,168.07,
121.68,122.93,124.17,125.42,126.67,127.92,129.17,130.41,131.66,132.91,134.16,135.41,
103.31,103.39,103.48,103.56,103.65,103.73,103.82,103.9,103.99,104.07,104.16,104.24,
90.76,90.16,89.57,88.97,88.37,87.78,87.18,86.59,85.99,85.39,84.8,84.2,
83.77,83.0,82.24,81.47,80.7,79.93,79.16,78.4,77.63,76.86,76.09,75.33,
92.34,92.17,92.0,91.83,91.66,91.49,91.32,91.15,90.97,90.8,90.63,90.46,
177.93,182.18,186.44,190.69,194.95,199.2,203.45,207.71,211.96,216.21,220.47,224.72,
201.38,206.69,212.01,217.32,222.64,227.95,233.27,238.58,243.9,249.21,254.53,259.84,
207.56,212.85,218.13,223.41,228.7,233.98,239.27,244.55,249.83,255.12,260.4,265.68,
223.63,229.31,234.98,240.66,246.33,252.01,257.68,263.36,269.03,274.71,280.38,286.06,
230.97,236.58,242.19,247.8,253.41,259.02,264.63,270.24,275.85,281.46,287.07,292.68,
261.17,267.76,274.36,280.95,287.54,294.13,300.72,307.31,313.91,320.5,327.09,333.68,
265.61,271.89,278.16,284.44,290.71,296.99,303.26,309.54,315.82,322.09,328.37,334.64,
280.25,286.74,293.23,299.72,306.21,312.7,319.19,325.68,332.17,338.66,345.15,351.64,
285.43,291.73,298.04,304.35,310.65,316.96,323.27,329.57,335.88,342.19,348.5,354.8,
317.77,325.58,333.4,341.21,349.02,356.84,364.65,372.46,380.28,388.09,395.9,403.71,
316.76,324.03,331.31,338.58,345.86,353.13,360.41,367.68,374.96,382.23,389.51,396.78,
340.67,349.12,357.57,366.02,374.47,382.92,391.38,399.83,408.28,416.73,425.18,433.63,
380.0,390.32,400.65,410.97,421.29,431.61,441.94,452.26,462.58,472.9,483.23,493.55,
381.52,391.68,401.84,412.0,422.17,432.33,442.49,452.65,462.82,472.98,483.14,493.3,
359.22,368.22,377.23,386.23,395.23,404.24,413.24,422.24,431.25,440.25,449.25,458.26,
354.0,363.42,372.84,382.26,391.68,401.1,410.52,419.94,429.35,438.77,448.19,457.61,
329.68,337.89,346.11,354.33,362.54,370.76,378.97,387.19,395.4,403.62,411.84,420.05,
302.11,308.79,315.46,322.14,328.81,335.49,342.16,348.83,355.51,362.18,368.86,375.53,
268.69,273.25,277.81,282.37,286.93,291.49,296.05,300.61,305.17,309.74,314.3,318.86,
234.21,236.67,239.14,241.6,244.07,246.53,249.0,251.46,253.93,256.39,258.86,261.32,
196.46,196.51,196.56,196.61,196.66,196.72,196.77,196.82,196.87,196.92,196.97,197.02,
169.68,168.28,166.88,165.49,164.09,162.69,161.3,159.9,158.5,157.1,155.71,154.31,
143.79,141.01,138.22,135.43,132.64,129.86,127.07,124.28,121.49,118.71,115.92,113.13,
145.98,142.77,139.57,136.36,133.15,129.95,126.74,123.54,120.33,117.12,113.92,110.71,
250.64,252.08,253.52,254.96,256.4,257.84,259.28,260.72,262.16,263.6,265.04,266.48,
252.14,252.92,253.7,254.49,255.27,256.05,256.84,257.62,258.4,259.19,259.97,260.75,
229.89,228.82,227.76,226.7,225.64,224.58,223.52,222.46,221.4,220.33,219.27,218.21,
227.06,225.1,223.15,221.2,219.24,217.29,215.34,213.38,211.43,209.48,207.52,205.57,
228.62,225.95,223.28,220.61,217.94,215.27,212.6,209.93,207.26,204.59,201.92,199.25,
230.32,227.27,224.21,221.16,218.1,215.05,211.99,208.94,205.89,202.83,199.78,196.72,
251.63,250.98,250.34,249.69,249.04,248.4,247.75,247.1,246.45,245.81,245.16,244.51,
252.9,252.44,251.98,251.52,251.06,250.61,250.15,249.69,249.23,248.77,248.31,247.86,
247.29,246.42,245.56,244.7,243.83,242.97,242.11,241.25,240.38,239.52,238.66,237.79,
256.16,255.89,255.62,255.35,255.08,254.81,254.55,254.28,254.01,253.74,253.47,253.2,
273.43,273.99,274.56,275.12,275.69,276.25,276.82,277.38,277.95,278.51,279.08,279.64,
293.1,295.24,297.37,299.51,301.65,303.78,305.92,308.05,310.19,312.32,314.46,316.6,
301.24,303.84,306.43,309.03,311.63,314.22,316.82,319.41,322.01,324.61,327.2,329.8,
312.39,315.86,319.32,322.79,326.26,329.72,333.19,336.65,340.12,343.59,347.05,350.52,
300.21,303.19,306.17,309.15,312.13,315.11,318.09,321.07,324.06,327.04,330.02,333.0,
292.02,295.23,298.43,301.64,304.85,308.05,311.26,314.46,317.67,320.88,324.08,327.29,
264.41,266.38,268.34,270.3,272.26,274.22,276.19,278.15,280.11,282.07,284.04,286.0,
255.95,257.99,260.03,262.07,264.11,266.15,268.19,270.23,272.27,274.31,276.35,278.39,
248.39,251.02,253.65,256.27,258.9,261.53,264.15,266.78,269.41,272.04,274.66,277.29,
227.95,229.8,231.65,233.49,235.34,237.19,239.03,240.88,242.73,244.57,246.42,248.27,
194.53,194.33,194.12,193.92,193.72,193.52,193.31,193.11,192.91,192.71,192.5,192.3,
160.11,157.82,155.53,153.23,150.94,148.65,146.35,144.06,141.77,139.47,137.18,134.88,
125.84,121.33,116.83,112.32,107.82,103.31,98.81,94.3,89.8,85.29,80.79,76.28,
123.56,118.4,113.23,108.06,102.89,97.72,92.56,87.39,82.22,77.05,71.88,66.72,
130.3,124.88,119.46,114.03,108.61,103.19,97.77,92.35,86.93,81.5,76.08,70.66,
136.02,130.2,124.37,118.54,112.72,106.89,101.06,95.24,89.41,83.58,77.76,71.93,
107.26,99.32,91.38,83.44,75.5,67.56,59.62,51.68,43.74,35.8,27.87,19.93,
87.08,77.46,67.84,58.23,48.61,38.99,29.37,19.75,10.13,0.51,0.0,0.0,
74.36,63.4,52.45,41.49,30.53,19.58,8.62,0.0,0.0,0.0,0.0,0.0,
95.84,86.08,76.31,66.55,56.79,47.02,37.26,27.5,17.73,7.97,0.0,0.0,
159.28,155.26,151.25,147.23,143.22,139.2,135.19,131.17,127.16,123.15,119.13,115.12,
162.6,159.21,155.81,152.42,149.03,145.64,142.25,138.86,135.47,132.07,128.68,125.29,
183.46,181.03,178.59,176.16,173.73,171.3,168.86,166.43,164.0,161.57,159.13,156.7,
208.78,208.0,207.23,206.45,205.67,204.89,204.12,203.34,202.56,201.78,201.01,200.23,
239.18,240.48,241.77,243.06,244.35,245.64,246.93,248.22,249.52,250.81,252.1,253.39,
260.32,263.11,265.89,268.67,271.46,274.24,277.03,279.81,282.6,285.38,288.16,290.95,
272.17,275.51,278.84,282.17,285.51,288.84,292.17,295.51,298.84,302.18,305.51,308.84,
264.94,268.02,271.11,274.19,277.27,280.35,283.44,286.52,289.6,292.68,295.77,298.85,
245.67,247.89,250.12,252.34,254.57,256.8,259.02,261.25,263.47,265.7,267.92,270.15,
226.71,228.32,229.92,231.53,233.13,234.74,236.34,237.95,239.55,241.16,242.76,244.37,
218.98,220.84,222.69,224.55,226.41,228.27,230.13,231.99,233.85,235.71,237.56,239.42,
206.44,208.09,209.74,211.39,213.04,214.7,216.35,218.0,219.65,221.3,222.96,224.61,
207.83,209.98,212.13,214.28,216.43,218.58,220.73,222.88,225.03,227.18,229.33,231.48,
194.39,196.28,198.16,200.05,201.93,203.82,205.7,207.59,209.47,211.36,213.25,215.13,
185.92,187.34,188.77,190.19,191.62,193.04,194.47,195.89,197.32,198.74,200.17,201.59,
158.64,158.5,158.36,158.22,158.08,157.94,157.8,157.65,157.51,157.37,157.23,157.09,
132.17,130.28,128.39,126.5,124.6,122.71,120.82,118.93,117.04,115.14,113.25,111.36,
130.71,128.51,126.31,124.11,121.91,119.71,117.5,115.3,113.1,110.9,108.7,106.5,
137.34,134.95,132.55,130.15,127.76,125.36,122.96,120.57,118.17,115.77,113.37,110.98,
128.05,124.68,121.32,117.96,114.6,111.23,107.87,104.51,101.14,97.78,94.42,91.06,
122.91,118.76,114.62,110.47,106.33,102.18,98.03,93.89,89.74,85.6,81.45,77.31,
140.92,137.05,133.19,129.32,125.46,121.59,117.73,113.86,110.0,106.13,102.27,98.4,
162.91,159.54,156.16,152.79,149.42,146.05,142.68,139.31,135.94,132.56,129.19,125.82,
186.25,184.19,182.13,180.08,178.02,175.96,173.9,171.84,169.78,167.72,165.66,163.6,
204.2,203.44,202.69,201.94,201.19,200.44,199.69,198.94,198.19,197.44,196.69,195.94,
218.76,219.23,219.7,220.16,220.63,221.1,221.57,222.04,222.51,222.97,223.44,223.91,
221.9,222.24,222.59,222.94,223.29,223.64,223.99,224.33,224.68,225.03,225.38,225.73,
219.45,219.61,219.76,219.92,220.08,220.24,220.4,220.55,220.71,220.87,221.03,221.19,
224.34,224.88,225.42,225.96,226.5,227.04,227.58,228.11,228.65,229.19,229.73,230.27,
220.94,221.86,222.78,223.71,224.63,225.55,226.47,227.39,228.31,229.23,230.15,231.07,
208.11,208.66,209.21,209.75,210.3,210.84,211.39,211.93,212.48,213.02,213.57,214.11,
187.31,186.75,186.19,185.63,185.07,184.51,183.95,183.39,182.83,182.26,181.7,181.14,
193.38,193.73,194.07,194.42,194.77,195.11,195.46,195.81,196.16,196.5,196.85,197.2,
183.49,183.87,184.25,184.62,185.0,185.37,185.75,186.13,186.5,186.88,187.25,187.63,
176.48,177.09,177.71,178.32,178.93,179.54,180.15,180.77,181.38,181.99,182.6,183.21,
168.0,168.65,169.29,169.94,170.58,171.23,171.87,172.52,173.16,173.81,174.45,175.1,
162.11,162.98,163.85,164.72,165.59,166.45,167.32,168.19,169.06,169.92,170.79,171.66,
143.72,143.71,143.69,143.67,143.65,143.64,143.62,143.6,143.58,143.56,143.55,143.53,
121.01,119.61,118.22,116.82,115.42,114.03,112.63,111.23,109.83,108.44,107.04,105.64,
92.97,89.8,86.64,83.47,80.31,77.15,73.98,70.82,67.66,64.49,61.33,58.17,
67.86,63.14,58.42,53.71,48.99,44.27,39.55,34.83,30.11,25.39,20.68,15.96,
43.56,37.3,31.03,24.77,18.5,12.24,5.97,0.0,0.0,0.0,0.0,0.0,
27.29,20.17,13.04,5.92,0.0,0.0,0.0,0.0,0.0,0.0,0.0,0.0,
3.54,0.0,0.0,0.0,0.0,0.0,0.0,0.0,0.0,0.0,0.0,0.0,
0.0,0.0,0.0,0.0,0.0,0.0,0.0,0.0,0.0,0.0,0.0,0.0,
0.0,0.0,0.0,0.0,0.0,0.0,0.0,0.0,0.0,0.0,0.0,0.0,
0.0,0.0,0.0,0.0,0.0,0.0,0.0,0.0,0.0,0.0,0.0,0.0,
0.0,0.0,0.0,0.0,0.0,0.0,0.0,0.0,0.0,0.0,0.0,0.0,
7.7,0.0,0.0,0.0,0.0,0.0,0.0,0.0,0.0,0.0,0.0,0.0,
10.83,2.43,0.0,0.0,0.0,0.0,0.0,0.0,0.0,0.0,0.0,0.0,
29.24,22.03,14.82,7.61,0.4,0.0,0.0,0.0,0.0,0.0,0.0,0.0,
60.3,55.52,50.75,45.97,41.19,36.42,31.64,26.86,22.09,17.31,12.53,7.76,
90.34,88.11,85.87,83.64,81.4,79.17,76.93,74.69,72.46,70.22,67.99,65.75,
100.3,99.33,98.36,97.39,96.42,95.45,94.48,93.51,92.54,91.57,90.6,89.63,
110.37,110.43,110.5,110.57,110.63,110.7,110.77,110.84,110.9,110.97,111.04,111.1,
134.74,136.42,138.1,139.78,141.46,143.14,144.83,146.51,148.19,149.87,151.55,153.24,
154.18,157.38,160.57,163.77,166.96,170.16,173.35,176.55,179.74,182.94,186.13,189.33,
169.31,173.59,177.87,182.14,186.42,190.7,194.98,199.26,203.54,207.81,212.09,216.37,
172.92,177.8,182.67,187.55,192.43,197.3,202.18,207.06,211.93,216.81,221.68,226.56,
162.8,167.2,171.6,175.99,180.39,184.78,189.18,193.58,197.97,202.37,206.76,211.16,
151.03,154.78,158.52,162.27,166.01,169.76,173.5,177.24,180.99,184.73,188.48,192.22,
137.54,140.52,143.5,146.48,149.46,152.45,155.43,158.41,161.39,164.37,167.35,170.33,
131.61,134.47,137.32,140.18,143.04,145.89,148.75,151.6,154.46,157.32,160.17,163.03,
117.08,119.04,121.0,122.97,124.93,126.89,128.85,130.82,132.78,134.74,136.7,138.66,
102.69,103.77,104.84,105.92,107.0,108.07,109.15,110.23,111.3,112.38,113.46,114.53,
88.44,88.64,88.84,89.04,89.24,89.44,89.64,89.84,90.04,90.24,90.44,90.64,
72.99,72.26,71.52,70.79,70.06,69.33,68.6,67.87,67.13,66.4,65.67,64.94,
64.28,62.87,61.47,60.07,58.67,57.27,55.87,54.46,53.06,51.66,50.26,48.86,
66.62,65.11,63.6,62.1,60.59,59.08,57.57,56.06,54.55,53.05,51.54,50.03,
62.67,60.67,58.67,56.67,54.67,52.67,50.67,48.67,46.67,44.67,42.67,40.67,
66.69,64.61,62.52,60.44,58.35,56.27,54.18,52.1,50.01,47.93,45.84,43.76,
82.34,80.75,79.16,77.57,75.98,74.39,72.8,71.21,69.62,68.03,66.44,64.85,
93.08,91.75,90.42,89.1,87.77,86.44,85.11,83.78,82.46,81.13,79.8,78.47,
122.44,122.25,122.06,121.88,121.69,121.5,121.32,121.13,120.94,120.75,120.57,120.38,
136.92,137.22,137.51,137.81,138.1,138.4,138.69,138.99,139.29,139.58,139.88,140.17,
174.97,177.03,179.09,181.15,183.21,185.28,187.34,189.4,191.46,193.53,195.59,197.65,
189.61,192.34,195.06,197.79,200.52,203.25,205.97,208.7,211.43,214.16,216.88,219.61,
199.45,202.96,206.47,209.99,213.5,217.01,220.53,224.04,227.55,231.06,234.58,238.09,
191.7,195.12,198.54,201.97,205.39,208.81,212.23,215.65,219.07,222.5,225.92,229.34,
175.98,178.64,181.31,183.97,186.64,189.3,191.97,194.63,197.3,199.96,202.63,205.29,
167.7,170.28,172.87,175.45,178.03,180.62,183.2,185.78,188.36,190.95,193.53,196.11,
182.8,186.43,190.05,193.67,197.29,200.91,204.54,208.16,211.78,215.4,219.02,222.64,
201.84,206.56,211.28,216.0,220.72,225.44,230.16,234.88,239.61,244.33,249.05,253.77,
199.03,203.42,207.81,212.2,216.59,220.98,225.37,229.76,234.15,238.54,242.93,247.32,
205.95,210.57,215.2,219.82,224.44,229.06,233.68,238.3,242.92,247.54,252.16,256.78,
219.68,225.25,230.82,236.39,241.96,247.53,253.1,258.67,264.24,269.81,275.38,280.96,
206.53,211.55,216.58,221.6,226.62,231.65,236.67,241.69,246.72,251.74,256.76,261.79,
191.68,196.09,200.5,204.91,209.32,213.72,218.13,222.54,226.95,231.36,235.77,240.18,
171.91,175.15,178.39,181.63,184.87,188.11,191.36,194.6,197.84,201.08,204.32,207.56,
148.21,149.96,151.72,153.47,155.23,156.98,158.74,160.49,162.25,164.0,165.76,167.52,
124.64,124.92,125.2,125.48,125.76,126.03,126.31,126.59,126.87,127.15,127.42,127.7,
105.82,104.81,103.81,102.81,101.81,100.81,99.81,98.81,97.81,96.81,95.8,94.8,
106.18,104.86,103.54,102.22,100.9,99.58,98.26,96.93,95.61,94.29,92.97,91.65,
95.38,93.15,90.91,88.68,86.44,84.21,81.98,79.74,77.51,75.28,73.04,70.81,
82.55,79.3,76.04,72.79,69.53,66.28,63.02,59.77,56.51,53.26,50.0,46.75,
98.44,95.54,92.64,89.75,86.85,83.95,81.06,78.16,75.26,72.37,69.47,66.57,
88.78,84.94,81.1,77.26,73.41,69.57,65.73,61.89,58.05,54.2,50.36,46.52,
85.17,80.86,76.55,72.24,67.93,63.62,59.3,54.99,50.68,46.37,42.06,37.75,
65.36,60.05,54.74,49.43,44.11,38.8,33.49,28.18,22.87,17.56,12.25,6.94,
50.9,44.76,38.63,32.49,26.35,20.22,14.08,7.95,1.81,0.0,0.0,0.0,
59.86,54.24,48.62,43.0,37.37,31.75,26.13,20.51,14.89,9.27,3.64,0.0,
65.91,60.96,56.0,51.05,46.1,41.15,36.2,31.24,26.29,21.34,16.39,11.43,
63.98,59.22,54.47,49.71,44.96,40.21,35.45,30.7,25.94,21.19,16.44,11.68,
64.78,60.88,56.97,53.06,49.16,45.25,41.34,37.44,33.53,29.62,25.72,21.81,
61.38,57.79,54.2,50.61,47.03,43.44,39.85,36.26,32.67,29.08,25.49,21.91,
90.14,88.99,87.83,86.68,85.53,84.38,83.22,82.07,80.92,79.77,78.61,77.46,
110.92,111.28,111.64,112.0,112.36,112.72,113.08,113.44,113.8,114.16,114.52,114.88,
120.3,121.33,122.36,123.39,124.42,125.45,126.48,127.51,128.54,129.57,130.6,131.63,
116.32,116.94,117.57,118.19,118.81,119.44,120.06,120.68,121.31,121.93,122.55,123.17,
95.72,95.06,94.4,93.74,93.07,92.41,91.75,91.08,90.42,89.76,89.09,88.43,
75.26,73.32,71.38,69.44,67.5,65.56,63.62,61.68,59.74,57.8,55.87,53.93,
68.78,66.81,64.84,62.87,60.9,58.93,56.96,54.98,53.01,51.04,49.07,47.1,
100.55,100.59,100.62,100.66,100.69,100.73,100.77,100.8,100.84,100.87,100.91,100.94,
120.83,121.98,123.13,124.28,125.43,126.58,127.73,128.88,130.03,131.18,132.33,133.48,
156.9,160.12,163.33,166.55,169.77,172.99,176.21,179.43,182.65,185.87,189.09,192.31,
187.4,192.37,197.35,202.32,207.29,212.26,217.24,222.21,227.18,232.15,237.12,242.1,
182.05,186.46,190.87,195.28,199.69,204.1,208.52,212.93,217.34,221.75,226.16,230.57,
186.53,190.78,195.03,199.28,203.53,207.77,212.02,216.27,220.52,224.77,229.02,233.27,
207.63,212.53,217.43,222.34,227.24,232.14,237.04,241.94,246.84,251.74,256.64,261.54,
228.39,233.86,239.32,244.79,250.26,255.72,261.19,266.65,272.12,277.59,283.05,288.52,
230.67,235.76,240.86,245.96,251.05,256.15,261.25,266.34,271.44,276.54,281.63,286.73,
244.9,250.31,255.72,261.13,266.55,271.96,277.37,282.79,288.2,293.61,299.02,304.44,
271.49,278.26,285.02,291.78,298.55,305.31,312.07,318.84,325.6,332.36,339.12,345.89,
279.77,286.74,293.72,300.69,307.67,314.64,321.62,328.59,335.57,342.54,349.51,356.49,
267.61,273.76,279.9,286.05,292.2,298.34,304.49,310.64,316.78,322.93,329.08,335.22,
298.16,306.28,314.4,322.51,330.63,338.75,346.87,354.99,363.1,371.22,379.34,387.46,
309.54,318.13,326.73,335.32,343.92,352.51,361.1,369.7,378.29,386.89,395.48,404.07,
308.23,316.74,325.25,333.76,342.27,350.78,359.29,367.8,376.31,384.81,393.32,401.83,
285.82,292.69,299.56,306.43,313.3,320.17,327.04,333.91,340.77,347.64,354.51,361.38,
263.79,269.2,274.61,280.01,285.42,290.82,296.23,301.64,307.04,312.45,317.85,323.26,
249.26,254.03,258.8,263.57,268.34,273.11,277.88,282.65,287.42,292.19,296.96,301.73,
234.55,238.46,242.36,246.27,250.18,254.08,257.99,261.9,265.8,269.71,273.62,277.52,
209.77,212.16,214.56,216.95,219.35,221.74,224.13,226.53,228.92,231.31,233.71,236.1,
176.11,176.34,176.56,176.78,177.0,177.23,177.45,177.67,177.89,178.12,178.34,178.56,
152.53,151.1,149.67,148.24,146.82,145.39,143.96,142.53,141.1,139.67,138.25,136.82,
129.49,126.9,124.31,121.72,119.13,116.54,113.94,111.35,108.76,106.17,103.58,100.98,
110.3,106.81,103.33,99.84,96.35,92.87,89.38,85.9,82.41,78.92,75.44,71.95,
111.93,108.44,104.95,101.47,97.98,94.49,91.0,87.51,84.02,80.54,77.05,73.56,
123.01,119.87,116.73,113.59,110.46,107.32,104.18,101.04,97.9,94.76,91.62,88.48,
100.83,96.04,91.26,86.47,81.69,76.9,72.12,67.33,62.55,57.76,52.97,48.19,
95.29,89.65,84.01,78.38,72.74,67.1,61.46,55.83,50.19,44.55,38.91,33.28,
98.23,92.16,86.09,80.02,73.95,67.87,61.8,55.73,49.66,43.59,37.52,31.45,
124.23,119.64,115.06,110.47,105.88,101.29,96.71,92.12,87.53,82.94,78.36,73.77,
142.07,138.46,134.85,131.24,127.64,124.03,120.42,116.81,113.2,109.59,105.98,102.38,
155.31,152.75,150.19,147.63,145.07,142.51,139.95,137.39,134.83,132.26,129.7,127.14,
165.63,163.89,162.14,160.4,158.66,156.91,155.17,153.42,151.68,149.93,148.19,146.45,
170.6,168.85,167.1,165.36,163.61,161.87,160.12,158.37,156.63,154.88,153.13,151.39,
191.82,191.14,190.46,189.78,189.1,188.42,187.74,187.07,186.39,185.71,185.03,184.35,
218.97,220.06,221.15,222.25,223.34,224.44,225.53,226.63,227.72,228.82,229.91,231.01,
242.32,245.07,247.83,250.58,253.33,256.08,258.83,261.59,264.34,267.09,269.84,272.59,
237.33,239.98,242.62,245.27,247.91,250.56,253.2,255.85,258.49,261.14,263.78,266.43,
245.59,249.04,252.5,255.96,259.41,262.87,266.33,269.79,273.24,276.7,280.16,283.62,
260.94,265.67,270.4,275.12,279.85,284.58,289.31,294.03,298.76,303.49,308.22,312.94,
250.57,255.04,259.51,263.98,268.44,272.91,277.38,281.85,286.31,290.78,295.25,299.71,
271.22,276.48,281.74,287.0,292.26,297.53,302.79,308.05,313.31,318.57,323.83,329.09,
256.85,261.85,266.85,271.85,276.86,281.86,286.86,291.86,296.86,301.86,306.86,311.86,
243.61,248.27,252.94,257.6,262.26,266.92,271.59,276.25,280.91,285.58,290.24,294.9,
240.67,245.18,249.7,254.22,258.73,263.25,267.76,272.28,276.8,281.31,285.83,290.34,
218.05,221.23,224.42,227.6,230.79,233.97,237.16,240.35,243.53,246.72,249.9,253.09,
190.37,191.92,193.47,195.02,196.57,198.12,199.67,201.22,202.77,204.32,205.87,207.42,
164.37,164.31,164.24,164.18,164.12,164.06,163.99,163.93,163.87,163.81,163.74,163.68,
159.45,158.9,158.34,157.79,157.24,156.69,156.14,155.59,155.03,154.48,153.93,153.38,
162.3,161.46,160.62,159.78,158.94,158.09,157.25,156.41,155.57,154.73,153.89,153.05,
146.76,144.61,142.47,140.32,138.18,136.04,133.89,131.75,129.6,127.46,125.31,123.17,
138.07,135.17,132.27,129.37,126.47,123.58,120.68,117.78,114.88,111.98,109.08,106.18,
128.94,125.02,121.11,117.19,113.27,109.35,105.44,101.52,97.6,93.68,89.77,85.85,
137.84,133.79,129.73,125.68,121.63,117.57,113.52,109.47,105.41,101.36,97.31,93.25,
158.3,155.2,152.1,149.0,145.9,142.8,139.7,136.61,133.51,130.41,127.31,124.21,
158.87,156.05,153.22,150.4,147.57,144.75,141.92,139.1,136.27,133.45,130.62,127.79,
160.3,157.2,154.1,151.0,147.9,144.8,141.7,138.61,135.51,132.41,129.31,126.21,
166.11,163.37,160.62,157.88,155.13,152.39,149.64,146.9,144.15,141.41,138.66,135.92,
181.01,179.29,177.57,175.85,174.13,172.41,170.69,168.97,167.25,165.53,163.81,162.09,
203.79,203.65,203.51,203.37,203.22,203.08,202.94,202.8,202.65,202.51,202.37,202.23,
206.64,206.99,207.33,207.67,208.01,208.36,208.7,209.04,209.38,209.73,210.07,210.41,
205.91,206.31,206.71,207.12,207.52,207.92,208.32,208.73,209.13,209.53,209.93,210.34,
206.11,206.6,207.08,207.56,208.04,208.52,209.0,209.48,209.96,210.44,210.92,211.4,
195.54,195.75,195.95,196.16,196.37,196.57,196.78,196.99,197.2,197.4,197.61,197.82,
185.49,185.74,185.99,186.24,186.48,186.73,186.98,187.22,187.47,187.72,187.96,188.21,
174.85,175.08,175.3,175.53,175.76,175.99,176.21,176.44,176.67,176.89,177.12,177.35,
164.74,164.87,165.0,165.14,165.27,165.4,165.54,165.67,165.8,165.94,166.07,166.2,
148.05,147.3,146.55,145.8,145.05,144.3,143.55,142.8,142.05,141.3,140.55,139.8,
130.32,128.82,127.31,125.8,124.3,122.79,121.29,119.78,118.27,116.77,115.26,113.75,
125.38,123.86,122.33,120.81,119.28,117.76,116.24,114.71,113.19,111.66,110.14,108.62,
101.03,98.07,95.1,92.14,89.17,86.21,83.24,80.28,77.31,74.34,71.38,68.41,
127.17,126.22,125.26,124.3,123.35,122.39,121.43,120.48,119.52,118.56,117.61,116.65,
107.86,105.53,103.2,100.87,98.54,96.2,93.87,91.54,89.21,86.88,84.55,82.22,
118.94,116.77,114.59,112.42,110.24,108.06,105.89,103.71,101.54,99.36,97.19,95.01,
131.72,130.16,128.59,127.03,125.46,123.89,122.33,120.76,119.19,117.63,116.06,114.5,
125.06,122.78,120.51,118.23,115.95,113.68,111.4,109.13,106.85,104.57,102.3,100.02,
131.29,128.81,126.34,123.86,121.38,118.91,116.43,113.95,111.48,109.0,106.53,104.05,
139.72,137.19,134.66,132.12,129.59,127.05,124.52,121.99,119.45,116.92,114.38,111.85,
152.53,150.58,148.64,146.7,144.75,142.81,140.86,138.92,136.97,135.03,133.08,131.14,
173.86,173.21,172.55,171.9,171.25,170.59,169.94,169.28,168.63,167.98,167.32,166.67,
188.16,188.09,188.01,187.93,187.86,187.78,187.71,187.63,187.56,187.48,187.4,187.33,
224.16,225.76,227.36,228.97,230.57,232.17,233.77,235.37,236.98,238.58,240.18,241.78,
242.37,244.89,247.4,249.92,252.44,254.96,257.48,260.0,262.51,265.03,267.55,270.07,
252.71,256.22,259.73,263.24,266.75,270.25,273.76,277.27,280.78,284.29,287.8,291.3,
290.16,296.02,301.88,307.74,313.6,319.46,325.32,331.18,337.04,342.9,348.76,354.62,
296.09,302.14,308.19,314.24,320.29,326.34,332.39,338.43,344.48,350.53,356.58,362.63,
302.09,308.66,315.22,321.79,328.35,334.92,341.48,348.05,354.61,361.18,367.74,374.31,
290.3,296.43,302.55,308.68,314.81,320.93,327.06,333.19,339.31,345.44,351.57,357.69,
275.08,280.72,286.36,292.0,297.64,303.28,308.92,314.56,320.2,325.84,331.48,337.12,
283.66,290.08,296.51,302.94,309.37,315.8,322.23,328.66,335.09,341.52,347.95,354.38,
263.43,268.83,274.23,279.64,285.04,290.44,295.85,301.25,306.66,312.06,317.46,322.87,
264.83,270.3,275.77,281.25,286.72,292.19,297.66,303.14,308.61,314.08,319.56,325.03,
241.56,245.94,250.32,254.7,259.08,263.47,267.85,272.23,276.61,280.99,285.37,289.75,
223.52,226.71,229.91,233.1,236.3,239.49,242.69,245.88,249.07,252.27,255.46,258.66,
189.72,190.8,191.88,192.96,194.04,195.12,196.2,197.28,198.36,199.43,200.51,201.59,
287.4,292.7,297.99,303.29,308.58,313.88,319.17,324.47,329.76,335.06,340.35,345.64,
339.13,346.34,353.55,360.76,367.98,375.19,382.4,389.61,396.83,404.04,411.25,418.46,
330.44,336.64,342.84,349.04,355.24,361.44,367.64,373.84,380.04,386.24,392.44,398.64,
304.02,308.2,312.37,316.54,320.72,324.89,329.06,333.24,337.41,341.58,345.76,349.93,
273.72,275.9,278.08,280.25,282.43,284.6,286.78,288.95,291.13,293.31,295.48,297.66,
246.14,246.21,246.28,246.36,246.43,246.51,246.58,246.65,246.73,246.8,246.87,246.95,
256.97,257.48,257.99,258.51,259.02,259.54,260.05,260.56,261.08,261.59,262.1,262.62,
265.26,265.58,265.9,266.22,266.54,266.86,267.17,267.49,267.81,268.13,268.45,268.76,
258.07,258.14,258.21,258.28,258.34,258.41,258.48,258.55,258.62,258.69,258.76,258.83,
255.29,255.2,255.11,255.02,254.93,254.84,254.75,254.66,254.58,254.49,254.4,254.31,
274.69,275.25,275.81,276.37,276.93,277.49,278.05,278.61,279.17,279.74,280.3,280.86,
270.32,270.75,271.18,271.61,272.04,272.47,272.9,273.33,273.76,274.19,274.62,275.04,
263.91,264.18,264.46,264.73,265.0,265.28,265.55,265.82,266.1,266.37,266.64,266.92,
253.45,253.28,253.12,252.95,252.79,252.63,252.46,252.3,252.13,251.97,251.8,251.64,
262.55,262.97,263.4,263.82,264.24,264.67,265.09,265.51,265.93,266.36,266.78,267.2,
249.72,249.71,249.69,249.67,249.65,249.64,249.62,249.6,249.58,249.56,249.55,249.53,
236.57,236.65,236.73,236.81,236.9,236.98,237.06,237.14,237.22,237.3,237.38,237.46,
218.83,218.36,217.9,217.44,216.98,216.51,216.05,215.59,215.13,214.66,214.2,213.74,
190.78,188.88,186.97,185.06,183.16,181.25,179.34,177.44,175.53,173.62,171.72,169.81,
176.55,174.52,172.49,170.46,168.44,166.41,164.38,162.35,160.32,158.29,156.26,154.23,
163.31,160.81,158.32,155.82,153.33,150.83,148.33,145.84,143.34,140.85,138.35,135.85,
142.3,138.81,135.33,131.84,128.35,124.87,121.38,117.9,114.41,110.92,107.44,103.95,
116.3,111.2,106.1,101.0,95.9,90.8,85.7,80.61,75.51,70.41,65.31,60.21,
80.16,72.79,65.43,58.06,50.7,43.33,35.97,28.6,21.23,13.87,6.5,0.0,
55.26,46.68,38.09,29.51,20.92,12.34,3.75,0.0,0.0,0.0,0.0,0.0,
19.24,8.42,0.0,0.0,0.0,0.0,0.0,0.0,0.0,0.0,0.0,0.0,
0.0,0.0,0.0,0.0,0.0,0.0,0.0,0.0,0.0,0.0,0.0,0.0,
0.0,0.0,0.0,0.0,0.0,0.0,0.0,0.0,0.0,0.0,0.0,0.0,
0.0,0.0,0.0,0.0,0.0,0.0,0.0,0.0,0.0,0.0,0.0,0.0,
0.0,0.0,0.0,0.0,0.0,0.0,0.0,0.0,0.0,0.0,0.0,0.0,
0.0,0.0,0.0,0.0,0.0,0.0,0.0,0.0,0.0,0.0,0.0,0.0,
18.11,10.21,2.3,0.0,0.0,0.0,0.0,0.0,0.0,0.0,0.0,0.0,
36.14,29.5,22.87,16.23,9.59,2.96,0.0,0.0,0.0,0.0,0.0,0.0,
37.82,31.33,24.85,18.36,11.88,5.39,0.0,0.0,0.0,0.0,0.0,0.0,
60.55,55.04,49.53,44.01,38.5,32.99,27.47,21.96,16.45,10.94,5.42,0.0,
60.78,55.33,49.87,44.42,38.96,33.51,28.05,22.6,17.14,11.69,6.23,0.78,
77.06,73.04,69.02,65.0,60.99,56.97,52.95,48.93,44.92,40.9,36.88,32.86,
85.06,82.33,79.6,76.88,74.15,71.42,68.69,65.97,63.24,60.51,57.78,55.06,
80.69,77.96,75.23,72.5,69.77,67.04,64.31,61.58,58.85,56.12,53.39,50.66,
74.23,71.58,68.93,66.27,63.62,60.97,58.32,55.67,53.02,50.36,47.71,45.06,
83.47,82.38,81.3,80.21,79.12,78.03,76.94,75.86,74.77,73.68,72.59,71.5,
90.9,90.57,90.24,89.91,89.58,89.25,88.92,88.59,88.26,87.93,87.6,87.27,
117.01,118.26,119.51,120.76,122.0,123.25,124.5,125.75,127.0,128.24,129.49,130.74,
126.64,128.6,130.55,132.51,134.47,136.42,138.38,140.33,142.29,144.24,146.2,148.15,
158.11,162.27,166.43,170.59,174.75,178.9,183.06,187.22,191.38,195.54,199.69,203.85,
161.63,166.08,170.53,174.98,179.43,183.88,188.33,192.78,197.23,201.68,206.13,210.58,
147.33,150.88,154.43,157.98,161.53,165.08,168.62,172.17,175.72,179.27,182.82,186.37,
134.57,137.36,140.15,142.94,145.73,148.52,151.31,154.1,156.89,159.68,162.47,165.26,
117.89,119.66,121.44,123.22,125.0,126.77,128.55,130.33,132.11,133.88,135.66,137.44,
100.67,101.38,102.09,102.8,103.51,104.22,104.92,105.63,106.34,107.05,107.76,108.47,
89.33,89.46,89.59,89.72,89.85,89.98,90.11,90.24,90.37,90.49,90.62,90.75,
75.54,74.84,74.15,73.45,72.75,72.06,71.36,70.67,69.97,69.27,68.58,67.88,
79.43,78.83,78.23,77.64,77.04,76.44,75.85,75.25,74.66,74.06,73.46,72.87,
80.48,79.68,78.87,78.06,77.25,76.44,75.64,74.83,74.02,73.21,72.41,71.6,
71.31,69.78,68.25,66.73,65.2,63.67,62.14,60.61,59.08,57.56,56.03,54.5,
72.99,71.22,69.46,67.7,65.93,64.17,62.4,60.64,58.88,57.11,55.35,53.58,
77.56,75.69,73.81,71.93,70.05,68.18,66.3,64.42,62.54,60.66,58.79,56.91,
91.03,89.55,88.07,86.59,85.11,83.63,82.14,80.66,79.18,77.7,76.22,74.74,
135.13,135.56,136.0,136.44,136.88,137.32,137.76,138.19,138.63,139.07,139.51,139.95,
144.07,144.91,145.76,146.6,147.44,148.28,149.13,149.97,150.81,151.66,152.5,153.34,
150.53,151.68,152.83,153.99,155.14,156.29,157.44,158.6,159.75,160.9,162.05,163.21,
167.4,169.73,172.06,174.38,176.71,179.04,181.36,183.69,186.02,188.35,190.67,193.0,
170.34,173.08,175.81,178.54,181.27,184.0,186.74,189.47,192.2,194.93,197.66,200.4,
171.49,174.32,177.15,179.98,182.8,185.63,188.46,191.29,194.11,196.94,199.77,202.6,
170.69,174.15,177.62,181.08,184.55,188.01,191.47,194.94,198.4,201.86,205.33,208.79,
186.11,190.4,194.69,198.98,203.26,207.55,211.84,216.12,220.41,224.7,228.98,233.27,
178.46,182.51,186.56,190.61,194.66,198.72,202.77,206.82,210.87,214.92,218.97,223.02,
160.87,163.85,166.84,169.82,172.8,175.78,178.76,181.74,184.72,187.7,190.68,193.67,
150.9,153.21,155.53,157.84,160.16,162.48,164.79,167.11,169.42,171.74,174.06,176.37,
131.84,132.88,133.93,134.97,136.01,137.06,138.1,139.14,140.19,141.23,142.27,143.32,
109.24,108.81,108.37,107.93,107.5,107.06,106.63,106.19,105.75,105.32,104.88,104.44,
93.2,91.9,90.6,89.3,88.0,86.7,85.4,84.1,82.8,81.5,80.2,78.9,
107.4,107.21,107.02,106.84,106.65,106.46,106.27,106.08,105.89,105.7,105.51,105.32,
118.14,118.53,118.93,119.33,119.72,120.12,120.51,120.91,121.31,121.7,122.1,122.49,
152.48,154.9,157.32,159.74,162.16,164.57,166.99,169.41,171.83,174.25,176.67,179.08,
165.38,168.37,171.36,174.36,177.35,180.34,183.33,186.32,189.32,192.31,195.3,198.29,
170.23,173.13,176.02,178.92,181.82,184.71,187.61,190.51,193.4,196.3,199.2,202.09,
181.77,184.87,187.98,191.08,194.18,197.29,200.39,203.49,206.6,209.7,212.8,215.91,
190.11,193.18,196.24,199.3,202.36,205.42,208.48,211.54,214.6,217.67,220.73,223.79,
208.6,212.08,215.56,219.04,222.52,225.99,229.47,232.95,236.43,239.91,243.39,246.87,
214.67,217.96,221.25,224.54,227.83,231.12,234.41,237.7,240.99,244.28,247.57,250.86,
214.87,217.66,220.45,223.24,226.02,228.81,231.6,234.39,237.17,239.96,242.75,245.54,
207.59,209.88,212.18,214.47,216.77,219.07,221.36,223.66,225.95,228.25,230.55,232.84,
220.97,223.8,226.64,229.47,232.31,235.15,237.98,240.82,243.66,246.49,249.33,252.17,
220.16,222.6,225.04,227.48,229.92,232.36,234.8,237.24,239.68,242.13,244.57,247.01,
218.21,220.48,222.75,225.02,227.29,229.56,231.84,234.11,236.38,238.65,240.92,243.19,
218.32,220.62,222.92,225.22,227.52,229.82,232.12,234.42,236.72,239.02,241.33,243.63,
224.25,227.06,229.88,232.69,235.5,238.31,241.12,243.94,246.75,249.56,252.37,255.19,
243.52,248.26,253.0,257.75,262.49,267.23,271.98,276.72,281.46,286.2,290.95,295.69,
240.39,245.08,249.77,254.47,259.16,263.85,268.54,273.23,277.93,282.62,287.31,292.0,
225.61,229.63,233.64,237.66,241.68,245.7,249.72,253.73,257.75,261.77,265.79,269.8,
211.86,215.34,218.81,222.29,225.76,229.24,232.71,236.19,239.66,243.14,246.61,250.09,
191.26,193.58,195.9,198.22,200.54,202.86,205.17,207.49,209.81,212.13,214.45,216.76,
170.02,171.23,172.43,173.64,174.85,176.05,177.26,178.46,179.67,180.88,182.08,183.29,
150.11,149.89,149.66,149.43,149.2,148.97,148.74,148.51,148.28,148.05,147.82,147.59,
135.84,135.14,134.44,133.74,133.04,132.35,131.65,130.95,130.25,129.55,128.85,128.15,
112.44,110.25,108.06,105.88,103.69,101.5,99.32,97.13,94.94,92.75,90.57,88.38,
103.63,100.6,97.56,94.53,91.49,88.46,85.43,82.39,79.36,76.32,73.29,70.25,
122.94,120.57,118.2,115.83,113.47,111.1,108.73,106.36,103.99,101.62,99.25,96.88,
120.11,117.18,114.24,111.3,108.36,105.42,102.48,99.54,96.6,93.67,90.73,87.79,
106.57,102.46,98.35,94.23,90.12,86.01,81.89,77.78,73.67,69.55,65.44,61.33,
124.07,120.27,116.46,112.66,108.86,105.06,101.26,97.45,93.65,89.85,86.05,82.25,
146.57,143.75,140.93,138.11,135.28,132.46,129.64,126.81,123.99,121.17,118.34,115.52,
172.44,170.83,169.22,167.62,166.01,164.41,162.8,161.19,159.59,157.98,156.37,154.77,
190.41,190.05,189.69,189.33,188.97,188.61,188.25,187.89,187.53,187.17,186.81,186.45,
214.05,214.91,215.77,216.64,217.5,218.36,219.23,220.09,220.95,221.81,222.68,223.54,
253.31,256.1,258.9,261.69,264.49,267.28,270.08,272.87,275.66,278.46,281.25,284.05,
259.06,262.33,265.6,268.88,272.15,275.42,278.69,281.97,285.24,288.51,291.78,295.06,
267.82,271.72,275.62,279.52,283.42,287.33,291.23,295.13,299.03,302.94,306.84,310.74,
284.74,289.97,295.2,300.43,305.66,310.89,316.12,321.35,326.58,331.81,337.04,342.27,
287.2,292.8,298.4,304.01,309.61,315.22,320.82,326.42,332.03,337.63,343.24,348.84,
298.8,305.14,311.47,317.8,324.13,330.46,336.79,343.12,349.46,355.79,362.12,368.45,
282.25,287.58,292.91,298.24,303.57,308.89,314.22,319.55,324.88,330.21,335.53,340.86,
272.94,278.12,283.3,288.48,293.66,298.84,304.02,309.2,314.38,319.55,324.73,329.91,
251.33,255.59,259.85,264.11,268.37,272.62,276.88,281.14,285.4,289.66,293.91,298.17,
228.9,232.05,235.21,238.36,241.52,244.67,247.82,250.98,254.13,257.29,260.44,263.6,
207.56,209.69,211.81,213.93,216.05,218.18,220.3,222.42,224.54,226.66,228.79,230.91,
188.07,189.3,190.53,191.76,192.99,194.22,195.45,196.68,197.91,199.14,200.37,201.6,
167.54,167.75,167.95,168.16,168.37,168.57,168.78,168.99,169.2,169.4,169.61,169.82,
144.44,143.41,142.39,141.36,140.33,139.31,138.28,137.26,136.23,135.21,134.18,133.16,
117.61,114.92,112.23,109.53,106.84,104.15,101.46,98.77,96.07,93.38,90.69,88.0,
119.59,116.59,113.6,110.6,107.61,104.61,101.62,98.63,95.63,92.64,89.64,86.65,
128.78,125.78,122.77,119.77,116.77,113.76,110.76,107.76,104.75,101.75,98.75,95.74,
113.24,108.93,104.63,100.32,96.01,91.71,87.4,83.09,78.79,74.48,70.17,65.86,
133.89,130.24,126.6,122.96,119.32,115.68,112.03,108.39,104.75,101.11,97.47,93.82,
121.91,117.08,112.26,107.44,102.62,97.79,92.97,88.15,83.32,78.5,73.68,68.85,
124.76,119.52,114.28,109.03,103.79,98.55,93.31,88.07,82.83,77.59,72.34,67.1,
138.51,133.74,128.98,124.22,119.45,114.69,109.93,105.16,100.4,95.64,90.88,86.11,
144.92,140.89,136.87,132.84,128.81,124.79,120.76,116.73,112.71,108.68,104.65,100.63,
156.14,152.66,149.19,145.71,142.24,138.76,135.29,131.81,128.34,124.86,121.39,117.91,
166.39,163.21,160.03,156.85,153.67,150.5,147.32,144.14,140.96,137.78,134.6,131.42,
183.79,182.04,180.28,178.53,176.77,175.02,173.26,171.51,169.75,168.0,166.24,164.48,
206.02,205.87,205.72,205.58,205.43,205.28,205.13,204.98,204.83,204.68,204.53,204.38,
220.94,222.12,223.3,224.48,225.66,226.84,228.02,229.2,230.38,231.55,232.73,233.91,
218.87,220.18,221.48,222.78,224.09,225.39,226.7,228.0,229.3,230.61,231.91,233.21,
218.92,220.76,222.61,224.45,226.3,228.14,229.99,231.83,233.67,235.52,237.36,239.21,
231.59,235.04,238.5,241.96,245.41,248.87,252.33,255.79,259.24,262.7,266.16,269.62,
233.61,237.3,241.0,244.69,248.39,252.09,255.78,259.48,263.17,266.87,270.56,274.26,
217.45,220.57,223.7,226.83,229.95,233.08,236.2,239.33,242.45,245.58,248.71,251.83,
204.87,207.66,210.45,213.24,216.02,218.81,221.6,224.39,227.17,229.96,232.75,235.54,
192.67,194.92,197.18,199.44,201.7,203.96,206.22,208.47,210.73,212.99,215.25,217.51,
181.84,183.91,185.99,188.07,190.14,192.22,194.29,196.37,198.44,200.52,202.6,204.67,
172.3,173.78,175.26,176.74,178.23,179.71,181.19,182.67,184.15,185.63,187.12,188.6,
149.95,150.12,150.29,150.46,150.63,150.8,150.97,151.14,151.31,151.48,151.64,151.81,
193.54,195.36,197.18,199.0,200.82,202.64,204.46,206.28,208.1,209.92,211.74,213.56,
276.8,282.17,287.53,292.9,298.26,303.62,308.99,314.35,319.71,325.08,330.44,335.81,
279.54,284.46,289.37,294.29,299.21,304.12,309.04,313.96,318.87,323.79,328.71,333.62,
253.61,256.66,259.71,262.76,265.81,268.86,271.91,274.96,278.01,281.06,284.11,287.16,
268.39,271.53,274.68,277.82,280.96,284.11,287.25,290.4,293.54,296.68,299.83,302.97,
347.68,353.96,360.24,366.52,372.8,379.08,385.36,391.64,397.92,404.2,410.48,416.76,
436.02,445.81,455.6,465.38,475.17,484.96,494.74,504.53,514.31,524.1,533.89,543.67,
432.18,441.64,451.09,460.54,469.99,479.45,488.9,498.35,507.81,517.26,526.71,536.16,
435.89,445.6,455.31,465.02,474.74,484.45,494.16,503.88,513.59,523.3,533.02,542.73,
421.22,429.77,438.32,446.87,455.43,463.98,472.53,481.08,489.63,498.18,506.74,515.29,
428.85,438.11,447.37,456.63,465.89,475.15,484.41,493.66,502.92,512.18,521.44,530.7,
408.53,416.52,424.51,432.5,440.49,448.48,456.48,464.47,472.46,480.45,488.44,496.43,
405.77,413.71,421.65,429.6,437.54,445.48,453.42,461.37,469.31,477.25,485.19,493.13,
422.97,431.93,440.9,449.86,458.83,467.79,476.76,485.72,494.69,503.66,512.62,521.59,
399.52,407.03,414.55,422.07,429.59,437.1,444.62,452.14,459.66,467.17,474.69,482.21,
382.3,389.01,395.71,402.42,409.13,415.84,422.54,429.25,435.96,442.67,449.37,456.08,
353.59,359.04,364.5,369.96,375.41,380.87,386.33,391.79,397.24,402.7,408.16,413.62,
344.32,349.27,354.21,359.16,364.1,369.05,373.99,378.94,383.89,388.83,393.78,398.72,
315.61,319.24,322.87,326.5,330.13,333.76,337.39,341.02,344.65,348.29,351.92,355.55,
280.8,282.62,284.44,286.25,288.07,289.88,291.7,293.51,295.33,297.14,298.96,300.77,
244.9,244.63,244.37,244.1,243.84,243.57,243.31,243.04,242.78,242.51,242.25,241.98,
202.8,200.04,197.27,194.51,191.74,188.98,186.21,183.45,180.68,177.92,175.15,172.39,
163.47,158.38,153.3,148.21,143.12,138.03,132.94,127.86,122.77,117.68,112.59,107.5,
127.17,120.09,113.0,105.92,98.83,91.74,84.66,77.57,70.49,63.4,56.32,49.23,
83.61,73.69,63.77,53.86,43.94,34.02,24.1,14.19,4.27,0.0,0.0,0.0,
50.05,37.81,25.58,13.35,1.11,0.0,0.0,0.0,0.0,0.0,0.0,0.0,
31.54,17.81,4.08,0.0,0.0,0.0,0.0,0.0,0.0,0.0,0.0,0.0,
6.46,0.0,0.0,0.0,0.0,0.0,0.0,0.0,0.0,0.0,0.0,0.0,
0.0,0.0,0.0,0.0,0.0,0.0,0.0,0.0,0.0,0.0,0.0,0.0,
0.0,0.0,0.0,0.0,0.0,0.0,0.0,0.0,0.0,0.0,0.0,0.0,
0.0,0.0,0.0,0.0,0.0,0.0,0.0,0.0,0.0,0.0,0.0,0.0,
24.92,11.93,0.0,0.0,0.0,0.0,0.0,0.0,0.0,0.0,0.0,0.0,
28.9,16.37,3.85,0.0,0.0,0.0,0.0,0.0,0.0,0.0,0.0,0.0,
46.85,34.82,22.79,10.76,0.0,0.0,0.0,0.0,0.0,0.0,0.0,0.0,
73.47,63.35,53.23,43.11,32.99,22.87,12.75,2.63,0.0,0.0,0.0,0.0,
122.23,116.8,111.38,105.95,100.53,95.1,89.67,84.25,78.82,73.4,67.97,62.54,
181.38,181.6,181.82,182.03,182.25,182.47,182.69,182.91,183.12,183.34,183.56,183.78,
195.82,197.07,198.33,199.59,200.84,202.1,203.36,204.61,205.87,207.13,208.39,209.64,
193.4,194.96,196.51,198.06,199.61,201.17,202.72,204.27,205.82,207.38,208.93,210.48,
214.09,216.92,219.74,222.56,225.38,228.21,231.03,233.85,236.68,239.5,242.32,245.15,
213.52,216.71,219.91,223.1,226.3,229.49,232.69,235.88,239.07,242.27,245.46,248.66,
206.16,209.05,211.95,214.84,217.73,220.62,223.51,226.41,229.3,232.19,235.08,237.97,
197.84,200.62,203.41,206.2,208.98,211.77,214.55,217.34,220.12,222.91,225.69,228.48,
204.46,208.32,212.18,216.03,219.89,223.75,227.61,231.46,235.32,239.18,243.04,246.89,
195.63,199.11,202.6,206.08,209.56,213.04,216.52,220.0,223.49,226.97,230.45,233.93,
185.36,188.37,191.38,194.39,197.41,200.42,203.43,206.44,209.45,212.47,215.48,218.49,
170.28,172.23,174.18,176.14,178.09,180.04,182.0,183.95,185.9,187.86,189.81,191.76,
158.09,159.69,161.29,162.88,164.48,166.08,167.68,169.27,170.87,172.47,174.07,175.66,
136.11,136.34,136.56,136.78,137.0,137.23,137.45,137.67,137.89,138.12,138.34,138.56,
115.47,114.32,113.17,112.01,110.86,109.71,108.56,107.4,106.25,105.1,103.95,102.79,
92.16,89.57,86.98,84.39,81.79,79.2,76.61,74.02,71.43,68.84,66.24,63.65,
69.52,65.42,61.33,57.23,53.13,49.04,44.94,40.85,36.75,32.66,28.56,24.46,
51.47,46.13,40.78,35.43,30.09,24.74,19.4,14.05,8.7,3.36,0.0,0.0,
