77.26,76.98,125.3,157.01,169.15,193.05,249.96,264.42,265.16,283.3,289.23,278.55
203.68,221.15,235.35,234.22,243.48,289.26,288.76,273.19,289.34,297.45,284.94,289.98
183.92,199.83,203.39,219.43,272.42,283.3,274.07,293.19,302.67,287.0,287.7,264.27
362.25,324.65,318.48,354.55,345.47,323.29,323.81,312.55,295.9,299.53,272.79,263.08
193.7,221.69,272.53,277.35,277.76,293.98,300.31,299.88,296.83,263.81,256.37,222.32
236.94,286.69,289.59,285.05,292.86,291.04,287.06,285.21,257.04,253.27,221.2,157.96
281.5,279.86,279.03,290.4,287.26,287.75,284.55,255.01,256.19,224.21,156.96,116.86
343.32,326.28,329.42,320.48,314.53,307.49,270.67,262.94,229.54,162.91,121.03,91.12
294.03,307.44,301.7,298.29,297.06,263.31,260.06,231.08,161.34,117.85,89.56,86.59
292.02,291.12,289.65,288.7,255.39,251.64,223.93,157.42,115.17,87.56,85.73,82.81
322.0,311.0,307.16,271.66,263.17,233.91,163.76,116.79,90.29,89.14,84.55,87.32
338.54,330.71,290.55,278.47,246.89,173.3,122.43,92.93,89.19,85.06,88.97,85.56
334.46,287.45,276.07,246.75,172.29,126.39,97.58,91.48,90.22,93.27,85.68,120.16
258.29,259.04,232.7,159.47,117.09,87.29,84.49,88.04,88.54,80.38,117.77,174.89
190.28,182.66,118.94,82.73,59.34,59.71,70.86,81.32,74.99,112.11,171.26,182.72
221.8,153.97,112.61,83.87,79.69,82.98,88.14,77.57,111.41,171.86,185.93,225.81
101.32,81.58,56.48,55.5,71.56,78.43,75.57,117.59,168.64,179.9,225.61,212.74
134.73,95.24,87.47,97.58,94.91,86.37,122.87,167.62,181.74,229.65,215.5,221.79
101.66,90.24,99.44,97.49,90.6,129.99,174.94,186.87,233.58,218.06,222.5,239.65
53.6,72.87,75.93,72.57,115.56,162.4,178.83,229.99,214.68,218.63,237.0,278.61
53.68,61.03,60.2,104.55,152.91,169.77,222.87,210.77,216.63,235.58,277.88,269.87
30.87,38.13,86.34,137.49,157.87,212.63,204.24,214.36,233.61,275.84,269.22,261.28
115.86,141.39,183.44,197.07,241.17,227.15,227.58,235.74,280.13,275.5,264.69,272.19
172.77,203.25,213.3,256.74,239.58,241.44,245.12,283.19,279.13,268.18,272.75,272.34
155.1,168.65,219.63,210.4,217.65,231.81,276.81,276.92,270.6,273.11,268.33,270.62
77.89,161.74,162.57,174.47,198.53,242.09,251.22,260.24,259.58,254.76,265.12,241.24
107.4,120.56,141.97,171.75,217.75,229.06,242.63,249.6,250.27,261.81,238.53,195.27
87.44,131.63,164.04,209.3,227.2,233.63,242.25,249.72,252.2,229.14,195.3,182.01
100.73,142.81,192.69,213.46,223.2,232.13,241.94,248.52,225.31,191.76,180.57,157.1
131.79,186.66,209.26,219.44,228.69,236.6,242.82,221.47,187.81,177.36,155.8,149.72
188.95,209.12,219.77,229.72,237.04,244.07,221.83,187.47,178.22,156.88,149.85,124.9
255.7,258.46,261.08,262.85,266.15,238.84,199.1,184.31,158.55,151.8,128.14,104.97
238.74,247.97,250.79,255.6,233.09,195.98,184.13,161.39,151.6,126.35,104.12,91.2
188.95,208.77,221.15,203.28,171.71,162.57,146.81,145.96,121.33,98.57,87.76,88.87
242.98,249.94,228.36,192.13,176.62,154.08,147.3,119.13,96.74,87.9,90.02,102.12
335.68,289.33,242.28,220.42,189.72,180.34,142.23,106.91,96.96,99.26,107.19,99.35
192.84,175.33,163.16,140.62,148.16,117.99,96.29,99.98,94.95,98.68,95.4,92.99
220.35,202.52,172.85,172.26,134.08,102.29,100.17,92.34,95.61,95.1,95.56,69.78
226.57,185.51,183.46,145.8,111.05,112.23,102.11,99.95,101.51,101.32,71.01,60.19
69.97,105.77,81.46,55.26,72.34,66.32,77.58,96.12,90.61,57.99,54.33,73.28
66.85,56.2,36.52,55.51,49.57,57.36,78.39,79.61,50.2,48.88,71.45,97.38
19.93,11.8,35.82,33.09,46.28,68.12,73.29,48.94,46.36,68.64,97.07,103.57
80.06,88.8,77.09,82.64,95.51,92.34,59.47,48.45,69.97,100.68,107.71,121.42
153.06,121.27,118.92,128.21,119.55,86.31,67.95,78.44,108.03,114.79,124.83,165.55
95.62,97.49,108.71,103.77,76.41,64.08,79.62,111.55,116.55,124.16,163.81,185.71
77.96,90.3,88.24,62.66,48.79,66.42,101.47,109.82,122.89,163.14,183.21,173.77
46.97,59.28,39.68,29.17,51.41,86.97,99.18,118.71,158.46,178.26,171.32,190.0
34.63,26.27,19.06,42.83,82.14,92.52,114.08,157.49,174.54,167.52,189.61,214.24
20.35,19.84,42.65,80.54,93.46,112.1,156.47,175.81,164.99,187.21,215.47,175.24
16.73,39.05,77.49,90.86,109.73,154.79,174.49,164.0,187.07,215.29,174.67,164.69
26.83,68.87,84.58,104.92,150.95,170.52,160.35,184.61,212.94,172.52,163.36,159.73
51.91,73.19,95.82,143.41,164.51,154.47,179.95,210.6,170.12,161.3,159.1,113.39
81.53,99.78,146.47,167.22,155.85,182.18,211.92,170.14,162.89,160.84,113.7,87.51
153.93,182.63,197.29,181.91,200.59,228.73,180.47,165.08,165.71,119.52,89.5,89.27
162.73,180.76,168.16,189.68,220.79,176.24,163.12,165.75,119.88,88.9,87.88,100.14
171.23,163.74,185.65,216.47,173.61,159.67,163.56,119.98,87.21,86.14,100.37,99.02
195.65,210.95,237.24,190.79,173.41,173.95,126.34,89.57,86.74,101.34,100.17,89.03
268.98,275.76,222.42,201.08,193.77,144.93,100.5,89.01,106.36,105.98,90.53,67.63
247.72,197.21,179.89,177.5,132.97,96.06,89.37,109.1,109.71,92.25,66.57,48.15
183.38,179.08,176.2,129.28,95.48,84.0,105.74,110.66,86.99,60.91,47.89,48.5
265.87,236.43,179.47,138.32,114.32,131.67,126.07,90.21,67.9,56.71,52.31,43.15
195.33,147.17,110.69,91.88,117.81,119.92,90.93,73.18,59.59,52.2,42.26,45.42
148.65,120.72,99.05,120.6,123.9,88.49,71.31,60.6,47.77,38.39,47.22,55.84
59.16,54.21,84.09,93.03,64.2,50.73,47.25,42.84,34.04,42.31,53.04,59.24
52.69,83.37,94.2,65.17,48.17,41.42,35.25,26.76,38.34,51.08,58.01,82.33
46.82,65.33,43.42,31.87,27.61,24.13,17.67,32.41,47.88,55.13,79.37,120.75
175.68,119.45,94.71,82.1,64.71,53.34,55.48,54.67,65.14,91.36,126.89,136.12
129.2,99.72,83.71,66.57,58.91,65.96,67.31,75.54,97.76,130.39,137.52,146.98
90.66,78.78,61.23,52.8,61.13,62.1,72.97,97.78,129.18,135.82,146.44,175.11
69.74,57.76,50.24,58.66,60.79,70.31,96.01,128.93,133.77,144.26,174.74,204.72
9.48,15.02,29.29,35.74,51.4,80.22,119.01,130.68,141.19,170.86,202.36,189.93
14.06,28.65,35.8,50.97,77.86,114.68,125.77,137.03,168.91,201.62,189.66,182.98
30.29,36.47,52.37,79.99,116.7,127.67,137.68,168.48,201.58,189.84,182.96,192.21
128.16,116.77,132.81,162.2,162.54,168.5,189.09,208.66,197.76,192.1,197.24,167.52
185.21,177.29,197.26,193.32,193.26,215.76,229.04,207.07,201.57,205.76,170.34,146.01
334.83,302.05,277.82,265.99,270.03,281.76,243.64,214.75,223.5,188.8,153.02,132.92
265.6,243.25,235.11,245.17,263.96,238.21,217.1,229.02,195.0,155.4,130.62,122.34
367.66,324.29,317.57,323.17,279.88,250.6,249.24,199.92,163.91,141.89,128.65,107.88
887.58,708.17,643.99,556.1,458.89,437.99,325.48,206.56,194.61,187.31,135.34,141.51
603.96,546.25,467.15,388.91,396.85,323.16,226.44,221.4,207.7,141.45,134.81,144.34
370.1,341.88,283.91,301.42,239.97,147.53,165.29,182.02,121.82,115.69,133.1,141.13
342.27,287.98,309.26,245.97,145.51,155.43,168.03,109.34,109.28,130.82,140.68,108.01
195.27,242.78,194.28,104.0,123.97,140.96,89.82,100.65,122.85,132.04,102.4,82.0
292.72,229.32,136.28,152.56,158.15,100.31,102.02,116.54,132.18,106.74,84.71,122.22
239.72,142.25,156.55,163.42,110.25,116.33,132.09,144.05,114.25,89.93,125.97,167.63
166.13,171.12,173.74,117.48,119.88,135.11,148.15,115.83,92.93,129.03,168.93,203.62
332.65,292.33,215.53,202.47,196.4,197.31,145.32,100.44,137.71,181.26,211.68,269.88
197.87,140.05,138.54,146.34,166.23,131.73,100.89,146.48,185.56,209.59,265.81,380.22
141.87,139.53,145.04,161.65,122.41,87.78,135.49,177.61,206.47,264.92,380.02,388.99
178.05,163.51,178.35,138.4,93.5,142.83,179.97,201.99,270.59,387.49,389.13,426.55
98.7,134.18,104.13,67.07,127.03,167.34,194.56,269.35,381.56,380.72,421.22,570.48
119.05,99.02,62.56,122.56,165.6,188.7,264.71,380.0,375.53,416.8,570.91,514.94
26.92,10.02,76.47,125.12,159.98,242.08,368.24,375.25,414.2,565.94,512.78,388.87
6.86,76.23,125.51,158.87,239.29,361.8,368.8,409.68,562.61,510.57,388.24,352.49
86.78,136.39,170.61,250.54,369.38,372.35,409.38,559.63,507.95,387.41,353.08,330.68
95.04,139.65,224.43,347.66,358.1,399.99,554.78,507.9,386.27,350.71,329.4,307.69
144.36,219.76,343.77,355.04,393.79,551.87,505.24,382.31,353.17,332.65,306.96,299.37
270.25,379.67,385.16,418.86,568.82,516.87,385.27,349.82,332.01,308.75,300.28,285.11
317.09,335.09,378.06,536.71,492.32,369.02,339.58,328.63,307.24,297.71,282.42,254.36
384.29,419.56,571.33,521.09,391.58,355.12,337.79,310.11,296.76,282.6,256.3,225.17
239.38,441.73,415.55,302.91,285.77,277.97,266.6,277.56,263.95,235.23,209.93,210.65
441.4,400.91,295.64,283.1,263.17,254.49,261.83,246.84,237.49,216.51,208.54,172.63
248.83,213.6,214.15,200.78,223.15,227.46,231.28,247.53,200.1,186.7,171.54,128.43
255.77,268.39,244.29,252.9,254.89,238.18,248.49,202.53,175.88,163.34,133.56,98.72
223.89,212.06,227.08,234.28,224.45,239.38,198.72,177.19,162.65,131.36,97.69,84.14
259.01,268.75,268.47,251.37,261.47,212.01,184.25,165.18,129.67,97.45,87.14,87.02
256.7,256.43,241.55,254.41,206.34,182.72,165.27,130.18,99.21,88.2,86.33,89.3
225.61,219.56,236.29,190.65,170.28,154.35,123.09,96.71,85.7,83.46,87.61,107.34
294.01,292.09,237.17,209.34,183.13,144.84,108.8,88.04,86.4,92.47,110.68,143.41
300.5,237.7,209.26,185.06,147.13,116.68,96.4,91.76,99.04,115.76,144.26,158.99
219.76,203.5,178.78,139.82,114.86,92.57,91.53,103.02,112.68,139.68,158.94,185.67
205.47,181.67,142.55,116.72,92.65,89.48,100.16,110.12,137.72,157.59,184.91,212.47
279.08,208.72,170.78,139.55,125.13,133.62,133.77,147.0,169.16,197.19,218.36,184.21
130.53,118.19,94.56,86.35,108.64,114.44,138.55,171.69,192.81,210.4,180.61,204.08
84.72,71.85,67.82,91.39,99.12,122.09,159.29,186.61,205.92,177.08,202.93,199.38
37.14,45.24,74.18,84.51,109.99,146.3,176.69,200.82,172.02,198.41,197.72,211.1
29.15,61.13,74.27,101.36,138.89,169.58,194.65,168.09,196.65,196.71,210.51,197.49
60.93,74.57,103.05,141.32,170.63,194.3,166.5,194.09,194.86,209.66,197.49,230.65
43.54,78.94,121.15,154.06,182.66,157.76,188.66,193.09,207.92,195.14,229.01,231.49
51.37,99.21,136.65,168.18,143.14,175.04,182.14,200.69,191.58,226.46,229.27,222.01
68.58,114.21,151.03,129.42,163.86,171.75,192.13,186.66,222.6,225.52,219.25,243.4
175.98,199.12,169.53,198.08,198.64,212.45,198.07,225.56,227.13,222.43,246.49,249.31
229.77,183.66,208.24,209.14,221.5,213.41,240.05,235.53,232.66,254.93,251.49,218.75
244.54,260.59,249.62,252.67,241.11,260.55,250.35,241.82,256.54,252.74,222.47,204.62
238.42,227.32,234.36,227.32,249.12,245.99,240.97,256.94,255.78,223.81,202.26,209.46
184.02,211.24,207.45,229.8,233.26,225.67,246.22,253.53,216.24,194.28,207.79,157.17
168.71,174.5,203.67,211.32,206.1,229.36,240.75,209.42,191.07,204.95,154.53,112.96
331.22,317.14,305.67,286.15,289.4,289.93,239.01,199.06,215.03,167.92,120.94,90.91
365.14,332.68,307.27,310.18,308.33,264.26,220.65,226.74,179.8,130.58,93.44,79.79
250.78,248.57,259.96,264.32,231.92,194.9,212.69,178.01,126.08,86.4,75.75,78.98
207.36,234.69,244.74,213.5,177.63,192.06,160.67,116.38,77.62,68.47,76.05,87.4
249.21,252.4,221.7,185.77,195.31,162.79,114.71,73.32,68.98,78.25,87.48,80.87
459.22,368.3,306.61,299.2,241.97,184.11,118.89,84.73,96.26,108.45,92.59,94.83
331.96,276.12,270.94,219.95,174.57,122.03,96.47,110.24,115.77,93.99,93.59,149.64
337.61,316.08,255.93,202.56,139.4,107.6,115.53,114.69,95.49,96.96,151.2,189.82
252.09,204.17,160.21,105.27,80.72,97.77,105.34,93.42,97.25,149.29,185.96,198.09
140.78,124.56,75.67,53.04,79.26,83.29,78.36,93.72,139.5,175.71,196.1,204.67
173.68,113.18,84.93,106.11,102.44,91.52,100.57,140.05,177.58,200.15,208.36,206.9
26.51,20.88,52.68,57.76,59.79,76.88,127.91,176.55,197.37,202.97,203.48,207.55
17.04,52.39,59.51,60.38,73.37,118.83,166.34,188.43,196.88,199.88,206.22,265.06
51.13,58.14,60.7,75.34,121.26,168.67,189.15,196.14,199.25,206.01,265.04,287.26
41.93,47.15,62.92,111.0,162.42,185.77,195.88,200.88,206.87,265.03,287.5,266.12
37.99,55.42,103.99,155.52,178.99,189.24,196.2,204.4,263.97,286.91,266.03,253.08
75.01,117.92,167.94,190.13,196.38,201.37,206.24,262.45,287.01,267.15,253.33,281.17
65.05,126.49,157.36,170.63,180.58,190.4,251.25,281.01,263.41,248.85,276.42,327.51
233.47,232.17,232.34,233.23,228.63,283.18,299.7,267.2,256.18,286.3,332.49,305.21
166.62,181.93,189.6,192.76,260.56,287.27,264.31,261.14,287.2,329.11,301.9,283.34
241.73,237.22,230.83,290.03,308.48,277.26,267.58,288.47,329.81,304.7,287.18,224.28
254.59,245.44,301.99,319.33,287.89,278.68,298.02,336.15,307.48,288.84,225.66,179.03
208.74,276.05,297.78,269.32,264.98,286.72,328.21,304.5,284.98,220.67,175.09,165.29
241.5,266.49,245.22,245.72,266.69,312.25,291.21,275.66,219.01,174.49,162.09,130.3
257.41,241.24,242.52,263.02,310.63,288.28,273.41,219.34,173.36,161.13,131.42,91.13
448.85,395.76,388.62,416.21,370.41,341.64,264.09,190.26,175.9,149.29,103.77,72.87
254.37,284.58,328.52,297.65,292.24,230.92,175.87,178.7,145.04,93.2,65.25,84.46
296.65,339.6,308.12,298.64,228.2,164.97,163.6,130.94,85.37,61.61,82.52,101.09
417.2,351.46,336.63,264.9,188.44,190.76,148.45,88.33,74.46,96.59,104.02,98.11
366.35,352.06,275.54,196.56,202.65,159.89,99.64,84.45,99.15,104.31,99.81,106.18
339.02,268.4,190.38,196.77,155.53,95.21,82.39,99.62,103.27,98.33,106.06,163.9
213.64,156.45,167.73,129.45,78.93,67.42,92.95,105.58,94.7,100.51,163.14,169.76
157.54,174.46,135.49,81.94,67.98,87.06,98.87,89.94,94.77,158.88,169.12,183.7
253.7,188.35,126.82,108.05,116.47,125.94,106.77,98.93,167.0,178.8,187.79,204.75
72.73,46.76,40.51,59.66,89.34,79.16,87.06,170.3,173.71,178.13,200.79,230.62
46.78,42.41,61.03,87.56,72.79,75.05,158.78,165.09,173.4,198.81,230.77,221.6
26.2,48.24,78.68,66.5,69.25,153.97,161.1,170.46,197.59,229.89,220.56,244.64
48.82,79.43,68.63,72.36,156.9,162.58,170.01,195.62,227.95,219.05,243.66,316.12
58.92,52.76,58.34,145.29,154.54,164.25,192.86,227.88,218.81,243.25,316.57,284.45
15.28,28.61,119.93,132.63,146.54,178.78,219.66,216.04,241.88,314.46,282.59,277.48
29.89,124.57,137.7,150.19,180.14,215.9,209.7,236.09,308.79,278.48,275.86,304.72
99.98,115.63,134.12,169.5,205.87,203.28,230.57,304.13,277.67,275.41,302.55,302.07
91.98,121.45,157.74,194.84,198.62,225.57,301.97,279.81,272.47,298.45,301.63,270.19
115.48,150.79,188.81,193.25,219.4,296.95,275.88,269.8,298.45,301.92,269.34,228.85
283.82,285.32,272.93,286.85,348.07,318.29,296.11,306.65,310.96,280.63,235.6,201.82
279.38,268.72,281.64,344.8,321.35,304.9,317.66,321.31,285.1,236.83,202.42,181.99
217.84,245.53,313.65,293.4,283.6,299.8,311.04,282.95,233.16,197.31,178.94,143.63
629.09,585.04,517.45,473.5,437.87,426.65,352.14,249.41,223.75,213.25,160.86,116.41
270.89,271.93,267.67,269.42,306.56,275.79,215.45,226.74,213.08,147.31,100.61,77.53
366.27,358.28,345.36,361.79,310.58,220.1,217.68,200.31,132.53,94.29,82.68,88.11
270.56,278.22,308.47,269.34,191.67,200.45,191.02,131.74,92.78,78.21,83.26,66.0
274.96,302.05,265.45,188.5,192.71,182.27,122.28,83.98,76.27,83.36,64.28,53.36
340.97,298.48,217.33,217.37,201.77,135.69,90.77,77.94,83.05,65.57,56.18,77.93
302.07,220.62,218.65,203.63,142.35,100.5,89.42,93.2,70.68,59.01,80.52,93.87
153.58,174.11,165.87,108.23,74.43,64.83,78.82,67.28,52.4,72.51,90.48,116.93
193.29,185.49,125.94,87.78,72.06,77.68,61.08,45.57,66.97,87.95,117.3,155.43
127.52,80.19,51.1,44.17,59.42,51.12,42.97,69.4,89.61,116.28,153.55,233.11
107.02,79.08,65.75,74.32,63.28,46.21,70.54,90.42,112.88,151.79,236.27,234.18
76.65,61.62,70.59,60.76,44.64,71.45,92.54,114.64,154.11,237.88,234.37,255.54
64.51,74.14,64.82,48.97,75.39,94.6,115.14,153.1,235.74,232.16,254.01,351.68
62.81,55.53,40.49,68.7,90.2,112.69,152.98,236.86,233.02,254.51,352.17,286.83
34.13,25.42,55.37,78.0,103.09,144.39,231.43,231.31,252.56,349.66,285.43,276.11
17.61,47.69,71.61,97.83,140.53,229.18,230.45,252.63,350.9,286.37,276.08,264.58
46.24,73.54,100.67,142.87,229.45,227.45,248.73,347.2,282.79,273.73,264.25,266.55
85.41,107.1,147.4,233.34,231.81,254.42,351.24,284.98,276.34,266.69,267.74,241.78
44.73,99.99,194.75,200.07,229.59,331.88,273.14,271.88,262.73,262.64,237.81,244.51
85.48,186.19,193.63,222.73,324.21,261.38,258.85,253.36,255.4,232.58,242.07,204.53
118.25,140.18,180.43,290.56,232.74,236.4,236.9,246.94,228.84,238.63,201.2,156.05
76.83,140.21,258.65,205.32,217.34,217.37,233.79,224.88,230.5,192.31,152.72,146.79
230.79,332.23,267.48,268.64,254.49,256.5,232.01,226.89,188.47,153.14,149.13,139.19
180.41,138.97,163.17,170.77,191.99,192.75,207.63,185.22,157.53,148.35,131.82,103.72
160.95,209.86,207.78,214.76,216.55,207.76,181.59,159.52,131.91,117.68,107.82,94.64
222.23,213.0,220.0,222.85,212.26,188.48,164.09,133.39,121.35,111.44,95.31,67.37
282.03,273.53,266.18,248.44,218.57,189.09,150.74,129.68,115.96,100.04,71.48,56.1
297.29,281.37,260.04,228.95,198.04,161.81,138.95,121.21,104.53,74.85,56.75,57.78
242.97,231.95,204.92,177.14,146.11,126.95,114.58,103.72,73.43,53.95,55.56,52.76
220.13,198.55,172.38,141.11,121.83,107.83,98.4,70.96,51.64,53.65,52.3,50.66
218.57,193.5,158.63,135.5,120.51,105.85,75.36,54.63,52.31,51.43,52.79,40.2
187.42,153.84,131.5,117.72,105.08,76.42,56.9,54.79,52.8,53.3,40.4,52.77
151.04,130.54,116.6,103.39,74.82,54.51,53.27,52.33,52.55,39.84,52.98,56.18
41.56,52.94,51.57,30.83,20.3,23.56,32.88,45.5,32.78,44.88,51.54,71.32
37.51,45.12,27.43,16.68,19.12,23.13,35.35,25.78,38.23,46.79,70.36,111.21
35.13,21.4,12.34,16.27,22.41,34.49,25.56,38.82,46.14,69.76,111.91,115.7
52.68,34.95,34.31,37.45,46.37,35.34,45.69,48.87,72.24,114.81,117.87,136.45
97.5,77.28,72.21,76.37,58.6,67.46,64.48,78.5,121.58,124.91,139.88,167.39
109.29,92.98,92.71,73.4,79.85,78.29,90.0,127.31,129.99,143.96,168.5,206.4
138.52,123.71,97.48,100.08,94.15,105.44,138.65,134.93,149.01,173.28,208.22,213.74
83.52,64.08,71.35,70.34,87.38,127.6,130.43,149.41,174.62,207.59,211.54,200.89
27.39,48.51,51.28,69.43,113.37,114.69,137.71,169.82,201.83,205.95,198.91,187.81
35.03,41.98,63.18,108.43,109.04,131.04,163.27,197.06,203.27,197.38,187.12,168.38
24.4,50.91,99.18,101.92,126.48,159.37,194.31,202.12,195.58,185.11,167.33,155.55
33.82,87.18,92.55,118.5,152.5,186.94,195.2,191.02,181.36,164.22,153.78,137.46
52.91,62.32,94.14,133.02,170.06,183.26,183.03,177.23,164.27,153.8,135.94,96.5
53.62,94.7,133.55,168.87,183.7,178.87,173.32,163.22,148.78,131.51,96.87,81.14
89.2,128.54,165.69,181.73,176.2,170.96,160.32,145.99,130.4,96.37,80.36,81.95
179.75,200.98,211.44,202.27,189.78,176.72,155.4,131.88,99.83,84.98,83.71,99.76
109.11,142.4,144.79,141.85,141.34,128.87,116.41,96.35,80.9,77.07,94.58,105.81
218.4,203.56,190.77,181.2,156.93,134.67,104.9,81.01,78.15,98.63,109.86,102.97
198.81,190.07,179.9,156.59,139.32,111.46,88.41,85.55,100.11,109.09,103.23,96.14
163.18,163.1,141.97,125.94,101.87,79.12,79.85,99.18,106.04,99.47,94.61,76.23
190.47,163.25,143.83,116.62,89.47,87.19,103.14,106.82,100.54,96.43,77.51,60.05
315.49,251.33,204.4,164.44,145.28,155.37,142.5,114.55,111.24,93.42,68.29,44.31
172.53,145.44,113.43,102.46,127.55,126.24,111.09,117.68,94.72,64.67,41.23,43.59
138.37,116.33,104.35,125.3,123.26,101.05,108.47,90.15,57.95,36.17,43.99,50.65
52.44,56.88,87.23,91.69,76.32,88.25,76.88,52.88,32.3,39.47,47.63,47.73
66.45,94.2,99.07,82.31,89.15,73.68,46.55,25.08,36.22,46.88,47.39,48.61
57.27,70.7,60.7,72.84,60.84,36.56,17.36,31.81,44.01,44.6,46.3,80.33
126.87,98.21,104.46,88.94,56.71,35.09,42.72,45.93,49.43,52.48,82.98,113.71
111.92,112.24,94.08,61.51,40.02,49.94,53.32,54.32,56.42,85.77,114.54,108.86
59.42,57.33,30.85,13.4,29.83,35.64,43.2,53.21,81.25,108.91,105.76,145.32
73.56,47.44,27.24,40.76,45.31,48.31,56.37,83.18,108.11,105.53,147.33,170.14
9.59,2.03,19.06,26.31,35.45,45.39,77.65,108.39,103.17,143.81,169.11,156.07
2.29,19.75,26.94,35.06,43.82,74.25,104.71,100.37,142.27,168.34,155.85,164.94
30.93,35.56,43.54,52.22,80.91,109.92,102.9,142.07,168.01,155.94,164.92,203.53
27.6,37.01,45.97,75.88,107.78,102.55,143.2,169.94,156.66,164.89,203.63,161.07
103.93,92.61,113.63,139.39,125.08,162.49,182.04,159.81,169.97,209.98,164.31,124.73
470.52,375.24,353.64,309.31,302.19,308.87,244.79,199.59,245.96,204.04,143.52,114.6
245.57,248.91,217.64,227.44,260.11,222.92,199.25,259.2,210.92,140.37,107.31,112.74
227.64,201.12,212.94,243.38,201.2,174.89,238.87,197.73,135.03,104.65,110.63,100.93
259.36,257.34,281.91,234.18,199.2,257.62,207.54,136.54,106.72,114.3,103.23,110.65
240.22,260.66,217.09,187.12,247.26,204.37,134.65,104.88,117.56,105.66,108.37,88.02
401.53,317.99,270.72,318.38,256.28,177.72,131.01,124.14,115.26,121.41,95.96,78.6
229.42,201.98,259.88,208.81,147.09,114.7,120.98,121.58,123.21,92.24,74.17,84.82
286.43,320.0,259.23,188.04,137.88,134.63,124.67,116.34,92.77,78.96,86.36,78.94
306.08,241.7,174.95,130.13,128.08,125.98,118.81,94.14,84.17,90.3,77.85,87.57
344.91,254.39,193.69,180.7,171.07,157.03,122.7,99.42,99.62,87.03,95.53,128.86
201.96,153.22,144.74,139.81,134.61,108.18,95.26,102.94,88.61,94.23,127.52,143.78
274.65,233.27,212.57,194.12,149.69,126.2,119.98,90.8,100.21,137.12,149.87,188.67
375.07,306.11,272.23,220.59,181.38,175.54,130.2,114.79,154.28,166.76,194.23,303.13
229.46,211.96,167.45,137.07,145.59,112.5,109.26,157.97,167.43,190.51,298.9,278.79
96.34,81.01,65.6,83.28,58.5,60.86,123.69,151.07,180.34,288.87,271.58,265.93
60.85,52.42,75.09,51.61,52.44,111.99,139.8,172.42,284.55,269.19,264.97,270.3
41.14,73.69,52.74,54.08,114.57,137.58,169.33,282.45,263.95,260.64,270.21,283.75
61.29,42.31,45.76,108.35,133.95,167.33,281.23,263.43,260.6,270.1,283.7,311.85
19.88,28.13,92.58,120.48,159.07,276.15,263.19,263.2,271.11,283.5,312.28,311.91
22.48,89.19,117.41,154.84,270.42,254.53,254.94,265.15,279.24,309.37,310.84,303.49
79.67,110.61,150.13,267.21,251.42,251.75,261.4,276.37,307.57,310.04,303.67,287.47
68.62,119.64,243.41,233.19,238.81,251.52,270.38,305.14,306.35,298.92,284.04,331.59
81.8,214.36,209.4,218.12,231.95,250.96,287.36,294.52,291.73,278.25,326.7,297.28
320.41,269.09,269.53,279.77,279.29,318.15,312.55,291.82,293.48,344.75,301.43,278.98
781.88,645.08,585.64,538.62,526.01,492.81,415.4,345.46,386.62,346.48,307.62,289.39
356.68,369.26,351.23,369.18,388.66,351.59,325.04,402.26,345.7,290.5,275.0,236.76
272.37,287.97,316.8,335.71,297.45,262.56,351.0,316.54,270.02,259.23,229.53,178.94
341.68,359.31,375.62,332.45,285.56,365.26,319.03,264.91,258.14,232.18,180.83,126.58
381.52,383.52,340.78,296.43,373.75,332.63,274.58,261.19,239.6,187.83,127.35,85.55
384.86,349.5,303.26,378.12,339.32,277.33,263.04,242.45,184.57,124.29,87.36,102.89
222.56,206.82,298.15,272.17,226.86,224.57,220.73,179.5,119.61,79.64,97.06,103.09
236.47,326.47,297.4,245.08,232.11,215.48,168.31,107.79,70.67,92.78,103.05,82.43
322.14,292.26,243.81,234.3,216.66,171.14,107.68,68.66,93.01,104.07,82.21,102.5
289.5,246.94,236.17,218.99,179.37,115.9,78.16,101.99,105.3,81.39,104.33,179.71
305.82,272.94,247.55,202.6,128.89,90.08,109.74,105.83,88.04,112.44,182.33,192.86
268.43,240.39,196.43,124.15,85.64,109.24,107.49,89.89,116.19,184.88,192.36,263.56
291.27,245.32,165.55,120.31,141.41,129.49,104.5,124.02,182.75,190.1,266.1,422.07
255.18,175.45,124.89,144.72,138.31,114.87,136.26,194.2,194.28,268.01,425.33,343.71
99.82,66.61,93.64,93.01,78.49,107.48,177.93,190.3,265.67,420.8,339.74,278.96
58.49,89.77,92.11,77.07,102.68,168.85,180.39,257.73,416.19,337.0,277.28,302.51
65.27,78.21,69.07,98.14,165.35,174.98,252.25,411.92,332.1,273.23,301.0,326.79
89.55,74.61,101.56,168.22,178.94,257.97,417.11,335.36,276.81,304.27,328.68,291.97
16.29,56.27,129.55,145.55,233.01,398.23,325.44,275.11,302.55,325.39,289.73,275.5
61.26,135.26,151.04,235.98,397.54,318.89,266.0,294.62,319.91,286.92,275.38,272.24
105.81,129.57,219.7,385.37,308.77,257.67,287.98,316.11,284.21,273.57,272.05,243.77
62.03,170.47,346.41,277.21,233.16,267.15,301.47,276.94,266.13,263.76,237.71,276.53
136.72,318.35,256.83,216.98,247.61,280.47,253.52,246.81,253.54,230.52,268.93,298.75
366.21,270.19,230.15,264.73,286.57,269.54,257.57,253.39,246.53,286.14,301.6,248.39
322.93,296.29,314.66,322.95,313.98,287.28,280.11,271.58,283.59,295.76,256.64,226.66
341.75,352.86,352.33,337.05,307.7,296.56,283.94,291.07,297.43,257.48,228.43,215.11
203.67,241.78,245.64,230.64,237.2,236.86,261.76,288.36,248.92,216.54,205.99,177.3
242.61,251.15,236.72,239.87,234.28,251.45,275.75,239.36,210.15,202.79,177.21,124.98
268.01,251.65,253.31,246.37,263.23,285.9,246.65,214.78,204.78,179.1,127.42,92.46
338.2,320.49,301.21,308.94,323.83,277.38,235.25,213.81,183.88,133.05,97.83,95.78
275.01,264.12,277.15,297.78,258.94,225.18,210.91,186.04,134.59,96.97,93.85,80.83
197.61,231.85,260.79,225.84,197.47,183.43,165.85,125.27,88.02,85.19,76.5,79.3
350.91,345.68,298.01,259.43,226.61,199.61,142.49,88.47,90.99,86.27,84.27,88.81
329.55,280.73,244.58,217.04,195.58,147.5,96.69,98.48,92.76,87.83,88.64,102.59
302.57,263.41,230.94,205.32,155.42,101.63,102.84,95.93,88.86,89.65,104.46,137.59
261.64,229.73,204.38,154.54,100.37,101.99,95.88,89.1,90.01,104.49,137.11,189.33
263.86,229.72,175.49,118.22,116.26,107.78,97.4,93.55,107.28,140.01,191.09,220.18
164.64,134.17,83.42,86.07,88.42,79.93,84.02,107.43,134.0,183.13,217.72,234.55
67.29,37.36,47.65,54.58,54.15,59.87,91.85,129.12,177.38,211.47,232.33,211.53
9.79,31.54,42.68,43.15,49.2,77.59,116.93,170.08,205.03,227.28,209.92,216.11
44.59,50.2,51.29,57.54,82.38,120.58,170.69,202.54,228.03,211.99,216.65,231.99
44.8,50.06,56.87,82.59,123.91,173.65,205.87,231.02,211.19,215.13,232.37,275.87
95.6,86.14,105.1,142.71,188.14,220.03,241.47,215.38,220.76,238.36,278.88,262.68
26.06,59.63,103.76,154.65,194.67,222.06,204.77,218.77,236.06,274.96,260.09,241.35
117.02,146.61,191.26,225.24,242.36,217.82,223.36,233.22,274.78,262.68,243.23,271.41
64.16,130.55,175.98,202.87,189.44,202.36,220.4,271.04,257.59,236.11,266.15,275.9
102.04,150.34,182.81,172.87,184.43,204.02,256.45,246.78,232.42,263.91,272.2,260.92
208.23,223.82,207.23,214.08,226.08,274.76,257.05,234.71,267.84,277.5,263.72,231.21
287.8,252.94,250.8,258.22,302.86,284.57,256.19,279.55,285.97,271.11,235.56,206.25
208.13,227.5,236.34,281.79,274.54,246.52,276.82,291.55,266.32,228.03,205.34,162.15
238.67,242.98,287.5,278.66,246.12,275.41,288.74,262.64,227.86,206.29,161.68,127.8
356.86,365.26,343.16,301.79,316.17,325.63,285.72,234.2,216.66,173.63,132.44,103.24
424.05,378.73,330.05,341.87,345.87,310.2,253.36,225.83,184.78,142.59,106.45,86.48
342.56,306.01,320.08,326.2,298.78,246.07,225.29,189.96,142.59,103.84,85.94,93.52
272.51,300.67,310.38,283.21,232.34,208.69,176.36,135.63,96.11,79.0,90.75,99.97
264.15,277.98,258.74,213.26,189.11,160.44,122.02,86.45,76.72,89.6,96.59,76.61
295.88,276.16,229.4,203.21,171.44,127.97,87.85,75.67,87.25,95.6,77.55,98.96
218.11,187.24,168.37,142.99,108.84,74.14,69.43,88.11,94.16,74.12,97.08,106.69
203.55,184.56,156.37,118.34,79.75,69.27,86.36,92.08,71.64,96.09,107.86,124.77
116.27,108.49,79.36,46.98,45.93,66.9,80.72,69.58,91.88,102.04,121.86,165.03
94.79,79.07,47.48,44.75,67.88,74.85,64.43,90.37,95.27,115.96,165.64,217.38
61.1,36.95,35.36,59.46,70.66,60.12,88.75,96.69,114.64,163.86,218.08,218.7
88.72,71.59,88.75,95.18,77.74,103.32,106.15,117.2,167.97,223.29,221.69,234.09
27.17,54.77,67.49,55.57,87.25,94.81,111.21,166.6,221.46,218.26,230.83,285.13
59.87,73.8,61.42,91.91,97.19,109.74,163.13,217.67,214.85,228.8,284.78,302.64
45.02,36.11,70.64,80.49,97.6,156.77,215.73,215.6,230.7,285.24,301.41,277.82
35.16,74.4,82.69,97.54,157.46,212.69,212.62,229.75,281.84,298.38,277.85,251.87
51.29,63.59,82.48,145.6,202.59,205.12,224.58,279.19,297.9,277.34,250.86,233.66
51.7,78.94,142.79,199.39,204.32,221.21,276.63,297.68,273.72,247.36,233.75,217.91
40.32,113.6,175.83,184.65,205.29,263.15,287.79,268.7,243.56,229.78,214.81,194.67
86.9,154.42,168.33,191.89,249.94,275.09,256.67,235.09,225.34,211.58,191.72,176.52
107.76,133.97,164.25,227.18,257.81,242.26,225.19,221.76,208.53,188.49,175.0,133.22
97.66,146.16,212.58,243.77,232.99,212.01,211.66,205.32,180.49,167.37,132.13,103.81
103.7,184.44,221.98,214.56,197.11,196.15,192.21,173.47,160.31,125.6,100.41,93.68
151.15,197.09,196.08,182.71,183.02,179.85,162.42,153.15,121.14,96.72,90.67,95.29
177.84,186.02,174.45,175.5,176.05,157.42,149.81,121.52,94.1,87.82,95.44,63.81
171.53,172.06,172.9,172.03,157.49,146.25,119.76,96.45,83.8,90.92,64.54,48.1
229.27,219.05,209.79,188.52,171.78,139.14,109.11,89.68,93.29,67.53,51.68,44.77
225.26,216.24,193.09,175.74,144.56,115.17,95.56,98.18,68.95,51.88,45.24,40.15
159.97,152.83,141.93,115.26,93.23,77.57,87.59,66.79,48.64,40.5,37.23,33.59
209.11,187.31,153.12,123.87,100.04,102.16,74.02,49.77,40.95,39.63,36.66,34.78
191.86,154.27,124.34,101.48,105.4,80.69,56.91,46.49,44.08,39.65,35.76,25.43
156.77,130.95,106.1,107.74,84.0,57.57,47.65,46.31,38.19,34.11,26.47,30.97
73.36,65.46,74.49,55.67,36.26,29.43,34.92,34.81,29.74,21.1,28.05,44.58
83.83,88.85,68.51,46.67,34.92,36.21,32.78,25.78,19.41,28.22,45.01,51.23
170.77,122.51,91.69,74.88,65.65,60.97,44.64,25.27,37.65,55.51,55.62,58.06
119.0,89.81,71.66,63.12,63.29,50.1,33.08,45.31,58.48,56.27,58.81,86.94
114.51,87.72,75.58,73.23,56.01,38.26,49.04,59.15,58.76,61.74,88.0,114.29
48.14,45.74,48.38,34.98,21.78,36.16,51.52,56.47,59.95,85.3,112.05,124.8
26.74,35.65,25.41,13.49,28.47,42.68,48.89,55.25,81.69,109.09,123.24,153.98
31.62,23.36,12.5,28.17,42.69,47.96,53.83,80.48,107.82,122.44,154.01,164.21
6.04,-1.53,16.21,32.87,40.78,48.85,78.17,107.62,122.61,153.72,163.85,150.11
8.2,23.78,39.32,45.92,51.93,79.34,107.53,121.43,153.03,163.78,150.24,158.23
23.39,38.74,45.97,52.76,80.37,108.86,122.25,153.08,163.71,150.1,157.89,163.1
29.19,38.78,46.52,75.22,105.51,119.97,152.09,163.82,149.77,157.18,162.72,152.74
24.55,35.3,65.27,96.53,112.79,146.34,160.42,148.86,156.87,162.23,152.48,124.55
19.52,54.63,88.13,105.3,139.93,153.67,143.5,154.05,159.75,150.26,123.51,125.95
80.69,106.92,121.75,154.33,163.59,150.77,156.77,158.51,150.5,125.03,126.73,134.1
141.93,143.95,172.54,180.37,164.02,171.02,168.76,154.53,129.86,131.47,135.71,120.01
121.64,155.3,165.21,151.13,162.06,162.89,151.57,129.86,130.53,133.49,117.86,108.6
183.26,182.96,165.93,174.63,169.87,157.37,132.07,129.17,135.59,121.13,109.46,78.7
236.7,204.96,206.52,197.36,179.7,152.75,144.23,142.85,126.99,115.16,82.0,56.0
206.41,209.72,198.76,180.29,155.86,148.22,147.58,131.8,116.17,81.54,56.07,48.18
318.44,272.61,241.08,207.85,185.17,180.89,153.08,121.86,91.74,67.97,53.0,50.01
237.73,213.39,183.24,164.74,168.65,148.51,123.48,97.44,70.88,52.71,48.66,41.8
344.34,277.64,241.95,232.66,194.69,160.8,120.61,77.31,61.72,60.47,48.91,36.42
221.64,200.98,197.73,166.04,143.34,111.4,76.13,66.87,60.79,45.54,33.77,45.14
163.3,170.09,143.8,123.41,92.09,56.68,51.09,51.28,39.85,29.22,41.9,54.96
79.08,75.97,69.7,47.62,19.53,18.89,28.22,28.74,22.09,34.85,49.84,60.76
44.27,52.51,35.25,8.25,9.82,14.53,16.5,15.41,27.31,43.78,59.6,81.58
37.74,26.3,2.36,5.72,11.92,12.66,12.24,25.58,41.46,57.82,81.68,115.57
134.2,82.11,70.86,66.98,56.3,48.34,49.76,50.83,65.55,91.02,122.53,134.44
147.82,113.5,99.91,85.49,73.58,77.99,74.59,78.38,102.26,131.88,138.15,168.71
104.77,91.03,76.34,65.41,71.76,72.07,79.23,104.24,133.78,138.59,167.63,204.08
152.71,119.46,100.45,101.21,93.02,97.26,115.97,137.11,143.89,173.88,207.0,225.99
136.84,108.46,106.78,98.77,102.38,125.04,145.6,148.69,179.62,211.39,226.46,241.17
28.19,48.21,49.71,60.17,92.9,118.97,132.32,174.81,206.25,219.69,236.86,232.89
31.28,40.35,54.17,87.1,111.68,120.87,163.1,197.81,213.28,232.4,231.23,242.04
21.9,39.39,75.69,103.26,115.25,159.48,195.54,212.49,232.06,230.68,241.52,193.81
25.74,67.0,96.7,109.61,154.33,189.27,206.87,228.34,227.11,238.54,192.48,160.44
44.81,78.95,95.42,142.83,180.11,199.65,222.66,224.06,237.06,191.13,159.18,132.7
71.37,88.09,137.4,176.09,195.11,219.26,221.71,235.22,191.36,159.83,132.72,119.44
163.5,192.52,221.22,232.62,247.59,244.62,249.2,195.49,164.3,138.73,123.44,111.64
152.38,189.75,206.52,226.74,229.98,240.54,191.32,164.22,137.99,120.98,108.93,145.42
153.18,179.5,204.71,211.02,224.71,176.71,153.36,132.63,116.93,105.03,142.93,159.62
297.14,291.42,282.56,284.82,220.78,187.83,152.12,121.13,110.64,151.61,165.39,126.22
181.76,197.28,213.95,163.38,146.92,125.87,108.82,110.86,150.5,159.53,119.58,119.87
209.33,233.85,180.8,158.77,133.42,104.92,103.06,144.3,150.4,113.07,119.6,125.29
94.82,78.84,75.47,64.33,53.53,62.66,120.03,144.43,106.45,109.99,118.92,76.14
78.11,87.1,74.25,57.98,66.5,112.99,136.62,103.05,101.93,112.87,77.71,47.43
176.83,142.94,115.57,115.62,152.7,168.84,123.98,110.33,118.58,84.87,53.56,53.56
118.26,99.74,100.59,139.97,165.01,124.33,115.51,126.71,86.4,52.27,54.2,57.57
74.13,81.91,123.77,149.66,110.32,102.09,117.68,82.2,49.33,51.6,56.37,59.75
38.25,93.19,125.8,89.88,84.19,99.75,67.39,40.82,44.81,50.33,56.05,79.42
71.37,106.79,76.62,74.86,89.42,57.94,31.07,36.69,47.27,54.31,76.77,111.95
165.61,118.23,109.56,119.89,81.16,51.22,49.69,51.52,59.55,83.28,115.98,107.67
133.88,122.22,128.44,88.29,60.87,60.57,62.53,68.21,86.97,117.59,109.01,120.74
124.3,128.92,88.35,60.64,59.13,61.29,67.23,85.9,117.54,108.75,119.5,153.06
123.99,87.06,59.32,57.77,61.56,67.25,87.13,119.91,108.9,119.11,153.8,133.15
18.09,16.68,21.55,29.02,46.22,66.93,108.38,108.62,112.09,144.82,130.67,121.87
5.42,14.63,23.71,40.5,60.43,99.55,100.7,107.13,141.79,128.98,121.68,93.46
16.48,25.37,43.12,63.18,100.81,100.69,105.81,139.78,128.12,121.66,93.65,95.76
183.75,154.15,154.86,179.66,160.52,158.32,173.69,138.79,134.93,109.34,104.0,107.58
176.07,163.91,185.03,167.3,167.11,190.74,156.2,146.31,118.8,110.25,108.46,109.74
253.89,245.06,214.72,206.32,218.18,181.34,162.47,123.05,118.26,117.48,112.82,103.49
253.29,211.42,202.57,216.8,178.72,168.03,129.87,122.12,125.7,119.53,103.65,81.71
127.77,145.58,169.47,137.19,136.7,101.78,104.37,120.7,112.02,94.55,77.09,86.14
202.7,213.39,175.58,168.72,122.05,115.82,122.23,106.44,92.82,78.99,87.59,113.67
283.22,214.03,201.0,153.54,139.39,151.49,128.37,101.11,93.13,101.2,117.05,114.25
275.86,248.56,190.07,168.87,177.92,151.83,119.71,104.19,106.79,121.59,118.19,107.46
220.52,167.14,148.74,160.87,139.12,112.37,102.17,108.46,123.06,118.0,106.39,101.06
241.0,205.28,207.14,177.2,141.33,124.56,123.02,128.28,121.91,111.51,105.14,96.87
265.36,243.52,206.87,168.08,143.18,143.97,143.0,126.39,120.36,114.0,98.66,96.79
223.85,184.51,149.12,128.52,131.46,138.58,125.99,120.98,118.91,102.1,95.46,126.52
120.09,106.13,93.21,100.22,114.93,103.26,106.08,114.03,95.39,88.15,123.68,185.81
239.57,188.84,179.5,181.7,151.49,144.36,136.54,100.03,96.54,135.79,193.39,185.03
203.87,186.3,186.31,157.69,152.78,150.67,113.77,105.42,142.15,197.2,185.47,210.51
158.19,163.45,138.2,136.41,137.1,103.25,98.43,138.64,195.21,182.95,207.66,234.08
113.0,97.08,103.24,109.92,78.48,78.46,124.8,187.67,180.72,205.58,230.89,217.01
73.72,87.01,97.31,67.31,68.31,114.04,179.18,176.09,202.58,228.38,215.53,217.51
82.55,97.86,69.28,70.27,116.29,178.38,174.27,201.19,225.43,213.2,217.48,261.25
105.51,75.99,75.44,120.93,184.58,179.92,206.25,229.14,214.56,218.52,263.13,276.6
37.1,48.8,96.91,162.72,165.23,193.91,223.41,215.49,216.44,259.81,276.24,243.82
29.79,83.71,152.78,156.18,184.1,211.87,205.18,209.34,254.79,272.42,241.62,249.75
116.25,177.0,178.13,204.21,226.2,215.48,212.4,252.06,271.21,242.18,249.74,263.63
88.32,105.72,144.85,178.81,178.42,187.34,237.52,266.21,241.08,246.52,258.46,234.27
69.5,123.94,161.27,160.94,173.0,219.66,252.1,234.76,239.01,251.78,232.48,203.06
203.66,218.73,209.92,215.25,250.18,276.22,247.61,240.55,255.89,238.89,206.54,214.46
273.77,249.79,246.88,278.19,302.69,274.55,262.44,268.94,247.19,213.27,218.86,192.21
149.32,181.34,221.65,252.39,240.71,232.96,252.85,246.89,204.38,206.74,187.75,163.91
230.89,255.69,281.32,264.16,245.42,259.82,246.68,198.63,207.09,191.08,164.78,137.57
292.81,303.29,283.29,263.94,272.96,261.65,208.39,209.76,196.89,170.7,138.6,107.56
343.43,312.23,287.15,292.8,278.34,224.5,221.81,203.21,175.63,143.17,110.22,90.7
298.93,281.33,286.94,272.64,223.47,221.72,205.67,180.3,142.59,107.93,90.51,103.26
230.81,248.46,240.68,195.66,198.44,185.88,166.81,136.82,104.38,86.46,99.76,84.3
245.19,241.13,197.3,198.87,183.53,160.56,129.43,98.95,82.67,97.82,84.32,63.81
265.01,218.23,217.02,199.64,175.83,142.07,108.09,87.97,99.44,85.86,66.34,85.0
281.73,265.0,238.28,208.38,168.98,131.08,104.23,106.81,90.42,71.09,88.53,98.23
279.14,238.52,207.76,169.9,128.76,108.54,111.47,91.54,78.38,95.15,98.01,103.73
249.71,217.63,177.7,134.79,114.04,115.94,95.68,81.41,96.3,98.62,104.48,153.74
152.86,135.91,100.33,84.2,95.42,76.53,69.97,94.4,92.27,96.73,150.98,189.94
165.42,123.94,103.4,110.39,86.82,75.45,96.57,91.87,96.96,152.85,192.51,174.96
154.91,122.61,126.14,101.29,86.8,109.08,101.6,101.17,158.11,197.39,176.55,202.6
64.17,83.94,66.53,57.63,87.47,83.71,90.28,154.81,193.21,171.09,199.1,237.03
284.54,208.81,175.73,188.2,156.76,150.74,191.49,201.57,185.0,217.63,247.13,255.54
17.91,33.3,67.7,56.58,82.68,145.64,181.87,189.0,213.95,235.04,246.51,248.62
49.85,85.65,72.22,91.61,144.88,168.78,172.53,199.68,225.53,241.91,248.37,250.63
142.67,108.89,123.46,174.61,191.04,194.71,213.86,229.53,249.41,256.92,254.26,237.13
39.87,73.14,131.99,155.49,171.16,197.36,222.63,251.02,254.88,249.34,234.25,238.41
54.93,121.44,148.16,163.69,187.77,208.59,236.97,244.46,241.34,228.48,235.63,267.11
92.79,122.43,143.77,172.96,195.85,228.26,237.05,236.24,227.6,235.0,264.84,253.27
169.96,175.12,198.81,218.48,244.63,251.98,246.31,230.64,240.06,270.67,256.09,219.81
250.09,258.81,266.58,284.24,285.59,273.37,248.88,248.96,273.99,259.8,224.24,190.72
180.72,204.49,232.38,243.54,242.54,229.43,239.76,273.42,259.53,220.61,185.7,203.05
198.8,229.83,241.96,239.48,222.82,229.44,263.08,251.88,216.09,183.08,201.71,182.32
238.23,248.62,245.61,228.22,233.57,266.44,253.25,216.47,183.69,202.66,182.98,145.95
328.67,305.18,277.41,275.68,301.01,282.9,236.23,191.99,208.52,189.25,150.18,175.13
330.02,295.0,287.88,311.31,294.4,250.02,205.29,218.28,195.17,154.45,178.07,120.47
190.56,213.92,249.26,240.15,208.02,169.2,195.45,188.17,145.96,167.56,114.37,99.39
265.28,287.19,274.01,236.41,185.78,204.33,188.13,139.51,166.33,116.66,100.31,110.92
266.2,257.31,224.12,178.06,199.92,187.68,140.38,167.68,117.5,100.06,109.73,106.99
264.79,231.2,182.49,202.2,190.67,142.14,169.39,119.72,100.8,110.42,108.64,94.84
256.48,200.67,216.68,202.68,151.71,178.58,127.94,105.77,114.6,112.62,97.66,110.66
154.4,189.47,180.01,131.11,165.34,113.78,96.91,113.21,105.95,89.8,107.97,149.97
205.41,192.02,142.46,175.18,118.04,97.53,109.97,100.66,87.8,108.25,150.3,170.2
175.8,127.35,162.68,109.33,93.01,110.72,104.55,92.05,111.8,152.05,170.13,179.81
75.65,131.88,82.97,68.2,92.61,84.09,77.1,106.38,143.04,160.87,176.53,193.04
83.58,40.95,35.66,66.82,58.96,57.04,91.57,133.84,159.96,176.63,190.75,198.58
28.2,42.2,72.62,61.71,65.54,91.04,133.69,163.6,168.4,182.22,199.78,238.8
40.26,70.08,59.86,64.52,89.9,132.47,161.8,166.27,181.2,199.14,237.96,244.07
67.92,53.56,58.88,85.85,128.36,160.83,166.46,181.14,201.97,240.68,244.46,218.38
23.78,41.8,70.99,114.54,152.68,157.74,176.45,202.55,237.08,239.95,217.76,223.74
81.3,100.74,139.59,173.7,172.46,186.81,207.84,237.12,240.87,220.24,225.76,216.45
50.43,102.53,143.37,147.71,168.98,194.51,228.89,238.41,216.83,220.94,212.79,219.59
205.92,212.56,205.12,218.35,228.58,258.29,254.85,218.42,228.86,223.37,223.6,213.86
115.46,131.07,156.01,177.11,222.04,230.64,207.37,229.88,222.18,218.49,209.46,176.46
261.92,256.85,259.95,289.26,279.78,241.59,248.04,225.36,221.63,216.62,183.31,154.0
241.73,244.59,276.25,271.63,238.87,253.83,233.69,228.96,221.84,185.4,152.86,140.97
197.02,242.4,243.18,213.54,233.09,214.68,215.35,215.82,179.92,146.98,137.03,116.28
298.39,280.79,245.66,260.52,231.45,228.67,221.3,177.92,150.57,143.06,118.59,87.02
287.17,248.46,262.23,233.99,233.77,230.31,187.66,158.38,148.61,122.21,88.62,67.1
260.51,278.93,246.98,242.42,238.86,190.54,159.9,150.54,118.67,85.27,68.04,73.52
297.23,256.15,250.49,246.75,194.66,165.7,153.92,118.56,88.65,71.92,74.15,74.58
264.07,255.17,250.15,197.85,169.16,158.87,123.61,92.13,74.53,75.84,74.97,79.43
390.12,345.08,276.08,235.51,206.58,163.92,116.63,80.37,85.63,87.46,85.47,90.88
297.58,236.85,201.55,179.79,147.66,111.79,83.85,93.45,92.61,86.44,89.46,107.41
183.4,169.58,152.96,122.18,91.82,61.5,78.06,87.08,77.92,80.79,104.53,154.7
303.54,247.38,200.9,158.7,108.8,116.65,109.49,81.94,90.22,117.56,161.52,148.41
210.46,169.61,132.08,88.72,105.35,107.87,86.41,96.97,121.89,162.07,146.54,191.89
175.91,139.96,94.28,108.15,110.01,85.05,95.92,121.69,160.44,145.51,192.97,216.38
82.36,53.31,74.39,81.37,63.04,77.27,110.51,157.19,141.71,188.31,214.08,216.93
21.43,51.02,62.84,46.8,62.85,95.88,145.64,135.05,184.03,210.44,214.58,231.43
160.28,140.65,112.95,120.39,137.16,178.98,153.85,186.41,216.64,224.11,236.67,260.98
52.15,44.48,62.32,89.99,148.22,135.73,180.6,220.59,224.71,232.81,257.31,273.34
138.26,130.22,145.14,192.75,165.33,201.25,231.31,224.53,236.56,264.48,278.2,274.75
27.36,66.24,127.73,112.11,162.12,203.7,209.7,233.84,261.41,271.81,268.86,281.53
117.48,170.69,148.8,191.62,223.61,218.52,233.59,255.8,267.12,267.71,282.86,309.59
74.36,70.79,127.86,173.0,180.32,208.77,242.66,264.15,267.52,279.98,304.98,278.01
687.84,570.04,535.86,486.93,438.31,434.78,385.18,303.92,324.17,359.92,309.31,251.1
529.02,478.42,432.42,400.78,418.79,409.26,342.53,358.0,389.47,324.55,247.64,260.83
310.56,317.67,302.41,328.41,336.32,273.96,312.99,373.8,306.83,228.03,251.08,254.63
226.94,245.67,284.82,296.55,237.98,271.75,339.31,288.32,211.64,237.32,249.14,213.56
149.14,212.03,239.78,191.28,232.72,304.67,261.06,197.17,228.97,241.67,207.81,133.24
224.49,253.84,206.93,246.56,312.63,260.47,190.3,220.51,235.22,205.2,134.1,140.16
331.1,262.26,292.93,354.23,295.74,222.74,242.71,244.55,212.91,142.62,146.0,158.24
305.86,317.19,372.13,312.22,236.5,261.66,262.83,223.09,152.81,154.2,160.53,139.79
245.88,324.64,272.92,201.09,232.58,233.96,201.17,142.57,142.79,148.88,133.2,167.16
315.19,264.19,195.42,229.35,230.5,198.94,140.15,140.95,149.93,134.92,167.87,194.2
365.11,271.32,290.31,281.34,239.88,174.83,166.78,162.69,144.47,177.96,202.06,206.36
179.74,226.05,225.54,190.47,139.9,138.83,147.88,143.96,173.18,194.05,202.07,220.86
226.6,226.3,195.76,145.74,137.08,140.67,132.57,160.54,187.4,198.34,217.19,407.66
199.08,181.25,133.55,127.79,140.38,132.43,162.67,192.7,196.15,213.34,407.97,374.61
254.62,186.91,169.22,173.93,157.52,183.2,207.12,202.25,219.0,414.58,379.55,265.27
104.94,110.5,123.66,114.54,155.17,187.23,193.89,222.14,412.5,373.36,261.51,240.15
68.74,100.76,98.09,140.16,171.98,173.05,204.38,401.69,363.23,253.54,237.6,250.25
76.6,76.88,124.14,159.31,161.21,195.47,395.1,359.01,253.83,238.38,249.45,228.52
54.5,112.94,150.14,152.17,191.15,388.79,354.53,253.26,233.87,244.79,228.05,265.95
80.55,122.35,129.99,173.15,374.28,342.76,244.53,228.92,242.76,226.26,264.22,298.54
139.6,149.98,188.32,384.67,351.62,246.17,227.68,242.15,222.1,262.35,302.39,224.58
70.37,124.68,333.42,310.93,213.97,205.22,229.48,217.48,259.79,297.79,219.16,224.56
130.08,346.77,325.53,225.74,210.18,222.03,201.31,243.46,281.97,207.23,218.08,286.25
206.58,196.64,123.13,131.81,153.07,157.68,214.24,265.18,210.95,220.2,276.27,235.54
112.12,84.99,98.2,118.12,139.37,186.6,249.13,213.76,206.06,260.62,236.69,186.59
55.83,100.34,119.36,134.92,190.52,239.21,206.38,208.55,247.35,223.62,188.57,170.73
79.01,113.07,131.14,186.71,238.97,200.78,203.03,245.67,216.35,181.88,170.5,173.16
86.89,115.44,173.55,227.55,194.27,196.56,241.66,216.29,178.6,166.86,172.78,125.33
88.71,153.38,211.24,180.31,184.2,230.33,207.25,173.39,163.17,169.29,122.55,96.7
167.68,218.81,187.8,191.25,232.82,208.64,170.99,158.61,169.15,123.86,96.02,82.39
197.36,173.96,180.22,224.23,203.77,167.85,158.05,171.26,123.72,95.13,82.91,61.96
223.25,224.98,259.92,231.7,193.27,175.8,183.81,131.52,95.28,83.08,65.62,59.96
213.51,249.85,222.96,186.17,170.22,180.94,129.67,94.64,82.89,64.6,57.85,65.32
192.7,178.03,149.58,139.7,155.55,109.55,81.33,77.47,62.4,55.04,62.25,51.72
292.9,243.09,216.69,218.53,159.76,117.4,99.44,71.04,58.05,67.76,59.32,42.95
139.13,140.18,154.27,106.63,81.7,75.54,61.03,60.8,65.54,52.38,37.86,34.28
162.07,175.19,124.8,94.62,81.13,57.77,53.3,57.66,46.58,35.14,34.17,44.04
91.87,61.52,43.56,39.72,26.73,30.44,44.21,43.23,32.81,30.04,40.5,35.71
57.44,49.68,44.94,28.68,33.32,39.89,39.28,31.99,24.56,36.03,37.13,39.46
25.81,32.36,18.94,24.57,34.67,32.11,26.61,23.02,31.51,32.73,38.91,59.19
12.9,4.22,12.86,25.2,24.78,20.28,18.74,29.55,31.5,37.8,58.73,80.03
55.87,49.87,55.9,50.9,39.36,34.05,39.09,33.75,41.0,63.16,82.76,103.17
169.33,138.71,118.33,97.55,78.82,80.2,61.65,51.16,74.58,95.12,109.02,120.9
103.02,86.63,69.65,56.95,66.27,57.83,54.16,80.26,99.51,109.71,118.58,161.09
168.16,129.28,104.88,105.08,85.17,74.91,92.64,102.34,114.18,124.95,165.08,161.94
77.16,63.51,69.87,56.28,54.56,80.88,98.52,116.46,126.48,163.68,159.34,147.65
30.26,49.7,40.22,39.38,67.85,82.85,103.64,119.8,156.85,153.2,145.08,165.83
41.9,35.2,36.48,66.03,80.91,100.84,116.6,154.38,151.68,144.4,165.9,139.74
5.73,14.83,48.18,65.95,90.03,107.8,148.9,150.05,142.48,163.45,138.39,114.23
9.27,43.87,62.87,87.13,104.24,144.46,145.73,139.22,161.69,137.5,113.88,89.0
43.09,62.46,87.99,105.73,144.93,145.42,137.73,159.55,136.1,113.16,88.64,91.07
38.02,69.24,90.07,131.93,136.07,130.85,155.41,135.03,112.16,87.18,90.12,77.24
126.54,128.89,164.31,163.72,149.07,170.66,143.62,112.64,91.29,96.05,79.9,77.83
136.31,168.18,166.36,152.0,174.78,149.85,117.95,94.72,98.33,81.07,77.59,104.01
120.47,130.41,122.52,150.15,129.7,101.36,83.52,93.55,77.7,73.77,101.05,124.32
163.44,149.27,172.27,147.67,115.09,92.69,98.67,79.26,74.24,102.5,126.37,109.68
172.94,191.73,163.36,128.49,104.77,108.87,85.88,77.53,103.07,126.52,109.9,109.42
230.49,184.19,145.51,120.98,119.82,100.07,88.33,106.99,134.57,117.68,111.03,86.32
364.73,280.12,229.97,211.03,172.68,150.0,149.48,153.01,131.7,126.25,96.78,67.39
160.32,137.25,131.38,106.1,104.2,121.72,143.88,137.45,128.05,91.89,61.61,53.03
162.94,157.43,128.05,118.63,127.89,139.16,129.17,120.29,85.45,58.64,53.99,57.3
175.29,137.92,127.8,137.28,146.71,138.54,126.72,87.92,62.9,58.29,58.83,48.87
92.01,93.44,108.59,122.46,120.66,112.95,80.26,61.28,56.36,55.9,47.16,47.39
117.23,125.86,138.08,133.59,119.29,82.18,58.92,50.97,53.92,47.64,47.77,71.41
44.18,75.45,83.3,78.78,50.7,34.59,34.57,46.8,42.63,41.67,66.09,100.03
183.34,156.35,140.56,104.26,70.46,63.94,63.02,43.05,49.19,77.1,104.78,114.03
68.66,80.89,53.72,27.97,37.5,43.41,34.35,52.11,72.37,96.27,110.2,126.69
47.07,29.45,8.1,19.61,27.25,17.82,39.96,66.18,92.46,107.07,125.16,162.9
55.97,32.98,40.37,43.78,31.37,47.68,70.96,94.85,106.54,125.59,165.71,173.34
20.38,33.56,37.57,25.89,46.14,69.8,95.44,108.93,124.7,163.75,173.03,190.08
26.76,33.36,22.94,43.94,68.19,93.12,106.73,123.07,161.79,171.17,189.1,236.34
22.61,15.01,36.6,61.9,89.4,104.1,122.28,162.66,171.2,188.74,236.6,193.26
97.8,94.18,108.67,128.78,132.58,146.75,178.23,175.53,195.4,244.6,197.2,159.7
142.29,139.2,153.42,155.01,165.11,198.92,191.44,202.79,252.32,203.98,161.62,153.97
247.56,228.43,215.89,217.47,238.98,228.8,228.66,261.95,214.67,172.8,158.82,153.98
195.08,183.01,187.99,214.75,210.54,221.55,261.57,217.66,178.16,161.26,151.8,122.93
191.83,193.54,218.83,212.31,220.0,258.86,214.99,175.84,161.49,152.91,123.34,98.91
249.58,261.51,248.65,250.96,282.28,232.98,185.21,162.93,154.16,126.03,100.82,119.41
263.04,242.92,245.92,280.13,231.21,189.61,167.51,156.46,131.27,105.28,119.64,79.09
302.83,285.9,313.03,259.38,208.75,185.01,167.63,133.57,110.45,125.69,80.92,76.57
263.54,293.48,243.21,195.92,174.84,161.85,129.65,108.68,125.51,79.7,73.54,82.32
272.96,223.3,180.78,163.42,149.51,121.05,102.9,121.58,80.96,75.1,81.26,81.36
159.64,147.79,135.41,122.75,105.91,84.25,110.36,81.55,65.54,70.36,80.25,81.22
235.09,198.35,175.32,150.21,115.75,134.85,95.57,67.9,75.65,88.15,86.08,100.29
189.26,165.37,141.66,110.07,132.6,98.43,73.04,80.26,91.9,87.92,99.99,138.72
166.28,145.75,112.7,133.41,99.34,71.29,78.83,91.66,85.92,98.43,139.43,164.73
149.81,113.19,134.25,101.15,72.29,81.55,94.66,87.13,100.61,141.19,164.73,204.42
145.45,159.84,121.46,88.7,94.81,104.23,92.71,102.42,141.55,165.58,205.54,204.86
151.94,106.97,76.99,87.13,95.77,90.93,102.66,140.83,170.61,209.97,204.08,211.95
104.16,80.89,89.45,96.25,94.32,103.28,142.67,174.11,208.31,201.76,213.01,231.59
43.42,62.55,74.19,75.48,88.37,129.56,165.7,205.02,198.65,209.45,229.38,240.58
56.4,68.9,71.95,85.31,125.24,160.36,199.36,193.97,207.38,228.37,239.68,246.1
52.28,60.71,76.22,117.99,156.42,196.23,192.44,207.77,227.33,238.3,246.09,237.87
33.08,56.81,101.86,142.45,185.53,182.38,200.92,224.55,235.2,242.96,236.65,221.73
86.57,122.76,160.04,200.34,191.78,207.5,226.74,233.43,243.48,238.77,222.89,196.66
60.8,110.95,161.05,160.57,182.88,209.01,222.06,238.52,235.97,218.8,192.0,214.42
94.11,151.7,153.6,176.2,202.68,212.68,229.21,229.98,213.27,187.75,212.93,204.33
184.01,173.94,193.37,218.28,223.54,239.91,236.62,214.79,191.79,217.72,206.34,177.78
284.87,274.46,283.52,278.48,284.92,276.39,242.87,204.76,227.55,216.32,184.2,163.05
225.85,248.14,247.82,259.23,259.39,232.3,201.22,230.14,215.3,180.33,160.11,159.33
198.74,213.61,231.21,234.4,211.11,180.68,214.85,208.2,174.25,154.2,156.0,142.89
342.74,324.51,312.24,277.29,229.03,254.19,231.23,179.53,162.21,166.93,148.91,116.63
333.19,312.02,275.76,229.89,257.9,243.01,192.06,171.25,175.37,154.39,116.94,88.93
359.32,313.49,259.63,281.24,261.47,206.14,180.98,180.28,156.93,119.92,92.12,87.81
253.27,215.65,244.21,230.07,183.94,165.28,173.5,158.27,118.97,88.7,85.56,77.63
294.43,304.89,280.53,224.74,193.59,192.06,166.75,118.41,89.41,89.17,80.76,70.99
418.39,352.91,285.18,248.2,232.33,208.08,146.33,98.29,103.76,96.12,75.93,90.46
220.51,188.87,166.48,163.37,160.84,112.37,82.78,105.82,92.28,66.86,85.05,105.66
208.58,184.99,179.17,170.95,114.22,75.8,96.43,83.56,61.7,83.44,106.61,119.12
207.36,193.43,184.33,127.3,85.28,105.82,89.08,62.56,86.13,109.76,119.83,148.41
172.95,169.11,115.63,76.89,100.63,85.78,61.01,85.82,108.59,117.87,146.73,213.55
228.9,158.85,111.8,130.01,108.2,79.59,98.16,112.98,122.6,152.67,217.73,223.12
75.72,49.13,76.27,62.7,47.47,75.68,103.53,124.33,152.07,213.57,220.03,221.91
59.35,88.91,74.24,55.09,78.12,97.95,116.5,144.97,207.49,216.37,221.41,270.39
55.78,51.9,38.33,65.65,89.77,109.5,139.94,205.52,213.27,218.11,269.01,295.4
26.12,18.9,49.08,75.97,100.22,132.87,202.21,213.14,217.38,267.5,294.71,301.71
13.73,44.74,71.72,95.57,127.9,196.51,208.6,214.57,266.17,294.05,301.54,278.64
44.32,69.9,95.05,128.26,195.58,207.59,212.72,263.7,293.58,301.67,278.16,290.56
58.77,90.14,124.61,192.9,207.66,211.81,263.14,294.09,299.11,275.35,290.22,299.12
55.43,98.56,171.07,189.3,197.48,251.5,286.54,296.11,272.64,287.11,297.0,253.47
68.37,146.77,169.7,180.74,236.03,272.51,284.07,265.04,283.19,293.6,250.04,234.73
251.42,239.81,239.75,287.72,308.75,316.22,284.03,286.61,303.15,262.24,240.09,209.54
289.04,278.08,317.45,334.36,342.07,310.04,308.82,317.74,269.28,244.85,213.51,186.51
190.81,256.99,282.7,296.59,277.1,281.06,300.65,265.43,237.1,203.3,180.75,177.68
376.05,361.45,363.08,334.25,317.27,330.92,280.67,235.55,212.03,193.53,182.04,142.86
247.71,282.5,266.81,260.77,293.07,252.89,221.26,212.9,188.26,172.41,137.3,99.22
331.09,305.72,293.67,318.97,269.04,228.87,213.85,184.93,171.34,139.44,102.26,72.74
319.69,307.48,330.84,279.96,241.0,225.35,194.33,177.84,140.87,102.5,73.79,77.95
216.68,263.75,224.28,193.41,188.24,163.42,157.29,133.28,95.9,65.76,72.15,62.68
311.82,259.28,224.29,214.18,178.65,166.33,135.6,92.44,66.82,76.35,65.6,64.26
284.03,250.6,234.84,195.62,187.03,152.94,107.25,78.62,77.95,65.43,67.64,78.66
225.59,215.04,178.36,172.14,140.82,98.26,74.14,77.05,65.14,66.58,77.43,89.62
258.31,209.77,198.38,162.48,112.49,84.56,82.59,65.35,68.9,81.31,91.93,113.89
186.17,182.51,149.42,102.24,79.5,80.04,65.72,71.52,80.84,89.68,112.44,176.29
154.59,127.97,84.9,64.8,66.77,53.6,62.98,76.33,87.39,110.44,174.67,201.31
110.53,78.59,59.07,60.45,51.1,57.57,73.06,88.18,106.8,170.91,202.03,200.32
83.6,62.31,63.37,54.01,60.1,75.27,90.11,107.59,171.72,202.69,200.58,237.66
121.7,106.73,89.52,90.23,98.21,108.99,120.08,175.91,206.9,205.86,241.16,226.52
34.98,36.4,45.93,61.44,82.64,100.77,165.7,205.49,202.86,235.73,222.54,248.3
30.99,41.86,58.31,79.23,96.42,159.8,200.21,199.03,233.89,221.65,247.93,258.6
60.04,70.96,89.97,105.73,166.01,204.94,201.54,233.73,222.67,249.78,259.81,236.19
41.96,68.06,87.15,150.29,194.05,193.46,228.94,221.77,248.52,257.76,234.96,234.17
105.5,113.67,172.93,213.8,207.23,239.88,227.98,248.92,259.59,238.15,236.08,247.19
53.91,128.8,177.17,176.66,217.41,210.23,237.47,255.68,233.45,229.97,242.77,230.82
442.72,392.8,355.12,370.48,319.34,331.83,312.5,245.37,254.87,274.42,245.08,210.76
657.39,528.91,509.44,442.91,433.56,421.15,329.56,295.75,314.33,280.94,224.66,200.82
304.69,348.97,303.57,312.36,336.39,266.1,264.86,316.05,270.96,205.03,188.55,187.85
211.98,205.22,233.74,265.73,198.97,197.43,263.1,241.63,187.12,174.21,179.19,156.54
357.25,351.55,366.88,284.65,261.43,309.15,264.98,190.23,177.96,188.16,164.39,127.12
712.53,612.3,486.67,438.36,445.02,393.01,276.55,208.47,225.8,204.88,144.81,119.16
810.12,611.62,534.68,530.71,466.09,362.18,279.94,264.37,241.5,175.93,130.83,125.14
259.39,280.66,315.14,279.41,224.37,170.03,203.4,231.5,156.43,100.66,106.52,137.27
309.55,342.23,307.28,242.58,164.73,177.51,196.74,124.01,84.24,100.55,135.17,124.64
294.81,272.33,218.98,150.17,168.95,192.66,120.04,82.33,98.98,133.13,122.68,138.95
271.48,219.68,150.9,170.19,196.16,122.4,84.38,100.57,133.27,123.08,140.76,202.67
151.94,98.61,126.24,158.53,92.04,59.77,86.57,128.96,121.1,138.24,201.3,231.87
168.62,179.93,204.27,129.79,85.87,102.8,136.34,119.61,138.09,203.95,234.44,331.01
321.89,306.71,215.78,162.15,163.75,190.08,155.12,150.42,214.08,245.67,336.86,429.62
197.04,133.64,90.2,104.15,152.2,132.45,144.5,221.58,245.99,331.07,425.63,402.8
99.45,63.37,78.83,126.79,108.22,121.34,206.47,239.61,329.34,424.29,401.9,372.22
17.8,45.67,101.7,86.74,100.13,185.36,223.47,320.0,419.7,398.36,369.41,410.68
187.06,212.6,181.78,181.72,249.05,270.72,346.3,425.22,401.03,375.82,416.91,524.03
105.47,99.38,111.86,193.22,236.38,327.7,420.22,406.84,375.66,411.05,519.05,535.49
38.59,64.39,150.41,196.47,294.44,390.42,387.8,368.62,406.95,514.82,533.42,394.96
70.1,158.16,204.13,298.91,389.03,379.26,356.77,396.93,507.97,529.69,394.2,319.07
110.88,169.18,273.76,371.4,365.66,346.75,389.18,503.46,526.46,391.09,316.65,290.43
117.5,243.5,348.7,346.89,333.13,373.03,489.66,518.73,379.88,305.81,285.45,313.12
137.18,256.07,271.23,270.86,318.38,448.44,487.89,362.3,302.06,281.73,304.52,261.35
181.73,216.83,227.79,281.28,416.76,457.55,339.93,291.82,275.18,299.05,259.29,234.08
223.08,262.4,309.8,435.52,482.74,345.12,293.1,281.65,284.18,245.7,239.33,218.23
263.31,317.71,442.19,489.05,354.19,299.4,286.23,287.99,242.17,235.41,218.76,181.68
242.27,378.74,437.92,312.98,262.52,257.88,266.06,228.53,229.42,212.08,171.99,167.31
293.1,369.78,259.66,218.82,216.79,229.92,198.42,211.13,204.24,165.65,159.82,129.97
253.55,186.88,160.58,166.73,196.46,165.54,191.39,202.6,155.61,147.81,127.95,120.16
303.28,278.65,261.66,269.01,233.56,231.56,228.92,173.87,141.68,123.61,132.0,82.27
266.54,249.48,257.4,224.95,228.54,233.13,181.68,149.64,128.73,134.03,82.02,68.84
219.59,239.68,209.41,213.03,221.24,168.4,140.03,125.53,128.91,76.79,67.14,66.67
372.46,304.03,292.21,289.12,217.22,180.88,150.58,135.15,86.64,80.07,73.84,57.78
277.36,272.29,270.75,202.54,175.53,152.57,142.19,95.92,83.37,73.08,56.44,57.86
224.91,236.13,174.09,150.21,129.48,120.29,79.22,74.42,67.26,51.16,54.01,78.89
206.66,150.8,132.38,114.95,106.98,67.72,65.97,62.81,50.12,53.45,78.0,88.93
183.16,163.85,140.72,127.16,85.76,76.78,69.81,54.4,52.44,77.72,92.27,95.92
101.0,95.87,90.86,55.75,54.99,52.07,43.89,49.74,73.31,86.46,92.55,134.11
222.62,185.61,134.22,120.93,101.82,82.08,71.87,78.52,91.95,101.23,140.55,165.81
83.88,49.99,49.94,44.62,40.19,47.41,69.44,93.81,104.61,139.18,161.04,156.0
77.41,78.6,67.82,55.74,57.11,68.29,89.62,100.68,133.58,158.08,157.9,165.5
58.32,53.56,45.54,50.32,64.52,87.66,99.73,133.6,157.12,156.21,164.22,226.54
63.57,50.39,53.88,67.95,90.2,102.93,136.41,158.06,158.55,166.7,227.54,230.47
54.74,56.58,69.31,90.69,102.94,136.4,158.51,158.9,167.22,228.14,231.02,222.96
56.17,67.35,89.22,102.19,135.96,158.94,159.02,166.81,228.48,231.17,222.31,253.77
82.55,99.93,111.38,144.49,165.2,164.3,170.14,228.97,231.87,223.44,254.38,244.68
49.65,74.48,113.55,138.9,144.21,153.8,218.37,228.23,219.72,249.78,241.65,204.46
49.25,93.58,123.2,131.1,141.82,207.59,219.49,214.36,247.2,239.45,202.21,198.14
84.19,115.8,126.38,138.47,203.34,214.65,209.22,242.98,237.43,201.07,197.09,189.4
72.64,98.62,115.26,182.9,200.94,196.25,234.67,236.09,196.92,192.43,188.61,147.6
76.5,103.04,173.57,192.46,190.28,226.85,230.04,194.47,187.85,184.25,146.6,160.46
97.86,172.96,192.33,189.7,227.04,227.43,190.64,185.32,180.19,143.19,159.54,133.84
