25.69,35.75,54.71,64.12,80.58,91.31,89.06,85.43,107.92,104.19,59.14,80.44
30.49,53.58,69.26,85.15,77.39,92.07,95.3,105.37,105.99,57.39,62.92,51.62
40.3,53.97,80.91,91.83,98.17,95.23,100.36,118.18,60.52,78.74,76.3,60.41
53.36,84.5,93.87,101.16,106.94,108.05,77.54,61.61,64.09,54.39,39.39,57.39
89.56,79.92,99.83,95.11,109.76,78.46,59.74,64.45,55.26,39.26,53.95,30.1
92.33,80.02,115.19,94.87,100.21,54.59,69.24,49.62,43.96,53.08,41.76,33.57
90.64,83.06,96.06,93.65,72.41,68.73,41.24,53.52,40.49,44.7,38.85,39.86
75.82,92.75,72.02,73.47,69.79,43.05,40.76,45.97,43.2,41.93,38.81,47.73
72.09,83.54,79.57,66.49,57.1,47.69,37.99,51.39,33.58,43.93,43.39,44.98
80.93,77.72,60.5,45.88,56.8,48.15,48.85,47.79,39.92,39.56,61.48,75.88
77.19,63.03,65.26,44.99,40.92,45.91,58.62,43.82,48.82,68.61,59.5,47.37
68.12,55.05,49.97,43.61,40.62,56.66,39.07,40.97,63.11,61.18,64.6,45.89
64.19,64.09,54.54,46.04,46.63,53.21,37.22,47.6,73.61,54.73,53.21,30.65
53.82,42.28,56.56,63.7,32.19,44.62,55.03,68.27,52.34,23.84,36.41,48.49
45.7,32.5,69.63,58.14,37.99,63.79,58.2,38.53,39.13,39.3,12.41,13.37
25.59,53.25,64.13,73.69,46.56,51.04,21.12,8.89,14.21,19.4,18.36,16.82
20.59,60.77,66.69,56.35,31.65,23.09,23.05,35.49,17.44,16.2,18.15,19.49
53.6,61.61,27.8,28.12,18.75,33.24,29.4,29.0,23.75,18.34,22.79,24.86
42.4,41.61,69.71,38.45,24.29,37.09,28.68,34.09,35.1,34.24,37.44,29.6
35.87,48.13,39.03,29.33,41.68,27.97,42.44,29.45,55.42,37.82,35.72,40.81
57.46,52.07,24.12,31.98,26.34,24.88,12.75,27.28,43.39,28.81,32.65,37.51
23.38,32.51,16.24,36.64,37.77,54.46,34.62,55.81,43.99,44.47,43.12,48.26
14.1,18.24,21.04,30.68,34.5,43.04,43.27,39.82,42.05,40.05,33.52,32.78
10.12,16.6,22.12,35.41,25.42,32.52,28.82,37.45,32.84,38.65,46.18,36.03
22.86,20.99,28.3,36.07,34.47,30.32,28.31,38.45,37.49,55.62,70.47,39.94
19.08,27.34,30.78,40.26,41.73,31.86,48.69,55.84,59.89,53.42,37.15,32.61
25.61,36.5,44.56,50.9,47.73,59.51,76.24,61.2,52.38,42.88,50.96,39.63
47.88,43.04,44.93,49.37,67.65,77.24,52.43,46.84,44.39,45.88,47.16,48.57
61.03,43.86,45.27,72.03,72.67,64.38,49.14,45.25,41.32,46.3,55.23,63.33
46.9,58.97,51.66,60.19,49.77,44.04,43.39,50.18,55.85,56.23,52.2,60.17
67.79,63.23,41.24,58.32,55.22,36.08,35.87,44.07,40.48,56.14,64.54,53.88
102.92,47.16,56.56,46.57,41.94,37.8,46.02,44.3,45.33,53.36,45.61,28.8
97.31,51.75,48.87,24.25,48.92,33.04,43.66,46.35,22.73,25.13,28.59,32.58
69.74,29.88,43.78,31.7,33.79,38.09,31.97,45.65,42.45,37.06,39.09,23.93
62.86,41.91,33.43,41.54,34.13,29.7,37.18,43.51,43.23,39.7,38.87,37.35
52.22,49.78,40.41,30.74,51.57,38.36,45.64,43.86,41.02,48.5,39.12,35.69
47.07,34.51,27.98,24.6,30.49,37.54,31.6,45.99,44.52,41.5,37.63,38.01
36.3,27.08,33.61,30.34,47.08,36.14,46.54,49.99,45.46,40.32,45.73,41.89
37.26,28.84,29.42,42.07,50.76,40.56,46.23,46.93,49.12,45.03,48.97,44.95
33.05,35.58,33.54,49.08,39.13,49.38,45.24,40.24,38.2,44.24,46.56,45.14
24.56,46.96,45.47,44.4,51.81,36.81,43.43,38.77,43.07,44.2,42.21,35.67
54.45,27.81,46.3,35.81,44.34,22.76,44.9,35.73,27.87,48.46,50.18,44.68
34.97,36.94,49.22,34.25,47.27,33.82,43.49,39.53,38.29,38.18,41.68,36.58
31.55,38.82,46.23,43.12,45.14,37.41,41.48,30.56,51.82,50.75,44.09,35.95
40.7,44.57,41.55,35.78,41.81,28.33,29.21,36.02,39.4,35.15,36.21,30.9
40.85,42.13,43.4,31.74,37.95,29.41,37.5,34.79,34.2,36.63,34.6,34.3
33.04,38.63,41.36,36.25,33.55,32.94,38.18,33.06,29.66,29.4,39.47,34.55
33.35,34.88,39.79,33.23,34.1,31.9,33.65,29.29,30.0,36.76,33.8,37.93
37.4,42.23,36.85,36.66,35.8,34.6,29.68,34.03,38.57,38.08,36.13,38.01
38.97,41.62,37.73,37.87,32.88,33.77,30.32,35.9,38.27,32.7,41.21,42.13
39.02,37.34,41.37,34.63,32.38,31.3,36.78,38.9,34.13,37.01,42.66,40.56
36.9,36.04,36.4,30.17,29.03,34.46,39.19,33.03,35.88,40.97,45.96,42.8
40.38,36.64,36.93,31.78,30.6,36.59,29.04,32.92,40.09,42.13,42.93,42.11
42.6,29.91,37.18,35.47,41.26,35.46,35.96,33.02,41.01,35.4,40.43,43.03
43.48,35.2,40.59,44.2,47.53,37.72,32.4,25.43,35.63,53.7,32.75,47.66
31.02,38.59,39.16,44.22,38.39,29.45,28.13,30.87,45.0,37.95,40.37,45.63
35.93,45.22,33.07,37.67,38.3,34.31,39.42,31.35,37.3,32.6,43.21,42.99
33.85,34.57,38.36,30.19,35.98,31.65,38.05,44.32,39.01,37.42,35.85,44.54
31.61,34.05,39.36,28.63,43.35,30.85,48.28,35.8,43.74,33.51,44.47,36.82
33.17,22.4,35.99,43.29,23.57,46.59,28.81,42.17,28.58,40.31,31.17,39.96
36.44,32.76,45.86,38.26,46.37,41.52,42.3,37.76,39.24,39.24,39.72,41.12
33.25,34.53,43.44,38.46,47.04,41.2,41.44,38.47,38.62,38.75,39.3,40.34
40.97,37.37,38.16,42.54,39.15,46.45,30.65,41.88,33.01,43.12,32.38,44.11
35.15,41.15,42.58,39.91,47.64,38.19,46.06,35.61,36.03,38.1,47.7,53.32
37.54,43.91,42.15,39.71,44.01,38.47,50.89,35.1,35.14,42.23,61.47,67.51
47.86,42.38,41.87,47.43,35.72,32.53,36.67,41.0,49.76,55.8,62.74,69.66
56.58,40.97,32.96,38.34,29.92,47.31,35.72,45.93,62.41,59.98,69.23,73.0
47.08,36.78,45.28,32.38,44.73,38.0,47.0,67.44,103.19,59.99,84.34,82.69
35.33,27.69,41.18,25.61,35.2,51.09,79.76,84.93,85.03,89.68,96.76,107.82
36.54,29.3,70.96,28.31,59.99,53.94,78.27,66.63,88.03,89.32,96.31,87.46
28.18,37.16,38.56,30.62,43.27,60.18,57.9,69.44,72.18,71.49,77.35,74.11
31.63,44.49,40.89,21.16,47.82,51.73,47.92,76.16,67.36,70.35,47.96,56.54
13.81,33.43,48.39,22.93,35.34,31.51,20.47,47.15,55.98,53.46,50.9,24.66
19.07,38.48,35.86,24.42,45.98,29.59,22.96,33.53,44.77,41.03,35.96,28.58
27.6,35.34,20.09,18.04,47.45,33.94,25.94,43.02,47.84,42.89,38.99,26.57
52.61,21.64,40.96,50.96,48.87,27.89,38.48,53.58,40.95,45.68,27.85,41.37
48.47,40.81,58.18,51.62,43.83,40.79,50.07,49.39,41.31,38.02,35.68,32.53
51.85,60.7,56.26,54.54,41.51,61.54,56.84,35.14,37.14,34.35,17.04,25.92
52.42,63.39,60.63,72.72,73.42,42.2,30.14,40.42,25.7,6.63,18.42,48.48
80.44,78.57,68.13,84.39,51.54,20.63,43.52,40.16,12.02,9.57,34.3,31.69
96.04,75.46,84.87,54.55,20.6,41.35,39.14,18.91,13.02,28.19,28.86,27.04
80.36,66.16,46.37,36.41,34.2,25.98,20.16,13.97,17.47,34.65,27.58,36.79
62.42,46.91,46.27,44.11,41.53,27.02,18.34,20.8,41.5,15.48,49.23,29.09
49.06,40.07,43.3,36.78,34.62,21.3,25.06,33.77,26.48,42.44,41.26,42.63
39.28,34.88,50.03,43.96,37.47,26.23,32.39,34.06,28.0,54.58,39.07,50.06
48.07,43.16,43.04,35.19,28.46,49.23,47.27,16.3,42.76,23.63,32.73,17.09
42.36,37.72,38.62,41.91,54.11,59.5,18.14,30.97,18.34,26.45,16.86,23.49
39.01,42.16,55.64,58.85,39.21,13.85,35.96,27.31,26.52,12.22,19.43,24.23
30.52,54.86,66.85,38.42,26.56,35.69,36.37,31.93,17.76,19.57,25.42,40.76
44.68,82.81,50.89,44.12,28.52,21.33,24.88,24.99,27.8,30.55,53.19,65.41
61.05,27.47,33.81,17.6,23.06,18.64,17.87,26.17,45.42,77.94,58.45,64.96
33.12,40.32,41.04,22.74,18.94,17.01,33.74,46.84,65.92,72.86,79.18,82.55
43.85,27.59,33.37,18.72,25.24,13.4,50.02,63.43,91.7,67.95,93.08,100.29
24.52,39.41,32.05,20.52,30.18,42.24,64.46,54.38,77.51,81.41,107.73,82.29
22.27,24.53,23.85,30.63,34.67,51.27,65.31,65.9,72.46,97.49,93.11,84.33
30.6,40.34,20.53,41.27,46.51,64.64,69.92,72.2,94.08,108.17,92.25,90.57
32.69,29.72,39.38,53.12,69.54,86.3,79.51,96.17,111.61,100.43,89.62,76.78
25.78,66.46,70.23,80.65,100.46,96.87,97.83,101.05,123.0,65.23,72.16,62.98
40.79,90.77,92.49,94.43,99.43,90.73,108.92,128.51,109.95,77.2,58.23,53.02
64.87,94.42,101.14,86.64,98.06,110.47,125.6,99.42,74.26,54.09,59.42,68.76
94.73,88.26,91.59,103.6,123.71,122.14,97.88,52.5,61.01,59.78,53.33,40.8
96.82,78.39,105.79,124.24,113.7,88.28,52.79,56.89,66.25,55.09,36.72,28.22
80.4,103.66,136.56,100.4,97.25,55.59,46.54,63.88,61.98,36.91,29.42,33.31
90.82,122.65,111.57,98.66,56.79,48.51,56.25,57.47,36.98,27.53,29.14,61.61
115.2,117.89,96.98,61.19,49.82,50.26,55.27,39.33,32.38,32.73,52.6,34.12
117.07,79.91,49.34,38.75,53.46,47.62,33.87,28.01,29.48,62.98,27.47,50.12
82.0,60.1,55.64,57.11,42.17,40.33,33.11,34.44,58.21,28.92,31.29,42.86
60.26,54.81,54.44,45.7,37.63,31.79,39.77,60.86,28.62,36.46,50.37,36.99
49.02,47.97,41.36,32.06,26.21,48.65,56.85,37.86,43.85,30.28,45.18,63.68
44.77,48.14,42.42,31.96,45.43,61.8,36.45,57.37,33.5,27.82,41.27,42.56
36.04,41.11,35.03,29.83,61.46,64.83,54.75,30.62,39.47,36.29,52.4,60.31
30.8,32.35,45.88,41.48,94.89,44.79,34.91,35.93,22.4,44.59,55.73,66.86
27.24,61.61,93.81,56.79,46.37,25.15,22.4,42.69,44.99,42.98,57.58,74.74
67.72,70.05,65.19,54.59,37.76,26.09,35.66,35.78,41.02,25.73,66.85,94.52
43.13,40.98,70.4,56.9,54.51,36.14,36.6,35.41,56.46,59.32,97.21,83.97
37.21,73.74,58.51,50.5,57.74,45.9,39.01,43.61,69.95,89.68,87.65,81.06
57.49,54.5,29.18,56.61,42.51,42.42,58.12,62.94,85.11,83.62,79.36,99.73
49.61,65.23,27.87,38.21,57.39,41.69,59.7,80.36,63.89,60.3,86.72,100.36
54.36,62.71,30.71,29.01,46.77,50.76,72.26,69.47,69.33,59.73,89.23,72.82
26.74,33.6,28.87,37.67,49.94,74.53,54.48,54.78,70.78,120.78,73.12,57.4
29.17,44.1,39.58,62.88,98.93,54.93,42.99,93.01,111.27,71.29,53.41,43.57
41.3,38.89,64.69,79.89,74.85,47.69,83.08,119.7,65.92,52.84,33.22,43.05
73.89,58.37,106.55,65.98,55.27,71.4,97.69,86.37,51.41,37.95,47.06,44.94
54.67,67.72,92.49,58.5,77.61,95.0,69.98,56.74,44.22,46.73,35.54,32.51
74.08,80.13,78.98,66.25,104.22,74.08,57.49,43.05,50.15,40.44,31.74,31.27
70.59,75.48,92.41,85.03,103.12,56.74,36.15,56.37,48.05,26.51,31.72,33.32
68.6,103.13,104.07,89.04,56.11,49.83,50.37,46.3,36.41,21.78,40.34,64.17
78.51,95.6,85.99,66.46,45.55,54.87,47.33,36.33,23.75,28.44,49.51,33.63
70.63,96.06,70.01,41.25,54.88,57.98,39.07,30.0,26.67,33.42,36.32,38.34
61.06,56.05,50.32,48.72,53.76,31.76,25.86,17.88,45.11,21.65,45.34,40.56
43.81,52.55,49.3,50.79,40.56,27.33,21.53,42.99,28.25,44.47,40.21,43.79
35.18,49.42,60.78,40.06,37.46,22.64,43.75,24.22,31.55,48.37,44.9,43.06
40.99,54.7,43.28,33.77,28.19,36.28,35.28,21.44,47.92,36.53,37.3,25.48
40.62,41.94,29.45,35.2,41.5,25.77,45.74,16.99,72.15,27.59,46.33,31.33
38.15,40.13,32.49,40.83,45.07,22.45,64.33,33.86,48.45,35.22,48.57,50.18
22.87,33.57,44.11,43.66,28.71,34.18,34.81,73.11,34.27,33.52,33.52,40.51
16.99,38.13,59.49,36.38,30.93,30.51,34.83,43.01,38.24,34.25,40.13,45.01
50.77,73.0,34.48,20.41,45.32,26.17,15.56,17.56,29.18,47.11,59.44,54.63
57.93,31.19,46.12,19.95,28.46,16.22,15.98,22.02,57.53,45.37,70.23,65.31
28.16,50.13,28.79,32.57,11.06,18.87,19.83,45.51,52.81,76.54,66.81,61.36
46.98,30.86,44.65,20.33,29.77,24.14,60.2,71.66,67.48,86.38,87.51,104.98
38.71,17.93,22.21,20.98,26.63,32.41,66.07,53.73,57.84,91.85,70.31,95.72
18.66,15.64,7.85,25.43,46.52,41.41,58.0,57.05,62.48,66.81,105.4,83.64
13.5,15.27,18.68,40.37,42.23,61.73,55.6,66.29,71.53,100.68,90.69,48.09
13.3,14.82,52.24,41.79,56.33,48.09,66.84,65.17,110.66,97.02,37.66,50.1
16.43,47.54,58.99,59.9,51.05,70.05,71.1,115.58,98.58,43.62,43.05,30.72
31.84,78.94,64.53,68.39,67.9,112.55,128.6,105.37,81.17,39.09,38.33,41.28
63.26,68.1,76.93,73.7,119.12,133.47,98.98,58.92,32.21,38.0,52.49,21.6
66.78,80.66,79.67,114.44,140.21,98.35,63.33,34.76,40.08,51.03,23.33,36.7
76.32,77.26,114.8,142.48,93.38,71.75,39.01,40.9,40.58,26.97,38.49,30.73
89.82,121.42,118.23,99.09,57.65,36.26,51.01,34.72,30.42,35.5,31.2,66.7
113.9,116.87,97.3,54.76,35.11,53.27,43.05,27.75,22.81,25.47,56.36,37.91
113.16,86.13,45.33,43.46,50.68,37.13,32.63,20.95,24.97,60.33,62.06,40.11
64.73,42.33,39.45,48.23,28.03,31.37,22.89,33.36,59.5,40.34,40.08,25.44
35.24,42.96,40.82,37.91,29.84,29.17,24.14,57.27,48.67,50.25,35.69,27.88
28.36,37.58,41.62,30.66,29.07,22.73,38.44,51.91,38.82,48.32,36.72,36.08
34.48,51.16,38.2,39.81,27.86,34.27,47.72,52.93,31.55,32.65,43.47,32.54
40.89,50.39,41.46,35.27,32.78,57.09,50.79,33.21,36.1,28.04,31.91,42.67
40.54,37.36,27.6,48.43,54.4,22.34,50.31,11.26,43.4,16.15,43.06,27.16
44.85,35.77,48.73,57.5,40.8,46.23,34.09,38.56,16.77,30.6,20.18,50.24
26.26,77.47,42.45,33.86,40.58,26.55,31.94,24.91,41.55,30.32,29.07,70.94
77.18,51.51,24.79,41.18,36.47,21.38,38.86,32.84,32.82,57.51,73.1,65.0
41.41,31.98,51.22,31.39,45.78,39.34,29.29,25.2,55.18,63.56,80.63,65.83
34.49,33.98,25.91,33.56,28.62,31.8,31.12,34.49,47.42,53.93,61.53,72.63
35.5,37.42,28.67,22.72,30.01,14.08,37.14,71.99,57.34,44.78,63.31,86.26
35.81,36.03,19.73,38.55,21.37,22.2,56.09,71.2,57.49,40.9,87.99,95.08
25.24,24.21,34.38,31.62,44.09,58.2,53.83,50.51,71.45,75.51,74.91,71.77
32.19,25.48,31.69,43.27,62.2,73.97,49.71,87.87,94.28,78.01,62.62,47.44
35.53,32.53,41.8,52.0,54.84,56.89,76.72,78.99,79.85,57.72,36.97,38.68
30.42,45.97,52.3,61.04,48.43,66.59,87.45,74.53,72.16,50.4,33.18,41.21
33.48,45.33,70.61,48.54,65.55,85.83,75.25,64.63,59.98,35.58,36.96,29.58
46.91,54.13,57.67,83.23,70.45,67.51,64.65,44.94,36.59,40.64,25.34,22.89
49.06,59.21,87.58,71.01,75.79,58.57,46.9,33.03,44.2,28.08,29.13,24.29
71.47,70.62,80.2,80.68,61.37,43.67,35.78,40.2,28.13,36.03,26.35,26.92
84.4,64.99,83.21,54.34,36.82,38.16,35.88,31.99,38.96,31.97,32.8,70.07
68.13,57.15,66.64,34.94,40.05,30.06,30.19,36.38,29.73,40.29,69.7,28.38
52.6,58.33,45.74,37.84,29.63,23.95,32.73,33.0,28.29,63.65,37.38,23.39
46.4,44.27,40.04,38.04,28.88,30.84,32.19,32.12,59.18,38.37,19.45,29.61
40.54,45.58,42.15,32.18,37.99,29.4,35.55,51.91,47.66,33.61,20.01,28.7
36.76,47.24,31.95,34.03,37.47,35.58,38.6,62.0,28.28,30.47,31.7,45.13
39.51,39.63,30.45,38.49,28.9,30.04,56.14,25.57,26.7,42.94,48.92,28.98
29.43,33.56,36.64,31.06,47.5,46.95,22.25,35.28,40.62,58.43,21.97,28.62
41.18,40.93,51.62,29.24,63.96,37.91,27.32,46.99,23.88,42.6,32.88,24.97
38.42,59.73,30.79,49.04,48.76,30.32,42.85,24.97,33.26,24.85,33.73,30.47
40.86,44.34,28.34,59.38,22.84,42.48,30.65,53.71,29.36,36.64,21.59,30.62
34.52,77.01,46.52,16.99,39.06,22.24,27.79,10.7,32.0,27.34,29.18,50.05
40.91,51.85,35.06,18.96,23.41,33.21,46.02,22.94,32.58,18.51,33.28,50.99
47.61,50.2,39.65,27.54,45.55,22.66,35.0,37.24,42.36,51.57,42.39,42.82
51.29,42.25,17.44,19.95,37.66,20.48,49.91,37.73,33.41,41.92,48.78,58.92
54.72,48.64,19.27,19.72,19.47,37.33,29.26,34.82,45.75,43.78,57.69,76.23
49.7,41.69,20.05,13.72,24.79,32.78,27.73,37.88,45.86,44.72,61.79,56.2
20.64,35.2,19.65,14.3,36.98,26.31,19.95,30.91,29.18,23.16,26.83,34.76
30.21,36.32,24.52,35.39,39.37,34.32,41.31,38.87,36.43,41.2,42.33,39.11
37.22,47.88,39.34,33.98,42.76,41.32,34.79,36.93,38.09,51.63,51.9,52.14
37.29,49.72,41.69,37.62,44.81,39.78,36.92,39.61,35.57,42.61,44.78,45.86
33.45,49.41,47.18,42.15,44.35,37.76,39.96,36.84,38.99,40.67,41.25,46.22
39.42,52.83,52.83,46.18,37.75,42.32,35.94,36.37,40.21,33.52,38.2,40.0
41.22,51.45,50.15,44.6,34.79,41.77,34.76,35.86,33.18,30.06,31.29,33.78
44.01,55.6,47.28,35.06,35.05,30.73,26.84,35.29,27.43,31.51,33.25,35.94
37.92,44.62,47.49,32.84,33.48,20.88,24.88,32.16,26.62,32.12,27.97,36.53
32.71,47.32,46.69,35.46,34.99,20.42,26.89,31.89,28.51,37.63,23.57,42.37
32.98,48.33,42.63,33.9,37.76,18.6,34.15,27.85,27.67,39.25,23.74,42.92
31.31,38.35,45.17,32.67,40.27,21.69,42.92,26.37,29.73,39.45,33.55,34.43
28.35,45.88,41.06,39.24,36.58,28.46,41.98,34.97,35.16,56.98,50.87,32.9
27.83,47.21,41.32,37.51,32.94,28.7,39.53,42.94,39.89,53.16,54.8,37.82
31.35,50.16,42.32,36.28,32.99,32.66,36.43,47.05,37.31,48.35,49.13,33.49
38.22,52.0,42.68,38.62,33.35,39.98,46.83,31.31,51.85,59.67,49.03,25.49
40.55,50.28,41.55,39.7,44.69,53.71,41.98,49.28,57.66,41.36,30.04,25.14
35.5,47.18,44.32,36.61,53.73,48.21,43.87,50.65,31.92,29.48,30.74,38.42
42.54,41.24,62.21,43.17,82.18,31.8,29.08,28.55,20.16,36.58,39.4,60.6
54.84,58.99,80.2,58.74,53.39,34.67,25.11,31.69,30.36,48.63,39.86,52.5
58.04,64.2,48.71,46.51,69.55,47.92,33.6,23.7,30.55,26.54,26.74,34.71
90.84,61.79,74.49,51.87,66.98,61.67,54.36,47.9,59.86,60.51,50.86,37.21
68.2,80.35,64.33,49.56,56.86,58.1,66.22,56.85,54.14,56.04,57.87,54.29
65.28,67.08,61.01,50.87,53.75,57.29,54.42,53.32,63.59,58.19,53.03,65.29
57.68,53.84,57.16,51.85,55.95,57.89,50.9,56.22,69.31,56.72,59.96,58.0
52.67,47.99,54.21,53.89,55.38,51.08,52.13,56.27,62.71,61.82,58.0,59.08
55.65,48.07,54.04,48.85,53.98,43.9,46.96,49.74,57.99,58.85,62.62,62.35
51.76,43.68,50.84,49.59,59.62,46.75,51.77,54.56,58.5,57.32,63.28,62.28
51.12,54.89,55.0,51.77,58.24,57.44,60.72,56.05,66.02,55.95,62.78,54.12
50.21,47.46,50.59,52.56,58.3,52.82,56.4,58.3,62.79,56.43,67.71,63.42
51.75,56.01,63.9,63.32,61.22,62.42,61.19,63.95,65.25,65.31,58.25,60.65
50.55,62.4,63.41,57.3,56.22,62.53,65.28,80.13,67.94,59.15,51.46,74.61
55.35,63.93,67.46,55.48,47.37,57.95,86.71,83.16,66.66,45.8,71.92,69.73
43.29,63.8,52.82,59.29,58.66,71.32,79.06,80.96,61.23,58.32,72.7,67.96
57.93,66.8,68.07,52.86,48.06,78.89,83.54,71.47,53.87,62.52,77.45,76.31
57.43,72.63,63.46,49.04,44.82,85.67,81.28,71.58,49.28,70.77,72.34,91.93
50.14,70.09,57.02,35.64,57.56,54.45,91.58,88.91,79.31,49.05,73.52,88.48
65.74,56.23,66.25,56.21,58.95,73.93,78.25,72.03,57.84,57.77,81.77,76.09
62.83,44.5,52.75,62.28,104.11,85.15,59.27,44.83,49.38,69.67,71.61,73.58
61.12,59.68,68.96,83.18,103.85,74.96,37.87,39.56,45.35,57.5,97.9,120.12
64.07,69.57,104.32,83.18,67.06,62.44,42.73,44.55,40.03,79.34,112.74,112.26
78.97,76.99,130.01,55.85,61.01,38.2,53.98,21.96,79.88,90.25,116.68,82.38
96.64,113.2,75.22,43.78,53.69,51.75,42.6,37.56,66.93,111.17,116.89,90.77
101.49,124.43,71.95,46.13,47.74,57.47,41.24,49.64,66.71,117.67,110.83,65.35
75.08,105.06,72.28,86.0,57.13,61.9,39.1,63.81,64.78,89.59,81.61,59.7
90.66,81.21,83.22,61.87,86.89,56.46,68.3,60.8,91.92,79.14,58.76,58.85
91.53,66.92,78.66,48.86,71.1,63.08,99.99,80.32,75.7,78.36,108.41,117.79
68.03,53.74,84.05,49.3,71.52,90.83,87.98,76.86,75.21,107.17,134.78,87.66
53.09,60.39,61.08,55.66,72.37,109.09,88.32,74.18,75.54,121.6,133.31,68.6
46.68,58.22,56.39,68.87,78.09,101.3,79.98,72.08,82.21,120.86,122.71,60.07
45.26,56.36,56.45,74.11,84.03,91.91,73.15,68.03,89.49,128.88,93.64,52.47
44.68,54.78,67.15,77.27,84.25,85.86,76.47,85.34,129.99,91.57,55.38,67.22
43.1,60.92,58.27,68.57,86.72,85.6,91.56,113.38,72.3,63.54,59.21,69.8
53.89,65.95,61.71,65.33,97.07,103.98,107.66,50.56,67.8,57.18,50.95,39.9
69.85,52.44,62.99,102.04,120.68,54.74,72.42,57.56,65.38,62.36,41.79,81.27
79.29,58.66,99.05,111.56,55.16,63.48,56.74,53.32,54.22,78.62,86.29,35.83
67.17,91.23,78.8,43.14,58.66,36.07,42.06,62.37,92.63,45.97,33.74,30.64
70.44,66.48,63.63,44.57,42.99,40.98,72.77,105.07,39.78,32.95,24.34,52.17
69.46,43.53,41.92,42.79,39.06,45.78,43.21,51.49,87.42,79.34,80.21,66.12
50.73,60.81,56.51,50.39,46.44,40.31,113.58,60.6,39.64,39.59,44.31,76.04
39.58,54.43,44.99,43.28,60.87,63.08,79.86,35.3,25.55,32.15,62.32,73.58
49.25,48.11,38.43,44.71,64.47,101.0,62.14,35.7,20.65,34.93,45.79,44.89
43.43,57.46,51.84,45.73,42.63,55.49,113.92,56.69,37.61,19.52,40.22,61.65
51.56,59.11,54.65,50.08,42.46,50.13,115.88,68.86,38.32,23.79,36.15,68.8
49.44,58.39,51.11,46.33,49.56,72.71,102.93,54.55,36.86,24.95,47.56,82.74
53.94,55.74,52.29,44.59,67.55,111.72,80.55,57.01,59.65,91.77,55.33,39.67
70.36,58.09,61.53,60.0,69.58,87.66,90.77,57.87,63.7,83.15,88.82,60.67
77.31,61.46,68.09,69.16,73.11,67.77,83.77,72.36,79.17,87.04,76.61,59.32
54.94,60.23,48.23,44.87,38.03,67.07,77.18,90.73,101.56,101.75,90.57,98.8
59.46,50.96,58.2,45.72,65.86,76.76,100.98,96.06,107.09,87.58,82.83,101.43
37.88,57.86,43.85,54.47,68.56,98.42,108.28,111.92,96.14,94.23,114.17,109.1
40.77,60.8,46.36,57.14,65.07,94.62,102.61,107.61,93.84,100.77,88.49,87.47
35.79,64.84,48.01,63.88,67.62,95.97,101.44,102.95,89.57,92.66,74.65,79.72
34.51,57.45,49.76,75.49,79.34,91.99,99.17,91.37,90.33,84.29,64.04,72.04
34.13,71.36,53.11,72.42,85.3,93.48,87.97,78.66,69.1,69.33,64.25,73.21
46.15,69.11,65.72,69.29,88.25,87.16,80.82,65.69,67.69,77.8,66.32,59.95
63.0,74.71,87.05,56.85,61.29,70.38,63.92,51.67,58.87,59.11,51.64,51.11
75.04,72.26,77.23,50.62,68.94,64.64,59.86,56.55,48.97,45.9,60.71,92.1
57.48,78.57,61.74,52.34,78.19,75.99,54.96,60.43,53.95,62.78,76.59,109.45
66.47,56.37,51.51,64.2,67.16,68.36,59.1,63.87,62.37,55.97,43.08,105.11
71.25,71.22,65.99,50.03,69.1,70.26,66.97,55.68,51.42,59.59,97.27,83.02
66.73,74.97,67.32,55.54,63.53,59.53,69.7,100.4,90.57,47.46,56.99,78.83
76.84,53.64,56.33,51.25,52.23,52.56,59.96,73.56,91.31,76.42,64.0,54.75
65.0,75.97,65.78,53.9,60.09,59.32,82.86,103.88,75.26,40.0,59.67,98.09
75.12,72.38,61.99,53.93,50.95,50.64,108.45,85.54,64.09,59.05,93.45,63.98
76.8,65.79,67.37,59.27,55.41,93.1,85.79,60.41,51.25,74.44,74.6,70.05
67.49,53.49,51.73,97.82,82.35,83.27,62.25,62.04,52.27,66.69,50.22,66.78
53.94,84.74,100.22,60.81,43.99,43.77,54.04,63.59,55.42,50.37,99.61,132.03
55.99,108.3,78.78,72.35,55.22,61.51,51.92,50.78,35.79,67.37,88.07,98.88
57.19,119.99,45.52,55.57,57.16,64.53,45.93,56.59,40.15,88.08,74.74,86.86
65.79,97.78,44.33,66.5,55.53,63.2,33.95,67.89,52.23,103.33,58.05,97.79
81.77,43.77,77.18,75.95,67.36,53.15,54.27,46.39,87.63,55.07,92.54,99.01
37.97,48.93,27.65,69.5,63.3,45.22,46.58,77.05,107.54,92.9,89.95,94.54
59.8,28.77,61.01,63.11,26.62,38.37,60.34,108.0,113.63,60.01,65.0,139.2
33.27,38.56,55.48,31.39,35.6,53.19,88.59,104.12,63.57,72.23,132.69,106.2
28.61,37.41,42.43,36.91,49.56,74.61,98.76,73.04,83.93,119.27,122.36,128.19
52.96,49.97,47.59,37.7,81.3,85.84,81.03,73.37,97.32,102.86,102.62,86.98
51.86,51.13,51.9,58.27,99.91,78.49,43.26,94.02,76.48,80.42,102.63,51.26
44.35,46.66,53.85,82.49,77.62,64.86,83.87,99.13,74.87,80.13,55.67,30.99
52.49,58.69,90.66,83.87,64.44,75.45,120.5,81.97,82.97,55.21,29.34,41.63
77.65,84.39,80.46,56.65,86.15,93.43,60.48,76.79,43.13,34.25,43.79,34.44
62.09,72.2,89.61,75.34,97.59,78.82,53.58,34.16,40.75,45.33,31.99,35.96
58.32,87.56,79.77,76.82,91.54,44.12,26.06,40.43,41.95,30.68,33.14,34.21
69.78,80.05,83.78,86.54,49.48,30.01,33.91,31.04,27.57,27.05,19.8,70.15
77.6,82.73,83.01,76.47,31.86,32.3,29.19,22.29,26.58,28.03,39.34,52.3
74.94,82.5,78.39,63.26,27.96,31.08,31.16,21.96,21.22,38.27,52.13,27.96
81.11,72.0,53.51,36.62,25.03,35.85,22.03,22.67,33.66,41.19,31.11,36.43
74.23,49.45,42.29,43.18,40.77,38.54,31.9,41.47,34.73,20.5,35.39,33.06
55.61,39.92,50.52,34.43,35.46,25.84,54.14,35.62,8.69,27.08,23.49,40.16
43.72,51.35,41.68,40.25,34.67,57.56,38.54,12.98,29.59,20.93,27.98,21.46
48.81,38.52,31.29,27.94,61.2,48.88,15.76,32.62,15.73,32.26,19.0,30.08
32.64,22.32,27.55,51.71,56.21,20.2,38.02,15.18,46.98,24.27,38.31,35.01
27.74,13.46,75.76,45.71,32.49,38.44,16.95,47.58,21.63,44.35,56.68,49.41
25.3,54.35,52.69,30.61,26.84,36.47,33.19,19.82,34.05,53.68,54.65,58.95
50.15,75.42,24.1,36.51,22.91,38.13,13.45,33.0,33.53,43.03,89.6,48.82
76.19,44.29,18.04,30.61,41.29,20.3,31.97,30.8,26.39,65.84,68.95,67.74
32.99,24.9,33.84,28.21,26.92,18.99,19.54,43.75,59.88,71.41,49.69,56.07
33.18,39.06,19.62,42.05,20.46,31.51,42.33,68.36,66.45,50.23,73.38,106.7
32.28,39.39,27.06,23.76,25.92,63.86,73.62,39.74,56.74,98.47,96.46,109.99
25.74,18.24,24.25,32.78,44.45,45.67,92.49,80.92,78.17,96.85,86.51,72.7
23.87,35.86,27.49,30.24,61.1,80.62,63.81,72.21,90.36,102.34,86.87,83.7
35.96,28.42,35.05,35.59,78.35,78.59,66.43,69.28,100.79,82.21,83.95,59.35
26.21,26.92,54.61,64.54,83.97,63.03,72.12,102.52,87.8,84.87,46.32,32.38
22.65,50.28,80.95,85.69,70.43,64.52,118.44,81.3,82.89,49.44,32.33,31.13
42.89,76.3,86.18,61.19,98.28,119.02,81.84,57.68,38.17,35.13,39.3,19.38
69.55,82.84,75.45,107.79,100.14,72.22,43.01,30.13,36.92,22.71,22.23,27.89
83.43,66.33,106.58,103.4,76.09,47.91,27.39,34.64,27.57,12.47,26.67,28.96
52.27,86.72,133.22,64.81,48.91,24.56,27.88,27.02,19.37,19.68,36.03,38.41
93.54,111.18,79.12,57.41,31.07,29.75,26.16,21.09,17.11,26.79,39.29,39.04
92.85,100.03,64.98,40.5,32.44,31.87,27.64,19.05,23.2,34.54,38.68,39.86
101.45,61.74,42.51,25.83,24.48,19.06,21.91,23.34,27.58,41.78,46.26,28.76
62.3,40.32,36.96,31.71,24.66,27.56,24.68,32.13,46.47,34.72,42.22,37.15
41.03,36.77,36.77,33.11,26.67,28.57,24.98,46.16,39.56,42.82,42.66,36.58
33.02,39.99,35.92,37.36,32.09,29.23,41.77,54.69,30.31,44.89,37.59,49.24
42.39,43.62,33.95,32.58,24.45,35.66,59.11,27.79,35.45,35.65,32.03,28.2
41.55,35.93,28.36,34.2,37.29,63.39,23.35,39.33,37.15,32.57,37.78,24.69
32.2,22.7,29.91,54.85,64.75,21.64,39.95,27.09,54.09,27.51,34.87,20.08
28.04,37.46,67.56,43.62,28.33,26.89,33.43,60.35,37.41,35.05,45.35,47.36
46.5,61.93,32.9,25.41,31.84,37.62,21.63,54.83,35.45,52.03,72.77,64.08
61.76,46.93,27.66,30.18,32.61,36.92,35.72,45.02,36.09,66.48,70.47,76.47
44.01,77.75,37.57,36.21,29.11,22.08,41.61,59.41,61.01,79.18,57.89,71.8
55.31,46.35,52.14,28.59,29.17,28.33,61.18,57.0,58.45,49.88,67.21,83.17
51.71,56.45,23.43,17.13,24.49,34.11,41.57,56.42,58.76,69.86,96.61,83.56
60.26,45.43,31.68,20.36,48.51,49.12,51.45,40.41,63.07,92.94,73.38,75.64
37.47,32.77,27.29,28.29,54.16,56.52,41.46,42.84,91.65,101.78,70.54,38.04
20.93,9.41,26.61,45.38,65.0,51.86,50.53,66.55,101.91,76.69,40.07,34.76
14.32,23.03,51.06,53.67,66.1,31.9,70.15,95.46,90.59,58.06,31.69,39.23
28.92,54.13,59.43,58.72,49.77,64.0,96.37,117.26,69.09,29.03,40.12,34.31
54.42,49.9,72.13,45.28,58.07,107.27,116.27,68.34,29.44,38.77,36.25,22.92
70.72,54.62,45.96,44.26,91.21,102.47,72.54,45.81,32.31,37.08,32.74,29.91
66.12,57.17,55.9,56.04,64.14,61.52,66.66,43.97,31.81,35.34,43.6,24.04
57.94,47.11,49.26,44.91,47.93,51.69,30.41,34.2,37.99,30.56,42.77,49.38
48.17,46.82,35.27,25.22,53.18,31.73,35.38,47.42,34.62,51.13,51.27,31.41
53.02,34.8,33.19,30.88,33.71,37.76,35.45,37.41,38.46,37.69,35.62,35.67
36.35,43.23,34.77,39.94,33.01,38.1,30.0,31.29,27.66,27.59,34.97,36.38
41.36,39.34,40.73,27.78,37.63,28.51,27.87,32.19,20.39,27.36,45.67,36.29
32.15,35.57,38.38,34.51,32.81,34.65,30.06,37.86,35.67,38.83,34.29,31.88
23.24,39.09,34.78,31.9,39.3,34.05,32.91,37.71,36.12,33.78,30.52,29.14
29.29,27.63,20.26,27.78,30.88,41.94,36.74,37.96,36.93,31.45,30.92,29.14
23.76,24.22,14.43,27.26,34.62,21.49,40.21,32.84,42.28,22.65,38.89,30.6
11.91,29.93,16.9,27.72,24.29,30.89,43.11,28.59,31.38,26.74,34.92,48.7
20.2,31.44,19.23,22.72,22.59,52.86,41.76,26.78,40.52,23.79,36.58,39.73
23.92,40.94,30.16,40.45,20.41,56.73,34.85,33.25,38.13,29.5,26.62,25.74
27.71,31.18,35.16,31.78,48.52,31.17,46.43,35.79,39.37,31.58,30.24,27.54
45.89,22.89,32.15,50.59,32.28,35.99,35.62,34.19,42.55,36.54,35.24,38.6
33.13,39.8,26.64,24.83,32.62,23.58,30.38,34.58,34.64,35.09,37.61,31.46
39.37,46.94,24.01,33.45,27.26,29.22,35.16,34.02,34.28,29.66,28.62,40.58
42.0,35.47,28.98,26.44,27.78,26.37,29.24,35.39,34.63,28.87,30.18,33.33
41.24,30.87,26.41,27.64,22.35,23.19,28.17,36.4,28.6,30.62,39.67,29.62
38.92,19.92,36.91,27.66,18.93,20.01,20.16,26.69,29.38,32.63,32.19,34.12
36.12,25.83,33.15,34.69,26.22,17.78,29.99,22.57,24.34,46.33,28.49,30.01
35.18,20.59,34.37,28.7,28.11,13.47,29.73,25.89,26.52,30.39,26.17,33.69
39.56,17.35,31.14,33.12,46.78,22.86,32.15,31.12,29.64,33.3,41.18,33.8
17.14,31.18,34.17,37.04,40.22,30.2,40.78,38.64,34.94,35.36,33.47,35.7
24.27,33.67,37.11,26.46,43.31,30.75,47.36,34.48,40.82,31.91,32.52,35.06
51.23,23.5,30.25,42.7,24.55,32.33,27.24,32.19,30.63,30.57,31.28,25.24
39.98,16.44,37.62,43.32,13.79,37.05,29.61,28.71,36.54,30.82,25.73,27.1
34.93,31.32,39.83,29.71,33.55,31.0,31.45,28.96,26.18,31.1,24.02,27.73
32.86,46.43,45.98,24.59,46.85,27.61,34.77,29.26,32.58,30.18,30.05,25.98
34.94,46.02,46.32,22.2,51.65,24.37,30.33,30.0,34.11,33.69,28.12,28.92
38.56,34.56,51.6,23.39,42.33,29.89,30.18,28.04,32.98,34.0,29.0,29.67
34.15,35.12,49.75,21.7,46.43,29.02,32.3,27.98,34.02,34.9,34.13,29.47
34.32,40.97,46.98,23.59,56.32,26.86,40.46,30.96,38.14,33.45,34.03,29.83
28.91,42.73,35.93,35.31,41.54,33.63,40.46,36.51,39.4,36.7,37.14,30.02
37.39,21.87,25.77,38.65,29.43,47.09,24.83,35.75,32.2,36.4,29.72,34.66
29.89,18.25,29.38,34.32,30.38,44.4,33.14,34.79,33.59,36.21,33.15,38.26
5.29,37.65,17.44,22.79,33.48,18.44,38.09,27.38,29.34,27.85,29.55,28.63
28.35,45.11,31.48,19.41,42.37,27.56,25.65,29.87,30.77,26.31,26.18,25.63
28.5,31.09,27.44,36.37,33.16,34.84,33.65,31.8,28.0,27.23,30.62,26.55
35.92,27.06,37.05,31.48,28.85,32.08,32.88,33.02,24.02,23.26,24.1,21.67
22.93,49.11,21.86,33.36,27.72,30.38,26.68,29.78,15.91,24.35,22.71,20.07
35.51,33.89,32.77,23.5,24.33,27.95,23.58,20.33,25.44,21.28,29.01,25.38
20.56,40.12,29.43,36.05,26.89,23.85,28.85,26.57,21.46,21.16,31.38,36.97
33.26,44.64,33.0,22.77,22.33,24.54,26.84,23.26,23.87,20.85,29.72,34.07
31.45,34.08,30.21,11.24,22.55,23.18,15.58,17.01,18.24,17.01,22.15,24.77
37.05,29.73,28.95,11.03,23.68,19.91,12.96,9.64,19.41,14.3,23.86,17.72
39.8,27.84,29.99,16.4,24.0,16.88,6.57,10.98,15.08,14.0,27.49,22.88
38.57,23.4,28.17,16.94,25.45,18.5,9.85,14.31,19.79,9.46,28.3,21.47
30.86,12.65,27.87,10.67,21.39,28.06,11.01,10.72,21.08,10.32,32.07,22.04
16.21,17.22,21.73,19.84,23.75,26.08,16.14,21.61,18.15,17.68,29.24,22.97
19.95,23.06,25.3,24.45,24.38,21.97,18.68,26.23,27.71,24.38,26.99,21.86
45.27,26.39,37.09,27.74,31.82,31.67,26.23,34.1,41.99,21.88,23.2,24.84
19.32,36.03,31.7,28.25,33.86,34.47,46.42,41.58,23.55,36.18,17.45,28.83
24.8,25.27,30.24,26.81,37.47,30.0,48.0,26.12,19.78,26.73,22.96,31.31
21.0,28.97,32.31,33.59,36.15,40.04,41.37,27.03,25.05,28.64,34.33,29.02
21.68,31.5,38.47,34.09,34.19,52.12,38.33,21.39,22.86,40.39,38.48,32.98
34.22,34.19,31.9,21.85,39.38,38.7,28.04,29.53,27.25,32.54,35.99,26.51
27.49,35.32,38.64,34.12,28.61,27.25,25.06,28.62,32.07,36.78,44.33,38.74
31.29,38.37,30.2,28.32,30.92,29.27,25.53,30.56,33.42,46.62,48.62,53.23
32.29,36.67,34.08,20.18,29.22,30.28,35.53,31.44,38.94,58.33,52.44,55.33
31.19,30.41,30.87,20.37,28.3,32.38,38.06,31.16,38.91,60.89,60.62,75.59
20.17,20.36,27.03,34.3,30.75,33.13,36.61,46.95,59.83,83.36,91.49,91.87
8.15,15.52,35.89,40.68,32.77,33.8,34.55,34.79,52.06,76.99,63.39,77.3
1.01,21.12,45.07,66.97,46.84,29.48,53.21,62.79,68.63,63.48,58.23,61.44
15.78,29.44,45.29,39.61,30.1,42.64,72.9,83.24,86.61,79.98,72.95,91.0
30.88,27.41,45.57,42.74,35.64,74.58,88.48,75.95,72.2,82.18,76.82,91.2
38.53,37.87,34.3,46.71,74.53,92.43,77.37,74.33,92.27,83.45,102.27,104.28
37.42,50.66,56.6,87.25,85.06,71.17,76.03,89.13,98.3,102.5,98.92,93.92
47.58,72.05,79.21,85.79,64.12,61.37,66.39,73.77,118.41,104.74,84.77,57.72
49.47,81.01,77.78,62.5,65.38,82.4,81.22,121.35,107.54,76.56,54.28,44.71
73.05,84.71,76.07,63.41,72.58,87.53,119.29,107.29,63.36,44.16,38.34,32.62
86.78,85.55,78.74,62.63,90.47,106.0,104.63,73.9,46.21,42.05,31.0,36.23
79.35,83.65,80.65,71.16,92.47,124.97,80.68,46.83,36.75,35.05,37.83,33.2
67.22,77.92,75.09,109.5,110.36,51.54,36.46,46.82,42.96,35.02,35.39,55.42
65.74,78.79,110.76,109.07,58.12,36.21,46.93,39.47,30.64,32.19,57.68,38.98
68.29,100.56,105.47,53.42,37.67,43.03,33.59,35.02,25.72,57.05,33.49,34.97
72.42,96.14,72.69,48.37,44.13,31.55,34.48,31.22,48.52,49.75,38.79,65.77
79.87,63.37,57.78,46.73,32.79,37.28,32.92,47.38,48.36,27.81,62.85,66.29
51.8,47.79,50.26,31.76,24.15,28.9,49.89,51.56,48.92,43.97,46.55,50.78
45.28,42.84,41.61,35.09,30.62,48.29,53.61,40.51,44.27,42.22,59.34,55.18
49.33,39.57,35.25,27.43,56.74,37.14,41.66,61.09,39.14,69.08,58.32,59.5
27.81,32.45,40.23,58.86,41.77,40.71,62.43,58.05,90.39,48.23,62.55,46.92
34.69,34.05,61.73,42.54,43.26,68.91,65.06,86.32,64.93,62.71,40.03,51.78
23.01,67.98,53.31,39.07,56.47,39.51,65.73,48.97,43.29,36.2,56.06,73.43
59.12,38.7,41.23,57.7,30.1,73.0,40.33,39.6,42.57,69.63,81.4,90.73
68.34,37.89,59.98,21.47,53.01,39.75,43.56,30.01,62.89,84.4,101.84,74.23
46.43,39.92,52.91,76.62,51.61,53.29,37.57,40.1,57.16,86.59,102.33,56.53
63.82,55.7,29.24,32.83,49.23,44.25,56.52,87.54,80.25,79.43,79.46,110.89
63.06,43.78,38.89,43.56,41.36,46.79,85.3,79.46,65.53,81.99,111.07,119.75
54.03,56.77,52.58,35.57,41.3,52.21,81.69,88.36,76.25,96.46,150.02,111.54
29.57,41.55,31.06,41.8,52.35,81.44,82.74,85.61,84.17,165.03,112.84,87.11
33.62,21.4,42.53,54.32,71.76,77.11,78.16,94.52,131.1,110.75,73.42,42.36
40.46,38.59,57.95,70.03,83.56,81.71,99.13,134.81,101.53,59.02,48.12,39.1
44.44,70.44,105.28,71.63,79.06,116.24,123.22,111.51,56.99,44.31,40.38,37.26
100.49,69.24,91.19,79.4,113.58,123.71,109.62,59.49,41.5,39.53,42.44,31.99
95.81,57.83,109.33,99.61,131.95,98.83,63.39,40.92,35.55,37.73,31.93,30.19
70.36,89.67,128.36,118.25,95.99,72.25,42.9,38.76,35.02,34.94,33.37,35.08
60.5,99.33,134.65,97.7,71.98,40.09,38.88,40.03,33.03,34.38,28.17,47.62
87.44,114.84,95.57,84.27,36.68,43.75,37.87,31.81,36.71,25.07,42.24,34.53
116.1,105.55,85.56,46.73,42.06,42.34,43.25,37.18,33.02,34.82,37.39,23.48
109.24,81.4,59.09,47.01,55.72,49.92,40.53,31.4,38.71,41.6,19.58,52.68
87.55,55.18,55.69,55.53,48.72,37.98,33.16,39.32,49.82,19.12,49.43,28.77
54.27,60.97,57.4,56.52,43.61,34.67,45.77,50.23,15.87,59.19,18.48,70.4
56.12,57.15,59.74,47.43,33.82,47.91,44.17,25.04,65.5,19.57,60.31,25.46
46.44,51.33,55.86,30.4,39.35,44.05,38.3,44.26,35.54,45.24,49.2,37.92
35.11,44.1,44.64,31.59,61.59,18.78,53.52,21.97,71.93,42.24,50.23,49.59
37.11,39.06,40.78,45.35,23.55,56.51,22.77,83.59,35.76,42.13,50.63,74.44
36.25,44.16,49.71,54.08,49.25,34.31,44.37,35.97,31.76,42.91,62.22,76.62
53.04,59.46,35.3,59.67,27.02,44.45,22.58,55.13,43.39,65.27,59.83,90.09
58.24,25.01,68.08,23.0,82.48,24.17,42.36,30.93,62.34,78.56,108.49,77.16
26.37,64.69,68.6,46.39,43.11,38.2,35.37,58.39,92.99,102.17,78.17,77.31
47.1,65.77,75.97,53.37,40.04,47.12,46.06,83.03,105.03,72.2,92.34,98.74
65.07,47.6,53.81,20.12,57.15,63.12,80.22,90.47,92.23,100.2,111.35,132.36
35.44,48.23,27.1,44.21,56.42,76.74,99.95,104.54,109.97,124.9,147.97,116.02
45.33,29.22,47.6,47.19,71.04,101.43,93.91,93.91,102.2,120.0,123.69,104.82
33.08,34.24,63.52,64.3,98.31,89.9,98.53,105.72,129.24,118.33,93.95,51.04
41.5,60.65,78.93,93.18,101.86,91.8,109.55,132.79,104.28,88.41,54.29,43.35
73.08,81.94,97.56,101.32,84.44,116.65,133.59,98.84,75.88,46.78,42.15,46.34
75.46,88.47,109.82,92.6,111.81,131.2,108.04,87.33,51.41,51.04,57.56,42.22
91.32,95.06,105.32,119.33,126.68,113.78,85.67,54.56,45.5,47.64,37.71,29.92
101.25,74.41,130.8,133.27,101.68,91.57,50.74,48.98,43.87,41.94,37.47,31.12
85.06,100.35,137.72,111.99,101.04,50.55,47.36,39.16,49.78,41.22,31.25,42.27
101.14,122.08,110.96,100.3,50.76,40.98,37.38,50.81,37.51,35.29,47.63,43.31
122.18,104.85,77.6,50.08,48.05,48.21,38.98,32.1,36.72,45.92,36.25,37.13
109.48,73.48,55.16,44.77,41.39,38.5,31.92,26.09,47.48,45.6,38.41,47.62
75.54,49.54,54.59,52.55,40.42,36.36,26.4,51.02,38.0,42.48,52.62,34.27
45.0,46.49,52.43,34.74,33.9,25.93,54.45,53.54,38.71,41.43,54.49,54.04
47.98,43.11,36.52,25.35,37.6,70.01,51.65,39.55,39.29,41.94,42.03,37.25
43.1,39.67,41.42,20.91,68.7,43.83,36.03,47.83,24.61,49.17,31.41,45.43
31.64,32.86,35.48,39.64,64.15,42.52,34.86,38.2,25.51,34.37,31.66,38.77
30.01,30.87,46.1,54.48,29.1,49.44,22.66,45.2,24.5,44.42,34.59,47.31
28.7,65.97,77.52,27.18,35.85,10.28,24.44,15.12,46.49,27.2,69.46,58.81
59.91,93.57,56.49,24.14,31.3,16.96,36.05,25.84,35.95,46.86,87.8,74.33
64.32,53.29,53.3,23.88,46.04,31.81,28.04,29.37,66.01,73.38,90.3,83.87
36.39,70.52,72.65,56.85,37.52,34.13,46.52,58.27,82.19,101.8,91.61,66.78
61.4,73.45,70.42,30.92,42.11,56.19,39.32,95.01,91.91,73.81,100.72,104.15
76.99,45.79,44.91,32.95,44.86,48.7,74.94,84.07,76.83,100.31,113.74,126.74
47.66,22.1,46.72,10.29,59.92,52.12,97.02,76.56,104.5,120.31,155.81,118.63
32.27,54.48,24.46,45.14,58.28,83.47,100.7,91.73,97.24,119.57,140.86,89.17
36.05,27.97,55.35,57.9,98.95,103.66,83.49,95.26,117.19,139.62,99.86,85.08
31.14,50.97,49.09,109.29,105.67,90.81,99.27,97.59,137.42,99.26,84.36,66.35
38.45,85.52,98.17,102.89,93.98,87.0,109.07,134.79,132.27,81.8,55.07,53.23
57.81,114.67,101.07,84.83,86.93,116.2,130.41,114.01,78.02,49.31,55.52,52.26
100.93,97.14,97.89,95.48,124.38,130.66,125.93,74.28,45.29,46.34,49.88,32.46
85.74,86.29,109.38,130.29,133.44,114.34,63.93,49.08,45.58,50.95,32.24,26.49
71.99,108.49,143.77,112.56,105.01,55.77,55.83,57.89,47.74,30.12,27.15,36.35
97.25,137.09,115.83,98.2,54.61,55.13,52.74,50.09,34.31,25.79,42.8,62.92
125.15,111.57,78.1,54.24,50.37,57.86,47.05,33.84,29.14,49.65,57.02,28.09
113.83,89.25,57.56,45.27,57.54,53.07,33.48,24.51,35.86,66.1,24.11,48.44
98.95,68.91,55.42,49.45,50.51,40.94,30.17,36.02,63.96,37.18,34.18,31.44
75.59,56.87,52.61,47.43,46.44,36.64,33.64,71.32,43.88,28.51,31.61,14.53
52.81,54.3,46.84,38.85,29.48,37.74,79.41,42.31,33.69,28.5,48.15,36.15
42.24,42.44,36.89,34.26,30.42,74.35,59.38,25.85,33.14,33.54,56.01,37.6
30.2,44.86,52.74,36.93,114.63,53.55,28.07,41.3,21.44,46.73,21.25,37.55
35.09,51.13,71.78,87.72,73.04,36.18,33.4,30.94,35.01,34.58,24.56,41.4
33.16,68.51,101.28,61.08,48.38,29.85,29.99,31.36,38.92,28.36,34.38,47.25
52.47,63.78,50.7,52.3,35.4,18.23,37.45,45.23,47.9,23.84,76.91,72.73
65.44,53.71,48.04,58.8,22.52,33.33,42.57,33.56,46.65,66.29,74.19,82.36
45.88,56.68,34.34,34.18,68.43,36.23,33.47,88.94,88.6,100.53,88.96,92.96
35.75,30.21,45.63,40.58,31.13,40.34,71.62,86.87,79.72,93.37,111.23,105.02
30.49,52.84,44.1,30.94,27.63,72.85,86.17,85.28,89.48,107.98,129.45,131.85
32.1,53.31,43.29,46.49,67.62,91.82,91.12,110.44,111.38,129.33,126.12,89.74
52.26,31.63,52.73,51.36,83.37,102.66,81.32,92.41,98.33,110.9,97.73,68.49
37.37,49.32,68.65,83.03,110.38,90.31,96.49,95.89,138.99,120.88,77.59,50.35
30.72,78.89,73.78,104.42,100.16,96.29,95.71,135.33,88.92,82.89,58.95,58.94
72.19,83.39,97.13,97.42,88.28,91.69,114.79,126.95,77.27,61.91,55.0,48.71
51.15,102.21,103.96,93.2,82.43,101.4,122.2,98.77,75.31,53.12,64.95,57.41
91.04,83.86,105.08,97.09,129.11,118.94,104.48,62.97,51.31,53.77,48.74,34.9
99.24,86.7,108.12,128.22,126.64,86.42,62.72,56.94,63.77,38.27,36.11,38.03
104.17,103.32,142.49,94.42,88.92,59.14,55.63,58.48,34.89,36.56,39.53,80.41
115.94,109.97,103.27,59.62,57.34,51.27,46.53,34.95,36.02,43.59,106.63,42.15
111.18,94.53,67.43,51.13,53.92,38.44,35.81,37.3,49.59,110.1,46.41,41.62
85.71,48.69,56.21,35.06,37.11,36.02,51.89,81.03,31.59,49.13,52.07,40.35
63.22,46.28,45.61,35.44,34.57,33.96,93.7,35.84,33.86,44.13,27.57,35.28
54.47,47.48,45.28,36.73,41.85,75.63,52.49,47.91,40.03,29.09,40.47,33.85
42.76,58.37,41.7,38.32,77.25,59.08,49.44,45.06,32.48,34.4,40.5,37.27
35.03,41.92,39.6,45.41,70.66,38.46,71.14,39.42,24.8,31.47,23.17,34.22
39.56,33.96,44.09,63.53,63.35,45.97,27.94,34.99,35.12,42.84,33.95,33.62
37.82,45.68,55.81,50.75,55.85,69.0,35.72,27.37,29.08,24.75,29.28,20.22
68.62,49.61,101.81,35.26,61.77,54.63,28.81,30.7,22.86,23.32,23.92,28.96
80.69,82.24,46.83,44.31,43.74,52.26,27.59,20.07,22.55,12.36,22.85,28.33
54.66,44.4,36.88,39.67,30.68,35.13,32.28,27.24,27.35,43.15,45.68,66.51
52.73,47.26,38.66,30.37,32.55,29.27,35.88,27.58,26.96,27.76,35.21,36.33
40.18,38.46,31.39,23.73,28.02,23.84,36.7,33.16,39.25,49.66,40.24,53.82
45.52,27.74,21.32,24.62,25.66,46.55,36.37,49.72,45.62,55.47,66.38,70.66
52.36,35.16,39.35,34.56,30.67,43.63,47.98,49.1,58.08,56.92,69.15,80.31
46.62,40.25,46.22,36.98,54.37,29.65,47.87,55.56,45.86,54.28,44.72,57.88
14.33,34.97,29.75,22.52,41.42,31.69,26.52,33.24,32.78,53.04,49.49,51.12
30.86,38.0,28.85,42.31,49.85,52.65,49.35,51.89,55.08,55.18,52.5,46.5
42.78,11.74,41.58,35.81,43.16,54.69,43.33,59.11,47.74,39.92,34.73,37.65
26.21,45.83,52.28,63.08,44.3,51.6,52.38,53.77,47.16,44.6,49.16,50.58
27.28,51.66,53.47,47.53,52.63,55.33,51.94,54.73,48.47,46.53,37.96,42.99
37.26,55.94,60.21,59.91,51.27,55.51,56.73,56.64,47.24,49.18,48.98,37.55
39.25,56.35,55.47,68.19,49.59,57.02,53.69,51.45,50.86,49.65,47.04,41.75
52.63,49.03,52.87,51.73,55.78,43.42,52.82,48.5,48.06,48.14,37.27,47.44
52.1,41.28,48.76,44.7,45.03,45.07,53.72,47.67,47.56,47.17,51.09,50.38
43.86,30.8,43.16,33.12,44.26,53.25,45.26,51.3,44.81,54.44,56.44,48.85
41.61,33.27,38.11,32.97,51.96,52.53,44.8,54.28,49.77,57.55,56.08,48.24
45.9,30.07,41.49,37.62,51.9,57.85,39.9,54.02,44.56,55.63,51.91,48.04
46.38,43.98,45.94,43.63,54.73,59.63,55.35,41.4,37.53,48.41,53.82,46.36
51.97,44.31,57.47,52.11,61.42,49.89,37.21,43.38,53.29,42.17,45.51,53.78
51.46,43.87,52.19,52.16,65.09,58.79,52.75,45.28,37.14,50.86,60.32,47.27
55.39,53.95,56.33,59.61,65.24,56.87,46.77,32.34,44.76,60.7,49.98,38.8
63.83,77.99,69.51,43.22,45.07,42.63,33.62,48.75,68.12,41.14,20.71,16.45
66.46,96.25,68.88,54.4,38.01,43.38,48.31,41.87,38.11,36.06,30.94,30.7
78.53,65.11,80.76,27.69,51.49,30.36,35.01,35.77,28.76,25.2,29.33,31.56
62.45,52.89,45.76,41.81,45.77,52.45,51.84,51.18,39.02,28.57,25.92,28.65
48.77,28.85,43.84,43.56,43.82,50.11,57.11,45.87,32.67,26.45,30.89,24.65
45.64,26.15,37.47,35.61,48.19,52.12,56.08,40.23,35.7,33.38,27.7,24.69
52.0,36.17,52.24,48.96,59.84,52.26,28.27,29.19,31.25,23.86,26.78,23.11
52.26,40.35,53.36,52.0,72.76,48.41,26.96,27.11,29.67,26.63,24.66,19.83
51.43,40.63,53.08,58.36,66.16,31.2,29.27,32.23,26.4,34.58,23.32,20.4
50.92,43.42,58.08,56.59,54.45,28.09,28.87,37.47,24.31,37.73,23.43,18.72
48.0,44.96,56.56,45.55,49.27,24.86,29.09,26.5,19.02,22.56,16.81,29.44
40.74,41.71,46.42,38.01,41.22,19.48,26.04,9.86,14.5,18.1,27.48,43.91
38.72,31.96,39.29,27.46,38.06,18.31,19.06,7.89,19.62,30.76,58.22,45.87
40.1,29.32,34.01,29.36,29.96,20.99,26.45,15.83,37.34,54.9,40.34,34.01
40.43,31.08,35.67,35.23,41.99,26.46,30.08,24.26,42.82,40.56,34.79,36.14
32.21,30.43,35.34,34.79,40.43,31.1,30.82,31.76,44.39,39.48,30.11,35.12
28.68,28.59,41.47,35.37,42.81,31.25,29.78,32.07,41.22,40.73,32.87,37.97
28.38,31.91,41.14,38.0,34.8,28.51,31.75,35.87,38.01,36.13,34.93,42.41
34.0,35.73,36.61,33.16,36.11,24.28,43.37,35.23,46.53,39.26,45.47,55.46
34.46,32.41,41.99,37.81,35.53,39.83,39.26,43.01,50.4,60.17,69.72,66.38
36.77,36.85,35.38,34.22,42.26,43.84,44.61,46.32,57.29,57.74,65.95,60.72
44.11,29.22,37.75,43.55,50.46,34.64,41.2,42.9,38.31,44.47,53.62,55.46
41.28,41.3,55.63,36.91,37.61,40.85,44.87,38.0,35.07,38.9,47.83,47.28
48.03,42.6,53.81,40.69,48.52,40.49,49.01,43.26,39.95,45.06,52.57,53.53
45.89,45.07,63.52,38.37,45.25,53.6,55.13,57.03,57.03,56.76,69.88,72.82
50.39,45.42,42.67,44.08,53.25,52.19,55.38,51.36,61.11,66.63,71.02,60.79
58.14,48.4,51.85,56.11,53.43,48.96,49.4,61.37,82.96,68.21,38.61,92.69
43.76,40.39,45.86,53.68,54.42,49.71,52.77,74.92,81.5,69.04,78.57,75.25
35.93,41.11,45.26,53.4,54.77,57.01,54.34,51.78,73.81,89.28,78.63,80.98
52.43,52.35,43.66,44.33,46.3,55.59,58.68,69.99,83.64,81.54,90.28,81.2
60.37,48.14,45.5,47.45,43.12,53.79,76.18,73.53,82.09,91.9,97.46,75.13
49.61,48.89,48.38,56.02,49.98,55.05,79.38,90.94,93.83,86.15,78.97,66.09
47.74,53.25,51.26,53.71,51.64,64.04,91.83,92.82,81.92,78.27,73.88,51.97
50.81,58.15,49.43,52.59,64.87,84.91,86.75,85.88,74.2,81.26,55.41,43.06
55.27,48.95,48.2,52.23,77.47,85.64,78.75,79.3,84.14,66.39,49.17,44.84
49.45,49.72,48.35,52.15,76.18,94.37,78.24,74.4,75.68,60.72,39.17,39.42
47.33,57.64,53.12,67.8,106.3,85.34,68.28,60.72,40.04,50.11,40.05,23.56
39.04,72.48,78.07,81.99,95.9,74.63,50.79,43.41,50.41,33.26,21.74,27.21
51.63,99.54,97.44,82.72,73.23,41.51,45.14,48.6,28.02,24.95,24.35,41.29
78.99,72.47,91.67,69.28,45.58,50.79,50.54,38.74,31.18,24.29,48.83,35.98
87.99,84.44,75.06,51.68,51.99,46.45,41.47,31.37,22.93,46.29,42.01,27.59
94.07,70.35,56.18,50.48,47.59,38.48,30.4,29.71,53.98,42.66,36.32,26.46
78.12,48.2,55.1,35.66,34.44,36.72,49.4,49.98,43.16,51.54,33.44,31.15
64.13,47.29,51.07,31.64,35.05,37.3,69.46,51.74,33.85,48.88,31.77,39.41
44.17,44.78,43.58,44.35,30.51,54.21,50.0,38.26,56.31,33.39,39.68,45.63
37.42,31.05,50.45,39.95,64.58,41.82,30.51,53.63,42.19,67.22,51.31,46.61
35.48,24.3,36.5,54.73,52.56,39.69,57.83,39.54,43.3,40.85,42.0,42.63
31.69,27.19,39.54,76.69,40.84,46.61,58.2,39.49,50.3,33.61,50.07,42.88
26.01,56.88,82.84,43.54,59.68,43.54,38.46,27.49,44.47,39.17,90.3,75.03
51.69,109.87,88.72,37.26,29.31,14.48,49.43,32.22,38.93,47.31,118.91,103.52
73.13,76.64,76.22,34.93,45.41,47.42,54.48,39.68,42.51,68.95,101.96,104.92
42.09,81.98,101.82,77.68,64.8,40.9,36.09,55.74,79.01,93.5,62.16,38.83
87.29,79.54,69.16,51.85,73.48,66.83,55.21,85.03,100.65,85.68,73.25,73.73
98.17,72.77,81.57,47.64,65.52,64.24,85.06,92.56,76.92,80.8,93.83,109.82
61.73,53.31,72.42,62.62,62.67,85.12,90.34,83.83,88.37,97.91,126.94,117.98
53.7,59.66,66.65,65.49,76.34,98.77,83.89,77.16,82.88,123.73,121.98,63.59
47.48,44.88,100.51,84.86,114.99,71.91,59.94,99.37,136.72,130.23,52.36,82.71
49.76,59.34,100.27,109.27,96.99,62.15,78.13,127.11,145.05,88.99,59.69,57.84
55.1,94.09,156.01,86.17,56.04,81.01,129.83,125.11,75.99,68.08,50.64,54.76
83.91,108.16,109.69,86.0,89.84,126.96,125.07,69.77,68.55,50.16,41.75,34.9
90.7,92.75,114.46,99.75,116.48,116.79,74.15,67.0,50.86,41.23,33.71,27.89
81.14,98.51,103.88,127.17,119.14,82.19,69.36,51.86,37.44,34.42,33.86,50.27
99.59,103.73,117.25,109.83,82.53,77.43,47.75,32.35,37.78,36.69,52.83,111.72
99.29,90.86,105.25,81.64,56.19,47.48,34.03,40.79,31.33,81.57,98.71,25.48
84.02,112.22,87.83,51.15,50.37,34.94,43.35,39.13,86.31,80.78,27.21,39.34
90.16,84.8,58.47,45.04,42.2,48.37,48.55,110.37,48.41,26.84,35.73,27.02
69.65,56.43,54.4,41.05,41.9,38.94,114.97,74.31,25.61,34.35,16.41,47.72
42.68,56.1,47.58,52.69,52.75,66.01,72.84,35.05,32.31,27.8,37.25,45.06
43.05,47.09,43.42,56.1,48.9,112.96,37.86,32.33,24.61,34.81,33.66,35.3
39.32,32.16,58.36,54.4,112.76,56.82,32.36,17.24,32.12,28.77,33.17,37.03
23.46,25.59,61.06,77.47,74.69,40.17,27.33,21.66,43.95,41.66,36.12,44.78
24.49,41.31,98.9,58.7,50.88,35.45,16.91,39.41,43.32,60.23,68.73,85.15
35.0,98.42,97.98,33.49,39.61,10.61,30.31,38.44,37.8,28.67,65.78,88.15
109.55,71.02,38.7,38.7,31.65,42.91,52.1,28.51,63.79,91.33,102.68,84.24
96.16,61.3,83.61,41.18,57.65,39.4,74.16,51.54,79.13,90.41,86.87,102.32
47.74,83.63,83.78,64.91,57.01,46.38,49.99,67.6,91.02,92.31,84.2,68.8
77.01,63.15,65.76,42.37,58.88,56.61,57.6,114.32,77.68,92.33,78.73,97.46
71.95,76.8,73.91,34.54,53.41,72.58,81.09,92.65,66.97,87.48,100.8,100.56
87.96,61.99,73.63,36.23,75.52,76.62,92.12,94.28,89.46,105.22,120.74,114.17
57.82,53.4,55.12,43.61,80.61,102.73,81.91,85.19,82.78,104.59,126.78,122.02
56.94,39.11,77.69,69.42,129.53,85.81,83.65,82.69,131.15,151.13,90.14,60.18
8.49,75.43,64.46,139.06,87.89,87.55,72.13,125.7,149.77,114.53,64.04,55.13
26.79,92.99,132.93,98.89,90.13,74.64,130.76,150.64,114.46,63.07,54.11,41.14
67.98,95.41,105.68,91.2,101.43,130.37,144.8,93.35,65.11,52.72,36.96,32.3
81.59,85.82,102.64,108.71,147.6,132.18,89.87,57.89,52.37,33.86,38.3,37.72
74.54,102.71,121.9,132.57,139.36,86.1,55.37,49.5,34.22,43.54,40.5,56.82
78.12,109.78,154.24,127.68,78.41,59.13,48.59,32.3,42.29,36.76,38.54,106.13
106.98,135.5,114.13,86.24,58.02,45.73,36.85,39.38,34.59,39.21,117.29,56.34
117.22,127.01,99.09,52.66,54.07,40.55,38.26,37.9,36.89,88.04,56.46,34.27
120.14,102.16,60.25,43.45,35.16,38.81,36.25,40.9,102.73,48.6,30.46,45.55
93.83,68.2,52.32,42.21,38.1,41.05,37.28,107.16,56.23,29.55,42.8,37.2
62.69,56.3,57.43,51.86,47.79,38.09,89.69,56.61,20.21,43.73,19.7,33.83
58.05,58.12,55.13,46.63,36.66,70.6,54.81,22.04,39.07,31.68,25.71,23.99
37.92,38.19,42.82,30.14,90.2,45.56,23.53,35.49,30.6,45.32,26.8,20.54
25.38,34.02,49.22,54.14,63.75,39.87,45.46,32.34,32.18,46.16,34.76,29.15
26.62,47.38,81.07,48.36,50.33,45.84,28.22,34.69,45.32,43.34,54.48,74.38
33.12,117.45,77.19,26.11,46.74,17.36,35.47,26.63,57.89,52.08,85.75,73.57
93.51,74.19,55.72,48.63,43.2,47.29,57.48,32.54,71.33,86.13,100.16,89.69
81.04,76.26,89.71,48.48,44.46,46.65,66.98,46.35,85.65,88.01,96.23,96.18
45.84,88.22,65.59,56.72,60.64,50.12,43.0,84.44,85.5,91.91,100.08,67.81
54.19,39.12,45.86,34.68,27.67,36.05,72.56,90.63,102.74,83.06,88.66,124.18
59.57,71.34,45.82,63.11,51.8,72.13,90.3,94.78,76.7,80.65,97.76,112.81
64.67,38.71,67.1,42.42,102.99,89.93,78.12,77.42,91.09,107.04,131.7,107.68
31.06,51.77,49.29,85.5,101.49,81.2,93.39,84.66,102.53,134.84,83.95,68.22
35.28,68.74,116.57,87.15,97.54,76.29,84.14,99.69,130.66,113.3,69.41,62.11
46.13,82.36,97.09,95.27,97.04,87.99,103.09,131.85,127.57,81.1,61.98,52.69
79.26,108.36,105.87,94.09,79.92,108.07,139.25,144.14,82.65,73.19,53.35,45.2
94.11,97.5,106.66,90.33,95.68,135.04,147.65,89.46,63.53,63.32,38.3,31.84
101.7,96.4,107.31,104.94,141.3,133.52,92.62,65.99,60.94,39.92,38.19,38.12
94.19,96.38,123.38,145.43,118.59,100.21,63.3,58.65,43.27,44.29,35.88,33.01
101.75,115.51,150.05,117.94,97.2,56.48,56.56,44.57,40.65,34.99,32.12,79.12
129.12,114.8,100.51,106.83,61.32,47.4,45.56,46.37,33.25,31.37,94.85,100.35
128.8,108.38,74.74,43.9,42.91,37.47,35.83,28.7,64.12,90.71,29.89,48.23
104.02,99.89,52.98,43.74,37.18,42.91,32.92,78.76,90.61,30.32,41.63,26.44
81.74,68.07,53.12,41.57,37.18,37.88,59.95,93.89,31.28,33.6,25.56,24.4
64.25,59.92,52.17,37.42,45.35,37.7,113.63,53.35,27.83,31.37,21.85,40.02
46.07,48.38,40.55,42.71,37.22,112.58,70.57,29.9,27.97,23.86,37.7,32.57
41.67,42.54,49.63,41.34,94.86,77.54,26.31,42.68,13.96,42.57,25.47,28.91
28.71,39.35,53.94,58.44,117.24,34.13,35.32,26.36,34.26,41.54,16.51,30.39
28.19,52.6,68.83,98.1,41.16,27.83,36.05,31.3,39.49,32.58,37.17,46.82
49.53,88.07,80.8,56.21,52.71,36.63,37.6,49.19,32.37,61.78,82.55,106.35
100.58,70.67,53.68,53.25,26.55,45.95,56.27,39.95,68.1,85.51,109.88,94.04
91.11,65.01,64.84,31.84,28.64,52.15,54.07,47.26,89.97,88.24,101.19,98.14
50.66,84.3,36.75,39.96,65.33,36.58,52.75,104.05,96.92,97.84,96.63,111.86
89.22,45.47,55.6,44.76,50.44,47.19,86.68,97.59,105.09,107.37,98.6,113.97
66.67,58.75,43.7,75.45,52.41,77.8,92.61,86.74,90.57,91.93,92.26,101.31
62.42,37.68,66.74,58.79,82.46,84.31,91.09,94.12,89.54,93.41,104.55,66.04
39.22,65.47,80.63,67.67,86.95,106.4,90.7,93.05,101.29,100.3,62.05,84.88
38.76,94.03,59.21,91.54,97.79,97.01,90.46,101.74,125.53,65.59,86.55,65.93
69.53,79.53,95.16,97.84,93.86,89.45,110.55,124.91,67.43,87.91,63.28,55.21
62.32,111.0,94.74,86.72,86.83,82.17,106.25,78.72,69.04,86.0,58.88,67.16
66.71,90.03,107.1,95.11,84.81,78.08,82.85,62.95,86.55,55.89,65.47,87.29
92.9,84.95,102.99,78.98,87.04,86.07,55.83,91.19,58.67,61.86,78.51,96.41
93.56,82.61,91.08,87.46,90.51,56.39,85.05,64.22,62.77,73.21,91.69,105.1
83.94,87.45,103.37,69.66,72.14,68.59,60.73,60.58,71.49,85.16,99.56,89.33
94.2,94.9,80.8,73.89,78.27,62.0,56.84,53.64,57.17,89.68,99.41,61.33
97.87,87.71,62.64,56.05,74.83,59.2,57.34,59.35,79.42,87.62,61.04,41.37
77.58,71.18,73.34,56.22,79.87,85.79,83.15,102.87,98.79,63.82,38.94,42.4
68.64,79.24,77.39,63.73,88.93,89.61,90.35,96.64,99.56,57.45,29.43,43.49
78.88,75.99,76.88,79.2,82.84,87.53,92.58,98.8,62.59,35.1,37.25,31.86
69.4,73.62,74.44,78.85,85.9,104.03,87.76,60.47,54.49,41.36,29.11,27.55
61.13,72.18,74.7,87.27,90.83,85.49,73.93,54.56,47.39,32.68,27.36,22.33
62.83,79.78,81.38,90.42,79.95,66.5,65.13,56.9,47.74,36.37,22.12,16.58
60.95,81.24,98.57,78.16,73.2,70.18,55.1,56.08,41.49,39.76,27.62,25.15
53.52,98.24,75.95,63.81,84.4,59.94,58.73,45.54,46.34,35.77,38.06,37.29
68.19,66.21,52.92,49.71,48.9,45.76,39.3,45.04,46.48,46.62,55.1,72.37
76.38,82.65,51.79,57.5,60.51,58.18,45.32,54.55,49.29,60.71,86.76,94.64
64.36,46.29,52.73,51.61,67.13,49.13,42.42,66.55,97.66,83.5,71.66,66.38
63.48,47.01,53.38,45.56,70.51,53.48,59.77,80.61,89.77,80.89,62.05,52.59
47.99,38.43,62.33,39.29,57.27,49.7,60.93,69.54,70.94,63.13,52.31,51.5
26.42,35.14,33.01,33.74,33.87,37.46,26.81,38.5,42.23,40.58,45.75,38.82
39.92,63.32,50.62,47.95,50.06,49.9,52.22,59.88,63.58,54.88,48.93,50.54
55.85,44.3,48.97,57.78,50.25,70.27,51.46,58.87,59.19,59.03,59.99,67.33
45.32,34.17,33.96,45.73,38.13,55.98,47.39,50.25,57.74,57.44,62.35,69.01
15.96,17.01,27.96,29.22,34.38,34.4,38.88,32.82,48.16,55.13,53.4,71.14
6.78,25.98,36.36,39.47,56.54,45.26,43.09,50.89,46.58,55.82,58.91,62.69
15.32,46.86,40.95,53.92,57.47,46.39,50.68,47.15,48.57,54.75,52.83,51.82
27.17,45.56,39.68,49.56,51.52,56.92,51.64,52.23,45.98,49.68,48.34,50.25
