304.32,311.04,318.81,324.59,321.77,282.0,237.48,182.12,144.73,87.58,41.48,34.87
299.95,277.92,295.28,310.13,294.23,272.26,237.92,165.95,82.3,29.45,22.86,29.67
288.13,275.13,285.62,288.14,272.67,246.28,168.34,80.47,18.58,13.25,28.0,45.67
282.91,266.13,260.33,234.32,171.76,94.5,27.3,15.7,28.76,38.75,29.89,30.06
277.6,241.21,215.07,143.08,74.76,40.43,19.12,39.13,41.95,30.77,59.37,156.05
273.04,196.53,137.36,73.91,45.64,35.22,37.82,41.34,44.23,93.67,255.83,414.08
263.6,150.98,89.54,39.92,38.68,43.85,41.37,34.89,47.7,103.65,268.97,391.21
214.63,102.11,46.16,31.26,37.3,40.28,33.08,30.86,66.53,209.71,414.78,371.26
130.9,65.55,36.98,36.38,41.53,37.97,30.06,35.86,96.19,274.58,387.07,343.46
159.89,79.86,34.62,22.86,43.81,48.87,28.89,26.91,46.13,144.02,353.38,358.38
74.42,40.97,18.92,44.24,53.45,29.92,26.07,36.67,138.28,384.41,339.13,311.91
54.62,33.47,34.64,51.44,51.62,26.46,27.34,90.7,314.6,366.82,299.95,300.64
53.51,39.7,34.73,52.28,57.01,29.65,44.07,153.25,391.4,330.55,290.88,294.17
5.16,28.9,66.26,77.82,45.36,66.35,165.08,245.15,202.6,200.71,223.72,252.63
9.8,40.2,53.36,37.62,32.93,117.42,291.01,263.58,215.26,216.37,243.75,279.57
29.62,39.09,38.86,36.05,81.72,203.01,264.0,194.54,188.47,215.04,249.54,266.08
69.75,59.74,86.04,205.8,246.28,224.27,236.48,248.36,261.18,290.15,324.18,346.78
159.11,190.21,249.22,289.67,297.95,328.06,370.1,411.14,464.02,529.97,527.53,422.28
162.47,217.89,305.66,329.35,332.98,364.28,416.22,471.43,517.24,476.92,387.3,341.54
163.37,193.18,232.2,262.94,293.09,320.5,348.97,383.34,373.06,317.94,297.97,316.01
113.41,233.91,243.59,251.9,289.8,352.25,421.02,436.37,317.7,267.97,281.57,330.63
197.63,445.89,277.33,256.89,286.12,364.85,451.01,496.73,380.85,291.6,281.18,323.69
344.94,519.42,291.43,258.7,299.11,392.12,469.07,505.16,386.08,313.18,312.52,336.18
382.12,488.29,295.66,268.35,285.54,330.51,331.15,310.49,334.73,401.36,481.2,448.57
300.92,316.41,265.69,275.34,368.13,459.66,500.11,382.53,292.51,296.89,336.92,355.62
335.97,319.92,273.38,279.89,311.84,319.56,308.91,291.56,279.99,261.41,231.37,182.4
297.39,300.06,269.39,277.03,275.49,271.57,267.74,258.57,240.3,206.13,151.12,112.25
267.96,277.44,262.65,261.02,258.8,251.27,233.86,202.12,157.87,118.49,93.34,102.13
280.26,305.11,292.92,266.85,238.46,203.82,160.32,127.96,111.22,117.04,157.84,249.6
326.52,289.92,298.58,261.96,216.03,166.72,133.02,127.61,155.67,207.29,247.33,254.13
272.66,297.89,265.88,235.42,196.96,161.49,135.58,134.64,155.36,175.98,195.78,237.56
258.72,282.17,255.81,230.02,205.17,187.5,167.08,142.52,124.15,109.92,113.88,148.47
258.86,269.78,248.88,219.99,199.31,181.33,153.14,121.2,93.17,89.83,128.04,240.37
79.95,29.34,7.87,0.0,40.74,428.49,667.65,454.05,308.42,269.03,276.9,315.63
54.9,18.97,24.31,40.71,77.29,163.67,278.57,271.54,291.09,353.11,487.93,640.86
2.51,16.67,49.98,147.65,355.9,285.16,260.95,293.96,350.1,359.15,304.65,252.51
95.29,87.84,120.56,267.29,328.23,291.55,319.81,394.6,493.5,495.28,352.69,280.45
173.01,156.63,131.48,104.26,95.25,141.28,306.8,543.63,648.59,620.44,546.23,499.11
162.15,95.44,71.86,59.52,81.08,282.68,671.98,698.21,686.87,688.16,692.41,690.1
89.93,57.8,56.02,112.41,381.42,604.47,536.18,410.74,374.58,418.87,541.94,644.14
91.27,0.0,30.87,169.65,553.44,404.75,274.07,259.85,355.72,540.33,625.16,562.5
0.0,0.0,258.74,618.39,436.11,280.53,263.69,304.67,388.01,455.74,480.1,462.25
0.17,50.28,281.3,319.82,213.57,171.38,251.87,429.9,347.83,226.01,140.98,127.13
57.45,74.77,206.14,353.0,289.47,236.86,253.6,361.46,412.4,293.65,186.6,114.37
87.69,207.48,206.71,132.23,124.08,268.15,471.22,347.29,213.9,107.92,80.98,109.63
124.41,297.15,215.9,150.41,162.79,265.76,356.95,238.79,111.24,46.5,57.22,67.52
220.74,282.26,232.55,247.29,281.42,281.63,213.55,150.53,97.27,83.36,139.11,176.51
258.14,241.68,225.88,207.68,196.69,175.25,133.08,99.24,59.09,37.4,52.85,60.31
251.32,257.64,236.61,231.24,241.97,248.82,236.5,210.48,156.82,85.61,46.39,60.44
255.19,244.27,236.94,219.79,195.79,175.9,183.97,213.29,167.58,70.6,35.22,42.76
249.07,259.3,258.77,244.13,221.26,175.12,116.09,70.46,53.46,42.79,48.12,55.53
260.99,257.72,250.36,192.85,115.33,79.47,70.46,71.15,70.41,73.13,68.04,81.49
237.37,178.43,126.18,84.82,52.93,53.87,78.82,90.3,76.67,59.32,69.08,116.97
234.12,177.0,125.92,85.25,58.51,54.58,77.06,95.66,105.33,123.08,157.6,190.85
232.52,154.59,108.42,75.08,65.51,80.25,109.15,119.95,135.74,160.43,193.84,215.16
230.34,145.77,88.66,60.51,57.27,79.37,105.6,119.5,128.02,132.2,141.28,151.81
122.73,52.77,27.01,50.22,83.08,91.42,70.33,48.1,31.88,28.1,27.98,31.9
30.7,5.02,40.68,80.72,80.11,44.11,36.13,47.38,59.49,81.81,114.47,164.11
28.6,12.09,35.96,70.15,43.1,27.36,39.9,50.72,65.1,95.08,151.68,199.86
56.66,21.28,46.61,51.13,44.8,51.44,95.35,182.53,251.17,259.79,268.69,288.02
105.42,77.23,62.38,53.29,50.21,73.45,169.4,245.1,252.52,258.28,277.1,294.9
184.97,132.93,75.85,45.01,45.06,46.67,100.11,245.69,382.39,362.08,352.39,333.6
158.77,70.15,32.89,1.33,0.0,30.75,397.68,587.02,377.12,265.14,274.05,305.87
83.93,44.76,30.61,18.36,77.88,439.81,473.45,324.66,293.05,333.36,422.62,541.38
88.37,0.0,4.62,184.51,762.86,682.28,440.77,314.23,312.05,374.7,466.28,482.86
18.16,36.59,586.24,726.8,505.88,304.82,250.46,272.26,441.57,522.65,421.9,354.05
49.94,47.31,167.19,472.91,373.84,279.98,261.9,298.7,321.94,260.67,243.74,258.85
266.85,302.85,320.49,387.12,437.54,418.14,338.84,249.26,180.94,157.4,154.81,172.78
312.29,322.48,304.97,322.25,335.41,352.14,402.26,479.38,509.24,408.78,300.88,251.73
420.59,382.57,403.75,444.07,459.74,404.75,328.58,274.62,228.21,205.96,251.58,374.91
290.62,276.38,249.85,211.64,161.08,122.44,99.21,84.62,75.23,76.78,92.67,118.74
326.01,274.6,261.89,235.17,209.5,181.67,175.1,207.77,242.66,236.05,192.52,144.63
680.2,446.15,297.78,225.76,157.68,127.41,102.06,93.96,116.81,223.99,482.78,681.61
561.91,327.62,228.96,140.8,94.14,90.76,88.9,80.55,74.17,87.78,113.29,226.3
335.93,301.69,287.84,262.05,226.49,179.06,137.02,90.78,54.21,44.73,54.03,76.36
314.69,258.18,234.39,201.62,150.32,104.83,78.7,64.07,44.09,41.37,50.63,69.55
245.59,197.33,174.12,140.28,99.36,81.44,72.33,62.93,52.21,44.63,52.87,86.16
240.52,169.23,148.84,119.03,79.79,66.15,66.12,56.81,51.41,51.8,63.7,93.53
242.59,166.69,145.01,116.22,76.4,61.38,62.38,57.86,52.64,48.24,55.74,82.75
238.53,171.26,148.16,117.2,78.19,57.63,57.23,54.88,51.17,52.14,69.46,128.87
311.07,241.38,199.41,163.71,117.11,76.16,56.14,47.43,54.02,79.6,153.83,302.89
240.27,197.12,173.64,134.63,79.69,46.17,49.32,51.26,71.01,154.42,338.04,426.87
200.31,161.87,124.0,72.24,70.51,77.28,112.53,198.29,302.92,334.7,377.62,425.59
174.47,115.53,89.71,81.93,83.04,108.88,173.18,257.7,284.02,320.23,366.99,400.8
74.07,58.92,50.31,53.37,118.12,286.39,316.0,289.54,329.36,400.14,443.81,468.0
52.08,44.11,75.03,171.99,276.78,265.15,291.43,353.42,420.16,438.05,449.6,485.14
46.93,14.82,40.64,68.27,186.91,339.12,282.56,297.19,354.86,439.71,527.96,635.44
54.48,28.81,18.04,86.4,314.19,348.09,255.1,265.25,302.22,353.99,377.01,393.38
30.04,14.67,41.55,244.75,535.32,322.4,263.68,299.13,371.35,428.21,424.51,367.37
60.01,47.19,100.68,422.41,502.8,308.78,259.12,307.56,389.9,461.65,460.0,361.85
201.28,284.17,289.6,310.68,369.2,437.96,454.98,349.4,290.05,283.08,297.22,341.78
277.11,303.51,299.16,301.76,316.61,305.98,263.19,219.77,188.68,192.8,236.67,302.65
358.99,412.17,388.43,378.43,365.41,345.11,318.07,300.65,299.01,306.12,309.09,304.38
392.32,381.87,353.37,320.48,290.61,269.93,267.94,300.55,341.3,336.7,279.88,191.43
323.52,451.74,484.48,419.56,339.23,292.73,264.64,236.52,204.69,189.11,216.67,267.77
354.02,402.13,415.54,425.42,425.11,421.48,412.0,388.27,346.81,314.23,295.96,270.97
326.8,427.34,441.01,394.13,343.7,320.1,317.33,318.19,307.89,285.91,242.94,180.22
330.26,395.11,408.69,427.54,438.7,437.15,406.65,336.31,267.02,188.89,147.69,106.26
347.07,420.65,436.12,448.29,451.9,429.0,352.55,264.87,185.35,147.6,114.41,89.82
343.73,379.73,349.59,337.31,318.79,289.44,241.28,174.91,131.67,88.71,62.79,57.53
338.1,363.82,307.09,272.56,266.89,240.1,192.2,147.82,99.17,60.02,50.59,56.19
306.6,329.19,290.81,270.79,265.82,234.83,189.78,152.74,112.48,68.94,47.53,44.43
321.71,298.78,272.78,262.88,240.02,204.41,166.42,133.49,96.62,55.38,34.57,36.27
300.29,292.25,265.49,238.15,204.81,158.75,118.23,77.53,43.06,33.25,32.49,39.06
282.33,275.43,256.7,219.69,161.58,104.21,45.59,29.68,21.76,29.6,28.19,34.86
241.32,199.76,150.84,92.15,40.76,18.49,19.71,26.84,26.27,35.98,61.06,119.67
265.55,175.42,123.51,61.23,31.01,17.18,32.44,31.47,39.7,74.92,182.63,350.25
112.44,65.23,35.86,15.27,26.73,24.31,18.76,30.65,93.36,261.03,318.14,292.39
71.07,31.11,15.01,22.53,14.05,18.74,15.01,39.29,171.48,323.63,253.88,245.05
33.96,21.7,34.48,21.5,19.98,21.15,90.68,288.71,260.83,235.7,237.18,245.41
51.58,44.1,36.34,15.72,44.96,175.79,325.82,229.73,218.67,230.42,247.09,258.44
18.65,39.47,32.12,24.89,93.41,274.09,233.09,215.37,238.11,272.22,301.02,320.54
31.11,41.86,37.13,96.91,252.43,263.13,201.2,213.87,238.54,253.14,262.18,264.42
63.34,34.96,106.62,399.21,329.88,239.42,230.78,294.2,391.07,342.89,281.03,248.63
71.96,89.12,241.24,322.15,252.7,273.41,367.87,480.42,522.11,389.32,296.13,271.53
212.52,281.73,303.81,338.34,384.71,405.54,355.73,286.64,265.54,260.32,264.79,277.14
318.49,342.75,293.08,277.14,304.65,340.35,342.1,272.37,221.57,180.16,159.88,158.23
312.42,317.09,288.94,289.79,295.57,291.43,275.62,261.3,248.39,230.08,215.37,202.69
318.4,329.33,300.22,292.07,291.21,283.41,267.11,249.34,224.32,201.02,182.84,165.99
307.52,336.26,308.49,301.17,299.75,285.94,268.48,255.6,240.22,222.61,207.9,193.79
240.93,297.5,279.71,273.81,275.71,277.17,274.97,268.49,249.61,220.14,193.87,163.59
346.77,309.37,303.57,313.54,321.13,318.41,299.13,265.76,211.18,151.83,98.9,73.64
371.42,329.34,309.99,316.96,331.41,351.55,350.66,285.71,173.9,98.99,63.08,57.59
337.93,360.77,295.64,251.6,222.78,146.02,85.49,56.76,49.48,43.54,43.39,48.54
323.13,360.58,287.46,226.96,180.18,122.13,77.22,61.2,54.95,48.93,48.73,61.15
282.58,267.02,224.3,165.61,120.69,66.9,36.04,22.87,29.03,41.1,43.64,68.0
370.64,265.8,185.91,137.83,98.49,64.58,37.2,21.95,32.61,48.88,55.25,90.84
336.26,246.74,166.0,118.49,67.19,35.22,23.96,31.14,33.08,37.75,37.69,64.25
288.43,159.04,90.72,39.17,23.48,34.3,34.79,25.02,23.14,19.86,20.01,24.5
199.21,95.99,41.0,25.83,32.63,28.68,20.25,20.51,16.76,16.62,17.97,26.21
88.66,46.69,22.76,24.2,30.46,22.76,22.02,20.64,20.49,34.86,103.18,242.09
96.15,54.1,27.07,23.05,27.81,19.72,19.65,20.58,21.14,27.0,58.62,154.46
22.68,2.63,27.77,28.79,6.63,15.25,8.01,20.92,79.39,204.92,217.1,222.03
21.96,38.42,49.6,25.14,0.0,21.49,41.95,120.61,194.6,196.18,201.78,206.88
28.61,52.28,70.92,51.39,21.69,34.14,47.14,164.87,343.66,244.01,216.1,211.89
0.0,46.96,51.69,32.82,28.93,102.51,355.12,309.59,209.04,212.32,245.02,264.73
0.0,45.12,50.5,25.06,57.75,211.09,338.01,202.63,181.67,224.65,282.09,277.14
60.44,55.84,83.7,218.03,326.74,257.25,252.82,246.91,246.85,259.41,270.42,263.57
116.05,176.13,246.58,248.13,250.14,271.32,298.41,315.61,323.79,318.34,293.88,255.75
187.64,173.55,186.85,210.03,245.9,269.45,271.05,267.88,256.56,249.65,258.04,267.52
319.03,417.73,401.65,367.23,342.01,317.92,301.23,260.8,226.89,188.1,167.03,171.56
352.96,440.92,456.33,476.29,471.56,434.83,362.96,291.41,240.16,190.36,147.98,104.31
358.83,409.8,366.32,337.02,303.65,268.54,246.15,198.06,146.55,88.38,41.18,29.0
363.35,469.25,497.57,486.03,405.04,337.16,290.99,270.91,247.99,197.69,138.24,87.27
351.6,466.26,514.57,494.88,399.15,332.8,289.17,257.57,219.93,171.24,137.69,116.6
357.3,454.59,445.41,392.2,337.77,291.98,252.16,204.59,159.7,126.4,110.48,106.18
478.57,546.45,555.59,510.01,445.64,383.88,313.92,256.44,218.07,189.92,163.07,128.72
369.3,452.11,440.57,397.37,346.99,305.72,271.98,208.42,151.11,102.2,69.81,47.56
340.23,360.61,310.47,276.94,255.27,223.88,186.33,147.88,100.62,68.37,44.65,24.75
364.24,299.14,246.89,209.09,162.42,126.98,94.53,68.77,50.69,24.01,12.04,16.38
335.28,230.75,150.83,101.01,70.13,58.88,47.66,27.11,11.94,19.15,18.74,29.39
299.32,225.58,153.29,97.23,62.47,46.91,19.91,13.94,19.1,23.19,34.48,60.87
204.43,146.65,94.46,47.65,22.37,9.1,13.63,20.5,30.49,55.01,149.1,309.39
129.78,63.12,27.08,17.85,30.6,29.9,22.61,28.18,67.82,195.35,298.29,279.03
173.59,82.5,40.44,29.92,41.52,42.68,38.92,50.91,120.95,282.75,317.21,292.7
49.79,7.3,12.07,23.74,32.99,25.0,22.81,84.39,289.09,325.26,272.56,273.62
40.37,7.02,25.16,46.55,39.22,21.55,63.95,233.62,371.06,279.49,259.07,275.77
34.19,33.3,56.7,39.45,12.99,47.48,182.19,347.53,251.27,234.75,232.33,233.42
37.04,36.81,53.02,20.48,41.08,152.98,351.21,238.4,223.19,230.73,239.19,247.71
51.74,45.12,31.96,84.47,216.04,269.91,214.44,222.06,243.79,256.78,264.44,264.6
61.37,18.28,32.49,128.75,421.78,288.89,235.14,245.07,263.25,281.03,286.92,277.2
53.81,45.13,187.61,481.83,288.38,255.01,300.79,373.83,364.5,307.61,265.6,239.67
73.76,103.02,275.81,306.97,254.52,273.41,354.56,445.09,438.18,343.84,278.74,240.47
146.42,254.51,275.12,247.0,269.34,349.3,451.92,485.79,419.03,305.79,260.48,252.62
228.25,330.88,280.75,258.26,270.3,317.65,325.51,301.39,287.99,295.55,310.13,264.89
305.27,316.09,313.3,353.19,406.04,402.17,344.48,300.68,285.77,284.8,277.84,252.89
311.35,311.3,282.79,283.94,300.2,324.37,344.92,333.02,276.96,235.82,187.11,133.56
320.81,359.0,362.73,380.48,381.27,330.28,283.67,271.1,258.26,239.55,209.08,182.31
566.13,412.19,314.36,287.65,283.68,293.78,305.63,298.78,258.95,162.61,76.05,41.46
323.73,316.98,286.76,289.44,295.94,269.49,230.55,153.98,89.96,48.48,40.44,31.62
319.99,290.21,279.43,278.68,264.73,226.11,162.2,104.0,53.0,39.79,29.22,38.19
306.07,289.95,263.82,226.19,183.92,133.42,92.3,51.72,29.79,25.29,40.74,42.09
292.01,257.74,222.16,178.39,131.21,95.18,66.3,38.44,16.33,33.97,43.78,36.86
264.66,190.43,142.33,75.71,45.19,48.75,52.08,36.75,27.89,29.91,28.16,35.48
264.42,176.72,115.05,48.16,42.06,56.69,54.83,29.16,30.59,29.71,27.5,26.54
164.99,81.27,30.18,34.09,53.85,51.39,20.87,22.13,20.31,16.21,15.85,15.35
90.27,39.82,17.41,47.69,66.38,43.02,13.11,25.93,19.09,15.76,19.49,18.58
66.25,43.14,20.88,45.48,53.8,29.08,16.81,25.02,18.94,22.07,29.61,71.03
51.13,37.76,30.03,48.33,48.64,22.52,24.93,22.02,13.37,22.06,71.39,223.07
34.31,22.44,49.44,68.75,47.02,20.73,23.49,22.83,26.11,41.86,106.29,230.15
36.54,17.36,45.31,69.92,45.44,25.22,31.15,45.59,110.17,218.51,223.64,209.87
22.15,17.46,40.37,52.64,27.63,25.2,33.04,94.67,221.14,217.7,202.34,202.31
10.62,46.1,87.02,65.96,25.83,33.06,83.48,218.29,228.23,187.11,194.21,215.04
21.44,39.62,78.25,76.33,42.6,42.75,101.25,231.38,215.73,184.38,186.27,196.62
59.22,34.44,30.57,30.49,79.61,237.63,335.49,217.61,192.78,214.32,239.8,256.66
79.8,69.56,95.24,247.38,353.15,283.05,291.12,319.58,336.11,341.71,339.27,325.52
110.95,127.39,277.01,329.02,323.86,401.84,527.51,613.07,471.35,285.54,266.15,320.5
52.98,222.83,586.12,370.36,257.16,268.13,427.94,575.22,607.5,397.23,264.55,276.06
121.75,427.83,352.18,243.19,260.16,358.24,460.6,489.27,385.9,285.25,285.9,351.73
147.09,305.15,203.49,202.04,260.77,316.47,314.55,325.49,350.55,366.46,343.82,275.53
315.99,288.46,254.46,271.44,338.63,369.2,328.28,297.82,307.64,318.17,293.2,250.98
252.71,404.22,287.01,252.12,271.44,348.05,385.0,350.17,314.14,311.74,338.56,406.12
258.69,318.9,283.03,301.14,416.12,470.47,392.96,298.36,289.6,314.56,345.22,370.77
265.99,262.59,261.27,305.47,390.1,352.3,256.96,238.52,265.2,298.18,283.91,261.0
314.62,301.88,278.27,266.92,265.9,256.36,253.13,249.44,239.11,224.74,210.5,192.27
312.46,281.31,273.2,270.46,254.38,244.65,232.07,210.59,177.71,152.13,132.5,131.59
271.45,265.11,271.63,256.78,232.99,186.58,128.71,103.18,92.14,94.37,116.11,155.83
258.98,256.05,262.12,232.86,177.33,122.11,94.54,85.55,93.13,122.75,157.08,202.67
241.6,218.63,212.67,171.41,129.28,101.03,82.19,79.78,90.36,115.59,161.86,209.7
188.66,121.84,96.64,81.76,74.84,86.86,98.55,106.29,110.4,105.29,86.02,70.73
159.38,92.14,81.64,74.34,82.19,98.35,116.94,121.95,109.55,80.97,66.09,101.02
29.28,2.3,26.71,63.12,71.02,40.64,38.1,54.32,73.97,164.99,392.13,491.52
9.14,36.6,65.51,77.9,64.51,29.13,40.03,76.27,161.44,243.5,251.32,252.34
0.0,11.45,27.38,14.74,21.51,39.0,76.2,183.24,284.95,204.09,180.02,177.12
18.69,26.92,29.69,61.15,75.69,131.2,307.0,395.29,299.8,281.7,282.88,291.26
32.31,29.02,20.28,39.2,71.26,107.97,213.92,328.78,273.9,266.52,273.84,281.33
90.32,39.48,23.31,15.8,19.75,80.49,371.67,527.08,342.33,274.12,261.67,270.6
82.65,31.11,18.07,36.8,69.49,113.08,195.16,221.67,211.74,220.09,235.39,252.02
55.54,41.51,41.22,41.7,43.13,77.96,175.17,281.96,277.42,258.61,253.18,259.54
6.23,40.73,83.74,66.26,38.57,84.03,302.63,537.92,471.25,323.52,290.18,298.52
0.0,26.9,48.54,46.68,78.21,334.2,494.28,300.83,256.73,282.56,312.05,320.7
0.0,0.0,22.38,18.74,50.25,285.36,401.0,231.71,207.47,256.09,403.59,446.94
11.29,0.0,28.24,95.31,213.96,230.68,181.05,152.99,224.9,364.98,297.65,202.49
187.49,331.09,217.94,115.61,116.18,265.88,476.72,376.62,264.81,203.84,167.72,185.27
68.94,134.91,210.36,134.27,78.17,144.11,368.34,342.02,235.43,179.84,134.87,125.9
94.5,133.35,233.14,231.05,192.3,186.62,223.47,278.22,215.68,87.21,35.14,64.16
206.51,184.62,197.78,251.14,291.47,317.6,278.63,231.27,248.1,277.47,221.88,87.18
124.52,180.82,245.26,218.95,195.21,221.84,232.75,227.99,221.26,201.45,183.22,150.88
209.29,199.06,213.61,226.12,227.5,236.42,246.1,247.38,248.2,263.21,243.44,155.29
217.22,207.68,165.56,115.82,81.94,70.03,83.01,95.73,102.38,97.13,94.28,99.98
183.38,110.5,74.39,60.85,56.17,66.1,125.31,336.63,310.47,225.63,171.86,126.5
186.16,105.66,70.72,53.41,67.73,77.45,73.36,66.24,74.17,101.71,150.86,180.64
215.54,95.31,82.17,64.53,68.26,89.24,96.85,88.41,85.27,88.41,84.11,78.4
204.48,97.4,66.69,40.48,56.02,83.57,92.55,79.44,66.91,58.14,51.87,61.64
108.06,58.56,18.1,22.24,63.79,91.4,65.59,11.97,0.0,8.52,75.87,202.76
9.7,10.0,51.77,86.78,91.5,72.63,58.04,56.34,63.55,82.72,138.97,219.81
3.0,30.27,64.92,67.48,40.96,26.33,36.9,64.42,94.79,126.14,181.94,258.85
34.06,34.71,68.01,58.09,11.3,0.0,88.86,857.96,758.02,488.25,298.6,219.11
52.27,32.26,23.83,26.29,69.85,275.35,473.83,428.34,403.21,453.5,494.13,464.85
105.1,65.51,55.61,132.53,540.25,585.27,378.86,294.82,341.68,415.24,460.31,455.37
54.5,8.31,38.36,386.92,713.2,550.97,338.25,279.08,266.06,269.85,263.94,256.04
55.4,42.39,109.97,523.76,519.9,311.8,229.11,236.77,412.74,584.84,594.25,478.92
81.59,35.66,125.32,434.48,301.83,238.79,275.09,440.62,495.26,417.07,282.67,194.65
31.94,123.8,509.93,347.01,237.8,204.13,333.77,550.65,518.72,352.74,282.54,258.45
123.02,382.14,375.96,264.35,250.49,418.05,592.78,524.98,352.02,268.36,247.16,251.29
156.1,293.52,245.24,240.54,429.65,588.28,545.89,370.32,269.99,228.25,204.0,214.08
265.59,233.77,209.19,240.81,412.8,548.16,508.56,430.18,349.26,266.25,187.11,143.87
529.8,340.73,235.72,187.38,186.79,202.0,216.43,235.47,262.17,277.08,246.1,211.61
293.4,253.97,259.7,271.98,266.27,262.75,292.54,357.66,412.24,348.21,256.89,166.89
271.46,285.38,273.63,251.44,229.39,201.01,167.1,133.61,116.71,103.06,84.9,63.93
288.11,290.4,287.12,279.5,276.59,280.25,289.75,293.27,279.84,247.23,183.83,113.44
331.19,333.12,322.39,341.58,392.97,456.14,514.91,495.62,379.62,280.39,226.63,182.46
365.69,307.63,288.06,268.55,239.4,225.34,230.37,244.8,258.51,252.82,218.76,163.15
293.91,284.49,254.2,202.16,156.92,151.12,165.12,175.04,158.56,123.99,79.79,68.56
291.07,258.06,233.81,188.96,154.12,141.09,144.69,157.74,153.48,118.66,73.49,69.19
280.11,249.51,227.87,182.92,145.73,121.59,107.42,98.86,83.08,59.75,49.0,58.54
326.73,269.24,239.52,197.6,145.65,101.1,81.94,75.98,64.3,47.09,37.14,36.27
294.07,258.71,231.77,171.03,112.76,69.97,68.13,52.88,40.12,33.18,34.95,38.79
316.48,257.66,222.94,158.82,100.57,71.5,74.35,60.91,42.14,34.98,42.72,55.96
352.31,251.32,169.61,96.72,58.03,57.36,58.34,41.84,32.91,40.06,47.71,62.02
206.49,118.32,73.4,46.68,47.98,56.12,47.29,38.59,45.0,59.53,86.68,156.79
33.29,0.0,22.82,46.73,44.78,23.08,28.92,41.31,136.82,318.67,278.98,265.92
32.28,2.88,26.56,63.25,56.16,22.7,48.16,176.17,400.25,294.52,263.56,273.45
10.59,37.76,90.88,91.83,47.42,49.06,147.88,335.43,272.12,238.36,238.23,247.5
26.79,31.45,51.0,60.7,38.76,96.04,263.26,310.1,252.5,244.15,264.39,286.82
38.94,34.05,42.97,32.86,39.72,125.25,295.62,248.08,228.31,249.04,263.19,274.36
57.69,39.69,43.58,101.37,280.86,302.09,266.61,289.23,307.43,311.89,303.26,278.28
24.99,8.16,50.12,212.12,335.37,241.56,259.63,316.71,337.24,303.29,265.91,246.72
9.23,19.1,48.55,201.7,323.68,226.05,242.62,305.32,322.84,272.27,245.95,229.77
63.63,82.78,309.27,480.95,290.76,256.07,257.68,332.66,389.22,281.47,222.58,193.05
287.65,293.08,290.63,289.55,293.72,288.71,262.6,209.59,168.31,141.03,115.56,117.97
661.34,448.26,327.7,303.87,311.54,329.75,327.83,294.01,243.5,172.59,95.68,38.81
357.91,288.03,256.03,239.25,265.95,297.94,292.34,261.29,212.48,157.16,85.79,26.4
321.87,306.9,289.43,283.46,283.74,287.16,278.14,248.79,202.56,166.52,120.65,48.11
323.78,294.08,299.46,331.12,349.42,300.51,250.04,189.45,135.97,73.57,45.63,34.15
349.19,290.79,270.2,276.25,320.4,314.86,261.96,162.09,81.4,40.59,34.99,25.59
344.58,300.35,277.9,301.73,313.74,290.21,228.6,129.53,44.62,39.06,30.83,30.97
272.99,229.21,220.97,226.46,215.73,176.82,108.71,45.67,33.11,28.75,35.8,34.42
246.66,189.03,182.2,166.51,120.1,68.29,44.75,22.56,26.07,31.47,29.85,28.3
232.01,157.3,110.02,66.51,56.82,51.84,32.69,21.83,29.48,31.11,47.19,87.35
232.77,116.2,68.99,63.46,62.21,58.89,35.29,33.65,46.95,91.54,211.83,369.57
288.74,187.69,129.61,70.88,59.84,49.35,41.74,41.72,38.55,42.96,74.09,146.65
253.17,150.8,95.7,53.52,52.86,54.41,38.25,33.41,40.72,66.45,141.77,319.43
238.83,130.85,77.09,51.51,49.48,47.86,33.23,31.01,36.39,43.19,71.79,149.4
221.62,120.18,67.57,49.93,46.54,45.27,32.18,29.67,32.44,32.42,47.97,94.2
108.16,53.47,29.33,33.41,48.7,34.96,15.4,27.17,19.57,17.43,24.52,40.57
41.45,16.31,40.26,53.23,40.63,22.19,33.79,24.39,65.24,251.36,382.44,305.0
42.01,41.86,70.13,66.87,31.72,26.4,39.09,98.41,268.21,283.22,233.74,213.19
25.69,30.88,34.34,49.18,27.84,48.1,149.05,384.18,325.05,282.94,290.74,315.22
58.49,40.84,47.23,25.39,48.4,141.12,404.8,325.33,277.07,273.93,278.28,275.56
46.2,43.45,32.31,51.69,181.72,380.95,242.91,230.07,263.83,293.27,294.62,269.4
33.15,29.11,75.91,256.87,377.17,254.81,245.51,260.51,283.75,290.4,268.82,242.74
45.04,37.59,291.77,629.97,424.06,292.7,281.21,297.6,322.78,321.73,291.19,263.81
103.36,170.17,503.25,424.18,296.57,289.7,404.29,563.74,629.08,432.17,301.37,268.43
384.19,386.29,394.88,475.26,519.63,458.45,349.33,246.48,149.49,83.49,77.93,100.37
358.27,359.13,426.44,487.2,452.74,372.56,315.67,297.57,304.17,303.14,288.63,275.93
363.51,352.94,413.89,472.25,448.25,368.51,306.18,287.34,297.97,302.66,292.75,284.67
302.51,432.74,523.61,563.65,503.77,405.74,319.9,280.1,270.22,279.73,296.9,306.65
309.02,364.94,442.67,529.72,547.31,485.17,405.21,319.54,278.11,266.88,274.96,276.47
319.31,364.12,431.68,506.3,519.43,455.63,376.71,307.22,269.6,249.03,229.43,201.71
299.53,284.31,315.61,336.25,308.99,276.18,241.41,163.7,80.01,29.89,21.77,16.11
295.52,284.68,296.64,298.57,275.04,226.93,151.69,69.84,27.92,22.62,19.38,29.04
267.46,287.99,303.56,284.67,250.32,191.22,123.21,55.78,19.5,0.26,12.48,37.27
296.59,258.8,233.88,190.33,133.64,77.49,42.3,25.91,24.87,28.82,34.87,43.02
278.27,220.21,179.38,120.84,61.21,40.55,28.0,39.85,33.46,33.56,63.39,176.5
257.08,163.35,118.98,60.43,43.71,41.89,43.37,31.13,30.35,58.28,163.28,349.13
235.28,135.55,90.25,49.75,41.07,45.39,40.82,25.73,34.45,74.69,221.68,372.62
232.47,132.4,84.01,48.5,41.29,45.49,40.09,25.75,36.52,84.78,245.81,371.87
124.83,69.89,46.21,40.7,48.48,41.66,28.05,41.37,114.82,288.1,315.88,307.17
40.27,13.94,23.24,30.21,28.21,25.01,25.32,26.96,107.58,321.99,303.47,267.42
35.89,26.21,49.81,63.26,32.61,34.48,73.04,253.0,383.56,292.64,295.58,327.55
19.87,14.26,37.92,60.66,35.79,70.08,247.34,381.29,252.88,236.04,257.42,286.01
17.5,37.63,70.15,64.24,80.5,216.52,322.04,232.76,220.67,243.89,261.51,273.04
40.62,46.67,37.2,71.89,193.15,317.4,260.26,267.72,277.13,271.69,262.73,266.0
75.19,20.56,27.45,72.37,340.39,542.5,321.16,250.5,271.21,316.04,367.32,372.18
96.27,100.37,332.26,620.87,511.32,335.05,315.67,389.31,496.07,561.25,499.58,350.05
118.57,248.62,399.86,421.26,480.05,609.68,695.81,562.81,409.67,363.9,390.22,415.1
114.97,266.56,547.32,434.04,296.64,309.21,443.51,597.32,641.13,443.96,328.44,297.19
243.54,235.19,245.03,309.54,486.5,636.51,649.64,491.61,349.29,314.79,364.48,457.4
431.38,484.97,488.31,520.92,550.78,544.54,489.55,394.41,294.9,243.2,219.34,217.07
354.14,464.21,523.82,548.83,533.66,486.49,417.53,355.78,288.36,227.19,191.17,172.68
365.2,481.49,546.63,558.71,520.38,466.47,406.89,336.42,264.16,193.5,157.03,130.3
407.17,452.95,511.81,539.88,502.48,439.13,388.94,327.8,259.08,193.88,154.01,122.27
408.25,441.35,482.65,507.36,490.94,433.39,341.38,259.39,179.52,139.36,107.7,81.61
414.61,501.16,568.7,592.51,538.45,390.01,282.33,159.3,108.93,82.39,81.87,88.85
369.65,487.63,542.02,505.89,401.45,316.74,231.72,150.37,96.35,63.92,53.9,53.53
333.03,380.84,337.69,285.16,240.23,209.27,167.09,129.5,76.11,54.6,44.24,44.15
313.92,329.64,304.14,257.35,229.05,179.49,146.49,104.97,61.39,34.14,28.59,43.38
246.43,218.56,196.46,151.46,107.64,79.08,67.76,48.21,36.29,39.2,71.52,178.97
206.58,164.62,128.5,89.15,65.02,71.8,74.76,83.98,105.04,159.02,212.39,205.01
117.69,77.36,49.01,40.3,37.83,41.78,57.36,117.57,276.98,331.34,293.46,306.86
43.92,28.22,41.42,46.22,39.98,67.44,175.14,343.25,299.59,290.72,327.7,396.56
34.0,22.72,34.78,48.88,73.6,172.49,309.61,283.99,271.68,288.83,330.6,386.96
62.34,54.31,44.94,57.92,120.48,268.6,272.7,266.03,295.44,330.37,365.74,385.48
40.87,23.69,19.41,80.7,261.22,335.39,250.78,262.2,316.46,376.2,442.4,493.67
42.35,29.49,42.74,140.49,366.0,322.88,264.98,287.83,360.46,499.68,609.85,595.04
50.52,47.94,121.66,410.49,434.01,318.8,285.36,354.79,467.96,538.77,466.29,330.18
84.22,96.42,271.69,441.73,311.07,262.5,341.3,513.99,606.74,461.7,304.23,274.1
94.83,103.75,231.83,383.93,283.05,274.12,379.48,542.99,603.43,434.87,281.53,239.48
88.06,140.38,292.53,299.27,270.47,304.13,469.1,606.75,602.21,404.86,276.94,256.03
113.26,204.85,246.12,218.99,247.35,329.81,383.38,288.73,232.88,270.11,356.12,368.24
75.76,200.0,323.08,218.95,214.28,281.94,339.74,305.19,245.02,211.74,291.87,386.59
46.17,96.34,237.6,279.15,216.63,220.56,282.02,335.62,317.21,260.16,214.58,226.34
98.49,167.68,319.12,315.22,224.97,211.74,216.88,193.79,146.97,94.72,82.01,134.75
73.18,91.78,170.27,321.65,210.81,186.8,205.1,198.11,179.73,142.61,50.73,39.06
183.68,298.62,237.85,203.96,220.31,208.97,185.25,173.56,126.98,63.7,68.78,98.67
256.25,258.89,245.78,274.89,286.78,242.38,201.69,199.0,219.72,212.24,114.02,16.88
268.05,257.62,249.2,229.35,170.73,94.86,52.9,66.2,74.3,76.78,58.77,57.22
237.09,226.3,222.57,177.54,110.03,66.39,51.93,58.91,66.44,76.32,64.11,33.58
239.75,223.77,208.15,146.96,90.89,53.61,52.11,63.3,81.01,86.39,61.77,23.47
232.95,189.05,139.41,85.19,46.58,34.4,57.83,86.51,86.69,58.51,19.53,12.27
230.3,176.25,146.12,77.92,50.75,53.58,72.32,86.38,77.42,49.61,22.31,24.09
233.47,174.94,133.36,64.85,40.11,56.37,79.96,85.33,69.11,39.63,21.24,32.77
225.94,151.7,99.53,52.62,25.0,60.62,87.54,77.74,57.3,35.06,26.98,27.46
79.9,31.86,13.65,35.4,73.64,69.02,44.38,22.33,25.03,12.39,6.97,42.41
37.46,34.0,33.14,55.04,68.68,60.32,32.34,5.48,0.0,22.49,87.7,41.53
78.12,57.72,33.48,41.87,73.54,82.58,58.45,43.2,42.44,39.8,33.73,39.28
107.18,47.21,15.77,23.89,53.69,81.03,56.0,34.71,34.86,40.91,29.55,17.26
94.84,46.13,21.46,27.88,58.42,71.85,53.07,38.38,40.93,47.8,36.68,25.18
25.58,18.0,34.33,64.5,62.13,48.07,46.61,47.27,43.78,35.07,25.78,47.98
16.66,58.2,78.48,55.68,43.93,50.28,43.74,32.48,22.81,21.2,31.16,72.48
15.47,63.71,81.04,53.03,27.54,37.06,53.8,49.69,37.0,50.61,135.77,366.11
6.88,26.48,57.19,39.77,40.1,55.77,76.34,105.42,166.56,217.61,207.66,213.17
15.82,7.18,60.37,230.82,288.47,228.68,214.89,200.13,231.25,274.01,300.97,309.01
45.28,0.75,71.5,349.92,339.03,228.26,206.9,210.89,235.27,287.05,279.14,258.34
63.68,45.52,147.7,340.56,240.66,197.17,211.95,253.81,234.39,173.11,150.58,204.16
31.37,69.27,198.65,264.14,203.81,154.92,125.95,117.54,126.75,130.11,105.98,90.8
50.02,156.0,259.24,195.55,195.72,285.18,373.84,261.43,140.59,67.43,65.56,69.34
147.42,239.07,260.53,255.97,254.68,284.96,280.6,223.63,130.45,71.83,80.82,77.15
199.51,215.06,244.25,261.47,271.26,263.37,257.53,257.41,254.34,244.91,228.36,192.79
260.9,260.67,241.9,228.56,229.36,258.34,273.44,235.84,183.43,102.13,45.04,63.08
243.06,238.49,234.51,242.61,254.04,243.3,220.86,184.11,127.73,83.72,56.61,61.5
284.75,289.51,277.94,253.04,216.27,176.02,161.66,152.52,114.3,67.37,45.46,39.05
261.55,253.94,247.33,217.12,179.24,154.76,133.58,109.59,78.87,48.4,39.82,34.69
280.97,238.82,227.48,196.89,150.52,105.96,74.86,66.56,62.7,56.12,57.47,62.4
253.0,224.17,221.81,187.92,128.4,77.77,62.6,60.15,60.05,52.96,41.35,35.29
274.44,219.37,202.22,163.33,111.59,73.66,69.64,79.06,94.98,98.12,83.32,71.7
244.18,207.14,193.49,139.31,89.53,64.44,58.95,67.5,83.18,92.8,93.1,72.64
216.89,166.65,98.9,63.48,48.02,62.34,85.71,102.71,114.92,103.36,73.08,47.78
10.27,11.71,64.05,87.68,71.53,43.69,35.1,33.34,37.36,36.82,33.33,42.56
11.72,60.64,95.31,76.46,44.89,29.55,20.16,7.06,5.4,7.26,20.39,30.99
0.0,61.34,68.62,65.24,34.94,32.93,34.64,32.7,30.8,40.62,55.77,58.08
39.16,33.48,36.59,68.04,59.14,30.21,34.54,16.38,26.82,17.04,26.2,30.72
115.32,58.84,16.06,39.21,70.52,59.09,19.6,19.8,19.81,20.83,21.31,27.26
57.23,38.2,18.43,49.8,80.09,61.05,20.24,38.64,23.39,29.05,13.21,27.45
89.5,36.59,8.58,33.13,53.96,49.62,22.93,23.82,23.4,16.79,23.76,26.12
90.99,28.02,2.2,33.38,45.59,35.78,26.2,26.19,19.71,14.31,18.17,18.54
12.73,28.18,54.64,53.76,41.78,38.99,41.98,31.16,11.35,23.57,37.75,54.79
26.97,43.84,54.78,47.64,47.79,43.21,35.34,35.19,15.19,22.03,20.84,27.47
0.0,50.0,1.66,0.0,0.47,22.21,65.07,140.31,188.35,169.2,145.55,123.06
5.18,0.0,43.16,109.11,185.07,210.79,182.62,165.07,192.44,224.98,201.69,186.47
139.0,243.66,112.13,35.35,54.35,184.97,410.25,293.15,212.89,171.66,174.87,218.28
142.43,267.13,186.56,91.69,79.26,182.18,393.92,307.78,227.81,153.46,115.0,122.08
230.45,214.39,227.02,294.66,366.52,282.29,201.79,145.81,144.82,142.12,76.52,35.54
250.04,234.96,214.74,228.95,304.65,362.84,259.36,153.52,95.73,79.33,87.98,75.11
236.59,230.9,222.39,245.63,319.22,270.41,174.93,82.11,68.73,90.51,93.35,84.78
273.03,247.9,226.33,192.32,137.69,106.57,87.66,79.6,77.15,89.86,132.64,205.94
244.61,245.04,219.43,172.95,128.06,99.17,72.77,60.66,60.99,75.65,145.66,306.89
225.54,226.16,219.92,175.62,128.78,98.58,73.14,60.01,60.85,78.65,160.84,306.72
54.99,16.13,33.92,68.3,74.94,44.75,27.31,35.37,126.6,384.04,282.32,244.2
7.13,34.3,76.12,82.25,82.15,149.39,291.38,277.19,268.6,306.4,400.95,512.5
79.1,78.45,91.91,109.84,139.36,212.17,308.78,322.73,317.03,357.36,459.97,585.77
144.95,86.36,66.88,66.64,75.31,102.43,189.4,318.03,431.22,511.29,612.96,669.07
80.45,40.16,24.37,29.67,35.03,53.52,147.77,369.84,386.5,322.44,340.05,431.9
62.84,29.31,62.23,92.16,79.05,69.63,103.55,224.82,333.86,375.16,357.27,330.77
0.02,42.54,84.03,80.33,91.88,201.17,338.5,264.14,223.96,221.42,247.74,276.75
65.97,60.15,58.74,83.16,247.98,381.17,266.48,251.9,316.48,422.72,417.64,351.34
154.04,115.1,115.59,115.12,116.41,135.72,216.01,367.61,537.89,594.27,536.02,455.46
153.08,114.73,106.76,117.26,148.33,213.88,311.26,443.83,558.59,602.76,541.29,472.27
124.45,63.54,37.78,13.94,15.58,178.89,767.51,705.54,546.0,403.05,367.93,439.71
69.03,2.69,18.55,50.01,82.63,96.35,151.65,290.99,405.09,435.93,489.41,550.08
0.0,1.9,239.32,571.68,354.22,262.91,278.74,351.78,404.05,414.52,402.35,401.73
115.6,431.36,348.42,243.07,222.84,285.95,371.68,405.43,332.65,277.83,247.61,246.14
537.64,668.61,701.43,711.8,717.63,722.42,723.59,722.5,719.09,707.51,655.29,588.58
418.01,507.23,654.6,715.67,728.39,750.21,756.04,755.39,756.23,757.71,742.73,705.39
369.3,428.23,615.03,714.59,719.78,737.52,748.99,753.99,748.27,718.84,683.64,656.84
341.88,411.36,607.6,711.96,723.45,729.19,742.57,750.44,738.85,709.63,675.07,635.42
222.71,266.8,277.8,299.03,363.41,466.66,595.28,607.55,443.04,337.8,340.96,415.15
198.21,246.68,337.07,401.63,506.62,642.44,684.43,552.59,393.42,336.36,378.67,477.77
280.59,274.44,345.42,418.74,515.35,649.62,685.07,532.43,365.62,316.64,358.03,418.91
302.79,277.13,302.9,330.82,371.42,457.69,587.42,689.46,557.89,380.7,319.55,369.12
267.34,291.31,323.66,355.68,391.26,454.19,561.09,676.35,575.89,381.82,300.42,316.93
274.8,295.71,332.99,375.43,420.02,478.01,564.37,633.15,483.61,328.42,290.37,315.76
297.01,282.22,310.04,342.69,362.0,377.85,406.96,465.62,557.14,616.06,432.3,300.11
259.63,282.33,312.65,329.64,332.97,327.03,315.32,317.02,343.06,380.93,416.65,432.52
129.37,69.29,62.77,103.43,251.57,381.26,376.24,402.78,481.54,624.35,727.12,623.26
220.3,172.98,168.47,204.98,260.99,305.96,348.09,394.11,441.54,478.69,497.22,490.54
215.04,170.06,166.64,201.05,252.83,286.25,316.12,362.66,418.17,455.97,479.15,486.61
151.21,91.96,94.85,167.14,284.1,332.35,358.78,411.62,499.76,615.2,698.11,632.16
95.87,67.25,58.01,79.64,168.12,259.1,249.17,252.54,283.33,316.58,344.84,358.15
100.97,107.37,163.41,257.62,278.1,300.57,341.59,394.76,413.88,424.34,446.3,498.83
57.34,27.37,50.52,138.45,295.79,274.83,272.33,299.85,332.65,367.4,380.37,381.56
68.27,65.07,103.53,218.85,246.57,234.51,250.67,277.7,315.47,366.22,400.03,395.6
58.41,43.83,68.14,177.57,325.19,280.68,267.59,291.32,322.77,337.12,348.49,361.03
76.56,36.09,42.91,158.48,403.44,284.22,257.62,276.98,321.19,372.67,429.87,487.25
82.5,89.49,210.01,322.98,287.89,284.67,294.17,308.26,338.05,400.08,482.3,572.97
123.97,163.71,318.77,365.38,363.87,387.44,418.03,477.09,558.51,581.36,421.14,315.98
132.76,391.69,422.57,289.23,282.04,325.62,395.13,436.85,401.41,314.49,285.96,290.17
229.3,278.92,304.43,295.12,293.14,295.65,293.91,277.74,260.01,247.51,239.17,243.85
379.43,382.21,374.54,383.79,397.05,406.23,404.08,388.22,357.57,324.29,302.49,291.75
323.42,402.09,380.16,368.89,361.69,359.13,360.66,360.89,356.98,342.15,319.93,308.59
320.65,377.32,367.28,348.07,324.92,308.03,306.13,310.81,290.49,251.71,218.4,195.24
352.13,381.48,366.18,327.94,286.73,277.61,292.94,299.38,285.34,261.36,224.37,193.26
372.15,358.59,326.02,292.49,275.66,272.94,269.91,260.08,232.35,189.14,139.65,91.93
325.47,326.48,289.26,266.02,241.99,208.59,172.38,137.86,93.09,42.67,27.82,26.96
304.45,316.34,283.64,255.43,227.22,186.92,144.47,93.28,42.06,23.62,24.04,31.76
279.68,302.38,284.99,254.17,222.15,182.15,136.68,81.77,51.03,24.3,16.42,15.53
284.82,291.12,281.44,243.01,186.65,134.84,82.41,41.47,15.13,32.21,32.75,44.06
311.45,295.82,261.03,202.24,139.64,78.97,51.77,34.67,38.31,44.83,57.58,89.68
291.91,246.8,201.97,145.87,81.31,49.14,38.48,44.2,47.96,58.25,79.16,119.95
240.26,160.64,120.12,76.35,46.08,31.24,38.08,43.15,55.76,86.96,158.21,238.84
132.41,86.14,60.52,41.05,41.16,48.32,49.25,62.94,84.45,128.84,186.62,222.66
100.9,68.51,43.32,37.16,46.02,44.14,52.09,77.11,130.56,200.4,231.28,250.43
128.93,67.67,37.43,38.24,50.28,43.08,42.67,62.47,117.26,199.6,231.44,254.14
49.27,13.1,14.62,27.82,37.17,16.49,36.05,105.02,239.44,224.91,224.61,252.36
221.63,128.87,78.41,53.85,47.38,45.95,52.84,81.95,159.34,243.53,253.32,274.4
43.86,13.01,31.2,44.57,29.39,25.34,37.56,129.0,466.84,619.62,481.94,327.79
17.85,6.09,33.29,31.02,12.71,20.35,76.65,350.68,516.54,337.63,251.33,254.56
64.14,54.72,31.44,46.35,58.6,138.51,335.43,372.76,324.47,314.85,327.27,354.19
41.84,22.85,21.48,48.77,228.72,547.28,364.36,290.44,280.22,298.47,320.35,342.45
43.33,14.16,39.7,27.91,74.56,321.73,508.09,278.36,233.38,266.59,303.09,337.99
11.3,51.27,73.5,117.11,284.48,348.44,253.8,248.25,268.02,289.06,292.14,288.95
86.17,94.13,111.44,220.37,300.16,254.63,258.9,275.64,295.3,312.55,329.95,347.86
323.87,341.96,296.58,275.96,262.38,220.58,158.55,118.55,85.92,71.72,52.63,37.18
309.79,392.55,339.19,318.83,305.85,289.49,255.54,198.25,145.46,106.79,82.68,65.63
274.46,354.54,325.53,298.11,274.34,250.56,194.26,135.04,79.13,29.25,23.98,24.79
356.48,436.06,389.94,341.98,306.65,293.19,283.66,264.94,218.85,172.39,124.29,91.18
381.91,387.43,333.16,307.32,298.97,298.56,298.61,282.95,230.48,163.94,93.23,61.32
388.47,342.56,318.12,310.61,312.85,311.1,293.44,250.42,174.38,111.05,71.16,57.39
337.98,367.48,323.95,303.69,302.22,296.06,259.39,180.73,112.91,65.35,51.3,47.39
338.57,347.52,305.06,283.67,268.85,250.28,208.44,139.16,74.67,53.08,48.27,36.76
325.33,335.01,285.78,254.56,234.65,199.2,146.5,87.66,51.87,39.65,35.05,19.96
311.52,320.23,279.84,240.02,213.96,163.7,104.5,67.04,48.38,32.92,19.76,10.84
313.77,305.81,259.16,206.92,163.12,110.82,60.9,39.94,33.29,24.79,15.38,25.99
257.44,260.84,245.27,203.75,149.33,88.7,51.53,34.22,25.63,13.48,8.73,14.59
166.4,133.56,106.87,85.92,68.45,47.08,32.73,38.61,49.54,71.93,125.85,214.1
132.45,81.44,52.29,35.78,22.1,20.28,18.83,20.44,27.23,110.48,306.15,298.26
89.09,79.65,77.02,65.11,39.94,20.48,19.3,20.62,85.68,197.3,205.22,186.78
44.52,49.03,53.87,29.66,14.85,37.37,141.89,325.35,237.2,222.77,233.59,242.96
54.44,39.24,28.69,19.21,46.74,201.74,349.4,223.66,214.09,240.94,269.1,286.46
10.92,45.28,53.26,45.89,146.59,313.16,213.95,196.18,214.55,253.18,283.98,307.86
54.76,40.36,46.25,176.62,399.81,265.04,239.16,258.44,281.92,311.02,314.95,303.63
89.11,101.02,202.93,318.6,269.36,289.9,367.96,467.5,527.9,416.95,282.71,264.39
109.04,109.64,134.46,280.67,313.32,246.49,266.32,317.96,338.64,303.1,270.02,249.85
144.96,241.66,235.07,240.49,323.0,462.32,490.76,393.11,264.08,223.78,306.99,442.9
219.3,235.09,230.94,230.56,284.8,378.78,484.95,490.27,367.24,281.78,256.61,284.17
252.49,466.11,433.77,316.46,317.81,414.05,494.04,502.66,333.59,256.87,258.97,283.09
344.04,385.47,368.13,380.31,454.98,524.82,480.36,359.74,268.1,222.56,193.62,192.1
333.08,352.27,311.86,306.81,324.98,341.53,340.17,317.89,284.5,250.61,205.72,166.72
355.63,457.17,456.5,411.03,355.89,316.47,294.23,294.87,299.9,279.15,206.53,129.12
337.82,356.72,331.97,330.68,355.97,398.88,420.13,388.22,313.1,235.2,156.93,104.3
341.66,358.3,340.53,354.26,397.46,434.9,396.94,311.61,230.85,155.86,100.39,62.19
330.66,357.41,334.77,317.34,295.17,271.19,220.01,167.78,117.54,73.13,44.81,33.74
329.49,324.21,283.66,236.78,187.51,146.01,96.3,69.13,61.02,56.22,42.34,31.95
308.34,279.22,248.42,203.2,148.89,100.52,75.89,61.33,44.55,30.3,20.08,24.1
360.04,293.44,230.79,176.14,129.88,92.33,80.45,70.78,40.14,19.46,35.99,41.47
319.24,281.05,228.11,177.73,127.02,86.68,66.02,41.9,23.85,40.7,42.03,53.26
199.64,144.37,98.79,67.81,53.27,34.69,19.72,28.65,37.45,50.37,70.07,92.47
313.24,233.88,160.33,105.94,64.3,52.7,44.03,42.75,44.96,52.33,67.04,79.41
213.91,119.98,66.38,42.39,41.87,50.85,45.2,42.13,49.21,65.76,91.58,155.93
162.02,86.45,44.42,34.64,48.58,57.64,45.05,41.93,46.97,65.13,114.97,201.86
67.06,52.82,28.14,25.73,38.24,40.68,29.15,45.57,132.1,331.1,302.7,269.54
19.39,21.76,43.99,45.31,18.16,34.25,75.45,201.75,265.77,229.19,234.31,257.31
64.94,46.83,50.18,54.22,80.44,167.71,246.53,216.52,217.15,247.5,292.66,340.43
33.6,15.17,32.49,59.48,155.68,294.32,237.32,227.51,240.95,249.98,246.62,241.35
63.06,45.12,44.89,59.09,125.84,256.99,230.47,225.54,250.22,273.48,290.87,311.37
101.05,39.77,41.09,118.87,391.87,301.21,255.67,284.07,331.19,369.35,397.5,416.5
78.97,98.82,169.51,386.61,366.46,285.76,283.64,307.28,346.4,398.1,476.9,592.57
109.06,79.68,128.21,328.8,409.7,282.75,276.7,296.36,327.82,364.13,399.65,442.05
717.05,517.61,343.74,216.39,146.56,130.13,210.84,517.29,717.42,668.19,460.99,339.74
605.36,495.54,365.07,228.85,140.19,98.96,123.95,200.49,400.22,490.96,402.37,277.15
399.44,479.19,621.34,688.67,632.58,542.28,476.46,411.42,327.43,261.59,204.37,200.66
347.14,469.85,626.75,681.75,621.95,505.99,437.52,398.9,369.85,349.06,340.39,315.55
193.65,282.28,523.53,695.54,692.48,645.61,576.15,525.4,496.53,453.78,376.59,305.18
236.27,401.98,627.35,682.44,643.88,586.77,553.77,543.64,543.79,533.92,473.5,385.79
408.43,507.92,584.26,582.38,512.99,463.8,441.08,426.4,402.12,358.02,301.97,204.93
434.09,475.28,545.25,588.7,552.38,500.58,441.51,360.14,263.23,159.76,104.65,92.32
348.14,442.08,517.35,586.04,524.0,378.15,283.32,162.06,93.45,86.04,92.13,93.56
329.16,377.59,373.68,330.31,248.51,146.51,70.79,57.2,48.16,50.21,71.11,110.73
388.82,333.71,268.85,195.35,128.13,63.77,48.08,56.98,44.56,49.05,88.38,175.93
271.56,224.11,172.61,104.49,45.99,30.71,42.72,32.02,41.14,68.15,194.84,477.94
198.09,137.77,92.5,60.94,45.26,49.69,49.66,39.91,62.51,195.32,467.57,476.02
131.84,85.48,77.23,77.35,77.4,65.44,69.35,105.0,201.69,285.23,279.07,291.87
214.32,121.5,89.32,64.7,47.77,49.98,43.99,50.2,123.95,310.53,374.86,326.04
117.38,83.22,81.99,77.11,75.82,64.0,53.23,101.18,231.43,305.55,291.34,296.83
61.53,62.09,80.81,66.4,42.11,70.87,198.86,391.53,308.89,305.32,334.92,390.29
61.37,54.69,71.42,63.17,33.95,65.12,207.01,348.23,270.07,271.61,300.73,345.78
41.19,53.54,72.89,50.74,35.42,95.17,261.89,271.25,220.06,231.18,252.67,277.41
45.47,63.85,61.62,43.86,108.59,346.44,363.69,227.92,216.23,241.1,273.86,293.5
81.8,89.67,120.3,292.92,408.66,364.97,298.63,290.25,300.98,303.44,297.43,291.01
65.64,89.69,119.11,243.64,328.09,276.01,263.73,290.43,313.99,329.46,323.83,309.05
66.92,92.97,126.86,289.24,388.43,319.52,259.17,280.72,310.68,344.94,372.97,370.99
94.65,108.97,162.18,281.7,278.27,240.17,261.18,280.39,292.55,306.83,325.52,327.76
84.16,132.41,392.67,292.33,245.1,268.57,305.93,343.51,374.54,373.84,322.68,284.73
38.27,176.55,441.31,256.36,219.1,260.04,374.44,417.56,373.53,273.03,244.31,290.69
88.4,238.63,242.53,203.58,223.79,282.83,346.06,312.91,264.11,249.74,270.5,297.41
84.15,145.89,297.76,256.98,201.16,216.25,254.5,283.8,253.95,196.48,173.4,215.48
163.25,282.93,230.54,202.22,210.76,232.11,256.06,282.13,253.32,194.55,147.32,94.0
246.69,259.62,239.49,263.08,289.88,296.6,257.34,217.18,236.14,283.61,241.45,105.06
251.9,230.02,208.87,224.72,233.57,260.12,287.42,255.4,169.13,112.94,71.28,56.32
269.59,260.43,233.89,232.91,214.24,180.78,144.26,120.14,81.75,40.29,40.84,40.99
266.15,260.36,245.36,224.55,196.13,159.75,136.93,109.39,64.83,49.97,42.95,50.32
253.3,253.73,236.74,216.37,190.63,157.63,128.03,90.15,59.87,52.49,50.94,51.01
261.52,240.79,245.68,210.49,136.63,89.96,70.02,73.76,79.45,82.69,66.55,44.33
223.36,224.96,206.11,132.75,72.72,51.37,56.97,60.17,47.29,23.03,20.15,37.13
208.15,171.29,119.39,74.06,40.96,44.95,58.25,53.34,30.99,27.93,38.99,52.86
12.23,18.23,60.42,88.26,74.14,44.44,23.62,24.34,52.81,138.89,218.5,227.51
0.0,36.49,92.6,72.44,33.24,17.75,13.55,31.52,101.98,172.92,176.92,168.47
76.32,11.4,36.01,56.85,20.84,0.0,84.86,836.98,730.52,439.06,277.03,212.19
0.0,0.0,206.15,601.21,449.12,269.57,165.34,103.66,92.42,122.46,165.82,249.72
75.7,25.27,7.74,2.77,197.82,815.08,701.3,449.2,311.81,277.08,288.29,318.96
225.24,186.5,157.57,116.11,109.9,146.89,237.8,319.47,326.53,322.96,321.75,321.67
180.97,153.68,132.77,120.19,144.89,247.91,366.77,409.74,366.25,315.79,294.21,297.89
191.03,149.87,104.15,100.81,134.55,195.5,232.98,245.03,257.61,272.65,289.2,297.56
154.99,64.28,28.71,0.0,29.8,230.38,796.54,788.44,711.17,587.37,434.5,358.89
35.05,22.48,42.91,70.45,114.8,245.12,449.32,425.55,354.22,316.71,307.02,312.99
17.52,34.43,82.9,101.37,122.15,243.09,440.23,397.46,312.22,283.9,291.04,307.38
0.0,0.0,109.22,355.25,282.98,240.25,269.98,371.46,299.99,235.61,170.26,146.07
91.64,464.09,428.49,255.76,147.87,134.67,199.84,262.61,181.92,87.84,65.35,105.17
245.54,326.41,222.08,116.57,114.34,260.28,446.41,311.98,187.79,76.82,53.87,102.6
328.42,451.93,248.59,131.18,95.9,175.29,290.4,216.78,116.58,65.34,85.54,101.59
293.42,244.02,215.24,247.97,333.3,318.63,235.82,166.62,131.22,101.71,57.8,45.58
240.44,213.34,205.36,234.02,305.3,254.4,189.72,132.38,94.93,69.02,60.22,63.76
214.39,200.21,164.94,144.84,134.81,112.3,86.07,71.19,73.82,62.6,50.7,50.11
206.5,179.32,171.95,165.43,142.25,106.95,85.87,79.97,93.16,100.53,90.56,75.76
217.85,172.51,142.26,95.93,76.2,77.08,95.07,109.53,126.78,154.26,180.55,217.57
207.07,120.45,95.81,65.69,55.61,74.61,91.46,100.31,109.8,120.64,108.37,69.92
237.75,133.03,121.64,77.85,58.55,69.52,95.39,101.92,96.14,82.93,72.1,67.28
207.18,115.19,88.47,64.22,60.63,71.95,81.75,71.17,45.5,35.82,57.89,82.54
150.41,82.61,58.7,53.65,73.43,88.94,77.77,53.16,46.91,62.03,70.26,69.74
142.8,77.71,55.67,52.14,76.39,96.48,86.64,64.49,56.19,58.67,64.54,68.48
109.75,41.19,14.8,20.74,41.71,60.44,54.07,25.53,15.65,27.62,39.36,39.96
48.9,43.67,37.38,52.84,54.33,34.31,31.63,42.26,55.71,132.48,246.59,277.8
65.34,28.83,64.71,68.48,45.31,46.43,64.88,80.92,190.39,322.18,294.14,274.43
88.02,56.93,51.42,38.02,24.21,38.43,110.58,269.87,266.6,236.62,247.86,265.31
45.78,11.78,0.0,54.05,393.35,391.64,254.6,227.38,291.38,437.97,479.34,446.71
26.28,9.69,50.24,156.3,199.84,232.25,224.47,201.87,196.75,228.24,280.32,239.29
81.92,85.42,211.4,489.67,320.13,239.68,231.89,311.56,426.37,338.2,243.82,202.42
68.23,59.33,148.69,430.85,288.95,229.98,279.03,415.42,413.02,286.92,194.43,162.71
56.9,32.25,101.97,314.14,318.87,242.0,238.68,354.2,467.81,352.82,226.04,135.86
0.0,30.24,69.63,110.02,220.68,339.34,232.11,233.63,321.42,394.73,257.09,186.43
84.71,77.01,57.57,103.39,296.86,300.29,260.64,262.06,259.8,255.7,246.32,239.11
175.32,137.2,127.98,102.85,89.75,141.52,308.75,309.88,282.61,273.51,266.88,262.92
281.98,248.06,241.05,222.33,197.5,179.32,189.56,264.43,362.9,317.5,239.18,167.9
266.68,283.78,283.14,257.23,221.15,189.96,175.26,196.98,262.05,332.98,331.77,292.15
263.89,256.59,247.25,200.9,135.67,100.88,91.25,108.29,136.03,163.63,275.59,444.97
299.67,306.99,294.79,285.99,274.36,264.05,241.06,172.68,111.6,81.16,80.28,79.08
301.2,321.3,307.87,285.57,263.58,232.16,176.71,114.34,78.05,70.69,65.59,58.31
303.42,285.6,279.1,245.36,195.8,148.1,117.75,88.28,73.64,81.5,134.67,338.24
284.31,267.9,244.96,199.81,151.97,128.21,107.45,81.98,54.47,36.21,42.62,65.96
266.74,244.79,220.42,168.2,128.9,93.08,68.28,42.41,22.41,26.83,39.59,76.31
160.6,107.4,72.48,50.76,40.11,42.43,48.01,49.13,53.98,75.37,123.23,216.93
233.68,170.99,127.1,88.79,65.26,61.56,67.75,70.31,67.23,67.41,71.94,82.75
204.86,136.28,89.02,63.67,61.19,61.52,51.73,35.08,28.03,36.74,54.09,82.29
149.7,96.31,68.37,57.85,59.25,52.59,33.87,24.67,32.82,48.29,81.47,163.22
135.07,86.16,60.39,51.9,53.72,46.12,31.09,35.21,53.57,87.03,151.56,219.59
135.06,82.1,58.79,51.4,56.63,56.63,45.99,49.14,73.85,146.51,230.11,248.85
87.09,62.7,40.93,46.31,61.16,59.67,64.71,129.42,222.37,250.52,248.32,262.38
68.06,56.84,35.17,34.81,44.82,38.22,40.96,97.89,246.78,338.08,286.98,275.8
8.53,22.6,60.87,60.61,25.83,36.89,115.82,285.27,278.99,241.28,244.28,265.07
28.35,15.6,28.08,21.41,4.78,34.22,141.91,247.41,195.79,187.06,186.32,194.38
3.55,50.37,67.03,19.39,21.01,109.03,344.08,266.4,200.59,202.31,218.46,239.7
33.96,30.77,27.65,65.78,183.55,318.89,227.8,210.85,224.27,236.44,248.83,266.1
72.23,59.27,118.56,291.87,274.75,264.05,269.27,260.14,253.28,265.66,279.31,291.26
86.75,61.28,106.78,317.57,384.81,240.44,241.99,284.22,308.39,272.98,236.95,231.82
138.87,475.82,486.26,297.17,275.23,321.59,413.68,490.58,488.12,346.13,271.56,263.67
267.94,312.18,279.26,264.88,278.79,311.22,331.97,343.54,350.81,344.26,314.0,286.35
346.24,337.67,295.7,287.04,294.39,305.43,316.98,331.11,345.87,352.61,335.56,304.16
332.39,359.37,313.92,301.42,310.06,324.99,334.48,325.26,298.71,284.92,275.98,250.37
325.05,379.78,355.67,336.41,332.18,338.66,347.38,344.22,321.31,279.03,233.12,189.4
369.37,344.54,325.98,318.35,326.43,342.79,358.07,358.87,337.35,300.0,251.7,185.21
373.22,358.08,354.64,357.81,363.08,367.01,361.91,337.03,300.91,275.75,231.27,155.35
387.77,381.87,394.23,414.4,424.64,394.47,335.93,276.67,238.48,183.88,121.14,78.7
346.78,407.12,407.06,401.06,358.38,294.34,237.53,172.15,109.06,53.46,43.84,38.78
384.35,413.97,372.15,321.48,277.62,235.81,164.63,101.97,53.27,42.01,40.15,55.62
403.73,341.82,291.18,253.71,214.0,164.2,99.45,52.36,38.8,39.54,43.23,54.15
293.31,275.61,260.96,212.53,131.11,66.75,49.83,39.24,32.46,28.54,38.23,48.08
249.11,201.45,152.06,91.92,55.46,48.4,51.56,44.66,45.72,52.51,63.69,80.55
223.26,159.33,111.98,72.82,55.11,56.59,52.39,50.95,58.52,72.61,86.66,110.74
149.58,89.55,60.27,50.82,55.07,56.88,55.07,60.77,73.89,89.68,118.92,166.29
177.11,108.13,74.45,54.07,53.75,56.56,54.59,55.38,62.27,75.3,103.31,169.34
86.5,54.81,26.47,29.77,43.8,38.96,28.69,45.83,105.21,257.33,289.83,268.59
48.78,14.51,26.42,46.55,35.12,35.6,126.92,337.97,281.28,245.01,264.37,295.28
53.26,16.63,45.81,45.55,79.71,253.39,473.44,346.24,298.92,317.18,366.18,436.78
46.47,19.47,33.55,69.8,139.79,272.5,304.42,312.17,377.8,492.11,585.28,594.04
37.93,2.81,37.67,241.59,394.1,278.51,249.91,297.99,407.54,449.81,408.43,330.03
35.76,12.3,121.59,526.08,464.08,300.53,272.99,316.46,393.25,428.54,376.04,299.6
56.38,45.23,190.68,477.39,304.86,250.64,309.71,487.26,575.64,424.73,286.98,241.85
79.3,94.08,213.9,319.99,249.47,259.46,393.47,551.18,487.62,299.32,229.91,235.34
75.25,105.01,313.69,309.76,236.65,246.85,397.77,552.24,480.38,294.75,227.69,227.37
248.43,267.93,282.6,335.18,395.38,412.78,347.35,245.21,141.79,96.09,123.2,228.69
350.95,356.38,414.24,473.19,449.53,379.23,330.09,316.0,331.28,344.66,306.68,249.71
322.1,406.57,465.18,515.09,479.91,410.73,350.77,304.88,272.23,254.85,244.22,230.0
383.44,373.69,443.16,521.99,512.86,431.07,348.39,311.43,310.42,314.17,290.34,237.75
341.33,396.09,461.59,537.48,522.44,451.94,380.91,316.8,276.51,248.8,206.19,158.68
335.38,365.3,414.6,479.08,494.87,425.94,330.74,264.93,217.84,160.97,107.01,79.56
332.2,331.26,332.15,338.26,321.02,277.75,234.87,159.23,98.81,59.34,43.89,27.82
321.36,354.37,342.24,332.02,305.23,270.06,238.46,179.64,107.62,57.71,44.88,35.99
310.36,307.55,297.66,274.5,246.16,201.65,151.66,101.9,50.62,29.11,19.94,29.37
298.11,272.93,265.34,246.94,214.56,176.59,140.36,98.89,52.52,28.21,19.01,30.12
285.17,267.23,261.81,238.93,194.04,149.01,105.41,53.64,35.38,17.84,29.27,28.9
267.71,212.76,178.11,125.14,71.54,45.31,27.36,31.65,29.82,25.8,30.81,45.14
228.08,167.28,113.4,56.01,39.7,41.48,33.31,20.33,23.14,17.77,22.41,43.54
153.67,94.69,55.23,39.15,46.02,42.4,19.99,23.1,18.7,21.48,50.97,177.92
64.21,53.27,29.43,25.45,35.06,26.51,21.42,21.57,39.02,157.55,401.99,326.74
47.52,37.51,44.03,48.13,29.72,18.53,23.1,22.93,46.59,186.28,448.2,354.4
55.11,34.66,32.19,47.24,44.6,20.13,28.67,27.25,94.31,317.97,376.19,304.75
55.59,23.23,29.83,36.97,30.9,17.93,40.72,143.69,363.39,271.1,236.61,240.76
32.83,17.19,29.08,32.79,16.95,26.19,89.05,297.31,247.34,199.42,184.55,178.75
40.42,16.26,22.42,38.08,46.12,124.34,287.37,243.44,204.03,199.22,209.4,221.53
49.18,43.55,39.14,17.19,33.2,41.07,115.1,330.08,301.05,218.9,206.71,208.32
48.2,43.51,34.72,99.52,276.9,250.94,214.27,230.54,244.85,252.23,264.69,263.67
96.49,111.22,222.72,376.81,290.56,272.77,285.97,313.55,296.29,261.47,249.89,261.13
381.11,280.0,236.04,221.29,221.07,246.98,292.62,337.63,330.46,299.58,270.97,262.87
633.39,452.12,297.96,210.06,123.79,85.37,93.25,157.16,336.07,467.88,428.52,343.1
385.35,439.57,510.62,541.29,482.58,404.57,372.99,382.23,414.7,388.38,287.34,204.48
280.07,397.14,497.2,543.09,460.34,404.93,385.47,385.64,375.69,328.35,256.58,178.92
419.36,462.07,566.52,624.97,586.54,548.48,548.48,546.99,489.3,390.13,304.98,215.46
706.25,636.6,592.16,561.06,521.63,476.76,433.02,373.1,302.06,201.94,124.63,95.45
728.82,579.42,438.91,330.04,263.18,194.38,153.71,146.77,139.81,115.34,84.45,51.46
364.78,394.78,438.57,395.36,318.55,254.92,161.03,84.52,58.87,59.89,45.69,33.42
350.98,340.41,320.03,268.54,197.04,135.01,94.78,66.26,56.53,48.85,30.81,20.82
287.32,257.34,230.43,173.76,111.05,84.08,70.7,57.73,39.62,27.75,12.63,26.1
268.54,171.05,125.33,94.43,78.59,71.87,63.2,50.63,44.33,30.85,16.35,37.43
198.72,142.9,107.02,85.54,75.26,67.51,54.56,40.97,31.63,20.01,27.03,32.35
207.89,147.58,108.61,83.71,70.19,60.5,42.2,33.59,28.21,17.98,30.26,31.02
269.65,157.33,113.73,85.28,72.64,64.28,46.61,33.67,26.22,36.24,41.42,42.9
161.81,100.93,77.39,68.34,57.8,48.6,43.91,40.63,34.65,35.37,42.95,75.66
113.82,76.79,63.75,63.0,73.86,80.82,72.21,46.83,50.54,99.53,221.31,310.78
49.09,23.43,57.89,71.71,48.14,22.18,31.76,32.78,100.05,340.43,430.92,352.97
91.79,91.03,89.84,78.9,58.12,38.9,58.98,152.0,305.89,289.01,280.22,305.22
55.11,30.72,34.76,44.71,16.1,30.3,157.42,434.6,281.56,241.05,249.93,269.05
55.12,34.42,37.73,29.0,28.67,146.03,491.22,328.94,253.56,266.74,299.32,347.41
46.91,28.32,28.67,26.22,53.79,286.24,574.54,321.81,226.13,251.28,297.86,329.27
50.18,41.33,20.84,39.72,160.57,405.23,242.83,197.52,216.19,255.81,281.94,281.77
25.35,19.35,16.13,79.41,268.84,333.94,238.55,223.73,235.08,254.85,273.43,277.49
39.14,15.91,67.1,266.15,364.5,255.33,259.44,277.9,279.64,273.6,272.28,267.21
100.39,168.15,316.51,251.74,245.42,285.27,328.87,331.69,336.53,344.97,335.05,315.77
200.69,279.7,329.98,288.17,286.46,285.94,281.07,282.11,285.93,279.11,254.8,227.08
263.51,281.16,271.25,278.13,322.13,385.12,413.43,375.4,308.13,280.44,295.65,352.14
281.71,292.09,269.77,274.59,306.98,378.79,407.83,339.9,263.35,208.77,167.48,192.72
278.72,307.88,285.49,273.93,274.42,284.97,298.36,294.9,259.92,208.2,143.19,96.79
219.91,271.07,353.02,319.33,275.81,265.13,284.68,300.11,265.23,215.6,176.22,158.68
291.42,295.1,287.36,294.57,303.02,301.46,268.32,202.81,121.05,80.89,71.01,69.57
305.86,311.58,296.82,295.6,282.19,257.33,203.69,131.17,86.87,73.56,72.96,66.02
302.63,314.46,282.04,262.35,232.94,181.08,123.9,84.38,72.52,72.04,65.82,59.44
345.12,291.98,280.13,277.85,236.77,179.49,133.41,107.38,91.07,84.69,78.32,69.15
320.63,274.37,274.69,279.7,245.97,198.65,150.76,106.01,83.35,80.98,74.93,62.71
231.28,165.49,109.15,67.27,51.28,54.62,56.08,40.72,25.29,40.03,66.61,107.38
195.97,121.94,75.02,49.78,52.98,68.58,69.5,43.58,23.9,43.69,67.86,95.19
195.43,111.16,75.23,50.84,53.21,68.75,71.74,49.75,29.26,47.92,74.05,107.06
121.87,41.22,6.72,15.8,34.86,58.22,37.13,14.15,21.21,42.42,61.72,60.16
177.07,94.07,66.98,38.64,41.41,54.07,48.22,24.4,33.1,51.94,86.09,159.82
122.67,43.59,14.86,19.89,50.76,64.97,29.09,12.94,18.52,33.63,49.49,57.72
44.75,32.87,37.67,60.69,56.64,18.33,26.07,16.55,36.05,71.46,199.85,353.34
3.08,28.72,69.42,67.5,17.55,32.57,39.52,118.1,316.66,341.47,276.92,275.88
1.22,30.68,54.7,58.99,28.4,22.57,34.28,87.71,235.04,339.99,264.15,249.05
19.73,22.41,26.99,62.6,95.99,147.8,226.39,249.53,233.22,249.27,276.6,305.76
23.34,28.71,26.27,63.65,122.29,203.63,252.43,232.66,223.04,237.2,262.53,288.24
44.34,40.05,52.05,101.76,184.87,246.67,237.96,219.12,227.1,249.58,270.66,304.53
79.8,22.73,31.23,45.12,123.61,274.28,296.92,255.98,265.87,297.36,341.36,401.31
38.95,46.56,76.12,190.09,355.95,339.95,376.45,466.54,575.58,603.14,419.39,319.03
104.72,128.97,213.06,302.9,297.31,299.99,344.08,421.58,495.85,490.01,305.71,245.48
108.21,144.91,205.02,248.13,236.73,249.17,264.39,286.4,310.65,321.22,306.5,273.55
147.28,256.21,257.33,248.9,264.68,286.28,318.31,366.54,413.78,430.56,358.23,266.29
216.48,382.48,278.73,259.01,283.87,319.46,341.34,347.95,344.16,340.49,358.82,404.11
