31.86,44.54,68.32,173.08,218.96,160.93,149.56,138.06,127.24,113.84,98.14,79.98
51.61,98.15,197.1,213.18,163.25,157.83,145.12,129.45,117.42,102.69,83.95,62.69
31.14,47.46,104.78,156.27,141.52,133.56,129.71,119.83,108.68,93.93,77.12,56.21
65.6,67.59,110.68,143.8,154.66,149.67,145.41,138.05,125.31,108.37,89.33,67.28
86.32,85.87,116.66,136.95,145.88,148.28,143.15,134.23,119.64,102.35,81.4,60.08
96.77,132.12,148.02,145.4,137.76,135.94,127.9,113.85,97.02,69.66,43.42,32.29
109.01,135.76,144.28,147.53,149.42,148.45,135.3,119.89,101.6,82.03,61.23,41.32
144.29,188.56,174.96,165.56,153.03,135.93,110.18,75.79,50.55,42.4,39.34,38.2
209.86,166.53,183.93,193.7,198.34,176.63,140.32,98.39,61.02,43.34,40.43,40.07
239.47,299.48,231.88,180.93,140.23,107.05,74.92,56.89,52.31,50.5,51.4,49.84
158.13,168.72,159.66,136.19,103.6,73.63,55.63,49.08,44.74,42.83,40.58,36.98
199.53,241.94,137.49,97.93,80.53,59.39,50.13,43.09,37.78,32.4,27.89,24.07
85.11,55.13,37.52,26.21,31.38,22.98,15.65,17.9,18.36,16.72,17.05,17.03
78.13,52.5,36.18,18.37,26.65,21.4,20.08,14.48,16.12,15.9,15.93,15.73
70.39,48.3,31.0,18.0,24.04,16.38,19.48,17.85,12.17,11.53,12.27,11.22
61.27,49.46,27.56,18.01,20.35,17.21,13.48,12.35,16.23,20.27,22.3,23.0
85.1,53.08,37.03,24.76,25.07,17.65,15.68,24.59,28.49,26.33,25.75,32.1
38.55,35.62,22.74,23.17,23.38,15.1,12.04,15.17,18.69,20.17,25.95,27.39
33.68,30.66,18.52,20.5,20.33,14.14,6.96,9.75,16.09,14.91,18.57,22.34
30.02,12.36,14.06,12.29,15.14,14.54,19.21,16.98,28.22,48.53,57.93,79.32
26.42,11.46,17.36,15.63,17.19,19.48,21.88,28.37,55.75,80.18,100.96,121.43
23.21,12.41,23.44,15.67,27.84,31.34,46.17,57.29,64.77,72.47,72.9,65.79
20.33,15.24,30.88,22.22,33.32,46.16,58.77,67.94,73.25,69.16,62.44,52.3
58.47,36.47,36.74,43.62,62.96,76.78,80.59,77.94,65.19,46.55,28.0,20.73
36.88,28.46,39.94,48.54,59.69,81.61,101.57,108.75,102.36,91.61,76.51,55.42
40.12,43.76,49.31,56.82,76.18,104.3,133.05,134.37,124.78,109.45,87.44,67.28
31.52,29.06,45.05,53.76,66.02,79.02,85.47,84.32,73.7,58.15,40.46,26.96
50.71,75.06,112.44,131.01,107.7,78.88,61.72,49.08,38.55,27.39,22.7,22.26
101.9,124.45,140.4,110.05,80.81,63.66,49.44,35.24,26.96,23.26,23.19,24.38
99.07,134.75,116.46,98.73,73.89,62.02,44.52,26.7,21.96,21.78,23.07,20.08
116.21,146.19,119.02,81.35,60.56,45.05,28.58,20.6,16.89,17.15,16.14,16.31
112.39,132.98,98.15,63.56,46.86,35.11,25.46,18.56,17.46,16.6,16.61,17.89
103.96,119.91,87.57,53.82,39.49,31.57,24.42,18.64,17.94,16.92,16.91,17.18
85.4,66.56,46.69,27.97,32.14,27.53,30.94,28.04,20.98,17.18,16.87,15.81
83.37,68.09,46.37,31.3,39.6,32.47,30.01,27.27,20.68,17.3,17.19,15.81
79.25,51.2,27.07,24.8,35.43,29.07,22.12,22.43,21.76,20.3,15.99,14.91
102.63,61.61,23.18,24.47,33.97,20.85,14.01,15.8,18.56,18.5,15.21,13.47
90.57,51.48,20.53,26.11,25.87,14.87,16.85,17.31,18.1,18.75,21.55,19.83
132.85,83.98,42.91,35.55,39.98,33.36,28.39,24.73,25.03,31.45,41.13,51.54
102.94,62.17,41.79,40.14,39.26,30.54,26.63,28.9,29.96,33.43,36.94,40.26
34.84,33.45,25.54,25.12,33.13,27.97,32.14,35.61,32.52,24.62,24.11,30.98
40.43,26.81,28.12,19.71,25.21,32.28,49.43,54.38,48.1,54.9,76.54,118.26
40.83,29.37,21.96,19.81,22.53,16.9,21.15,27.46,34.73,33.33,32.68,28.93
24.41,13.92,13.72,6.9,9.16,11.98,16.12,21.15,34.18,56.47,80.89,127.73
30.19,19.91,21.12,14.67,25.53,29.89,38.28,57.0,78.34,122.74,205.2,195.56
25.63,13.69,17.29,17.59,21.39,26.93,32.66,51.11,75.09,94.74,154.1,182.35
22.41,16.26,25.03,21.93,32.74,41.56,44.02,55.26,80.29,109.08,142.02,170.42
23.57,32.4,22.34,25.27,36.61,44.78,52.76,84.04,139.19,186.71,179.73,163.72
31.13,44.77,36.21,34.81,48.82,72.2,91.77,109.64,116.48,104.3,82.07,59.72
37.75,72.46,88.46,85.08,69.53,70.15,76.25,81.2,86.75,84.86,73.94,56.19
40.83,72.26,106.82,122.22,104.17,98.87,99.97,94.71,88.58,78.26,63.69,42.72
49.77,123.29,180.23,144.17,129.95,127.45,120.76,109.84,94.87,78.55,57.3,36.14
49.91,116.11,174.63,151.76,130.38,127.58,118.51,103.01,88.01,72.6,51.19,30.79
48.14,118.85,173.8,143.19,120.57,117.07,113.68,98.91,83.65,67.26,42.85,23.8
51.73,106.89,171.52,154.99,121.01,115.13,107.4,89.83,73.6,53.6,29.24,21.54
42.04,94.17,144.24,147.18,108.23,93.52,78.95,60.27,43.72,30.21,21.63,19.35
63.1,97.88,141.89,115.48,90.76,72.89,56.68,40.94,32.38,28.3,22.48,20.06
111.58,86.56,58.89,37.33,33.81,25.4,20.02,16.71,13.43,13.15,15.01,17.78
92.69,77.78,54.23,35.6,25.52,20.6,15.69,16.97,19.15,18.5,19.41,19.97
48.14,51.98,42.64,30.71,30.57,14.38,18.62,16.55,15.74,16.95,14.97,15.93
57.57,42.9,46.56,20.4,24.19,16.59,12.78,13.48,13.75,18.19,18.23,16.23
55.11,43.66,36.17,22.03,21.12,18.12,16.32,16.46,16.47,17.22,11.91,13.26
43.93,36.04,26.73,17.03,20.68,16.59,16.17,13.67,13.06,15.05,14.97,16.02
36.13,25.76,6.08,14.16,12.67,13.88,11.69,12.87,15.76,11.53,11.4,13.28
34.92,20.62,3.47,15.4,16.09,19.92,12.36,11.96,20.58,24.96,30.96,40.82
23.98,9.99,12.55,16.03,15.81,15.29,12.88,20.93,33.17,39.79,77.46,240.56
20.33,13.01,19.98,11.42,16.69,12.74,13.78,30.47,36.44,51.96,126.9,222.37
21.9,11.36,7.79,11.47,11.15,8.77,24.88,32.63,82.19,303.96,280.61,177.35
20.91,15.26,7.52,10.22,10.03,14.51,34.54,68.07,239.09,322.29,217.41,172.8
18.77,8.43,12.11,18.09,26.35,38.58,76.76,194.85,212.9,159.98,140.09,126.43
16.85,9.54,12.4,19.51,26.52,42.78,92.57,234.79,219.48,160.75,142.34,129.44
17.98,9.56,19.14,27.62,45.58,96.54,227.32,218.52,168.51,150.74,137.56,125.09
23.17,35.9,71.48,171.51,179.18,156.07,150.44,137.34,105.89,74.92,47.41,31.52
61.45,112.12,180.57,165.14,146.41,147.88,146.07,130.74,100.41,71.8,48.34,38.15
47.77,82.88,145.53,182.57,159.36,145.85,131.22,117.46,94.03,69.58,47.38,33.35
71.76,95.11,160.17,163.99,144.46,143.79,136.46,123.77,99.0,74.26,51.57,35.35
116.01,175.37,155.81,137.47,135.32,121.69,95.59,60.05,46.62,41.47,39.77,39.03
133.73,160.54,157.75,134.65,110.66,87.94,58.49,43.0,35.85,33.72,32.81,32.07
135.51,163.12,179.29,163.79,132.19,104.16,74.9,52.32,46.7,46.13,46.53,46.37
156.43,186.14,171.56,147.78,108.73,75.07,52.13,43.92,41.5,41.24,40.62,40.4
182.0,210.32,192.98,167.73,132.8,100.93,66.26,54.3,49.11,45.37,43.9,42.59
197.29,194.18,162.51,131.18,98.47,65.86,47.95,35.25,31.03,28.53,27.0,30.72
184.14,171.08,126.02,101.28,76.22,58.4,48.47,41.96,39.31,39.72,39.14,36.41
126.09,110.41,92.58,79.9,64.98,52.96,44.34,38.11,35.21,33.76,34.24,34.74
110.41,86.85,72.7,69.22,63.6,48.46,41.36,37.73,36.84,36.59,33.97,30.1
79.24,65.31,39.55,36.92,40.41,29.26,26.39,19.71,18.2,23.64,23.98,22.26
58.14,49.65,34.57,32.68,27.09,20.33,21.38,19.84,18.88,14.8,20.17,21.19
37.14,36.23,21.31,27.34,25.21,24.08,22.81,23.11,21.35,18.92,22.16,27.67
37.57,33.27,18.95,23.98,23.12,25.02,19.61,19.56,23.49,28.88,29.37,32.52
28.78,18.27,17.5,15.63,24.6,19.16,16.37,30.04,42.03,63.57,203.56,371.6
39.15,31.16,16.09,24.74,23.01,18.83,25.42,41.14,61.52,129.54,243.09,253.91
27.9,14.21,12.43,16.43,20.69,28.19,53.64,84.29,200.23,185.46,139.1,128.11
27.09,15.81,13.17,13.81,20.87,41.84,77.4,260.21,337.59,236.02,174.09,158.73
27.15,20.9,13.51,18.56,30.02,57.41,116.81,295.59,225.25,164.13,138.6,127.23
23.57,18.29,23.83,24.85,52.98,127.85,334.46,277.93,210.67,185.32,167.87,155.95
39.13,31.83,33.91,52.39,128.48,240.96,220.59,182.87,171.61,160.55,151.12,148.91
48.92,40.74,63.01,179.14,304.85,269.91,207.94,184.56,184.34,181.16,175.14,164.73
61.39,68.19,135.13,268.26,277.68,243.11,215.41,197.46,193.14,180.58,161.93,147.17
49.07,125.59,271.33,277.42,238.17,215.72,193.33,177.79,171.01,157.19,140.44,128.08
132.09,215.22,237.11,193.02,189.09,181.31,167.64,156.83,141.84,119.87,87.94,55.82
144.84,209.4,184.65,180.17,178.88,175.64,160.43,144.41,128.27,100.5,72.38,60.49
176.94,222.77,183.68,175.03,156.11,142.56,119.39,88.57,55.16,43.6,38.97,37.77
163.5,194.69,182.21,167.17,146.64,127.42,104.92,73.82,56.84,51.97,48.24,46.4
162.74,184.68,187.56,171.2,141.1,112.24,76.95,56.49,51.28,47.01,44.95,44.24
188.78,194.94,175.89,151.76,122.62,92.5,62.26,51.91,42.57,35.92,33.28,31.9
171.52,176.29,142.86,113.22,85.2,64.79,54.87,47.55,41.63,38.19,34.03,31.16
155.45,156.56,126.99,93.97,68.12,56.04,46.92,39.96,36.16,34.55,32.63,30.25
122.02,115.58,106.49,80.5,56.59,47.7,45.37,39.61,30.52,27.98,30.97,31.73
119.94,112.56,73.39,63.95,59.05,46.64,41.73,38.22,36.28,35.64,34.78,32.6
86.83,60.39,37.22,42.9,41.81,39.63,29.36,20.43,20.94,19.23,18.66,21.67
75.29,53.39,37.65,36.88,32.96,25.38,29.49,27.99,17.94,18.08,26.84,29.34
61.84,42.92,32.74,32.79,26.15,20.19,26.35,20.2,21.37,22.48,20.11,23.86
38.19,30.61,24.91,23.94,26.39,25.19,21.17,24.98,28.4,34.74,34.3,39.97
45.25,30.86,16.56,23.53,21.18,19.33,22.41,24.31,35.48,46.13,55.7,77.94
52.27,29.79,19.51,19.53,22.42,15.33,19.7,34.48,43.0,53.92,69.4,98.25
34.68,19.88,12.15,17.61,17.12,25.74,34.73,50.26,78.77,108.48,139.61,144.97
24.19,12.71,16.22,17.25,28.99,36.12,52.63,77.42,92.31,111.88,128.72,135.9
40.85,27.73,20.21,27.39,40.05,70.41,141.29,270.79,237.73,189.32,182.24,185.59
34.44,29.49,24.05,32.88,53.14,90.97,164.88,202.71,175.4,159.62,163.62,170.09
44.28,31.74,27.52,43.83,84.62,160.64,205.19,178.15,159.48,156.45,154.47,146.47
33.1,35.83,39.35,66.92,110.84,185.97,196.55,170.77,160.89,165.13,166.67,155.91
61.14,61.19,89.07,140.36,164.59,177.99,169.94,163.5,162.22,160.01,156.98,151.07
49.23,53.42,68.86,113.66,173.07,206.55,193.06,190.16,194.98,191.34,185.58,180.61
60.11,118.22,202.07,202.16,163.04,159.91,151.38,142.65,131.98,116.81,99.07,78.51
128.97,185.62,185.39,176.78,153.64,139.32,123.88,107.09,73.62,49.07,40.0,37.58
147.91,196.66,180.07,170.25,150.99,137.25,116.66,86.0,53.6,42.41,38.01,36.76
149.21,177.91,181.73,170.01,150.23,137.27,118.57,96.97,70.59,58.31,54.75,51.86
155.95,173.06,168.57,158.72,140.31,125.78,106.73,80.3,59.89,54.2,50.57,48.46
178.1,207.93,202.79,192.14,171.92,137.54,105.71,70.94,57.68,55.43,52.87,50.77
185.52,204.18,188.23,174.49,145.26,116.39,82.02,58.3,53.46,49.98,47.67,46.74
257.66,294.5,223.12,194.04,147.84,109.18,74.33,57.11,53.39,50.85,49.59,49.04
279.51,326.67,277.31,218.37,149.33,102.35,66.58,54.42,49.96,47.23,46.34,45.81
265.23,286.7,171.07,126.02,92.25,65.01,53.76,48.17,45.98,44.54,40.62,36.68
125.5,113.0,56.12,44.53,43.46,32.32,29.96,26.93,24.48,22.94,21.96,22.81
75.38,59.46,48.9,37.4,34.76,24.43,25.85,17.11,18.13,19.02,18.0,18.91
61.58,53.14,35.75,25.07,27.4,20.34,22.99,23.06,20.51,21.34,25.16,29.99
54.06,30.36,23.49,21.91,25.09,20.06,23.11,26.79,40.02,51.89,60.73,70.27
41.4,31.74,17.86,24.07,21.07,16.84,19.17,21.64,30.8,41.28,54.42,72.02
55.36,41.75,23.4,23.91,21.34,14.92,18.86,21.47,25.6,35.74,45.85,55.5
35.14,15.55,10.86,8.68,9.59,12.78,13.55,25.9,46.98,69.69,98.34,119.15
17.83,4.58,14.8,5.78,14.78,20.19,38.48,61.79,95.45,115.7,124.61,129.19
26.71,8.0,12.58,10.43,16.93,29.88,53.88,90.47,113.98,129.44,131.42,130.65
21.21,7.25,18.69,16.79,28.61,39.23,62.32,92.4,131.2,157.23,160.29,154.37
24.17,18.01,25.62,22.67,31.76,53.58,87.75,122.73,158.25,163.99,164.89,160.56
22.6,19.48,25.86,27.89,50.89,105.58,174.25,184.19,161.7,154.99,157.63,153.92
47.45,50.08,51.28,79.63,128.5,150.64,147.46,140.32,130.01,118.25,107.39,88.13
43.45,51.6,55.35,83.9,135.62,159.78,164.57,164.07,161.18,156.1,153.66,151.94
79.18,89.94,128.37,155.39,145.83,152.5,156.41,146.55,130.18,115.93,89.76,59.26
95.43,123.13,144.43,150.49,147.64,151.18,145.49,127.64,106.66,70.7,45.58,37.28
144.06,188.87,190.26,186.27,172.73,169.34,160.12,141.55,115.97,83.53,53.91,46.28
183.81,191.7,213.73,208.27,206.6,197.03,170.14,135.18,94.13,58.89,43.44,40.79
184.75,203.45,194.4,185.08,166.04,131.75,99.64,65.91,56.76,54.4,51.59,49.83
194.75,218.17,197.71,178.09,145.68,114.01,79.21,57.62,52.83,48.93,46.75,45.91
227.26,254.74,186.82,159.15,123.15,90.45,61.56,53.81,49.83,48.07,47.12,44.23
163.63,175.69,153.36,127.55,98.17,70.19,53.96,46.36,42.39,40.89,37.98,34.35
155.37,154.18,126.15,107.06,82.96,62.66,50.83,42.67,38.93,34.87,31.78,29.51
130.34,107.65,71.87,66.12,57.64,47.55,42.4,37.78,37.3,38.25,36.9,34.19
102.39,86.94,49.39,45.17,45.78,44.83,35.9,19.79,20.3,21.57,25.45,28.44
94.57,51.61,27.59,31.96,32.04,42.8,48.78,42.58,40.82,46.96,54.28,61.68
68.37,42.96,34.28,25.14,29.01,21.46,22.52,21.35,19.67,17.83,20.84,24.34
42.94,34.88,22.51,25.71,24.85,24.18,21.37,25.13,24.5,23.7,25.87,34.1
47.2,34.04,19.38,19.14,21.14,17.14,17.14,22.04,30.36,37.52,48.38,61.58
53.17,38.63,20.81,20.79,21.01,12.86,14.07,16.61,24.93,32.26,40.77,44.2
36.99,16.19,11.57,9.47,14.62,15.53,20.49,32.82,48.81,60.45,92.79,128.04
14.16,4.62,14.88,6.46,15.63,25.17,40.01,56.59,79.58,99.6,118.91,119.92
32.79,7.31,12.94,20.81,33.4,53.42,77.07,102.96,129.38,134.73,136.93,132.55
18.51,5.73,23.11,30.32,46.14,74.66,117.85,151.39,155.25,153.73,149.64,137.0
39.49,30.8,38.51,73.51,135.04,144.83,150.53,148.18,139.81,128.5,116.89,106.68
37.8,45.6,74.38,115.16,144.23,157.03,158.82,151.16,139.69,124.98,107.86,89.91
77.58,74.64,111.17,132.37,142.3,145.74,135.8,126.05,115.67,103.3,88.37,69.27
69.41,125.44,175.79,155.91,149.75,145.36,129.49,120.35,109.53,95.52,77.94,56.61
101.37,136.4,163.8,144.62,147.04,133.78,119.57,108.49,95.6,79.16,57.4,37.53
120.65,162.37,162.4,142.63,116.69,96.29,73.3,47.54,34.12,30.92,29.5,28.01
129.48,163.96,162.37,140.83,117.02,93.34,62.7,43.08,35.09,33.61,32.86,31.9
121.23,141.18,146.01,118.45,98.4,76.83,52.29,36.14,31.23,30.42,29.15,27.16
123.77,152.0,129.06,106.52,92.25,72.02,45.16,33.57,32.19,30.49,26.04,22.12
116.75,135.86,127.47,95.86,79.04,58.48,41.86,32.21,28.52,27.01,25.93,25.15
117.12,125.53,103.16,75.1,60.38,46.14,33.58,29.0,25.94,24.9,24.25,23.03
107.93,97.81,76.72,57.2,52.93,39.07,28.99,31.03,31.34,25.35,22.95,24.52
88.76,67.86,71.66,57.95,49.9,39.13,28.69,29.53,28.38,22.67,17.26,17.28
71.65,54.77,44.75,31.53,31.94,19.98,16.86,18.18,20.09,21.44,18.45,13.84
60.26,48.26,36.46,26.72,26.64,20.31,15.5,13.3,19.29,18.72,14.54,13.57
63.99,40.98,34.34,22.65,21.46,12.68,13.73,16.59,10.71,14.08,15.06,11.93
61.77,40.8,30.44,27.0,19.43,15.25,13.23,9.81,13.23,14.17,13.63,11.48
58.53,41.39,24.61,28.86,22.1,19.01,17.99,15.91,16.22,14.04,16.33,15.7
62.37,36.44,28.61,21.27,21.01,17.33,29.93,36.22,35.8,33.89,28.37,18.58
95.66,41.05,17.65,27.83,23.14,24.43,34.56,34.09,20.88,12.88,37.14,149.65
54.7,24.24,19.41,12.9,18.65,21.69,33.13,41.87,54.85,87.86,119.83,131.86
38.1,17.55,20.17,20.29,22.44,30.22,38.52,54.33,78.44,105.27,172.11,199.37
39.26,20.34,20.09,17.85,22.79,25.41,32.08,50.32,72.46,84.0,119.52,152.14
46.68,34.17,29.7,26.42,44.41,71.48,96.02,152.02,216.91,211.49,191.28,177.03
40.87,32.69,29.05,31.67,38.75,52.79,78.29,112.49,173.54,208.9,191.13,179.38
46.2,35.98,40.58,50.45,76.76,108.0,146.49,185.61,190.35,186.1,190.14,197.33
43.88,37.72,34.17,43.31,57.15,69.06,85.21,119.62,176.51,209.41,198.56,181.98
46.37,50.88,52.46,72.44,108.71,133.35,148.26,160.88,168.87,171.64,181.75,187.57
54.31,41.73,63.88,98.01,130.91,163.88,178.67,181.93,193.56,208.0,211.92,210.7
56.69,57.42,79.89,120.67,149.51,176.96,176.15,171.45,181.21,191.14,188.09,182.3
62.59,57.39,83.04,126.8,154.91,177.66,172.3,169.36,182.82,188.65,177.12,168.14
61.11,56.7,81.41,125.18,148.04,162.63,165.56,174.26,187.9,186.09,172.26,164.6
60.74,48.81,71.49,127.91,168.86,190.31,183.52,175.67,162.0,149.86,139.76,122.59
71.99,66.58,92.74,159.5,180.44,174.81,161.34,155.8,145.44,130.65,107.56,81.27
99.37,111.68,137.37,151.46,162.42,151.63,148.34,144.19,135.09,117.47,89.1,59.63
112.93,139.69,143.69,143.3,158.77,161.72,158.91,152.72,138.45,113.14,85.06,59.11
122.64,162.73,162.95,149.44,152.58,152.08,146.73,128.51,100.87,70.96,49.58,40.53
140.63,187.67,176.77,157.86,158.85,159.69,153.93,135.9,107.98,78.63,54.05,43.1
135.39,169.7,153.14,137.51,140.75,135.72,125.2,104.22,76.04,50.42,37.97,34.44
117.31,150.41,123.2,102.49,88.84,74.71,56.11,42.32,36.39,34.85,33.67,32.45
88.56,77.34,53.6,30.12,21.8,15.49,14.65,13.66,13.3,13.16,13.19,14.47
78.92,44.03,30.27,28.89,25.16,16.0,11.79,13.84,12.0,12.3,12.42,13.06
46.43,41.45,24.38,26.17,23.41,14.48,15.87,17.46,19.26,19.1,16.45,17.36
36.99,33.97,17.55,19.7,14.19,12.57,7.43,6.99,7.28,8.66,14.2,15.41
12.14,3.63,15.69,4.42,8.76,7.57,13.93,8.56,20.05,25.84,25.68,30.74
12.92,4.9,16.4,3.47,13.52,3.26,13.53,9.67,28.58,44.24,54.56,79.8
18.11,11.33,18.09,4.98,12.47,2.03,13.16,21.73,23.56,30.37,58.95,218.77
31.99,28.29,10.82,16.01,11.09,18.04,36.51,48.21,77.17,153.75,320.32,309.14
32.21,25.48,18.77,24.23,36.92,62.38,111.07,272.51,294.78,211.98,190.18,185.63
35.69,25.91,24.12,32.49,49.49,85.07,225.85,394.35,279.06,215.45,192.87,184.36
41.05,26.53,27.82,39.98,62.7,141.64,399.57,348.73,244.27,194.69,184.96,175.15
37.74,29.48,25.4,39.35,65.07,142.59,382.08,280.27,213.9,191.01,182.65,174.76
63.55,37.52,62.84,136.27,358.1,304.67,219.65,188.52,179.88,172.65,162.54,147.61
84.47,226.89,375.0,271.52,207.41,181.69,162.16,146.2,129.43,102.37,73.51,56.16
127.34,229.69,268.67,198.08,168.1,156.02,141.01,114.85,85.03,59.78,44.29,37.69
98.06,173.67,209.76,155.72,141.12,124.28,105.19,82.36,58.47,39.2,33.69,32.68
95.84,120.88,150.27,139.35,122.88,104.19,83.09,60.77,38.97,28.57,27.18,25.06
115.95,90.23,73.58,60.69,49.76,34.82,24.36,15.1,10.29,8.55,8.89,14.41
87.86,62.59,55.48,47.78,43.05,32.2,27.82,24.91,20.75,17.37,16.18,17.08
61.94,51.87,50.75,36.49,33.62,22.43,20.51,20.11,20.47,15.95,12.7,11.77
55.77,49.32,42.4,28.21,27.62,18.93,16.12,19.57,21.3,17.9,13.16,11.62
43.25,54.66,49.17,37.19,29.83,12.05,16.79,13.28,14.68,12.13,15.8,16.1
51.7,56.03,53.56,30.7,20.83,8.79,11.28,14.77,10.28,14.61,17.55,15.62
48.9,46.88,37.1,27.07,18.15,15.79,13.69,9.77,11.07,15.18,15.46,15.16
40.47,38.54,27.12,21.29,19.34,19.33,14.14,12.12,12.18,13.17,12.8,13.74
35.15,31.32,14.6,17.07,19.55,20.51,15.95,10.6,17.79,22.44,28.67,33.11
36.96,35.08,20.86,22.52,19.37,20.88,12.18,19.91,26.2,32.59,49.65,179.38
34.88,30.43,19.18,28.42,25.4,18.34,14.6,24.8,36.85,53.17,113.2,276.89
24.74,16.6,16.16,12.27,20.01,19.9,18.01,22.44,30.3,66.89,252.46,337.09
22.98,16.27,16.16,11.0,13.96,10.39,26.63,47.83,119.87,372.52,286.85,177.67
20.08,12.75,15.91,7.17,14.63,19.04,38.49,67.75,221.86,261.35,171.06,139.06
25.57,10.11,12.96,10.35,16.58,28.06,51.22,94.78,155.21,131.23,108.72,85.79
31.23,12.51,9.5,17.53,39.93,79.73,103.46,112.3,103.87,85.87,64.24,44.3
25.9,14.16,23.52,45.15,104.99,159.58,140.13,128.04,114.85,97.16,73.68,50.5
39.8,32.02,40.96,77.73,125.58,130.94,108.77,90.65,73.37,52.16,30.63,25.43
43.96,44.12,48.26,78.21,123.9,110.41,79.12,58.88,45.99,29.64,27.21,25.49
47.65,52.36,63.5,94.14,136.16,109.24,73.81,50.49,43.26,34.27,28.77,26.7
82.38,69.12,93.56,104.6,103.76,89.22,67.38,45.64,29.84,27.65,26.14,21.61
108.9,126.67,127.89,91.98,71.32,53.1,37.37,29.67,28.3,26.77,25.68,25.12
140.93,147.78,133.14,102.28,76.74,65.23,50.03,36.77,31.27,29.29,27.28,29.19
151.73,155.08,131.12,98.68,70.7,58.61,45.03,33.2,29.59,27.07,28.1,35.03
141.2,132.11,110.54,80.11,47.45,30.4,29.88,33.31,35.92,39.28,43.59,49.28
126.52,125.6,106.02,79.5,55.73,40.59,38.02,40.46,42.29,43.22,42.25,39.56
118.03,115.31,110.15,80.77,57.49,39.79,35.66,39.74,42.59,43.13,42.71,41.05
116.96,108.08,103.45,79.09,56.85,38.84,34.5,39.11,42.31,41.24,37.61,35.06
116.0,112.35,106.97,79.53,57.74,40.22,35.93,39.84,42.38,42.59,41.84,40.82
99.55,94.76,89.2,59.81,51.91,42.27,29.68,23.82,30.5,28.68,31.96,34.77
99.84,78.98,71.35,55.56,42.21,38.14,32.88,31.01,40.4,53.57,74.37,135.43
98.5,75.91,65.44,51.82,37.75,36.39,43.09,47.96,50.08,70.82,180.93,429.73
220.08,127.39,80.25,56.62,30.7,18.99,24.6,37.87,55.91,73.06,80.99,93.71
240.22,129.76,72.07,49.27,27.25,18.8,29.77,43.47,67.75,83.07,94.72,125.29
91.66,51.99,35.88,43.56,48.33,52.72,50.66,41.48,34.43,34.64,41.12,61.38
37.28,24.71,10.55,21.6,16.1,26.97,43.12,65.22,82.77,114.23,133.17,122.63
31.37,25.95,29.05,22.58,36.69,60.58,86.63,124.0,164.38,175.03,163.92,143.67
54.31,36.89,34.43,42.25,63.51,84.86,137.94,280.32,286.51,250.93,252.21,257.84
67.07,46.28,59.43,84.23,118.58,200.62,262.7,255.75,268.17,287.58,288.25,270.42
65.64,61.0,85.12,154.95,279.87,303.77,311.51,307.49,287.2,276.07,273.9,267.43
64.71,65.31,97.74,223.78,353.08,338.63,329.89,326.19,325.31,317.63,293.15,276.35
93.25,97.32,158.0,279.04,332.92,337.24,327.35,311.83,290.0,270.99,263.57,259.54
138.0,200.99,254.44,260.44,229.09,210.46,207.61,208.32,206.23,199.09,191.48,179.43
177.69,263.47,249.9,231.15,205.79,194.22,185.82,172.81,160.21,151.03,141.27,127.28
165.01,236.58,255.43,265.5,247.79,231.25,210.28,194.3,177.56,153.08,126.97,109.79
198.48,245.16,238.44,237.85,217.85,197.83,182.45,164.5,136.42,107.87,88.54,74.68
207.54,249.88,261.04,250.71,217.0,181.33,154.51,131.98,102.66,68.26,61.11,64.18
197.3,227.86,222.64,216.84,170.26,130.5,98.64,66.11,56.79,54.53,52.03,50.47
175.28,205.25,215.49,206.43,159.27,119.77,86.1,59.27,53.48,49.26,46.18,42.53
173.6,182.68,185.01,180.87,142.19,109.85,71.18,49.76,38.54,35.09,33.48,31.44
161.47,153.04,125.68,113.2,87.22,63.79,53.0,45.17,40.68,37.84,33.83,31.4
135.82,103.2,66.22,58.74,51.85,39.77,30.01,25.32,22.9,23.25,25.78,27.43
118.64,89.83,47.12,49.58,58.42,54.6,43.35,33.42,26.18,26.44,30.8,30.94
117.32,78.42,43.67,43.43,53.21,61.66,52.96,40.26,31.38,29.6,32.46,42.3
96.8,71.74,44.28,43.86,33.51,43.45,44.39,36.5,38.09,42.54,45.88,62.8
85.51,59.29,39.45,37.34,22.41,32.49,44.93,49.06,53.99,64.14,85.41,129.35
73.07,48.27,33.12,30.43,22.33,28.67,43.83,48.47,47.12,45.01,46.06,59.09
55.66,38.66,26.1,22.72,25.86,16.66,23.76,27.55,41.52,53.72,74.74,122.62
65.43,36.25,24.18,21.68,17.67,20.38,35.44,44.72,56.88,72.01,102.24,131.18
60.17,27.89,16.3,17.08,23.24,33.5,34.38,60.16,177.97,447.83,380.83,311.4
40.23,23.22,13.36,20.73,28.65,52.08,74.26,138.08,210.35,205.79,175.51,166.62
44.8,28.67,13.62,23.44,31.88,55.11,83.51,130.42,180.27,181.94,159.7,146.22
41.08,27.21,23.96,22.39,39.39,61.6,85.73,127.3,161.8,157.1,137.72,108.86
44.85,34.93,40.75,55.84,108.38,144.89,137.62,141.61,146.29,142.66,128.87,101.89
44.07,33.16,38.32,51.56,103.13,160.8,146.67,139.52,150.07,152.25,139.79,119.19
50.81,52.84,62.72,94.99,134.67,139.84,147.16,155.24,151.99,142.73,133.11,115.57
52.5,55.84,77.42,120.9,139.21,149.31,157.48,163.35,174.57,179.57,178.17,169.45
84.2,75.99,113.94,151.55,153.69,157.59,163.09,169.18,173.46,174.2,161.06,130.23
104.63,116.49,141.78,162.55,160.56,162.35,169.97,176.81,176.63,161.42,130.43,100.48
141.2,190.66,189.97,187.9,175.9,175.69,175.96,173.69,158.87,126.97,97.07,74.3
122.98,146.63,177.85,184.26,174.54,171.66,168.15,159.85,144.96,120.56,90.33,62.48
125.01,165.81,179.65,183.51,173.32,171.09,165.01,148.18,123.03,92.28,59.19,49.21
182.05,206.4,208.85,206.38,205.43,190.95,159.96,127.2,89.7,55.66,45.94,44.14
167.4,187.0,182.65,178.97,161.47,130.64,98.73,65.14,56.72,54.58,51.96,50.19
181.49,196.74,157.46,133.7,104.28,75.74,56.71,49.72,45.28,43.51,42.7,40.15
139.3,129.63,108.99,96.34,77.95,57.97,43.36,32.11,28.65,26.55,26.22,30.49
156.21,146.51,101.34,87.65,74.89,57.92,49.41,43.7,39.53,35.11,31.91,29.03
130.48,119.18,68.65,65.79,63.52,47.39,34.36,28.02,25.02,29.49,30.61,28.01
103.52,76.63,63.14,50.48,45.95,48.1,49.82,48.47,56.91,83.23,202.93,330.69
65.21,58.96,69.4,70.78,61.75,48.21,46.94,49.57,55.47,70.65,125.79,321.84
58.25,57.62,61.2,60.86,58.13,50.71,52.0,60.26,64.0,61.74,70.48,95.84
65.37,39.75,32.48,35.07,32.25,29.04,37.61,51.2,68.81,95.79,183.34,330.45
53.85,39.42,22.97,26.36,25.93,20.87,28.28,37.02,48.98,59.78,74.41,122.67
45.3,34.34,27.84,36.48,45.87,48.25,47.43,50.09,65.86,85.64,114.48,135.09
40.06,31.28,22.08,25.0,37.0,45.55,37.24,40.49,62.8,95.64,166.27,221.71
45.97,32.35,31.26,39.86,58.18,62.13,48.56,42.97,47.38,50.25,43.61,35.31
39.83,37.71,34.62,42.38,57.19,61.52,55.17,62.96,88.7,124.42,154.14,164.75
67.74,55.92,74.59,126.75,161.54,173.23,174.72,172.06,168.47,161.11,149.47,132.99
42.99,48.13,51.14,71.78,104.61,156.43,171.87,162.01,159.74,158.9,148.82,130.08
54.37,60.1,77.97,124.05,149.53,163.36,157.99,167.49,188.18,185.99,168.37,152.89
68.35,63.68,86.24,135.16,158.79,174.43,174.68,174.2,177.3,178.13,171.04,162.54
73.47,67.35,99.87,146.04,149.25,155.87,158.26,151.92,147.09,150.68,147.14,126.17
107.78,126.81,151.06,169.07,160.82,157.2,155.47,148.1,139.64,132.06,106.44,67.64
163.83,184.22,200.97,201.83,194.96,192.3,173.47,146.41,111.77,69.78,51.2,45.37
152.36,165.51,189.65,199.58,197.51,185.35,157.07,127.27,94.73,63.04,58.26,58.5
165.28,185.98,170.41,168.41,146.5,123.58,103.51,72.92,60.12,57.91,55.64,53.14
167.59,194.38,191.86,183.64,166.0,133.04,100.9,64.99,51.96,44.17,41.36,40.7
193.21,201.86,183.71,165.55,139.54,110.99,74.15,52.22,41.78,38.24,37.08,35.84
210.8,204.33,173.35,148.77,119.3,87.25,60.53,50.28,40.13,35.84,33.89,32.5
149.12,150.27,93.65,81.38,75.3,66.17,55.05,45.31,39.68,36.12,30.6,25.93
150.83,144.73,112.69,94.08,77.21,61.11,49.49,41.9,38.3,34.19,31.31,28.52
166.22,158.55,79.35,69.77,73.13,61.2,42.52,29.73,24.52,26.12,29.26,27.37
83.03,46.15,41.33,37.43,32.09,33.75,33.68,30.76,25.32,21.91,23.14,28.34
45.49,28.49,13.49,21.46,22.48,20.02,27.63,28.38,22.93,21.08,25.53,35.32
20.0,11.37,19.24,14.2,17.4,18.59,19.26,32.97,43.59,51.05,60.34,70.58
27.69,21.08,23.63,18.73,19.19,16.51,28.7,38.88,55.26,112.15,180.39,185.98
34.31,21.0,14.37,19.97,14.89,11.96,17.79,28.92,34.35,55.71,116.32,191.6
25.74,8.03,11.06,6.49,9.18,12.7,24.58,28.26,33.12,47.51,61.73,66.85
30.02,9.75,11.55,8.48,9.77,13.54,24.27,32.35,38.4,38.19,38.06,40.49
32.31,10.53,11.46,9.28,11.45,19.28,30.76,38.82,48.66,59.78,61.68,64.8
24.02,8.89,13.36,9.76,20.84,34.27,56.41,92.04,108.65,117.75,108.96,100.52
12.71,4.73,17.94,11.49,25.26,34.22,59.71,94.94,100.09,95.43,87.14,79.24
16.89,14.28,28.11,30.41,66.3,106.88,107.53,83.7,63.94,55.08,51.95,46.8
20.66,27.71,43.9,51.19,74.47,76.8,64.46,48.07,40.73,30.63,30.52,31.15
35.81,67.93,114.54,130.62,92.68,64.92,55.79,47.87,37.08,29.03,29.23,30.7
24.2,40.92,52.26,58.47,70.19,59.62,46.6,35.44,27.58,28.75,28.41,28.98
29.14,51.42,67.81,74.06,74.6,55.55,41.32,30.75,27.9,28.52,28.31,28.07
60.15,63.69,82.28,63.64,47.65,40.22,31.91,26.93,28.55,28.1,27.43,28.11
41.39,59.19,64.08,44.42,37.85,30.96,26.15,27.27,27.58,26.56,25.58,24.87
49.57,63.29,70.0,36.22,28.37,24.71,22.3,25.48,25.0,24.23,23.32,23.4
50.8,65.36,75.0,30.92,21.28,22.62,16.51,19.99,20.87,20.35,20.57,20.38
63.79,52.85,54.34,18.94,23.41,19.68,14.61,17.08,16.45,16.42,17.63,14.51
65.33,52.47,46.92,18.56,22.65,17.88,11.53,11.04,11.58,15.5,18.88,17.49
60.66,41.88,26.99,23.97,19.77,18.22,13.57,10.19,10.96,12.9,17.54,12.25
47.89,23.73,17.08,19.99,17.33,16.82,14.31,12.44,14.52,12.47,11.25,13.01
56.31,33.33,18.05,22.22,14.69,20.18,16.95,17.26,11.89,11.08,11.14,12.53
93.24,34.55,10.38,20.99,19.33,9.3,12.67,18.65,23.38,19.83,14.6,11.38
87.47,45.05,30.34,18.68,19.02,11.21,9.29,12.08,18.88,17.0,16.57,12.74
79.07,41.17,33.82,23.83,19.82,23.9,23.86,13.28,7.26,8.64,63.43,306.4
50.43,27.88,10.39,15.71,23.4,17.26,28.42,23.51,19.86,15.07,12.4,13.7
61.88,40.69,25.98,27.51,26.04,18.4,24.84,23.87,11.26,7.03,14.92,78.62
35.23,17.24,13.29,11.31,15.33,17.78,20.35,30.45,43.83,52.5,67.52,74.77
16.8,2.11,14.52,8.09,12.88,14.16,22.31,27.94,47.15,75.55,91.66,116.13
34.97,14.19,19.27,16.9,18.46,22.57,27.68,34.43,45.96,57.02,60.74,66.12
33.29,15.88,24.15,14.44,24.69,17.64,20.2,27.95,30.06,21.12,27.45,33.65
38.11,16.12,19.55,14.51,22.18,19.54,28.93,32.46,28.13,31.97,34.34,37.18
29.0,24.56,22.36,29.75,49.39,78.46,137.76,197.53,175.35,149.74,132.4,122.61
58.44,31.28,28.99,41.59,72.48,119.52,242.6,238.8,190.81,169.32,145.11,118.06
36.11,28.44,25.15,39.78,67.37,122.29,295.52,266.38,205.02,182.47,163.28,141.88
40.53,32.39,27.02,40.8,70.56,123.01,274.9,269.51,206.04,183.76,168.34,147.99
30.26,30.25,24.63,34.37,58.5,98.9,182.27,230.63,189.7,164.36,142.75,129.35
50.52,34.74,30.18,45.98,82.71,149.54,299.31,263.95,205.49,186.84,170.83,150.7
53.37,35.17,32.0,50.4,89.57,165.5,297.28,250.97,196.99,175.66,155.91,139.91
84.1,74.81,101.63,138.43,154.09,165.61,177.13,183.63,165.75,137.39,110.62,82.65
93.93,119.43,142.43,147.33,143.21,143.88,138.17,131.82,115.4,86.19,57.55,44.8
118.12,177.95,165.96,156.92,137.21,126.32,112.96,82.15,52.78,41.12,36.33,34.25
166.4,248.5,218.49,181.08,170.25,163.18,143.69,111.69,72.5,46.98,39.7,36.57
144.75,219.62,180.23,144.9,126.99,106.28,81.54,53.25,39.38,34.83,33.19,32.03
169.03,220.24,185.02,150.03,146.69,144.99,135.22,106.62,78.31,51.26,37.41,34.62
132.78,145.42,126.34,112.66,111.38,111.12,94.78,70.36,41.56,29.46,27.65,25.84
93.87,73.7,51.22,41.64,31.7,29.49,25.78,21.97,17.75,12.85,12.36,13.9
89.8,43.66,10.81,23.14,24.76,12.44,20.38,16.51,22.04,21.79,17.02,12.61
80.57,35.09,23.92,25.18,21.11,8.81,9.58,14.48,20.43,15.86,13.37,14.62
43.0,36.19,21.43,22.15,18.63,8.41,8.86,7.41,16.85,12.83,13.88,15.09
67.72,35.61,29.39,21.45,18.9,6.42,10.24,13.45,9.21,8.06,9.78,59.74
59.05,43.78,33.31,28.99,31.38,38.22,62.24,170.97,443.06,318.76,198.37,167.75
23.61,21.46,25.94,18.73,30.31,44.9,56.7,60.82,74.88,87.27,90.62,84.5
24.43,22.85,22.0,20.73,33.0,48.12,62.64,90.41,137.03,175.75,157.21,134.83
29.11,28.27,26.67,31.72,49.03,71.62,99.52,153.09,181.81,161.41,137.47,121.91
36.27,30.87,24.09,33.43,50.35,103.76,326.61,361.51,229.09,183.06,169.66,150.78
75.68,69.63,163.03,310.91,238.3,182.04,154.01,127.67,103.13,77.32,55.3,42.21
116.83,316.17,373.14,238.46,188.43,163.27,138.73,113.98,82.84,58.22,43.66,37.29
119.77,275.22,329.94,220.4,181.68,161.66,140.05,115.81,84.35,58.65,43.08,36.67
80.33,139.76,177.18,150.95,138.85,121.38,99.6,80.14,60.73,38.86,28.38,25.6
96.78,203.47,240.36,163.13,161.26,166.11,161.5,141.55,113.07,81.52,54.81,40.13
76.37,123.73,163.99,136.85,131.94,129.24,112.29,91.51,69.16,45.94,28.97,24.55
120.76,186.81,173.97,145.24,147.71,138.47,118.07,93.09,69.05,47.29,34.5,31.32
81.88,71.49,89.96,97.23,90.02,75.41,59.73,38.41,21.52,20.38,22.59,23.21
78.06,65.23,65.34,69.78,79.65,65.18,49.73,40.26,28.91,23.32,20.06,18.7
77.82,75.3,94.07,88.7,67.46,54.68,44.72,35.06,23.73,19.56,18.17,17.54
94.68,65.87,50.94,35.51,30.88,28.19,27.24,24.05,20.15,18.01,16.43,18.79
38.66,51.27,52.11,39.82,35.43,29.46,24.31,18.97,14.84,11.22,10.51,13.68
29.43,33.41,28.9,23.5,28.18,19.79,18.75,13.47,13.49,11.74,12.86,14.93
45.06,48.24,46.75,32.76,25.63,18.37,17.68,15.35,13.39,13.54,16.48,16.86
41.75,47.8,35.44,23.59,22.34,20.93,18.23,14.38,13.11,15.89,19.69,19.22
41.02,51.14,33.9,19.71,23.38,17.89,17.71,15.49,10.68,11.79,15.98,19.68
33.77,41.82,29.21,24.75,24.69,20.12,17.33,13.2,11.62,17.16,22.97,25.05
32.96,40.29,27.76,24.64,23.01,21.51,18.34,13.23,10.34,11.8,13.8,19.14
37.22,37.05,20.46,20.68,16.89,20.5,10.31,18.67,26.27,33.46,52.46,189.02
23.55,7.62,5.91,11.27,12.87,13.84,17.76,28.96,30.58,51.02,84.45,94.71
19.91,9.76,16.82,4.06,17.14,9.36,23.84,47.09,72.88,153.35,168.09,138.95
21.54,11.85,16.26,9.72,21.7,35.23,53.81,104.31,152.6,136.71,119.38,95.22
18.9,9.79,12.58,12.83,26.25,48.33,105.46,169.14,164.84,144.35,121.92,95.6
24.72,12.4,16.55,40.19,89.27,127.85,134.84,128.08,110.26,90.4,65.8,39.59
26.26,44.79,64.68,98.95,105.87,88.31,74.13,62.84,52.19,37.78,28.83,26.41
53.07,89.2,150.86,196.55,182.28,150.55,143.14,129.55,104.96,81.18,62.42,49.87
63.16,86.02,144.57,188.36,167.73,144.49,134.95,117.04,91.79,69.04,49.94,38.99
65.13,105.43,150.76,166.73,135.41,123.82,120.69,103.35,81.44,62.52,44.98,35.39
110.5,153.62,152.88,132.83,120.9,100.84,69.54,47.81,39.22,37.06,36.36,35.67
135.12,182.14,182.73,151.4,119.05,91.55,61.6,44.8,36.51,33.97,32.99,32.23
140.32,174.46,174.93,147.28,121.33,97.28,66.22,53.43,47.25,43.97,42.79,41.37
144.54,169.67,144.94,118.65,96.64,73.97,54.83,46.06,41.57,40.15,37.84,33.91
117.87,123.01,110.91,85.01,66.75,57.27,49.73,46.11,40.07,33.79,30.85,28.64
113.13,91.29,77.28,66.11,55.95,44.17,39.1,33.74,33.0,34.86,32.72,30.44
110.84,85.67,67.07,58.74,49.5,35.68,31.02,30.82,30.0,27.74,27.79,32.28
117.85,105.97,77.77,70.4,56.36,43.46,41.11,39.47,38.83,37.32,34.02,31.53
119.1,109.81,89.73,76.79,55.89,41.31,39.46,39.54,37.95,35.63,33.48,31.19
80.97,82.14,74.76,48.62,44.86,37.49,33.75,27.39,20.28,19.97,23.26,25.75
51.82,48.92,40.58,37.27,33.45,23.46,23.36,21.13,20.47,16.29,17.65,23.52
43.57,50.14,55.54,47.4,35.57,20.56,23.24,22.21,21.19,21.53,25.3,29.34
37.63,37.75,32.14,27.63,28.42,26.77,21.45,28.07,32.19,35.18,39.38,47.97
38.58,31.14,22.04,23.43,21.27,18.18,18.86,36.23,56.85,90.64,201.39,250.15
39.2,27.93,16.43,23.58,23.41,18.9,23.12,36.94,55.67,106.56,248.42,262.1
27.44,14.35,13.69,17.68,23.0,27.98,49.75,76.7,177.13,190.26,159.47,149.73
23.63,13.95,13.44,14.62,25.29,46.0,80.02,215.45,228.05,172.79,161.02,156.03
22.03,13.6,16.34,17.84,33.16,54.95,107.64,266.91,218.37,172.13,163.01,156.41
21.12,15.5,22.38,21.95,44.77,91.08,210.36,210.67,175.16,165.9,161.73,153.47
36.35,39.06,34.3,57.2,132.68,252.69,211.97,174.43,168.38,163.26,161.3,155.18
36.91,82.2,144.63,199.89,172.76,152.27,150.85,160.66,152.06,132.96,114.43,94.56
73.33,122.74,192.22,211.13,170.05,156.33,156.71,151.7,135.3,114.55,90.05,73.05
73.79,140.51,219.92,196.04,163.42,151.8,150.15,140.31,120.27,92.22,68.66,54.72
113.54,181.02,215.95,166.45,152.05,140.91,131.93,112.92,86.26,60.12,44.66,37.28
137.2,178.49,165.69,148.15,133.57,120.3,97.46,62.54,41.61,33.78,31.4,30.01
135.76,170.82,174.05,155.0,128.24,103.88,77.87,52.5,39.55,33.96,32.5,31.61
149.02,155.79,152.91,132.89,107.7,80.79,57.39,46.07,36.39,32.56,30.85,29.65
144.58,161.7,140.51,112.98,88.53,67.36,53.52,45.32,41.49,39.86,36.46,33.13
174.8,165.58,130.29,95.56,66.13,53.37,39.51,29.51,25.79,26.97,30.02,37.07
159.16,151.91,118.78,84.54,55.87,46.91,45.42,42.0,39.53,39.53,41.06,41.97
127.46,111.48,97.81,76.45,52.93,41.22,38.28,34.83,34.1,33.67,31.32,29.73
133.27,127.34,108.55,79.37,47.22,28.96,25.57,29.11,31.61,32.91,35.14,36.55
125.79,119.75,92.38,74.58,55.51,40.16,37.35,39.83,41.18,41.11,39.73,37.35
127.13,120.31,108.51,79.62,48.3,29.17,24.63,29.44,32.73,33.86,35.6,39.17
110.59,86.56,53.87,49.25,48.05,39.0,23.82,19.29,23.97,27.81,34.89,40.86
68.04,44.11,49.07,50.63,45.22,36.26,33.08,28.28,28.17,32.08,36.27,41.79
42.02,35.25,35.89,32.99,32.84,27.81,22.88,29.05,35.46,45.59,56.1,87.3
38.01,33.56,25.01,24.88,25.51,23.37,25.77,38.13,58.54,75.05,96.14,164.41
39.04,31.54,18.51,22.84,21.91,17.61,25.4,44.94,71.65,161.95,233.2,215.3
30.27,17.83,14.27,17.17,22.78,31.98,55.4,85.64,157.66,172.26,161.44,153.55
20.44,12.56,18.23,17.44,32.65,49.02,77.47,116.68,150.66,155.78,154.56,145.01
27.16,16.7,22.8,22.65,42.52,73.48,131.22,168.98,163.99,160.46,152.88,138.45
22.6,23.05,31.06,32.33,54.24,91.54,173.87,198.85,170.94,161.64,160.59,152.75
32.84,43.36,47.25,78.01,135.62,202.31,189.33,169.8,162.48,163.09,162.15,154.82
41.82,76.8,118.3,167.71,165.83,170.47,173.53,175.89,169.57,159.47,148.09,137.49
59.82,119.26,174.18,173.11,155.26,162.7,166.91,166.55,155.94,139.76,123.74,104.54
55.81,126.05,190.95,170.36,148.84,152.13,152.58,147.42,130.93,110.58,89.07,69.85
91.2,160.38,201.72,158.94,154.26,152.64,142.15,126.9,109.11,89.58,67.0,47.88
132.75,178.13,169.53,158.91,137.01,127.32,116.12,89.45,57.03,41.83,36.76,36.21
133.6,161.73,169.23,151.43,122.71,97.97,72.27,48.49,36.81,33.64,32.64,31.83
131.58,138.6,157.94,142.78,118.87,93.37,67.14,45.87,34.69,33.43,36.91,39.92
137.24,144.93,151.21,128.98,108.36,90.67,67.06,52.14,44.3,41.11,39.8,36.62
144.18,152.66,139.16,116.31,92.15,68.83,53.15,44.45,39.49,34.77,31.85,29.56
134.25,134.03,118.6,91.5,70.67,57.35,47.11,43.01,41.69,39.56,34.57,31.01
119.53,98.43,83.31,71.54,60.77,47.9,42.55,37.24,35.84,37.31,37.9,35.08
247.61,151.15,109.09,72.2,42.03,27.31,24.44,25.14,28.85,28.38,34.59,45.16
137.13,139.67,83.69,60.65,61.53,48.93,32.73,25.99,25.89,25.8,25.22,24.88
105.37,82.36,60.14,51.76,45.72,42.25,31.83,20.91,27.05,29.74,32.97,35.63
81.03,60.66,34.36,32.27,31.2,24.47,29.36,25.12,16.93,25.12,28.12,28.11
86.16,47.31,34.76,28.77,23.82,26.54,34.65,37.11,37.74,54.22,151.87,398.17
42.88,30.03,19.38,23.47,25.21,22.97,23.78,27.09,37.64,51.63,56.84,67.14
40.91,35.57,23.6,20.35,24.45,23.85,22.5,24.46,34.92,50.8,72.84,103.53
60.78,40.66,30.28,24.88,26.72,20.43,29.15,38.0,43.83,49.78,56.75,66.46
36.73,23.86,14.91,13.04,14.79,20.21,22.97,33.93,49.77,64.38,90.04,113.62
32.44,19.28,13.97,14.13,20.5,33.8,55.02,75.66,92.08,111.92,123.56,120.59
36.74,23.23,15.93,21.63,29.89,41.07,59.89,83.22,99.07,116.53,127.17,122.13
29.93,21.93,26.28,28.28,36.31,61.14,87.35,116.69,151.99,176.1,180.56,161.92
25.7,23.39,29.08,37.37,52.51,79.65,106.83,134.33,141.59,146.13,140.25,122.97
29.23,38.09,46.31,68.18,96.53,139.27,155.22,151.31,146.85,140.42,126.88,105.0
67.14,53.58,72.23,129.76,170.77,181.75,174.13,175.54,182.07,185.41,185.32,176.0
60.68,52.51,77.65,123.05,164.85,201.06,204.34,200.17,203.66,209.96,224.53,246.6
75.8,57.42,82.23,135.52,166.57,187.0,187.03,186.36,187.37,183.79,179.87,173.81
110.12,115.82,139.93,163.27,164.59,161.69,161.48,152.29,137.14,123.88,98.33,66.27
165.43,187.0,199.1,205.32,191.68,179.05,175.63,168.15,140.48,106.59,76.32,56.68
226.02,230.13,238.78,233.84,234.8,233.86,215.96,179.34,137.14,92.65,58.23,46.35
224.12,260.2,255.73,241.65,235.4,228.41,198.64,152.93,109.09,71.17,56.74,56.23
249.98,274.1,251.01,223.71,206.62,184.09,144.78,105.62,68.15,48.88,41.56,40.22
277.26,316.85,246.9,205.88,167.76,123.41,86.36,58.91,52.55,48.52,46.76,46.21
292.13,342.0,268.22,224.3,168.56,121.28,82.97,57.02,50.95,47.11,45.64,45.11
283.54,320.91,264.99,217.03,154.53,109.37,72.27,54.8,48.47,44.83,42.82,39.0
327.4,378.51,212.24,147.89,107.08,73.9,55.12,48.46,45.13,43.83,42.16,38.24
120.66,88.63,35.02,49.76,59.72,52.07,43.09,32.05,24.83,21.03,21.98,22.97
75.59,44.83,27.35,28.44,30.69,26.14,26.59,15.41,16.09,18.33,16.61,17.21
59.17,35.86,18.57,23.58,24.95,20.38,29.58,24.13,22.15,23.88,26.74,30.98
47.27,37.23,20.3,21.73,21.22,18.87,22.19,24.97,28.66,30.44,28.62,34.28
26.52,19.88,18.56,18.49,20.94,18.11,12.92,17.32,26.88,33.89,44.43,58.58
41.62,40.95,25.37,22.7,21.24,16.14,11.74,13.35,19.91,25.92,31.71,33.38
35.69,12.75,11.83,9.64,10.58,14.99,22.97,25.93,34.22,54.3,63.99,77.78
14.29,4.13,15.82,7.7,16.07,26.04,41.4,54.79,57.51,59.73,59.66,61.08
35.76,13.2,14.51,12.48,22.16,37.08,63.8,86.26,100.96,101.25,92.72,81.01
20.28,7.91,17.48,11.58,25.82,36.75,61.14,96.07,113.6,120.35,108.11,96.0
22.38,13.88,21.56,30.1,52.13,92.36,110.75,105.65,92.11,83.36,76.71,70.04
25.72,42.27,72.86,114.53,130.16,117.41,103.68,93.48,85.99,78.17,67.44,52.66
45.66,45.89,62.81,96.84,126.64,115.83,103.02,91.15,80.95,69.56,49.74,28.2
47.32,97.27,152.85,163.31,136.86,123.91,103.16,90.18,80.04,67.51,47.71,33.74
77.49,89.08,127.91,122.25,109.52,93.1,81.31,73.43,64.17,47.53,31.44,25.85
90.28,107.73,114.06,100.31,86.85,80.2,74.33,66.76,52.18,31.04,21.12,22.11
127.56,120.14,126.34,102.52,80.89,61.66,49.41,35.02,23.89,20.56,18.32,17.93
112.07,112.92,92.5,66.46,57.44,51.71,39.52,26.4,20.56,18.03,17.65,15.89
110.47,135.53,125.59,91.18,68.65,55.3,36.23,28.29,24.2,21.8,23.01,17.92
106.65,129.41,117.76,82.4,71.0,61.19,37.29,25.69,20.17,17.41,17.03,16.1
102.06,102.9,83.15,52.61,45.06,37.36,27.45,21.18,17.58,20.38,22.61,19.48
93.86,81.75,66.16,43.46,40.51,29.37,30.62,27.08,20.2,17.19,17.4,16.25
75.16,65.12,59.35,32.8,28.76,24.59,22.63,21.19,20.78,21.46,18.32,14.11
57.9,46.89,37.61,26.29,24.95,17.15,13.36,13.8,16.76,17.72,14.7,15.78
55.92,45.82,36.11,24.5,20.94,18.02,13.54,18.83,17.16,15.3,13.2,12.92
93.86,46.27,22.35,26.04,22.83,12.23,15.86,20.5,24.07,20.51,13.39,11.41
80.12,43.27,27.43,27.07,22.12,8.13,7.88,12.4,14.63,16.32,15.29,9.12
64.82,38.34,31.77,25.48,25.86,13.39,13.58,13.5,16.03,19.38,18.33,9.19
74.42,47.98,32.42,24.61,22.19,16.8,17.18,15.0,18.39,16.41,11.9,12.19
63.97,43.64,30.15,21.57,23.92,12.91,19.33,17.82,24.72,23.8,19.86,18.8
43.45,18.28,11.56,8.83,12.41,18.86,23.06,29.71,32.98,39.93,44.59,54.9
29.44,13.37,10.76,12.63,13.38,20.06,27.05,33.0,43.61,56.74,70.16,82.08
37.27,15.87,12.11,16.08,18.21,26.76,32.33,38.11,47.27,57.16,70.92,79.03
21.43,11.6,19.72,18.7,24.92,35.91,47.95,61.31,68.86,74.82,75.63,68.8
24.1,19.08,27.74,26.46,40.24,60.55,76.43,87.11,96.7,101.13,93.81,81.22
28.01,29.08,36.23,37.09,59.88,83.93,94.78,107.88,108.43,102.23,94.49,86.29
35.32,36.04,31.46,36.09,54.99,70.53,72.04,75.08,72.91,67.29,54.12,32.76
51.93,82.23,129.35,147.42,129.51,104.84,90.39,80.28,69.73,53.06,34.66,29.4
47.46,62.3,79.59,102.1,113.93,91.35,77.76,69.44,60.46,44.59,28.64,25.84
52.06,77.47,123.29,138.74,112.46,87.85,73.59,62.14,47.36,31.87,27.09,26.77
63.36,93.43,142.17,151.07,120.03,91.97,79.03,65.96,50.86,33.7,26.77,23.35
79.93,99.82,139.41,123.94,101.25,82.45,65.49,50.75,33.06,26.0,23.42,24.72
84.85,93.63,138.53,126.02,98.83,73.52,55.61,37.84,24.43,21.93,22.88,21.98
82.23,56.99,57.49,44.34,39.8,35.97,33.03,28.0,24.76,18.67,14.83,14.85
101.38,61.02,23.57,22.61,32.08,21.26,15.32,21.71,21.6,16.65,14.02,14.23
91.59,55.65,19.9,26.61,34.09,19.48,15.65,22.44,24.83,24.57,26.4,31.41
99.32,65.31,37.0,31.69,43.23,39.71,30.76,27.51,25.36,25.22,28.42,36.85
96.07,73.27,47.02,30.46,25.46,19.93,22.67,21.89,20.96,21.07,23.25,26.96
48.6,45.17,35.67,20.29,25.11,15.78,23.85,18.25,14.62,15.9,19.46,24.45
77.03,47.43,29.99,22.68,23.71,17.17,20.98,21.71,21.46,23.47,26.43,30.01
58.59,49.77,30.29,23.62,16.94,11.36,12.05,19.49,18.87,20.76,22.59,23.0
61.31,40.55,30.99,27.74,23.63,11.63,10.15,15.45,24.31,32.0,37.17,39.57
65.17,35.85,31.19,25.26,26.42,15.57,17.12,16.94,16.87,20.61,26.56,119.66
44.02,39.96,23.84,22.1,21.97,11.63,7.83,7.91,16.83,20.22,23.26,24.94
24.73,13.75,12.68,8.16,10.3,12.8,18.87,17.78,24.33,26.65,25.1,25.85
19.33,6.35,13.66,6.6,12.7,12.77,17.12,16.06,28.13,64.77,83.92,125.69
15.58,6.67,15.52,8.16,15.23,10.93,13.5,17.01,38.55,62.22,76.81,110.32
21.23,10.84,19.45,13.01,18.21,12.61,16.74,27.96,54.21,65.04,84.33,112.75
18.43,12.61,27.44,7.8,21.6,20.75,38.79,55.61,59.29,72.14,81.71,78.46
26.04,19.85,27.83,13.66,28.59,34.56,50.36,60.88,70.1,78.7,73.87,54.36
35.83,24.26,21.16,9.88,17.32,20.92,25.45,11.66,12.24,20.63,21.43,16.63
42.09,26.08,27.04,17.57,31.48,42.36,59.24,75.28,81.51,80.9,66.02,43.27
35.36,28.61,29.94,31.14,49.41,66.64,89.77,111.6,120.71,112.31,91.65,64.57
71.36,69.2,105.51,128.08,113.14,118.95,114.96,100.3,80.12,54.96,31.52,25.03
89.29,115.98,154.24,134.14,124.37,110.43,95.72,75.87,53.22,32.56,27.02,27.22
84.22,92.9,132.91,137.8,123.67,95.47,74.33,51.33,31.93,28.54,27.5,24.02
95.37,93.42,101.12,84.35,70.12,51.51,35.26,24.43,20.81,15.56,13.44,14.11
88.89,83.58,105.15,104.96,73.8,50.33,30.77,30.33,32.11,31.06,30.16,29.84
95.64,85.33,73.83,56.12,42.7,27.01,27.81,29.65,28.28,20.39,16.75,17.58
85.77,59.82,47.95,36.88,34.6,22.99,23.15,23.69,17.99,15.08,15.38,14.58
58.86,63.37,65.16,45.46,39.25,29.65,17.2,12.08,10.45,10.86,12.62,12.4
60.0,70.14,71.26,36.53,23.85,9.69,10.95,18.24,11.85,17.24,12.39,15.3
55.92,62.51,68.94,44.47,25.5,7.39,9.2,17.37,14.65,17.83,14.6,15.55
49.09,61.47,64.2,35.86,22.4,8.51,9.85,15.45,11.09,14.34,13.78,13.6
53.87,59.43,56.88,31.35,20.47,9.78,11.54,14.47,10.0,15.15,12.91,15.07
43.74,44.78,34.56,27.97,26.18,21.89,11.9,12.5,13.37,15.96,16.38,17.89
33.74,37.91,29.21,26.84,29.01,23.29,19.02,20.13,24.33,26.73,32.64,38.63
38.59,38.21,24.83,25.82,25.42,22.93,15.92,30.74,37.45,56.36,116.48,267.78
26.56,19.21,14.24,12.79,22.95,24.21,22.7,21.13,32.72,44.34,96.6,255.84
21.93,9.83,15.81,9.65,16.82,20.86,30.79,48.63,61.32,98.79,116.67,104.67
27.66,11.76,12.79,11.15,20.81,29.83,53.4,70.01,92.94,104.19,95.63,81.66
16.31,8.49,18.23,13.75,27.0,52.24,112.33,141.06,136.12,127.26,115.51,102.04
21.55,11.28,18.62,20.61,46.06,104.62,134.03,135.79,128.91,121.59,109.9,88.32
25.2,19.37,23.61,51.37,113.83,166.04,130.95,112.66,109.39,100.83,82.87,63.78
42.12,43.16,56.95,110.59,166.34,150.43,122.05,105.09,91.08,71.29,50.53,29.67
54.71,61.72,99.35,151.68,162.96,134.77,115.13,100.04,81.11,63.19,45.55,32.55
93.81,141.71,185.77,159.42,137.89,120.41,105.28,77.91,54.78,39.05,33.13,31.17
121.86,173.11,162.65,135.36,124.93,104.21,69.89,43.52,32.98,30.26,28.83,27.02
135.6,184.7,167.21,138.72,111.91,84.92,56.17,40.58,33.89,32.47,31.63,30.61
180.19,177.9,170.89,153.13,125.56,94.18,58.97,43.68,36.71,34.91,33.09,31.94
192.51,182.1,146.2,115.92,86.57,63.51,48.34,35.61,31.25,29.42,27.34,29.2
184.86,176.74,136.95,99.33,68.1,56.39,43.71,32.1,28.33,27.16,30.35,36.77
180.07,156.47,122.04,87.56,54.65,41.6,38.06,34.55,35.52,38.52,42.33,48.18
167.1,147.5,112.91,80.6,49.91,35.24,33.0,32.98,33.65,37.1,41.46,47.14
147.1,130.51,104.08,76.77,46.42,30.4,29.68,31.8,32.93,35.66,38.73,45.59
127.92,120.85,95.31,76.12,54.46,39.46,37.09,40.39,42.13,42.15,40.97,38.49
107.39,93.84,61.24,56.57,53.62,47.28,33.48,22.12,21.22,22.67,24.24,30.26
80.46,70.7,62.14,57.84,48.74,42.06,34.69,25.89,28.2,34.46,38.39,42.04
46.71,38.99,50.21,68.87,66.3,40.21,34.31,35.56,34.32,37.25,40.24,46.85
38.08,29.51,29.99,29.88,31.86,27.91,20.2,26.43,35.43,40.14,52.3,84.59
40.19,36.26,28.5,28.09,25.73,21.87,23.26,36.08,54.6,78.56,136.47,259.33
59.57,44.04,41.52,34.11,30.76,25.48,34.51,50.84,73.33,113.13,190.43,206.0
35.16,24.47,16.77,17.79,20.41,23.03,33.58,48.83,74.74,126.33,152.79,148.07
37.59,23.14,19.8,16.72,18.3,26.05,41.9,73.13,139.14,241.82,209.37,177.61
40.27,27.01,17.55,18.74,26.24,38.52,60.13,84.69,172.39,308.87,274.11,228.46
47.46,32.26,29.39,40.69,64.65,94.46,123.35,167.36,209.43,223.49,240.78,262.88
54.71,30.33,49.48,74.03,117.33,159.6,172.47,185.29,205.51,255.1,314.14,357.47
59.87,38.02,63.07,105.6,153.29,173.02,185.24,202.66,231.37,272.18,313.04,350.93
90.52,77.57,124.94,165.44,187.63,199.88,215.72,249.22,296.05,363.88,509.66,706.01
102.55,92.74,141.84,172.2,186.36,204.92,230.73,279.27,352.95,504.51,718.4,767.38
116.22,100.31,147.92,184.89,197.45,212.12,243.92,320.01,448.24,661.0,767.09,775.29
152.21,150.61,176.54,241.66,284.13,320.85,387.18,503.18,690.29,773.26,769.85,759.53
203.68,260.54,327.92,446.5,662.92,763.26,764.39,761.7,755.69,745.4,721.93,654.41
267.61,293.41,338.88,365.23,396.75,407.82,407.4,369.94,263.75,177.79,122.41,77.1
281.22,330.81,371.01,393.47,416.24,411.56,368.05,269.96,193.84,134.53,95.88,68.98
388.51,389.31,435.1,501.09,519.47,481.84,389.43,250.61,171.6,119.22,75.59,52.92
425.36,551.07,591.28,596.7,532.96,410.17,261.91,164.23,107.0,63.17,45.77,42.46
445.25,638.68,684.27,643.11,490.19,291.45,161.57,98.35,57.91,47.71,44.94,43.77
363.44,434.96,371.1,300.58,229.88,158.03,106.6,66.23,51.38,42.01,36.29,34.05
345.14,382.24,232.96,171.26,121.69,84.09,56.99,49.87,45.43,43.76,42.81,40.82
264.6,252.74,167.75,120.43,83.92,62.45,53.38,46.26,42.36,40.86,38.64,35.28
113.79,96.45,53.52,50.73,51.54,52.62,47.87,36.41,28.89,26.15,29.98,38.24
77.16,57.44,52.02,44.86,46.6,42.0,41.6,41.39,38.84,32.31,29.69,36.0
45.43,33.38,32.56,24.16,25.99,27.67,22.47,34.21,41.43,44.07,51.25,65.11
39.87,34.4,28.48,22.9,20.89,20.67,21.44,36.35,56.36,73.8,93.44,130.69
66.86,41.53,40.74,29.32,24.85,23.38,30.67,43.46,64.33,82.09,116.01,173.44
54.89,30.12,26.54,33.83,36.9,32.85,24.01,26.77,37.65,57.91,87.92,117.58
36.58,23.57,25.27,24.92,31.36,33.73,42.82,65.05,85.0,117.1,149.42,167.42
46.74,40.38,32.43,39.39,47.48,49.62,61.24,86.31,147.36,237.86,226.7,204.12
55.36,36.19,40.2,53.66,62.09,75.3,109.74,202.98,252.11,240.5,250.34,293.03
72.55,49.84,70.3,106.19,139.16,179.0,239.88,299.3,320.18,317.79,307.21,311.62
94.67,85.8,140.77,212.76,271.44,305.53,318.61,319.14,310.15,298.01,300.01,314.51
98.96,73.99,113.41,158.53,191.46,215.59,249.88,322.12,454.12,655.57,763.12,772.02
108.13,94.35,149.49,222.02,269.43,298.87,336.09,386.71,463.89,624.79,751.31,761.58
158.43,164.09,215.47,272.58,297.88,331.55,389.18,473.13,629.26,757.17,772.65,775.35
188.55,220.2,257.83,297.44,329.35,370.3,428.71,519.54,689.38,774.93,779.06,776.69
196.97,244.47,308.01,378.49,475.65,673.09,765.04,765.35,763.16,757.45,743.85,709.57
210.63,282.46,343.67,437.21,617.08,757.21,764.05,762.31,755.65,740.47,698.66,576.84
221.88,304.88,365.56,483.02,681.68,756.97,758.92,754.23,739.88,696.94,569.57,388.78
240.45,307.09,364.55,462.12,634.14,760.9,758.86,736.01,661.04,488.52,329.35,211.32
269.0,346.61,410.66,570.21,745.67,759.65,740.01,675.85,507.97,327.17,206.92,147.4
345.18,542.63,694.29,760.84,756.89,732.22,651.87,464.78,293.13,179.44,122.69,83.09
395.29,605.92,712.16,746.69,721.1,610.9,416.37,248.5,150.75,100.41,66.35,58.08
435.85,660.07,728.28,721.48,611.73,413.96,242.38,142.42,89.01,58.85,53.31,52.0
347.18,440.62,381.71,285.02,192.26,129.97,82.93,55.15,51.29,49.67,48.87,48.58
184.06,156.25,100.74,85.64,71.11,56.17,45.52,36.0,31.74,29.72,28.0,29.65
101.42,54.79,33.16,45.65,52.23,52.97,41.81,35.62,35.26,34.27,33.01,38.91
70.12,36.82,25.9,30.64,28.84,37.31,44.22,50.84,50.23,43.36,32.78,24.76
62.64,35.17,19.66,23.4,19.88,28.86,39.26,41.49,48.56,55.79,68.19,84.85
76.2,43.16,25.55,26.9,28.29,40.27,56.39,73.39,111.97,172.09,167.58,130.5
50.77,32.34,10.56,21.56,20.6,27.68,34.37,44.76,61.14,101.61,208.35,224.37
53.94,27.03,21.18,22.95,24.42,31.91,44.68,69.38,165.92,365.73,314.94,263.26
61.24,36.37,33.84,34.09,48.95,71.38,101.16,155.69,207.96,212.2,214.77,220.28
68.67,40.74,41.33,48.15,76.15,96.9,162.84,232.39,223.2,217.91,233.63,257.87
82.49,50.92,56.78,78.66,106.67,142.15,180.86,224.31,251.56,276.34,300.43,316.46
112.74,101.56,139.61,176.03,182.66,202.41,229.17,264.11,286.44,288.46,282.42,282.14
87.32,66.11,99.48,147.73,193.9,201.83,205.37,222.4,250.41,274.7,284.48,282.07
100.64,99.23,139.56,202.76,248.92,273.14,298.93,328.42,347.69,350.19,328.4,279.72
114.15,123.17,161.97,226.92,264.89,286.84,299.54,314.8,323.51,320.56,297.05,254.88
191.41,223.97,236.79,268.19,274.9,280.75,284.23,290.76,305.81,314.17,272.78,193.06
204.9,250.34,265.01,287.26,296.29,298.17,295.56,291.02,283.18,262.21,207.09,147.83
259.48,309.44,322.56,332.96,344.34,344.52,340.4,338.66,325.83,261.41,188.28,129.81
285.51,346.56,368.3,384.01,400.34,391.04,337.78,236.52,153.25,98.45,63.82,59.07
338.39,418.45,436.41,440.67,415.55,357.11,241.66,161.49,105.48,64.63,56.52,56.81
364.62,452.43,420.86,383.37,330.45,229.49,156.47,106.6,65.49,55.53,56.01,54.96
383.8,497.38,448.26,364.53,260.57,167.26,111.7,68.06,53.75,51.69,50.02,49.37
352.67,408.11,324.68,254.22,180.59,128.35,89.52,59.17,53.39,50.08,48.21,47.66
377.54,478.93,357.96,237.98,161.6,115.44,77.43,55.5,50.04,46.9,45.77,45.14
195.6,189.88,118.66,102.96,93.63,80.86,62.96,54.04,46.4,41.14,36.71,32.97
102.79,74.39,53.12,49.81,49.61,53.51,45.34,36.94,31.0,26.71,25.55,28.22
57.57,44.63,55.85,57.56,48.18,28.1,29.69,39.53,55.35,58.34,63.81,81.9
59.68,48.25,46.52,47.68,36.6,27.28,35.83,49.31,66.42,89.41,147.62,273.74
57.95,49.12,44.01,42.54,33.88,22.03,27.4,39.14,55.26,77.48,116.17,232.3
54.95,43.68,39.08,37.11,27.84,19.28,19.54,33.52,63.17,163.14,369.56,345.57
79.6,57.95,56.79,58.12,58.72,58.95,64.74,76.28,106.87,146.11,171.65,169.34
76.69,48.45,46.08,54.0,66.72,59.56,54.22,53.4,70.99,115.34,181.45,225.35
91.17,67.1,84.4,111.53,117.45,104.51,97.9,98.6,124.79,171.41,217.05,222.4
102.71,98.16,115.57,119.89,103.54,91.95,99.32,129.9,172.13,202.01,200.61,188.1
92.99,74.33,99.31,115.53,90.43,74.62,85.09,108.8,126.34,142.31,157.81,162.27
94.68,83.78,122.43,135.71,128.65,124.22,129.63,142.67,157.52,165.07,164.75,161.79
95.08,83.15,117.81,149.82,168.07,171.22,168.84,165.84,164.0,157.88,149.13,140.73
94.08,78.77,114.78,159.38,184.59,181.44,172.82,161.35,154.24,152.93,146.61,131.69
108.5,93.64,136.09,173.93,176.77,159.42,141.85,134.18,130.59,124.03,110.44,82.6
173.81,207.4,237.93,253.56,236.36,215.11,189.41,162.39,132.34,101.05,64.22,49.61
197.05,229.1,240.84,266.98,258.87,235.54,191.69,149.32,115.04,79.39,52.36,46.57
234.01,284.91,299.09,297.15,281.44,249.1,206.42,170.88,137.65,103.56,66.09,57.81
301.35,297.81,316.21,320.5,311.43,262.27,207.44,162.96,118.65,72.35,48.54,42.67
327.39,357.22,341.11,308.83,255.48,184.52,135.85,97.21,62.5,55.75,54.76,52.84
389.9,487.54,403.43,293.5,201.42,136.29,93.32,60.57,52.64,49.21,47.38,46.81
278.49,323.93,267.27,213.79,152.43,111.21,76.43,56.41,51.33,48.37,47.23,46.58
194.91,194.15,136.17,117.75,103.15,91.7,69.24,51.77,42.38,35.14,33.46,34.55
74.72,45.11,33.26,35.2,32.33,37.8,40.43,38.02,34.09,28.98,31.71,37.42
57.45,28.8,22.83,22.47,30.03,25.73,34.9,35.11,34.6,36.59,43.38,82.92
63.59,47.86,36.77,29.71,29.05,28.74,44.85,56.5,67.57,125.36,310.06,268.13
63.1,32.57,27.92,25.96,30.11,22.83,31.48,41.46,46.14,51.62,65.93,117.3
76.43,49.83,34.96,33.65,27.31,33.43,44.95,56.72,81.88,178.58,283.45,209.08
65.09,41.06,25.69,25.44,22.18,18.07,29.26,32.42,46.02,64.87,94.03,154.14
61.08,42.64,26.05,23.63,22.06,18.49,29.7,33.85,46.72,63.96,92.96,152.22
45.26,33.54,16.24,21.88,19.07,24.3,29.8,37.4,49.12,90.72,189.11,231.82
31.02,21.67,17.37,14.17,14.86,20.52,32.37,45.1,52.94,64.89,70.57,69.52
25.78,15.02,13.29,12.6,21.3,38.6,57.69,82.98,106.79,116.48,106.63,91.36
19.65,11.62,18.98,19.91,36.18,67.05,114.59,118.21,102.2,90.09,81.87,75.09
85.56,59.04,68.35,81.32,89.47,108.56,134.24,145.7,141.86,125.15,87.81,51.99
55.04,50.01,60.5,86.65,115.84,147.57,153.93,153.82,147.49,136.57,126.83,115.42
54.39,63.14,59.08,81.01,109.67,144.42,155.33,152.53,142.04,125.38,107.72,88.14
45.57,42.5,47.65,67.65,87.99,103.27,120.82,120.4,108.5,93.03,76.52,60.11
61.6,91.17,131.68,146.06,138.52,120.39,106.8,91.82,75.11,53.55,34.69,31.27
75.38,129.65,151.93,123.64,106.8,89.16,75.74,63.69,45.46,33.02,29.91,26.51
98.31,132.9,148.52,114.75,91.37,74.97,60.54,44.48,31.1,25.83,22.92,24.44
