755.41,751.8,637.34,637.01,549.08,579.97,518.57,568.08,517.67,572.34,523.32,577.38,
614.98,611.02,607.91,605.45,603.52,602.0,600.8,599.86,599.11,598.53,598.07,597.7,
681.36,666.51,654.68,645.27,637.77,631.8,627.04,623.25,620.24,617.84,615.92,614.4,
709.39,693.12,680.26,670.11,662.09,655.76,650.75,646.8,643.68,641.22,639.27,637.73,
803.91,775.02,751.89,733.38,718.55,706.69,697.19,689.58,683.49,678.61,674.71,671.59,
736.48,717.79,702.95,691.15,681.78,674.33,668.41,663.71,659.98,657.01,654.65,652.78,
634.9,647.25,557.47,584.01,514.43,563.14,514.8,580.85,544.69,616.73,580.99,648.44,
726.19,619.77,620.64,529.75,553.82,490.23,541.31,501.8,571.18,543.54,617.59,588.57,
664.27,648.76,541.18,550.15,474.06,516.4,471.7,539.95,513.99,592.66,569.39,643.83,
803.31,781.43,763.48,748.77,736.71,726.82,718.71,712.07,706.62,702.15,698.48,695.48,
827.2,784.9,749.1,722.61,704.18,691.78,683.59,678.25,674.79,672.55,671.11,670.19,
751.74,682.45,619.16,567.2,529.94,508.72,503.11,511.16,529.92,555.8,585.12,614.4,
357.81,295.1,274.64,293.92,346.06,421.17,507.79,594.45,671.02,729.71,765.73,777.49,
530.24,490.1,464.92,455.97,462.94,484.12,516.64,556.78,600.4,643.32,681.72,712.42,
435.23,414.3,411.66,426.38,456.14,497.51,546.34,598.1,648.31,692.9,728.52,752.78,
375.42,369.37,385.28,420.44,470.58,530.29,593.59,654.53,707.72,748.77,774.63,783.82,
401.13,416.62,448.47,492.5,543.77,597.01,647.21,690.02,722.08,741.29,746.88,739.39,
338.55,378.73,412.0,439.54,462.33,481.2,496.81,509.74,520.44,529.3,536.64,542.7,
316.58,355.1,386.98,413.34,435.15,453.19,468.12,480.46,490.68,499.13,506.11,511.9,
183.91,229.72,268.66,301.76,329.89,353.8,374.12,391.39,406.07,418.55,429.16,438.17,
230.97,265.92,295.74,321.18,342.88,361.4,377.19,390.67,402.16,411.97,420.34,427.48,
277.17,300.6,320.81,338.24,353.28,366.24,377.43,387.07,395.39,402.57,408.76,414.09,
301.14,311.12,320.05,328.05,335.21,341.62,347.36,352.49,357.1,361.21,364.9,368.2,
616.84,597.25,580.69,566.69,554.85,544.84,536.37,529.22,523.16,518.05,513.72,510.06,
746.93,711.04,681.14,656.23,635.47,618.18,603.76,591.76,581.75,573.41,566.47,560.68,
843.79,857.59,871.38,885.17,898.97,912.76,926.55,940.34,954.14,967.93,981.72,995.52,
1046.78,992.68,946.39,906.79,872.9,843.91,819.09,797.87,779.7,764.16,750.86,739.48,
839.85,783.7,576.26,614.68,615.84,615.88,615.88,615.88,615.88,615.88,615.88,615.88,
842.39,811.31,785.65,764.45,746.93,732.46,720.51,710.64,702.49,695.75,690.19,685.59,
641.62,642.94,644.01,644.87,645.58,646.15,646.61,646.99,647.29,647.54,647.74,647.9,
598.94,679.03,663.39,652.19,644.17,638.42,634.31,631.36,629.25,627.73,626.65,625.88,
660.92,635.25,631.66,629.09,627.26,625.95,625.01,624.34,623.86,623.52,623.27,623.1,
585.26,560.82,576.25,587.53,595.77,601.79,606.19,609.4,611.75,613.47,614.72,615.64,
832.82,802.67,778.22,758.39,742.31,729.27,718.69,710.11,703.16,697.51,692.94,689.23,
781.24,643.72,643.42,643.2,643.05,642.95,642.88,642.83,642.79,642.76,642.75,642.73,
516.78,537.35,553.14,565.28,574.59,581.75,587.25,591.47,594.71,597.2,599.11,600.58,
328.01,385.01,467.17,535.75,576.36,590.83,588.21,578.19,567.74,560.35,556.75,556.08,
491.81,664.61,727.12,709.82,657.96,607.59,576.66,567.18,572.23,582.86,592.42,597.89,
617.81,688.5,642.66,628.19,620.77,616.97,615.02,614.02,613.5,613.24,613.11,613.04,
311.97,367.71,410.86,444.28,470.16,490.19,505.71,517.72,527.03,534.23,539.81,544.13,
387.59,416.53,469.58,524.02,565.46,588.36,593.98,587.53,575.26,562.53,552.74,547.26,
290.43,295.83,349.09,418.15,480.41,524.09,546.59,551.32,544.46,532.35,519.98,510.35,
196.54,219.87,293.45,375.87,443.73,488.32,510.57,516.13,511.78,503.35,494.75,488.07,
181.22,231.12,271.81,304.97,332.0,354.04,372.01,386.65,398.59,408.32,416.26,422.73,
201.32,243.5,278.17,306.66,330.08,349.33,365.15,378.15,388.84,397.62,404.84,410.78,
242.83,278.02,306.93,330.69,350.21,366.25,379.44,390.27,399.16,406.48,412.48,417.42,
451.67,453.01,454.09,454.96,455.66,456.22,456.68,457.04,457.33,457.57,457.76,457.91,
576.25,557.26,542.09,529.96,520.26,512.51,506.31,501.36,497.4,494.23,491.7,489.68,
694.65,657.59,627.31,602.57,582.35,565.83,552.33,541.3,532.29,524.92,518.91,513.99,
983.27,911.36,851.72,802.28,761.28,727.28,699.09,675.72,656.34,640.27,626.94,615.89,
922.81,779.58,619.0,488.07,412.43,395.81,425.47,480.23,538.5,584.04,608.63,611.91,
703.38,509.93,375.81,322.35,343.28,413.62,501.31,577.89,625.28,638.07,621.73,588.27,
648.05,638.7,631.38,625.66,621.18,617.68,614.94,612.8,611.12,609.81,608.78,607.98,
578.34,584.92,590.12,594.22,597.46,600.02,602.03,603.63,604.88,605.88,606.66,607.28,
610.56,611.01,611.36,611.63,611.85,612.02,612.16,612.26,612.35,612.42,612.47,612.51,
454.12,482.41,505.85,525.27,541.38,554.72,565.79,574.95,582.55,588.85,594.07,598.4,
677.63,660.44,647.23,637.07,629.27,623.27,618.65,615.11,612.38,610.29,608.68,607.44,
878.11,945.02,898.88,783.24,649.58,540.54,480.32,472.77,505.81,559.14,612.2,650.06,
923.72,875.22,758.54,625.63,517.71,457.03,446.42,474.11,521.3,569.33,604.79,621.64,
871.55,755.76,621.84,512.29,450.61,440.26,469.41,518.62,568.45,604.84,621.52,619.49,
818.28,826.55,834.83,843.1,851.38,859.66,867.93,876.21,884.48,892.76,901.03,909.31,
890.0,900.0,910.0,920.0,930.0,940.0,950.0,960.0,970.0,980.0,990.0,1000.0,
797.59,795.17,792.76,790.34,787.93,785.52,783.1,780.69,778.28,775.86,773.45,771.03,
363.1,356.21,349.31,342.41,335.52,328.62,321.72,314.83,307.93,301.03,294.14,287.24,
231.38,222.76,214.14,205.52,196.9,188.28,179.66,171.03,162.41,153.79,145.17,136.55,
179.3,236.31,283.19,321.76,353.48,379.57,401.03,418.69,433.21,445.15,454.97,463.05,
179.66,229.33,270.69,305.11,333.77,357.64,377.5,394.04,407.81,419.27,428.81,436.76,
200.94,243.61,279.34,309.27,334.33,355.32,372.89,387.61,399.94,410.27,418.91,426.16,
728.18,892.62,863.85,820.02,706.67,608.35,518.33,467.4,447.13,457.79,485.35,520.66,
902.56,958.7,965.08,879.46,749.23,598.67,465.24,373.9,340.04,364.38,435.59,533.5,
837.33,787.02,730.86,665.78,566.7,498.08,455.47,440.85,461.68,502.93,553.81,603.34,
609.67,558.52,529.94,515.55,519.29,532.71,550.82,567.2,578.6,583.48,582.61,577.83,
560.51,535.25,524.85,532.82,549.41,569.15,585.26,594.82,596.92,593.19,586.16,578.65,
538.9,533.28,546.01,565.45,585.7,600.1,606.64,605.5,599.28,591.11,583.87,579.31,
464.53,484.84,540.57,589.54,627.42,641.9,637.59,619.91,598.49,580.37,570.14,568.49,
533.96,590.53,623.51,645.59,646.34,636.23,619.82,604.93,594.95,591.46,593.27,598.2,
497.42,533.91,597.8,630.76,649.41,644.19,628.71,608.29,591.67,581.81,579.78,583.53,
534.28,599.72,632.05,652.55,648.33,634.5,614.69,598.23,587.66,584.63,587.28,593.21,
647.0,687.67,699.97,689.57,666.23,639.96,618.38,605.53,601.98,605.73,613.54,622.14,
533.44,543.4,574.66,593.61,607.4,610.62,607.79,601.14,594.15,588.7,585.78,585.23,
672.45,695.12,658.68,629.65,596.24,577.62,569.54,572.42,580.57,590.29,598.11,602.67,
919.9,858.36,733.67,621.89,542.14,509.19,514.14,542.76,578.18,608.06,625.82,630.78,
849.79,763.06,626.01,522.63,461.07,441.02,466.94,519.13,577.99,629.0,660.16,667.9,
837.94,744.99,675.94,635.73,617.46,612.23,613.07,615.76,618.29,620.01,620.94,621.32,
584.05,418.38,299.36,248.34,269.87,352.26,471.64,598.41,704.21,767.97,779.87,742.32,
622.51,568.51,528.52,524.68,538.97,565.48,592.06,612.71,623.77,625.63,620.68,612.35,
517.18,478.41,494.55,528.05,572.87,610.26,634.62,642.78,637.97,625.2,610.27,597.65,
254.89,239.81,299.92,410.34,541.97,663.66,750.01,786.19,769.92,710.64,626.07,537.48,
110.01,196.05,362.27,560.3,740.19,860.17,896.37,847.01,731.03,581.79,437.91,333.51,
235.69,432.14,619.48,746.03,781.45,734.11,634.93,525.87,443.15,407.64,421.04,469.32,
347.09,538.18,718.54,812.53,821.29,747.22,629.24,505.25,413.29,373.84,390.52,449.54,
397.24,607.09,794.69,913.15,940.92,877.45,743.61,575.0,412.87,294.17,243.37,267.61,
733.14,893.95,954.97,920.25,803.06,637.28,464.48,324.66,247.04,244.33,311.15,426.67,
834.69,895.15,876.95,783.33,644.86,496.58,373.3,300.69,290.58,339.47,430.75,539.73,
915.95,863.74,766.62,621.39,459.89,340.25,276.39,280.25,348.22,455.16,573.12,673.18,
604.59,475.55,420.16,384.57,404.97,447.27,504.87,553.36,584.18,590.72,577.07,550.58,
625.42,592.69,483.24,450.64,418.92,439.49,469.23,515.71,552.73,579.36,586.51,578.93,
596.8,514.26,470.97,443.74,448.75,476.02,519.39,566.69,607.67,634.01,641.76,631.32,
472.96,429.15,419.71,440.84,485.12,540.07,592.79,632.22,651.48,648.84,627.44,594.05,
393.6,383.31,417.49,475.81,546.03,610.26,655.8,674.72,666.07,634.86,590.47,544.04,
445.48,484.35,538.4,592.86,634.48,654.56,650.58,626.11,589.31,550.44,519.17,502.25,
563.75,626.36,666.27,675.91,656.39,616.26,568.34,525.93,499.32,493.49,507.45,535.23,
671.66,716.76,717.3,678.48,615.34,547.6,493.83,466.67,470.15,499.66,544.24,590.22,
774.77,783.59,734.93,648.36,551.46,471.45,427.94,428.51,468.02,531.45,599.04,652.13,
729.81,668.2,586.51,510.08,459.98,447.55,472.23,523.01,582.67,633.35,661.66,662.01,
759.9,697.85,611.11,526.15,466.16,445.01,464.45,514.87,579.15,638.15,676.19,685.01,
861.19,796.22,690.86,576.19,481.92,429.2,426.28,468.03,538.76,617.4,683.37,721.71,
834.93,733.85,612.76,503.41,431.05,408.97,436.72,501.78,583.99,661.4,715.72,736.42,
602.66,453.36,344.6,299.98,325.74,410.53,529.43,650.99,745.38,791.57,781.76,722.38,
526.75,425.2,371.43,374.28,428.17,515.66,612.75,695.17,744.31,751.2,717.82,655.72,
537.54,500.04,491.01,508.74,545.76,591.33,634.17,665.11,678.82,674.51,655.48,627.91,
264.39,217.73,276.9,380.55,517.05,650.05,754.56,811.36,813.88,766.96,685.19,588.79,
145.29,201.5,326.83,490.1,654.51,786.71,862.87,872.78,820.54,722.52,602.82,487.69,
215.19,320.36,482.42,645.27,758.9,794.04,748.78,646.06,523.86,421.84,368.98,375.94,
225.28,367.14,552.35,720.65,847.36,909.01,899.5,826.12,708.3,572.45,446.42,353.91,
272.85,450.82,637.21,794.56,896.79,929.26,891.54,796.17,665.31,525.93,404.42,321.77,
613.98,800.54,916.24,956.47,916.24,810.87,666.1,513.57,383.77,300.29,275.7,309.99,
878.79,1001.28,1031.49,970.59,835.84,658.24,475.15,322.72,228.83,208.22,260.36,370.54,
679.2,629.78,585.91,539.33,509.18,494.57,495.38,506.06,521.19,535.64,546.2,551.54,
603.4,570.23,547.98,536.68,533.23,534.07,536.48,538.87,540.57,541.49,541.82,541.81,
800.34,791.54,753.78,696.4,629.87,564.45,508.88,469.33,448.99,448.0,463.85,492.09,
476.85,481.7,505.99,529.62,546.65,557.06,562.63,565.21,566.18,566.4,566.33,566.19,
560.84,473.43,484.67,532.76,528.43,557.58,593.66,597.16,603.98,607.26,593.83,581.86,
431.28,474.16,515.73,546.11,565.14,575.71,580.92,583.11,583.8,583.85,583.68,583.49,
565.4,576.07,581.31,581.37,577.27,570.45,562.47,554.78,548.49,544.29,542.41,542.69,
502.59,522.5,542.89,557.85,566.85,571.33,573.04,573.33,573.05,572.65,572.32,572.11,
558.97,565.89,567.02,565.96,564.49,563.31,562.53,562.11,561.92,561.86,561.85,561.86,
565.28,564.52,562.1,559.83,558.22,557.27,556.78,556.57,556.51,556.51,556.52,556.54,
769.55,727.94,665.24,593.49,524.1,466.76,428.21,411.65,416.71,439.96,475.8,517.5,
775.5,704.9,648.16,611.32,590.95,581.49,578.15,577.71,578.35,579.15,579.8,580.22,
1055.31,951.66,846.97,765.46,709.36,673.67,652.26,640.05,633.41,629.97,628.29,627.53,
786.86,752.92,726.21,705.19,688.66,675.65,665.41,657.36,651.02,646.03,642.11,639.02,
819.12,786.31,759.97,738.84,721.87,708.26,697.33,688.56,681.52,675.87,671.34,667.7,
905.85,861.66,825.61,796.19,772.18,752.59,736.61,723.57,712.93,704.24,697.16,691.38,
909.67,875.85,847.49,823.7,803.75,787.02,772.99,761.23,751.36,743.08,736.14,730.32,
461.06,499.99,529.66,552.28,569.53,582.68,592.71,600.35,606.17,610.61,614.0,616.58,
442.98,482.75,512.61,535.02,551.85,564.48,573.97,581.09,586.43,590.45,593.46,595.72,
293.11,356.0,403.6,439.62,466.87,487.5,503.12,514.93,523.87,530.64,535.76,539.63,
182.12,421.28,388.33,531.5,454.97,563.95,477.8,572.19,486.8,572.97,491.36,571.52,
499.22,441.35,565.01,482.2,582.94,496.46,586.52,502.57,585.86,506.1,584.02,508.75,
477.53,483.4,487.98,491.55,494.34,496.51,498.2,499.52,500.55,501.35,501.98,502.47,
637.44,612.02,592.2,576.72,564.65,555.23,547.88,542.14,537.66,534.17,531.45,529.32,
775.01,745.57,646.96,650.3,582.2,600.67,549.79,574.49,533.89,560.4,526.38,552.57,
743.29,636.03,633.78,577.22,598.32,559.71,586.24,555.09,581.59,554.45,579.35,555.0,
885.36,844.39,681.71,723.84,610.37,681.59,585.37,666.79,576.62,661.6,573.56,659.77,
751.34,594.21,446.02,343.92,312.74,359.01,469.66,615.62,759.5,865.11,906.6,874.69,
351.85,247.51,284.14,439.47,649.16,833.06,925.46,898.3,769.05,591.44,433.51,351.85,
361.64,412.64,548.01,701.31,806.28,824.56,758.53,645.58,538.45,481.3,492.29,558.93,
444.29,600.06,753.3,840.69,834.01,747.54,626.95,526.49,485.42,513.51,590.64,678.78,
712.72,688.07,671.77,660.99,653.87,649.15,646.04,643.98,642.61,641.71,641.12,640.72,
666.99,651.37,640.78,633.58,628.7,625.39,623.14,621.61,620.58,619.88,619.4,619.07,
661.01,648.2,639.54,633.7,629.75,627.08,625.29,624.07,623.25,622.7,622.32,622.07,
517.17,548.1,568.4,581.71,590.45,596.18,599.93,602.4,604.02,605.08,605.77,606.23,
774.96,727.18,696.76,677.39,665.05,657.2,652.2,649.01,646.99,645.7,644.87,644.35,
771.06,727.22,699.35,681.62,670.35,663.19,658.63,655.74,653.89,652.72,651.98,651.5,
735.23,706.75,688.63,677.11,669.78,665.11,662.15,660.26,659.06,658.29,657.81,657.5,
924.46,842.39,788.73,753.65,730.72,715.72,705.92,699.51,695.32,692.58,690.79,689.62,
776.31,747.59,728.71,716.29,708.13,702.76,699.23,696.91,695.39,694.38,693.73,693.29,
617.57,640.95,655.5,664.55,670.19,673.69,675.87,677.23,678.08,678.6,678.93,679.13,
437.8,515.26,566.19,599.68,621.71,636.19,645.71,651.97,656.08,658.79,660.57,661.74,
310.07,482.43,682.84,826.59,861.25,802.17,684.68,563.37,485.94,472.37,516.61,591.7,
302.94,526.87,755.75,907.82,953.33,892.67,758.51,600.05,466.87,394.29,395.08,458.87,
363.23,641.46,890.43,1054.29,1102.16,1033.09,873.65,669.27,471.89,327.21,264.48,291.18,
464.07,771.38,1021.25,1164.27,1177.98,1069.65,872.3,635.59,413.73,253.47,184.55,214.64,
675.13,864.35,982.75,1017.96,974.08,868.91,729.0,583.84,460.16,377.46,345.46,363.56,
877.65,1034.13,1093.21,1053.23,931.8,760.41,577.07,418.26,312.12,273.82,303.96,389.91,
724.88,790.01,816.22,807.6,771.96,719.16,659.4,601.83,553.56,519.1,500.31,496.61,
683.87,633.48,593.95,571.57,562.09,559.69,560.18,561.34,562.28,562.82,563.06,563.12,
755.15,675.58,618.49,589.27,579.09,578.26,580.48,582.75,584.19,584.85,585.04,585.02,
540.33,554.18,563.62,570.05,574.43,577.41,579.45,580.83,581.78,582.42,582.86,583.16,
714.65,684.03,663.36,649.41,639.99,633.64,629.34,626.45,624.49,623.17,622.28,621.68,
612.63,614.47,615.76,616.67,617.31,617.75,618.06,618.28,618.44,618.54,618.62,618.67,
531.83,553.16,567.46,577.05,583.47,587.78,590.67,592.6,593.9,594.77,595.36,595.75,
703.41,678.46,661.43,649.82,641.9,636.49,632.81,630.29,628.58,627.41,626.61,626.06,
617.8,609.7,604.33,600.76,598.4,596.83,595.79,595.1,594.64,594.34,594.14,594.0,
653.26,628.16,611.03,599.33,591.34,585.89,582.17,579.62,577.88,576.7,575.89,575.34,
634.39,617.06,605.34,597.4,592.03,588.4,585.95,584.28,583.16,582.4,581.88,581.53,
730.44,689.68,661.77,642.67,629.6,620.65,614.52,610.33,607.46,605.49,604.15,603.23,
836.02,912.25,888.76,801.29,694.57,606.31,557.82,552.29,579.05,620.75,660.54,686.96,
868.49,812.37,718.23,626.19,562.82,537.63,545.77,574.1,607.71,634.97,649.84,651.92,
679.16,493.78,394.68,391.21,458.04,553.25,637.0,684.35,689.49,662.39,621.09,583.39,
401.97,272.51,276.6,378.63,519.28,641.48,708.96,713.13,668.81,603.29,543.99,509.2,
481.61,513.18,537.14,555.31,569.11,579.57,587.51,593.54,598.11,601.58,604.21,606.2,
391.35,438.1,473.72,500.86,521.54,537.3,549.31,558.46,565.43,570.74,574.79,577.87,
403.92,444.67,475.47,498.75,516.35,529.65,539.7,547.3,553.04,557.38,560.66,563.14,
387.67,487.83,603.22,705.12,769.85,784.24,748.04,673.22,580.26,492.69,431.24,409.02,
274.21,341.06,446.34,563.59,666.36,733.85,754.91,729.48,667.53,585.98,504.31,440.18,
175.32,228.62,272.09,307.56,336.5,360.1,379.36,395.07,407.89,418.35,426.88,433.84,
219.61,252.81,280.64,303.97,323.52,339.91,353.65,365.17,374.82,382.91,389.7,395.38,
312.22,330.81,346.36,359.36,370.23,379.32,386.92,393.28,398.6,403.05,406.77,409.88,
413.52,416.47,418.94,421.01,422.74,424.19,425.41,426.43,427.28,427.99,428.59,429.09,
441.11,442.02,442.77,443.39,443.91,444.33,444.68,444.97,445.21,445.41,445.57,445.71,
844.01,942.46,967.85,923.91,824.52,690.58,546.07,414.09,313.43,256.16,246.49,280.96,
1002.66,1055.11,1039.76,963.89,842.17,694.24,541.66,404.96,300.97,240.93,229.37,264.09,
987.55,969.91,903.26,799.88,675.86,548.78,435.25,348.91,298.86,288.83,317.11,377.16,
642.28,628.68,618.24,610.22,604.07,599.34,595.72,592.93,590.8,589.15,587.89,586.93,
790.95,752.65,722.76,699.42,681.19,666.97,655.86,647.19,640.42,635.14,631.01,627.79,
639.35,631.18,624.92,620.11,616.42,613.6,611.43,609.76,608.48,607.5,606.75,606.18,
716.2,645.65,572.69,503.63,443.89,397.67,367.64,354.88,358.94,378.0,409.15,448.71,
673.57,660.61,650.38,642.31,635.94,630.92,626.96,623.83,621.36,619.42,617.88,616.67,
919.53,863.08,817.85,781.63,752.61,729.36,710.74,695.82,683.87,674.3,666.63,660.49,
627.22,617.63,610.44,605.05,601.01,597.98,595.71,594.0,592.72,591.77,591.05,590.51,
668.99,905.35,611.46,837.24,568.27,792.36,546.93,766.33,539.48,751.08,539.1,741.29,
838.96,519.42,780.81,493.81,754.22,488.52,741.11,491.03,733.15,496.03,727.02,501.54,
185.38,501.93,342.46,595.5,419.22,635.29,458.4,650.36,479.89,654.18,492.93,653.01,
642.34,543.78,636.35,553.11,630.63,560.45,625.45,566.34,620.89,571.14,616.94,575.09,
429.63,446.78,482.56,508.97,528.46,542.85,553.46,561.3,567.08,571.35,574.5,576.82,
411.75,432.98,472.76,502.22,524.04,540.2,552.17,561.03,567.59,572.45,576.05,578.72,
439.0,458.33,484.67,496.58,512.87,520.21,530.28,534.81,541.03,543.82,547.67,549.39,
376.49,379.31,430.36,431.37,464.42,464.55,485.95,485.69,499.55,499.16,508.15,507.75,
252.53,266.48,336.62,344.81,391.49,396.21,427.3,429.95,450.66,452.1,465.9,466.65,
203.39,253.95,358.53,439.92,551.47,632.82,723.92,779.2,830.32,844.67,848.91,821.16,
193.84,244.45,258.24,293.71,304.46,329.35,337.63,355.13,361.46,373.77,378.57,387.25,
218.28,224.19,282.53,288.09,327.93,332.77,360.0,364.01,382.64,385.87,398.63,401.16,
273.41,349.05,323.07,373.74,357.51,391.49,381.42,404.23,398.03,413.35,409.57,419.88,
576.55,698.33,642.46,601.23,570.81,548.36,531.79,519.57,510.55,503.89,498.98,495.36,
845.75,840.35,748.99,684.54,639.08,607.0,584.37,568.41,557.15,549.21,543.6,539.65,
958.23,888.19,786.0,716.78,669.88,638.12,616.6,602.02,592.14,585.45,580.92,577.85,
898.82,824.67,738.4,685.24,652.49,632.31,619.88,612.22,607.5,604.59,602.8,601.7,
777.01,682.64,642.84,618.02,602.55,592.91,586.9,583.16,580.82,579.36,578.46,577.89,
594.05,497.53,526.45,544.22,555.14,561.86,565.99,568.52,570.08,571.04,571.63,571.99,
574.02,709.84,690.86,676.6,665.88,657.82,651.77,647.22,643.8,641.24,639.31,637.86,
732.88,727.91,712.02,700.51,692.17,686.13,681.75,678.58,676.28,674.62,673.41,672.54,
582.74,413.68,477.09,519.31,547.43,566.16,578.63,586.93,592.46,596.15,598.6,600.23,
415.52,487.93,522.23,544.34,558.59,567.77,573.68,577.5,579.95,581.54,582.56,583.21,
680.14,698.95,685.77,656.54,625.92,603.47,592.7,592.4,598.69,607.24,614.68,619.23,
717.42,729.98,699.06,650.09,604.36,574.29,562.98,566.8,578.98,592.77,603.46,609.03,
886.89,846.84,780.38,735.71,705.68,685.5,671.93,662.81,656.68,652.56,649.79,647.93,
790.54,714.71,679.76,657.81,644.03,635.37,629.93,626.52,624.37,623.03,622.18,621.65,
705.76,694.48,685.53,678.43,672.81,668.35,664.82,662.02,659.79,658.03,656.64,655.53,
542.02,551.37,558.65,564.32,568.73,572.16,574.83,576.91,578.53,579.79,580.77,581.53,
321.04,324.89,381.78,462.79,547.45,617.3,663.0,681.77,677.17,656.23,627.43,598.47,
167.26,193.21,290.03,401.6,512.81,597.92,649.97,666.44,653.96,622.02,581.82,542.98,
92.83,175.87,307.02,445.39,566.14,649.93,690.8,691.23,661.03,613.11,560.63,514.39,
196.77,331.8,467.36,583.11,659.51,693.05,687.19,652.9,603.38,551.69,508.04,478.69,
256.66,372.48,489.94,577.28,632.47,651.45,641.46,610.95,570.73,530.08,496.23,473.26,
554.74,711.56,774.23,790.19,746.12,674.8,590.34,515.14,460.14,432.42,430.87,450.23,
912.34,1020.48,1008.36,907.0,747.02,575.05,428.51,335.95,308.42,341.95,419.59,517.73,
855.82,816.36,752.06,644.65,546.09,465.91,424.55,420.97,450.81,500.36,555.46,602.52,
787.88,719.24,619.61,530.41,462.78,431.59,435.06,466.97,514.23,563.64,603.51,626.73,
560.53,440.6,401.0,389.73,430.74,489.75,557.31,610.75,642.14,646.37,628.17,595.6,
333.59,266.48,305.59,423.71,571.78,697.79,763.99,757.18,689.56,591.35,498.53,440.38,
452.86,551.49,613.35,626.34,604.03,569.79,542.96,532.12,535.66,546.43,556.99,562.9,
591.34,667.29,672.56,633.0,582.01,544.33,529.62,534.64,549.59,564.63,573.75,575.69,
591.52,646.0,672.15,668.15,641.66,605.48,572.57,552.13,547.66,557.07,574.56,593.14,
837.58,874.66,802.14,710.79,605.75,529.93,490.78,493.32,525.77,573.43,619.76,652.94,
734.38,635.36,583.99,574.11,587.51,607.0,622.2,629.77,630.94,628.65,625.56,623.23,
513.58,388.44,408.01,495.96,585.47,640.82,656.6,645.43,624.46,606.54,597.22,596.06,
761.56,760.22,685.25,630.54,575.73,550.39,543.09,554.57,573.25,593.39,608.55,616.85,
706.15,624.89,576.75,535.25,524.49,529.72,548.19,568.46,585.4,594.91,597.08,593.58,
658.37,611.93,558.82,538.21,533.54,547.28,566.65,586.35,600.04,606.39,605.75,600.61,
733.16,669.57,598.72,505.46,472.58,463.15,480.1,523.94,569.8,610.8,638.57,647.02,
742.55,656.37,551.71,479.65,443.02,442.69,476.06,526.84,580.88,625.27,650.97,655.58,
712.33,600.66,515.06,448.18,426.52,444.64,489.24,548.89,605.7,647.16,666.65,662.82,
575.69,497.96,437.79,430.02,457.08,505.74,566.1,619.13,654.81,668.68,660.51,636.29,
286.94,259.1,276.38,399.78,537.81,654.78,739.77,762.93,728.35,656.58,568.09,488.84,
125.51,136.06,298.96,498.8,672.24,813.28,855.2,808.72,711.79,580.42,464.24,395.53,
164.73,342.67,543.87,692.57,795.71,789.74,701.77,590.75,472.81,397.9,387.97,424.34,
262.86,468.8,617.62,764.77,798.3,732.68,643.68,518.48,418.87,384.57,391.64,447.48,
222.34,340.41,437.6,500.93,532.22,540.14,534.63,523.84,513.07,504.91,500.03,497.94,
756.43,810.94,754.29,654.83,563.45,505.39,483.9,489.19,507.43,526.98,541.06,547.7,
720.27,677.47,611.14,552.72,515.4,499.5,498.89,506.01,514.85,521.95,526.09,527.55,
507.28,473.93,469.05,478.99,492.86,504.4,511.36,514.09,514.01,512.64,511.08,509.9,
703.44,652.27,593.09,549.92,528.47,524.12,529.06,536.61,542.85,546.42,547.56,547.22,
569.16,533.43,521.09,523.3,531.13,538.72,543.57,545.54,545.56,544.72,543.79,543.15,
524.74,528.08,540.57,551.97,558.98,561.95,562.43,561.83,561.06,560.49,560.2,560.11,
526.29,552.23,566.51,574.37,578.69,581.08,582.39,583.11,583.5,583.72,583.84,583.91,
558.71,571.06,577.43,579.83,580.17,579.73,579.18,578.76,578.53,578.42,578.39,578.4,
355.54,447.16,498.64,527.57,543.82,552.95,558.08,560.96,562.58,563.49,564.0,564.29,
582.55,577.17,573.29,570.5,568.48,567.02,565.98,565.22,564.67,564.28,563.99,563.79,
594.33,582.74,574.16,567.81,563.12,559.64,557.07,555.17,553.76,552.72,551.95,551.38,
767.84,773.77,712.94,620.7,534.08,479.53,466.94,490.39,533.81,578.53,609.91,621.04,
701.03,630.71,554.5,499.13,478.01,489.97,523.15,561.45,590.93,603.91,600.0,584.55,
600.73,522.64,477.52,472.31,499.07,541.19,581.01,605.92,611.29,600.07,580.0,559.87,
719.58,695.96,677.61,663.36,652.3,643.71,637.04,631.86,627.83,624.71,622.28,620.4,
979.19,874.46,776.94,707.62,664.85,641.07,629.02,623.53,621.36,620.71,620.66,620.8,
762.05,682.16,636.43,613.71,604.13,601.04,600.68,601.18,601.79,602.24,602.52,602.67,
666.16,631.14,616.66,611.97,611.35,612.06,612.96,613.67,614.14,614.41,614.55,614.62,
418.32,356.11,351.37,393.29,463.41,541.07,608.27,652.9,670.16,661.99,635.36,599.7,
409.28,419.31,466.59,528.04,582.93,617.98,628.96,619.38,597.45,572.55,552.32,541.04,
285.79,323.93,403.59,501.03,593.14,662.04,697.81,699.09,671.8,626.65,576.09,531.42,
293.18,380.94,488.97,590.57,665.45,702.85,701.93,670.16,620.11,565.82,519.59,489.68,
295.37,354.49,478.89,468.82,526.03,505.13,536.13,518.07,536.81,523.52,535.53,526.26,
261.87,405.76,429.35,486.36,478.83,506.78,494.53,510.95,500.24,511.0,502.78,510.22,
533.8,551.22,544.26,532.09,521.79,514.93,510.99,509.01,508.16,507.88,507.85,507.89,
673.2,591.21,554.57,530.67,522.56,514.72,513.78,510.63,511.29,509.67,510.51,509.5,
543.29,523.29,520.08,512.72,514.0,510.4,512.24,510.05,511.62,510.12,511.33,510.26,
677.16,620.67,575.15,548.61,537.37,535.06,536.53,538.79,540.55,541.56,541.97,542.04,
645.2,549.41,581.01,531.29,563.04,531.24,556.05,533.95,552.26,536.49,549.79,538.44,
687.65,663.52,645.51,632.07,622.05,614.57,608.99,604.83,601.72,599.4,597.67,596.38,
583.42,586.0,587.94,589.41,590.52,591.36,591.99,592.47,592.83,593.1,593.31,593.46,
444.4,532.76,506.94,573.0,532.93,589.69,543.74,596.6,548.25,599.45,550.14,600.61,
364.59,386.63,491.86,470.07,546.57,505.94,570.08,521.36,580.19,527.98,584.54,530.83,
541.29,600.3,542.81,601.31,543.47,601.75,543.77,601.95,543.9,602.04,543.96,602.07,
894.73,719.27,690.17,545.74,560.95,475.25,534.15,487.67,563.15,527.99,597.53,557.94,
562.87,552.7,556.24,562.18,566.58,568.96,569.91,570.13,570.07,569.96,569.87,569.83,
673.1,640.6,605.05,572.61,547.43,531.66,525.53,527.79,536.22,548.17,561.04,572.71,
755.6,649.04,542.96,458.69,409.69,400.17,425.72,475.56,535.77,592.56,635.03,656.94,
772.53,666.02,568.01,491.34,443.24,425.29,434.31,463.74,505.26,550.39,591.74,623.93,
699.31,576.59,471.06,396.65,360.51,362.9,398.07,456.02,524.64,591.83,647.4,684.41,
1008.53,921.71,835.56,770.0,726.22,699.42,684.13,675.95,671.88,670.02,669.27,669.04,
695.34,644.54,626.81,623.62,625.43,628.09,630.18,631.48,632.17,632.49,632.6,632.62,
559.15,557.48,574.92,593.02,605.81,613.01,616.25,617.26,617.26,616.94,616.62,616.4,
460.58,506.2,556.86,592.43,610.52,616.11,615.21,612.22,609.45,607.7,606.91,606.73,
170.67,224.39,309.35,476.59,650.67,778.67,860.46,873.4,818.68,723.26,609.63,503.98,
195.01,287.04,421.93,571.06,706.45,805.67,855.18,851.76,801.93,719.68,623.17,531.1,
204.54,349.49,521.83,683.62,807.56,875.68,882.46,834.07,745.95,638.83,534.38,451.15,
288.27,458.67,631.28,775.05,867.91,898.95,869.31,790.63,681.95,565.51,462.57,389.77,
692.15,891.87,999.86,992.13,876.19,687.6,479.28,306.84,213.82,220.87,321.4,484.59,
724.11,862.58,918.8,889.92,784.49,629.51,463.56,327.2,253.08,258.11,339.67,476.57,
697.34,644.84,596.34,564.0,547.8,542.85,543.84,546.89,549.83,551.84,552.89,553.23,
823.29,837.37,805.97,739.13,652.32,563.12,487.8,438.57,421.77,437.25,479.11,537.23,
717.4,727.89,714.31,681.91,638.42,592.47,552.04,523.18,509.26,510.75,525.5,549.39,
619.1,606.82,594.08,582.5,574.04,569.62,569.33,572.48,577.88,584.16,590.04,594.55,
613.26,605.46,598.02,592.21,588.75,587.81,589.09,591.93,595.53,599.1,602.01,603.86,
463.47,488.44,489.26,534.99,590.2,619.44,643.54,650.76,635.3,613.16,588.09,564.34,
601.68,603.03,602.69,601.05,598.68,596.2,594.16,592.91,592.57,593.05,594.11,595.42,
695.01,666.5,631.0,596.45,568.96,552.13,546.87,551.76,563.84,579.44,594.97,607.62,
702.13,693.65,635.06,611.4,585.55,557.62,558.95,569.86,584.04,607.07,626.32,637.11,
596.11,556.55,503.35,509.45,551.76,598.96,628.25,632.68,618.8,599.1,584.38,579.51,
556.43,496.38,506.8,544.91,583.56,606.21,609.64,600.07,586.72,576.74,573.01,574.61,
609.53,555.76,516.4,496.88,497.08,512.95,538.24,566.09,590.53,607.47,615.12,613.86,
532.89,502.84,488.04,488.89,503.65,528.43,558.17,587.52,611.8,627.59,633.26,628.95,
779.55,750.04,708.68,674.72,652.63,640.65,635.39,633.85,634.0,634.68,635.35,635.84,
655.1,667.69,599.96,563.14,551.84,532.37,541.74,563.26,583.94,609.48,627.94,635.77,
694.77,624.42,587.73,560.19,531.78,534.38,548.8,570.04,598.92,622.36,637.35,643.03,
633.2,589.32,561.92,515.23,514.38,530.15,549.64,586.98,618.5,638.51,649.9,645.26,
536.25,488.35,438.55,524.41,522.81,586.55,647.11,639.63,670.54,641.78,605.89,588.9,
36.93,169.33,377.48,555.03,652.29,669.42,634.87,583.16,539.98,516.95,513.55,522.51,
180.39,341.16,539.73,728.14,864.78,923.34,897.35,800.0,659.39,510.96,388.86,318.32,
178.59,403.11,613.31,781.76,883.39,882.0,795.8,658.32,506.23,381.51,313.25,311.76,
288.28,406.99,488.39,530.42,543.12,539.15,528.81,518.49,511.06,506.98,505.54,505.69,
274.14,359.15,423.82,464.76,486.4,495.18,496.76,495.12,492.61,490.37,488.77,487.83,
363.48,411.61,440.3,455.83,463.3,466.27,466.99,466.75,466.21,465.69,465.28,465.01,
574.0,588.65,570.8,543.92,520.06,503.44,494.02,489.96,489.15,489.9,491.1,492.19,
776.22,875.95,929.02,931.55,886.08,800.88,688.65,564.66,444.8,343.53,272.23,237.95,
1121.73,1139.91,1077.02,946.44,769.47,572.49,383.22,226.83,122.73,82.24,107.46,191.49,
1349.77,1271.18,1107.22,890.99,655.4,432.0,247.77,122.31,66.07,79.88,155.69,278.42,
1351.1,1266.92,1194.22,1131.44,1077.22,1030.4,989.96,955.04,924.89,898.84,876.35,856.93,
632.25,387.54,289.04,310.6,402.15,512.48,603.9,657.84,672.99,659.36,631.3,601.94,
879.86,658.41,446.68,271.07,150.67,95.81,107.52,178.24,293.58,434.78,581.47,714.45,
663.89,461.64,289.87,166.81,103.49,102.79,159.73,262.76,395.63,539.81,676.87,790.73,
545.98,377.9,246.66,163.61,133.39,154.46,219.84,318.35,436.21,558.8,672.32,765.21,
952.06,904.63,847.92,798.95,761.46,734.46,715.68,702.91,694.35,688.67,684.92,682.46,
863.42,805.77,758.73,724.02,699.88,683.72,673.2,666.49,662.29,659.69,658.1,657.13,
712.41,681.0,667.21,661.7,659.89,659.61,659.87,660.25,660.59,660.85,661.04,661.17,
964.59,921.34,872.69,830.92,798.16,773.43,755.1,741.63,731.77,724.57,719.31,715.48,
586.35,599.73,610.69,619.67,627.02,633.03,637.96,641.99,645.3,648.0,650.21,652.03,
533.54,552.89,568.77,581.83,592.55,601.36,608.59,614.53,619.42,623.43,626.72,629.43,
438.69,470.65,497.07,518.89,536.92,551.82,564.13,574.3,582.71,589.65,595.39,600.13,
567.34,581.54,593.17,602.69,610.48,616.87,622.1,626.38,629.88,632.75,635.1,637.03,
436.92,467.36,492.45,513.14,530.19,544.24,555.83,565.38,573.25,579.74,585.09,589.5,
394.58,431.77,462.79,488.67,510.26,528.26,543.29,555.82,566.27,574.99,582.27,588.33,
302.97,347.58,385.16,416.81,443.47,465.92,484.84,500.77,514.19,525.49,535.01,543.03,
299.66,341.69,377.24,407.32,432.77,454.31,472.53,487.95,500.99,512.03,521.36,529.26,
234.08,280.32,319.86,353.66,382.55,407.26,428.38,446.44,461.88,475.08,486.37,496.02,
225.72,265.12,299.07,328.33,353.54,375.26,393.98,410.12,424.02,436.0,446.32,455.22,
287.74,303.57,317.68,330.28,341.52,351.54,360.49,368.47,375.58,381.93,387.6,392.65,
435.04,439.48,443.41,446.87,449.92,452.62,455.0,457.1,458.96,460.59,462.04,463.31,
598.23,587.95,578.98,571.15,564.31,558.35,553.14,548.59,544.62,541.16,538.14,535.5,
1114.66,1202.4,1148.78,1011.93,847.89,699.73,592.89,535.78,523.7,544.2,582.18,623.96,
784.73,755.46,731.17,711.01,694.27,680.39,668.87,659.31,651.37,644.78,639.32,634.78,
802.97,797.68,748.88,718.83,700.32,688.93,681.91,677.59,674.92,673.29,672.28,671.66,
769.31,778.62,787.93,797.24,806.55,815.86,825.17,834.48,843.79,853.1,862.41,871.72,
1069.4,1178.75,1098.15,1207.49,1126.9,1236.24,1155.65,1264.99,1184.4,1293.74,1213.15,1322.48,
856.08,750.85,782.87,754.38,752.57,739.0,730.62,719.94,710.28,700.17,690.25,680.25,
498.45,566.62,435.26,470.0,384.49,393.84,332.24,325.48,277.19,260.75,220.07,197.93,
706.16,801.82,799.53,797.7,796.22,795.03,794.08,793.31,792.7,792.2,791.8,791.48,
662.67,550.22,529.05,470.37,453.36,435.81,443.01,459.34,490.73,529.16,573.52,618.21,
732.28,751.3,742.86,736.31,731.24,727.3,724.25,721.88,720.05,718.62,717.52,716.66,
670.37,633.32,615.56,612.58,618.04,626.36,633.9,638.98,641.41,641.82,641.07,639.92,
644.86,664.7,666.26,657.07,644.32,633.04,625.67,622.54,622.65,624.56,626.97,629.0,
611.99,509.98,486.11,508.26,548.14,586.76,614.75,630.08,635.0,633.33,628.74,623.84,
412.48,266.94,264.4,347.06,458.51,557.89,624.18,653.62,653.58,636.13,612.94,592.41,
259.25,241.16,318.19,433.94,544.28,623.62,664.13,670.77,655.09,629.71,604.78,586.39,
261.94,355.84,476.31,582.98,654.05,684.86,682.65,660.31,630.99,604.71,586.97,579.07,
395.51,519.75,614.33,665.65,675.37,654.91,619.39,582.63,554.17,538.31,534.79,540.39,
438.72,432.17,451.59,481.67,510.95,532.91,545.46,549.57,547.79,542.97,537.5,532.93,
142.74,118.69,188.5,244.07,288.3,323.5,351.52,373.82,391.57,405.7,416.95,425.9,
90.87,150.66,216.46,268.73,310.24,343.21,369.4,390.19,406.71,419.83,430.25,438.53,
145.72,212.15,258.58,295.92,325.94,350.09,369.51,385.12,397.68,407.78,415.9,422.43,
244.1,308.61,337.96,361.26,379.76,394.45,406.12,415.38,422.74,428.58,433.22,436.9,
233.33,267.21,202.43,254.05,210.19,215.43,224.74,187.45,217.56,183.72,191.47,188.73,
490.56,514.14,491.57,528.49,512.84,528.29,539.61,531.67,556.41,547.27,562.82,568.64,
907.74,1052.87,1047.13,934.1,769.0,603.2,473.79,399.39,381.14,407.36,459.75,519.31,
969.96,931.34,820.1,685.39,564.85,480.19,437.86,432.8,453.45,486.55,520.57,547.71,
614.99,710.99,706.68,663.21,764.1,675.55,757.67,735.79,731.0,787.05,735.11,798.45,
906.33,952.01,955.54,975.32,988.83,1004.76,1019.76,1035.12,1050.34,1065.61,1080.87,1096.12,
877.1,827.34,857.7,847.14,857.48,857.15,862.26,864.6,868.35,871.38,874.78,877.99,
439.72,352.46,359.09,330.03,314.53,293.88,275.19,255.75,236.6,217.33,198.11,178.88,
229.62,202.28,294.66,412.39,504.69,556.49,573.65,569.7,557.42,545.2,536.84,532.86,
301.33,424.88,527.05,589.77,614.63,612.95,597.99,580.29,566.08,557.64,554.52,555.03,
499.88,513.64,523.18,529.78,534.35,537.52,539.71,541.23,542.28,543.01,543.51,543.86,
612.08,606.14,601.68,598.33,595.81,593.92,592.51,591.44,590.64,590.04,589.59,589.26,
679.3,642.24,615.16,595.36,580.88,570.3,562.57,556.91,552.78,549.76,547.55,545.94,
514.49,517.71,520.01,521.66,522.83,523.68,524.28,524.71,525.02,525.24,525.4,525.51,
764.1,708.77,668.44,639.05,617.62,602.0,590.62,582.32,576.27,571.86,568.65,566.31,
725.58,672.53,634.71,607.76,588.54,574.84,565.07,558.11,553.15,549.61,547.09,545.29,
529.86,529.76,529.7,529.65,529.62,529.59,529.58,529.57,529.56,529.55,529.55,529.55,
395.21,426.09,447.17,461.57,471.4,478.12,482.7,485.84,487.97,489.43,490.43,491.11,
313.04,364.11,399.83,424.8,442.27,454.48,463.02,468.99,473.17,476.09,478.13,479.56,
268.14,317.09,352.26,377.52,395.66,408.69,418.06,424.78,429.61,433.08,435.58,437.37,
274.95,315.23,344.77,366.42,382.29,393.93,402.46,408.71,413.3,416.66,419.12,420.93,
330.1,359.18,380.27,395.56,406.65,414.69,420.53,424.75,427.82,430.05,431.66,432.83,
615.35,570.52,539.45,517.9,502.96,492.6,485.42,480.44,476.99,474.59,472.93,471.78,
625.1,553.44,510.04,490.77,485.31,485.62,487.37,488.82,489.64,489.98,490.07,490.05,
734.91,671.82,625.03,590.34,564.62,545.55,531.4,520.92,513.14,507.38,503.1,499.93,
723.32,666.44,624.26,592.97,569.76,552.55,539.78,530.31,523.29,518.08,514.22,511.35,
701.83,652.13,615.91,589.5,570.25,556.22,545.99,538.53,533.09,529.13,526.24,524.14,
422.94,313.24,270.29,318.52,440.14,592.99,725.27,793.13,775.11,678.95,538.39,401.36,
365.97,350.04,408.84,520.23,643.93,736.05,764.69,720.93,621.56,502.67,406.58,366.77,
347.02,412.36,551.11,697.68,799.5,820.08,752.08,619.94,471.11,358.97,323.73,377.98,
384.76,449.69,489.94,514.89,530.35,539.94,545.88,549.56,551.84,553.26,554.13,554.68,
613.1,608.69,605.86,604.05,602.89,602.15,601.68,601.38,601.18,601.06,600.98,600.93,
436.64,483.89,513.01,530.96,542.03,548.85,553.06,555.65,557.25,558.23,558.84,559.22,
590.19,578.8,572.25,568.48,566.31,565.06,564.35,563.93,563.7,563.56,563.48,563.44,
704.51,654.69,625.66,608.74,598.88,593.14,589.79,587.84,586.7,586.04,585.65,585.43,
829.11,732.2,673.83,638.67,617.49,604.73,597.05,592.42,589.64,587.96,586.95,586.34,
717.38,662.87,626.9,603.16,587.5,577.17,570.35,565.85,562.88,560.92,559.63,558.77,
827.73,751.87,700.62,665.99,642.6,626.79,616.11,608.89,604.02,600.72,598.5,596.99,
745.67,696.31,663.54,641.78,627.33,617.73,611.36,607.13,604.32,602.46,601.22,600.4,
730.3,690.28,663.47,645.49,633.45,625.37,619.96,616.34,613.91,612.28,611.19,610.46,
672.06,690.63,674.5,642.15,612.04,595.33,593.99,603.21,615.65,625.26,629.22,627.92,
517.25,548.32,568.75,582.18,591.01,596.82,600.64,603.16,604.81,605.89,606.61,607.08,
347.51,329.57,393.2,510.63,637.73,730.35,759.36,719.55,629.6,523.97,439.92,404.59,
203.4,283.49,345.5,393.53,430.73,459.53,481.84,499.12,512.5,522.86,530.89,537.1,
205.03,358.5,562.24,765.21,918.17,985.58,953.8,833.7,657.24,469.04,315.15,231.84,
444.04,643.11,815.82,922.65,942.0,874.26,740.49,576.24,422.27,314.55,276.03,311.92,
817.43,984.38,1045.72,989.77,835.28,625.46,416.05,260.55,196.68,237.3,368.07,552.15,
861.42,948.1,943.61,852.1,698.89,523.59,369.9,274.76,259.53,325.28,453.17,609.81,
731.17,739.52,751.2,728.88,682.03,623.69,567.26,523.79,500.1,498.03,514.82,544.31,
740.47,695.47,625.42,549.5,486.82,451.66,450.42,480.66,532.43,591.29,642.23,673.42,
615.0,557.5,510.66,485.09,484.9,507.41,544.52,585.37,619.3,638.56,639.89,624.89,
593.74,595.48,602.55,609.71,613.93,614.69,613.17,610.99,609.33,608.68,608.86,609.45,
534.88,524.34,529.82,547.7,572.08,596.4,615.13,624.79,624.52,615.84,601.97,586.86,
476.67,486.09,515.83,556.65,598.22,631.49,650.47,653.09,641.09,619.09,593.24,569.63,
445.57,483.4,540.53,601.02,650.04,677.27,678.85,657.47,621.01,579.96,544.66,522.86,
587.6,629.28,655.15,661.05,648.27,622.42,591.54,563.8,545.49,539.79,546.36,561.97,
638.59,657.36,655.37,636.37,607.58,577.43,553.33,540.1,539.18,548.86,565.15,583.12,
640.98,640.8,627.07,604.95,580.75,560.3,547.7,544.63,550.37,562.27,576.71,590.0,
794.02,759.42,689.91,606.38,530.15,478.01,458.86,472.72,511.94,563.97,614.98,653.22,
632.64,613.71,600.61,591.55,585.27,580.93,577.93,575.85,574.41,573.41,572.72,572.25,
925.33,843.74,785.69,744.38,714.99,694.08,679.2,668.61,661.08,655.72,651.91,649.19,
814.08,624.81,609.47,601.83,598.02,596.12,595.18,594.71,594.47,594.35,594.29,594.27,
700.94,725.18,676.78,652.43,640.19,634.03,630.93,629.38,628.59,628.2,628.0,627.9,
687.73,605.97,627.44,638.08,643.35,645.97,647.27,647.91,648.23,648.39,648.46,648.5,
506.12,452.3,547.08,591.85,612.99,622.98,627.69,629.92,630.97,631.47,631.71,631.82,
322.54,301.47,442.12,513.31,549.34,567.58,576.81,581.48,583.85,585.04,585.65,585.96,
183.13,225.61,371.76,456.47,505.57,534.04,550.54,560.1,565.64,568.85,570.72,571.8,
226.46,373.46,526.07,632.34,691.4,710.24,699.81,671.91,637.06,603.2,575.4,555.97,
283.37,364.64,512.0,616.64,678.25,702.51,698.33,675.6,643.48,609.44,578.74,554.49,
216.91,221.54,337.76,404.97,443.84,466.31,479.31,486.83,491.18,493.69,495.14,495.98,
370.98,621.38,569.96,543.66,530.2,523.32,519.79,517.99,517.07,516.6,516.36,516.23,
819.43,882.68,721.07,636.35,591.94,568.66,556.45,550.05,546.7,544.94,544.02,543.54,
641.13,605.21,578.8,559.39,545.13,534.64,526.94,521.27,517.11,514.05,511.8,510.14,
763.69,589.93,419.77,306.44,278.62,334.46,445.92,570.93,668.36,710.91,691.98,625.19,
590.48,512.34,436.04,403.61,416.76,464.5,528.17,587.78,627.72,640.29,626.5,594.4,
573.11,520.95,502.41,511.79,537.02,565.34,587.32,598.56,599.31,592.83,583.46,574.93,
441.93,336.9,341.32,397.59,485.08,578.23,653.5,694.83,696.61,663.64,608.6,547.87,
330.47,306.62,356.8,448.71,545.84,619.07,653.14,647.75,614.0,568.44,527.0,500.59,
315.46,452.43,551.26,638.16,692.9,706.47,681.63,630.45,569.87,516.64,483.14,474.89,
522.73,662.54,745.39,758.15,711.85,633.16,552.92,495.92,474.56,487.77,524.17,567.75,
678.16,772.34,786.08,732.05,640.97,548.46,483.08,459.14,475.26,518.12,569.01,610.69,
767.09,774.07,716.41,625.72,536.82,476.41,456.74,474.96,517.29,565.61,603.87,622.61,
701.84,585.06,482.55,423.38,416.13,450.95,506.97,561.52,597.71,608.37,596.11,570.18,
658.82,612.32,561.47,522.85,505.2,508.71,527.06,550.98,571.8,583.94,585.85,579.48,
706.73,743.26,723.58,670.01,608.55,559.95,535.05,534.4,551.12,575.1,597.02,610.91,
777.05,786.84,736.73,658.63,583.54,532.69,514.09,523.97,551.26,582.94,608.43,622.01,
911.15,832.82,776.46,735.91,706.73,685.73,670.62,659.75,651.93,646.3,642.25,639.33,
773.71,739.34,713.82,694.87,680.8,670.36,662.6,656.85,652.57,649.4,647.04,645.29,
652.28,639.68,630.71,624.33,619.79,616.56,614.26,612.63,611.47,610.64,610.05,609.63,
373.5,429.08,471.11,502.9,526.93,545.11,558.86,569.25,577.11,583.06,587.55,590.95,
331.21,373.91,423.91,498.39,568.21,622.93,653.33,658.2,641.34,610.44,574.5,541.83,
365.85,413.54,487.24,564.48,630.98,675.25,692.17,682.56,652.25,610.18,566.23,529.14,
402.79,434.82,458.78,476.71,490.13,500.18,507.69,513.32,517.53,520.68,523.03,524.8,
342.15,381.68,411.64,434.35,451.56,464.6,474.49,481.99,487.67,491.97,495.24,497.71,
525.55,522.25,519.8,517.99,516.64,515.64,514.9,514.35,513.94,513.63,513.41,513.24,
625.76,599.5,579.36,563.92,552.08,543.0,536.04,530.7,526.61,523.47,521.06,519.22,
642.77,614.69,593.5,577.52,565.46,556.36,549.5,544.32,540.41,537.47,535.24,533.56,
628.33,605.16,588.2,575.79,566.71,560.07,555.21,551.65,549.05,547.14,545.75,544.73,
724.29,678.57,646.77,624.64,609.24,598.53,591.08,585.9,582.29,579.78,578.04,576.82,
685.92,657.91,640.11,628.8,621.61,617.04,614.14,612.29,611.12,610.38,609.9,609.6,
662.81,651.28,643.55,638.36,634.89,632.55,630.99,629.94,629.23,628.76,628.44,628.23,
490.46,529.89,555.61,572.39,583.33,590.47,595.13,598.16,600.14,601.43,602.28,602.83,
622.01,616.83,613.48,611.31,609.9,608.99,608.4,608.02,607.77,607.61,607.51,607.44,
656.36,647.27,641.22,637.19,634.51,632.73,631.54,630.74,630.22,629.86,629.63,629.47,
648.93,634.88,625.52,619.27,615.11,612.33,610.48,609.24,608.42,607.87,607.5,607.26,
618.48,610.68,605.39,601.81,599.39,597.75,596.63,595.88,595.37,595.02,594.79,594.63,
726.66,689.77,664.27,646.64,634.44,626.01,620.18,616.15,613.37,611.44,610.11,609.19,
771.9,726.14,695.4,674.74,660.86,651.53,645.27,641.06,638.23,636.33,635.05,634.19,
662.54,651.33,644.14,639.52,636.56,634.66,633.44,632.65,632.15,631.83,631.62,631.49,
659.18,652.12,647.52,644.52,642.56,641.29,640.46,639.91,639.56,639.33,639.18,639.08,
710.22,690.89,678.35,670.21,664.93,661.5,659.27,657.83,656.89,656.28,655.89,655.63,
801.44,755.93,725.72,705.66,692.35,683.51,677.64,673.75,671.16,669.45,668.31,667.55,
684.23,680.28,677.57,675.72,674.45,673.58,672.99,672.58,672.3,672.11,671.98,671.89,
556.19,586.93,607.38,621.0,630.06,636.09,640.1,642.77,644.55,645.73,646.52,647.04,
305.74,401.34,612.56,659.65,731.06,653.42,653.44,571.8,600.34,560.51,614.02,585.74,
271.65,483.06,606.15,715.93,699.67,692.14,620.56,606.97,565.88,586.78,575.55,607.43,
204.82,279.39,338.03,384.14,420.4,448.91,471.33,488.96,502.83,513.73,522.3,529.04,
256.23,315.82,362.42,398.85,427.33,449.59,467.0,480.61,491.25,499.57,506.08,511.16,
437.54,451.55,462.74,471.68,478.81,484.51,489.06,492.7,495.6,497.92,499.77,501.25,
736.23,625.32,558.49,558.49,558.49,558.49,558.49,558.49,558.49,558.49,558.49,558.49,
603.68,547.23,562.09,562.09,562.09,562.09,562.09,562.09,562.09,562.09,562.09,562.09,
774.77,698.87,631.24,589.57,572.64,571.69,577.75,584.72,589.75,592.29,592.95,592.6,
1160.16,959.33,725.22,649.97,625.78,618.01,615.51,614.71,614.45,614.37,614.34,614.33,
553.7,523.05,541.57,569.91,591.57,603.42,607.85,608.26,607.19,606.01,605.2,604.8,
667.61,649.28,637.75,631.55,628.62,627.43,627.04,626.97,627.01,627.05,627.09,627.11,
656.74,624.61,597.75,578.71,568.43,566.41,571.11,580.41,592.0,603.79,614.1,621.82,
569.88,533.53,514.88,513.95,527.83,551.63,579.65,606.48,627.86,641.16,645.56,641.88,
794.82,760.83,735.25,716.0,701.52,690.62,682.42,676.25,671.6,668.11,665.48,663.5,
799.53,762.33,734.9,714.69,699.79,688.8,680.71,674.74,670.34,667.1,664.71,662.95,
691.11,677.45,667.59,660.46,655.31,651.59,648.9,646.95,645.55,644.53,643.8,643.27,
393.94,364.04,379.9,431.51,504.16,581.82,650.09,698.52,721.78,719.77,696.85,660.35,
519.5,567.4,599.93,616.8,623.02,623.67,622.27,620.63,619.45,618.81,618.55,618.5,
477.81,499.94,530.9,563.59,592.73,615.07,629.31,635.69,635.57,630.84,623.52,615.44,
488.34,519.15,557.19,595.42,628.13,651.48,663.75,665.19,657.62,643.85,627.1,610.42,
509.94,549.3,577.05,592.28,598.51,599.73,598.84,597.5,596.41,595.75,595.43,595.34,
518.14,569.59,617.67,656.09,680.99,691.08,687.38,672.73,651.04,626.57,603.27,584.26,
522.85,576.83,623.05,656.5,675.2,679.63,672.13,656.21,635.79,614.63,595.79,581.37,
503.38,536.17,559.73,573.15,579.13,580.8,580.5,579.62,578.8,578.24,577.94,577.81,
500.72,530.9,552.56,564.77,570.01,571.24,570.71,569.72,568.86,568.3,568.02,567.92,
547.74,617.14,672.92,709.23,723.8,717.75,694.91,660.91,622.14,584.71,553.67,532.43,
567.9,658.04,730.24,775.54,789.89,774.21,733.8,677.1,614.14,554.89,507.76,478.57,
1494.14,1180.61,986.28,865.84,791.18,744.91,716.24,698.46,687.44,680.62,676.38,673.76,
588.8,588.8,588.8,588.8,588.8,588.8,588.8,588.8,588.8,588.8,588.8,588.8,
587.53,587.53,587.53,587.53,587.53,587.53,587.53,587.53,587.53,587.53,587.53,587.53,
617.53,617.53,617.53,617.53,617.53,617.53,617.53,617.53,617.53,617.53,617.53,617.53,
655.2,655.2,655.2,655.2,655.2,655.2,655.2,655.2,655.2,655.2,655.2,655.2,
685.87,685.87,685.87,685.87,685.87,685.87,685.87,685.87,685.87,685.87,685.87,685.87,
708.53,708.53,708.53,708.53,708.53,708.53,708.53,708.53,708.53,708.53,708.53,708.53,
722.53,722.53,722.53,722.53,722.53,722.53,722.53,722.53,722.53,722.53,722.53,722.53,
715.53,715.53,715.53,715.53,715.53,715.53,715.53,715.53,715.53,715.53,715.53,715.53,
713.53,713.53,713.53,713.53,713.53,713.53,713.53,713.53,713.53,713.53,713.53,713.53,
709.53,709.53,709.53,709.53,709.53,709.53,709.53,709.53,709.53,709.53,709.53,709.53,
695.53,695.53,695.53,695.53,695.53,695.53,695.53,695.53,695.53,695.53,695.53,695.53,
693.2,693.2,693.2,693.2,693.2,693.2,693.2,693.2,693.2,693.2,693.2,693.2,
693.53,693.53,693.53,693.53,693.53,693.53,693.53,693.53,693.53,693.53,693.53,693.53,
697.2,697.2,697.2,697.2,697.2,697.2,697.2,697.2,697.2,697.2,697.2,697.2,
703.53,703.53,703.53,703.53,703.53,703.53,703.53,703.53,703.53,703.53,703.53,703.53,
699.53,699.53,699.53,699.53,699.53,699.53,699.53,699.53,699.53,699.53,699.53,699.53,
693.53,693.53,693.53,693.53,693.53,693.53,693.53,693.53,693.53,693.53,693.53,693.53,
686.2,686.2,686.2,686.2,686.2,686.2,686.2,686.2,686.2,686.2,686.2,686.2,
689.8,689.8,689.8,689.8,689.8,689.8,689.8,689.8,689.8,689.8,689.8,689.8,
690.4,690.4,690.4,690.4,690.4,690.4,690.4,690.4,690.4,690.4,690.4,690.4,
691.33,691.33,691.33,691.33,691.33,691.33,691.33,691.33,691.33,691.33,691.33,691.33,
687.93,687.93,687.93,687.93,687.93,687.93,687.93,687.93,687.93,687.93,687.93,687.93,
678.53,678.53,678.53,678.53,678.53,678.53,678.53,678.53,678.53,678.53,678.53,678.53,
667.8,667.8,667.8,667.8,667.8,667.8,667.8,667.8,667.8,667.8,667.8,667.8,
279.07,263.63,248.19,232.75,217.32,201.88,186.44,171.0,155.56,140.12,124.68,109.24,
320.2,299.25,278.31,257.36,236.42,215.47,194.53,173.58,152.64,131.7,110.75,89.81,
302.05,279.62,257.2,234.77,212.35,189.92,167.5,145.07,122.65,100.22,77.8,55.37,
306.92,284.13,261.33,238.54,215.75,192.95,170.16,147.36,124.57,101.77,78.98,56.18,
841.38,802.76,764.14,725.52,686.9,648.28,609.66,571.03,532.41,493.79,455.17,416.55,
1085.43,1043.99,967.72,870.2,764.93,663.95,576.86,510.24,467.5,449.03,452.67,474.37,
955.72,768.08,618.99,541.19,529.14,557.75,599.47,634.55,654.21,658.7,653.24,644.06,
1277.64,1219.38,1112.09,966.84,883.57,835.84,808.47,792.78,783.79,778.63,775.68,773.99,
817.06,631.27,565.8,507.53,513.62,538.55,588.37,640.41,690.43,728.66,753.61,764.19,
655.28,671.68,677.79,681.52,683.82,685.22,686.08,686.6,686.93,687.13,687.25,687.32,
826.28,806.57,790.2,776.59,765.28,755.88,748.07,741.58,736.19,731.71,727.99,724.89,
688.4,687.1,686.03,685.16,684.45,683.87,683.39,683.0,682.69,682.43,682.21,682.04,
585.47,479.41,396.62,342.53,319.19,325.55,357.84,410.28,475.78,546.76,615.96,677.03,
736.49,727.6,709.58,691.72,675.4,663.35,655.7,652.27,652.06,654.0,657.01,660.23,
764.99,751.42,728.54,705.87,685.8,671.12,662.04,658.14,658.18,660.8,664.65,668.71,
732.95,705.78,682.93,663.52,650.82,643.91,642.18,644.01,647.94,652.6,657.01,660.56,
809.41,796.58,758.17,723.8,690.48,666.16,650.05,642.53,641.51,645.1,651.11,657.82,
777.32,737.83,708.58,680.36,661.89,650.45,646.4,647.36,651.68,657.44,663.32,668.35,
484.44,437.01,459.81,499.63,555.15,606.75,649.36,678.01,693.14,696.69,692.15,683.01,
495.99,522.52,548.84,589.3,624.06,653.35,672.77,683.51,686.64,684.55,679.37,673.08,
311.16,301.13,384.79,459.65,548.77,616.96,669.15,697.51,707.61,702.26,687.84,669.04,
148.0,163.78,253.85,385.81,513.62,638.19,737.65,801.1,829.41,823.19,789.44,737.96,
132.1,227.71,344.95,460.55,557.83,628.33,669.96,685.58,680.94,662.99,638.47,613.01,
229.98,367.05,517.88,655.54,768.43,842.74,873.85,865.2,823.59,759.87,686.4,614.65,
589.42,763.17,918.74,985.77,997.15,954.01,862.88,751.78,638.89,541.32,473.83,442.32,
895.85,1085.74,1173.06,1165.19,1077.9,923.27,738.91,559.66,414.67,327.78,309.07,355.83,
880.6,963.27,946.96,922.22,842.37,734.24,635.07,547.25,488.33,467.94,481.87,525.22,
720.03,796.17,852.63,886.01,895.29,881.81,848.86,801.23,744.64,685.12,628.42,579.5,
816.37,819.97,796.18,753.58,702.09,651.19,608.54,579.17,565.17,565.9,578.58,599.12,
713.14,704.94,688.1,665.98,642.14,619.79,601.51,588.98,582.93,583.16,588.71,598.12,
379.83,358.18,356.7,362.16,370.02,378.71,387.68,396.75,405.85,414.97,424.08,433.2,
537.59,535.17,532.76,530.34,527.93,525.52,523.1,520.69,518.28,515.86,513.45,511.03,
665.86,661.72,657.59,653.45,649.31,645.17,641.03,636.9,632.76,628.62,624.48,620.34,
704.14,698.28,692.41,686.55,680.69,674.83,668.97,663.1,657.24,651.38,645.52,639.66,
551.61,559.1,525.97,514.58,491.55,474.76,454.63,436.28,416.98,398.19,379.12,360.21,
495.35,471.33,456.69,437.51,420.52,402.47,384.94,367.15,349.49,331.77,314.08,296.37,
586.34,617.41,636.52,648.27,655.49,659.94,662.67,664.35,665.39,666.02,666.41,666.66,
917.53,868.44,787.96,717.88,671.46,647.19,638.3,637.85,640.79,644.22,646.88,648.5,
751.7,692.66,661.25,644.54,635.65,630.92,628.41,627.07,626.36,625.98,625.78,625.67,
888.25,798.03,720.57,669.06,641.84,631.72,631.21,634.72,638.9,642.23,644.32,645.36,
602.05,607.67,611.05,613.09,614.32,615.06,615.51,615.78,615.94,616.04,616.1,616.13,
707.35,668.56,639.16,622.15,614.9,613.5,614.71,616.53,618.04,618.97,619.41,619.52,
493.54,506.29,541.49,574.04,595.18,605.19,607.75,606.62,604.45,602.57,601.4,600.88,
479.85,521.66,562.45,589.68,602.8,606.17,604.64,601.68,599.13,597.55,596.87,596.76,
347.69,467.41,572.72,572.72,572.72,572.72,572.72,572.72,572.72,572.72,572.72,572.72,
161.8,264.65,402.53,547.43,674.28,764.68,808.98,806.6,764.79,696.27,616.32,539.89,
297.88,439.17,538.96,589.1,600.91,591.34,574.76,559.99,550.55,546.47,546.11,547.6,
236.34,341.46,427.53,483.36,511.97,521.64,520.78,515.65,510.02,505.64,502.9,501.58,
655.41,684.35,532.7,532.7,532.7,532.7,532.7,532.7,532.7,532.7,532.7,532.7,
678.94,604.57,562.66,540.27,528.31,521.92,518.51,516.68,515.71,515.19,514.91,514.76,
776.07,713.79,623.95,580.29,559.07,548.76,543.75,541.32,540.13,539.56,539.28,539.14,
931.13,877.98,777.08,653.34,532.86,437.86,382.98,373.53,405.59,467.96,545.13,620.77,
633.49,527.86,455.66,430.52,450.58,501.98,564.79,619.67,653.04,659.72,642.85,611.41,
500.97,446.54,436.61,464.35,514.86,570.69,616.67,643.31,647.98,634.11,609.08,581.52,
648.73,639.62,627.09,617.54,612.26,610.29,610.18,610.78,611.44,611.89,612.13,612.2,
610.01,606.96,607.44,609.04,610.51,611.44,611.87,611.98,611.93,611.84,611.77,611.72,
314.39,452.03,578.69,578.69,578.69,578.69,578.69,578.69,578.69,578.69,578.69,578.69,
476.07,536.66,595.8,641.0,665.55,668.7,654.52,629.93,602.56,578.97,563.43,557.52,
593.33,623.83,640.11,642.2,632.88,616.54,597.92,581.15,569.08,562.99,562.72,567.01,
763.51,724.9,659.89,589.36,531.19,496.59,488.88,504.3,534.41,569.02,598.99,618.18,
759.32,700.19,631.68,569.87,526.08,505.55,507.63,527.14,556.41,587.36,613.26,629.85,
757.55,661.82,570.58,500.83,461.96,455.46,476.16,514.61,559.73,601.37,632.05,647.94,
574.92,510.95,476.06,471.87,493.02,529.77,570.98,606.82,630.63,639.72,635.12,620.62,
643.86,551.68,484.89,463.1,490.28,554.5,632.8,699.27,733.48,726.65,683.7,620.72,
1037.49,753.15,641.67,641.67,641.67,641.67,641.67,641.67,641.67,641.67,641.67,641.67,
631.33,560.18,553.89,573.94,596.8,612.72,620.51,622.55,621.74,620.15,618.83,618.06,
639.89,626.59,628.74,635.03,640.7,644.46,646.5,647.39,647.65,647.63,647.54,647.45,
624.76,625.17,630.4,635.55,639.09,641.04,641.89,642.13,642.1,642.0,641.9,641.84,
94.23,114.93,220.73,382.21,563.14,727.96,848.25,907.09,900.86,838.32,737.57,621.61,
178.19,289.64,453.34,625.59,766.47,848.37,860.59,809.5,714.91,603.83,503.42,434.9,
224.7,385.98,575.06,752.3,883.74,947.36,936.34,859.19,736.72,596.93,468.83,376.71,
174.74,295.97,389.77,450.84,486.36,505.14,514.15,517.98,519.3,519.57,519.45,519.26,
638.49,788.58,976.53,987.16,883.25,757.73,575.09,413.62,332.09,313.45,368.88,482.99,
748.98,902.37,987.17,992.92,926.18,806.24,660.45,518.4,406.16,341.77,332.67,375.32,
807.5,927.83,982.71,968.55,893.86,776.74,640.94,511.3,409.43,350.27,340.16,376.5,
1033.57,1078.15,1026.86,898.53,725.6,546.46,397.25,304.94,282.73,328.7,427.59,554.96,
663.16,700.95,533.99,467.94,485.19,439.91,467.43,538.11,568.06,612.27,650.33,645.57,
546.92,566.62,585.04,599.35,608.14,611.29,609.67,604.76,598.21,591.56,585.96,582.11,
599.31,644.68,674.3,688.62,689.71,680.65,664.94,645.97,626.7,609.39,595.55,585.91,
404.95,505.36,552.75,575.13,585.69,590.67,593.03,594.14,594.66,594.91,595.03,595.08,
500.28,550.2,573.86,585.07,590.38,592.9,594.09,594.66,594.93,595.05,595.11,595.14,
605.18,592.28,586.85,584.57,583.6,583.2,583.03,582.96,582.93,582.91,582.91,582.91,
593.62,581.43,575.94,573.47,572.36,571.86,571.64,571.53,571.49,571.47,571.46,571.46,
695.48,664.16,642.13,626.63,615.72,608.05,602.65,598.86,596.18,594.3,592.98,592.05,
651.78,631.98,618.09,608.35,601.51,596.72,593.35,590.99,589.34,588.18,587.36,586.79,
590.51,576.51,570.38,567.69,566.51,565.99,565.77,565.67,565.62,565.6,565.6,565.59,
640.96,606.01,592.38,587.06,584.99,584.18,583.86,583.74,583.69,583.67,583.67,583.66,
898.03,731.06,660.67,630.99,618.48,613.2,610.98,610.04,609.65,609.48,609.41,609.38,
979.19,800.86,718.32,680.11,662.43,654.25,650.46,648.7,647.89,647.52,647.34,647.26,
699.12,658.11,640.97,633.81,630.82,629.57,629.05,628.83,628.74,628.7,628.68,628.68,
541.16,590.96,612.05,620.98,624.76,626.36,627.04,627.33,627.45,627.5,627.52,627.53,
499.84,558.34,582.68,592.82,597.03,598.79,599.52,599.82,599.95,600.0,600.03,600.03,
234.85,424.75,509.58,547.48,564.41,571.97,575.35,576.86,577.53,577.83,577.97,578.03,
321.63,450.45,514.17,545.69,561.28,568.99,572.8,574.69,575.62,576.09,576.31,576.43,
114.13,336.01,496.73,657.79,826.03,841.43,812.93,743.32,593.75,482.62,399.91,340.6,
324.73,411.79,455.13,476.7,487.44,492.79,495.45,496.78,497.44,497.77,497.93,498.01,
480.9,500.91,511.46,517.02,519.95,521.5,522.32,522.75,522.97,523.09,523.16,523.19,
736.44,720.17,650.4,573.33,514.98,483.35,474.75,480.58,492.16,503.33,511.03,514.69,
687.18,622.01,555.25,509.22,489.18,489.55,500.73,514.08,524.28,529.49,530.35,528.59,
737.42,645.8,558.49,504.35,488.09,499.1,521.74,543.03,556.08,559.84,557.01,551.41,
972.7,893.4,754.76,590.14,435.86,323.36,273.03,290.76,367.78,483.6,611.14,722.9,
312.25,442.59,503.33,531.64,544.83,550.98,553.85,555.18,555.81,556.1,556.23,556.3,
741.82,675.62,640.82,622.54,612.93,607.88,605.22,603.83,603.1,602.71,602.51,602.4,
417.34,419.86,463.38,522.91,583.26,630.13,655.32,657.05,639.27,609.68,577.28,550.02,
443.44,480.42,537.06,596.48,643.83,669.58,670.98,651.61,619.5,584.48,555.51,538.63,
612.83,617.39,613.27,603.11,590.13,577.38,567.25,561.09,559.21,561.06,565.49,571.11,
580.83,586.12,587.47,585.4,580.95,575.34,569.73,565.07,561.94,560.56,560.82,562.33,
693.96,688.99,629.49,588.84,554.18,545.04,550.71,567.64,585.36,598.85,604.73,603.79,
676.8,614.5,577.18,542.92,535.32,540.82,557.95,575.57,589.42,595.71,595.23,589.99,
767.05,662.66,559.64,478.16,430.66,420.71,443.83,489.76,545.47,598.25,638.14,659.46,
628.89,562.31,516.57,499.53,510.12,540.29,578.45,613.18,636.11,643.57,636.58,619.73,
618.62,638.48,612.7,604.33,601.61,600.73,600.45,600.35,600.32,600.31,600.31,600.31,
780.97,744.95,718.49,699.04,684.75,674.25,666.54,660.87,656.71,653.65,651.4,649.75,
748.27,806.34,794.89,724.85,627.05,539.26,491.93,498.05,550.18,625.13,693.81,732.23,
582.14,590.86,597.1,601.59,604.8,607.11,608.76,609.95,610.8,611.41,611.85,612.16,
417.09,385.14,414.88,492.66,591.08,678.38,728.57,728.94,683.01,608.29,529.83,472.01,
142.23,138.01,282.89,498.49,697.95,817.03,831.31,756.63,635.8,518.76,444.35,429.31,
107.6,250.21,468.49,681.78,826.48,872.04,823.79,714.44,588.87,488.21,438.13,444.02,
251.3,438.42,622.33,743.13,775.67,729.74,638.71,543.08,475.43,451.58,469.2,512.85,
356.53,480.55,584.44,639.89,642.98,608.25,558.4,514.4,489.04,485.15,497.63,517.51,
762.87,985.62,1021.73,887.07,656.69,428.51,284.5,263.56,354.19,506.4,655.75,748.82,
852.3,824.29,700.39,549.44,433.38,386.25,408.51,475.06,550.69,605.46,624.37,609.25,
744.56,574.79,429.46,359.8,375.47,450.47,541.61,609.42,632.78,612.89,567.61,520.59,
597.79,477.64,418.4,432.07,496.69,573.26,626.22,638.05,612.73,569.34,530.51,511.92,
622.24,668.0,662.17,622.22,574.33,540.23,529.7,540.1,561.09,581.07,592.23,592.63,
599.2,572.88,557.03,555.63,565.39,579.08,589.75,593.64,590.9,584.5,578.19,574.65,
536.85,495.5,502.86,541.98,586.94,616.6,622.43,608.63,586.73,568.5,560.81,564.02,
583.69,662.81,689.42,668.8,625.23,585.22,565.17,567.42,583.79,602.55,614.7,617.05,
666.7,702.0,687.25,645.37,603.47,579.74,578.47,592.8,611.36,624.71,628.77,624.86,
660.57,612.24,578.63,568.76,578.79,597.94,615.24,624.16,623.8,617.4,609.62,604.14,
621.8,609.78,601.85,596.61,593.15,590.87,589.36,588.36,587.71,587.27,586.99,586.8,
627.65,666.45,663.43,635.25,603.11,582.09,577.0,584.14,595.98,605.78,610.14,609.21,
670.21,658.37,621.45,583.99,561.28,556.73,565.15,578.13,588.69,593.51,592.88,589.16,
770.56,833.47,782.9,681.12,588.45,539.36,537.9,567.19,603.99,630.54,639.76,634.25,
833.84,787.65,687.07,593.88,544.37,543.41,573.79,611.45,637.99,646.36,639.63,626.1,
667.07,651.53,641.0,633.86,629.02,625.75,623.53,622.02,621.0,620.31,619.85,619.53,
650.1,643.23,638.46,635.15,632.86,631.26,630.16,629.39,628.86,628.49,628.24,628.06,
607.21,612.03,615.26,617.42,618.86,619.83,620.48,620.91,621.2,621.4,621.53,621.61,
666.75,657.52,651.09,646.6,643.47,641.29,639.77,638.71,637.98,637.46,637.1,636.85,
424.71,475.76,510.66,534.5,550.8,561.94,569.55,574.75,578.31,580.74,582.4,583.53,
371.48,429.75,471.41,501.21,522.51,537.75,548.64,556.43,562.0,565.99,568.84,570.87,
293.52,368.19,422.05,460.9,488.93,509.14,523.72,534.24,541.83,547.3,551.25,554.1,
207.57,288.23,348.71,394.07,428.07,453.58,472.7,487.04,497.79,505.85,511.89,516.43,
179.59,248.93,302.61,344.17,376.34,401.24,420.51,435.43,446.99,455.93,462.85,468.21,
184.03,242.56,288.82,325.4,354.31,377.16,395.23,409.51,420.8,429.73,436.79,442.36,
236.61,274.38,305.0,329.83,349.94,366.25,379.47,390.19,398.87,405.91,411.62,416.24,
444.17,447.48,450.09,452.15,453.78,455.07,456.09,456.9,457.54,458.04,458.44,458.75,
685.09,643.05,610.86,586.21,567.34,552.89,541.82,533.35,526.87,521.9,518.1,515.18,
