761.18,783.05,804.93,826.81,848.69,870.57,892.45,914.32,936.2,958.08,979.96,1001.84,
737.65,753.36,769.08,784.8,800.52,816.23,831.95,847.67,863.38,879.1,894.82,910.54,
754.84,768.21,781.59,794.96,808.34,821.71,835.08,848.46,861.83,875.21,888.58,901.96,
679.28,684.76,690.24,695.72,701.2,706.68,712.16,717.64,723.12,728.6,734.08,739.56,
561.96,556.9,551.85,546.79,541.73,536.68,531.62,526.56,521.51,516.45,511.39,506.34,
482.09,471.84,461.6,451.35,441.1,430.85,420.61,410.36,400.11,389.86,379.61,369.37,
400.2,384.6,369.01,353.42,337.82,322.23,306.64,291.04,275.45,259.86,244.26,228.67,
301.57,278.58,255.58,232.59,209.6,186.6,163.61,140.62,117.63,94.63,71.64,48.65,
280.52,258.0,235.49,212.97,190.45,167.93,145.41,122.9,100.38,77.86,55.34,32.82,
275.42,252.37,229.32,206.26,183.21,160.15,137.1,114.04,90.99,67.93,44.88,21.82,
329.28,310.9,292.52,274.14,255.76,237.38,219.0,200.62,182.24,163.86,145.48,127.1,
378.63,363.92,349.22,334.51,319.8,305.1,290.39,275.69,260.98,246.27,231.57,216.86,
446.14,437.43,428.72,420.01,411.3,402.59,393.88,385.17,376.46,367.75,359.04,350.33,
450.98,442.66,434.34,426.03,417.71,409.39,401.07,392.76,384.44,376.12,367.8,359.48,
457.91,450.79,443.67,436.55,429.43,422.3,415.18,408.06,400.94,393.82,386.7,379.58,
452.55,445.98,439.4,432.83,426.25,419.68,413.11,406.53,399.96,393.38,386.81,380.24,
454.05,448.57,443.09,437.61,432.13,426.65,421.17,415.69,410.21,404.73,399.25,393.77,
490.85,490.35,489.86,489.36,488.87,488.37,487.88,487.38,486.89,486.39,485.9,485.4,
573.86,582.74,591.63,600.51,609.4,618.28,627.17,636.05,644.94,653.83,662.71,671.6,
677.45,696.66,715.86,735.07,754.27,773.48,792.68,811.89,831.09,850.3,869.5,888.71,
775.95,806.69,837.43,868.18,898.92,929.66,960.41,991.15,1021.89,1052.64,1083.38,1114.12,
798.76,830.62,862.47,894.33,926.19,958.05,989.9,1021.76,1053.62,1085.48,1117.33,1149.19,
800.52,829.58,858.64,887.71,916.77,945.83,974.89,1003.95,1033.01,1062.07,1091.13,1120.19,
776.73,800.72,824.7,848.68,872.67,896.65,920.63,944.62,968.6,992.58,1016.57,1040.55,
712.42,727.53,742.64,757.74,772.85,787.96,803.07,818.18,833.29,848.39,863.5,878.61,
624.31,627.93,631.54,635.15,638.76,642.37,645.99,649.6,653.21,656.82,660.43,664.05,
531.76,525.28,518.8,512.32,505.84,499.36,492.88,486.4,479.92,473.44,466.96,460.47,
420.65,404.35,388.04,371.74,355.43,339.13,322.82,306.52,290.21,273.9,257.6,241.29,
359.22,339.31,319.4,299.49,279.59,259.68,239.77,219.87,199.96,180.05,160.14,140.24,
295.75,272.61,249.48,226.34,203.2,180.07,156.93,133.79,110.65,87.52,64.38,41.24,
229.08,203.14,177.2,151.25,125.31,99.36,73.42,47.48,21.53,0.0,0.0,0.0,
139.8,107.5,75.2,42.9,10.6,0.0,0.0,0.0,0.0,0.0,0.0,0.0,
54.58,16.23,0.0,0.0,0.0,0.0,0.0,0.0,0.0,0.0,0.0,0.0,
0.0,0.0,0.0,0.0,0.0,0.0,0.0,0.0,0.0,0.0,0.0,0.0,
0.0,0.0,0.0,0.0,0.0,0.0,0.0,0.0,0.0,0.0,0.0,0.0,
0.0,0.0,0.0,0.0,0.0,0.0,0.0,0.0,0.0,0.0,0.0,0.0,
111.18,82.35,53.53,24.71,0.0,0.0,0.0,0.0,0.0,0.0,0.0,0.0,
244.71,230.46,216.22,201.98,187.74,173.5,159.26,145.02,130.77,116.53,102.29,88.05,
350.98,348.1,345.22,342.34,339.46,336.58,333.7,330.83,327.95,325.07,322.19,319.31,
459.8,467.85,475.9,483.95,492.0,500.05,508.1,516.15,524.2,532.25,540.3,548.35,
572.48,592.28,612.07,631.86,651.66,671.45,691.25,711.04,730.83,750.63,770.42,790.21,
646.73,674.58,702.42,730.26,758.1,785.95,813.79,841.63,869.48,897.32,925.16,953.01,
719.41,754.09,788.76,823.44,858.11,892.79,927.46,962.14,996.81,1031.49,1066.16,1100.84,
813.01,855.72,898.43,941.15,983.86,1026.58,1069.29,1112.01,1154.72,1197.43,1240.15,1282.86,
819.48,862.17,904.86,947.56,990.25,1032.94,1075.64,1118.33,1161.03,1203.72,1246.41,1289.11,
845.42,887.81,930.19,972.58,1014.96,1057.34,1099.73,1142.11,1184.5,1226.88,1269.26,1311.65,
820.13,858.45,896.77,935.08,973.4,1011.72,1050.04,1088.36,1126.67,1164.99,1203.31,1241.63,
787.65,820.56,853.47,886.38,919.29,952.2,985.11,1018.02,1050.93,1083.84,1116.75,1149.66,
736.73,761.77,786.8,811.84,836.88,861.91,886.95,911.98,937.02,962.06,987.09,1012.13,
651.24,665.17,679.11,693.04,706.97,720.9,734.83,748.77,762.7,776.63,790.56,804.49,
532.94,532.9,532.86,532.82,532.78,532.73,532.69,532.65,532.61,532.57,532.53,532.49,
433.73,422.01,410.3,398.59,386.87,375.16,363.45,351.73,340.02,328.31,316.59,304.88,
323.46,300.03,276.59,253.15,229.72,206.28,182.84,159.41,135.97,112.54,89.1,65.66,
208.89,174.68,140.47,106.26,72.05,37.84,3.63,0.0,0.0,0.0,0.0,0.0,
134.31,96.87,59.43,21.99,0.0,0.0,0.0,0.0,0.0,0.0,0.0,0.0,
63.46,22.66,0.0,0.0,0.0,0.0,0.0,0.0,0.0,0.0,0.0,0.0,
5.16,0.0,0.0,0.0,0.0,0.0,0.0,0.0,0.0,0.0,0.0,0.0,
0.0,0.0,0.0,0.0,0.0,0.0,0.0,0.0,0.0,0.0,0.0,0.0,
0.0,0.0,0.0,0.0,0.0,0.0,0.0,0.0,0.0,0.0,0.0,0.0,
141.31,116.59,91.87,67.16,42.44,17.73,0.0,0.0,0.0,0.0,0.0,0.0,
294.44,284.27,274.09,263.92,253.74,243.57,233.39,223.22,213.04,202.87,192.69,182.51,
457.06,463.24,469.42,475.6,481.79,487.97,494.15,500.33,506.51,512.69,518.88,525.06,
546.8,560.73,574.66,588.59,602.52,616.46,630.39,644.32,658.25,672.18,686.12,700.05,
660.52,685.9,711.28,736.65,762.03,787.41,812.78,838.16,863.54,888.91,914.29,939.67,
677.06,704.12,731.18,758.24,785.29,812.35,839.41,866.47,893.53,920.59,947.65,974.71,
743.99,776.98,809.97,842.97,875.96,908.95,941.94,974.94,1007.93,1040.92,1073.91,1106.91,
742.75,776.19,809.64,843.09,876.53,909.98,943.43,976.87,1010.32,1043.77,1077.21,1110.66,
741.5,774.53,807.55,840.57,873.6,906.62,939.65,972.67,1005.69,1038.72,1071.74,1104.76,
718.24,748.05,777.86,807.68,837.49,867.31,897.12,926.93,956.75,986.56,1016.38,1046.19,
710.07,738.26,766.45,794.65,822.84,851.04,879.23,907.42,935.62,963.81,992.01,1020.2,
696.47,721.71,746.96,772.2,797.44,822.68,847.93,873.17,898.41,923.65,948.9,974.14,
713.59,737.25,760.9,784.55,808.21,831.86,855.51,879.17,902.82,926.47,950.13,973.78,
709.41,728.47,747.53,766.59,785.66,804.72,823.78,842.84,861.9,880.96,900.02,919.08,
720.2,735.48,750.76,766.05,781.33,796.62,811.9,827.18,842.47,857.75,873.03,888.32,
633.99,637.68,641.38,645.07,648.77,652.46,656.15,659.85,663.54,667.24,670.93,674.63,
475.29,461.64,447.99,434.33,420.68,407.03,393.37,379.72,366.07,352.41,338.76,325.11,
335.62,308.2,280.78,253.36,225.94,198.52,171.1,143.68,116.26,88.84,61.42,34.0,
258.04,227.13,196.22,165.31,134.41,103.5,72.59,41.68,10.77,0.0,0.0,0.0,
186.73,153.52,120.31,87.1,53.89,20.68,0.0,0.0,0.0,0.0,0.0,0.0,
144.9,112.08,79.27,46.45,13.63,0.0,0.0,0.0,0.0,0.0,0.0,0.0,
138.63,108.13,77.64,47.14,16.65,0.0,0.0,0.0,0.0,0.0,0.0,0.0,
190.33,167.09,143.85,120.61,97.36,74.12,50.88,27.64,4.4,0.0,0.0,0.0,
228.89,209.24,189.59,169.94,150.29,130.64,110.99,91.35,71.7,52.05,32.4,12.75,
373.33,367.54,361.75,355.96,350.18,344.39,338.6,332.81,327.02,321.23,315.44,309.65,
433.14,431.71,430.29,428.86,427.44,426.02,424.59,423.17,421.74,420.32,418.9,417.47,
470.78,472.27,473.76,475.24,476.73,478.21,479.7,481.19,482.67,484.16,485.64,487.13,
507.65,511.61,515.57,519.54,523.5,527.46,531.42,535.39,539.35,543.31,547.28,551.24,
490.78,493.32,495.86,498.4,500.94,503.48,506.02,508.56,511.09,513.63,516.17,518.71,
484.77,487.14,489.52,491.89,494.27,496.64,499.01,501.39,503.76,506.13,508.51,510.88,
509.08,515.77,522.46,529.15,535.83,542.52,549.21,555.9,562.58,569.27,575.96,582.65,
544.12,556.31,568.49,580.68,592.87,605.06,617.24,629.43,641.62,653.81,666.0,678.18,
611.11,632.69,654.27,675.85,697.43,719.01,740.58,762.16,783.74,805.32,826.9,848.48,
634.05,658.22,682.39,706.56,730.73,754.9,779.07,803.24,827.41,851.58,875.74,899.91,
642.81,665.68,688.55,711.42,734.29,757.16,780.02,802.89,825.76,848.63,871.5,894.37,
676.67,699.65,722.63,745.61,768.6,791.58,814.56,837.54,860.53,883.51,906.49,929.47,
680.92,700.72,720.52,740.33,760.13,779.93,799.74,819.54,839.35,859.15,878.95,898.76,
702.94,720.09,737.24,754.4,771.55,788.7,805.85,823.0,840.15,857.31,874.46,891.61,
678.37,689.31,700.24,711.18,722.12,733.06,744.0,754.94,765.88,776.82,787.76,798.7,
666.08,673.03,679.99,686.95,693.9,700.86,707.81,714.77,721.72,728.68,735.63,742.59,
607.78,608.83,609.88,610.94,611.99,613.04,614.09,615.15,616.2,617.25,618.3,619.36,
508.69,501.48,494.27,487.05,479.84,472.62,465.41,458.2,450.98,443.77,436.56,429.34,
437.25,427.49,417.73,407.97,398.2,388.44,378.68,368.92,359.15,349.39,339.63,329.87,
362.09,348.16,334.23,320.3,306.36,292.43,278.5,264.57,250.64,236.7,222.77,208.84,
290.85,272.46,254.07,235.68,217.29,198.9,180.51,162.12,143.73,125.34,106.95,88.56,
269.28,250.9,232.52,214.14,195.76,177.38,159.0,140.62,122.24,103.86,85.48,67.1,
298.24,281.73,265.23,248.73,232.23,215.73,199.23,182.72,166.22,149.72,133.22,116.72,
321.44,306.44,291.45,276.45,261.46,246.46,231.47,216.47,201.48,186.48,171.49,156.49,
365.95,354.06,342.17,330.28,318.39,306.5,294.62,282.73,270.84,258.95,247.06,235.17,
377.58,366.16,354.73,343.31,331.89,320.46,309.04,297.61,286.19,274.76,263.34,251.92,
445.23,439.0,432.76,426.53,420.3,414.06,407.83,401.6,395.36,389.13,382.9,376.66,
447.32,440.84,434.36,427.88,421.4,414.92,408.43,401.95,395.47,388.99,382.51,376.03,
435.56,428.71,421.87,415.03,408.19,401.35,394.5,387.66,380.82,373.98,367.13,360.29,
433.4,428.61,423.82,419.03,414.24,409.46,404.67,399.88,395.09,390.3,385.51,380.73,
451.44,450.13,448.82,447.51,446.2,444.88,443.57,442.26,440.95,439.64,438.33,437.02,
474.77,479.07,483.38,487.68,491.98,496.29,500.59,504.9,509.2,513.5,517.81,522.11,
553.14,566.1,579.06,592.02,604.98,617.95,630.91,643.87,656.83,669.79,682.76,695.72,
616.41,636.96,657.52,678.08,698.63,719.19,739.75,760.31,780.86,801.42,821.98,842.54,
611.57,631.73,651.9,672.06,692.23,712.39,732.56,752.72,772.89,793.05,813.22,833.38,
626.86,646.01,665.15,684.29,703.44,722.58,741.72,760.87,780.01,799.15,818.3,837.44,
646.54,663.66,680.78,697.9,715.02,732.14,749.26,766.38,783.5,800.62,817.74,834.86,
697.32,714.7,732.08,749.46,766.84,784.21,801.59,818.97,836.35,853.73,871.11,888.49,
715.88,730.71,745.54,760.37,775.2,790.03,804.86,819.69,834.52,849.35,864.18,879.01,
666.93,674.97,683.01,691.05,699.08,707.12,715.16,723.2,731.24,739.28,747.32,755.36,
596.93,599.53,602.13,604.73,607.33,609.93,612.53,615.13,617.73,620.33,622.93,625.53,
495.23,489.87,484.52,479.16,473.8,468.45,463.09,457.74,452.38,447.02,441.67,436.31,
401.57,390.15,378.74,367.33,355.91,344.5,333.09,321.67,310.26,298.84,287.43,276.02,
299.22,280.19,261.16,242.13,223.1,204.07,185.04,166.01,146.98,127.95,108.92,89.89,
261.05,241.97,222.9,203.83,184.76,165.69,146.62,127.55,108.48,89.4,70.33,51.26,
237.78,217.78,197.78,177.78,157.78,137.78,117.78,97.78,77.78,57.78,37.78,17.78,
277.25,260.3,243.34,226.39,209.43,192.48,175.52,158.57,141.61,124.65,107.7,90.74,
319.41,304.96,290.52,276.07,261.62,247.17,232.72,218.28,203.83,189.38,174.93,160.49,
387.78,378.48,369.18,359.88,350.58,341.29,331.99,322.69,313.39,304.09,294.8,285.5,
382.88,371.83,360.79,349.75,338.71,327.66,316.62,305.58,294.54,283.5,272.45,261.41,
390.85,381.76,372.67,363.57,354.48,345.39,336.3,327.21,318.11,309.02,299.93,290.84,
414.31,407.75,401.19,394.62,388.06,381.5,374.93,368.37,361.81,355.24,348.68,342.12,
376.14,365.85,355.57,345.28,334.99,324.7,314.41,304.12,293.83,283.54,273.25,262.97,
369.02,359.62,350.22,340.82,331.41,322.01,312.61,303.21,293.81,284.41,275.01,265.6,
382.16,376.59,371.03,365.47,359.91,354.34,348.78,343.22,337.66,332.09,326.53,320.97,
437.25,440.83,444.4,447.97,451.54,455.11,458.68,462.25,465.82,469.39,472.96,476.53,
513.07,526.96,540.85,554.74,568.63,582.52,596.42,610.31,624.2,638.09,651.98,665.87,
624.71,648.89,673.07,697.24,721.42,745.6,769.78,793.96,818.14,842.32,866.5,890.68,
622.81,645.68,668.55,691.42,714.29,737.16,760.02,782.89,805.76,828.63,851.5,874.37,
607.39,626.29,645.2,664.1,683.01,701.92,720.82,739.73,758.63,777.54,796.45,815.35,
601.63,616.48,631.33,646.19,661.04,675.89,690.74,705.59,720.44,735.29,750.14,764.99,
617.25,629.25,641.24,653.23,665.22,677.21,689.21,701.2,713.19,725.18,737.17,749.16,
604.18,611.58,618.98,626.38,633.78,641.18,648.58,655.98,663.38,670.78,678.18,685.58,
596.8,601.26,605.71,610.17,614.63,619.09,623.55,628.0,632.46,636.92,641.38,645.84,
578.63,582.17,585.71,589.25,592.79,596.33,599.87,603.41,606.95,610.49,614.02,617.56,
506.27,505.36,504.44,503.52,502.6,501.68,500.76,499.85,498.93,498.01,497.09,496.17,
439.8,436.1,432.39,428.69,424.98,421.28,417.57,413.87,410.17,406.46,402.76,399.05,
349.41,339.17,328.94,318.7,308.46,298.22,287.99,277.75,267.51,257.28,247.04,236.8,
267.06,250.26,233.46,216.66,199.86,183.05,166.25,149.45,132.65,115.85,99.05,82.25,
282.61,268.09,253.57,239.05,224.53,210.01,195.49,180.97,166.45,151.93,137.41,122.89,
315.49,302.91,290.33,277.75,265.17,252.59,240.01,227.43,214.85,202.27,189.69,177.11,
372.16,363.26,354.37,345.47,336.57,327.68,318.78,309.89,300.99,292.09,283.2,274.3,
375.42,365.7,355.98,346.26,336.54,326.82,317.1,307.38,297.65,287.93,278.21,268.49,
497.78,496.9,496.02,495.15,494.27,493.39,492.51,491.64,490.76,489.88,489.01,488.13,
487.25,485.21,483.17,481.12,479.08,477.04,474.99,472.95,470.91,468.86,466.82,464.78,
556.14,562.17,568.2,574.22,580.25,586.28,592.3,598.33,604.36,610.39,616.41,622.44,
557.97,563.78,569.59,575.4,581.21,587.02,592.83,598.64,604.45,610.26,616.07,621.89,
547.19,552.22,557.24,562.27,567.29,572.32,577.34,582.37,587.4,592.42,597.45,602.47,
515.49,519.23,522.96,526.7,530.43,534.17,537.91,541.64,545.38,549.11,552.85,556.58,
544.9,553.84,562.78,571.71,580.65,589.59,598.52,607.46,616.4,625.34,634.27,643.21,
547.91,559.03,570.16,581.28,592.41,603.53,614.66,625.78,636.91,648.03,659.16,670.28,
579.02,594.53,610.04,625.55,641.06,656.57,672.08,687.6,703.11,718.62,734.13,749.64,
597.52,614.56,631.61,648.66,665.71,682.76,699.81,716.86,733.9,750.95,768.0,785.05,
579.87,592.78,605.69,618.6,631.51,644.42,657.33,670.24,683.15,696.06,708.97,721.88,
575.23,584.08,592.94,601.79,610.65,619.5,628.36,637.21,646.06,654.92,663.77,672.63,
614.71,622.39,630.08,637.77,645.46,653.15,660.84,668.52,676.21,683.9,691.59,699.28,
602.88,605.34,607.81,610.28,612.74,615.21,617.67,620.14,622.61,625.07,627.54,630.01,
612.35,614.18,616.01,617.83,619.66,621.49,623.31,625.14,626.97,628.79,630.62,632.45,
535.42,531.32,527.21,523.1,519.0,514.89,510.78,506.67,502.57,498.46,494.35,490.24,
460.52,452.04,443.56,435.07,426.59,418.11,409.63,401.14,392.66,384.18,375.69,367.21,
366.8,350.9,335.01,319.12,303.23,287.33,271.44,255.55,239.66,223.76,207.87,191.98,
330.59,316.97,303.34,289.72,276.1,262.48,248.85,235.23,221.61,207.99,194.37,180.74,
255.42,236.05,216.68,197.31,177.94,158.57,139.2,119.83,100.46,81.09,61.72,42.35,
251.96,234.27,216.58,198.9,181.21,163.52,145.83,128.14,110.45,92.77,75.08,57.39,
288.56,274.79,261.01,247.23,233.45,219.68,205.9,192.12,178.35,164.57,150.79,137.01,
321.57,310.68,299.79,288.91,278.02,267.13,256.24,245.36,234.47,223.58,212.69,201.81,
388.17,381.19,374.22,367.24,360.26,353.29,346.31,339.34,332.36,325.38,318.41,311.43,
475.1,474.76,474.42,474.08,473.74,473.4,473.05,472.71,472.37,472.03,471.69,471.35,
503.14,503.82,504.5,505.18,505.86,506.54,507.22,507.91,508.59,509.27,509.95,510.63,
474.64,472.73,470.82,468.91,467.0,465.09,463.19,461.28,459.37,457.46,455.55,453.64,
496.27,496.23,496.19,496.15,496.11,496.07,496.03,495.99,495.94,495.9,495.86,495.82,
508.04,509.24,510.43,511.63,512.83,514.02,515.22,516.42,517.62,518.81,520.01,521.21,
571.44,579.25,587.06,594.87,602.69,610.5,618.31,626.12,633.94,641.75,649.56,657.37,
638.82,656.07,673.31,690.56,707.8,725.05,742.29,759.54,776.78,794.02,811.27,828.51,
752.75,781.63,810.52,839.4,868.29,897.17,926.06,954.94,983.83,1012.71,1041.6,1070.49,
834.51,872.0,909.49,946.99,984.48,1021.97,1059.46,1096.96,1134.45,1171.94,1209.43,1246.92,
848.17,884.53,920.88,957.24,993.6,1029.96,1066.31,1102.67,1139.03,1175.38,1211.74,1248.1,
802.35,831.72,861.09,890.46,919.83,949.21,978.58,1007.95,1037.32,1066.69,1096.06,1125.43,
733.33,753.51,773.68,793.86,814.04,834.21,854.39,874.56,894.74,914.91,935.09,955.26,
606.08,611.46,616.83,622.21,627.59,632.96,638.34,643.72,649.09,654.47,659.85,665.22,
531.24,526.58,521.91,517.25,512.58,507.92,503.25,498.59,493.93,489.26,484.6,479.93,
453.99,440.66,427.34,414.02,400.69,387.37,374.05,360.73,347.4,334.08,320.76,307.43,
414.84,397.86,380.88,363.91,346.93,329.96,312.98,296.0,279.03,262.05,245.07,228.1,
352.29,330.13,307.97,285.82,263.66,241.5,219.35,197.19,175.03,152.88,130.72,108.56,
288.43,263.53,238.63,213.73,188.82,163.92,139.02,114.12,89.22,64.31,39.41,14.51,
224.44,197.6,170.76,143.92,117.08,90.23,63.39,36.55,9.71,0.0,0.0,0.0,
157.45,127.18,96.91,66.65,36.38,6.11,0.0,0.0,0.0,0.0,0.0,0.0,
58.04,19.41,0.0,0.0,0.0,0.0,0.0,0.0,0.0,0.0,0.0,0.0,
34.97,0.0,0.0,0.0,0.0,0.0,0.0,0.0,0.0,0.0,0.0,0.0,
0.0,0.0,0.0,0.0,0.0,0.0,0.0,0.0,0.0,0.0,0.0,0.0,
69.67,37.3,4.93,0.0,0.0,0.0,0.0,0.0,0.0,0.0,0.0,0.0,
151.57,127.17,102.78,78.38,53.98,29.59,5.19,0.0,0.0,0.0,0.0,0.0,
281.24,271.14,261.04,250.93,240.83,230.73,220.62,210.52,200.42,190.31,180.21,170.11,
465.36,472.88,480.41,487.93,495.45,502.98,510.5,518.02,525.55,533.07,540.59,548.11,
577.45,596.48,615.51,634.54,653.57,672.6,691.63,710.66,729.69,748.72,767.75,786.78,
619.67,643.09,666.5,689.92,713.34,736.75,760.17,783.58,807.0,830.42,853.83,877.25,
664.97,692.45,719.93,747.41,774.9,802.38,829.86,857.34,884.82,912.3,939.79,967.27,
682.16,709.75,737.35,764.94,792.54,820.13,847.73,875.33,902.92,930.52,958.11,985.71,
770.0,805.09,840.18,875.26,910.35,945.44,980.53,1015.61,1050.7,1085.79,1120.88,1155.96,
766.86,801.27,835.68,870.08,904.49,938.9,973.3,1007.71,1042.12,1076.52,1110.93,1145.34,
813.53,851.62,889.71,927.8,965.89,1003.98,1042.07,1080.17,1118.26,1156.35,1194.44,1232.53,
839.08,877.88,916.67,955.46,994.26,1033.05,1071.84,1110.63,1149.43,1188.22,1227.01,1265.8,
832.22,867.31,902.4,937.49,972.57,1007.66,1042.75,1077.84,1112.92,1148.01,1183.1,1218.19,
719.15,741.05,762.95,784.85,806.75,828.64,850.54,872.44,894.34,916.24,938.14,960.04,
635.49,646.59,657.7,668.8,679.91,691.01,702.12,713.22,724.32,735.43,746.53,757.64,
612.35,616.99,621.62,626.25,630.89,635.52,640.15,644.79,649.42,654.06,658.69,663.32,
530.72,525.77,520.81,515.86,510.9,505.95,501.0,496.04,491.09,486.14,481.18,476.23,
403.27,384.37,365.48,346.58,327.68,308.79,289.89,271.0,252.1,233.21,214.31,195.41,
297.06,269.38,241.7,214.02,186.35,158.67,130.99,103.31,75.63,47.96,20.28,0.0,
199.93,165.42,130.92,96.41,61.9,27.39,0.0,0.0,0.0,0.0,0.0,0.0,
119.8,80.66,41.52,2.37,0.0,0.0,0.0,0.0,0.0,0.0,0.0,0.0,
98.3,62.27,26.25,0.0,0.0,0.0,0.0,0.0,0.0,0.0,0.0,0.0,
80.46,45.71,10.96,0.0,0.0,0.0,0.0,0.0,0.0,0.0,0.0,0.0,
59.08,23.67,0.0,0.0,0.0,0.0,0.0,0.0,0.0,0.0,0.0,0.0,
78.43,46.16,13.89,0.0,0.0,0.0,0.0,0.0,0.0,0.0,0.0,0.0,
140.2,114.43,88.66,62.89,37.12,11.35,0.0,0.0,0.0,0.0,0.0,0.0,
308.5,299.68,290.87,282.06,273.24,264.43,255.62,246.8,237.99,229.18,220.36,211.55,
462.22,466.08,469.94,473.8,477.66,481.52,485.38,489.24,493.1,496.96,500.82,504.68,
581.44,596.79,612.15,627.51,642.86,658.22,673.57,688.93,704.29,719.64,735.0,750.35,
674.9,699.63,724.36,749.08,773.81,798.53,823.26,847.99,872.71,897.44,922.17,946.89,
741.05,772.85,804.66,836.46,868.27,900.08,931.88,963.69,995.49,1027.3,1059.11,1090.91,
742.35,772.6,802.85,833.1,863.34,893.59,923.84,954.09,984.33,1014.58,1044.83,1075.08,
754.05,784.71,815.37,846.03,876.69,907.35,938.02,968.68,999.34,1030.0,1060.66,1091.32,
809.28,846.69,884.1,921.51,958.92,996.33,1033.74,1071.15,1108.56,1145.97,1183.38,1220.79,
823.59,861.63,899.67,937.71,975.75,1013.79,1051.83,1089.87,1127.91,1165.95,1203.99,1242.03,
830.92,867.56,904.21,940.85,977.5,1014.15,1050.79,1087.44,1124.08,1160.73,1197.38,1234.02,
795.29,825.85,856.41,886.97,917.52,948.08,978.64,1009.2,1039.75,1070.31,1100.87,1131.42,
812.88,840.78,868.69,896.59,924.5,952.4,980.31,1008.21,1036.12,1064.02,1091.93,1119.83,
842.94,868.69,894.44,920.19,945.93,971.68,997.43,1023.18,1048.93,1074.67,1100.42,1126.17,
736.86,749.51,762.17,774.82,787.47,800.12,812.78,825.43,838.08,850.73,863.38,876.04,
626.27,626.23,626.19,626.15,626.11,626.07,626.03,625.99,625.94,625.9,625.86,625.82,
455.56,438.54,421.52,404.5,387.49,370.47,353.45,336.43,319.42,302.4,285.38,268.36,
298.5,266.88,235.26,203.64,172.02,140.4,108.78,77.16,45.53,13.91,0.0,0.0,
178.1,136.62,95.13,53.65,12.16,0.0,0.0,0.0,0.0,0.0,0.0,0.0,
97.32,52.59,7.87,0.0,0.0,0.0,0.0,0.0,0.0,0.0,0.0,0.0,
108.04,69.06,30.08,0.0,0.0,0.0,0.0,0.0,0.0,0.0,0.0,0.0,
136.6,103.14,69.69,36.23,2.77,0.0,0.0,0.0,0.0,0.0,0.0,0.0,
258.3,237.01,215.72,194.43,173.14,151.85,130.56,109.27,87.98,66.69,45.4,24.11,
332.35,318.39,304.43,290.46,276.5,262.54,248.58,234.61,220.65,206.69,192.72,178.76,
360.13,349.15,338.17,327.19,316.21,305.23,294.25,283.27,272.29,261.31,250.33,239.35,
386.8,378.62,370.45,362.28,354.1,345.93,337.76,329.58,321.41,313.24,305.06,296.89,
416.08,411.1,406.13,401.16,396.18,391.21,386.23,381.26,376.28,371.31,366.34,361.36,
406.67,401.75,396.84,391.93,387.02,382.11,377.19,372.28,367.37,362.46,357.54,352.63,
423.27,421.21,419.16,417.11,415.05,413.0,410.95,408.89,406.84,404.79,402.73,400.68,
485.16,488.81,492.45,496.09,499.74,503.38,507.02,510.66,514.31,517.95,521.59,525.24,
558.17,571.19,584.22,597.24,610.26,623.29,636.31,649.34,662.36,675.38,688.41,701.43,
618.3,641.05,663.79,686.54,709.28,732.03,754.77,777.52,800.26,823.01,845.75,868.5,
613.46,635.99,658.52,681.05,703.58,726.11,748.63,771.16,793.69,816.22,838.75,861.28,
663.07,689.24,715.41,741.59,767.76,793.93,820.1,846.27,872.44,898.61,924.79,950.96,
751.7,781.76,811.82,841.89,871.95,902.01,932.07,962.13,992.19,1022.26,1052.32,1082.38,
784.84,813.65,842.46,871.28,900.09,928.9,957.72,986.53,1015.34,1044.16,1072.97,1101.78,
828.24,856.47,884.71,912.94,941.18,969.41,997.65,1025.88,1054.12,1082.35,1110.59,1138.82,
803.01,824.14,845.28,866.41,887.55,908.68,929.82,950.95,972.09,993.22,1014.36,1035.49,
768.89,784.15,799.42,814.68,829.94,845.2,860.47,875.73,890.99,906.26,921.52,936.78,
687.65,694.42,701.19,707.96,714.73,721.5,728.27,735.04,741.81,748.58,755.35,762.12,
597.45,599.11,600.77,602.44,604.1,605.76,607.42,609.08,610.74,612.4,614.07,615.73,
496.99,491.82,486.65,481.48,476.31,471.14,465.97,460.8,455.63,450.46,445.29,440.12,
383.73,369.56,355.39,341.22,327.05,312.88,298.71,284.54,270.37,256.2,242.03,227.86,
289.15,267.72,246.28,224.85,203.41,181.98,160.54,139.11,117.67,96.24,74.81,53.37,
268.04,245.38,222.71,200.05,177.39,154.73,132.06,109.4,86.74,64.08,41.41,18.75,
214.71,186.78,158.85,130.93,103.0,75.08,47.15,19.23,0.0,0.0,0.0,0.0,
221.5,193.65,165.8,137.94,110.09,82.24,54.38,26.53,0.0,0.0,0.0,0.0,
273.07,251.0,228.92,206.85,184.77,162.7,140.63,118.55,96.48,74.4,52.33,30.25,
303.46,284.41,265.36,246.31,227.26,208.21,189.16,170.11,151.06,132.01,112.96,93.91,
299.02,278.74,258.46,238.18,217.91,197.63,177.35,157.07,136.79,116.51,96.23,75.95,
280.52,257.65,234.79,211.92,189.05,166.18,143.31,120.44,97.57,74.7,51.83,28.96,
290.72,269.98,249.23,228.49,207.75,187.0,166.26,145.52,124.77,104.03,83.29,62.55,
368.37,358.6,348.84,339.08,329.32,319.55,309.79,300.03,290.26,280.5,270.74,260.98,
422.48,420.7,418.91,417.13,415.34,413.56,411.77,409.99,408.2,406.42,404.63,402.84,
492.88,501.48,510.09,518.7,527.3,535.91,544.52,553.12,561.73,570.34,578.94,587.55,
563.99,581.54,599.1,616.65,634.2,651.76,669.31,686.87,704.42,721.97,739.53,757.08,
588.76,610.62,632.47,654.33,676.19,698.05,719.9,741.76,763.62,785.48,807.33,829.19,
640.78,666.83,692.88,718.93,744.97,771.02,797.07,823.12,849.16,875.21,901.26,927.31,
678.17,704.35,730.53,756.71,782.9,809.08,835.26,861.44,887.62,913.8,939.99,966.17,
752.22,780.82,809.42,838.01,866.61,895.2,923.8,952.4,980.99,1009.59,1038.19,1066.78,
798.95,827.15,855.34,883.54,911.73,939.92,968.12,996.31,1024.51,1052.7,1080.89,1109.09,
801.96,826.2,850.44,874.69,898.93,923.17,947.41,971.65,995.89,1020.13,1044.38,1068.62,
768.56,788.29,808.03,827.76,847.49,867.22,886.95,906.68,926.42,946.15,965.88,985.61,
668.43,677.74,687.05,696.36,705.67,714.97,724.28,733.59,742.9,752.21,761.52,770.83,
576.54,578.22,579.9,581.58,583.26,584.95,586.63,588.31,589.99,591.68,593.36,595.04,
465.1,458.44,451.79,445.13,438.47,431.82,425.16,418.5,411.85,405.19,398.53,391.88,
363.33,349.12,334.91,320.7,306.49,292.28,278.07,263.86,249.65,235.44,221.23,207.02,
279.87,259.27,238.67,218.07,197.48,176.88,156.28,135.68,115.08,94.48,73.88,53.29,
236.99,213.05,189.11,165.17,141.22,117.28,93.34,69.4,45.46,21.51,0.0,0.0,
306.54,288.04,269.55,251.06,232.56,214.07,195.58,177.08,158.59,140.1,121.6,103.11,
338.95,323.46,307.97,292.48,276.99,261.5,246.01,230.52,215.03,199.54,184.05,168.56,
435.49,427.47,419.45,411.43,403.42,395.4,387.38,379.36,371.34,363.32,355.3,347.29,
472.61,466.95,461.29,455.63,449.97,444.31,438.65,432.99,427.33,421.67,416.01,410.35,
465.92,459.67,453.42,447.17,440.92,434.67,428.42,422.17,415.93,409.68,403.43,397.18,
458.69,450.34,441.98,433.63,425.28,416.92,408.57,400.21,391.86,383.51,375.15,366.8,
479.64,473.61,467.58,461.54,455.51,449.48,443.45,437.42,431.38,425.35,419.32,413.29,
493.53,490.48,487.43,484.38,481.33,478.28,475.23,472.18,469.13,466.08,463.03,459.98,
572.78,580.23,587.69,595.15,602.6,610.06,617.51,624.97,632.43,639.88,647.34,654.8,
644.25,661.51,678.77,696.03,713.29,730.55,747.81,765.07,782.33,799.59,816.85,834.11,
687.29,711.01,734.73,758.45,782.17,805.89,829.61,853.33,877.05,900.77,924.49,948.21,
708.17,734.26,760.36,786.45,812.55,838.64,864.73,890.83,916.92,943.02,969.11,995.2,
708.07,732.58,757.08,781.59,806.09,830.6,855.1,879.6,904.11,928.61,953.12,977.62,
694.05,714.8,735.55,756.3,777.05,797.79,818.54,839.29,860.04,880.79,901.53,922.28,
693.69,710.08,726.46,742.84,759.22,775.61,791.99,808.37,824.76,841.14,857.52,873.9,
684.58,695.61,706.65,717.69,728.72,739.76,750.8,761.84,772.87,783.91,794.95,805.98,
636.57,639.45,642.34,645.22,648.11,650.99,653.88,656.76,659.64,662.53,665.41,668.3,
564.84,559.0,553.16,547.33,541.49,535.66,529.82,523.99,518.15,512.31,506.48,500.64,
512.32,503.82,495.32,486.82,478.33,469.83,461.33,452.83,444.33,435.83,427.34,418.84,
432.55,417.82,403.09,388.35,373.62,358.89,344.16,329.43,314.7,299.96,285.23,270.5,
367.61,351.08,334.54,318.0,301.46,284.93,268.39,251.85,235.31,218.78,202.24,185.7,
291.44,270.65,249.87,229.08,208.3,187.52,166.73,145.95,125.16,104.38,83.59,62.81,
202.03,174.29,146.55,118.81,91.07,63.33,35.59,7.85,0.0,0.0,0.0,0.0,
150.39,119.73,89.07,58.41,27.75,0.0,0.0,0.0,0.0,0.0,0.0,0.0,
173.86,146.43,119.0,91.57,64.13,36.7,9.27,0.0,0.0,0.0,0.0,0.0,
216.6,192.97,169.34,145.7,122.07,98.44,74.81,51.17,27.54,3.91,0.0,0.0,
253.99,234.87,215.76,196.65,177.54,158.42,139.31,120.2,101.09,81.97,62.86,43.75,
293.46,278.62,263.78,248.94,234.1,219.26,204.42,189.58,174.74,159.9,145.06,130.22,
322.88,310.78,298.69,286.59,274.5,262.4,250.31,238.21,226.12,214.02,201.93,189.83,
372.81,365.33,357.85,350.36,342.88,335.4,327.92,320.44,312.95,305.47,297.99,290.51,
440.46,439.39,438.33,437.27,436.21,435.14,434.08,433.02,431.95,430.89,429.83,428.77,
455.03,456.32,457.61,458.9,460.19,461.48,462.77,464.06,465.35,466.64,467.93,469.22,
492.75,500.05,507.36,514.66,521.97,529.28,536.58,543.89,551.2,558.5,565.81,573.12,
579.93,597.53,615.13,632.72,650.32,667.91,685.51,703.1,720.7,738.29,755.89,773.48,
600.13,621.43,642.73,664.03,685.33,706.63,727.93,749.23,770.53,791.83,813.13,834.43,
598.04,619.94,641.84,663.74,685.63,707.53,729.43,751.33,773.23,795.13,817.03,838.93,
636.08,660.05,684.02,708.0,731.97,755.94,779.92,803.89,827.86,851.84,875.81,899.78,
677.58,703.18,728.77,754.36,779.96,805.55,831.14,856.74,882.33,907.92,933.52,959.11,
675.62,697.67,719.73,741.78,763.84,785.89,807.94,830.0,852.05,874.1,896.16,918.21,
646.93,663.04,679.15,695.26,711.37,727.48,743.58,759.69,775.8,791.91,808.02,824.13,
680.85,695.79,710.74,725.68,740.62,755.57,770.51,785.45,800.4,815.34,830.28,845.23,
633.79,641.5,649.21,656.92,664.63,672.34,680.04,687.75,695.46,703.17,710.88,718.59,
587.19,590.29,593.38,596.48,599.57,602.67,605.77,608.86,611.96,615.05,618.15,621.25,
510.98,508.45,505.92,503.4,500.87,498.34,495.81,493.28,490.75,488.22,485.7,483.17,
402.16,390.8,379.45,368.1,356.75,345.4,334.05,322.69,311.34,299.99,288.64,277.29,
299.41,280.23,261.04,241.86,222.67,203.49,184.3,165.12,145.93,126.75,107.56,88.38,
206.67,180.7,154.74,128.77,102.81,76.84,50.88,24.91,0.0,0.0,0.0,0.0,
132.16,101.86,71.56,41.26,10.96,0.0,0.0,0.0,0.0,0.0,0.0,0.0,
92.81,61.82,30.83,0.0,0.0,0.0,0.0,0.0,0.0,0.0,0.0,0.0,
69.22,36.85,4.49,0.0,0.0,0.0,0.0,0.0,0.0,0.0,0.0,0.0,
104.51,75.34,46.16,16.99,0.0,0.0,0.0,0.0,0.0,0.0,0.0,0.0,
228.24,210.86,193.48,176.1,158.72,141.34,123.96,106.58,89.21,71.83,54.45,37.07,
417.78,415.15,412.51,409.88,407.25,404.62,401.99,399.36,396.73,394.09,391.46,388.83,
579.28,588.45,597.61,606.77,615.94,625.1,634.27,643.43,652.59,661.76,670.92,680.09,
737.71,760.57,783.43,806.29,829.15,852.01,874.86,897.72,920.58,943.44,966.3,989.16,
812.16,842.56,872.96,903.36,933.77,964.17,994.57,1024.97,1055.38,1085.78,1116.18,1146.58,
840.0,873.68,907.37,941.05,974.74,1008.42,1042.11,1075.79,1109.47,1143.16,1176.84,1210.53,
870.98,907.57,944.17,980.76,1017.36,1053.95,1090.55,1127.14,1163.74,1200.33,1236.92,1273.52,
971.5,1019.44,1067.38,1115.31,1163.25,1211.18,1259.12,1307.06,1354.99,1402.93,1450.86,1498.8,
992.35,1042.25,1092.15,1142.04,1191.94,1241.84,1291.73,1341.63,1391.53,1441.42,1491.32,1541.22,
1054.12,1107.88,1161.65,1215.42,1269.18,1322.95,1376.72,1430.49,1484.25,1538.02,1591.79,1645.55,
1016.08,1063.56,1111.04,1158.52,1206.01,1253.49,1300.97,1348.45,1395.93,1443.42,1490.9,1538.38,
924.51,960.07,995.63,1031.2,1066.76,1102.32,1137.88,1173.45,1209.01,1244.57,1280.13,1315.7,
790.26,810.06,829.85,849.64,869.44,889.23,909.02,928.82,948.61,968.4,988.2,1007.99,
679.41,685.14,690.87,696.59,702.32,708.05,713.78,719.5,725.23,730.96,736.69,742.41,
536.99,525.86,514.72,503.59,492.45,481.32,470.18,459.05,447.91,436.78,425.64,414.51,
413.01,386.95,360.89,334.83,308.78,282.72,256.66,230.6,204.54,178.49,152.43,126.37,
294.77,255.57,216.36,177.16,137.95,98.74,59.54,20.33,0.0,0.0,0.0,0.0,
159.28,107.92,56.56,5.19,0.0,0.0,0.0,0.0,0.0,0.0,0.0,0.0,
54.51,0.0,0.0,0.0,0.0,0.0,0.0,0.0,0.0,0.0,0.0,0.0,
11.76,0.0,0.0,0.0,0.0,0.0,0.0,0.0,0.0,0.0,0.0,0.0,
0.0,0.0,0.0,0.0,0.0,0.0,0.0,0.0,0.0,0.0,0.0,0.0,
0.0,0.0,0.0,0.0,0.0,0.0,0.0,0.0,0.0,0.0,0.0,0.0,
0.0,0.0,0.0,0.0,0.0,0.0,0.0,0.0,0.0,0.0,0.0,0.0,
65.82,32.1,0.0,0.0,0.0,0.0,0.0,0.0,0.0,0.0,0.0,0.0,
151.9,127.24,102.59,77.93,53.28,28.62,3.97,0.0,0.0,0.0,0.0,0.0,
306.08,297.07,288.06,279.05,270.04,261.03,252.02,243.01,234.0,224.99,215.99,206.98,
431.63,434.38,437.12,439.87,442.61,445.36,448.1,450.85,453.59,456.34,459.08,461.83,
580.92,599.67,618.42,637.17,655.92,674.67,693.42,712.17,730.93,749.68,768.43,787.18,
692.35,721.55,750.74,779.94,809.13,838.33,867.52,896.72,925.91,955.11,984.3,1013.5,
798.04,835.9,873.77,911.63,949.49,987.36,1025.22,1063.09,1100.95,1138.81,1176.68,1214.54,
832.75,872.16,911.57,950.98,990.39,1029.8,1069.22,1108.63,1148.04,1187.45,1226.86,1266.27,
841.83,881.79,921.75,961.71,1001.66,1041.62,1081.58,1121.54,1161.5,1201.46,1241.42,1281.38,
912.03,956.39,1000.76,1045.12,1089.49,1133.85,1178.22,1222.58,1266.95,1311.31,1355.68,1400.04,
954.71,1001.69,1048.68,1095.67,1142.65,1189.64,1236.63,1283.61,1330.6,1377.59,1424.57,1471.56,
990.33,1038.84,1087.35,1135.87,1184.38,1232.9,1281.41,1329.92,1378.44,1426.95,1475.47,1523.98,
960.85,1003.51,1046.17,1088.84,1131.5,1174.16,1216.82,1259.49,1302.15,1344.81,1387.48,1430.14,
908.56,942.68,976.8,1010.92,1045.03,1079.15,1113.27,1147.39,1181.5,1215.62,1249.74,1283.86,
795.1,815.11,835.12,855.13,875.14,895.15,915.16,935.17,955.18,975.19,995.2,1015.21,
641.05,643.55,646.06,648.57,651.08,653.58,656.09,658.6,661.11,663.62,666.12,668.63,
512.22,499.94,487.66,475.38,463.1,450.82,438.54,426.26,413.98,401.7,389.42,377.13,
385.69,359.62,333.55,307.48,281.41,255.35,229.28,203.21,177.14,151.07,125.01,98.94,
315.75,283.67,251.58,219.5,187.41,155.33,123.24,91.16,59.07,26.99,0.0,0.0,
199.08,157.88,116.67,75.46,34.26,0.0,0.0,0.0,0.0,0.0,0.0,0.0,
116.41,71.17,25.94,0.0,0.0,0.0,0.0,0.0,0.0,0.0,0.0,0.0,
37.91,0.0,0.0,0.0,0.0,0.0,0.0,0.0,0.0,0.0,0.0,0.0,
0.0,0.0,0.0,0.0,0.0,0.0,0.0,0.0,0.0,0.0,0.0,0.0,
0.0,0.0,0.0,0.0,0.0,0.0,0.0,0.0,0.0,0.0,0.0,0.0,
86.99,52.35,17.71,0.0,0.0,0.0,0.0,0.0,0.0,0.0,0.0,0.0,
196.6,172.97,149.34,125.7,102.07,78.44,54.81,31.17,7.54,0.0,0.0,0.0,
290.2,274.78,259.36,243.94,228.52,213.11,197.69,182.27,166.85,151.43,136.02,120.6,
411.63,409.64,407.65,405.66,403.67,401.68,399.68,397.69,395.7,393.71,391.72,389.72,
623.99,641.54,659.1,676.65,694.2,711.76,729.31,746.87,764.42,781.97,799.53,817.08,
731.76,760.55,789.33,818.11,846.89,875.68,904.46,933.24,962.02,990.8,1019.59,1048.37,
686.6,713.32,740.04,766.76,793.47,820.19,846.91,873.63,900.35,927.07,953.78,980.5,
710.07,740.19,770.31,800.44,830.56,860.68,890.81,920.93,951.06,981.18,1011.3,1041.43,
694.97,723.68,752.39,781.1,809.81,838.52,867.23,895.94,924.65,953.36,982.07,1010.78,
656.41,680.47,704.54,728.6,752.67,776.74,800.8,824.87,848.93,873.0,897.07,921.13,
664.12,687.88,711.65,735.42,759.18,782.95,806.72,830.49,854.25,878.02,901.79,925.55,
690.85,715.44,740.03,764.63,789.22,813.81,838.4,863.0,887.59,912.18,936.77,961.37,
715.23,740.75,766.27,791.79,817.31,842.83,868.36,893.88,919.4,944.92,970.44,995.96,
680.13,699.33,718.52,737.72,756.91,776.11,795.3,814.5,833.69,852.89,872.08,891.28,
698.95,715.57,732.18,748.8,765.41,782.03,798.64,815.26,831.87,848.49,865.1,881.72,
588.37,591.41,594.45,597.5,600.54,603.59,606.63,609.68,612.72,615.77,618.81,621.85,
449.87,437.34,424.81,412.28,399.76,387.23,374.7,362.17,349.64,337.11,324.59,312.06,
297.06,268.85,240.65,212.45,184.24,156.04,127.83,99.63,71.42,43.22,15.02,0.0,
198.43,163.88,129.33,94.78,60.23,25.68,0.0,0.0,0.0,0.0,0.0,0.0,
116.34,77.48,38.61,0.0,0.0,0.0,0.0,0.0,0.0,0.0,0.0,0.0,
61.57,21.21,0.0,0.0,0.0,0.0,0.0,0.0,0.0,0.0,0.0,0.0,
56.8,18.8,0.0,0.0,0.0,0.0,0.0,0.0,0.0,0.0,0.0,0.0,
163.07,140.82,118.57,96.32,74.07,51.82,29.57,7.32,0.0,0.0,0.0,0.0,
280.46,271.15,261.84,252.53,243.22,233.91,224.61,215.3,205.99,196.68,187.37,178.06,
286.73,275.98,265.23,254.47,243.72,232.97,222.21,211.46,200.71,189.95,179.2,168.45,
440.33,442.17,444.02,445.87,447.72,449.56,451.41,453.26,455.1,456.95,458.8,460.65,
483.92,488.72,493.52,498.32,503.12,507.92,512.71,517.51,522.31,527.11,531.91,536.71,
477.19,480.64,484.08,487.53,490.98,494.42,497.87,501.32,504.76,508.21,511.66,515.1,
532.75,541.28,549.81,558.35,566.88,575.42,583.95,592.49,601.02,609.56,618.09,626.63,
559.22,571.59,583.96,596.34,608.71,621.08,633.46,645.83,658.2,670.58,682.95,695.33,
534.58,546.75,558.93,571.11,583.29,595.46,607.64,619.82,632.0,644.17,656.35,668.53,
552.88,567.62,582.37,597.12,611.86,626.61,641.36,656.11,670.85,685.6,700.35,715.09,
599.22,621.59,643.96,666.34,688.71,711.08,733.46,755.83,778.2,800.58,822.95,845.33,
606.27,628.86,651.46,674.05,696.64,719.23,741.82,764.41,787.0,809.59,832.18,854.77,
598.1,618.55,638.99,659.44,679.88,700.32,720.77,741.21,761.65,782.1,802.54,822.99,
601.05,618.99,636.94,654.88,672.83,690.78,708.72,726.67,744.62,762.56,780.51,798.46,
604.12,618.59,633.05,647.52,661.99,676.46,690.93,705.4,719.87,734.33,748.8,763.27,
637.58,650.54,663.51,676.47,689.43,702.39,715.35,728.31,741.28,754.24,767.2,780.16,
672.75,684.26,695.78,707.3,718.81,730.33,741.85,753.36,764.88,776.4,787.92,799.43,
655.49,662.73,669.98,677.22,684.47,691.71,698.96,706.2,713.45,720.69,727.94,735.18,
577.97,577.64,577.31,576.98,576.65,576.32,575.99,575.66,575.33,575.0,574.67,574.34,
476.01,468.46,460.9,453.35,445.8,438.24,430.69,423.13,415.58,408.03,400.47,392.92,
355.1,337.74,320.38,303.02,285.67,268.31,250.95,233.59,216.23,198.88,181.52,164.16,
313.27,297.53,281.79,266.05,250.32,234.58,218.84,203.1,187.36,171.63,155.89,140.15,
250.46,231.5,212.54,193.58,174.63,155.67,136.71,117.75,98.8,79.84,60.88,41.92,
227.52,207.02,186.53,166.03,145.53,125.04,104.54,84.05,63.55,43.06,22.56,2.07,
294.58,281.49,268.4,255.32,242.23,229.15,216.06,202.98,189.89,176.8,163.72,150.63,
342.42,333.49,324.56,315.64,306.71,297.78,288.86,279.93,271.0,262.08,253.15,244.22,
349.28,338.97,328.66,318.35,308.04,297.73,287.42,277.11,266.8,256.49,246.19,235.88,
427.65,423.36,419.08,414.8,410.52,406.23,401.95,397.67,393.38,389.1,384.82,380.54,
450.72,447.34,443.97,440.6,437.22,433.85,430.47,427.1,423.72,420.35,416.97,413.6,
435.62,430.66,425.69,420.73,415.77,410.8,405.84,400.87,395.91,390.95,385.98,381.02,
397.39,389.1,380.81,372.52,364.24,355.95,347.66,339.38,331.09,322.8,314.52,306.23,
399.8,392.77,385.73,378.69,371.65,364.61,357.57,350.54,343.5,336.46,329.42,322.38,
455.1,454.41,453.72,453.02,452.33,451.64,450.95,450.26,449.57,448.88,448.18,447.49,
489.41,495.31,501.22,507.12,513.02,518.93,524.83,530.73,536.64,542.54,548.44,554.34,
566.01,582.67,599.33,615.98,632.64,649.29,665.95,682.61,699.26,715.92,732.58,749.23,
665.23,692.15,719.08,746.0,772.93,799.85,826.78,853.7,880.63,907.55,934.48,961.4,
686.08,713.91,741.74,769.58,797.41,825.24,853.08,880.91,908.74,936.57,964.41,992.24,
704.18,730.18,756.17,782.17,808.17,834.16,860.16,886.15,912.15,938.15,964.14,990.14,
676.54,696.29,716.04,735.79,755.55,775.3,795.05,814.8,834.55,854.31,874.06,893.81,
679.93,695.6,711.27,726.93,742.6,758.26,773.93,789.59,805.26,820.93,836.59,852.26,
710.52,724.32,738.12,751.92,765.71,779.51,793.31,807.11,820.9,834.7,848.5,862.3,
730.98,743.89,756.8,769.71,782.62,795.53,808.44,821.35,834.26,847.17,860.08,872.99,
666.73,674.4,682.07,689.74,697.4,705.07,712.74,720.41,728.07,735.74,743.41,751.08,
554.64,553.61,552.58,551.54,550.51,549.48,548.45,547.42,546.38,545.35,544.32,543.29,
437.91,427.81,417.7,407.6,397.5,387.39,377.29,367.19,357.08,346.98,336.88,326.77,
359.8,346.1,332.39,318.69,304.98,291.28,277.57,263.87,250.17,236.46,222.76,209.05,
291.44,273.64,255.83,238.03,220.23,202.43,184.63,166.82,149.02,131.22,113.42,95.62,
239.74,217.66,195.59,173.52,151.44,129.37,107.29,85.22,63.14,41.07,19.0,0.0,
244.25,221.42,198.59,175.77,152.94,130.11,107.28,84.45,61.63,38.8,15.97,0.0,
276.41,255.73,235.06,214.39,193.72,173.05,152.38,131.71,111.04,90.37,69.7,49.03,
420.0,411.75,403.51,395.26,387.02,378.77,370.53,362.28,354.04,345.79,337.54,329.3,
441.37,433.62,425.87,418.12,410.37,402.62,394.87,387.12,379.37,371.62,363.87,356.12,
460.13,453.54,446.94,440.35,433.75,427.16,420.56,413.97,407.38,400.78,394.19,387.59,
478.24,474.72,471.2,467.68,464.16,460.64,457.12,453.6,450.08,446.56,443.04,439.53,
453.99,448.91,443.83,438.75,433.68,428.6,423.52,418.45,413.37,408.29,403.21,398.14,
471.76,470.02,468.28,466.53,464.79,463.04,461.3,459.56,457.81,456.07,454.32,452.58,
465.42,464.12,462.82,461.52,460.22,458.92,457.62,456.32,455.02,453.72,452.42,451.12,
480.98,483.72,486.45,489.18,491.92,494.65,497.39,500.12,502.86,505.59,508.33,511.06,
538.82,550.63,562.44,574.24,586.05,597.85,609.66,621.47,633.27,645.08,656.88,668.69,
610.07,631.24,652.42,673.59,694.77,715.95,737.12,758.3,779.48,800.65,821.83,843.01,
653.33,677.19,701.05,724.91,748.77,772.63,796.49,820.35,844.21,868.07,891.93,915.79,
646.54,666.64,686.74,706.85,726.95,747.05,767.16,787.26,807.36,827.46,847.57,867.67,
678.56,697.24,715.92,734.6,753.28,771.96,790.64,809.32,827.99,846.67,865.35,884.03,
679.87,694.18,708.5,722.81,737.12,751.44,765.75,780.07,794.38,808.69,823.01,837.32,
634.31,640.91,647.5,654.1,660.69,667.29,673.88,680.47,687.07,693.66,700.26,706.85,
561.7,559.48,557.26,555.04,552.82,550.61,548.39,546.17,543.95,541.73,539.51,537.29,
506.6,499.64,492.67,485.7,478.74,471.77,464.81,457.84,450.87,443.91,436.94,429.98,
442.35,430.85,419.34,407.83,396.33,384.82,373.31,361.81,350.3,338.79,327.29,315.78,
411.57,402.26,392.95,383.64,374.33,365.03,355.72,346.41,337.1,327.79,318.48,309.17,
327.12,312.73,298.33,283.94,269.54,255.14,240.75,226.35,211.95,197.56,183.16,168.77,
262.22,244.15,226.08,208.01,189.94,171.87,153.8,135.73,117.66,99.59,81.52,63.45,
241.11,221.99,202.87,183.74,164.62,145.5,126.37,107.25,88.13,69.01,49.88,30.76,
254.9,236.47,218.04,199.61,181.18,162.75,144.31,125.88,107.45,89.02,70.59,52.16,
325.49,312.91,300.33,287.75,275.17,262.59,250.01,237.43,224.85,212.27,199.69,187.11,
351.83,340.91,329.99,319.07,308.16,297.24,286.32,275.4,264.48,253.56,242.65,231.73,
377.19,367.48,357.77,348.06,338.35,328.63,318.92,309.21,299.5,289.79,280.08,270.37,
427.71,421.62,415.53,409.45,403.36,397.27,391.18,385.09,379.0,372.91,366.82,360.74,
489.67,488.7,487.73,486.76,485.79,484.82,483.85,482.88,481.91,480.94,479.97,479.0,
494.12,494.9,495.69,496.47,497.25,498.04,498.82,499.61,500.39,501.18,501.96,502.75,
463.01,462.39,461.77,461.15,460.53,459.91,459.29,458.67,458.05,457.43,456.81,456.2,
495.29,500.76,506.23,511.7,517.17,522.64,528.11,533.58,539.05,544.52,549.99,555.46,
548.76,561.67,574.58,587.49,600.4,613.31,626.22,639.13,652.04,664.95,677.86,690.77,
601.24,619.91,638.58,657.25,675.92,694.59,713.25,731.92,750.59,769.26,787.93,806.6,
626.93,647.77,668.62,689.47,710.31,731.16,752.01,772.85,793.7,814.54,835.39,856.24,
644.84,666.46,688.08,709.7,731.32,752.94,774.56,796.18,817.8,839.42,861.04,882.66,
653.53,674.08,694.62,715.17,735.72,756.26,776.81,797.36,817.91,838.45,859.0,879.55,
623.01,638.0,653.0,667.99,682.99,697.98,712.98,727.97,742.97,757.96,772.95,787.95,
589.35,597.41,605.47,613.53,621.59,629.65,637.71,645.77,653.83,661.89,669.94,678.0,
616.6,622.79,628.99,635.18,641.37,647.56,653.75,659.94,666.14,672.33,678.52,684.71,
645.62,651.71,657.8,663.89,669.98,676.06,682.15,688.24,694.33,700.42,706.51,712.6,
587.06,587.8,588.54,589.29,590.03,590.77,591.52,592.26,593.0,593.75,594.49,595.23,
540.0,538.42,536.84,535.26,533.68,532.11,530.53,528.95,527.37,525.79,524.21,522.63,
441.24,432.19,423.14,414.09,405.04,395.99,386.94,377.89,368.84,359.79,350.74,341.69,
338.43,322.13,305.82,289.51,273.21,256.9,240.6,224.29,207.99,191.68,175.38,159.07,
278.43,259.49,240.56,221.62,202.68,183.75,164.81,145.87,126.93,108.0,89.06,70.12,
274.71,258.18,241.66,225.14,208.62,192.09,175.57,159.05,142.53,126.01,109.48,92.96,
309.67,295.9,282.12,268.34,254.56,240.79,227.01,213.23,199.46,185.68,171.9,158.13,
339.67,326.77,313.87,300.97,288.07,275.17,262.27,249.37,236.47,223.57,210.67,197.77,
385.29,375.33,365.36,355.39,345.42,335.45,325.48,315.51,305.54,295.57,285.6,275.63,
429.74,423.28,416.82,410.36,403.9,397.44,390.98,384.52,378.06,371.6,365.14,358.68,
491.83,490.91,489.99,489.07,488.16,487.24,486.32,485.4,484.48,483.56,482.65,481.73,
522.22,523.98,525.73,527.49,529.24,530.99,532.75,534.5,536.26,538.01,539.77,541.52,
502.35,502.95,503.55,504.15,504.75,505.35,505.94,506.54,507.14,507.74,508.34,508.94,
517.52,520.18,522.84,525.5,528.17,530.83,533.49,536.15,538.82,541.48,544.14,546.8,
556.21,562.18,568.16,574.13,580.11,586.09,592.06,598.04,604.01,609.99,615.96,621.94,
616.14,627.78,639.43,651.07,662.71,674.35,685.99,697.63,709.27,720.91,732.55,744.19,
665.16,684.24,703.33,722.41,741.49,760.57,779.65,798.73,817.82,836.9,855.98,875.06,
728.63,756.03,783.43,810.83,838.22,865.62,893.02,920.42,947.82,975.22,1002.62,1030.02,
713.92,739.25,764.57,789.9,815.22,840.55,865.87,891.2,916.52,941.85,967.17,992.5,
721.24,745.35,769.46,793.56,817.67,841.78,865.89,889.99,914.1,938.21,962.32,986.42,
677.06,693.94,710.83,727.71,744.59,761.48,778.36,795.24,812.13,829.01,845.89,862.78,
664.9,676.12,687.34,698.56,709.77,720.99,732.21,743.43,754.64,765.86,777.08,788.3,
637.39,642.08,646.78,651.47,656.17,660.86,665.56,670.25,674.95,679.65,684.34,689.04,
612.35,612.07,611.8,611.52,611.24,610.96,610.68,610.4,610.12,609.85,609.57,609.29,
590.2,587.94,585.68,583.42,581.16,578.9,576.64,574.38,572.12,569.86,567.6,565.34,
499.67,490.81,481.94,473.08,464.21,455.35,446.48,437.62,428.75,419.89,411.03,402.16,
399.74,384.16,368.57,352.99,337.41,321.82,306.24,290.66,275.07,259.49,243.91,228.32,
308.63,287.08,265.53,243.98,222.44,200.89,179.34,157.79,136.24,114.7,93.15,71.6,
225.1,198.97,172.84,146.71,120.58,94.45,68.32,42.19,16.06,0.0,0.0,0.0,
161.31,131.5,101.7,71.9,42.09,12.29,0.0,0.0,0.0,0.0,0.0,0.0,
186.54,158.22,129.9,101.58,73.26,44.95,16.63,0.0,0.0,0.0,0.0,0.0,
247.97,225.01,202.05,179.09,156.13,133.16,110.2,87.24,64.28,41.32,18.36,0.0,
415.1,407.04,398.98,390.92,382.86,374.8,366.74,358.68,350.62,342.56,334.5,326.44,
494.38,494.61,494.83,495.06,495.29,495.51,495.74,495.97,496.2,496.42,496.65,496.88,
494.9,495.24,495.58,495.92,496.26,496.6,496.95,497.29,497.63,497.97,498.31,498.65,
505.69,507.51,509.34,511.17,512.99,514.82,516.65,518.47,520.3,522.13,523.95,525.78,
475.69,474.88,474.08,473.27,472.47,471.66,470.86,470.05,469.25,468.44,467.64,466.83,
441.7,439.48,437.26,435.04,432.82,430.61,428.39,426.17,423.95,421.73,419.51,417.29,
452.09,451.32,450.54,449.77,449.0,448.22,447.45,446.67,445.9,445.13,444.35,443.58,
520.39,527.8,535.21,542.62,550.03,557.44,564.85,572.26,579.67,587.08,594.49,601.9,
543.27,554.9,566.53,578.16,589.79,601.42,613.05,624.68,636.31,647.94,659.57,671.2,
586.99,604.28,621.57,638.85,656.14,673.42,690.71,707.99,725.28,742.57,759.85,777.14,
633.73,655.7,677.67,699.64,721.61,743.58,765.55,787.52,809.49,831.47,853.44,875.41,
643.73,664.12,684.51,704.9,725.29,745.69,766.08,786.47,806.86,827.25,847.65,868.04,
608.3,622.27,636.25,650.22,664.19,678.17,692.14,706.11,720.09,734.06,748.03,762.01,
559.41,565.67,571.92,578.17,584.43,590.68,596.93,603.19,609.44,615.7,621.95,628.2,
473.14,468.03,462.92,457.81,452.7,447.6,442.49,437.38,432.27,427.16,422.05,416.95,
410.98,397.05,383.12,369.18,355.25,341.32,327.39,313.46,299.53,285.59,271.66,257.73,
391.9,376.89,361.89,346.88,331.87,316.87,301.86,286.86,271.85,256.85,241.84,226.84,
403.66,391.12,378.58,366.04,353.51,340.97,328.43,315.89,303.35,290.81,278.27,265.73,
424.25,418.79,413.33,407.87,402.41,396.95,391.49,386.03,380.57,375.12,369.66,364.2,
385.88,379.66,373.44,367.21,360.99,354.77,348.54,342.32,336.1,329.88,323.65,317.43,
308.43,296.51,284.59,272.67,260.75,248.83,236.91,224.99,213.08,201.16,189.24,177.32,
229.41,211.98,194.55,177.12,159.69,142.26,124.83,107.4,89.97,72.54,55.11,37.68,
158.37,135.09,111.82,88.55,65.28,42.01,18.74,0.0,0.0,0.0,0.0,0.0,
103.79,75.01,46.23,17.44,0.0,0.0,0.0,0.0,0.0,0.0,0.0,0.0,
185.42,163.95,142.47,121.0,99.52,78.05,56.57,35.09,13.62,0.0,0.0,0.0,
276.21,263.76,251.32,238.87,226.43,213.98,201.53,189.09,176.64,164.2,151.75,139.31,
407.06,404.99,402.93,400.87,398.8,396.74,394.67,392.61,390.55,388.48,386.42,384.36,
573.86,585.55,597.24,608.93,620.63,632.32,644.01,655.7,667.4,679.09,690.78,702.47,
698.37,720.88,743.4,765.92,788.44,810.96,833.47,855.99,878.51,901.03,923.55,946.06,
803.99,836.1,868.22,900.33,932.45,964.56,996.68,1028.8,1060.91,1093.03,1125.14,1157.26,
844.77,880.3,915.83,951.37,986.9,1022.43,1057.96,1093.49,1129.02,1164.55,1200.09,1235.62,
902.22,942.22,982.22,1022.22,1062.22,1102.22,1142.22,1182.22,1222.22,1262.22,1302.22,1342.22,
936.86,978.46,1020.06,1061.66,1103.26,1144.86,1186.46,1228.06,1269.66,1311.26,1352.86,1394.46,
969.74,1013.45,1057.17,1100.88,1144.6,1188.31,1232.03,1275.74,1319.46,1363.18,1406.89,1450.61,
979.15,1022.45,1065.76,1109.06,1152.36,1195.66,1238.96,1282.27,1325.57,1368.87,1412.17,1455.48,
958.37,999.31,1040.24,1081.18,1122.12,1163.06,1204.0,1244.94,1285.88,1326.82,1367.76,1408.7,
912.68,947.23,981.78,1016.33,1050.88,1085.44,1119.99,1154.54,1189.09,1223.64,1258.19,1292.74,
887.32,915.93,944.53,973.14,1001.75,1030.35,1058.96,1087.57,1116.17,1144.78,1173.39,1202.0,
841.44,861.36,881.27,901.19,921.11,941.03,960.94,980.86,1000.78,1020.69,1040.61,1060.53,
758.3,765.78,773.26,780.75,788.23,795.71,803.19,810.67,818.16,825.64,833.12,840.6,
589.74,578.37,566.99,555.62,544.25,532.88,521.5,510.13,498.76,487.39,476.01,464.64,
417.58,388.09,358.59,329.1,299.6,270.11,240.62,211.12,181.63,152.13,122.64,93.14,
279.28,238.8,198.31,157.83,117.34,76.86,36.37,0.0,0.0,0.0,0.0,0.0,
140.52,89.23,37.94,0.0,0.0,0.0,0.0,0.0,0.0,0.0,0.0,0.0,
71.5,18.04,0.0,0.0,0.0,0.0,0.0,0.0,0.0,0.0,0.0,0.0,
76.01,28.11,0.0,0.0,0.0,0.0,0.0,0.0,0.0,0.0,0.0,0.0,
114.05,73.13,32.22,0.0,0.0,0.0,0.0,0.0,0.0,0.0,0.0,0.0,
233.86,205.9,177.94,149.99,122.03,94.07,66.12,38.16,10.2,0.0,0.0,0.0,
291.83,270.03,248.24,226.44,204.65,182.85,161.06,139.26,117.46,95.67,73.87,52.08,
407.52,397.37,387.23,377.08,366.94,356.79,346.65,336.5,326.36,316.22,306.07,295.93,
478.82,476.59,474.37,472.14,469.91,467.68,465.45,463.22,460.99,458.76,456.53,454.3,
527.58,531.25,534.91,538.57,542.24,545.9,549.56,553.23,556.89,560.55,564.22,567.88,
547.91,554.82,561.74,568.65,575.57,582.48,589.39,596.31,603.22,610.14,617.05,623.97,
559.02,567.16,575.3,583.45,591.59,599.73,607.87,616.02,624.16,632.3,640.44,648.59,
595.16,606.7,618.24,629.78,641.31,652.85,664.39,675.93,687.46,699.0,710.54,722.08,
633.46,650.2,666.94,683.68,700.42,717.16,733.9,750.64,767.38,784.11,800.85,817.59,
623.66,642.0,660.34,678.68,697.01,715.35,733.69,752.03,770.37,788.71,807.05,825.38,
665.56,689.06,712.57,736.08,759.59,783.1,806.61,830.12,853.63,877.13,900.64,924.15,
686.08,709.7,733.32,756.95,780.57,804.19,827.81,851.43,875.06,898.68,922.3,945.92,
661.7,681.06,700.42,719.78,739.14,758.5,777.86,797.22,816.58,835.94,855.3,874.66,
683.53,700.92,718.31,735.7,753.09,770.47,787.86,805.25,822.64,840.03,857.42,874.81,
717.84,733.41,748.97,764.53,780.09,795.66,811.22,826.78,842.34,857.91,873.47,889.03,
731.05,743.38,755.71,768.04,780.37,792.71,805.04,817.37,829.7,842.04,854.37,866.7,
694.12,700.34,706.56,712.79,719.01,725.23,731.46,737.68,743.9,750.12,756.35,762.57,
597.71,594.61,591.5,588.39,585.29,582.18,579.07,575.97,572.86,569.76,566.65,563.54,
530.2,523.55,516.9,510.26,503.61,496.97,490.32,483.67,477.03,470.38,463.74,457.09,
427.06,412.89,398.72,384.55,370.38,356.21,342.04,327.87,313.7,299.54,285.37,271.2,
347.91,330.26,312.61,294.97,277.32,259.67,242.03,224.38,206.73,189.08,171.44,153.79,
290.39,269.73,249.07,228.41,207.75,187.09,166.43,145.77,125.11,104.45,83.79,63.13,
253.53,230.92,208.31,185.7,163.09,140.47,117.86,95.25,72.64,50.03,27.42,4.81,
242.09,218.69,195.28,171.87,148.47,125.06,101.66,78.25,54.85,31.44,8.04,0.0,
291.5,272.42,253.34,234.26,215.18,196.1,177.01,157.93,138.85,119.77,100.69,81.61,
362.16,349.93,337.7,325.47,313.24,301.01,288.78,276.55,264.32,252.09,239.87,227.64,
407.97,399.75,391.52,383.3,375.07,366.85,358.62,350.4,342.17,333.95,325.72,317.5,
426.34,417.65,408.96,400.27,391.58,382.89,374.2,365.51,356.82,348.14,339.45,330.76,
476.93,472.34,467.74,463.15,458.56,453.97,449.37,444.78,440.19,435.6,431.0,426.41,
480.0,476.67,473.33,470.0,466.67,463.33,460.0,456.67,453.33,450.0,446.67,443.33,
471.44,467.32,463.2,459.08,454.97,450.85,446.73,442.61,438.5,434.38,430.26,426.14,
514.9,517.0,519.09,521.19,523.28,525.38,527.47,529.57,531.66,533.76,535.85,537.95,
554.58,564.12,573.67,583.21,592.76,602.3,611.85,621.4,630.94,640.49,650.03,659.58,
606.27,623.95,641.63,659.31,676.99,694.66,712.34,730.02,747.7,765.38,783.05,800.73,
623.2,644.18,665.16,686.14,707.12,728.1,749.08,770.07,791.05,812.03,833.01,853.99,
649.67,671.69,693.7,715.71,737.72,759.74,781.75,803.76,825.77,847.78,869.8,891.81,
681.63,704.03,726.42,748.82,771.21,793.61,816.0,838.39,860.79,883.18,905.58,927.97,
654.58,671.31,688.05,704.79,721.53,738.27,755.01,771.75,788.49,805.23,821.96,838.7,
701.37,717.48,733.59,749.7,765.81,781.92,798.03,814.14,830.25,846.36,862.47,878.58,
717.65,731.43,745.22,759.01,772.8,786.58,800.37,814.16,827.95,841.73,855.52,869.31,
709.02,719.09,729.16,739.24,749.31,759.38,769.45,779.53,789.6,799.67,809.74,819.81,
628.37,630.18,632.0,633.81,635.63,637.45,639.26,641.08,642.9,644.71,646.53,648.35,
525.62,519.78,513.94,508.1,502.26,496.42,490.57,484.73,478.89,473.05,467.21,461.37,
437.78,426.2,414.62,403.04,391.46,379.88,368.3,356.73,345.15,333.57,321.99,310.41,
348.5,330.91,313.33,295.74,278.16,260.57,242.99,225.4,207.82,190.23,172.65,155.06,
285.62,264.69,243.76,222.83,201.91,180.98,160.05,139.12,118.19,97.26,76.33,55.4,
241.18,219.02,196.86,174.71,152.55,130.39,108.24,86.08,63.92,41.76,19.61,0.0,
240.98,218.98,196.98,174.97,152.97,130.97,108.97,86.97,64.96,42.96,20.96,0.0,
278.24,259.45,240.67,221.89,203.11,184.32,165.54,146.76,127.98,109.2,90.41,71.63,
366.34,355.19,344.05,332.9,321.76,310.61,299.47,288.32,277.18,266.03,254.88,243.74,
500.85,499.65,498.46,497.26,496.06,494.86,493.67,492.47,491.27,490.08,488.88,487.68,
490.92,488.26,485.61,482.96,480.31,477.65,475.0,472.35,469.7,467.05,464.39,461.74,
468.63,463.04,457.46,451.88,446.3,440.71,435.13,429.55,423.96,418.38,412.8,407.21,
486.47,483.12,479.76,476.41,473.05,469.7,466.35,462.99,459.64,456.28,452.93,449.58,
528.76,530.62,532.47,534.33,536.19,538.05,539.9,541.76,543.62,545.48,547.33,549.19,
520.65,522.42,524.18,525.95,527.71,529.48,531.24,533.01,534.77,536.54,538.3,540.07,
622.03,636.22,650.41,664.6,678.79,692.98,707.17,721.36,735.55,749.74,763.93,778.11,
692.29,715.39,738.5,761.61,784.71,807.82,830.93,854.03,877.14,900.24,923.35,946.46,
728.82,757.3,785.77,814.24,842.71,871.19,899.66,928.13,956.6,985.08,1013.55,1042.02,
726.54,754.01,781.48,808.95,836.42,863.89,891.37,918.84,946.31,973.78,1001.25,1028.72,
786.8,815.82,844.84,873.86,902.88,931.9,960.92,989.93,1018.95,1047.97,1076.99,1106.01,
807.45,834.38,861.3,888.22,915.15,942.07,969.0,995.92,1022.85,1049.77,1076.7,1103.62,
849.87,875.76,901.65,927.55,953.44,979.33,1005.23,1031.12,1057.01,1082.9,1108.8,1134.69,
909.28,935.46,961.64,987.83,1014.01,1040.19,1066.37,1092.55,1118.73,1144.92,1171.1,1197.28,
836.67,852.28,867.89,883.51,899.12,914.74,930.35,945.96,961.58,977.19,992.81,1008.42,
713.46,717.05,720.63,724.21,727.79,731.37,734.95,738.53,742.11,745.69,749.27,752.86,
587.65,580.56,573.47,566.38,559.29,552.2,545.11,538.02,530.93,523.84,516.75,509.66,
486.8,473.19,459.57,445.96,432.35,418.74,405.13,391.51,377.9,364.29,350.68,337.07,
442.42,429.98,417.55,405.11,392.68,380.24,367.81,355.37,342.93,330.5,318.06,305.63,
337.91,316.75,295.6,274.44,253.29,232.13,210.97,189.82,168.66,147.51,126.35,105.19,
256.21,228.15,200.09,172.03,143.97,115.91,87.85,59.79,31.73,3.67,0.0,0.0,
256.93,229.18,201.43,173.68,145.93,118.18,90.43,62.68,34.93,7.18,0.0,0.0,
290.33,265.86,241.39,216.92,192.45,167.98,143.52,119.05,94.58,70.11,45.64,21.17,
307.78,283.92,260.06,236.2,212.34,188.48,164.62,140.76,116.9,93.04,69.18,45.32,
345.82,326.31,306.81,287.3,267.8,248.29,228.79,209.28,189.78,170.28,150.77,131.27,
344.38,325.31,306.24,287.17,268.09,249.02,229.95,210.88,191.81,172.74,153.67,134.6,
337.19,317.13,297.07,277.0,256.94,236.88,216.82,196.76,176.69,156.63,136.57,116.51,
325.16,303.89,282.62,261.36,240.09,218.82,197.55,176.28,155.01,133.74,112.47,91.2,
353.07,337.84,322.61,307.38,292.14,276.91,261.68,246.45,231.21,215.98,200.75,185.52,
360.52,349.06,337.59,326.13,314.66,303.2,291.73,280.26,268.8,257.33,245.87,234.4,
468.17,470.32,472.46,474.61,476.76,478.9,481.05,483.2,485.34,487.49,489.64,491.78,
571.57,588.4,605.23,622.06,638.9,655.73,672.56,689.39,706.22,723.05,739.89,756.72,
632.16,655.89,679.63,703.36,727.1,750.84,774.57,798.31,822.04,845.78,869.51,893.25,
654.12,678.41,702.7,727.0,751.29,775.58,799.88,824.17,848.46,872.76,897.05,921.34,
623.4,642.82,662.24,681.66,701.09,720.51,739.93,759.35,778.78,798.2,817.62,837.04,
589.54,603.24,616.93,630.63,644.32,658.02,671.71,685.4,699.1,712.79,726.49,740.18,
585.29,595.5,605.71,615.91,626.12,636.33,646.53,656.74,666.95,677.15,687.36,697.56,
575.29,581.29,587.29,593.28,599.28,605.27,611.27,617.27,623.26,629.26,635.25,641.25,
580.72,584.19,587.65,591.12,594.59,598.06,601.52,604.99,608.46,611.93,615.39,618.86,
522.94,521.5,520.05,518.61,517.16,515.72,514.27,512.83,511.38,509.94,508.49,507.05,
480.33,476.38,472.44,468.5,464.56,460.62,456.67,452.73,448.79,444.85,440.9,436.96,
409.22,400.89,392.56,384.23,375.9,367.57,359.25,350.92,342.59,334.26,325.93,317.61,
335.69,322.78,309.87,296.96,284.05,271.14,258.22,245.31,232.4,219.49,206.58,193.67,
257.97,239.22,220.47,201.72,182.97,164.22,145.47,126.71,107.96,89.21,70.46,51.71,
249.8,231.19,212.57,193.95,175.34,156.72,138.1,119.48,100.87,82.25,63.63,45.02,
281.05,265.48,249.92,234.36,218.8,203.23,187.67,172.11,156.55,140.98,125.42,109.86,
325.49,313.26,301.03,288.8,276.57,264.34,252.12,239.89,227.66,215.43,203.2,190.97,
421.63,415.96,410.28,404.61,398.93,393.25,387.58,381.9,376.23,370.55,364.87,359.2,
540.59,545.74,550.89,556.04,561.19,566.34,571.49,576.64,581.79,586.93,592.08,597.23,
516.86,520.22,523.57,526.92,530.28,533.63,536.99,540.34,543.69,547.05,550.4,553.76,
553.14,559.96,566.78,573.6,580.42,587.24,594.07,600.89,607.71,614.53,621.35,628.17,
565.49,574.14,582.79,591.43,600.08,608.73,617.38,626.03,634.67,643.32,651.97,660.62,
545.75,552.44,559.13,565.81,572.5,579.19,585.88,592.56,599.25,605.94,612.62,619.31,
551.63,558.77,565.9,573.03,580.16,587.29,594.42,601.55,608.68,615.81,622.94,630.08,
600.07,612.47,624.87,637.28,649.68,662.09,674.49,686.9,699.3,711.71,724.11,736.52,
618.37,633.87,649.37,664.87,680.37,695.87,711.37,726.87,742.37,757.87,773.37,788.87,
656.41,677.31,698.22,719.13,740.04,760.95,781.85,802.76,823.67,844.58,865.49,886.39,
682.03,703.58,725.14,746.7,768.26,789.82,811.38,832.93,854.49,876.05,897.61,919.17,
658.17,676.11,694.04,711.98,729.91,747.85,765.79,783.72,801.66,819.59,837.53,855.47,
606.14,616.56,626.97,637.38,647.79,658.21,668.62,679.03,689.45,699.86,710.27,720.68,
533.14,533.82,534.5,535.18,535.86,536.54,537.22,537.91,538.59,539.27,539.95,540.63,
507.91,502.54,497.18,491.81,486.44,481.08,475.71,470.34,464.98,459.61,454.24,448.88,
500.85,492.99,485.12,477.26,469.39,461.53,453.67,445.8,437.94,430.08,422.21,414.35,
500.33,492.0,483.67,475.34,467.01,458.69,450.36,442.03,433.7,425.37,417.05,408.72,
463.92,453.28,442.64,432.0,421.36,410.72,400.08,389.44,378.8,368.16,357.52,346.88,
438.5,429.33,420.17,411.0,401.84,392.68,383.51,374.35,365.18,356.02,346.86,337.69,
406.6,398.58,390.56,382.55,374.53,366.51,358.49,350.47,342.45,334.43,326.42,318.4,
294.77,276.97,259.17,241.37,223.56,205.76,187.96,170.16,152.36,134.55,116.75,98.95,
221.9,199.7,177.5,155.3,133.1,110.9,88.71,66.51,44.31,22.11,0.0,0.0,
155.42,128.51,101.6,74.68,47.77,20.85,0.0,0.0,0.0,0.0,0.0,0.0,
136.34,108.0,79.66,51.32,22.99,0.0,0.0,0.0,0.0,0.0,0.0,0.0,
186.54,163.13,139.72,116.32,92.91,69.51,46.1,22.7,0.0,0.0,0.0,0.0,
