213.13,260.11,260.11,260.11,260.11,260.11,260.11,260.11,260.11,260.11,260.11,260.11,
90.23,139.83,170.48,189.43,201.14,208.38,212.85,215.62,217.33,218.38,219.04,219.44,
0.0,0.0,0.0,0.0,0.0,0.0,0.0,0.0,0.0,0.0,0.0,0.0,
30.59,21.18,11.76,2.35,0.0,0.0,0.0,0.0,0.0,0.0,0.0,0.0,
12.35,4.71,0.0,0.0,0.0,0.0,0.0,0.0,0.0,0.0,0.0,0.0,
0.0,0.0,0.0,0.0,0.0,0.0,0.0,0.0,0.0,0.0,0.0,0.0,
0.0,0.0,0.0,0.0,0.0,0.0,0.0,0.0,0.0,0.0,0.0,0.0,
245.29,240.59,235.88,231.18,226.47,221.76,217.06,212.35,207.65,202.94,198.24,193.53,
162.35,154.71,147.06,139.41,131.76,124.12,116.47,108.82,101.18,93.53,85.88,78.24,
414.71,419.41,424.12,428.82,433.53,438.24,442.94,447.65,452.35,457.06,461.76,466.47,
265.3,216.84,230.01,216.76,214.84,208.06,203.37,197.78,192.57,187.2,181.91,176.58,
105.49,100.53,142.47,160.83,168.87,172.39,173.93,174.6,174.9,175.03,175.08,175.11,
230.25,217.82,210.0,205.08,201.98,200.04,198.81,198.04,197.56,197.25,197.06,196.94,
304.45,264.03,239.12,223.76,214.29,208.45,204.85,202.63,201.26,200.42,199.9,199.58,
256.91,236.18,223.2,215.06,209.96,206.77,204.76,203.51,202.73,202.23,201.92,201.73,
281.39,278.38,281.97,282.54,284.49,285.81,287.42,288.89,290.43,291.93,293.46,294.97,
363.1,383.96,404.81,425.66,446.51,467.36,488.21,509.06,529.92,550.77,571.62,592.47,
393.11,415.54,437.97,460.4,482.84,505.27,527.7,550.13,572.56,594.99,617.42,639.86,
418.72,442.15,465.58,489.02,512.45,535.88,559.31,582.74,606.18,629.61,653.04,676.47,
413.1,434.36,455.62,476.89,498.15,519.41,540.68,561.94,583.2,604.46,625.73,646.99,
277.37,291.1,304.82,318.54,332.26,345.98,359.7,373.42,387.15,400.87,414.59,428.31,
215.99,239.38,246.13,260.28,271.13,283.46,295.13,307.09,318.92,330.81,342.67,354.55,
178.62,203.61,214.26,218.8,220.73,221.56,221.91,222.06,222.12,222.15,222.16,222.17,
245.56,245.56,245.56,245.56,245.56,245.56,245.56,245.56,245.56,245.56,245.56,245.56,
253.33,253.33,253.33,253.33,253.33,253.33,253.33,253.33,253.33,253.33,253.33,253.33,
100.88,92.1,83.33,74.55,65.78,57.01,48.23,39.46,30.68,21.91,13.13,4.36,
7.65,0.0,0.0,0.0,0.0,0.0,0.0,0.0,0.0,0.0,0.0,0.0,
0.59,0.0,0.0,0.0,0.0,0.0,0.0,0.0,0.0,0.0,0.0,0.0,
146.47,142.94,139.41,135.88,132.35,128.82,125.29,121.76,118.24,114.71,111.18,107.65,
165.29,160.59,155.88,151.18,146.47,141.76,137.06,132.35,127.65,122.94,118.24,113.53,
115.88,101.76,87.65,73.53,59.41,45.29,31.18,17.06,2.94,0.0,0.0,0.0,
0.0,0.0,0.0,0.0,0.0,0.0,0.0,0.0,0.0,0.0,0.0,0.0,
0.0,0.0,0.0,0.0,0.0,0.0,0.0,0.0,0.0,0.0,0.0,0.0,
1.18,0.0,0.0,0.0,0.0,0.0,0.0,0.0,0.0,0.0,0.0,0.0,
21.76,3.53,0.0,0.0,0.0,0.0,0.0,0.0,0.0,0.0,0.0,0.0,
63.53,47.06,30.59,14.12,0.0,0.0,0.0,0.0,0.0,0.0,0.0,0.0,
131.76,123.53,115.29,107.06,98.82,90.59,82.35,74.12,65.88,57.65,49.41,41.18,
217.81,166.58,120.32,120.32,120.32,120.32,120.32,120.32,120.32,120.32,120.32,120.32,
156.15,109.9,95.09,100.11,109.95,116.35,118.01,116.99,115.5,114.64,114.47,114.65,
73.54,91.69,97.29,97.29,97.29,97.29,97.29,97.29,97.29,97.29,97.29,97.29,
206.63,157.34,121.92,108.06,108.39,113.62,118.15,120.31,120.6,120.1,119.55,119.23,
382.94,395.88,408.82,421.76,434.71,447.65,460.59,473.53,486.47,499.41,512.35,525.29,
187.65,195.29,202.94,210.59,218.24,225.88,233.53,241.18,248.82,256.47,264.12,271.76,
256.33,270.8,284.49,297.85,311.08,324.24,337.39,350.52,363.65,376.77,389.9,403.02,
281.57,294.55,308.13,321.95,335.88,349.86,363.86,377.86,391.87,405.88,419.89,433.9,
33.53,27.06,20.59,14.12,7.65,1.18,0.0,0.0,0.0,0.0,0.0,0.0,
96.26,138.59,138.59,138.59,138.59,138.59,138.59,138.59,138.59,138.59,138.59,138.59,
68.39,130.8,130.8,130.8,130.8,130.8,130.8,130.8,130.8,130.8,130.8,130.8,
166.67,130.61,130.61,130.61,130.61,130.61,130.61,130.61,130.61,130.61,130.61,130.61,
145.36,137.62,137.62,137.62,137.62,137.62,137.62,137.62,137.62,137.62,137.62,137.62,
118.58,143.97,143.97,143.97,143.97,143.97,143.97,143.97,143.97,143.97,143.97,143.97,
111.46,144.7,144.7,144.7,144.7,144.7,144.7,144.7,144.7,144.7,144.7,144.7,
5.88,1.76,0.0,0.0,0.0,0.0,0.0,0.0,0.0,0.0,0.0,0.0,
42.29,31.22,21.02,10.83,0.63,0.0,0.0,0.0,0.0,0.0,0.0,0.0,
0.0,0.0,0.0,0.0,0.0,0.0,0.0,0.0,0.0,0.0,0.0,0.0,
17.56,0.0,0.0,0.0,0.0,0.0,0.0,0.0,0.0,0.0,0.0,0.0,
0.0,0.0,0.0,0.0,0.0,0.0,0.0,0.0,0.0,0.0,0.0,0.0,
0.0,0.0,0.0,0.0,0.0,0.0,0.0,0.0,0.0,0.0,0.0,0.0,
52.35,34.71,17.06,0.0,0.0,0.0,0.0,0.0,0.0,0.0,0.0,0.0,
169.41,168.82,168.24,167.65,167.06,166.47,165.88,165.29,164.71,164.12,163.53,162.94,
80.29,38.07,87.18,87.18,87.18,87.18,87.18,87.18,87.18,87.18,87.18,87.18,
46.64,14.43,46.16,105.46,135.24,111.93,62.96,35.83,52.6,92.87,117.29,105.56,
186.52,136.38,110.35,96.84,89.83,86.19,84.3,83.32,82.81,82.55,82.41,82.34,
328.48,345.2,361.92,378.63,395.35,412.07,428.78,445.5,462.21,478.93,495.65,512.36,
253.53,267.06,280.59,294.12,307.65,321.18,334.71,348.24,361.76,375.29,388.82,402.35,
205.29,210.59,215.88,221.18,226.47,231.76,237.06,242.35,247.65,252.94,258.24,263.53,
328.24,336.47,344.71,352.94,361.18,369.41,377.65,385.88,394.12,402.35,410.59,418.82,
215.29,220.59,225.88,231.18,236.47,241.76,247.06,252.35,257.65,262.94,268.24,273.53,
175.29,180.59,185.88,191.18,196.47,201.76,207.06,212.35,217.65,222.94,228.24,233.53,
62.94,65.88,68.82,71.76,74.71,77.65,80.59,83.53,86.47,89.41,92.35,95.29,
63.53,67.06,70.59,74.12,77.65,81.18,84.71,88.24,91.76,95.29,98.82,102.35,
10.0,10.0,10.0,10.0,10.0,10.0,10.0,10.0,10.0,10.0,10.0,10.0,
190.03,170.84,158.55,150.69,145.66,142.43,140.37,139.05,138.2,137.66,137.32,137.09,
171.14,159.58,152.5,148.17,145.51,143.88,142.88,142.27,141.9,141.67,141.53,141.44,
126.09,134.63,139.17,141.58,142.86,143.55,143.91,144.1,144.2,144.25,144.28,144.3,
112.62,132.89,142.53,147.11,149.29,150.32,150.81,151.05,151.16,151.21,151.24,151.25,
0.0,0.0,0.0,0.0,0.0,0.0,0.0,0.0,0.0,0.0,0.0,0.0,
2.94,0.0,0.0,0.0,0.0,0.0,0.0,0.0,0.0,0.0,0.0,0.0,
12.94,5.88,0.0,0.0,0.0,0.0,0.0,0.0,0.0,0.0,0.0,0.0,
21.42,8.72,0.0,0.0,0.0,0.0,0.0,0.0,0.0,0.0,0.0,0.0,
237.06,234.12,231.18,228.24,225.29,222.35,219.41,216.47,213.53,210.59,207.65,204.71,
296.96,203.12,78.68,0.0,9.26,99.4,212.19,279.6,263.64,177.58,75.73,19.32,
185.89,64.01,0.0,11.02,107.51,220.01,279.74,252.15,156.81,53.76,5.8,40.25,
391.69,348.29,316.0,291.97,274.09,260.79,250.88,243.52,238.03,233.95,230.92,228.66,
1498.79,1779.49,2082.1,2406.63,2753.07,3121.41,3511.67,3923.84,4357.93,4813.92,5291.83,5791.64,
899.88,944.76,989.64,1034.52,1079.4,1124.28,1169.16,1214.04,1258.92,1303.8,1348.68,1393.56,
356.47,372.94,389.41,405.88,422.35,438.82,455.29,471.76,488.24,504.71,521.18,537.65,
388.24,406.47,424.71,442.94,461.18,479.41,497.65,515.88,534.12,552.35,570.59,588.82,
221.76,233.53,245.29,257.06,268.82,280.59,292.35,304.12,315.88,327.65,339.41,351.18,
283.53,287.06,290.59,294.12,297.65,301.18,304.71,308.24,311.76,315.29,318.82,322.35,
317.06,324.12,331.18,338.24,345.29,352.35,359.41,366.47,373.53,380.59,387.65,394.71,
290.0,300.0,310.0,320.0,330.0,340.0,350.0,360.0,370.0,380.0,390.0,400.0,
439.98,329.02,329.02,329.02,329.02,329.02,329.02,329.02,329.02,329.02,329.02,329.02,
110.29,317.17,317.17,317.17,317.17,317.17,317.17,317.17,317.17,317.17,317.17,317.17,
370.08,341.11,341.11,341.11,341.11,341.11,341.11,341.11,341.11,341.11,341.11,341.11,
229.25,343.76,343.76,343.76,343.76,343.76,343.76,343.76,343.76,343.76,343.76,343.76,
218.2,347.42,347.42,347.42,347.42,347.42,347.42,347.42,347.42,347.42,347.42,347.42,
49.41,38.82,28.24,17.65,7.06,0.0,0.0,0.0,0.0,0.0,0.0,0.0,
46.56,13.29,0.0,0.0,0.0,0.0,0.0,0.0,0.0,0.0,0.0,0.0,
0.0,0.0,0.0,0.0,0.0,0.0,0.0,0.0,0.0,0.0,0.0,0.0,
0.0,0.0,0.0,0.0,0.0,0.0,0.0,0.0,0.0,0.0,0.0,0.0,
0.0,0.0,0.0,0.0,0.0,0.0,0.0,0.0,0.0,0.0,0.0,0.0,
39.0,46.42,0.2,0.0,0.0,0.0,0.0,0.0,0.0,0.0,0.0,0.0,
243.82,199.23,220.13,198.24,186.93,195.21,164.77,177.06,156.48,150.37,149.64,128.6,
179.41,168.82,158.24,147.65,137.06,126.47,115.88,105.29,94.71,84.12,73.53,62.94,
396.67,458.5,509.01,551.76,589.17,622.93,654.18,683.7,712.04,739.57,766.54,793.13,
235.03,170.53,194.33,174.7,176.43,167.66,164.05,157.9,153.0,147.48,142.27,136.91,
210.46,145.6,181.32,83.28,91.57,75.9,61.44,97.35,109.55,147.09,181.68,202.72,
131.58,129.99,145.35,156.42,164.38,170.11,174.24,177.22,179.36,180.9,182.01,182.81,
186.27,189.39,172.99,172.99,172.99,172.99,172.99,172.99,172.99,172.99,172.99,172.99,
215.08,173.28,154.49,154.49,154.49,154.49,154.49,154.49,154.49,154.49,154.49,154.49,
224.37,277.25,243.62,261.34,248.58,253.92,248.51,249.48,246.66,246.09,244.19,243.07,
293.3,289.9,292.35,291.41,292.43,292.31,292.85,293.01,293.4,293.65,293.98,294.26,
254.69,239.4,266.6,263.7,282.11,285.43,299.44,305.88,317.68,325.69,336.38,345.17,
208.35,347.72,282.37,344.23,327.04,358.98,360.39,380.76,389.35,405.27,416.63,430.82,
360.45,364.14,394.61,405.57,430.75,445.57,467.93,484.8,505.67,523.63,543.71,562.24,
327.29,299.68,346.78,340.67,372.46,377.26,401.28,411.61,431.69,444.83,462.91,477.47,
261.6,255.14,280.94,285.09,303.77,312.7,328.17,339.25,353.28,365.33,378.71,391.2,
319.83,329.44,339.05,348.65,358.26,367.87,377.48,387.08,396.69,406.3,415.9,425.51,
278.57,220.91,246.77,235.17,240.37,238.04,239.09,238.62,238.83,238.73,238.77,238.76,
232.78,232.78,232.78,232.78,232.78,232.78,232.78,232.78,232.78,232.78,232.78,232.78,
222.22,222.22,222.22,222.22,222.22,222.22,222.22,222.22,222.22,222.22,222.22,222.22,
212.78,212.78,212.78,212.78,212.78,212.78,212.78,212.78,212.78,212.78,212.78,212.78,
10.96,6.79,0.0,0.0,0.0,0.0,0.0,0.0,0.0,0.0,0.0,0.0,
2.73,0.0,0.0,0.0,0.0,0.0,0.0,0.0,0.0,0.0,0.0,0.0,
2.94,0.0,0.0,0.0,0.0,0.0,0.0,0.0,0.0,0.0,0.0,0.0,
0.0,0.0,0.0,0.0,0.0,0.0,0.0,0.0,0.0,0.0,0.0,0.0,
147.65,145.29,142.94,140.59,138.24,135.88,133.53,131.18,128.82,126.47,124.12,121.76,
238.24,236.47,234.71,232.94,231.18,229.41,227.65,225.88,224.12,222.35,220.59,218.82,
292.35,294.71,297.06,299.41,301.76,304.12,306.47,308.82,311.18,313.53,315.88,318.24,
231.18,232.35,233.53,234.71,235.88,237.06,238.24,239.41,240.59,241.76,242.94,244.12,
139.41,128.82,118.24,107.65,97.06,86.47,75.88,65.29,54.71,44.12,33.53,22.94,
139.91,147.17,152.5,156.4,159.26,161.35,162.89,164.01,164.84,165.44,165.89,166.21,
325.86,277.15,245.15,224.13,210.33,201.25,195.29,191.38,188.81,187.12,186.01,185.28,
431.76,443.53,455.29,467.06,478.82,490.59,502.35,514.12,525.88,537.65,549.41,561.18,
168.35,152.79,137.23,121.68,106.12,90.56,75.0,59.44,43.88,28.32,12.76,0.0,
180.71,181.06,181.41,181.76,182.1,182.45,182.8,183.15,183.5,183.85,184.2,184.54,
274.22,283.77,293.31,302.86,312.4,321.95,331.49,341.04,350.58,360.13,369.67,379.22,
493.3,377.74,458.88,482.44,506.0,529.56,553.13,576.69,600.25,623.81,647.37,670.94,
437.66,461.91,486.17,510.43,534.68,558.94,583.19,607.45,631.7,655.96,680.21,704.47,
460.5,484.83,509.15,533.47,557.79,582.12,606.44,630.76,655.08,679.4,703.73,728.05,
441.29,462.24,483.2,504.16,525.12,546.07,567.03,587.99,608.95,629.9,650.86,671.82,
137.06,144.12,151.18,158.24,165.29,172.35,179.41,186.47,193.53,200.59,207.65,214.71,
252.93,253.56,253.56,253.56,253.56,253.56,253.56,253.56,253.56,253.56,253.56,253.56,
152.06,253.35,253.35,253.35,253.35,253.35,253.35,253.35,253.35,253.35,253.35,253.35,
183.43,249.62,249.62,249.62,249.62,249.62,249.62,249.62,249.62,249.62,249.62,249.62,
111.1,162.88,192.32,209.05,218.56,223.97,227.04,228.79,229.78,230.34,230.66,230.85,
18.24,6.47,0.0,0.0,0.0,0.0,0.0,0.0,0.0,0.0,0.0,0.0,
22.94,15.88,8.82,1.76,0.0,0.0,0.0,0.0,0.0,0.0,0.0,0.0,
66.47,62.94,59.41,55.88,52.35,48.82,45.29,41.76,38.24,34.71,31.18,27.65,
0.0,0.0,0.0,0.0,0.0,0.0,0.0,0.0,0.0,0.0,0.0,0.0,
218.82,207.65,196.47,185.29,174.12,162.94,151.76,140.59,129.41,118.24,107.06,95.88,
134.12,128.24,122.35,116.47,110.59,104.71,98.82,92.94,87.06,81.18,75.29,69.41,
243.53,247.06,250.59,254.12,257.65,261.18,264.71,268.24,271.76,275.29,278.82,282.35,
241.91,242.59,234.02,230.01,223.75,218.6,212.9,207.47,201.91,196.42,190.89,185.38,
243.04,174.97,126.48,88.08,54.89,24.39,0.0,0.0,0.0,0.0,0.0,0.0,
145.49,93.36,78.8,90.12,115.15,143.74,168.96,187.24,197.7,201.34,200.07,196.05,
208.67,200.91,195.59,191.95,189.45,187.74,186.57,185.76,185.21,184.84,184.58,184.4,
567.06,584.12,601.18,618.24,635.29,652.35,669.41,686.47,703.53,720.59,737.65,754.71,
310.68,326.83,342.99,359.14,375.29,391.44,407.59,423.74,439.89,456.05,472.2,488.35,
332.12,349.72,367.31,384.9,402.49,420.08,437.67,455.27,472.86,490.45,508.04,525.63,
401.33,424.81,448.28,471.75,495.22,518.69,542.16,565.63,589.11,612.58,636.05,659.52,
438.26,463.46,488.66,513.85,539.05,564.24,589.44,614.64,639.83,665.03,690.22,715.42,
515.49,515.87,496.63,525.9,563.9,588.67,610.11,635.08,661.24,686.47,711.3,736.37,
425.76,446.49,467.21,487.94,508.67,529.39,550.12,570.84,591.57,612.3,633.02,653.75,
393.4,409.73,426.06,442.39,458.72,475.05,491.38,507.71,524.04,540.37,556.7,573.03,
377.67,390.83,403.99,417.15,430.32,443.48,456.64,469.8,482.96,496.12,509.28,522.44,
252.78,252.78,252.78,252.78,252.78,252.78,252.78,252.78,252.78,252.78,252.78,252.78,
256.11,256.11,256.11,256.11,256.11,256.11,256.11,256.11,256.11,256.11,256.11,256.11,
152.4,201.95,222.01,230.13,233.41,234.74,235.28,235.5,235.59,235.62,235.64,235.64,
7.72,0.0,0.0,0.0,0.0,0.0,0.0,0.0,0.0,0.0,0.0,0.0,
0.0,0.0,0.0,0.0,0.0,0.0,0.0,0.0,0.0,0.0,0.0,0.0,
0.0,0.0,0.0,0.0,0.0,0.0,0.0,0.0,0.0,0.0,0.0,0.0,
7.34,13.97,3.14,0.0,0.0,0.0,0.0,0.0,0.0,0.0,0.0,0.0,
0.0,0.0,0.0,0.0,0.0,0.0,0.0,0.0,0.0,0.0,0.0,0.0,
0.0,0.0,0.0,0.0,0.0,0.0,0.0,0.0,0.0,0.0,0.0,0.0,
81.18,72.35,63.53,54.71,45.88,37.06,28.24,19.41,10.59,1.76,0.0,0.0,
312.35,314.71,317.06,319.41,321.76,324.12,326.47,328.82,331.18,333.53,335.88,338.24,
259.41,248.82,238.24,227.65,217.06,206.47,195.88,185.29,174.71,164.12,153.53,142.94,
187.06,174.12,161.18,148.24,135.29,122.35,109.41,96.47,83.53,70.59,57.65,44.71,
656.99,552.06,475.07,418.58,377.13,346.72,324.4,308.03,296.02,287.2,280.73,275.99,
541.64,260.31,404.94,268.87,330.04,262.98,287.5,253.65,262.48,244.89,247.31,237.85,
453.0,230.73,222.87,215.01,207.14,199.28,191.42,183.56,175.69,167.83,159.97,152.11,
316.52,284.99,311.19,303.4,315.62,316.06,323.44,326.73,332.43,336.71,341.82,346.45,
395.29,418.99,442.7,466.41,490.11,513.82,537.53,561.23,584.94,608.65,632.35,656.06,
415.57,439.95,464.33,488.72,513.1,537.48,561.86,586.24,610.62,635.01,659.39,683.77,
435.43,460.33,485.23,510.12,535.02,559.92,584.81,609.71,634.6,659.5,684.4,709.29,
411.47,432.92,454.36,475.81,497.25,518.7,540.15,561.59,583.04,604.49,625.93,647.38,
277.26,291.81,306.36,320.9,335.45,350.0,364.55,379.1,393.65,408.2,422.75,437.3,
221.11,221.11,221.11,221.11,221.11,221.11,221.11,221.11,221.11,221.11,221.11,221.11,
228.33,228.33,228.33,228.33,228.33,228.33,228.33,228.33,228.33,228.33,228.33,228.33,
233.89,233.89,233.89,233.89,233.89,233.89,233.89,233.89,233.89,233.89,233.89,233.89,
237.78,237.78,237.78,237.78,237.78,237.78,237.78,237.78,237.78,237.78,237.78,237.78,
103.94,89.9,75.86,61.82,47.79,33.75,19.71,5.67,0.0,0.0,0.0,0.0,
38.28,17.67,0.0,0.0,0.0,0.0,0.0,0.0,0.0,0.0,0.0,0.0,
0.0,0.0,0.0,0.0,0.0,0.0,0.0,0.0,0.0,0.0,0.0,0.0,
0.0,0.0,0.0,0.0,0.0,0.0,0.0,0.0,0.0,0.0,0.0,0.0,
0.0,0.0,0.0,0.0,0.0,0.0,0.0,0.0,0.0,0.0,0.0,0.0,
0.0,0.0,0.0,0.0,0.0,0.0,0.0,0.0,0.0,0.0,0.0,0.0,
0.0,0.0,0.0,0.0,0.0,0.0,0.0,0.0,0.0,0.0,0.0,0.0,
0.0,0.0,0.0,0.0,0.0,0.0,0.0,0.0,0.0,0.0,0.0,0.0,
0.0,0.0,0.0,0.0,0.0,0.0,0.0,0.0,0.0,0.0,0.0,0.0,
182.35,174.71,167.06,159.41,151.76,144.12,136.47,128.82,121.18,113.53,105.88,98.24,
102.06,65.84,65.23,48.42,38.98,26.19,14.92,2.96,0.0,0.0,0.0,0.0,
81.03,93.5,79.24,78.87,71.28,67.44,61.65,56.87,51.57,46.54,41.37,36.28,
135.18,109.51,97.48,91.85,89.22,87.98,87.4,87.13,87.01,86.95,86.92,86.91,
245.4,201.66,172.06,152.02,138.46,129.27,123.06,118.85,116.0,114.07,112.77,111.89,
330.59,341.18,351.76,362.35,372.94,383.53,394.12,404.71,415.29,425.88,436.47,447.06,
247.65,255.29,262.94,270.59,278.24,285.88,293.53,301.18,308.82,316.47,324.12,331.76,
228.24,236.47,244.71,252.94,261.18,269.41,277.65,285.88,294.12,302.35,310.59,318.82,
240.59,251.18,261.76,272.35,282.94,293.53,304.12,314.71,325.29,335.88,346.47,357.06,
220.59,231.18,241.76,252.35,262.94,273.53,284.12,294.71,305.29,315.88,326.47,337.06,
188.82,197.65,206.47,215.29,224.12,232.94,241.76,250.59,259.41,268.24,277.06,285.88,
20.59,21.18,21.76,22.35,22.94,23.53,24.12,24.71,25.29,25.88,26.47,27.06,
6.47,2.94,0.0,0.0,0.0,0.0,0.0,0.0,0.0,0.0,0.0,0.0,
40.12,55.21,66.52,75.01,81.37,86.13,89.71,92.39,94.4,95.91,97.04,97.89,
90.66,98.23,103.61,107.43,110.14,112.07,113.44,114.41,115.1,115.59,115.94,116.19,
143.41,138.91,135.85,133.77,132.35,131.38,130.73,130.28,129.97,129.76,129.62,129.53,
146.0,143.43,141.77,140.71,140.03,139.59,139.3,139.12,139.01,138.93,138.88,138.85,
159.49,158.39,164.2,164.2,164.2,164.2,164.2,164.2,164.2,164.2,164.2,164.2,
91.76,93.53,95.29,97.06,98.82,100.59,102.35,104.12,105.88,107.65,109.41,111.18,
0.0,13.65,30.78,21.31,11.84,2.38,0.0,0.0,0.0,0.0,0.0,0.0,
0.0,0.0,0.0,0.0,0.0,0.0,0.0,0.0,0.0,0.0,0.0,0.0,
0.0,0.0,0.0,0.0,0.0,0.0,0.0,0.0,0.0,0.0,0.0,0.0,
0.0,0.0,0.0,0.0,0.0,0.0,0.0,0.0,0.0,0.0,0.0,0.0,
7.06,11.65,8.5,0.0,0.0,0.0,0.0,0.0,0.0,0.0,0.0,0.0,
40.1,42.95,25.63,0.0,0.0,0.0,0.0,0.0,0.0,0.0,0.0,0.0,
39.41,28.82,18.24,7.65,0.0,0.0,0.0,0.0,0.0,0.0,0.0,0.0,
161.12,82.12,82.12,82.12,82.12,82.12,82.12,82.12,82.12,82.12,82.12,82.12,
0.0,67.79,67.79,67.79,67.79,67.79,67.79,67.79,67.79,67.79,67.79,67.79,
80.96,166.23,74.69,74.69,74.69,74.69,74.69,74.69,74.69,74.69,74.69,74.69,
151.69,123.24,106.48,96.61,90.8,87.38,85.37,84.18,83.48,83.07,82.83,82.68,
122.31,106.69,97.87,92.9,90.09,88.51,87.61,87.11,86.83,86.67,86.57,86.52,
161.09,137.77,123.79,115.4,110.38,107.36,105.56,104.47,103.82,103.43,103.2,103.06,
435.88,451.76,467.65,483.53,499.41,515.29,531.18,547.06,562.94,578.82,594.71,610.59,
265.05,272.58,280.11,287.64,295.17,302.7,310.23,317.76,325.29,332.82,340.35,347.87,
207.25,212.72,218.19,223.66,229.13,234.6,240.07,245.54,251.01,256.48,261.95,267.42,
115.76,119.13,122.49,125.86,129.22,132.59,135.95,139.32,142.68,146.04,149.41,152.77,
88.42,92.59,96.75,100.92,105.09,109.25,113.42,117.59,121.76,125.92,130.09,134.26,
20.59,21.18,21.76,22.35,22.94,23.53,24.12,24.71,25.29,25.88,26.47,27.06,
131.76,122.63,118.07,115.78,114.64,114.07,113.78,113.64,113.57,113.53,113.52,113.51,
134.39,127.04,123.58,121.95,121.18,120.82,120.65,120.57,120.53,120.52,120.51,120.5,
82.28,103.73,112.53,116.14,117.62,118.23,118.48,118.58,118.63,118.64,118.65,118.65,
105.3,118.13,122.79,124.49,125.1,125.33,125.41,125.44,125.45,125.45,125.45,125.45,
82.93,109.25,118.74,122.16,123.4,123.85,124.01,124.06,124.08,124.09,124.1,124.1,
31.51,21.39,11.26,1.14,0.0,0.0,0.0,0.0,0.0,0.0,0.0,0.0,
13.08,1.89,0.0,0.0,0.0,0.0,0.0,0.0,0.0,0.0,0.0,0.0,
0.0,0.0,0.0,0.0,0.0,0.0,0.0,0.0,0.0,0.0,0.0,0.0,
0.0,0.0,0.0,0.0,0.0,0.0,0.0,0.0,0.0,0.0,0.0,0.0,
423.48,156.42,156.42,156.42,156.42,156.42,156.42,156.42,156.42,156.42,156.42,156.42,
121.12,146.37,146.37,146.37,146.37,146.37,146.37,146.37,146.37,146.37,146.37,146.37,
185.78,171.79,166.07,163.74,162.78,162.39,162.23,162.17,162.14,162.13,162.13,162.13,
214.97,176.94,161.72,155.62,153.19,152.21,151.82,151.66,151.6,151.58,151.57,151.56,
298.98,314.96,330.93,346.9,362.88,378.85,394.82,410.8,426.77,442.74,458.72,474.69,
365.31,386.45,407.59,428.73,449.87,471.0,492.14,513.28,534.42,555.56,576.69,597.83,
376.07,397.0,417.93,438.85,459.78,480.71,501.64,522.57,543.49,564.42,585.35,606.28,
402.72,424.76,446.8,468.84,490.87,512.91,534.95,556.99,579.03,601.07,623.1,645.14,
401.6,421.94,442.29,462.64,482.98,503.33,523.67,544.02,564.36,584.71,605.05,625.4,
445.39,468.65,491.91,515.17,538.42,561.68,584.94,608.2,631.46,654.72,677.97,701.23,
445.92,468.53,491.14,513.76,536.37,558.98,581.6,604.21,626.83,649.44,672.05,694.67,
452.71,473.99,495.28,516.56,537.85,559.14,580.42,601.71,623.0,644.28,665.57,686.85,
486.84,509.15,531.46,553.77,576.08,598.39,620.7,643.01,665.32,687.63,709.94,732.25,
451.27,468.33,485.38,502.43,519.49,536.54,553.59,570.65,587.7,604.75,621.81,638.86,
292.78,292.78,292.78,292.78,292.78,292.78,292.78,292.78,292.78,292.78,292.78,292.78,
295.56,295.56,295.56,295.56,295.56,295.56,295.56,295.56,295.56,295.56,295.56,295.56,
296.11,296.11,296.11,296.11,296.11,296.11,296.11,296.11,296.11,296.11,296.11,296.11,
0.0,0.0,0.0,0.0,0.0,0.0,0.0,0.0,0.0,0.0,0.0,0.0,
9.05,0.0,0.0,0.0,0.0,0.0,0.0,0.0,0.0,0.0,0.0,0.0,
0.0,0.0,0.0,0.0,0.0,0.0,0.0,0.0,0.0,0.0,0.0,0.0,
0.0,0.0,0.0,0.0,0.0,0.0,0.0,0.0,0.0,0.0,0.0,0.0,
0.0,0.0,0.0,0.0,0.0,0.0,0.0,0.0,0.0,0.0,0.0,0.0,
0.0,0.0,0.0,0.0,0.0,0.0,0.0,0.0,0.0,0.0,0.0,0.0,
290.59,291.18,291.76,292.35,292.94,293.53,294.12,294.71,295.29,295.88,296.47,297.06,
1226.84,850.7,639.18,520.24,453.36,415.75,394.6,382.7,376.02,372.26,370.14,368.95,
24.58,218.07,218.07,218.07,218.07,218.07,218.07,218.07,218.07,218.07,218.07,218.07,
283.97,233.89,233.89,233.89,233.89,233.89,233.89,233.89,233.89,233.89,233.89,233.89,
258.2,223.34,223.34,223.34,223.34,223.34,223.34,223.34,223.34,223.34,223.34,223.34,
300.7,232.44,232.44,232.44,232.44,232.44,232.44,232.44,232.44,232.44,232.44,232.44,
264.09,234.82,234.82,234.82,234.82,234.82,234.82,234.82,234.82,234.82,234.82,234.82,
320.2,406.35,424.94,443.53,462.12,480.71,499.3,517.89,536.48,555.07,573.66,592.26,
386.87,444.58,467.13,489.68,512.23,534.78,557.32,579.87,602.42,624.97,647.52,670.07,
350.75,402.45,433.34,456.89,477.86,497.92,517.65,537.28,556.86,576.43,596.0,615.56,
377.18,417.48,444.4,466.45,486.73,506.37,525.79,545.11,564.41,583.69,602.98,622.25,
302.84,249.98,249.98,249.98,249.98,249.98,249.98,249.98,249.98,249.98,249.98,249.98,
262.34,262.72,262.72,262.72,262.72,262.72,262.72,262.72,262.72,262.72,262.72,262.72,
294.21,278.46,278.46,278.46,278.46,278.46,278.46,278.46,278.46,278.46,278.46,278.46,
282.0,410.0,321.27,321.27,321.27,321.27,321.27,321.27,321.27,321.27,321.27,321.27,
305.56,305.56,305.56,305.56,305.56,305.56,305.56,305.56,305.56,305.56,305.56,305.56,
309.44,309.44,309.44,309.44,309.44,309.44,309.44,309.44,309.44,309.44,309.44,309.44,
102.39,80.69,58.99,37.28,15.58,0.0,0.0,0.0,0.0,0.0,0.0,0.0,
113.71,0.0,0.0,0.0,0.0,0.0,0.0,0.0,0.0,0.0,0.0,0.0,
0.0,0.0,0.0,0.0,0.0,0.0,0.0,0.0,0.0,0.0,0.0,0.0,
9.41,0.0,0.0,0.0,0.0,0.0,0.0,0.0,0.0,0.0,0.0,0.0,
0.59,0.0,0.0,0.0,0.0,0.0,0.0,0.0,0.0,0.0,0.0,0.0,
0.0,0.0,0.0,0.0,0.0,0.0,0.0,0.0,0.0,0.0,0.0,0.0,
10.59,0.0,0.0,0.0,0.0,0.0,0.0,0.0,0.0,0.0,0.0,0.0,
273.53,277.06,280.59,284.12,287.65,291.18,294.71,298.24,301.76,305.29,308.82,312.35,
355.88,361.76,367.65,373.53,379.41,385.29,391.18,397.06,402.94,408.82,414.71,420.59,
377.65,385.29,392.94,400.59,408.24,415.88,423.53,431.18,438.82,446.47,454.12,461.76,
37.53,44.57,91.75,137.89,165.65,174.71,172.18,165.64,159.92,156.78,155.96,156.47,
196.08,196.88,197.47,197.91,198.23,198.47,198.65,198.78,198.88,198.95,199.0,199.04,
238.17,222.92,212.26,204.82,199.63,195.99,193.46,191.69,190.45,189.59,188.98,188.56,
384.12,388.24,392.35,396.47,400.59,404.71,408.82,412.94,417.06,421.18,425.29,429.41,
279.41,278.82,278.24,277.65,277.06,276.47,275.88,275.29,274.71,274.12,273.53,272.94,
171.18,172.35,173.53,174.71,175.88,177.06,178.24,179.41,180.59,181.76,182.94,184.12,
396.18,378.6,398.0,417.39,436.79,456.18,475.57,494.97,514.36,533.75,553.15,572.54,
356.38,398.39,418.88,439.38,459.88,480.38,500.88,521.38,541.87,562.37,582.87,603.37,
392.77,413.57,433.48,453.39,473.3,493.21,513.12,533.03,552.94,572.85,592.76,612.67,
317.06,334.12,351.18,368.24,385.29,402.35,419.41,436.47,453.53,470.59,487.65,504.71,
327.06,344.12,361.18,378.24,395.29,412.35,429.41,446.47,463.53,480.59,497.65,514.71,
157.65,165.29,172.94,180.59,188.24,195.88,203.53,211.18,218.82,226.47,234.12,241.76,
210.31,288.11,292.76,249.3,249.3,249.3,249.3,249.3,249.3,249.3,249.3,249.3,
117.41,174.86,219.59,219.59,219.59,219.59,219.59,219.59,219.59,219.59,219.59,219.59,
26.47,12.94,0.0,0.0,0.0,0.0,0.0,0.0,0.0,0.0,0.0,0.0,
11.18,0.0,0.0,0.0,0.0,0.0,0.0,0.0,0.0,0.0,0.0,0.0,
105.29,90.59,75.88,61.18,46.47,31.76,17.06,2.35,0.0,0.0,0.0,0.0,
2.94,0.0,0.0,0.0,0.0,0.0,0.0,0.0,0.0,0.0,0.0,0.0,
105.0,100.0,95.0,90.0,85.0,80.0,75.0,70.0,65.0,60.0,55.0,50.0,
5.86,0.0,0.0,0.0,0.0,0.0,0.0,0.0,0.0,0.0,0.0,0.0,
0.0,0.0,0.0,0.0,0.0,0.0,0.0,0.0,0.0,0.0,0.0,0.0,
127.19,141.69,128.11,124.73,117.64,111.9,105.68,99.62,93.51,87.42,81.32,75.22,
307.65,315.29,322.94,330.59,338.24,345.88,353.53,361.18,368.82,376.47,384.12,391.76,
178.82,167.65,156.47,145.29,134.12,122.94,111.76,100.59,89.41,78.24,67.06,55.88,
223.53,217.06,210.59,204.12,197.65,191.18,184.71,178.24,171.76,165.29,158.82,152.35,
373.92,338.48,311.22,290.25,274.12,261.72,252.18,244.84,239.2,234.85,231.51,228.95,
469.41,478.82,488.24,497.65,507.06,516.47,525.88,535.29,544.71,554.12,563.53,572.94,
362.94,365.88,368.82,371.76,374.71,377.65,380.59,383.53,386.47,389.41,392.35,395.29,
287.65,295.29,302.94,310.59,318.24,325.88,333.53,341.18,348.82,356.47,364.12,371.76,
250.59,261.18,271.76,282.35,292.94,303.53,314.12,324.71,335.29,345.88,356.47,367.06,
295.29,310.59,325.88,341.18,356.47,371.76,387.06,402.35,417.65,432.94,448.24,463.53,
220.0,230.0,240.0,250.0,260.0,270.0,280.0,290.0,300.0,310.0,320.0,330.0,
241.76,253.53,265.29,277.06,288.82,300.59,312.35,324.12,335.88,347.65,359.41,371.18,
98.82,97.65,96.47,95.29,94.12,92.94,91.76,90.59,89.41,88.24,87.06,85.88,
73.53,77.06,80.59,84.12,87.65,91.18,94.71,98.24,101.76,105.29,108.82,112.35,
112.92,169.22,205.04,219.25,219.78,214.92,209.9,206.75,205.54,205.52,205.97,206.41,
192.17,215.22,219.16,214.59,208.51,204.07,201.83,201.21,201.42,201.86,202.23,202.44,
29.41,28.82,28.24,27.65,27.06,26.47,25.88,25.29,24.71,24.12,23.53,22.94,
20.59,11.18,1.76,0.0,0.0,0.0,0.0,0.0,0.0,0.0,0.0,0.0,
14.12,0.0,0.0,0.0,0.0,0.0,0.0,0.0,0.0,0.0,0.0,0.0,
20.59,11.18,1.76,0.0,0.0,0.0,0.0,0.0,0.0,0.0,0.0,0.0,
0.0,0.0,0.0,0.0,0.0,0.0,0.0,0.0,0.0,0.0,0.0,0.0,
0.0,0.0,0.0,0.0,0.0,0.0,0.0,0.0,0.0,0.0,0.0,0.0,
0.0,0.0,0.0,0.0,0.0,0.0,0.0,0.0,0.0,0.0,0.0,0.0,
0.0,0.0,0.0,0.0,0.0,0.0,0.0,0.0,0.0,0.0,0.0,0.0,
0.0,0.0,0.0,0.0,0.0,0.0,0.0,0.0,0.0,0.0,0.0,0.0,
3.55,1.92,0.0,0.0,0.0,0.0,0.0,0.0,0.0,0.0,0.0,0.0,
15.29,0.59,0.0,0.0,0.0,0.0,0.0,0.0,0.0,0.0,0.0,0.0,
51.18,42.35,33.53,24.71,15.88,7.06,0.0,0.0,0.0,0.0,0.0,0.0,
102.94,95.88,88.82,81.76,74.71,67.65,60.59,53.53,46.47,39.41,32.35,25.29,
102.96,86.39,76.24,70.02,66.21,63.88,62.45,61.57,61.04,60.71,60.51,60.38,
140.86,63.49,63.49,63.49,63.49,63.49,63.49,63.49,63.49,63.49,63.49,63.49,
240.0,250.0,260.0,270.0,280.0,290.0,300.0,310.0,320.0,330.0,340.0,350.0,
140.0,140.0,140.0,140.0,140.0,140.0,140.0,140.0,140.0,140.0,140.0,140.0,
241.76,253.53,265.29,277.06,288.82,300.59,312.35,324.12,335.88,347.65,359.41,371.18,
231.18,242.35,253.53,264.71,275.88,287.06,298.24,309.41,320.59,331.76,342.94,354.12,
188.82,197.65,206.47,215.29,224.12,232.94,241.76,250.59,259.41,268.24,277.06,285.88,
72.35,74.71,77.06,79.41,81.76,84.12,86.47,88.82,91.18,93.53,95.88,98.24,
105.29,110.59,115.88,121.18,126.47,131.76,137.06,142.35,147.65,152.94,158.24,163.53,
231.76,243.53,255.29,267.06,278.82,290.59,302.35,314.12,325.88,337.65,349.41,361.18,
169.41,178.82,188.24,197.65,207.06,216.47,225.88,235.29,244.71,254.12,263.53,272.94,
168.82,177.65,186.47,195.29,204.12,212.94,221.76,230.59,239.41,248.24,257.06,265.88,
62.35,64.71,67.06,69.41,71.76,74.12,76.47,78.82,81.18,83.53,85.88,88.24,
113.33,129.34,129.34,129.34,129.34,129.34,129.34,129.34,129.34,129.34,129.34,129.34,
71.15,127.05,127.05,127.05,127.05,127.05,127.05,127.05,127.05,127.05,127.05,127.05,
7.06,4.12,1.18,0.0,0.0,0.0,0.0,0.0,0.0,0.0,0.0,0.0,
14.71,9.41,4.12,0.0,0.0,0.0,0.0,0.0,0.0,0.0,0.0,0.0,
3.4,0.0,0.0,0.0,0.0,0.0,0.0,0.0,0.0,0.0,0.0,0.0,
0.0,0.0,0.0,0.0,0.0,0.0,0.0,0.0,0.0,0.0,0.0,0.0,
0.0,0.0,0.0,0.0,0.0,0.0,0.0,0.0,0.0,0.0,0.0,0.0,
0.0,0.0,0.0,0.0,0.0,0.0,0.0,0.0,0.0,0.0,0.0,0.0,
50.0,40.0,30.0,20.0,10.0,-0.0,0.0,0.0,0.0,0.0,0.0,0.0,
135.29,130.59,125.88,121.18,116.47,111.76,107.06,102.35,97.65,92.94,88.24,83.53,
105.88,101.76,97.65,93.53,89.41,85.29,81.18,77.06,72.94,68.82,64.71,60.59,
145.32,127.78,115.31,106.45,100.15,95.67,92.49,90.22,88.61,87.47,86.66,86.08,
230.73,207.34,188.66,173.74,161.82,152.29,144.69,138.61,133.75,129.87,126.78,124.3,
283.03,341.88,406.56,477.06,553.39,635.54,723.51,817.3,916.92,1022.36,1133.63,1250.72,
468.04,490.87,658.35,754.05,824.95,1006.67,1117.46,1231.44,1426.27,1557.59,1709.92,1918.16,
276.47,282.94,289.41,295.88,302.35,308.82,315.29,321.76,328.24,334.71,341.18,347.65,
351.04,440.43,411.21,465.56,461.04,497.99,505.72,534.03,547.85,571.88,588.71,610.61,
439.91,324.5,458.33,381.81,482.82,434.0,511.64,482.55,543.53,528.49,577.61,572.59,
224.87,216.8,236.08,243.48,256.03,266.35,277.64,288.51,299.56,310.53,321.53,332.52,
41.76,43.53,45.29,47.06,48.82,50.59,52.35,54.12,55.88,57.65,59.41,61.18,
20.0,20.0,20.0,20.0,20.0,20.0,20.0,20.0,20.0,20.0,20.0,20.0,
20.59,21.18,21.76,22.35,22.94,23.53,24.12,24.71,25.29,25.88,26.47,27.06,
175.69,165.73,158.8,153.98,150.63,148.3,146.68,145.55,144.77,144.22,143.84,143.57,
321.04,235.99,182.58,174.47,173.23,173.04,173.02,173.01,173.01,173.01,173.01,173.01,
146.32,150.31,152.84,154.44,155.45,156.09,156.5,156.75,156.92,157.02,157.08,157.12,
81.23,130.93,156.42,166.25,170.05,171.51,172.07,172.29,172.38,172.41,172.42,172.43,
189.59,189.37,189.24,189.17,189.14,189.12,189.1,189.1,189.09,189.09,189.09,189.09,
90.35,128.32,148.82,159.88,165.86,169.08,170.82,171.76,172.27,172.54,172.69,172.77,
0.0,0.0,0.0,0.0,0.0,0.0,0.0,0.0,0.0,0.0,0.0,0.0,
0.0,0.0,0.0,0.0,0.0,0.0,0.0,0.0,0.0,0.0,0.0,0.0,
0.0,0.0,0.0,0.0,0.0,0.0,0.0,0.0,0.0,0.0,0.0,0.0,
0.0,0.0,0.0,0.0,0.0,0.0,0.0,0.0,0.0,0.0,0.0,0.0,
26.47,12.94,0.0,0.0,0.0,0.0,0.0,0.0,0.0,0.0,0.0,0.0,
165.29,150.59,135.88,121.18,106.47,91.76,77.06,62.35,47.65,32.94,18.24,3.53,
44.45,101.45,101.45,101.45,101.45,101.45,101.45,101.45,101.45,101.45,101.45,101.45,
151.12,101.13,101.13,101.13,101.13,101.13,101.13,101.13,101.13,101.13,101.13,101.13,
258.88,106.89,106.89,106.89,106.89,106.89,106.89,106.89,106.89,106.89,106.89,106.89,
3.36,101.37,101.37,101.37,101.37,101.37,101.37,101.37,101.37,101.37,101.37,101.37,
181.66,115.88,115.88,115.88,115.88,115.88,115.88,115.88,115.88,115.88,115.88,115.88,
69.43,94.85,105.72,110.37,112.36,113.21,113.58,113.73,113.8,113.83,113.84,113.84,
89.81,102.14,107.25,109.36,110.23,110.59,110.74,110.8,110.83,110.84,110.84,110.85,
141.32,120.58,113.25,110.66,109.75,109.42,109.31,109.27,109.25,109.25,109.25,109.25,
115.85,110.94,109.24,108.65,108.45,108.38,108.35,108.34,108.34,108.34,108.34,108.34,
98.33,98.33,98.33,98.33,98.33,98.33,98.33,98.33,98.33,98.33,98.33,98.33,
56.34,73.58,80.0,82.39,83.28,83.61,83.73,83.78,83.79,83.8,83.8,83.8,
59.88,74.71,80.23,82.28,83.04,83.33,83.43,83.47,83.49,83.49,83.49,83.5,
97.22,97.22,97.22,97.22,97.22,97.22,97.22,97.22,97.22,97.22,97.22,97.22,
106.67,106.67,106.67,106.67,106.67,106.67,106.67,106.67,106.67,106.67,106.67,106.67,
114.44,114.44,114.44,114.44,114.44,114.44,114.44,114.44,114.44,114.44,114.44,114.44,
120.56,120.56,120.56,120.56,120.56,120.56,120.56,120.56,120.56,120.56,120.56,120.56,
118.33,118.33,118.33,118.33,118.33,118.33,118.33,118.33,118.33,118.33,118.33,118.33,
108.33,108.33,108.33,108.33,108.33,108.33,108.33,108.33,108.33,108.33,108.33,108.33,
102.78,102.78,102.78,102.78,102.78,102.78,102.78,102.78,102.78,102.78,102.78,102.78,
111.67,111.67,111.67,111.67,111.67,111.67,111.67,111.67,111.67,111.67,111.67,111.67,
11.08,73.33,97.49,97.49,97.49,97.49,97.49,97.49,97.49,97.49,97.49,97.49,
206.26,122.74,122.74,122.74,122.74,122.74,122.74,122.74,122.74,122.74,122.74,122.74,
306.47,322.94,339.41,355.88,372.35,388.82,405.29,421.76,438.24,454.71,471.18,487.65,
122.42,123.65,124.27,124.58,124.74,124.82,124.86,124.88,124.89,124.9,124.9,124.9,
180.18,164.05,155.33,150.62,148.07,146.69,145.94,145.54,145.32,145.2,145.14,145.11,
352.35,364.71,377.06,389.41,401.76,414.12,426.47,438.82,451.18,463.53,475.88,488.24,
376.47,392.94,409.41,425.88,442.35,458.82,475.29,491.76,508.24,524.71,541.18,557.65,
253.53,267.06,280.59,294.12,307.65,321.18,334.71,348.24,361.76,375.29,388.82,402.35,
337.65,355.29,372.94,390.59,408.24,425.88,443.53,461.18,478.82,496.47,514.12,531.76,
361.18,372.35,383.53,394.71,405.88,417.06,428.24,439.41,450.59,461.76,472.94,484.12,
264.71,269.41,274.12,278.82,283.53,288.24,292.94,297.65,302.35,307.06,311.76,316.47,
118.82,117.65,116.47,115.29,114.12,112.94,111.76,110.59,109.41,108.24,107.06,105.88,
304.47,317.9,331.33,344.76,358.19,371.62,385.05,398.48,411.91,425.34,438.77,452.2,
297.62,313.16,328.7,344.23,359.77,375.31,390.85,406.39,421.93,437.47,453.01,468.54,
209.26,228.76,228.76,228.76,228.76,228.76,228.76,228.76,228.76,228.76,228.76,228.76,
238.33,238.33,238.33,238.33,238.33,238.33,238.33,238.33,238.33,238.33,238.33,238.33,
188.4,240.27,240.27,240.27,240.27,240.27,240.27,240.27,240.27,240.27,240.27,240.27,
106.15,129.47,120.17,110.86,101.56,92.26,82.95,73.65,64.35,55.04,45.74,36.44,
74.28,41.5,38.24,37.51,19.73,4.57,0.0,0.0,0.0,0.0,0.0,0.0,
44.81,32.9,20.99,9.08,0.0,0.0,0.0,0.0,0.0,0.0,0.0,0.0,
3.53,0.0,0.0,0.0,0.0,0.0,0.0,0.0,0.0,0.0,0.0,0.0,
14.72,0.0,0.0,0.0,0.0,0.0,0.0,0.0,0.0,0.0,0.0,0.0,
0.0,0.0,0.0,0.0,0.0,0.0,0.0,0.0,0.0,0.0,0.0,0.0,
0.0,0.0,0.0,0.0,0.0,0.0,0.0,0.0,0.0,0.0,0.0,0.0,
0.0,0.0,0.0,0.0,0.0,0.0,0.0,0.0,0.0,0.0,0.0,0.0,
277.65,275.29,272.94,270.59,268.24,265.88,263.53,261.18,258.82,256.47,254.12,251.76,
85.29,70.59,55.88,41.18,26.47,11.76,0.0,0.0,0.0,0.0,0.0,0.0,
183.48,162.24,152.54,148.11,146.09,145.17,144.75,144.55,144.47,144.43,144.41,144.4,
167.65,135.16,135.16,135.16,135.16,135.16,135.16,135.16,135.16,135.16,135.16,135.16,
312.87,284.78,263.53,247.45,235.28,226.08,219.12,213.85,209.87,206.85,204.57,202.85,
312.35,314.71,317.06,319.41,321.76,324.12,326.47,328.82,331.18,333.53,335.88,338.24,
233.53,237.06,240.59,244.12,247.65,251.18,254.71,258.24,261.76,265.29,268.82,272.35,
227.06,234.12,241.18,248.24,255.29,262.35,269.41,276.47,283.53,290.59,297.65,304.71,
300.99,322.93,341.23,358.07,374.32,390.34,406.26,422.14,438.01,453.87,469.73,485.59,
357.57,372.32,389.53,407.58,425.93,444.37,462.85,481.35,499.84,518.34,536.84,555.34,
350.28,384.12,402.63,421.13,439.63,458.14,476.64,495.14,513.65,532.15,550.65,569.16,
381.64,400.71,419.77,438.83,457.9,476.96,496.02,515.09,534.15,553.21,572.28,591.34,
147.65,155.29,162.94,170.59,178.24,185.88,193.53,201.18,208.82,216.47,224.12,231.76,
196.47,202.94,209.41,215.88,222.35,228.82,235.29,241.76,248.24,254.71,261.18,267.65,
232.35,244.71,257.06,269.41,281.76,294.12,306.47,318.82,331.18,343.53,355.88,368.24,
125.57,219.56,219.56,219.56,219.56,219.56,219.56,219.56,219.56,219.56,219.56,219.56,
246.67,246.67,246.67,246.67,246.67,246.67,246.67,246.67,246.67,246.67,246.67,246.67,
236.67,236.67,236.67,236.67,236.67,236.67,236.67,236.67,236.67,236.67,236.67,236.67,
222.78,222.78,222.78,222.78,222.78,222.78,222.78,222.78,222.78,222.78,222.78,222.78,
111.36,99.35,87.35,75.34,63.34,51.33,39.33,27.32,15.32,3.31,0.0,0.0,
70.68,55.5,40.33,25.15,9.97,0.0,0.0,0.0,0.0,0.0,0.0,0.0,
36.25,19.14,2.04,0.0,0.0,0.0,0.0,0.0,0.0,0.0,0.0,0.0,
18.45,1.34,0.0,0.0,0.0,0.0,0.0,0.0,0.0,0.0,0.0,0.0,
32.86,18.08,3.31,0.0,0.0,0.0,0.0,0.0,0.0,0.0,0.0,0.0,
59.56,47.43,35.29,23.16,11.02,0.0,0.0,0.0,0.0,0.0,0.0,0.0,
59.88,48.18,36.49,24.8,13.11,1.41,0.0,0.0,0.0,0.0,0.0,0.0,
125.31,115.85,106.38,96.92,87.46,78.0,68.54,59.08,49.62,40.16,30.69,21.23,
157.78,157.78,157.78,157.78,157.78,157.78,157.78,157.78,157.78,157.78,157.78,157.78,
158.89,158.89,158.89,158.89,158.89,158.89,158.89,158.89,158.89,158.89,158.89,158.89,
162.78,162.78,162.78,162.78,162.78,162.78,162.78,162.78,162.78,162.78,162.78,162.78,
164.44,164.44,164.44,164.44,164.44,164.44,164.44,164.44,164.44,164.44,164.44,164.44,
258.76,268.22,277.69,287.15,296.61,306.08,315.54,325.0,334.46,343.93,353.39,362.85,
281.22,292.93,304.64,316.36,328.07,339.78,351.49,363.2,374.91,386.62,398.33,410.04,
290.36,301.86,313.36,324.87,336.37,347.88,359.38,370.88,382.39,393.89,405.39,416.9,
341.44,358.73,376.02,393.3,410.59,427.88,445.16,462.45,479.74,497.02,514.31,531.6,
317.97,331.86,345.74,359.63,373.51,387.4,401.28,415.16,429.05,442.93,456.82,470.7,
181.76,183.53,185.29,187.06,188.82,190.59,192.35,194.12,195.88,197.65,199.41,201.18,
198.82,207.65,216.47,225.29,234.12,242.94,251.76,260.59,269.41,278.24,287.06,295.88,
87.85,188.82,188.82,188.82,188.82,188.82,188.82,188.82,188.82,188.82,188.82,188.82,
131.29,192.03,192.03,192.03,192.03,192.03,192.03,192.03,192.03,192.03,192.03,192.03,
11.18,2.35,0.0,0.0,0.0,0.0,0.0,0.0,0.0,0.0,0.0,0.0,
16.47,2.94,0.0,0.0,0.0,0.0,0.0,0.0,0.0,0.0,0.0,0.0,
44.12,38.24,32.35,26.47,20.59,14.71,8.82,2.94,0.0,0.0,0.0,0.0,
0.59,0.0,0.0,0.0,0.0,0.0,0.0,0.0,0.0,0.0,0.0,0.0,
0.0,0.0,0.0,0.0,0.0,0.0,0.0,0.0,0.0,0.0,0.0,0.0,
0.0,0.0,0.0,0.0,0.0,0.0,0.0,0.0,0.0,0.0,0.0,0.0,
55.16,156.56,68.86,115.47,66.68,85.66,56.5,61.53,42.28,40.27,26.01,20.46,
150.85,95.06,120.15,97.37,102.92,91.7,90.41,83.25,79.56,73.81,69.28,64.03,
125.03,237.68,150.13,206.96,159.66,187.45,161.1,173.79,158.32,163.16,153.36,154.12,
274.17,288.22,270.63,256.32,244.69,235.22,227.52,221.25,216.16,212.01,208.64,205.89,
300.23,217.72,233.35,179.86,154.51,110.24,79.63,51.04,35.99,31.52,40.52,60.43,
154.18,198.76,176.11,163.65,156.8,153.03,150.96,149.82,149.2,148.85,148.67,148.56,
311.22,322.94,328.78,337.92,345.21,353.53,361.28,369.35,377.24,385.23,393.16,401.13,
307.19,302.3,315.41,318.41,327.09,332.58,339.86,346.13,352.97,359.5,366.2,372.8,
302.11,315.06,321.44,331.8,339.75,349.16,357.69,366.75,375.49,384.42,393.23,402.12,
330.57,344.67,361.16,377.67,393.31,409.77,425.77,441.91,458.08,474.17,490.33,506.45,
359.14,460.7,457.2,474.16,512.71,521.31,551.39,571.88,593.39,617.73,638.81,662.03,
461.55,432.3,483.42,494.37,525.4,546.39,572.4,595.9,620.65,644.78,669.22,693.5,
419.31,332.58,344.09,416.07,389.28,418.99,446.82,449.47,474.73,492.44,505.93,526.65,
416.18,436.42,456.66,476.9,497.14,517.39,537.63,557.87,578.11,598.36,618.6,638.84,
401.47,418.94,436.4,453.87,471.34,488.81,506.28,523.75,541.22,558.68,576.15,593.62,
259.72,239.94,252.4,264.85,277.31,289.77,302.22,314.68,327.13,339.59,352.05,364.5,
247.22,247.22,247.22,247.22,247.22,247.22,247.22,247.22,247.22,247.22,247.22,247.22,
181.99,247.28,247.28,247.28,247.28,247.28,247.28,247.28,247.28,247.28,247.28,247.28,
208.97,237.9,237.9,237.9,237.9,237.9,237.9,237.9,237.9,237.9,237.9,237.9,
71.88,60.49,49.09,37.7,26.31,14.91,3.52,0.0,0.0,0.0,0.0,0.0,
125.99,119.0,112.01,105.03,98.04,91.05,84.06,77.07,70.09,63.1,56.11,49.12,
54.96,43.52,32.08,20.63,9.19,0.0,0.0,0.0,0.0,0.0,0.0,0.0,
50.72,32.75,14.77,0.0,0.0,0.0,0.0,0.0,0.0,0.0,0.0,0.0,
10.37,0.0,0.0,0.0,0.0,0.0,0.0,0.0,0.0,0.0,0.0,0.0,
243.33,243.33,243.33,243.33,243.33,243.33,243.33,243.33,243.33,243.33,243.33,243.33,
424.35,330.49,297.33,285.61,281.47,280.01,279.49,279.31,279.25,279.22,279.22,279.21,
263.89,263.89,263.89,263.89,263.89,263.89,263.89,263.89,263.89,263.89,263.89,263.89,
255.56,255.56,255.56,255.56,255.56,255.56,255.56,255.56,255.56,255.56,255.56,255.56,
235.0,235.0,235.0,235.0,235.0,235.0,235.0,235.0,235.0,235.0,235.0,235.0,
225.56,225.56,225.56,225.56,225.56,225.56,225.56,225.56,225.56,225.56,225.56,225.56,
233.33,233.33,233.33,233.33,233.33,233.33,233.33,233.33,233.33,233.33,233.33,233.33,
281.26,237.31,237.31,237.31,237.31,237.31,237.31,237.31,237.31,237.31,237.31,237.31,
202.21,229.15,229.15,229.15,229.15,229.15,229.15,229.15,229.15,229.15,229.15,229.15,
232.22,232.22,232.22,232.22,232.22,232.22,232.22,232.22,232.22,232.22,232.22,232.22,
252.22,252.22,252.22,252.22,252.22,252.22,252.22,252.22,252.22,252.22,252.22,252.22,
262.22,262.22,262.22,262.22,262.22,262.22,262.22,262.22,262.22,262.22,262.22,262.22,
417.45,409.66,333.62,246.98,204.41,224.7,285.13,342.2,361.59,337.63,292.08,256.31,
389.2,441.22,375.73,276.2,221.79,234.74,283.98,323.93,330.39,310.01,285.55,275.06,
275.56,275.56,275.56,275.56,275.56,275.56,275.56,275.56,275.56,275.56,275.56,275.56,
282.78,282.78,282.78,282.78,282.78,282.78,282.78,282.78,282.78,282.78,282.78,282.78,
279.44,279.44,279.44,279.44,279.44,279.44,279.44,279.44,279.44,279.44,279.44,279.44,
0.0,0.0,0.0,0.0,0.0,0.0,0.0,0.0,0.0,0.0,0.0,0.0,
0.0,0.0,0.0,0.0,0.0,0.0,0.0,0.0,0.0,0.0,0.0,0.0,
0.0,0.0,0.0,0.0,0.0,0.0,0.0,0.0,0.0,0.0,0.0,0.0,
27.42,73.25,120.59,83.76,35.59,58.22,99.01,81.29,41.01,48.2,80.39,74.87,
90.36,129.52,79.32,35.01,70.07,103.5,66.58,27.95,51.5,79.39,52.41,19.12,
0.0,0.0,0.0,0.0,0.0,0.0,0.0,0.0,0.0,0.0,0.0,0.0,
0.0,0.0,0.0,0.0,0.0,0.0,0.0,0.0,0.0,0.0,0.0,0.0,
0.0,0.0,0.0,0.0,0.0,0.0,0.0,0.0,0.0,0.0,0.0,0.0,
0.0,0.0,0.0,0.0,0.0,0.0,0.0,0.0,0.0,0.0,0.0,0.0,
0.0,0.0,0.0,0.0,0.0,0.0,0.0,0.0,0.0,0.0,0.0,0.0,
5.29,0.0,0.0,0.0,0.0,0.0,0.0,0.0,0.0,0.0,0.0,0.0,
40.0,30.0,20.0,10.0,-0.0,0.0,0.0,0.0,0.0,0.0,0.0,0.0,
115.88,111.76,107.65,103.53,99.41,95.29,91.18,87.06,82.94,78.82,74.71,70.59,
127.65,125.29,122.94,120.59,118.24,115.88,113.53,111.18,108.82,106.47,104.12,101.76,
226.09,214.31,204.32,195.85,188.67,182.59,177.44,173.07,169.36,166.23,163.56,161.31,
291.4,266.8,304.83,294.83,315.01,313.14,325.63,327.91,336.98,341.3,348.82,354.12,
146.47,152.94,159.41,165.88,172.35,178.82,185.29,191.76,198.24,204.71,211.18,217.65,
258.58,313.46,307.33,330.67,339.77,355.75,368.4,382.67,396.15,410.01,423.69,437.46,
306.25,201.01,302.67,246.64,310.79,283.36,325.72,314.89,344.6,343.41,365.77,370.18,
160.12,170.55,175.64,183.5,189.91,197.08,203.86,210.84,217.71,224.64,231.54,238.46,
108.62,80.37,96.88,90.33,95.65,94.86,97.22,97.96,99.53,100.67,102.04,103.28,
56.29,58.96,58.66,59.74,60.18,60.92,61.52,62.19,62.82,63.47,64.12,64.76,
31.87,19.97,23.94,20.46,20.47,18.84,17.99,16.77,15.72,14.59,13.5,12.39,
0.0,12.53,45.34,88.14,133.9,175.14,205.08,218.83,214.16,191.84,155.54,111.23,
52.36,94.58,92.15,90.51,89.4,88.65,88.15,87.8,87.57,87.41,87.31,87.24,
179.93,148.07,131.18,122.22,117.47,114.95,113.61,112.9,112.52,112.33,112.22,112.16,
121.11,117.15,115.38,114.59,114.23,114.08,114.0,113.97,113.96,113.95,113.95,113.95,
165.15,143.8,135.49,132.25,130.99,130.5,130.31,130.24,130.21,130.2,130.19,130.19,
134.44,134.44,134.44,134.44,134.44,134.44,134.44,134.44,134.44,134.44,134.44,134.44,
132.78,132.78,132.78,132.78,132.78,132.78,132.78,132.78,132.78,132.78,132.78,132.78,
84.72,109.14,118.35,121.82,123.13,123.63,123.82,123.89,123.91,123.92,123.93,123.93,
0.0,0.0,0.0,0.0,0.0,0.0,0.0,0.0,0.0,0.0,0.0,0.0,
0.0,0.0,0.0,0.0,0.0,0.0,0.0,0.0,0.0,0.0,0.0,0.0,
0.0,0.0,0.0,0.0,0.0,0.0,0.0,0.0,0.0,0.0,0.0,0.0,
0.0,0.0,0.0,0.0,0.0,0.0,0.0,0.0,0.0,0.0,0.0,0.0,
105.43,93.6,87.91,85.17,83.85,83.21,82.91,82.76,82.69,82.65,82.64,82.63,
111.12,97.15,90.4,87.14,85.56,84.8,84.43,84.25,84.16,84.12,84.1,84.09,
70.56,70.83,70.96,71.02,71.05,71.06,71.07,71.07,71.07,71.08,71.08,71.08,
118.51,98.84,89.51,85.08,82.98,81.99,81.51,81.29,81.18,81.13,81.11,81.1,
141.82,116.22,102.61,95.38,91.53,89.49,88.4,87.83,87.52,87.36,87.27,87.22,
189.92,154.32,133.22,120.71,113.3,108.91,106.31,104.76,103.85,103.31,102.99,102.8,
502.94,525.88,548.82,571.76,594.71,617.65,640.59,663.53,686.47,709.41,732.35,755.29,
353.95,282.78,328.39,313.42,329.88,330.03,338.65,342.87,349.37,354.69,360.62,366.24,
182.94,185.88,188.82,191.76,194.71,197.65,200.59,203.53,206.47,209.41,212.35,215.29,
198.82,197.65,196.47,195.29,194.12,192.94,191.76,190.59,189.41,188.24,187.06,185.88,
110.59,111.18,111.76,112.35,112.94,113.53,114.12,114.71,115.29,115.88,116.47,117.06,
148.31,155.82,163.33,170.84,178.35,185.86,193.37,200.88,208.39,215.9,223.41,230.93,
9.41,8.82,8.24,7.65,7.06,6.47,5.88,5.29,4.71,4.12,3.53,2.94,
169.41,178.86,188.31,197.77,207.22,216.67,226.13,235.58,245.03,254.49,263.94,273.39,
95.13,117.28,126.19,129.77,131.21,131.79,132.02,132.11,132.15,132.17,132.17,132.18,
89.63,116.51,126.88,130.88,132.43,133.02,133.25,133.34,133.38,133.39,133.39,133.4,
115.23,130.88,136.3,138.18,138.82,139.05,139.13,139.15,139.16,139.17,139.17,139.17,
36.58,30.67,24.75,18.84,12.92,7.01,1.09,0.0,0.0,0.0,0.0,0.0,
15.63,7.97,0.3,0.0,0.0,0.0,0.0,0.0,0.0,0.0,0.0,0.0,
5.64,0.0,0.0,0.0,0.0,0.0,0.0,0.0,0.0,0.0,0.0,0.0,
1.45,0.0,0.0,0.0,0.0,0.0,0.0,0.0,0.0,0.0,0.0,0.0,
14.17,1.18,0.0,0.0,0.0,0.0,0.0,0.0,0.0,0.0,0.0,0.0,
233.5,268.79,243.56,251.09,240.89,240.28,234.49,231.5,226.99,223.31,219.17,215.29,
198.45,186.11,179.05,175.01,172.7,171.38,170.62,170.18,169.94,169.79,169.71,169.67,
169.57,150.81,142.1,138.06,136.18,135.31,134.91,134.72,134.63,134.59,134.57,134.57,
248.95,264.14,263.13,269.37,272.36,276.8,280.6,284.68,288.64,292.65,296.64,300.63,
278.76,283.51,290.1,295.84,301.97,307.92,313.96,319.95,325.97,331.97,337.98,343.99,
338.08,367.29,373.14,389.66,401.31,415.18,428.04,441.36,454.47,467.67,480.84,494.02,
343.7,330.2,358.17,363.87,381.53,392.76,407.45,420.28,434.11,447.4,460.98,474.41,
327.63,345.1,362.57,380.03,397.5,414.97,432.44,449.91,467.38,484.85,502.32,519.79,
135.29,130.59,125.88,121.18,116.47,111.76,107.06,102.35,97.65,92.94,88.24,83.53,
304.71,319.41,334.12,348.82,363.53,378.24,392.94,407.65,422.35,437.06,451.76,466.47,
242.35,254.71,267.06,279.41,291.76,304.12,316.47,328.82,341.18,353.53,365.88,378.24,
186.47,192.94,199.41,205.88,212.35,218.82,225.29,231.76,238.24,244.71,251.18,257.65,
188.82,197.65,206.47,215.29,224.12,232.94,241.76,250.59,259.41,268.24,277.06,285.88,
189.8,189.67,189.58,189.53,189.5,189.47,189.46,189.45,189.44,189.44,189.44,189.44,
182.79,193.66,198.84,201.31,202.48,203.04,203.31,203.44,203.5,203.53,203.54,203.55,
222.22,222.22,222.22,222.22,222.22,222.22,222.22,222.22,222.22,222.22,222.22,222.22,
101.64,93.44,85.23,77.02,68.81,60.6,52.39,44.18,35.97,27.76,19.55,11.34,
54.82,41.96,29.1,16.24,3.38,0.0,0.0,0.0,0.0,0.0,0.0,0.0,
22.97,11.1,0.0,0.0,0.0,0.0,0.0,0.0,0.0,0.0,0.0,0.0,
5.53,0.0,0.0,0.0,0.0,0.0,0.0,0.0,0.0,0.0,0.0,0.0,
10.8,0.0,0.0,0.0,0.0,0.0,0.0,0.0,0.0,0.0,0.0,0.0,
0.0,0.0,0.0,0.0,0.0,0.0,0.0,0.0,0.0,0.0,0.0,0.0,
0.0,0.0,0.0,0.0,0.0,0.0,0.0,0.0,0.0,0.0,0.0,0.0,
0.89,0.0,0.0,0.0,0.0,0.0,0.0,0.0,0.0,0.0,0.0,0.0,
345.29,350.59,355.88,361.18,366.47,371.76,377.06,382.35,387.65,392.94,398.24,403.53,
183.82,167.72,157.81,151.72,147.97,145.66,144.24,143.37,142.83,142.5,142.3,142.18,
151.06,151.8,152.31,152.66,152.91,153.08,153.2,153.28,153.34,153.37,153.4,153.42,
297.97,153.15,153.15,153.15,153.15,153.15,153.15,153.15,153.15,153.15,153.15,153.15,
381.18,392.35,403.53,414.71,425.88,437.06,448.24,459.41,470.59,481.76,492.94,504.12,
402.35,414.71,427.06,439.41,451.76,464.12,476.47,488.82,501.18,513.53,525.88,538.24,
274.71,279.41,284.12,288.82,293.53,298.24,302.94,307.65,312.35,317.06,321.76,326.47,
371.76,383.53,395.29,407.06,418.82,430.59,442.35,454.12,465.88,477.65,489.41,501.18,
456.14,375.57,409.65,517.81,548.12,491.33,476.66,549.91,612.33,595.25,564.31,598.34,
432.44,456.97,481.49,506.02,530.54,555.06,579.59,604.11,628.64,653.16,677.69,702.21,
421.92,444.23,466.53,488.84,511.15,533.46,555.76,578.07,600.38,622.69,644.99,667.3,
302.56,318.21,333.86,349.5,365.15,380.8,396.45,412.09,427.74,443.39,459.04,474.68,
194.28,172.41,172.07,203.28,223.49,217.5,215.39,234.09,253.45,256.94,257.14,268.95,
204.98,207.74,272.4,302.37,277.85,271.22,310.36,343.32,339.32,333.85,357.1,386.43,
87.78,232.78,232.78,232.78,232.78,232.78,232.78,232.78,232.78,232.78,232.78,232.78,
220.15,241.81,241.81,241.81,241.81,241.81,241.81,241.81,241.81,241.81,241.81,241.81,
50.69,40.74,30.79,20.84,10.88,0.93,0.0,0.0,0.0,0.0,0.0,0.0,
14.06,0.0,0.0,0.0,0.0,0.0,0.0,0.0,0.0,0.0,0.0,0.0,
4.21,0.0,0.0,0.0,0.0,0.0,0.0,0.0,0.0,0.0,0.0,0.0,
0.0,0.0,0.0,0.0,0.0,0.0,0.0,0.0,0.0,0.0,0.0,0.0,
0.0,0.0,0.0,0.0,0.0,0.0,0.0,0.0,0.0,0.0,0.0,0.0,
0.0,0.0,0.0,0.0,0.0,0.0,0.0,0.0,0.0,0.0,0.0,0.0,
0.0,0.0,0.0,0.0,0.0,0.0,0.0,0.0,0.0,0.0,0.0,0.0,
238.24,236.47,234.71,232.94,231.18,229.41,227.65,225.88,224.12,222.35,220.59,218.82,
307.06,304.12,301.18,298.24,295.29,292.35,289.41,286.47,283.53,280.59,277.65,274.71,
130.0,110.0,90.0,70.0,50.0,30.0,10.0,0.0,0.0,0.0,0.0,0.0,
317.12,268.53,236.14,214.55,200.15,190.56,184.16,179.89,177.05,175.15,173.89,173.05,
224.25,180.53,127.63,74.45,29.9,1.42,0.0,7.95,41.69,89.19,142.44,192.47,
259.16,288.96,278.33,287.98,287.45,292.03,294.05,297.35,300.01,302.99,305.81,308.7,
337.66,349.92,355.59,364.23,371.53,379.44,387.07,394.83,402.53,410.26,417.97,425.69,
261.25,230.64,246.93,241.62,246.26,246.32,248.48,249.68,251.32,252.76,254.29,255.78,
301.37,315.14,328.92,342.7,356.47,370.25,384.02,397.8,411.57,425.35,439.13,452.9,
361.71,382.59,403.47,424.35,445.23,466.11,486.99,507.87,528.75,549.64,570.52,591.4,
370.09,390.86,411.62,432.39,453.16,473.93,494.7,515.47,536.24,557.01,577.78,598.55,
333.58,351.87,370.17,388.46,406.76,425.06,443.35,461.65,479.94,498.24,516.53,534.83,
294.15,309.7,325.26,340.82,356.37,371.93,387.49,403.04,418.6,434.16,449.71,465.27,
224.89,236.1,247.3,258.51,269.71,280.92,292.12,303.33,314.53,325.74,336.94,348.15,
159.34,181.48,191.42,195.88,197.88,198.77,199.18,199.36,199.44,199.47,199.49,199.5,
217.22,217.22,217.22,217.22,217.22,217.22,217.22,217.22,217.22,217.22,217.22,217.22,
226.11,226.11,226.11,226.11,226.11,226.11,226.11,226.11,226.11,226.11,226.11,226.11,
126.15,63.6,53.12,69.09,33.14,38.08,25.57,11.62,7.43,0.0,0.0,0.0,
51.04,12.46,0.0,0.0,0.0,0.0,0.0,0.0,0.0,0.0,0.0,0.0,
12.17,3.2,0.0,0.0,0.0,0.0,0.0,0.0,0.0,0.0,0.0,0.0,
13.65,0.0,0.0,0.0,0.0,0.0,0.0,0.0,0.0,0.0,0.0,0.0,
18.63,1.95,0.0,0.0,0.0,0.0,0.0,0.0,0.0,0.0,0.0,0.0,
0.0,0.0,0.0,0.0,0.0,0.0,0.0,0.0,0.0,0.0,0.0,0.0,
180.56,180.56,180.56,180.56,180.56,180.56,180.56,180.56,180.56,180.56,180.56,180.56,
406.69,220.59,220.59,220.59,220.59,220.59,220.59,220.59,220.59,220.59,220.59,220.59,
123.23,210.18,210.18,210.18,210.18,210.18,210.18,210.18,210.18,210.18,210.18,210.18,
199.99,211.98,211.98,211.98,211.98,211.98,211.98,211.98,211.98,211.98,211.98,211.98,
419.99,221.99,221.99,221.99,221.99,221.99,221.99,221.99,221.99,221.99,221.99,221.99,
883.05,587.95,617.74,647.54,677.34,707.13,736.93,766.72,796.52,826.32,856.11,885.91,
794.16,730.95,933.12,1073.14,1030.5,989.97,1066.78,1166.44,1195.7,1195.84,1235.01,1300.88,
153.11,585.62,614.98,644.34,673.71,703.07,732.44,761.8,791.16,820.53,849.89,879.26,
848.12,1111.29,872.54,643.08,786.34,1071.43,1139.08,1015.72,976.03,1110.15,1252.07,1269.33,
257.65,265.29,272.94,280.59,288.24,295.88,303.53,311.18,318.82,326.47,334.12,341.76,
297.06,304.12,311.18,318.24,325.29,332.35,339.41,346.47,353.53,360.59,367.65,374.71,
157.86,302.47,302.47,302.47,302.47,302.47,302.47,302.47,302.47,302.47,302.47,302.47,
364.0,325.65,325.65,325.65,325.65,325.65,325.65,325.65,325.65,325.65,325.65,325.65,
346.89,349.51,349.51,349.51,349.51,349.51,349.51,349.51,349.51,349.51,349.51,349.51,
218.88,341.48,341.48,341.48,341.48,341.48,341.48,341.48,341.48,341.48,341.48,341.48,
324.02,605.86,463.29,211.66,293.12,511.29,475.28,291.02,294.51,446.32,464.94,342.91,
392.15,387.56,348.73,347.59,376.75,381.08,359.58,353.77,369.3,375.53,364.55,358.55,
91.17,61.67,32.18,2.69,0.0,0.0,0.0,0.0,0.0,0.0,0.0,0.0,
0.0,0.0,0.0,0.0,0.0,0.0,0.0,0.0,0.0,0.0,0.0,0.0,
2.94,0.0,0.0,0.0,0.0,0.0,0.0,0.0,0.0,0.0,0.0,0.0,
35.88,31.76,27.65,23.53,19.41,15.29,11.18,7.06,2.94,0.0,0.0,0.0,
0.0,0.0,0.0,0.0,0.0,0.0,0.0,0.0,0.0,0.0,0.0,0.0,
0.0,0.0,0.0,0.0,0.0,0.0,0.0,0.0,0.0,0.0,0.0,0.0,
0.0,0.0,0.0,0.0,0.0,0.0,0.0,0.0,0.0,0.0,0.0,0.0,
0.0,0.0,0.0,0.0,0.0,0.0,0.0,0.0,0.0,0.0,0.0,0.0,
0.0,0.0,0.0,0.0,0.0,0.0,0.0,0.0,0.0,0.0,0.0,0.0,
114.59,106.55,98.51,90.47,82.43,74.39,66.35,58.31,50.27,42.23,34.19,26.16,
154.42,148.43,142.45,136.46,130.47,124.49,118.5,112.51,106.53,100.54,94.55,88.57,
144.05,140.04,136.03,132.02,128.01,124.0,119.99,115.99,111.98,107.97,103.96,99.95,
104.54,112.31,116.46,118.67,119.86,120.49,120.83,121.01,121.11,121.16,121.19,121.2,
236.29,192.41,169.41,157.36,151.04,147.73,146.0,145.09,144.61,144.36,144.23,144.16,
278.37,286.27,294.17,302.07,309.97,317.87,325.77,333.67,341.57,349.47,357.37,365.27,
248.04,256.03,264.01,271.99,279.98,287.96,295.95,303.93,311.92,319.9,327.88,335.87,
347.57,363.69,379.81,395.93,412.05,428.16,444.28,460.4,476.52,492.64,508.76,524.88,
355.1,369.1,383.11,397.11,411.12,425.13,439.13,453.14,467.14,481.15,495.16,509.16,
340.7,361.0,381.31,401.62,421.92,442.23,462.54,482.84,503.15,523.45,543.76,564.07,
336.0,354.93,373.86,392.8,411.73,430.67,449.6,468.54,487.47,506.41,525.34,544.27,
306.76,344.11,360.91,377.72,394.52,411.33,428.14,444.94,461.75,478.55,495.36,512.16,
94.71,99.41,104.12,108.82,113.53,118.24,122.94,127.65,132.35,137.06,141.76,146.47,
245.5,257.79,270.07,282.36,294.64,306.93,319.21,331.5,343.78,356.07,368.36,380.64,
178.73,186.19,193.65,201.11,208.57,216.03,223.49,230.95,238.41,245.87,253.33,260.79,
195.0,195.0,195.0,195.0,195.0,195.0,195.0,195.0,195.0,195.0,195.0,195.0,
196.11,196.11,196.11,196.11,196.11,196.11,196.11,196.11,196.11,196.11,196.11,196.11,
153.16,178.51,187.29,190.33,191.38,191.75,191.88,191.92,191.93,191.94,191.94,191.94,
66.05,59.41,52.77,46.13,39.49,32.84,26.2,19.56,12.92,6.28,0.0,0.0,
55.57,48.24,40.9,33.56,26.23,18.89,11.56,4.22,0.0,0.0,0.0,0.0,
43.55,29.43,15.32,1.2,0.0,0.0,0.0,0.0,0.0,0.0,0.0,0.0,
0.0,0.0,0.0,0.0,0.0,0.0,0.0,0.0,0.0,0.0,0.0,0.0,
0.0,0.0,0.0,0.0,0.0,0.0,0.0,0.0,0.0,0.0,0.0,0.0,
0.0,0.0,0.0,0.0,0.0,0.0,0.0,0.0,0.0,0.0,0.0,0.0,
0.0,0.0,0.0,0.0,0.0,0.0,0.0,0.0,0.0,0.0,0.0,0.0,
0.0,0.0,0.0,0.0,0.0,0.0,0.0,0.0,0.0,0.0,0.0,0.0,
0.0,0.0,0.0,0.0,0.0,0.0,0.0,0.0,0.0,0.0,0.0,0.0,
