88.18,147.18,247.68,345.38,421.4,478.41,419.99,333.83,300.88,277.33,265.45,266.06
157.21,266.89,348.27,433.52,486.38,440.45,369.6,323.88,298.26,298.05,312.86,329.24
267.71,364.16,431.52,451.54,414.81,373.4,346.45,329.61,328.76,347.39,372.76,376.52
337.32,417.35,434.19,410.6,354.45,328.0,311.85,325.58,361.41,391.78,397.36,369.35
389.32,426.25,395.02,347.08,313.1,298.22,308.17,342.54,380.76,406.25,385.25,307.33
388.81,404.08,326.13,287.11,276.4,292.78,321.16,355.84,393.38,408.18,335.54,251.39
368.31,335.71,283.8,261.49,266.03,295.19,325.49,350.43,376.86,390.53,335.41,237.21
259.69,227.52,227.13,235.11,256.27,303.14,352.73,383.46,399.39,384.12,302.13,210.73
301.92,273.52,265.3,272.77,295.83,343.74,385.04,403.71,388.07,299.08,201.29,151.36
321.62,278.61,266.83,273.13,295.17,340.62,367.76,301.42,204.73,143.65,137.4,163.75
311.41,296.12,308.75,351.72,393.7,426.55,391.17,273.78,178.78,125.16,105.93,117.82
313.52,335.47,368.2,402.35,419.56,388.81,275.76,186.62,136.0,104.1,86.39,100.67
367.65,392.89,395.79,403.71,355.51,238.65,173.52,153.07,144.58,115.25,82.08,78.34
356.45,387.92,374.86,287.11,196.44,160.01,150.84,140.39,121.25,85.17,70.52,93.31
304.81,322.15,314.1,225.35,184.52,163.61,141.96,112.48,77.64,59.49,75.36,163.18
341.75,309.78,233.78,190.27,181.77,171.96,148.83,122.56,88.78,67.56,61.85,92.75
321.41,307.45,259.21,187.62,161.39,145.61,114.45,76.4,60.31,69.29,139.77,239.53
177.32,193.18,179.26,182.35,158.19,118.61,67.9,48.63,68.13,98.81,164.49,260.43
187.69,188.37,158.36,134.41,77.69,54.5,56.42,80.65,109.91,169.5,268.43,407.53
166.9,182.43,164.96,152.6,107.94,70.81,76.44,102.65,148.84,219.94,352.29,463.52
207.44,155.24,116.61,71.33,55.31,70.02,113.88,180.32,262.87,416.76,488.81,456.75
207.78,138.45,82.75,55.58,69.73,108.91,181.91,271.98,426.49,492.58,469.96,449.02
106.21,74.98,49.13,61.59,116.04,163.44,245.92,390.72,488.86,476.07,452.95,431.12
90.44,77.29,76.72,108.15,167.16,260.36,410.41,495.25,468.83,418.55,374.52,347.33
81.69,85.5,105.25,171.48,266.19,393.3,494.9,481.21,432.35,382.69,353.19,328.9
123.63,148.46,201.31,303.32,440.52,509.61,492.55,452.8,389.28,331.44,303.83,283.46
128.62,158.77,211.05,299.74,436.34,498.15,471.84,431.11,386.86,353.69,330.98,317.31
208.81,323.49,466.27,492.81,474.17,450.86,411.0,357.19,323.77,309.76,331.66,372.9
219.46,341.49,474.15,490.61,464.0,432.89,379.02,325.9,296.63,273.11,270.75,280.94
351.88,429.54,434.95,423.14,396.66,386.25,389.06,400.47,405.08,369.41,282.27,212.42
362.78,422.31,415.92,404.8,383.83,373.83,374.92,368.14,305.25,231.49,189.0,175.79
388.75,425.95,402.62,392.93,384.26,370.29,324.86,244.69,191.9,176.49,180.37,181.4
379.7,405.54,359.18,265.28,198.92,182.07,183.5,180.59,179.86,176.27,171.18,168.24
289.23,254.42,242.3,189.88,176.33,179.83,179.98,162.03,143.98,126.61,117.81,125.9
241.49,204.67,182.33,173.79,164.43,167.77,179.69,175.17,153.45,132.91,108.45,98.77
264.64,224.9,207.61,172.99,154.71,148.08,150.26,144.88,124.45,90.37,75.81,95.81
317.44,232.99,167.88,149.29,146.85,144.39,138.15,118.57,95.14,70.98,65.36,84.38
262.39,196.22,156.33,146.9,151.95,152.08,137.86,113.28,85.17,55.56,55.36,84.1
290.3,194.96,147.47,140.29,153.4,157.1,140.57,111.92,79.08,51.75,52.86,83.57
281.75,195.2,150.55,140.96,152.37,153.03,130.92,96.6,56.16,46.19,65.79,121.41
233.07,192.7,179.49,164.74,151.58,146.79,126.16,93.25,56.34,48.52,71.34,123.69
217.72,187.88,178.41,148.58,126.74,108.67,74.8,44.19,51.57,88.84,135.14,180.65
186.32,165.87,138.16,114.33,70.08,44.87,51.02,76.61,133.25,189.47,306.15,445.62
196.77,169.66,151.77,123.78,67.49,45.24,59.08,91.02,154.25,239.25,377.17,476.17
162.4,141.35,110.55,67.81,54.72,61.99,91.08,155.22,248.17,404.41,496.68,477.71
107.91,61.69,32.24,44.35,89.89,152.38,190.09,296.99,426.74,456.6,423.21,377.07
111.85,64.47,42.58,65.78,139.73,192.5,295.86,431.51,469.41,442.21,422.45,406.94
56.62,40.51,70.55,133.67,172.59,262.58,415.65,467.73,423.5,374.19,347.64,330.28
45.23,58.1,131.11,184.15,282.58,420.7,488.01,454.94,400.16,348.1,315.45,295.62
77.42,105.23,158.89,234.5,358.83,485.89,482.99,417.44,327.44,301.9,281.88,275.44
104.07,179.12,276.78,415.22,492.1,440.98,324.24,298.89,278.56,268.21,269.46,274.35
210.62,298.75,413.73,462.75,424.36,353.39,311.23,265.21,236.15,225.95,228.23,242.27
332.18,400.74,438.42,435.68,407.11,383.0,365.4,353.37,351.63,358.73,366.95,370.62
356.74,418.96,434.34,409.1,372.51,348.48,332.34,331.11,342.09,352.29,356.64,353.83
397.76,428.96,416.72,384.67,342.41,322.95,326.52,355.76,383.54,390.85,374.47,343.52
375.38,364.88,336.42,316.49,286.82,284.42,309.71,342.85,372.76,386.75,357.11,267.37
300.94,281.94,284.07,303.23,316.56,335.69,357.88,385.98,400.28,380.68,308.82,213.7
279.39,274.56,287.71,325.09,348.92,367.02,385.78,386.54,337.41,232.02,151.42,135.76
301.91,280.77,298.28,342.44,363.31,380.91,397.41,368.88,247.93,157.89,118.24,105.88
294.65,282.94,306.64,346.79,364.99,381.76,391.88,335.54,209.95,126.75,89.43,81.3
274.6,274.57,303.18,344.34,363.99,379.76,362.26,250.11,149.69,89.37,54.81,49.41
320.15,337.97,361.21,379.48,385.91,348.37,242.24,143.54,85.43,50.93,44.61,74.49
321.94,330.0,348.39,346.25,301.04,222.46,134.73,63.65,41.99,54.98,155.72,283.27
349.97,344.15,360.81,342.96,265.03,168.54,100.36,48.14,44.57,76.19,189.86,287.0
337.34,316.25,259.44,170.63,121.91,96.04,59.55,39.3,51.83,148.29,267.52,350.61
280.18,257.57,220.13,147.88,92.07,47.96,37.16,63.48,163.44,245.8,346.83,412.35
283.64,240.1,182.09,104.33,40.43,34.37,60.12,172.13,252.18,352.7,424.02,468.8
212.76,170.36,140.85,90.16,46.09,43.73,71.98,217.6,356.36,419.01,476.4,400.49
166.59,95.43,45.97,28.36,57.41,151.68,270.89,365.84,446.53,475.09,371.61,322.79
64.54,28.78,46.87,100.52,198.7,325.53,422.92,467.28,390.82,313.75,286.39,266.07
66.56,40.28,71.47,137.48,260.5,378.31,460.6,451.83,321.59,290.89,264.15,253.7
65.4,74.34,157.11,293.81,374.66,463.02,469.0,363.54,310.41,280.05,260.9,262.01
80.03,141.86,248.66,365.15,470.03,477.53,365.48,308.42,279.8,261.75,259.7,264.8
151.47,283.55,368.81,450.99,466.5,375.19,321.24,290.7,272.25,263.46,265.03,269.41
363.65,402.03,399.12,368.63,319.18,274.01,263.24,264.13,268.38,276.95,293.85,312.97
357.12,410.87,410.86,368.7,311.65,268.0,260.83,264.52,273.64,288.24,306.91,323.18
389.99,409.03,371.63,310.65,266.89,262.84,271.48,283.95,302.41,327.7,352.99,370.09
377.38,364.25,299.96,253.92,249.05,256.62,268.14,284.27,306.73,336.83,370.04,394.85
369.62,327.41,281.84,257.0,254.46,264.61,284.1,309.72,336.55,368.56,403.48,407.42
313.08,282.05,269.36,270.21,273.95,289.52,311.21,331.09,348.94,375.47,399.49,369.9
296.64,278.7,272.14,275.53,281.23,298.19,316.57,331.52,348.39,374.2,387.69,329.34
247.51,242.44,263.98,279.42,304.43,332.62,354.21,373.42,391.3,383.06,294.66,191.99
273.54,275.35,294.22,322.45,333.39,343.06,359.57,380.83,382.37,306.4,192.81,121.48
260.71,266.44,301.6,340.56,348.39,355.64,375.12,378.82,304.99,187.32,110.07,72.15
284.71,314.11,355.52,384.8,392.45,393.04,371.85,274.81,164.85,95.39,57.99,49.27
285.22,319.59,356.96,387.69,392.92,365.81,271.34,163.36,94.17,55.35,47.63,68.79
338.93,381.26,394.5,388.68,336.05,234.6,139.75,82.04,47.82,44.64,99.74,243.1
368.23,403.83,401.07,358.54,261.15,156.75,73.2,39.8,46.72,126.42,251.54,349.71
335.72,362.65,319.22,218.14,149.17,91.25,39.68,25.2,62.14,223.84,473.45,413.36
359.63,317.01,203.16,122.84,68.75,38.15,35.53,76.21,226.26,342.43,374.82,431.43
307.18,229.07,157.86,74.39,27.49,27.07,63.07,254.5,423.32,365.27,373.35,420.1
278.42,138.81,67.45,31.54,35.82,75.26,231.23,344.89,391.96,452.85,399.87,318.46
157.52,59.26,24.13,39.38,100.69,226.07,330.67,413.46,468.93,371.03,310.86,277.64
142.89,53.53,30.21,62.03,187.6,296.93,370.2,442.81,458.03,338.95,304.09,277.21
55.69,38.34,97.13,251.57,501.35,436.93,336.45,291.69,257.56,242.65,248.6,264.79
62.78,102.03,230.8,381.63,417.06,476.46,420.73,313.87,291.48,272.37,264.49,266.57
149.9,268.79,328.71,353.12,398.67,410.19,337.49,288.41,262.92,254.81,253.82,255.04
173.55,346.17,433.24,436.13,332.18,279.09,249.4,246.82,256.49,270.48,284.54,295.73
375.21,425.67,416.74,360.06,299.5,262.29,258.32,260.86,267.71,278.02,291.87,305.35
391.81,422.9,388.91,323.06,278.94,265.93,270.15,281.65,301.36,328.11,352.5,364.54
376.37,347.71,293.74,256.91,252.1,260.41,276.1,298.88,327.57,355.69,376.55,378.75
353.51,295.73,261.6,248.23,250.09,257.4,271.61,294.22,323.68,356.99,387.53,399.95
360.28,299.19,261.05,249.66,252.11,260.59,275.6,300.26,329.96,365.35,394.19,344.8
280.72,257.69,252.71,259.15,265.62,280.82,300.86,317.0,335.91,367.59,384.43,338.17
246.31,231.82,240.27,258.43,280.31,311.46,332.26,347.2,362.73,359.63,290.68,210.38
260.26,257.52,280.63,312.23,325.45,335.88,351.44,373.33,380.49,315.44,200.66,127.46
277.77,272.35,295.23,325.02,331.71,338.44,357.02,384.91,369.75,262.21,161.62,112.47
239.64,262.76,320.02,361.12,376.2,385.91,390.82,351.85,232.85,137.23,82.93,52.81
300.18,316.24,350.84,373.81,381.77,389.91,375.8,280.37,168.15,97.64,62.75,52.65
311.45,334.68,373.82,391.05,388.1,353.07,237.74,140.43,85.22,54.28,49.83,73.93
323.46,365.01,399.2,401.88,332.21,206.02,122.22,72.94,49.78,54.64,130.73,268.4
369.76,384.49,395.09,347.74,227.04,161.78,117.43,78.24,55.03,61.32,144.57,260.95
362.51,377.91,382.11,321.74,221.99,147.66,94.73,54.21,49.85,101.65,231.87,370.15
291.47,281.95,255.26,179.22,107.3,48.9,40.88,72.95,197.69,296.54,390.14,462.78
352.91,300.15,193.56,101.71,42.14,32.4,66.86,205.35,306.48,385.54,455.73,464.29
260.87,145.47,77.42,35.86,35.58,70.5,209.6,303.6,376.88,443.58,447.02,331.87
181.62,88.99,37.36,35.94,66.8,193.09,314.82,388.23,450.89,443.15,331.97,300.15
119.37,42.37,38.41,67.98,188.88,317.89,368.43,430.77,446.38,317.86,282.93,256.03
50.41,38.95,70.97,178.64,332.87,373.93,428.88,443.45,315.2,282.74,256.62,248.54
60.17,94.89,222.41,381.09,429.97,481.32,422.06,317.79,296.47,278.95,271.41,273.46
118.43,230.95,320.04,406.7,473.9,427.74,343.4,305.18,282.14,269.16,270.74,277.15
174.91,347.47,428.06,447.66,353.39,294.13,260.67,253.04,258.22,270.34,286.51,303.81
366.57,428.06,430.01,389.7,325.74,270.53,258.07,263.12,273.58,288.5,305.13,319.48
385.01,428.69,410.52,350.61,297.28,265.72,263.74,272.32,288.74,313.2,339.53,360.83
394.26,424.87,390.07,320.57,275.7,262.98,269.69,284.68,308.59,341.45,375.26,397.05
377.99,348.86,296.52,258.02,250.7,257.29,270.43,291.04,321.55,357.36,391.79,400.52
352.02,294.41,262.85,253.09,252.15,261.59,280.14,307.71,344.15,378.93,370.49,283.36
241.9,228.65,239.14,254.94,264.44,278.04,297.66,320.24,353.81,377.02,337.57,261.5
272.98,266.94,266.05,274.88,278.87,292.6,312.98,336.57,360.53,350.82,262.77,174.28
261.66,265.95,286.56,315.73,321.97,324.72,336.47,362.2,354.73,257.81,163.68,117.67
232.29,245.24,282.55,327.96,336.4,334.29,353.28,363.69,279.28,175.05,109.12,74.3
262.59,293.26,340.01,371.99,383.69,380.33,354.75,256.69,152.69,90.76,55.72,47.19
327.61,361.92,381.58,399.08,389.43,328.22,210.03,127.45,82.72,60.48,67.34,138.48
314.18,364.97,387.23,400.95,358.22,256.52,159.08,99.87,64.79,54.46,77.89,190.87
308.77,371.07,389.14,377.3,299.98,196.92,132.97,80.53,51.58,57.91,143.85,259.68
333.14,382.37,384.01,336.88,235.23,141.82,72.28,42.55,53.94,145.26,249.71,347.98
337.33,364.8,336.41,253.69,166.81,97.5,48.71,37.34,65.91,193.35,297.54,381.7
348.83,351.57,279.96,169.44,101.33,50.12,34.73,63.14,193.58,298.12,381.94,453.26
301.03,264.15,194.25,108.79,45.44,34.92,64.38,192.53,284.19,372.79,440.78,472.92
310.28,174.67,95.17,35.51,28.25,53.83,182.14,283.82,358.01,431.71,473.05,377.97
148.95,57.75,22.99,38.48,100.04,220.78,322.78,411.68,467.89,390.47,319.26,292.79
135.62,52.29,32.24,63.86,173.51,267.29,371.61,460.01,468.73,362.86,321.11,293.71
47.26,35.76,77.27,180.05,304.62,381.73,458.61,456.4,329.18,297.55,271.41,259.16
64.5,95.8,189.33,332.92,423.29,485.86,437.45,321.51,295.76,273.18,263.03,265.69
75.44,157.05,284.05,375.34,447.06,469.89,358.92,307.58,283.15,267.82,265.21,269.4
156.0,322.21,372.11,443.92,469.3,385.61,308.2,267.38,249.69,256.07,270.26,285.42
361.63,425.62,444.61,411.67,338.9,279.24,259.67,260.37,266.31,275.98,289.28,303.27
366.58,421.5,429.16,376.98,313.47,267.38,260.18,262.54,269.56,280.04,294.11,307.47
391.3,419.09,395.93,343.91,293.28,267.66,267.88,274.23,284.2,300.98,325.72,350.59
381.6,352.12,302.56,266.18,256.1,263.04,271.92,281.14,292.9,311.04,338.53,364.4
366.39,315.06,272.79,259.99,265.28,277.31,291.75,306.11,322.15,340.03,358.48,360.86
346.48,289.75,259.92,259.21,268.7,284.37,304.35,322.06,338.92,358.79,378.18,361.54
277.82,257.86,254.91,268.01,291.75,324.93,338.92,344.73,359.96,379.99,376.57,312.49
251.19,243.39,259.52,294.99,339.25,376.41,385.65,383.93,376.13,339.55,251.65,168.85
237.86,246.65,287.11,340.91,365.07,384.45,391.43,395.18,371.9,265.14,164.19,112.8
297.36,315.95,355.03,383.69,398.2,398.19,397.19,387.04,304.23,184.5,111.1,83.0
319.57,334.43,370.25,393.3,398.86,397.49,379.5,284.39,171.9,100.51,67.41,59.0
294.77,331.48,375.62,403.43,407.05,386.22,294.96,185.57,113.97,68.98,50.83,57.78
317.13,356.91,394.96,414.14,375.89,265.25,173.23,128.29,85.37,56.36,65.13,141.1
337.7,366.21,389.63,365.39,273.71,176.98,133.06,101.5,65.35,63.02,122.45,231.02
287.83,322.37,329.87,266.57,191.53,125.01,70.84,50.94,64.82,155.47,250.26,357.97
332.43,329.07,263.43,169.4,98.62,49.39,40.05,67.05,184.19,280.84,378.02,447.13
257.11,220.57,176.62,102.83,40.32,31.91,48.63,157.19,263.59,357.99,425.42,471.01
313.18,189.19,106.21,36.52,22.79,46.13,188.38,312.93,358.3,418.32,467.88,378.06
203.82,103.24,38.02,28.98,55.79,155.04,274.64,358.91,431.91,465.62,354.19,312.14
78.99,24.82,34.5,66.61,160.06,245.24,359.1,461.91,474.51,393.8,320.84,292.86
49.68,34.12,84.92,186.7,308.63,400.63,477.9,443.94,326.75,300.36,278.53,267.82
48.03,65.69,177.01,311.8,387.82,468.32,450.42,315.92,284.59,257.67,247.33,249.18
70.37,153.76,287.23,373.42,450.74,452.62,327.48,296.11,272.9,259.61,258.94,263.31
163.08,334.02,420.81,481.9,452.8,364.81,306.43,272.39,263.77,272.54,287.4,294.08
369.53,417.83,394.39,359.67,318.0,286.29,275.41,282.54,302.08,330.22,361.25,380.28
337.97,402.56,394.29,372.2,330.71,301.15,283.49,291.68,318.02,350.45,377.82,370.1
382.08,412.99,361.14,313.81,283.65,272.16,279.53,292.24,311.06,340.24,369.34,355.71
386.23,403.31,328.52,288.61,266.02,264.36,275.79,290.1,311.68,344.87,366.77,314.56
374.39,349.56,283.62,254.45,247.59,260.36,283.35,306.57,313.69,311.56,297.56,259.86
341.82,291.34,263.75,255.22,256.85,280.99,312.78,319.61,273.49,224.89,206.26,201.29
262.08,234.26,225.21,239.85,262.96,305.31,347.2,339.27,263.31,184.47,158.87,177.28
327.18,279.5,259.44,266.13,278.96,316.71,338.67,265.18,194.08,144.6,126.41,143.52
307.71,277.0,276.61,306.82,349.27,377.8,325.68,231.5,161.04,119.96,91.02,91.08
308.23,312.23,329.39,348.15,347.6,303.8,224.87,165.54,132.88,98.95,71.64,67.98
327.24,343.79,359.22,348.94,266.98,202.79,161.3,139.37,120.69,86.11,57.69,75.05
325.24,353.13,353.09,287.97,214.89,175.87,152.2,133.57,106.21,67.22,56.15,90.98
347.87,339.85,286.4,195.51,170.35,165.31,149.37,124.81,89.45,64.99,60.9,98.47
292.47,281.49,259.78,196.0,173.16,169.14,149.63,116.41,76.6,60.0,67.96,132.97
287.77,274.67,241.39,182.09,162.03,153.74,124.12,72.75,56.55,74.23,130.99,215.62
277.01,241.37,198.79,141.9,110.85,77.93,50.97,55.6,84.08,171.91,261.25,382.01
230.38,205.02,170.66,118.14,56.17,33.73,43.67,105.87,232.57,317.02,403.57,459.17
162.58,169.96,146.52,121.7,72.06,44.31,53.36,90.46,195.06,291.61,425.42,483.11
121.87,111.49,83.45,74.57,57.12,55.29,91.79,179.86,264.6,401.55,488.97,474.74
158.98,95.91,51.52,40.09,66.6,141.29,215.31,349.64,474.36,480.85,452.26,410.5
137.81,79.54,46.87,46.14,88.67,171.67,274.03,419.31,499.71,477.1,444.58,396.51
67.01,53.92,73.93,128.43,198.23,320.15,465.7,486.21,436.98,367.46,326.11,297.29
76.78,111.19,161.09,247.61,373.2,488.92,487.86,449.06,394.36,334.41,304.98,284.76
126.15,154.93,207.71,290.29,414.49,497.55,478.69,434.7,392.87,358.27,338.49,334.62
142.95,214.03,297.1,421.4,486.17,456.61,405.28,348.7,317.18,307.68,323.75,359.56
185.24,303.29,441.83,496.89,475.71,439.73,382.39,330.33,303.89,309.66,352.68,411.77
196.85,315.8,464.49,493.63,460.8,406.96,338.26,302.64,277.59,281.72,312.26,361.52
307.88,413.56,447.36,434.5,392.64,370.18,365.0,373.36,394.92,416.93,410.74,343.06
395.38,437.06,422.4,403.7,373.25,354.6,358.56,379.36,383.1,308.35,223.51,168.37
390.25,429.43,401.17,371.68,347.3,339.2,354.4,365.68,301.99,224.09,183.56,176.5
377.64,396.28,383.81,373.84,362.76,368.75,353.59,265.17,206.21,180.48,175.39,172.94
351.36,356.09,358.03,361.67,340.16,255.51,206.2,190.68,185.33,181.43,177.75,174.85
318.27,325.72,344.82,271.61,201.03,174.31,175.16,179.03,175.62,168.99,164.83,164.08
275.23,279.66,310.17,247.72,195.23,171.7,169.25,156.85,137.94,119.68,102.32,97.9
294.48,251.39,226.91,181.19,161.83,164.04,170.92,159.68,131.61,95.22,71.92,74.51
281.97,242.68,212.97,172.62,152.97,145.08,144.4,137.56,117.28,81.41,63.46,77.28
328.07,241.54,167.26,147.18,147.97,150.97,143.7,122.27,87.77,61.51,64.1,89.69
299.47,213.88,162.58,148.83,147.57,143.0,126.8,99.21,65.56,56.06,69.33,91.32
264.95,195.72,151.26,140.84,146.17,138.32,108.54,67.25,44.56,59.1,106.27,140.98
185.24,170.68,159.44,152.48,117.31,88.93,62.7,46.23,56.21,93.58,159.74,235.77
133.56,146.41,143.28,120.0,68.64,32.54,30.76,46.2,89.27,161.89,208.43,306.87
155.53,145.76,130.43,100.29,51.52,43.12,58.68,96.29,154.84,223.02,360.54,468.39
130.22,115.57,69.08,36.63,35.96,48.07,82.09,141.47,190.59,309.01,442.04,478.32
106.74,64.06,27.49,33.14,67.11,128.1,170.44,225.76,358.41,469.42,465.53,402.39
78.85,39.36,44.74,79.85,154.23,194.74,297.32,432.76,450.49,397.28,345.21,320.26
60.42,35.12,65.78,132.76,173.86,251.46,392.71,460.74,413.41,345.54,312.61,301.4
44.14,47.68,95.95,168.04,239.4,364.59,484.65,469.5,407.88,350.42,322.68,306.14
70.35,85.65,139.86,190.15,304.63,448.14,483.94,443.01,384.37,337.72,307.18,289.4
115.48,144.49,208.31,315.04,443.12,453.38,384.77,308.4,285.79,276.23,286.75,309.79
140.97,199.4,281.54,396.63,452.88,408.01,303.02,269.07,257.09,261.16,268.73,274.01
311.61,372.88,422.36,438.69,424.14,412.11,398.16,382.78,373.75,369.16,352.36,288.86
366.05,427.41,432.49,422.98,410.28,388.71,370.0,353.37,344.63,346.61,354.56,359.0
396.49,429.61,413.78,396.72,369.43,342.54,331.36,338.78,369.04,399.16,389.51,298.0
374.72,368.18,336.49,326.14,319.5,331.09,359.24,387.07,398.65,363.22,258.25,174.16
369.93,334.75,299.0,282.83,290.22,317.85,346.51,376.51,377.53,301.04,201.35,154.91
344.32,295.64,273.55,275.0,288.85,327.38,357.05,326.12,225.67,156.29,142.88,174.99
335.95,289.19,271.46,279.45,302.32,341.18,314.84,215.2,141.72,113.63,109.43,143.35
245.22,239.91,287.56,340.29,358.29,338.69,258.58,188.73,127.67,89.07,71.44,82.38
261.92,265.65,298.79,330.84,310.11,258.63,206.88,162.35,129.01,90.03,64.8,66.86
316.05,342.94,351.93,333.39,254.82,176.78,113.83,62.45,46.5,64.33,168.89,269.22
337.14,364.1,343.91,267.17,184.99,132.67,103.42,59.57,44.32,78.47,205.72,310.11
359.96,350.6,277.41,179.6,134.5,110.78,80.2,46.9,37.77,59.97,183.49,322.3
256.99,247.87,240.26,180.31,131.26,96.0,52.9,33.91,44.62,92.48,206.66,302.11
258.2,230.3,215.34,148.13,82.1,30.89,28.53,51.45,140.8,239.2,345.9,423.98
305.95,260.8,184.92,98.15,35.33,33.53,57.87,154.65,236.26,339.35,421.82,469.9
255.41,182.28,115.8,58.44,38.25,58.39,163.48,268.68,370.66,451.46,470.18,362.68
167.33,86.93,43.06,36.51,84.09,205.89,306.11,412.18,481.11,429.96,342.61,319.0
106.44,37.03,29.68,76.15,201.12,295.07,404.1,475.2,421.84,320.64,296.1,275.24
68.49,38.67,67.51,154.21,236.27,382.81,491.51,469.2,395.45,323.72,296.05,274.44
54.59,59.8,140.34,275.51,390.79,476.49,455.0,336.81,300.42,272.02,258.17,266.14
88.35,155.53,260.36,353.87,431.06,468.84,369.42,317.86,295.52,283.07,282.24,286.68
155.48,249.45,324.34,411.86,464.29,379.41,300.33,259.56,236.51,247.51,268.25,283.43
308.97,375.7,411.73,412.13,369.92,322.54,274.68,264.13,275.78,299.52,330.43,341.32
374.74,424.43,408.93,359.64,308.64,274.37,275.33,292.49,324.4,359.38,386.68,379.2
385.1,419.34,373.74,313.58,276.14,273.73,290.77,321.54,360.89,398.49,410.61,373.13
373.15,365.11,310.47,268.34,261.46,273.56,300.24,337.73,376.76,408.94,407.4,377.54
353.27,312.77,284.61,270.94,269.83,283.26,312.93,349.95,386.91,412.05,402.77,367.22
312.54,284.86,280.61,279.22,287.76,308.96,330.36,352.31,382.8,408.11,405.47,370.75
282.64,277.13,299.44,326.19,341.41,360.33,384.27,398.71,394.46,358.23,261.73,170.01
276.8,276.96,301.71,334.03,345.34,360.03,383.11,399.15,391.3,313.93,202.73,131.22
298.03,293.94,313.49,345.14,358.28,374.36,392.85,385.43,302.79,192.21,116.88,82.78
270.78,291.55,323.39,357.79,373.55,380.59,360.34,257.91,157.78,102.2,69.94,60.83
297.48,338.75,366.23,399.78,384.89,292.46,182.04,108.75,69.61,55.58,69.99,165.53
343.9,386.55,398.52,382.4,290.19,176.67,105.71,63.76,48.44,67.09,179.38,326.47
273.08,325.63,363.07,333.41,247.51,157.34,89.48,42.63,35.12,77.75,228.45,404.09
308.56,341.11,352.22,318.71,231.74,139.16,62.04,32.6,52.45,180.31,347.83,385.57
334.16,351.1,321.1,238.2,155.89,88.04,39.67,30.71,76.09,231.83,362.44,402.99
350.68,304.37,196.79,124.58,78.02,43.2,45.68,104.06,219.11,306.55,385.96,445.54
299.97,233.46,152.51,81.11,35.66,41.89,101.86,241.66,339.72,408.24,467.63,470.51
314.81,175.21,98.0,42.05,35.39,67.26,220.81,328.74,391.79,465.39,451.94,353.91
209.04,102.64,39.49,37.84,67.99,175.15,275.92,389.82,473.95,466.47,368.56,325.56
106.87,38.36,30.18,76.76,209.23,307.82,381.57,450.7,434.3,314.62,286.05,261.6
63.27,67.1,109.15,199.82,315.47,426.9,500.35,460.3,365.14,315.46,287.74,269.12
66.36,110.81,247.79,386.82,427.89,473.78,388.4,314.2,293.53,279.63,274.78,277.26
126.45,245.95,330.66,364.97,436.14,444.6,340.5,287.4,248.89,224.91,224.97,241.63
186.12,330.53,385.92,445.55,428.55,321.92,276.28,248.93,244.56,250.15,260.07,270.04
355.31,414.99,431.27,402.55,333.88,275.43,259.53,262.11,269.84,280.22,292.65,304.08
377.7,427.72,415.81,354.03,291.17,259.98,258.43,262.62,270.52,281.5,295.05,307.13
392.31,420.89,381.62,314.05,272.03,262.65,268.52,277.4,290.42,311.23,336.51,356.94
369.77,333.27,286.23,255.13,251.34,257.61,269.12,285.27,306.4,332.33,357.21,372.03
364.43,307.32,266.32,251.24,253.37,261.7,274.84,293.73,319.52,351.59,384.88,389.77
306.88,268.14,252.79,257.11,262.26,276.04,296.38,313.19,332.18,365.61,389.98,353.4
280.02,260.2,252.67,261.04,269.91,287.51,307.24,322.2,340.09,361.51,347.66,273.58
234.09,228.75,245.81,266.45,294.76,325.9,349.55,373.9,388.18,358.05,260.18,168.52
241.74,244.44,270.38,303.9,323.91,336.85,358.52,387.74,388.26,303.18,187.68,111.78
293.43,296.73,320.29,341.31,355.2,371.35,389.79,393.11,330.4,205.47,117.54,69.45
262.44,280.15,325.51,354.84,372.21,388.92,388.04,309.93,188.24,107.84,63.38,45.41
278.09,292.59,332.43,367.24,385.4,389.62,324.01,199.5,114.32,65.18,44.72,52.96
279.33,306.79,354.19,392.69,394.73,313.77,190.58,108.37,60.56,43.25,56.47,140.47
383.8,397.5,387.54,380.15,289.31,172.95,102.44,61.54,49.75,71.33,176.81,287.35
357.12,373.35,390.65,346.07,237.75,141.48,61.78,41.17,55.01,156.66,282.81,374.25
352.94,307.9,224.69,148.52,92.06,50.56,46.41,80.03,198.74,294.59,384.64,453.56
336.15,256.1,170.41,84.27,33.21,31.69,71.1,216.72,313.48,390.43,460.83,464.03
239.19,129.88,55.1,32.35,43.88,104.57,230.55,312.13,399.12,437.29,312.99,260.79
195.98,97.06,35.09,31.44,56.68,167.69,309.74,377.58,438.18,461.37,344.04,304.1
133.69,52.61,27.83,57.45,163.9,291.13,362.6,431.95,457.04,324.72,288.2,259.49
67.74,34.24,63.83,160.01,289.25,362.89,434.51,463.94,333.42,295.0,265.02,251.93
47.8,72.51,192.71,323.98,373.57,442.37,472.07,339.48,295.69,262.59,246.49,246.8
77.62,174.41,368.04,416.38,462.19,446.89,329.26,290.78,264.89,252.67,259.0,271.11
170.59,340.56,371.42,420.49,437.69,333.55,280.36,248.72,241.29,244.61,252.56,261.52
372.06,417.47,415.36,369.61,308.16,264.91,261.3,268.16,277.73,289.08,299.79,307.78
373.57,421.34,410.86,350.68,291.65,262.71,262.78,270.43,281.49,295.67,308.47,316.67
378.86,411.95,381.17,319.16,273.64,265.8,276.88,297.5,324.65,349.37,361.52,351.72
381.69,364.46,298.82,255.93,252.68,259.64,272.62,291.0,315.35,341.02,361.91,366.29
353.88,289.6,252.15,240.0,245.02,254.71,269.45,292.69,320.5,348.39,364.75,326.58
317.4,266.7,245.8,243.43,243.33,252.71,270.81,297.87,328.5,358.16,366.85,316.88
245.95,226.65,222.69,238.56,258.25,278.48,304.07,329.3,354.86,365.51,312.81,233.04
255.18,247.14,248.61,263.5,281.04,306.14,331.8,357.7,369.77,327.99,230.51,145.66
245.92,243.19,264.58,291.13,309.84,332.34,364.58,393.49,366.71,252.78,148.95,90.13
290.66,285.07,306.49,337.21,354.22,379.58,395.46,355.49,242.01,142.46,82.12,48.78
294.72,297.92,330.83,367.86,395.26,391.37,308.83,188.14,106.89,61.97,45.15,56.58
295.74,315.16,355.92,391.96,391.96,304.45,185.22,107.93,62.24,45.32,59.47,156.99
337.12,390.32,404.56,376.28,281.34,179.49,122.53,71.61,51.34,65.07,167.82,282.77
345.08,385.62,380.89,326.53,221.32,140.49,77.86,50.72,60.19,150.47,258.61,368.38
350.72,387.02,348.9,249.08,169.81,108.15,60.11,45.04,66.85,178.07,282.95,380.96
356.27,353.15,272.95,166.01,100.48,53.44,41.84,67.58,178.46,267.39,371.19,445.28
333.68,301.7,209.11,114.15,45.78,32.05,53.56,169.83,269.94,365.58,439.24,473.61
290.76,176.13,100.95,43.26,34.27,61.76,199.61,296.89,374.59,447.72,462.6,353.03
207.43,114.91,50.11,36.7,61.92,188.44,296.34,384.47,461.08,464.1,357.37,319.28
146.58,59.01,34.02,53.65,146.93,330.82,396.38,440.82,414.53,311.3,275.74,251.87
45.06,31.24,69.67,165.5,334.01,378.21,435.22,451.67,319.54,287.25,260.89,251.24
67.22,87.45,180.73,333.11,422.59,488.28,453.44,352.62,314.49,291.86,278.22,279.29
65.83,133.07,284.46,383.92,440.5,475.25,372.18,308.85,280.97,261.39,257.09,260.95
175.12,335.66,408.91,465.78,439.73,345.32,297.33,270.39,268.46,282.1,304.58,334.26
345.3,414.92,442.37,422.26,347.28,295.56,265.7,264.81,275.05,294.32,319.75,342.28
352.87,416.6,428.28,385.39,324.74,282.02,268.28,275.73,295.38,326.03,356.26,376.16
392.47,425.52,398.22,346.59,307.48,277.15,268.38,275.8,296.34,331.03,368.73,399.12
387.14,385.82,333.98,290.81,266.97,267.88,276.12,289.32,307.1,332.67,367.11,399.25
373.6,343.16,298.03,273.18,269.4,289.59,312.46,330.05,344.47,360.8,382.37,378.15
359.75,310.45,279.49,274.99,287.85,318.75,348.02,360.12,366.63,376.44,376.81,321.52
255.72,243.87,259.37,279.44,310.3,358.13,385.38,395.71,395.85,388.54,334.76,239.45
286.3,279.15,299.03,343.15,372.85,403.04,415.73,408.98,374.0,267.62,173.18,129.3
301.48,301.09,329.95,361.57,383.75,405.71,410.6,380.08,273.79,176.81,124.13,106.79
283.24,312.24,367.65,395.7,398.61,389.36,360.96,275.23,185.63,122.25,86.45,75.77
325.11,351.31,384.42,397.66,384.95,340.8,246.97,177.19,146.46,124.54,93.09,73.67
303.74,356.32,393.14,403.61,351.45,246.98,167.64,134.91,115.24,83.08,71.94,102.25
245.15,287.36,341.21,336.2,263.06,201.39,152.99,131.96,105.64,63.18,54.5,93.42
325.78,360.41,361.37,311.51,221.24,145.79,94.99,66.08,56.65,80.87,189.22,289.77
342.21,370.19,346.99,260.2,174.62,110.0,63.48,51.47,68.45,161.83,256.02,366.27
298.21,296.74,245.49,169.59,109.67,59.58,45.67,69.53,162.1,244.56,356.12,440.48
303.35,284.68,214.82,120.81,51.56,36.47,60.07,168.73,253.72,362.54,445.15,472.58
298.05,186.24,106.21,46.49,36.84,66.52,188.8,279.43,378.65,459.32,463.01,365.65
256.94,121.33,52.49,42.62,69.92,173.08,274.98,391.52,475.9,460.49,362.43,326.44
127.71,45.51,35.99,70.41,177.3,260.18,407.72,489.29,437.98,334.81,307.93,286.13
55.57,34.18,68.51,160.62,235.29,371.18,481.92,472.01,411.27,338.87,307.58,284.68
66.32,83.32,140.27,221.59,358.81,495.07,490.91,432.38,345.53,310.42,285.54,274.47
79.24,130.98,215.02,333.91,441.41,489.11,415.22,321.68,298.51,280.05,273.02,275.89
228.76,355.74,456.67,485.45,444.39,376.59,328.35,293.72,285.55,303.23,340.14,383.55
142.43,214.33,299.48,417.79,490.94,457.42,386.36,339.65,311.99,304.8,315.12,336.81
216.1,374.69,481.97,489.14,443.84,366.28,317.65,291.48,294.53,321.81,365.5,411.98
293.71,402.6,442.77,437.2,392.05,345.43,306.9,299.06,326.88,362.16,392.54,394.46
384.24,432.82,410.32,363.36,323.35,293.13,290.29,312.49,352.99,391.65,408.09,365.9
375.92,412.91,387.13,363.06,330.58,299.06,293.23,311.24,340.75,375.42,406.37,362.59
372.87,375.82,326.01,304.19,296.81,310.17,330.24,348.08,366.57,389.33,390.53,312.63
369.78,361.25,318.34,296.25,297.24,325.17,346.62,357.38,372.44,392.47,379.79,285.13
368.49,353.46,311.03,290.77,297.75,332.91,354.63,363.24,380.99,387.48,313.47,210.39
309.87,299.15,305.62,342.78,378.6,407.53,410.45,386.6,307.1,206.68,137.84,122.89
313.66,317.11,335.72,364.64,384.82,398.21,351.91,250.06,159.48,114.37,97.64,114.3
331.44,352.01,363.72,378.84,357.17,271.26,197.77,151.82,124.24,90.3,72.77,89.63
336.31,358.24,355.84,339.18,262.91,195.13,155.83,143.32,117.01,78.26,74.65,127.33
332.11,341.35,313.15,235.2,181.83,144.68,118.25,82.57,56.37,67.66,162.36,267.24
334.36,332.13,276.26,194.88,153.26,132.13,89.19,57.12,60.21,102.7,209.06,306.58
268.65,271.9,251.41,190.82,148.76,119.2,77.01,52.28,65.45,131.43,219.62,315.99
314.02,279.35,194.92,124.68,73.82,38.23,44.42,89.8,176.95,250.48,372.75,451.68
212.64,193.04,165.32,115.36,55.6,37.83,56.34,138.98,229.36,341.15,450.49,478.94
183.16,159.08,141.4,98.25,56.82,58.42,89.25,154.08,236.99,372.99,475.84,479.32
161.02,133.24,93.78,54.12,55.26,87.09,144.19,208.59,339.72,464.65,489.45,463.83
159.77,93.98,52.34,49.13,83.57,152.17,228.72,380.1,491.62,475.91,452.92,436.26
127.4,77.65,48.4,58.11,112.62,165.29,245.41,394.2,493.93,478.19,456.58,445.04
120.91,91.08,75.97,102.61,161.91,250.29,398.14,498.32,480.06,452.39,438.19,419.17
70.66,58.96,91.04,133.14,195.71,304.93,457.9,499.69,462.59,409.47,357.75,329.0
91.16,111.1,145.19,195.24,273.01,414.95,498.34,482.98,439.41,378.57,328.19,301.87
130.32,169.79,238.61,346.91,467.37,512.83,481.57,405.55,329.47,302.03,282.24,277.02
188.81,269.63,401.7,492.76,494.61,465.56,426.65,372.19,336.41,320.16,335.14,374.36
296.61,406.06,448.64,444.2,414.62,396.36,383.11,383.44,396.79,410.76,417.41,413.67
285.2,403.01,449.32,446.54,417.55,398.51,382.99,379.05,391.08,411.73,416.54,400.54
395.42,440.44,425.92,406.35,377.74,364.84,369.59,392.08,418.83,425.44,396.3,301.29
396.21,437.36,411.01,383.04,362.52,358.89,370.07,396.06,415.78,397.9,295.52,212.28
388.7,417.67,383.62,351.11,328.81,337.14,377.7,405.1,351.76,248.83,188.71,172.01
371.25,366.45,348.8,352.22,365.42,386.93,374.44,275.21,202.83,171.72,170.49,175.11
369.92,365.35,348.77,353.84,367.71,372.4,299.45,220.42,184.42,176.05,175.44,176.63
363.15,379.82,379.35,378.24,362.6,303.49,216.3,182.17,178.0,177.12,175.54,174.04
346.77,376.38,378.27,346.08,242.0,184.71,170.61,170.39,168.34,164.45,160.08,155.63
370.37,382.57,307.45,202.53,175.3,176.15,175.23,156.98,136.8,116.1,96.88,87.1
338.14,277.38,202.73,164.22,155.97,161.54,163.97,149.61,122.17,85.61,66.27,69.32
279.75,218.91,177.62,162.02,161.21,159.99,142.64,104.16,60.01,57.8,82.96,110.61
267.91,227.3,190.1,154.59,139.37,132.3,118.82,88.95,56.5,57.13,81.01,106.65
242.59,209.35,187.72,146.13,118.48,90.62,47.58,43.35,71.13,133.24,184.68,262.66
180.84,165.85,141.56,125.03,73.86,37.56,40.27,71.43,143.65,211.72,336.62,461.55
190.55,166.76,147.58,114.0,70.4,53.95,68.09,103.84,167.11,251.81,411.18,491.37
174.89,121.15,67.07,36.54,48.46,80.32,136.48,187.06,286.34,427.34,476.1,443.08
127.84,91.22,47.14,37.78,71.59,144.62,201.29,318.02,449.99,475.42,431.29,363.4
101.41,62.7,44.77,77.21,162.64,205.06,336.86,469.23,468.05,430.55,391.73,351.56
80.25,57.37,72.88,122.75,177.73,267.1,414.32,494.29,468.83,430.12,393.81,364.26
52.24,48.56,105.22,179.42,278.99,429.54,491.67,456.62,407.95,367.1,345.84,330.51
61.18,93.49,170.16,244.36,389.03,498.08,477.89,405.43,323.85,298.89,280.2,275.44
121.51,186.91,287.55,455.53,502.77,454.58,336.7,303.03,279.67,266.5,266.31,271.04
154.78,241.2,365.55,486.63,506.44,471.4,430.4,391.76,361.8,336.64,316.81,304.74
236.74,338.78,452.97,477.7,438.12,395.67,369.67,355.4,352.04,362.73,382.35,373.15
381.75,435.17,439.89,420.97,395.8,368.94,340.79,321.21,321.73,336.24,349.99,356.86
397.09,432.01,414.25,393.74,364.32,343.22,334.22,348.01,371.57,381.48,374.53,363.07
382.12,375.33,334.66,308.13,291.51,306.43,343.6,376.44,396.01,399.82,387.93,364.28
367.49,320.63,289.09,281.5,294.18,326.8,361.23,389.39,408.13,408.98,369.88,271.43
315.51,285.8,286.54,305.56,335.84,368.44,387.99,400.8,406.22,369.16,269.93,176.1
275.7,270.95,304.32,348.36,371.81,395.73,402.1,372.16,259.97,165.46,113.29,95.47
189.99,226.05,286.55,320.25,333.78,359.64,317.04,216.69,136.77,105.66,92.03,113.15
235.21,294.04,349.4,388.0,400.2,370.23,270.8,164.45,95.68,55.72,38.93,41.28
232.2,298.26,357.81,375.19,309.15,218.69,147.96,95.47,52.47,33.77,41.27,84.87
306.5,340.4,366.27,366.45,301.51,205.83,136.9,90.5,57.47,55.18,102.72,218.3
287.76,320.25,357.87,356.95,285.38,186.99,112.47,59.84,44.42,60.71,157.5,257.76
266.05,300.29,295.37,214.04,153.83,105.37,63.4,39.89,46.11,138.67,280.26,343.78
288.21,299.47,249.25,157.75,83.0,38.35,23.82,36.46,151.59,401.0,313.52,335.23
312.31,261.32,174.67,89.29,33.17,33.78,53.87,131.68,220.49,322.79,427.54,475.6
288.19,164.18,91.29,33.12,28.45,55.17,150.51,244.72,342.66,436.0,473.5,388.02
172.66,89.63,37.85,25.72,59.87,157.72,259.28,376.0,466.36,462.7,362.3,324.51
124.89,46.08,22.56,50.33,153.91,249.87,363.39,455.3,453.99,334.74,304.13,280.05
45.04,27.75,69.76,154.6,279.76,343.72,406.21,400.81,277.25,236.09,224.04,235.71
56.13,60.53,157.98,278.38,346.57,421.76,433.94,311.65,283.27,263.37,255.94,259.3
81.26,131.68,219.61,316.77,418.07,480.38,395.41,300.88,275.74,261.01,261.95,268.92
154.06,270.1,328.06,370.14,422.71,382.69,304.89,273.78,255.34,257.74,266.43,272.83
344.54,385.71,363.39,306.29,257.97,250.95,252.76,261.5,279.26,307.55,340.2,347.62
332.44,375.85,368.84,317.93,275.09,266.95,269.85,276.7,291.27,319.84,344.92,324.52
380.77,408.78,363.4,299.06,264.2,261.47,268.56,281.29,301.9,329.0,354.29,351.35
383.37,369.1,295.91,252.4,248.06,256.18,268.92,289.06,316.54,344.03,365.22,366.68
367.75,321.57,264.57,238.91,241.89,254.18,269.43,294.45,325.42,355.81,381.46,369.81
245.2,221.03,223.59,231.18,247.04,272.82,303.77,331.32,363.54,397.21,382.35,298.87
214.92,192.82,214.86,237.79,241.34,255.89,274.61,293.46,311.59,337.64,359.55,317.83
214.6,196.18,213.92,238.27,241.76,249.11,269.56,285.87,291.67,297.87,292.96,231.94
223.79,212.85,227.3,244.14,253.84,281.55,307.21,321.66,317.98,257.78,164.63,103.38
241.86,253.63,296.18,337.97,354.39,368.05,380.25,368.58,282.63,171.06,98.38,62.09
243.48,262.17,305.32,346.55,365.79,380.04,383.54,322.7,200.82,115.43,66.49,44.86
248.96,270.68,316.77,360.75,385.61,389.82,320.6,196.22,112.36,63.96,42.76,45.47
260.81,283.69,337.45,375.89,380.48,300.73,185.35,105.25,59.14,41.55,50.33,108.51
300.85,329.69,355.05,366.33,312.78,207.63,116.43,61.38,42.6,57.04,162.25,295.45
338.59,372.61,368.91,336.35,234.56,134.46,48.15,26.11,46.78,186.58,435.33,408.0
344.01,342.28,261.72,161.48,100.47,50.86,34.58,70.83,217.55,346.45,373.79,434.56
362.0,293.12,171.29,88.51,39.04,37.07,65.92,197.89,284.86,366.39,430.13,471.04
288.03,144.36,75.95,34.28,37.09,70.75,189.18,277.19,364.3,440.13,460.91,347.38
156.92,58.45,25.87,44.09,113.54,240.92,346.69,427.79,462.39,336.83,295.9,265.1
58.09,33.16,51.39,107.15,218.48,359.04,429.48,464.36,360.11,307.0,276.14,256.74
53.64,56.73,132.7,305.53,406.58,452.91,434.84,317.67,287.56,261.2,252.98,261.26
68.87,126.74,270.1,391.25,431.3,452.02,342.76,303.24,280.73,267.75,266.74,271.25
142.25,328.47,408.79,461.22,451.32,345.09,287.07,243.34,213.08,196.31,203.16,226.83
183.62,340.62,371.32,433.4,448.12,339.03,282.7,248.52,238.27,237.12,234.42,227.31
360.05,405.27,404.73,362.98,307.98,272.4,267.49,269.37,272.56,279.04,292.06,314.15
360.34,409.4,404.96,359.82,303.77,269.34,264.69,266.1,270.39,279.12,292.82,309.46
392.92,413.45,355.94,290.09,261.88,263.63,271.58,278.92,287.64,302.7,325.56,349.11
373.52,330.08,270.7,239.76,240.95,252.36,265.08,282.04,305.73,333.59,359.38,371.63
355.76,291.55,252.44,237.2,235.19,241.11,250.33,266.7,293.11,329.3,355.55,321.83
280.56,254.9,244.93,246.87,245.13,250.2,264.77,287.94,319.32,351.83,358.89,303.18
238.28,222.23,223.62,233.77,246.45,261.93,285.82,311.08,339.65,352.13,299.09,222.24
197.57,217.81,238.57,255.28,269.02,306.69,339.31,371.85,381.27,297.54,195.35,132.93
242.86,246.36,260.82,274.88,282.92,302.42,326.38,359.36,367.27,269.14,160.92,95.26
253.13,264.85,298.46,327.83,332.38,338.53,362.63,371.03,287.62,173.69,96.06,54.02
235.27,267.52,299.39,344.75,366.62,384.57,377.42,285.15,171.81,99.63,58.1,43.5
252.98,272.03,315.96,353.59,378.43,377.17,292.05,177.2,101.26,57.94,41.7,51.04
282.13,301.44,338.66,360.03,331.88,246.92,157.35,93.34,51.42,43.97,76.01,198.19
362.38,371.68,376.17,335.87,243.35,153.79,86.44,43.44,48.88,125.21,244.94,344.1
305.58,335.58,319.24,237.2,164.5,98.52,43.39,25.69,54.06,198.35,481.75,410.13
344.25,351.32,285.7,166.92,94.33,41.48,25.48,54.5,199.64,446.5,370.97,340.31
321.28,269.01,176.26,83.19,28.44,29.91,45.46,166.45,299.02,365.43,416.54,465.07
243.94,155.6,85.72,31.63,23.17,47.21,157.45,297.47,346.82,408.31,458.33,359.06
201.3,96.71,36.25,31.47,53.41,155.64,310.32,375.05,429.97,454.01,336.51,295.63
107.14,38.37,33.71,61.85,160.24,357.46,380.84,419.19,438.5,318.37,280.82,251.98
94.08,33.19,49.11,99.4,281.47,463.26,400.25,342.16,299.03,264.45,245.85,250.78
48.11,68.14,183.5,322.0,367.72,441.84,471.73,335.87,292.97,260.83,245.56,245.93
64.93,135.07,329.55,412.87,439.35,445.88,326.44,287.22,253.32,238.96,240.21,245.97
164.61,335.38,390.63,447.94,436.68,331.44,283.96,253.34,247.24,254.19,266.42,278.58
352.54,403.44,423.35,407.21,351.96,294.01,261.52,259.55,263.35,271.76,285.79,304.7
345.43,404.58,419.88,393.35,336.94,281.66,261.02,261.0,265.56,274.78,289.44,307.31
391.87,414.0,381.18,327.46,277.83,265.64,270.21,278.32,290.83,311.14,336.39,357.29
381.43,349.81,286.34,251.18,248.9,258.56,272.69,285.29,298.1,316.33,342.55,360.67
360.36,300.01,259.54,242.08,239.65,244.41,255.28,269.55,291.5,327.82,359.42,347.79
275.66,247.48,239.94,249.17,252.96,259.87,274.8,293.19,316.16,345.57,371.13,349.94
295.78,254.38,241.58,249.13,251.37,259.71,277.14,296.98,323.68,353.5,360.31,296.15
245.98,228.77,227.21,241.04,260.13,290.67,314.72,331.3,348.62,337.51,252.68,166.21
261.97,255.66,261.74,283.93,309.5,335.16,353.92,373.95,359.7,254.27,152.73,100.25
259.02,253.33,275.41,319.25,347.89,370.53,384.79,371.87,280.92,169.28,100.3,68.75
240.88,264.59,309.03,360.12,387.3,390.06,323.95,203.05,118.46,69.58,48.93,48.53
254.14,281.88,327.28,357.79,353.36,292.63,199.52,134.16,82.38,50.66,47.65,81.48
274.04,331.86,361.29,343.8,264.01,175.64,109.2,59.42,44.95,52.78,111.46,203.66
303.81,342.9,336.48,287.82,210.64,139.33,79.66,46.0,51.1,117.59,231.23,335.96
289.83,324.18,311.17,234.03,172.52,116.33,59.52,39.98,61.89,176.62,279.26,373.74
299.61,299.93,241.89,161.41,104.79,54.72,38.01,67.0,180.16,271.36,374.7,445.48
344.48,324.27,223.42,119.83,49.11,35.74,57.7,172.78,256.99,348.28,420.85,473.15
317.45,191.22,107.67,47.97,34.45,63.81,197.81,283.74,367.91,444.37,473.6,392.69
201.3,112.93,47.91,32.24,59.83,164.53,270.79,373.69,457.63,468.97,370.34,326.95
151.92,65.61,34.28,54.79,148.07,270.78,377.79,460.19,448.57,326.44,296.58,271.04
87.04,28.67,50.22,97.43,279.93,493.6,409.0,331.08,291.68,256.84,244.53,254.15
56.76,58.15,141.79,298.81,368.52,451.78,481.72,401.43,318.07,290.02,267.6,262.37
73.54,131.11,248.7,347.91,429.11,485.58,414.97,320.55,297.43,278.79,270.85,272.81
144.34,302.91,398.71,471.22,463.58,371.95,310.01,273.73,259.86,264.72,279.83,297.73
284.73,378.64,445.85,456.16,404.86,343.9,308.84,282.35,278.37,288.25,303.59,317.48
369.87,432.23,436.38,401.56,339.44,283.3,260.39,261.75,271.71,290.19,318.15,345.03
392.47,426.07,400.73,351.51,303.36,270.6,269.07,281.18,306.92,343.52,380.36,403.58
382.08,376.98,322.47,283.45,261.6,264.99,278.8,297.82,324.6,360.85,395.32,372.57
374.22,354.7,295.53,268.62,267.68,284.6,305.64,326.38,345.21,367.75,379.49,321.88
356.37,305.68,269.7,265.13,280.13,304.47,325.87,342.35,359.09,375.56,374.87,306.68
254.44,235.0,236.83,252.0,276.0,328.44,362.38,377.37,386.82,377.29,324.24,238.51
228.55,225.62,242.0,264.39,292.74,351.22,396.59,409.06,392.24,305.61,204.47,141.3
272.78,271.11,287.63,323.63,359.22,398.14,412.79,393.39,310.71,203.3,131.8,108.88
270.04,295.05,326.0,362.76,386.33,390.93,370.01,293.74,189.25,115.78,81.12,72.96
215.83,259.75,293.23,339.23,373.08,371.88,298.06,192.25,114.08,67.04,47.95,49.77
326.3,361.52,372.36,385.9,348.66,259.08,178.37,130.81,89.48,64.62,78.61,181.64
342.37,379.94,373.91,352.62,279.79,186.5,140.16,111.94,71.82,59.57,89.89,203.66
363.01,357.18,287.12,214.35,167.48,131.9,104.49,74.52,56.05,74.25,178.28,277.16
316.51,306.49,277.22,211.33,156.57,105.07,56.89,48.73,73.69,180.87,279.27,387.37
326.78,312.36,248.58,165.93,105.92,58.27,46.78,74.37,186.24,277.5,381.45,453.06
304.03,256.76,180.78,97.4,40.07,37.29,69.83,177.33,253.86,371.41,453.11,470.02
226.41,170.06,119.09,67.75,51.04,70.23,145.14,241.94,372.7,475.33,478.43,417.86
261.12,128.39,58.61,42.39,64.02,156.95,260.01,381.8,471.85,464.23,367.91,328.89
146.12,59.58,25.93,39.56,104.42,207.08,329.4,430.0,469.75,382.71,319.94,292.85
116.7,38.31,36.76,76.33,189.53,286.99,411.97,487.45,433.04,326.02,300.84,278.89
56.77,41.79,82.74,191.51,298.63,392.47,472.85,450.76,332.6,302.98,278.81,266.47
68.41,113.15,219.73,350.54,419.98,483.75,432.45,322.84,298.02,276.82,267.37,269.63
144.91,226.62,296.02,397.96,489.07,490.16,441.25,396.41,369.07,348.71,331.35,312.21
302.29,395.25,438.54,433.0,379.69,340.02,314.98,321.28,352.88,385.45,398.83,378.23
328.88,423.77,439.68,419.13,364.1,332.13,318.68,347.31,390.51,414.17,396.13,360.59
376.14,428.45,406.57,361.49,324.91,300.82,312.04,350.53,390.65,412.64,388.61,335.35
386.43,428.06,391.13,353.14,324.78,305.23,315.67,350.0,387.93,414.5,400.51,317.55
380.93,402.23,339.43,310.98,300.51,318.89,354.19,378.59,386.67,395.7,380.79,289.51
359.84,345.03,301.4,290.03,307.35,354.95,396.5,409.96,394.25,349.58,255.71,175.46
332.22,314.36,301.39,319.71,362.6,405.97,422.88,421.2,389.22,278.91,180.53,138.49
328.02,314.7,316.9,343.34,376.91,406.63,402.54,327.66,220.41,154.3,130.67,128.65
334.51,317.36,315.81,334.69,369.08,383.67,313.37,222.95,157.93,132.27,124.24,131.01
324.55,319.17,331.83,358.85,382.35,388.57,313.62,216.8,149.84,117.31,101.48,109.34
369.05,401.43,396.73,396.14,358.57,248.7,177.87,154.73,153.55,141.85,113.49,86.9
356.35,381.23,352.92,252.85,192.93,169.64,159.65,151.94,138.04,111.32,81.16,79.31
364.33,382.96,308.43,204.92,180.16,172.08,152.19,131.34,104.52,78.53,67.38,83.69
342.52,296.68,222.95,186.35,182.69,174.81,150.44,123.35,89.61,68.52,61.89,89.97
328.28,257.54,195.13,166.59,161.31,151.4,128.64,92.28,68.63,66.36,80.67,147.52
272.71,231.02,199.22,147.15,102.99,59.22,54.14,80.6,139.71,201.87,290.29,406.18
307.61,258.44,178.83,98.71,41.2,33.77,70.68,191.41,273.55,395.3,470.49,466.45
225.79,161.36,106.55,64.14,61.62,115.28,203.0,304.9,443.13,488.85,459.11,425.11
239.45,127.73,62.69,49.43,77.41,172.19,268.99,410.11,494.63,468.44,394.04,338.6
193.51,100.04,47.04,46.29,89.06,195.39,307.54,431.76,491.82,451.07,372.82,331.68
72.88,43.01,72.5,162.37,232.01,365.73,486.95,476.34,422.11,350.0,314.81,290.99
74.02,73.77,116.52,187.66,289.05,429.52,502.51,465.78,403.71,345.64,312.66,290.37
67.66,105.75,201.88,312.33,421.29,489.91,436.35,326.15,300.08,278.26,267.84,269.53
125.84,186.64,265.6,405.41,497.74,478.93,426.76,395.6,371.2,356.73,357.92,370.89
245.79,340.25,429.94,453.57,419.17,394.99,369.79,340.64,322.25,329.57,354.27,383.65
387.0,432.44,413.19,393.98,378.13,373.67,385.86,408.18,414.4,401.48,383.4,361.59
373.45,389.43,353.45,345.54,352.49,388.91,420.99,425.61,417.15,400.83,384.2,364.06
367.74,365.96,329.93,322.66,340.97,390.88,420.57,424.77,416.27,400.5,381.14,344.26
352.15,316.22,301.29,300.48,322.2,377.87,415.15,423.77,418.35,396.0,337.91,253.35
250.46,240.18,273.43,303.58,356.35,427.05,439.69,424.39,398.71,338.19,250.13,169.78
232.57,234.25,264.81,293.57,348.64,410.13,420.85,386.22,290.55,194.17,133.75,117.78
257.42,316.62,379.6,407.08,402.53,370.14,275.36,184.63,122.47,97.41,96.87,135.36
279.13,351.6,413.49,423.11,398.89,319.97,214.85,158.17,123.37,94.06,80.27,97.82
307.33,382.0,413.53,384.44,281.49,193.18,161.61,157.67,135.76,90.99,68.35,87.02
278.92,335.49,365.98,266.77,194.39,163.36,155.38,143.1,115.55,70.17,56.86,80.26
275.49,316.38,325.88,233.21,191.82,175.9,163.74,143.84,113.69,74.51,54.71,72.93
280.11,303.83,296.48,198.85,157.26,154.29,155.78,141.79,119.03,83.78,62.24,70.61
283.49,273.44,251.5,174.3,147.94,143.07,125.23,82.43,50.85,61.26,102.16,143.77
312.56,234.99,165.9,141.35,136.68,125.53,93.51,51.55,44.14,81.82,180.52,237.11
314.55,202.07,133.6,109.74,101.37,65.37,46.88,59.94,116.36,173.64,256.19,374.44
264.66,199.33,146.16,92.26,49.59,46.68,72.78,162.38,241.8,367.6,468.15,477.54
197.17,149.52,107.41,50.76,53.46,136.55,353.93,348.17,415.99,486.98,456.23,396.01
198.93,112.14,48.75,35.77,70.43,161.42,244.02,378.34,481.15,478.41,421.14,349.98
114.38,46.93,36.98,71.99,264.23,510.64,453.92,421.66,361.49,331.22,315.86,309.43
187.35,121.74,112.84,175.61,365.03,410.33,463.3,443.31,379.93,327.43,307.15,296.3
108.19,64.14,78.3,140.3,286.41,408.86,493.46,477.92,402.61,328.14,302.21,281.97
58.15,81.71,220.7,400.33,415.6,462.54,459.49,331.85,293.0,260.05,245.9,247.31
144.43,250.05,316.13,293.4,311.2,337.19,352.76,342.55,306.22,280.73,276.29,279.65
222.25,355.87,430.36,458.6,377.33,304.41,267.49,255.99,260.76,275.05,296.52,326.23
227.53,345.22,434.54,458.68,382.39,302.63,267.43,257.66,264.27,281.52,308.93,342.51
361.35,417.22,395.48,344.58,288.56,268.21,270.43,277.21,285.53,299.34,322.34,337.8
382.2,404.38,333.82,273.78,244.22,244.58,249.83,252.23,255.56,265.36,287.51,320.79
370.68,338.01,274.06,241.04,240.03,247.29,258.05,275.21,298.64,333.67,370.05,371.41
356.06,311.02,267.46,255.54,267.5,292.46,317.97,337.38,355.09,375.45,383.67,330.88
363.88,313.79,268.42,258.7,270.22,299.19,322.85,336.31,349.01,364.26,363.65,288.15
355.01,300.09,261.31,258.73,267.04,289.98,315.19,336.87,360.12,375.25,305.47,198.45
342.34,289.77,259.81,263.01,270.31,294.38,319.71,344.57,370.17,351.66,220.92,139.65
353.82,299.21,269.13,269.35,279.35,311.05,344.36,371.68,339.03,212.8,129.33,94.24
336.87,293.81,280.13,304.62,329.8,364.7,395.55,337.55,213.98,126.88,85.36,64.7
300.66,282.72,284.7,326.23,354.06,393.64,368.68,245.49,146.83,96.93,64.61,62.21
281.15,303.2,327.91,356.99,372.75,357.16,241.38,141.38,77.42,46.53,56.21,134.28
300.36,325.8,344.71,359.19,316.14,223.93,126.2,58.13,38.2,53.57,164.12,316.03
360.91,370.21,331.27,237.9,159.62,85.75,32.88,33.33,117.17,394.64,432.32,463.95
343.54,316.62,243.71,156.83,94.88,41.2,38.71,102.06,250.74,352.68,415.66,474.07
277.28,255.93,225.28,143.26,51.33,26.61,53.33,192.86,433.26,405.13,436.16,450.63
282.4,161.49,94.48,44.46,38.3,85.84,242.52,357.4,424.3,476.14,385.88,322.64
174.46,90.96,49.93,49.43,118.39,260.11,366.52,453.54,475.86,385.63,331.8,307.46
71.34,32.54,42.1,110.15,230.64,338.87,433.18,462.9,369.54,314.09,287.31,268.97
104.3,75.79,76.64,117.17,236.44,344.12,455.25,495.72,452.17,374.29,331.72,308.65
59.17,63.59,151.2,281.65,381.19,478.47,474.43,395.13,319.72,292.42,271.19,266.78
83.69,180.99,328.52,372.42,432.55,450.8,310.63,270.96,239.87,233.77,241.75,250.36
141.17,273.16,371.13,424.01,441.8,335.68,282.68,242.99,225.21,221.85,230.73,243.56
267.29,331.01,408.84,440.73,386.81,318.56,270.46,243.89,244.41,254.55,271.57,287.18
366.68,414.12,415.55,365.8,303.47,265.04,265.14,273.85,285.34,297.63,307.57,313.33
383.55,417.59,383.38,318.19,276.24,269.78,284.3,310.69,338.19,357.0,356.85,339.2
380.3,353.54,297.34,257.86,253.6,266.58,290.85,320.96,348.82,368.99,369.17,348.48
367.59,319.79,274.29,249.96,252.88,267.34,291.89,320.89,346.39,365.24,369.66,359.38
328.16,284.23,258.59,250.36,253.27,266.5,290.53,318.31,342.36,362.98,374.75,370.68
278.42,263.98,259.24,261.78,264.08,276.87,304.22,333.59,359.54,377.79,376.12,358.5
251.18,241.99,262.95,285.55,310.47,328.84,348.73,377.66,390.19,353.47,261.48,167.66
243.76,247.47,286.09,319.08,329.1,333.39,350.82,383.34,390.27,314.39,196.37,120.35
302.04,311.89,334.82,345.47,352.05,363.87,380.12,383.26,309.55,189.93,109.34,67.86
284.75,291.57,325.81,349.18,360.96,376.82,375.64,292.05,176.75,100.97,59.79,45.77
276.15,284.27,319.45,353.2,370.24,360.23,263.04,158.15,92.24,53.78,43.6,62.56
283.38,295.58,335.82,367.68,365.97,284.7,172.42,94.16,50.7,44.7,73.8,187.4
317.72,356.56,382.62,368.73,285.62,171.47,79.87,40.66,42.56,106.67,239.69,348.95
336.26,364.34,371.65,320.57,217.39,136.75,66.35,39.82,55.66,167.7,287.63,371.41
356.4,343.55,260.22,158.76,90.57,41.77,29.02,59.56,203.02,341.98,368.85,428.13
350.73,259.82,150.72,71.76,32.85,35.52,77.07,205.79,285.72,373.66,440.4,471.1
269.56,135.18,65.12,36.23,43.23,96.95,226.17,313.98,409.26,466.29,390.45,321.21
140.73,62.59,21.24,35.07,74.34,221.53,410.15,379.58,400.01,349.15,303.58,272.76
78.79,31.61,37.03,83.55,203.47,306.7,370.67,440.07,444.28,318.16,289.97,266.29
60.83,36.38,69.8,169.78,280.78,363.13,439.63,459.79,326.84,292.72,265.28,253.54
89.74,113.11,193.52,329.03,396.16,462.61,474.77,384.45,329.02,303.82,287.82,286.85
66.15,99.84,226.18,358.9,414.81,481.87,455.35,347.24,308.68,281.58,266.59,272.21
168.11,295.24,381.31,458.37,469.62,383.38,324.04,289.19,280.69,290.21,305.39,312.49
336.48,419.75,438.98,422.46,363.57,312.54,272.57,272.79,289.15,318.15,350.34,381.0
364.66,435.51,426.07,378.28,321.26,270.32,261.33,270.33,287.04,315.34,344.47,370.44
375.5,425.53,389.7,324.68,277.72,270.94,283.47,305.14,338.64,376.28,404.19,394.38
377.65,406.18,344.99,282.58,263.26,272.66,292.6,318.24,350.92,388.45,413.2,395.23
379.81,385.65,306.92,262.02,260.12,271.9,295.11,327.23,365.24,401.55,411.49,381.07
356.87,310.34,265.06,257.95,262.67,276.04,302.78,339.66,376.93,405.63,397.96,350.41
265.21,254.77,251.03,264.61,284.65,308.67,332.86,358.15,389.25,406.92,385.82,316.07
330.29,293.02,265.87,268.34,277.44,295.05,323.66,354.43,382.02,390.65,333.95,248.15
257.99,262.81,286.84,316.56,333.51,347.85,376.9,408.59,402.02,314.85,202.55,132.38
243.1,260.07,302.7,341.13,351.64,368.69,397.1,397.17,312.96,197.9,120.13,84.53
274.54,313.44,345.04,375.16,383.36,388.29,379.43,300.93,189.13,114.66,74.89,57.68
305.14,343.76,357.0,388.96,398.53,360.95,255.82,153.93,101.14,69.31,59.33,80.49
347.18,383.32,385.95,365.16,279.73,175.41,113.38,63.68,46.2,63.37,170.19,292.65
361.49,369.7,333.4,257.46,169.98,101.09,49.98,41.14,67.77,182.45,279.74,380.17
345.28,344.19,286.48,191.18,135.63,99.58,50.56,37.21,73.79,211.76,325.87,391.86
347.31,278.93,175.68,115.3,79.38,44.88,44.25,82.84,202.05,290.18,382.67,451.65
297.38,212.03,138.76,68.22,36.65,47.99,94.82,192.41,287.58,419.98,472.5,470.0
291.34,146.34,77.93,34.03,41.24,81.55,191.39,270.01,391.62,469.14,448.72,352.94
199.32,108.49,47.71,38.17,66.83,164.88,259.61,385.72,477.74,469.63,381.35,332.72
88.55,33.61,32.61,84.64,206.5,297.58,404.03,471.3,415.51,316.59,292.02,271.37
73.01,39.07,65.07,160.28,259.65,367.71,465.83,474.2,386.92,318.47,290.57,269.38
61.07,94.72,230.34,393.01,399.11,449.12,423.79,311.01,279.08,253.02,246.67,250.53
121.07,241.33,336.31,377.82,447.56,424.38,313.01,271.3,236.12,224.86,238.52,256.79
159.96,315.7,391.25,430.53,403.56,308.96,261.94,239.45,241.42,253.97,268.95,280.59
359.12,410.61,420.01,384.71,320.86,269.34,263.0,270.12,279.72,290.06,299.13,305.54
349.86,405.77,414.4,370.76,307.72,268.43,266.78,274.96,286.23,298.78,308.91,314.38
379.81,417.15,391.82,327.46,278.15,268.15,279.08,300.45,326.11,345.28,349.88,338.35
385.57,403.48,345.18,284.51,258.2,259.29,270.0,287.18,311.53,337.87,359.09,363.64
368.2,324.63,277.67,250.53,250.28,259.27,274.64,299.89,329.06,355.06,371.6,362.6
312.63,265.07,247.99,248.2,251.36,261.19,279.81,305.94,335.72,364.53,368.83,314.22
335.42,278.91,251.44,245.9,249.31,260.01,280.16,309.27,336.81,360.25,369.74,324.9
243.29,225.72,227.2,244.13,265.25,295.59,324.5,351.52,369.38,340.98,245.57,159.06
196.18,213.42,250.04,279.47,296.2,336.58,382.51,407.46,373.06,255.14,152.48,99.82
218.95,252.94,282.77,341.16,375.15,399.27,401.66,344.07,220.3,126.91,74.08,50.46
270.09,293.7,350.85,393.22,411.78,399.96,333.51,206.22,118.4,68.28,45.83,47.66
268.41,309.19,370.77,408.92,412.11,359.65,232.74,137.85,83.34,51.17,41.67,55.9
288.6,347.31,400.58,424.07,376.43,252.55,153.93,92.62,53.79,41.81,57.31,144.35
288.74,332.08,375.97,381.39,294.0,186.62,113.11,60.68,43.99,60.07,158.68,264.87
355.69,394.63,382.58,312.29,204.15,128.13,70.62,47.08,61.11,150.88,245.94,350.29
319.28,323.99,263.19,173.02,99.34,44.98,31.79,61.4,194.28,300.7,379.02,449.02
347.24,312.06,214.15,108.64,37.56,31.19,48.06,164.04,267.37,351.49,415.4,469.38
312.33,178.15,99.16,36.37,29.5,59.13,185.01,278.58,359.9,436.64,472.27,375.97
181.41,102.1,47.62,32.7,67.24,176.61,277.68,387.98,473.3,465.06,369.55,328.6
119.41,41.81,28.55,63.24,172.12,270.26,367.24,447.86,460.65,335.8,301.31,273.78
109.24,36.36,44.33,81.65,227.73,410.84,367.95,378.31,339.33,296.53,263.06,247.62
49.48,56.49,162.54,334.36,372.24,439.44,465.01,334.74,294.45,263.66,249.08,249.81
62.48,125.37,295.28,379.84,410.48,464.56,371.11,299.5,264.34,243.11,240.1,244.02
179.27,358.66,398.52,457.65,445.44,349.06,296.5,265.1,257.13,262.93,275.3,286.64
330.44,387.91,425.97,426.84,374.63,321.28,272.45,261.17,266.58,280.2,301.85,325.75
366.89,417.57,416.91,375.67,317.72,271.22,262.54,267.04,277.78,295.07,314.81,329.76
392.43,415.8,377.44,329.93,282.67,266.99,270.92,282.92,303.32,330.66,356.99,373.62
378.69,344.27,287.24,257.43,253.06,261.78,272.99,286.54,306.56,335.01,368.0,382.99
362.28,305.33,262.56,243.72,244.65,255.95,277.79,302.42,328.33,361.16,390.1,347.11
307.9,262.15,249.68,251.87,257.35,272.12,292.54,309.29,328.62,353.77,381.54,389.2
307.35,260.25,244.79,251.1,257.71,275.34,294.46,307.06,321.5,342.78,370.52,370.81
240.63,220.5,221.5,238.46,252.73,289.42,316.29,332.62,346.0,347.96,299.26,213.59
204.25,218.65,234.89,259.01,282.17,328.54,363.94,388.16,387.02,300.2,189.11,125.62
257.04,265.37,297.01,341.44,367.6,385.73,395.35,394.64,326.65,199.21,114.8,75.41
309.88,327.27,347.81,374.36,389.37,400.46,395.11,331.23,203.52,118.69,76.53,60.22
289.99,325.47,354.84,390.71,402.42,382.7,285.12,174.88,101.57,61.19,47.31,60.23
306.25,347.88,375.13,404.04,378.02,274.69,176.5,114.03,66.99,48.35,64.13,160.05
340.09,370.14,384.58,363.93,270.11,172.23,120.9,75.45,54.0,65.96,163.7,270.84
337.92,352.69,323.71,240.83,164.85,103.51,55.92,47.57,73.72,184.99,290.39,393.33
304.94,304.1,252.48,178.82,118.71,64.05,47.36,69.67,174.22,265.37,371.87,447.71
347.59,298.39,195.89,100.99,42.21,36.29,63.05,169.68,252.42,366.48,450.49,473.58
265.48,157.67,90.94,41.15,35.95,68.22,185.62,273.51,375.27,458.32,464.94,368.09
233.75,118.44,51.06,40.55,67.28,178.06,278.63,393.64,478.29,466.96,374.92,330.56
136.94,54.07,26.53,48.73,127.5,267.95,363.47,434.52,449.47,320.01,284.21,256.12
64.32,32.04,60.44,139.74,274.91,368.18,442.23,462.73,331.96,295.29,265.78,252.81
65.46,71.47,128.42,242.67,382.19,488.01,483.51,420.33,335.74,303.89,278.97,270.51
137.61,149.17,216.49,319.76,426.85,491.66,453.64,361.22,322.65,303.16,293.17,293.73
124.14,172.89,248.82,382.17,482.72,497.88,450.83,382.87,342.67,321.53,315.45,315.46
256.44,358.81,430.61,451.24,419.7,381.55,356.18,341.15,342.27,357.13,376.08,382.12
320.05,405.5,434.69,415.48,353.42,315.74,283.11,289.17,322.14,361.96,397.0,402.65
376.37,424.45,399.5,349.45,307.79,278.9,275.3,289.74,322.11,361.35,396.4,405.43
392.82,425.52,384.14,336.43,303.19,282.85,287.24,306.51,332.09,367.36,402.21,402.0
387.58,401.09,336.66,303.53,288.94,299.74,332.91,367.52,383.22,390.9,389.43,318.43
270.57,257.92,264.2,280.59,312.99,372.31,420.42,432.01,413.19,380.46,330.15,255.1
291.94,283.69,287.19,312.78,354.59,403.47,425.86,419.63,387.45,310.71,230.35,163.64
271.28,273.32,292.23,327.12,360.96,396.16,412.99,399.79,333.21,232.11,150.29,132.55
278.45,299.46,349.01,381.85,396.31,399.64,394.32,338.79,233.28,160.02,127.19,117.87
301.46,341.99,383.73,404.02,401.85,395.19,348.39,239.65,170.0,140.46,120.54,107.81
327.03,359.19,381.23,398.2,379.5,307.45,210.21,159.68,148.79,137.14,104.9,82.51
325.3,363.87,377.26,355.93,260.47,177.71,138.46,122.69,107.26,75.42,65.44,107.28
332.41,337.32,294.33,215.57,183.95,165.53,141.87,112.75,78.06,59.73,70.3,152.51
310.92,317.85,278.82,202.96,173.02,158.94,132.94,96.1,67.29,60.84,84.87,186.45
335.26,342.91,292.07,202.68,148.84,110.31,60.1,53.57,76.69,163.38,247.53,361.46
295.15,280.65,228.44,159.06,110.56,69.27,52.81,69.41,131.76,207.53,303.47,412.63
289.51,242.97,183.02,102.3,43.23,38.07,73.84,165.75,236.43,351.04,440.69,458.6
191.3,165.31,146.83,112.26,77.5,71.46,108.5,187.19,290.59,436.89,487.96,462.56
219.31,151.56,99.3,67.39,73.2,138.88,200.1,303.74,434.85,487.82,469.94,446.25
175.79,113.6,68.64,60.95,98.11,167.58,238.18,386.3,489.59,480.98,458.07,444.37
131.85,79.0,50.38,58.44,113.94,185.78,285.11,433.61,498.21,475.54,439.25,380.37
96.12,76.7,67.31,91.65,163.56,257.73,408.16,497.28,472.78,422.92,364.72,326.24
62.2,87.46,169.9,246.58,365.75,481.78,488.5,445.7,388.82,340.92,308.72,288.55
97.01,144.17,211.77,311.17,435.71,499.1,473.27,424.02,376.67,333.47,309.01,293.62
112.87,200.23,304.74,444.55,474.15,427.16,347.08,310.19,291.42,297.51,315.37,330.51
290.62,396.54,436.15,420.16,361.78,349.33,352.15,364.2,380.74,392.99,386.42,359.05
279.66,385.49,433.33,413.92,349.83,335.31,337.78,356.21,380.29,379.25,322.96,249.13
385.74,428.95,408.63,372.1,333.4,319.77,322.84,334.08,330.26,275.01,196.72,152.2
