183.82,170.45,294.13,561.26,752.88,759.2,750.92,742.58,731.04,715.56,700.67,689.28
187.37,355.03,659.47,746.68,741.62,721.41,698.88,679.95,665.9,659.83,657.85,657.29
435.92,648.53,711.67,733.01,723.34,700.65,679.91,669.33,665.76,664.83,664.62,664.58
435.95,642.81,694.46,720.09,715.02,694.24,676.36,668.08,665.43,664.76,664.6,664.57
436.04,644.13,684.49,696.93,689.91,677.27,669.01,665.81,664.87,664.63,664.58,664.57
436.37,645.99,683.55,684.98,664.61,656.88,660.69,663.38,664.27,664.49,664.55,664.56
436.67,647.12,684.37,682.23,651.52,631.51,639.31,654.05,661.62,663.92,664.43,664.53
435.98,643.34,680.61,679.36,646.33,615.08,607.42,626.18,648.59,660.01,663.64,664.4
435.98,642.37,680.15,678.44,644.95,609.94,587.28,582.62,605.72,637.89,656.08,662.72
434.14,648.71,683.91,680.41,646.11,610.01,582.34,556.95,532.68,523.96,549.7,607.36
428.2,660.81,689.76,682.81,647.49,610.74,581.91,551.62,500.77,417.46,330.69,293.36
426.9,663.52,690.85,683.11,647.65,610.82,581.87,551.05,496.06,397.32,293.97,269.61
426.74,664.03,690.69,682.51,647.1,610.37,581.45,550.39,494.19,391.64,279.72,255.94
426.69,664.58,690.76,682.74,647.31,610.58,581.71,550.74,494.8,392.11,277.31,250.55
425.31,657.03,682.84,674.02,640.06,605.08,577.06,543.91,480.31,370.93,263.35,247.4
424.65,655.59,679.23,668.36,635.25,601.63,573.97,538.92,469.81,356.67,256.61,245.1
422.31,645.95,660.86,628.91,591.8,559.58,513.11,421.05,302.03,240.25,244.34,272.4
405.5,577.08,629.8,604.99,540.55,446.21,321.92,236.48,230.21,251.97,316.32,477.41
349.38,271.31,182.83,172.31,193.81,234.48,338.21,570.65,709.69,715.26,711.77,707.36
351.74,277.96,170.3,153.91,182.73,233.14,364.01,607.92,711.41,715.15,711.15,706.81
338.25,258.56,162.36,144.54,180.67,283.43,516.19,705.11,714.16,713.83,710.2,706.18
295.82,213.94,163.09,174.44,259.25,491.06,713.64,729.07,725.95,721.68,716.56,704.61
289.02,203.8,169.1,219.62,425.02,691.92,735.69,735.12,733.51,725.19,709.46,693.85
178.43,138.21,204.94,425.86,721.4,755.86,752.51,750.19,746.11,740.54,730.39,715.7
95.78,106.71,226.31,519.93,752.41,762.92,758.05,752.9,748.85,743.04,732.23,718.9
199.11,437.36,704.35,743.89,734.37,712.76,693.48,680.09,666.46,658.33,655.4,654.55
303.03,568.31,727.67,747.84,739.76,728.2,716.89,705.77,692.25,677.41,668.98,665.78
401.41,629.88,719.51,739.66,735.31,725.21,714.26,703.01,688.66,674.84,667.82,665.28
431.77,634.22,709.93,732.55,724.78,703.24,681.68,669.9,665.72,664.61,664.36,664.3
432.52,633.33,696.25,716.93,713.21,694.99,677.06,668.22,665.28,664.51,664.33,664.3
434.82,656.06,691.17,694.26,680.42,669.98,666.06,664.78,664.41,664.31,664.29,664.29
434.69,653.71,689.32,685.63,657.47,642.14,649.55,658.92,662.86,663.97,664.22,664.28
433.55,651.54,687.96,683.62,649.6,618.19,611.24,630.97,651.35,660.87,663.62,664.17
428.63,635.18,670.05,668.14,637.16,603.91,580.43,571.07,589.04,625.97,651.03,661.06
426.41,623.86,630.42,593.31,536.96,457.48,339.79,247.36,242.72,284.94,389.63,591.11
425.75,622.63,630.16,587.0,495.13,362.38,245.02,229.67,252.22,320.01,491.29,689.4
424.63,620.51,624.21,578.7,479.64,337.61,229.41,226.24,248.24,327.64,520.64,702.9
421.61,606.85,610.01,561.62,451.18,300.03,213.5,226.6,250.08,336.06,543.18,710.48
420.86,601.02,600.92,549.25,430.79,275.02,206.02,222.44,238.71,296.06,482.36,701.62
419.47,590.37,585.96,527.62,393.94,235.7,202.79,215.72,222.43,240.69,353.3,596.46
417.52,575.41,570.47,506.36,360.87,212.2,204.35,210.21,208.56,216.19,251.54,373.57
417.77,568.38,557.67,480.73,323.18,193.38,199.68,198.57,204.04,230.81,318.35,530.78
400.86,423.93,281.59,180.29,189.43,195.88,207.9,227.17,267.66,395.61,617.33,698.24
379.85,343.45,213.74,184.51,197.89,217.06,240.18,283.72,399.46,605.23,696.96,708.75
240.33,165.75,144.44,185.79,273.31,451.14,666.85,703.36,715.22,719.21,715.88,705.36
244.75,164.41,134.92,172.25,231.64,373.96,605.27,693.25,703.46,715.11,715.9,707.34
172.25,125.33,175.79,390.31,671.91,735.21,746.65,752.17,749.49,745.59,740.78,731.64
118.89,106.75,222.12,468.87,730.25,757.89,757.72,754.95,751.51,747.89,741.41,729.74
113.49,151.1,434.77,694.76,742.89,750.09,746.44,740.28,734.18,725.99,711.58,694.54
256.14,279.66,554.96,743.18,759.16,751.7,736.94,724.1,710.61,693.01,677.21,669.51
375.34,604.26,731.15,746.63,738.99,727.48,714.64,698.51,680.75,670.31,666.3,665.07
374.05,616.17,736.26,750.07,740.54,728.42,715.32,698.79,680.76,670.29,666.29,665.07
440.56,654.2,716.65,734.97,725.28,702.75,681.26,669.91,665.98,664.94,664.7,664.65
441.44,657.19,704.28,724.24,717.73,696.41,677.54,668.54,665.61,664.85,664.68,664.64
441.44,654.58,693.43,704.41,697.56,682.39,671.12,666.49,665.09,664.74,664.65,664.64
441.44,654.2,689.9,690.12,671.23,662.53,663.24,664.2,664.53,664.61,664.63,664.63
441.33,654.32,689.33,685.57,655.55,638.44,646.65,657.82,662.82,664.24,664.56,664.62
441.28,654.04,689.17,684.74,650.48,620.21,616.49,636.17,654.01,661.92,664.1,664.54
432.02,661.88,692.12,685.96,650.55,613.59,587.61,577.22,593.44,627.97,651.74,661.42
428.76,657.82,686.88,680.15,645.17,608.89,580.8,553.47,521.34,491.97,479.17,504.35
426.92,648.06,659.95,626.02,585.65,549.32,492.56,389.5,277.81,253.98,278.49,342.73
426.55,647.05,656.54,612.92,543.49,447.22,325.16,241.76,241.92,280.83,379.2,574.58
424.71,643.31,653.77,609.47,530.94,413.75,288.13,230.44,243.23,295.95,420.3,632.32
423.28,566.51,577.21,533.22,413.03,259.38,216.8,234.61,284.48,428.48,655.58,711.21
418.28,446.43,315.81,191.67,194.11,216.35,256.46,349.84,548.39,707.17,713.28,708.9
422.4,472.27,372.92,224.19,197.8,212.38,235.52,296.02,471.89,694.34,716.37,712.49
419.92,452.2,327.02,193.73,193.19,217.54,307.32,530.92,708.87,716.69,712.64,707.69
412.31,427.91,285.09,183.75,196.32,247.2,423.85,647.59,712.26,718.36,715.55,711.18
405.46,410.22,264.1,183.46,204.15,286.03,499.19,681.9,707.56,717.05,714.71,711.08
305.48,226.48,178.66,197.5,310.38,541.65,701.59,719.37,727.84,723.2,709.21,694.04
130.24,118.36,217.93,465.49,724.44,752.31,755.51,755.49,751.9,748.09,742.53,731.93
140.29,145.98,397.86,680.04,758.67,762.46,756.57,750.95,747.05,743.78,738.84,728.5
226.82,263.87,543.44,735.34,757.05,754.92,741.79,729.74,718.84,708.73,697.44,682.78
298.03,606.08,735.86,746.49,738.08,724.19,709.54,698.2,691.08,683.39,671.56,663.51
437.27,641.6,712.33,733.87,724.12,701.43,680.4,669.55,665.86,664.89,664.67,664.62
438.71,644.95,697.08,721.84,715.54,694.15,676.26,668.06,665.46,664.8,664.65,664.62
438.74,642.98,685.04,699.92,694.09,679.82,669.99,666.12,664.98,664.69,664.63,664.61
438.54,639.94,680.59,685.39,668.56,661.69,663.05,664.14,664.49,664.58,664.6,664.61
438.71,641.57,680.38,680.03,652.03,637.48,647.16,658.2,662.95,664.25,664.54,664.6
438.55,640.03,679.85,679.42,646.89,618.51,617.31,637.76,654.88,662.2,664.14,664.53
437.59,639.99,680.4,680.52,646.96,611.93,591.92,595.47,623.14,648.44,660.16,663.75
430.74,652.29,688.46,684.04,648.99,611.94,583.22,557.21,530.44,514.31,527.1,581.69
429.91,660.22,689.88,683.53,648.14,611.07,581.84,551.44,500.72,418.37,332.82,294.94
429.84,653.04,690.23,685.72,650.46,613.03,583.33,552.88,499.84,403.47,300.46,271.57
427.89,654.75,681.39,673.14,639.27,604.39,576.33,542.68,477.61,367.68,265.91,255.59
428.76,660.94,687.59,680.15,645.08,608.8,580.23,548.51,489.76,384.44,271.95,250.97
434.84,609.23,619.79,597.65,567.04,526.05,442.92,320.23,238.44,238.94,270.74,350.32
430.03,588.61,591.08,542.24,432.15,289.76,213.4,228.64,281.09,433.22,665.32,714.41
431.16,586.18,584.31,528.65,398.84,247.71,213.16,235.05,295.7,465.13,689.72,713.5
422.88,478.86,382.26,231.42,198.05,205.66,247.75,402.67,647.29,716.99,714.1,708.58
416.84,447.18,316.35,189.91,194.34,224.88,324.95,554.63,709.37,714.37,710.35,706.27
414.05,434.35,292.2,184.1,193.9,239.53,404.38,638.91,713.66,714.32,709.65,705.74
414.52,435.03,293.99,185.62,200.4,283.82,505.53,700.54,715.61,712.96,708.5,705.2
383.1,358.05,224.31,192.66,271.52,501.48,708.78,718.47,713.95,709.72,704.76,693.76
339.12,264.87,202.22,238.44,451.7,712.57,737.4,734.6,732.02,722.69,706.93,691.89
275.36,228.28,270.99,457.87,725.85,743.05,743.29,741.76,734.0,719.61,701.88,687.22
241.46,209.34,288.4,530.43,745.86,748.63,740.3,726.21,706.7,688.64,677.5,672.93
331.02,523.15,716.76,745.69,738.93,723.51,701.37,680.57,669.8,666.04,665.02,664.78
436.28,649.09,712.95,733.22,723.98,701.49,680.46,669.6,665.89,664.92,664.69,664.65
435.61,636.87,699.9,723.44,718.2,697.45,678.21,668.8,665.69,664.87,664.68,664.65
440.09,651.17,692.18,702.36,694.61,680.47,670.37,666.28,665.04,664.72,664.65,664.64
440.11,650.3,689.11,689.49,669.52,660.66,662.35,663.93,664.46,664.59,664.63,664.63
440.26,650.5,688.6,685.47,654.97,636.68,644.66,656.83,662.53,664.17,664.54,664.62
436.91,643.08,685.94,684.48,650.85,621.02,618.04,637.78,654.82,662.17,664.15,664.55
436.01,637.06,685.73,685.56,651.15,615.46,595.74,601.37,628.73,651.25,661.15,663.98
436.76,642.04,685.51,684.31,649.69,612.83,585.66,568.35,570.91,603.5,638.89,656.75
435.48,633.46,686.14,686.68,652.04,614.64,585.5,558.55,526.58,494.09,473.91,485.27
436.56,640.65,685.13,684.47,649.95,612.79,583.49,553.5,503.84,421.13,333.2,292.7
436.57,640.6,685.13,684.49,649.97,612.8,583.46,553.02,499.76,403.21,300.2,271.58
436.62,641.14,685.17,684.36,649.81,612.65,583.29,552.71,498.56,398.19,286.07,258.13
438.54,647.13,687.3,684.31,649.24,612.25,583.3,552.71,498.28,397.12,281.53,251.52
437.2,644.55,686.3,684.09,649.18,612.23,583.3,552.71,498.26,397.01,280.85,248.04
436.22,631.0,671.29,671.56,639.72,605.46,577.9,544.83,481.71,372.7,264.27,244.71
435.18,618.76,633.38,613.41,584.42,553.62,501.77,402.43,284.49,236.6,244.06,275.79
431.47,603.98,610.92,564.26,459.52,321.89,231.6,228.71,249.17,330.32,523.63,702.98
429.95,596.9,603.13,555.74,453.15,321.43,232.59,229.74,251.87,337.43,534.69,704.23
419.41,479.8,394.78,257.29,211.44,236.19,355.15,600.27,716.87,712.89,706.45,701.38
365.19,319.93,216.35,206.24,315.22,577.49,724.26,723.93,719.72,710.06,695.76,684.11
347.44,294.84,227.66,258.28,472.63,723.37,738.02,735.32,733.13,724.02,708.09,692.71
260.38,240.35,305.82,505.87,740.84,749.62,743.54,735.98,722.97,703.08,684.13,673.62
300.53,388.17,635.73,750.93,757.16,744.74,728.14,711.24,690.63,674.85,667.89,665.61
377.21,625.01,726.58,742.26,736.65,725.36,710.95,691.91,675.74,668.17,665.6,664.87
436.51,651.19,714.24,733.72,724.26,701.71,680.59,669.65,665.9,664.92,664.69,664.65
441.42,656.96,703.91,723.6,717.31,696.15,677.42,668.5,665.6,664.85,664.68,664.64
440.09,651.07,692.67,703.95,696.94,682.02,670.99,666.46,665.08,664.73,664.66,664.64
439.46,649.18,688.86,690.12,671.32,662.54,663.23,664.2,664.52,664.61,664.63,664.63
440.82,652.07,689.07,685.67,655.57,638.19,646.31,657.65,662.77,664.23,664.55,664.62
436.88,642.04,685.59,684.6,651.24,621.96,619.95,639.61,655.71,662.44,664.21,664.56
440.38,650.91,688.63,684.64,649.57,613.92,593.82,597.98,625.42,649.58,660.57,663.86
437.61,645.56,686.79,684.3,649.36,612.66,585.95,569.41,573.78,607.29,641.1,657.6
437.21,644.23,686.33,684.29,649.43,612.44,583.79,556.49,523.16,488.09,463.41,467.73
436.94,642.56,685.74,684.37,649.67,612.55,583.35,553.36,503.85,422.02,335.1,294.01
436.87,642.1,685.57,684.4,649.76,612.61,583.29,552.8,499.36,402.87,300.47,272.35
437.76,645.91,686.91,684.31,649.31,612.31,583.36,552.8,498.57,398.18,286.0,258.03
440.32,650.71,688.56,684.59,649.35,612.31,583.31,552.73,498.33,397.19,281.51,251.28
437.81,645.78,686.77,684.19,649.2,612.23,583.31,552.72,498.27,397.03,280.86,248.06
435.22,623.9,657.3,655.56,627.05,596.77,569.62,531.13,453.71,336.76,249.67,246.4
433.03,610.47,619.68,584.32,528.12,442.27,321.02,237.24,234.35,262.15,338.69,513.65
429.69,589.49,593.59,541.15,424.74,284.9,221.34,236.1,284.62,424.4,649.49,709.77
422.91,463.83,348.6,208.11,205.73,236.74,366.76,617.65,717.82,714.23,708.65,704.51
415.34,438.22,306.55,194.78,210.13,285.79,494.46,709.53,716.65,711.1,706.3,703.2
406.77,422.98,291.23,198.89,240.69,420.13,673.16,719.31,714.3,709.46,705.6,696.3
297.72,228.03,209.75,290.3,545.42,736.17,739.18,738.07,727.91,711.3,695.2,683.53
129.57,147.14,341.54,652.04,761.72,762.87,753.28,744.48,732.65,717.83,703.74,692.52
200.65,268.03,545.82,743.1,760.92,753.69,739.27,726.38,711.01,691.32,677.0,670.77
289.16,494.68,723.67,750.28,745.22,733.43,722.02,710.44,696.06,680.13,670.89,667.32
428.08,620.08,711.26,735.14,726.09,703.76,681.93,670.18,666.05,664.95,664.7,664.64
439.39,647.96,700.16,723.63,717.15,695.64,677.09,668.36,665.56,664.84,664.67,664.64
439.47,645.83,688.54,702.84,696.9,681.73,670.78,666.38,665.06,664.72,664.65,664.63
439.27,642.83,683.89,688.23,670.94,662.93,663.48,664.28,664.54,664.61,664.63,664.63
439.54,646.29,684.17,682.76,654.04,638.63,647.6,658.34,662.99,664.28,664.56,664.62
439.56,645.99,684.28,682.18,648.83,619.77,617.8,637.81,654.86,662.2,664.16,664.55
439.01,648.0,685.16,682.19,647.71,612.54,592.59,595.99,623.45,648.57,660.21,663.78
432.84,659.1,689.83,684.05,648.65,611.78,583.55,558.07,533.46,523.46,546.95,604.14
430.86,662.6,691.04,684.19,648.62,611.62,582.72,552.63,503.03,422.69,337.97,296.7
430.02,649.73,690.41,687.28,652.09,614.48,584.67,554.6,503.14,408.66,305.43,272.3
428.69,640.91,689.16,687.66,652.54,614.84,584.88,554.78,502.92,404.88,291.34,257.89
419.76,624.75,684.05,686.04,651.62,614.06,584.02,553.59,500.55,400.66,284.4,251.15
427.76,645.28,682.55,677.91,643.94,607.94,579.32,547.14,486.82,380.04,268.55,247.89
427.64,652.87,679.21,670.19,636.84,602.68,574.83,540.2,472.21,359.72,257.98,245.52
431.42,586.8,585.88,535.33,421.44,274.92,207.06,224.15,277.03,432.26,667.25,716.21
429.98,576.98,572.48,511.15,366.38,218.16,212.57,243.94,326.77,529.82,710.96,714.32
429.16,571.79,566.91,504.02,355.95,210.49,211.82,242.27,327.78,536.98,710.14,714.57
415.11,436.66,296.75,187.21,199.17,232.99,357.05,597.89,713.2,714.56,709.77,705.73
406.95,417.9,271.3,183.19,206.66,309.7,543.73,704.32,714.28,713.03,709.64,701.15
269.3,191.25,169.73,234.53,425.55,666.38,727.32,734.76,734.02,725.63,710.06,694.5
251.87,164.9,152.76,232.67,449.17,693.94,731.68,737.36,737.95,731.49,716.1,699.48
79.47,93.48,221.3,527.52,752.75,766.23,759.74,753.14,748.54,742.29,730.93,717.18
90.45,174.91,486.51,723.33,755.72,750.32,735.24,721.06,703.91,685.38,674.83,670.95
322.76,562.86,730.46,750.14,742.1,730.43,717.83,701.57,683.06,671.84,667.46,666.12
440.43,658.23,716.43,734.28,724.47,701.84,680.66,669.67,665.91,664.92,664.69,664.64
439.62,642.7,702.62,725.23,719.57,698.58,678.85,669.03,665.74,664.88,664.68,664.64
440.74,652.9,692.82,703.51,696.35,681.61,670.81,666.4,665.07,664.73,664.65,664.63
440.77,653.73,689.69,689.58,669.96,661.23,662.63,664.01,664.47,664.59,664.62,664.63
440.77,653.68,689.08,685.35,654.93,636.92,645.0,657.01,662.58,664.18,664.54,664.61
440.77,652.94,688.91,684.64,650.31,619.38,614.27,633.77,652.77,661.51,664.01,664.52
440.64,653.04,688.7,684.33,649.27,613.49,592.25,593.64,620.32,646.79,659.55,663.63
437.35,636.97,673.68,672.65,640.42,606.2,580.42,559.69,553.06,578.88,623.06,650.4
440.36,651.53,688.03,684.01,648.89,612.03,583.44,554.81,514.24,458.42,399.23,357.21
432.44,665.18,692.88,685.74,650.03,612.71,583.39,552.93,499.59,402.96,299.96,271.53
432.06,667.15,693.52,685.72,649.9,612.63,583.4,552.87,498.82,398.46,285.6,257.15
431.37,662.96,692.27,685.87,650.4,612.95,583.26,552.64,498.49,397.47,281.68,251.04
431.17,661.18,692.13,686.07,650.65,613.19,583.54,553.02,499.21,398.5,282.02,246.85
429.13,648.2,675.19,665.4,632.91,599.78,571.99,535.57,462.75,347.62,253.15,245.82
431.92,598.45,602.85,555.45,448.49,307.29,221.05,230.51,273.38,403.36,629.5,711.38
423.25,510.64,456.97,322.09,192.09,201.43,211.72,272.12,458.52,689.57,716.76,712.28
377.83,346.42,210.95,179.09,192.2,218.93,289.71,476.8,684.64,708.25,714.1,710.97
322.44,245.77,168.46,166.26,218.97,355.15,588.91,702.0,712.23,711.87,708.82,699.88
371.52,336.63,200.41,174.25,218.44,370.58,615.04,712.84,715.3,711.49,707.54,697.81
324.7,247.67,174.13,188.4,337.19,602.54,722.13,726.78,723.7,714.0,699.23,686.37
247.16,165.57,166.45,278.41,536.06,719.93,735.34,742.29,737.27,723.25,706.08,690.97
172.89,125.07,172.13,348.61,662.04,754.2,752.93,751.07,747.21,742.32,733.59,719.75
102.9,130.28,289.46,597.64,758.55,762.62,754.9,748.93,743.4,733.92,719.62,705.31
293.81,469.22,714.42,752.66,750.79,737.0,724.66,713.12,699.81,683.49,672.42,667.82
335.4,559.74,729.11,749.54,741.57,729.94,718.7,708.68,699.6,687.41,674.86,668.34
336.64,557.99,728.65,749.62,741.56,729.92,718.74,709.11,702.01,695.59,684.67,673.44
389.35,621.36,719.77,740.61,736.12,725.79,715.02,706.1,699.75,692.79,680.92,671.12
434.62,663.97,715.87,733.48,723.69,700.97,680.11,669.45,665.85,664.9,664.69,664.64
434.63,655.4,700.7,719.45,714.15,693.66,676.11,668.04,665.48,664.82,664.67,664.64
434.59,653.43,691.69,697.8,687.68,675.85,668.59,665.77,664.91,664.69,664.65,664.64
432.79,658.55,691.87,687.81,663.07,652.46,657.93,662.47,664.09,664.51,664.61,664.63
430.27,665.14,693.83,686.3,652.84,627.5,630.94,648.44,659.56,663.49,664.41,664.59
425.02,671.05,695.81,686.59,650.96,615.98,599.37,609.62,636.4,654.92,662.33,664.21
421.26,662.28,690.49,681.81,646.64,610.61,583.92,563.26,556.48,581.54,624.26,650.8
418.89,651.17,670.65,646.86,614.73,586.04,556.68,507.45,416.32,313.84,274.73,304.29
418.15,641.09,662.26,621.45,564.51,501.04,399.8,282.16,240.32,252.75,305.99,430.96
414.32,638.7,651.67,605.58,521.04,392.7,262.46,226.48,244.08,301.39,436.39,650.53
412.82,631.31,646.46,601.34,513.54,378.21,241.05,212.14,231.81,262.85,356.28,569.5
412.78,628.99,645.59,601.03,513.18,377.72,240.68,211.77,231.05,259.52,345.8,554.81
403.14,576.9,615.78,581.72,488.15,343.53,221.59,214.87,227.74,269.07,425.67,663.61
356.36,285.92,184.41,169.95,194.04,222.36,252.09,310.87,451.89,643.51,689.48,703.39
329.85,257.56,178.73,179.34,240.13,374.86,582.73,688.62,692.99,701.57,706.51,700.04
312.98,238.37,176.23,184.61,261.43,438.06,642.78,697.29,703.45,708.66,707.99,699.99
321.57,246.31,177.28,183.21,258.37,440.23,646.87,698.8,707.73,712.96,711.77,703.23
326.21,250.27,177.61,182.56,263.23,467.13,677.13,702.32,708.43,711.18,709.14,700.24
290.48,214.24,181.92,220.58,357.85,605.24,710.22,715.42,719.7,713.35,699.37,686.55
174.15,146.5,255.16,526.02,734.18,753.41,753.05,748.42,744.39,739.62,730.39,716.01
66.97,168.64,503.83,716.39,742.5,737.17,717.78,700.23,684.88,670.23,662.41,659.68
222.3,381.87,677.97,750.48,757.19,744.52,726.11,707.53,686.37,671.42,665.22,663.26
342.96,594.2,736.95,751.37,741.18,728.55,714.16,695.02,677.49,668.81,665.78,664.93
411.02,628.54,720.02,739.74,735.06,723.59,707.72,687.57,673.19,667.11,665.18,664.67
440.41,658.28,714.0,732.58,723.34,700.96,680.12,669.4,665.74,664.79,664.57,664.53
441.54,655.81,700.71,719.39,714.17,694.1,676.36,668.06,665.4,664.71,664.56,664.52
441.64,654.56,691.55,697.86,687.13,675.33,668.33,665.61,664.78,664.57,664.53,664.52
441.63,654.28,689.47,687.1,661.88,650.35,656.43,661.84,663.83,664.37,664.49,664.51
441.5,651.94,688.7,684.88,651.51,624.62,626.17,645.1,658.17,663.06,664.24,664.47
440.45,648.1,686.55,683.5,648.87,614.05,597.06,607.32,634.88,654.26,662.09,664.09
437.72,637.18,674.99,674.38,641.85,607.22,582.25,567.66,576.37,612.41,644.23,658.77
436.87,629.3,666.78,667.19,636.56,603.2,576.25,546.45,505.14,455.52,409.67,386.82
436.81,629.76,664.7,664.04,633.95,601.41,574.27,540.16,477.08,382.58,299.17,293.65
436.64,630.3,661.02,658.96,629.81,598.6,571.52,534.93,462.44,351.06,268.16,271.11
435.83,620.18,634.34,612.73,582.18,549.83,494.26,391.07,275.13,244.96,260.23,307.92
435.67,620.72,627.05,591.61,536.91,457.45,337.84,243.36,236.87,268.02,348.9,526.3
435.24,615.46,619.17,577.08,490.69,366.79,248.85,226.56,247.26,307.2,460.28,673.98
434.83,608.52,611.22,568.08,467.57,315.6,214.85,224.64,262.43,382.47,609.82,713.82
423.83,557.62,549.91,484.27,338.16,200.52,211.12,231.55,305.3,513.11,712.76,715.4
390.45,383.38,236.67,183.64,212.1,311.41,531.25,699.15,712.84,713.58,710.54,704.03
243.98,169.91,152.71,203.19,327.35,553.08,698.67,716.74,731.5,729.3,714.49,697.93
226.72,150.79,151.88,237.29,455.71,682.4,721.71,737.96,744.19,742.17,731.93,715.69
136.71,134.52,360.7,646.03,747.35,759.89,756.7,751.34,746.37,738.52,725.63,711.49
225.4,214.0,437.73,686.16,744.13,751.98,742.8,731.74,719.58,702.57,683.64,672.43
234.46,310.91,612.87,746.82,760.55,753.05,738.09,725.84,714.99,704.02,689.6,676.12
437.26,650.69,714.03,734.58,732.61,713.81,689.8,673.73,667.13,665.22,664.76,664.66
441.54,656.29,704.31,724.39,717.92,696.62,677.67,668.58,665.62,664.85,664.68,664.64
441.58,654.04,693.59,704.58,697.71,682.52,671.18,666.52,665.1,664.74,664.66,664.64
441.57,653.39,690.05,690.42,671.46,662.62,663.26,664.21,664.53,664.61,664.63,664.63
441.63,654.45,689.6,685.81,655.79,638.66,646.8,657.88,662.84,664.24,664.56,664.62
441.46,654.65,689.62,684.98,650.63,620.19,616.15,635.79,653.82,661.86,664.09,664.54
440.95,654.71,689.87,685.0,649.74,613.83,592.58,594.25,620.99,647.16,659.69,663.66
432.36,655.72,692.74,688.57,653.2,615.46,585.98,560.36,535.23,522.42,540.92,596.44
432.4,666.3,693.34,686.04,650.32,612.89,583.41,553.48,504.59,424.36,338.7,295.91
432.5,668.29,694.27,685.82,649.9,612.55,583.16,552.6,498.91,401.84,298.86,271.33
432.32,661.55,692.85,686.73,651.25,613.7,583.95,553.55,500.38,400.87,287.65,257.33
432.07,655.47,692.75,688.61,653.23,615.41,585.35,555.36,504.01,406.03,289.14,251.15
432.28,668.34,694.2,685.79,649.88,612.54,583.17,552.52,498.05,396.7,280.52,247.07
435.82,626.81,644.42,629.9,602.46,575.69,542.2,476.67,365.57,260.51,245.09,264.07
431.68,578.75,584.58,529.82,407.93,266.93,221.54,240.31,298.27,453.0,673.22,707.95
416.04,446.12,321.05,196.8,200.51,215.68,271.61,456.33,690.75,717.38,712.89,707.39
424.27,478.93,388.49,242.05,204.35,249.36,419.8,668.31,718.46,713.41,707.94,704.07
421.98,457.85,338.14,199.23,198.99,258.17,462.69,689.97,717.24,713.24,708.06,704.27
415.29,434.19,296.07,186.97,202.25,293.19,520.33,705.37,715.96,712.74,708.75,704.33
369.32,329.21,204.85,188.99,279.41,515.59,711.66,718.68,714.4,710.46,703.27,691.11
317.89,239.99,195.32,245.59,468.31,720.47,737.74,735.27,733.13,724.28,708.51,693.15
279.49,240.81,284.5,473.61,732.74,744.21,742.55,739.7,730.6,714.43,695.39,681.42
249.96,239.72,396.4,669.31,755.35,750.56,735.09,717.92,695.87,677.65,669.09,666.24
364.46,606.68,732.9,747.87,738.7,724.39,704.15,682.81,670.77,666.33,665.05,664.74
435.54,646.75,714.73,734.28,724.78,702.25,680.94,669.79,665.94,664.93,664.7,664.65
436.54,643.2,701.24,724.58,718.72,697.6,678.26,668.8,665.68,664.87,664.68,664.64
437.97,647.03,691.75,704.99,698.66,683.17,671.44,666.59,665.12,664.74,664.66,664.64
441.18,653.02,689.99,690.27,671.26,662.44,663.18,664.18,664.52,664.61,664.63,664.63
441.65,654.32,689.64,685.76,655.67,638.42,646.55,657.76,662.8,664.23,664.56,664.62
436.73,641.41,685.37,684.69,651.47,622.47,620.89,640.46,656.11,662.56,664.23,664.56
436.81,641.81,685.48,684.45,650.08,614.72,596.2,604.14,631.77,652.78,661.67,664.08
436.68,640.82,685.3,684.56,650.05,613.19,586.29,570.87,577.84,612.18,643.81,658.62
436.64,640.76,685.24,684.54,650.02,612.89,583.98,556.96,525.2,494.39,477.95,496.12
436.96,643.14,685.95,684.29,649.52,612.45,583.36,553.39,503.98,422.55,335.98,294.51
433.19,626.4,685.26,687.68,653.18,615.54,585.78,556.09,506.22,414.5,312.69,275.16
436.78,641.84,685.47,684.37,649.75,612.59,583.26,552.68,498.49,398.19,286.53,258.76
437.12,644.16,686.29,684.24,649.37,612.35,583.32,552.74,498.37,397.3,281.93,252.3
438.47,647.11,687.33,684.34,649.26,612.27,583.32,552.73,498.32,397.09,280.91,248.01
440.7,651.02,688.19,684.15,648.96,612.01,583.1,552.43,497.69,396.11,279.97,244.12
433.96,616.57,638.77,628.76,602.91,576.74,543.89,480.13,370.38,262.86,239.71,253.28
428.48,584.56,589.68,537.0,421.36,284.22,221.97,236.95,286.7,428.55,653.24,709.5
429.3,577.65,580.94,525.57,408.4,274.01,221.71,238.69,293.8,444.66,667.66,709.13
417.81,452.88,335.06,207.35,213.99,276.52,472.16,701.95,717.13,711.5,706.33,702.89
348.04,278.03,194.83,200.64,334.07,605.12,727.0,726.2,721.87,711.89,697.27,685.05
306.67,239.94,218.54,298.87,558.52,736.74,740.1,737.9,725.71,708.72,693.07,682.31
250.14,222.09,284.87,485.31,740.37,750.75,745.39,740.47,730.48,713.77,694.75,681.07
188.76,382.9,669.45,748.8,740.75,719.53,696.58,677.26,664.75,659.87,658.37,657.97
314.98,587.95,733.29,750.76,742.21,730.56,718.01,701.57,683.0,671.86,667.54,666.23
440.5,657.94,717.73,734.91,725.01,702.46,681.07,669.78,665.88,664.85,664.61,664.57
441.19,656.22,703.87,723.75,717.51,696.42,677.56,668.49,665.54,664.77,664.6,664.56
441.2,653.18,693.06,703.82,696.69,681.9,670.91,666.38,665.0,664.65,664.57,664.56
441.18,651.7,689.45,689.92,670.54,661.49,662.66,663.96,664.4,664.52,664.55,664.55
441.07,648.49,687.77,685.81,655.9,637.67,645.23,657.05,662.52,664.1,664.46,664.54
440.62,644.03,687.87,686.23,652.35,621.35,616.19,635.52,653.63,661.75,664.0,664.45
441.2,653.57,689.06,684.55,649.44,613.6,592.46,594.91,622.07,647.79,659.9,663.65
441.12,653.18,688.87,684.48,649.26,612.39,584.77,565.03,560.93,588.49,629.22,652.88
439.12,654.38,689.6,685.11,649.82,612.57,583.19,554.17,511.0,446.26,375.02,325.49
432.03,655.5,692.37,688.16,652.86,615.08,584.78,554.88,504.81,411.69,307.83,271.71
431.83,663.74,692.42,685.89,650.44,612.93,582.89,552.34,499.12,399.51,286.42,256.85
431.78,661.77,692.44,686.29,650.88,613.34,583.27,552.85,500.08,400.5,284.26,250.7
431.52,668.1,693.51,685.57,649.77,612.45,582.9,552.47,498.99,398.68,282.19,246.45
430.89,667.34,692.98,685.11,649.33,612.1,582.7,552.18,498.21,397.4,281.03,243.17
429.05,646.27,662.39,641.71,610.6,582.33,551.81,497.1,395.41,279.23,239.2,249.76
431.95,596.7,593.57,545.05,437.98,292.73,207.93,222.73,272.45,421.65,658.05,716.31
419.94,488.19,406.22,259.25,197.63,206.35,252.67,418.84,664.57,717.81,713.78,708.16
417.28,453.23,329.32,194.95,199.56,233.65,361.73,611.87,717.17,714.42,709.04,705.05
404.97,417.27,273.54,185.37,208.35,308.63,548.12,711.38,715.48,712.63,709.07,700.85
358.0,311.72,195.85,185.51,283.64,524.4,713.34,719.33,715.41,711.14,701.21,688.63
240.91,179.32,215.21,394.95,672.12,742.3,745.25,744.01,737.05,724.16,707.21,691.87
116.51,98.58,180.08,433.73,726.76,760.48,757.63,754.88,751.4,747.34,739.85,727.56
126.7,152.71,414.68,706.59,763.67,761.29,750.59,743.03,735.39,722.59,705.37,690.67
326.05,534.42,724.01,746.82,741.04,729.64,717.17,701.92,683.78,671.87,667.03,665.5
438.97,653.48,713.99,733.49,723.61,700.86,680.04,669.43,665.84,664.9,664.69,664.65
438.58,640.96,701.26,725.44,719.48,698.19,678.58,668.92,665.71,664.88,664.68,664.64
438.66,643.37,685.84,700.33,694.3,679.97,670.07,666.16,665.01,664.71,664.65,664.64
438.67,643.41,682.06,685.16,667.67,660.94,662.75,664.07,664.49,664.6,664.63,664.63
439.0,645.22,683.09,681.68,652.8,637.07,646.33,657.77,662.83,664.25,664.56,664.62
438.52,651.95,687.53,683.32,649.07,617.93,612.09,631.57,651.62,661.12,663.93,664.51
432.06,658.74,689.09,682.66,647.37,611.24,586.72,577.84,596.12,630.54,652.94,661.82
429.68,657.77,689.22,683.63,648.45,611.4,582.59,555.96,526.66,503.74,503.35,546.02
429.27,654.38,689.05,683.96,648.82,611.71,582.46,552.21,502.01,420.19,334.5,295.1
426.68,635.69,687.85,687.46,652.41,614.69,584.67,554.54,503.07,408.37,304.76,271.76
428.96,660.15,688.75,681.76,646.45,609.83,581.07,549.64,492.06,388.27,277.76,256.6
428.37,645.42,688.31,685.47,650.44,613.07,583.47,552.91,498.95,398.16,282.28,251.19
427.3,651.45,674.48,661.81,629.42,597.2,569.4,531.07,453.68,336.75,249.87,247.64
427.71,654.35,681.76,673.82,639.85,604.83,576.75,543.23,478.53,368.26,261.97,245.34
430.33,596.16,601.14,552.48,443.47,304.1,222.92,233.39,278.2,410.46,634.93,709.92
426.13,570.41,568.1,505.69,364.15,223.06,217.46,248.41,335.8,549.67,713.82,712.87
418.34,443.21,308.21,189.4,193.95,201.6,228.2,334.95,563.61,708.38,715.53,711.53
419.26,446.81,315.72,192.02,201.13,247.29,407.04,646.86,715.75,713.63,708.54,704.6
405.31,409.12,264.43,184.6,210.54,324.49,565.46,707.13,715.62,713.34,709.62,700.28
345.6,272.9,184.67,186.01,299.77,551.9,718.95,723.71,720.42,712.64,698.82,686.21
222.41,150.03,166.07,293.37,565.2,728.97,739.24,744.03,739.27,728.42,711.98,695.47
145.86,117.67,176.84,385.24,699.73,759.94,756.54,753.99,750.34,746.04,738.36,725.58
150.67,160.07,401.42,700.18,762.84,760.73,749.92,742.07,733.77,719.94,702.42,688.36
390.03,609.69,717.67,739.76,735.61,724.81,711.35,693.7,677.11,668.75,665.78,664.92
389.1,591.91,712.77,738.51,735.05,724.39,711.0,693.48,677.0,668.72,665.77,664.91
375.16,586.79,719.52,740.99,736.39,725.5,712.23,694.93,677.95,669.1,665.89,664.95
438.67,644.57,708.53,730.92,723.26,701.35,680.43,669.61,665.9,664.92,664.69,664.65
441.0,655.37,696.78,712.43,707.4,688.99,673.91,667.34,665.3,664.78,664.66,664.64
441.09,654.57,690.89,694.42,680.75,670.79,666.66,665.22,664.78,664.67,664.64,664.64
441.08,654.33,689.53,686.64,660.34,648.35,655.25,661.49,663.83,664.46,664.6,664.63
440.79,653.45,688.84,684.63,651.48,625.89,629.13,647.32,659.13,663.39,664.39,664.59
440.45,652.28,688.1,683.94,649.17,615.02,600.75,614.14,640.29,656.66,662.84,664.31
439.86,651.55,687.82,683.73,648.68,612.29,586.82,574.82,588.3,623.46,649.63,660.72
440.11,651.17,687.39,683.46,648.43,611.72,583.59,557.61,530.73,514.63,527.6,582.22
436.02,646.38,682.36,678.8,644.63,608.7,580.48,549.28,494.83,406.55,318.52,290.78
430.13,641.43,658.17,634.92,603.24,574.66,540.29,473.05,360.97,260.5,251.47,280.25
422.24,628.72,647.9,611.63,552.42,477.0,364.52,258.34,237.89,255.22,313.22,448.46
421.48,629.4,646.05,606.43,533.99,428.69,305.36,233.9,240.26,282.02,386.73,588.75
428.96,593.83,599.99,549.62,431.95,282.0,217.42,234.46,283.15,421.47,647.18,710.52
422.08,563.28,571.24,516.82,386.43,240.09,213.24,233.17,278.59,423.69,655.62,713.91
401.56,400.85,254.89,179.37,188.02,204.04,227.57,289.13,470.43,685.29,703.67,709.46
382.44,353.62,216.66,182.79,198.07,226.74,301.95,501.29,697.87,711.92,714.09,709.83
330.27,248.14,173.36,172.51,232.14,383.68,614.9,709.7,714.18,711.11,707.75,699.41
309.18,220.37,167.79,178.66,253.55,455.15,690.38,721.71,718.63,713.8,709.99,701.22
341.8,275.99,182.29,178.22,240.76,415.93,662.81,718.02,714.81,710.01,706.37,697.86
189.86,148.04,199.2,385.69,693.21,753.65,750.34,747.97,742.41,732.7,717.76,702.21
113.59,120.56,260.43,565.63,758.78,764.31,756.85,751.19,745.95,736.83,723.51,710.22
153.94,290.15,599.98,736.77,746.29,731.97,709.72,693.44,680.13,666.93,659.96,657.52
291.59,526.39,722.21,745.32,739.76,728.6,717.38,706.91,695.57,681.03,670.72,666.38
369.66,609.82,733.36,747.71,739.22,728.01,716.83,705.99,693.21,678.37,669.37,665.82
425.7,637.95,716.75,738.09,734.21,724.16,713.05,700.92,685.37,672.74,667.0,665.04
436.3,653.84,701.02,720.77,715.48,695.22,676.91,668.12,665.26,664.53,664.36,664.33
436.3,651.17,690.63,699.48,690.78,677.89,669.21,665.71,664.66,664.39,664.33,664.32
436.28,650.81,687.94,687.09,665.08,655.07,659.12,662.64,663.88,664.22,664.3,664.31
436.27,650.64,687.47,683.94,652.36,630.25,636.11,652.05,660.78,663.53,664.16,664.29
436.25,650.65,687.4,683.44,649.15,615.9,604.15,621.29,645.58,658.76,663.17,664.11
436.18,650.75,687.44,683.37,648.63,612.25,586.91,579.12,599.3,633.12,654.03,661.99
433.0,657.93,690.6,684.36,649.1,612.03,582.72,556.74,530.82,515.49,529.74,585.35
426.47,668.25,693.65,685.14,649.5,612.29,582.55,552.89,505.5,425.87,338.93,294.29
421.82,648.38,674.93,662.24,630.13,597.33,569.02,532.5,459.68,347.68,265.11,267.8
418.48,648.35,660.94,619.87,568.52,515.27,424.92,306.06,238.81,243.19,285.12,386.65
412.88,630.18,645.94,601.19,513.86,380.53,249.27,222.3,241.87,299.29,441.09,658.72
410.64,613.29,627.88,583.61,487.8,340.59,218.42,213.74,226.06,268.0,428.22,667.24
414.89,585.45,583.65,525.39,384.13,220.84,198.59,207.13,209.71,219.06,294.95,499.8
399.01,508.92,500.97,408.88,245.18,195.48,200.11,201.13,218.96,301.16,500.48,694.56
377.08,359.05,214.46,180.14,211.05,291.5,457.97,659.44,698.44,709.37,709.27,706.41
362.65,324.69,195.98,176.01,211.87,307.72,508.26,685.42,702.2,710.67,709.9,706.38
298.4,228.03,176.89,190.53,274.68,465.79,667.52,700.27,709.78,714.96,713.13,703.23
341.8,284.96,181.85,174.82,250.75,460.38,672.27,706.7,713.35,712.18,708.8,699.29
314.48,234.88,177.48,191.13,293.73,521.72,700.63,712.37,715.67,713.28,703.4,690.27
180.98,144.66,228.49,479.1,726.76,748.06,750.14,747.78,741.67,731.04,716.13,701.49
151.7,137.93,305.16,606.54,760.39,762.7,753.9,747.74,742.4,733.45,719.31,704.54
317.44,419.98,665.69,751.9,750.54,735.78,721.47,704.71,684.97,672.07,666.87,665.24
359.38,611.77,736.68,751.04,740.86,727.69,711.41,690.43,674.6,667.69,665.46,664.87
432.66,640.54,715.84,735.45,725.95,703.51,681.76,670.12,666.04,664.95,664.7,664.65
440.23,654.91,704.19,724.53,718.03,696.69,677.71,668.6,665.63,664.86,664.68,664.64
441.77,655.46,693.95,704.59,697.66,682.49,671.17,666.51,665.1,664.74,664.66,664.64
441.81,655.13,690.46,690.38,671.41,662.6,663.25,664.21,664.53,664.61,664.63,664.63
441.64,654.17,689.63,685.81,655.85,638.83,646.98,657.97,662.86,664.25,664.56,664.62
441.8,655.01,689.67,684.93,650.63,620.42,616.86,636.55,654.21,661.98,664.11,664.54
438.18,646.6,687.21,684.4,649.57,614.27,595.66,602.74,630.39,652.11,661.45,664.04
404.11,575.21,674.96,689.07,656.28,619.58,597.56,601.77,628.49,651.02,661.06,663.95
435.47,632.63,686.09,686.76,652.12,614.71,585.69,559.89,533.56,517.77,531.04,584.91
437.19,636.34,686.79,686.85,652.1,614.67,585.26,555.89,508.98,430.81,344.55,296.57
439.65,643.75,684.03,681.98,647.39,610.84,582.23,551.3,495.86,396.46,292.69,268.93
439.45,642.76,683.14,681.26,646.84,610.43,581.91,550.79,494.32,391.58,279.95,256.46
438.67,639.02,679.43,678.32,644.63,608.83,580.66,548.98,490.45,385.38,272.67,251.26
435.79,618.16,627.23,590.54,531.5,445.09,324.14,238.9,238.02,273.56,365.05,555.04
433.31,611.87,619.95,576.07,482.14,354.61,246.69,228.16,245.52,307.51,474.7,685.22
425.81,566.02,570.38,510.78,380.01,242.44,222.33,244.43,308.61,481.82,692.76,707.61
412.03,432.39,297.31,188.21,196.48,215.1,279.7,471.12,695.53,716.23,712.76,707.48
375.67,337.51,206.93,183.1,237.28,422.17,662.23,718.05,715.33,710.61,706.81,697.78
128.35,110.19,188.01,428.19,703.65,750.31,754.46,756.64,753.83,750.62,747.52,742.16
140.04,139.4,370.38,657.8,754.65,761.43,757.09,751.83,747.57,742.68,733.47,719.49
180.48,258.81,569.74,738.5,757.35,755.1,741.54,728.91,717.51,706.82,693.96,679.53
302.47,603.85,729.85,741.73,733.07,717.22,701.49,690.85,683.08,671.81,661.96,657.56
441.1,661.37,717.88,734.88,724.97,702.4,681.02,669.77,665.88,664.86,664.62,664.57
441.36,651.6,702.66,724.14,718.38,697.49,678.2,668.74,665.61,664.8,664.61,664.57
441.57,653.97,693.38,704.46,697.57,682.49,671.15,666.45,665.03,664.66,664.58,664.57
441.58,653.45,689.87,690.33,671.37,662.37,663.07,664.1,664.44,664.53,664.56,664.56
441.58,654.31,689.35,685.68,655.73,638.47,646.55,657.74,662.75,664.16,664.48,664.55
441.35,648.71,687.6,685.43,651.64,621.1,616.77,636.38,654.1,661.91,664.04,664.47
441.25,650.49,687.74,685.18,650.47,614.54,593.6,597.26,624.65,649.16,660.39,663.76
438.81,657.36,689.29,688.16,654.98,617.66,588.57,567.66,560.49,583.91,624.96,650.98
421.03,629.01,685.54,686.84,652.2,614.56,584.42,554.79,507.59,428.6,341.99,295.55
396.1,574.27,653.54,660.64,633.13,601.11,573.41,537.22,466.7,356.13,269.63,270.01
419.66,617.57,663.28,634.4,590.26,552.37,497.83,397.47,280.8,244.59,257.02,300.86
423.9,627.58,661.29,623.23,559.05,478.58,365.27,258.75,237.79,254.68,312.01,445.96
424.97,635.3,657.31,615.78,540.01,426.28,300.1,232.59,240.97,284.82,393.34,598.05
425.98,642.06,651.42,607.16,524.22,396.96,266.74,226.15,242.69,298.28,429.61,644.53
431.91,591.93,589.49,537.75,420.91,273.6,209.17,226.47,280.13,436.77,670.44,715.53
429.71,576.33,571.14,510.75,370.67,226.21,213.33,243.39,322.79,519.95,709.95,713.65
414.17,437.76,298.66,186.24,194.56,224.14,310.6,523.34,705.12,714.74,711.18,706.67
411.34,429.05,285.08,184.24,200.73,277.24,492.41,695.71,714.33,712.98,708.45,705.11
395.58,392.46,245.28,183.81,217.93,360.69,603.57,712.02,716.41,712.79,708.69,698.71
283.89,207.46,178.84,232.02,414.29,667.26,732.81,734.37,732.02,722.95,707.37,692.28
214.0,150.64,189.12,374.53,667.36,745.43,746.71,745.81,741.56,735.63,725.18,709.26
180.09,159.87,338.19,639.28,760.1,760.82,751.02,743.72,736.24,723.67,707.03,692.35
141.81,280.97,598.64,747.04,750.97,737.03,715.71,697.8,681.03,668.71,663.54,661.87
309.55,587.49,733.22,749.36,738.58,725.03,710.66,693.2,676.27,667.53,664.4,663.48
432.28,642.34,718.7,737.84,730.33,710.79,687.46,672.62,666.74,665.04,664.63,664.54
441.16,652.29,706.58,727.65,720.8,699.4,679.27,669.1,665.67,664.77,664.57,664.53
441.45,655.23,695.76,709.78,704.41,687.18,673.11,667.01,665.13,664.65,664.54,664.52
441.44,653.47,690.45,692.88,677.36,667.79,665.36,664.75,664.57,664.53,664.52,664.52
441.41,654.42,689.49,686.2,658.43,644.43,652.07,660.16,663.39,664.27,664.46,664.51
438.59,639.26,680.29,679.68,647.4,620.54,621.92,642.16,656.94,662.74,664.17,664.45
436.81,628.36,664.69,664.69,634.72,603.53,586.98,594.16,624.25,649.36,660.5,663.76
439.65,639.9,686.93,689.22,656.43,619.09,591.0,577.7,589.55,623.39,649.43,660.58
431.93,667.75,693.41,685.64,649.88,612.53,582.96,553.97,511.28,447.62,377.61,328.57
429.94,659.61,690.27,684.32,649.04,611.75,581.78,551.13,498.46,405.07,307.1,278.38
429.59,655.75,689.86,684.64,649.46,612.13,582.08,551.37,497.85,398.43,288.14,260.25
426.73,640.99,681.82,677.97,644.15,607.96,578.7,546.82,487.96,382.59,271.04,251.52
426.04,633.49,662.48,629.61,584.04,543.22,479.47,370.64,262.45,240.81,254.91,301.65
426.46,640.63,657.94,616.21,546.01,447.41,324.32,240.78,237.09,263.49,338.02,508.97
423.07,627.83,637.65,595.56,508.42,375.99,248.87,222.63,240.77,296.3,439.03,658.75
427.59,583.34,575.29,514.95,373.39,222.3,213.09,240.62,314.31,509.1,709.7,714.2
419.57,477.22,374.53,226.13,200.25,209.67,255.86,423.34,667.98,717.83,713.72,708.12
414.0,439.11,301.98,185.83,193.65,232.96,367.2,615.17,716.25,714.5,709.31,705.35
406.87,418.74,274.23,183.93,206.7,309.83,547.74,708.89,716.15,713.9,710.25,701.49
371.17,338.62,207.93,188.35,273.15,505.32,709.08,718.81,714.45,710.34,704.54,692.9
307.72,226.19,196.27,265.57,500.08,724.34,736.97,735.78,733.35,722.17,705.86,690.99
210.17,154.7,213.32,424.8,711.74,747.65,746.65,744.91,738.39,726.35,710.1,694.85
207.5,176.9,298.28,584.08,753.79,756.26,746.49,737.2,724.41,706.78,690.65,680.36
334.2,552.59,726.08,748.72,740.93,728.51,713.66,693.91,676.77,668.62,665.84,665.07
436.72,652.14,714.42,733.71,724.19,701.62,680.53,669.62,665.9,664.92,664.69,664.65
440.22,653.73,703.37,723.82,717.53,696.33,677.51,668.53,665.61,664.85,664.68,664.64
439.55,649.78,692.46,704.44,697.7,682.53,671.19,666.52,665.1,664.74,664.66,664.64
440.27,650.69,689.36,690.25,671.43,662.63,663.26,664.21,664.53,664.61,664.63,664.63
440.21,650.32,688.54,685.59,655.73,638.67,646.84,657.91,662.85,664.24,664.56,664.62
436.84,641.93,685.46,684.58,651.27,622.05,620.13,639.78,655.78,662.47,664.21,664.56
439.47,649.03,688.04,684.54,649.56,614.05,594.49,599.75,627.34,650.58,660.93,663.93
440.45,650.99,688.67,684.62,649.39,612.59,585.48,567.13,566.95,597.87,635.44,655.41
436.71,640.68,685.38,684.69,650.14,613.03,584.15,557.12,525.19,493.8,476.18,492.33
437.21,644.09,686.22,684.25,649.4,612.37,583.39,553.39,503.72,421.53,334.28,293.56
437.55,645.23,686.57,684.19,649.25,612.27,583.34,552.85,499.25,402.42,299.5,271.55
439.45,648.71,687.84,684.4,649.25,612.24,583.28,552.7,498.34,397.7,284.96,257.09
435.99,634.74,686.17,686.46,651.81,614.42,584.97,554.93,502.91,404.34,288.04,252.61
436.31,640.19,684.34,683.68,649.2,612.2,583.06,552.39,497.7,396.17,280.19,248.54
435.16,635.36,680.81,681.41,647.49,610.98,582.29,551.33,495.39,392.64,277.22,245.66
434.62,619.36,644.55,637.3,610.87,584.19,554.65,502.42,403.4,285.98,239.33,248.61
424.31,532.23,512.47,416.36,269.49,211.63,228.26,293.0,482.03,701.51,713.14,706.71
425.69,525.07,498.48,395.12,251.97,216.56,234.76,306.74,501.63,705.94,710.73,703.56
418.81,453.11,333.59,206.8,213.54,274.85,467.92,699.6,717.28,711.67,706.44,702.9
346.47,273.69,191.0,197.07,330.79,600.17,726.58,726.67,722.48,712.54,697.85,685.43
187.54,146.77,214.35,423.62,713.12,755.36,752.12,749.81,745.62,739.97,729.8,714.95
189.28,180.21,391.82,682.97,761.41,759.34,748.02,739.72,731.71,718.99,701.06,686.17
256.03,377.08,669.01,754.43,759.16,747.63,732.2,719.54,706.74,690.3,676.02,669.23
251.38,453.19,716.9,754.39,755.03,740.63,724.29,711.6,702.0,692.9,680.1,670.14
437.85,648.02,714.34,734.36,724.82,702.3,680.97,669.77,665.9,664.88,664.65,664.6
437.73,639.04,699.41,724.25,718.68,697.59,678.24,668.77,665.64,664.82,664.64,664.6
438.13,647.85,688.29,700.37,693.42,679.55,669.92,666.1,664.96,664.67,664.6,664.59
438.12,647.72,685.04,686.56,667.14,659.37,661.88,663.76,664.38,664.54,664.58,664.58
438.14,647.02,684.4,682.34,652.31,634.2,642.8,655.97,662.26,664.08,664.49,664.57
438.08,647.36,684.39,681.7,648.04,617.09,611.21,630.79,651.22,660.97,663.87,664.46
436.97,651.57,686.37,682.92,648.19,612.42,589.64,586.15,610.03,640.56,657.14,663.01
430.69,654.72,691.13,686.34,651.06,613.66,584.48,558.5,531.72,514.72,525.74,578.78
428.86,663.47,691.49,684.22,648.63,611.53,582.35,552.16,501.96,419.58,333.1,294.05
428.5,657.47,689.88,684.2,649.0,611.81,582.27,551.5,497.1,399.07,295.98,270.48
427.99,649.82,689.35,685.58,650.5,613.12,583.42,552.96,499.5,399.66,286.44,256.88
426.78,654.15,680.82,672.26,638.58,603.87,575.82,541.93,476.08,365.09,261.15,250.14
426.63,652.76,681.19,673.69,639.98,604.8,576.43,542.97,478.38,368.2,261.99,247.59
425.69,631.0,641.97,600.29,521.24,404.26,278.52,226.65,241.03,294.73,422.34,637.96
429.61,579.05,577.92,518.16,381.87,234.1,217.25,243.42,314.15,501.07,705.17,711.69
424.08,480.09,383.81,231.52,196.63,198.94,215.32,287.35,479.77,697.03,716.07,713.24
417.19,448.02,317.6,190.93,194.97,202.77,222.81,304.7,506.31,698.65,714.74,712.56
416.05,444.3,310.84,187.79,192.87,213.9,260.28,412.58,643.44,712.77,713.84,709.05
402.89,406.43,259.6,184.16,211.5,331.56,573.91,707.35,715.95,713.57,709.63,699.71
404.43,410.48,268.09,189.99,231.12,402.83,654.58,718.8,715.02,710.29,706.31,696.73
224.49,154.01,169.14,296.29,569.51,730.99,740.1,744.81,741.52,735.61,725.63,709.68
83.5,99.19,242.48,552.16,756.14,765.2,757.56,751.92,747.32,739.59,726.98,713.58
88.58,167.34,490.6,726.0,755.54,749.95,735.0,720.92,703.42,684.84,674.57,670.87
288.68,504.62,723.06,746.75,741.16,729.59,717.87,706.32,692.52,677.54,669.07,665.86
421.15,620.44,716.08,738.82,734.61,724.3,712.83,699.86,683.69,671.86,666.77,665.09
437.54,645.01,702.96,728.05,720.2,698.14,678.43,668.74,665.54,664.71,664.53,664.49
437.65,643.12,688.16,708.74,704.57,686.53,672.64,666.8,665.04,664.6,664.5,664.48
437.67,642.35,681.56,688.98,676.93,668.67,665.78,664.84,664.56,664.49,664.48,664.48
437.63,641.99,679.85,680.44,655.97,645.97,654.32,661.14,663.64,664.29,664.44,664.47
437.48,639.09,679.0,679.92,648.55,623.64,627.41,646.43,658.75,663.19,664.23,664.43
432.89,654.98,686.97,681.49,646.74,611.63,592.08,597.58,625.91,649.94,660.64,663.75
430.22,659.27,688.4,681.62,646.48,610.0,582.35,561.5,554.1,578.14,621.84,649.8
428.59,659.33,688.65,682.08,646.86,610.07,580.98,551.57,507.44,442.73,373.19,326.79
428.91,659.84,688.91,681.45,646.21,609.48,580.17,549.11,494.32,400.01,304.48,280.87
428.44,661.79,689.2,681.99,646.7,609.96,580.77,549.79,494.16,393.0,284.79,261.38
428.13,660.63,688.61,681.54,646.33,609.64,580.47,549.35,493.08,390.18,276.71,252.52
428.13,658.95,688.2,681.6,646.45,609.71,580.4,549.24,492.95,389.84,275.22,248.37
426.24,646.3,661.0,631.53,595.94,564.79,523.91,441.89,323.57,245.23,244.51,269.71
430.54,582.28,579.54,524.03,390.16,238.11,212.01,237.76,305.71,485.47,700.74,713.74
430.04,577.75,571.7,508.52,361.5,214.3,212.19,243.6,328.36,534.79,710.34,714.42
416.85,538.16,519.91,429.17,267.11,194.67,207.87,242.38,379.67,621.36,715.05,713.77
405.18,413.23,265.51,183.73,197.64,223.72,313.05,521.65,695.15,712.09,712.46,708.4
402.29,410.06,261.56,181.98,207.52,323.77,562.75,703.4,714.86,713.98,710.12,699.85
402.51,406.72,262.09,189.11,238.42,425.62,664.97,717.92,715.03,710.51,706.45,696.64
357.74,288.05,191.81,189.84,306.01,560.2,719.46,721.84,718.18,709.55,695.71,684.15
277.65,196.62,179.61,264.78,492.93,717.71,735.23,735.77,733.37,721.74,705.45,690.7
200.48,156.68,219.08,405.51,704.45,752.17,749.16,746.07,738.81,726.09,709.91,695.16
224.28,221.61,325.91,555.56,742.15,750.37,741.33,731.54,720.14,703.0,684.99,674.66
357.16,544.35,700.41,732.83,729.73,720.21,708.0,692.03,676.57,668.65,665.77,664.92
441.01,653.14,689.01,685.49,655.69,638.92,647.18,658.07,662.9,664.26,664.56,664.62
441.12,653.78,689.01,684.63,650.86,622.85,622.97,642.39,657.0,662.82,664.28,664.57
441.11,653.66,688.97,684.44,649.54,615.25,600.74,613.95,640.12,656.59,662.82,664.31
441.11,653.74,688.97,684.39,649.21,612.9,588.73,581.93,602.64,635.37,655.01,662.45
440.94,651.96,688.67,684.42,649.19,612.35,584.65,562.65,551.42,570.07,614.16,646.25
437.5,641.91,685.68,684.85,650.27,613.2,584.42,557.02,523.0,485.3,455.42,450.67
436.64,637.99,686.04,685.84,651.22,613.99,584.85,555.52,509.26,434.29,351.57,302.06
436.46,636.57,686.26,686.32,651.67,614.34,585.03,555.19,504.74,414.11,315.63,279.38
440.81,652.61,688.83,684.42,649.16,612.17,583.24,552.65,498.35,398.4,288.64,261.37
439.66,654.18,689.76,684.7,649.28,612.19,583.12,552.47,497.86,396.58,281.75,253.25
440.39,654.82,689.61,684.56,649.18,612.15,583.16,552.51,497.9,396.49,280.67,250.14
441.03,653.83,689.04,684.4,649.12,612.14,583.21,552.59,498.02,396.63,280.5,247.58
440.98,653.47,688.82,684.29,649.04,612.08,583.18,552.54,497.9,396.45,280.25,244.52
440.36,652.28,688.51,684.13,648.9,611.96,583.05,552.37,497.57,395.93,279.81,241.46
434.75,641.6,679.01,676.39,642.87,607.46,579.44,547.21,486.73,379.86,268.34,238.75
432.37,614.13,623.57,590.51,541.39,469.94,355.01,252.08,228.02,243.49,297.84,425.89
408.98,476.64,398.26,257.21,197.12,207.17,257.6,431.27,675.85,717.86,713.29,707.59
368.19,321.15,203.51,183.23,212.42,313.7,540.96,712.47,716.76,712.64,708.79,701.15
385.73,368.44,228.67,191.91,234.94,388.21,641.16,717.76,714.95,710.15,706.27,697.13
292.72,219.78,192.08,262.88,492.0,717.25,735.72,735.37,733.0,722.26,706.11,691.22
307.1,233.56,203.63,283.05,533.51,733.18,737.86,737.08,729.78,714.16,697.85,685.25
162.62,157.26,334.27,645.97,762.24,761.16,750.27,740.04,726.11,709.12,694.11,684.24
264.0,311.31,565.96,742.37,758.82,751.42,736.51,722.89,706.76,687.08,673.69,668.14
289.49,541.22,728.17,747.32,742.04,731.49,720.63,709.96,697.54,682.19,671.98,667.77
364.38,616.31,738.64,751.69,741.39,729.28,717.64,706.42,693.29,678.41,669.58,666.14
378.72,634.32,736.44,747.86,739.3,727.95,716.5,705.36,692.07,677.48,669.17,665.98
441.23,660.52,716.72,734.22,724.36,701.71,680.58,669.64,665.9,664.92,664.69,664.65
441.6,657.32,704.42,724.28,717.79,696.49,677.6,668.56,665.61,664.85,664.68,664.64
441.75,655.54,693.9,704.52,697.59,682.45,671.15,666.51,665.1,664.74,664.66,664.64
441.75,655.06,690.4,690.35,671.35,662.54,663.22,664.2,664.52,664.61,664.63,664.63
441.75,655.0,689.74,685.81,655.8,638.69,646.83,657.9,662.84,664.24,664.56,664.62
441.75,654.99,689.63,684.95,650.65,620.41,616.76,636.44,654.15,661.96,664.11,664.54
441.29,655.71,690.0,684.91,649.65,613.82,592.86,595.19,622.17,647.82,659.94,663.72
434.28,666.01,693.65,685.65,649.79,612.54,583.78,557.86,531.41,516.07,530.29,585.39
431.63,667.16,693.35,685.51,649.66,612.4,583.23,553.24,503.91,423.03,337.14,295.38
430.19,664.71,691.79,684.17,648.45,611.42,582.39,551.55,496.6,398.06,295.09,270.48
427.15,650.41,673.4,660.08,627.86,595.96,568.03,528.7,449.15,332.03,253.58,254.6
426.49,646.13,654.92,610.42,537.71,433.32,309.82,235.52,240.94,283.39,388.96,591.16
429.93,587.24,588.87,533.47,406.64,255.44,217.89,237.71,293.93,449.9,673.9,710.51
424.2,493.69,419.96,277.44,193.22,195.86,211.09,275.01,458.55,687.46,715.72,713.76
423.71,468.94,362.23,214.42,198.45,208.99,239.44,362.17,606.16,716.18,714.99,709.52
411.51,422.28,279.64,184.08,197.86,248.11,418.69,644.35,712.38,714.94,710.53,706.44
350.6,285.8,186.2,176.24,227.3,367.48,593.25,701.21,715.39,715.97,712.68,703.54
294.08,216.66,180.55,210.97,333.28,571.85,705.72,720.28,729.15,723.47,708.81,693.58
84.03,118.77,278.06,563.39,737.1,750.89,753.28,753.99,750.92,746.81,741.51,731.47
283.31,266.26,410.46,664.15,750.76,752.46,744.4,733.08,719.8,702.07,682.46,670.96
190.18,276.46,584.76,740.75,757.42,755.18,741.78,728.76,714.78,696.46,679.37,670.79
434.35,644.58,713.92,734.46,734.43,717.52,693.28,675.52,667.72,665.37,664.79,664.67
436.94,639.8,702.4,726.45,720.94,699.82,679.58,669.3,665.82,664.9,664.69,664.65
441.21,653.55,693.32,705.0,698.65,683.33,671.55,666.63,665.13,664.74,664.66,664.64
441.3,653.85,689.99,690.91,672.26,663.04,663.38,664.24,664.53,664.61,664.63,664.63
441.35,654.54,689.43,686.37,656.63,639.16,646.91,657.89,662.83,664.24,664.56,664.62
441.3,653.36,689.15,685.56,651.59,621.12,616.97,636.39,654.09,661.94,664.1,664.54
441.32,653.78,689.2,685.41,650.58,614.78,594.18,597.61,624.73,649.18,660.43,663.82
440.65,650.56,688.35,685.44,650.58,613.64,586.24,567.67,566.93,597.28,634.96,655.21
438.96,645.53,686.69,685.74,651.31,614.06,584.9,557.4,522.71,482.35,447.3,433.73
439.99,653.77,689.63,685.66,650.56,613.35,584.13,554.11,503.26,414.52,319.85,284.1
431.93,655.92,692.5,688.85,653.83,616.02,585.87,556.05,505.49,408.91,294.89,258.07
432.05,665.23,692.87,686.67,651.38,613.85,584.03,553.66,500.56,400.64,284.38,251.14
432.05,667.08,693.48,686.6,651.12,613.67,584.12,553.8,500.7,400.77,283.96,246.77
431.93,666.64,693.78,686.3,650.78,613.33,583.67,553.19,499.53,398.97,282.34,243.44
430.21,663.92,692.29,685.09,649.69,612.41,582.85,552.09,497.29,395.55,279.48,241.26
434.88,619.33,626.18,590.65,533.4,449.11,327.95,239.48,235.03,263.84,341.26,516.28
422.93,486.01,401.78,255.2,198.86,212.23,270.07,452.89,684.57,716.9,712.9,707.5
420.21,452.46,326.76,195.52,201.79,245.42,401.37,642.03,715.49,713.62,708.57,704.63
411.89,425.23,284.43,185.69,205.28,286.55,498.08,698.97,714.45,712.34,707.95,704.77
355.37,291.7,197.63,200.66,339.06,604.56,723.85,724.08,719.84,710.17,695.88,684.21
292.34,217.19,192.31,261.32,492.38,725.74,737.52,735.65,733.39,722.97,706.77,691.69
271.63,223.91,262.21,446.26,723.2,743.96,743.77,742.24,734.73,720.75,703.24,688.42
224.13,204.49,356.61,645.53,754.6,752.72,738.96,723.83,703.28,683.84,673.15,669.21
356.33,591.85,731.99,749.31,739.67,725.09,704.86,683.31,670.98,666.39,665.07,664.75
406.91,600.15,710.46,735.47,727.63,706.19,683.69,670.94,666.29,665.01,664.71,664.65
436.72,645.33,702.52,725.43,719.29,698.08,678.53,668.9,665.71,664.88,664.68,664.64
441.55,654.68,694.28,706.02,699.65,683.82,671.71,666.67,665.14,664.75,664.66,664.64
437.98,646.43,688.13,691.33,674.64,665.73,664.62,664.62,664.63,664.63,664.63,664.63
441.78,654.94,689.78,685.94,656.5,640.44,648.62,658.73,663.08,664.3,664.57,664.62
441.54,653.76,689.43,684.93,650.79,621.31,619.09,638.8,655.31,662.33,664.18,664.55
438.37,646.98,687.33,684.42,649.6,614.49,596.78,605.41,632.94,653.34,661.85,664.12
437.86,646.12,687.0,684.32,649.35,612.71,586.41,571.72,580.15,614.92,645.3,659.17
436.71,641.15,685.3,684.49,649.95,612.83,583.95,557.43,528.15,504.61,502.86,543.44
436.81,641.8,685.48,684.41,649.8,612.64,583.36,553.5,505.0,426.19,341.84,297.88
436.67,640.82,685.28,684.55,650.01,612.83,583.47,553.06,500.08,404.82,303.78,274.58
436.81,641.79,685.47,684.41,649.8,612.62,583.26,552.68,498.54,398.39,287.29,259.58
437.39,645.09,686.63,684.27,649.32,612.32,583.34,552.77,498.42,397.38,282.08,252.51
440.72,651.52,688.75,684.57,649.3,612.26,583.28,552.68,498.21,396.93,280.74,247.53
436.65,628.97,660.95,658.44,629.15,598.16,571.01,533.57,458.56,342.5,251.43,246.22
435.18,617.9,628.15,598.02,556.51,502.14,402.78,283.4,232.3,240.74,282.23,382.04
430.17,595.58,601.62,552.18,440.14,299.76,224.8,234.07,270.44,386.83,604.2,707.5
421.75,497.19,436.13,309.37,206.64,219.82,288.88,485.94,705.95,714.9,708.75,702.92
419.72,462.39,354.25,215.59,212.23,254.48,415.57,663.81,718.16,713.2,707.72,703.79
397.41,404.39,272.45,198.01,245.48,433.8,680.96,719.15,714.51,709.68,705.85,696.65
268.59,194.79,193.63,311.81,582.96,732.51,740.24,739.23,726.89,709.85,694.0,682.82
281.82,246.62,277.76,448.17,719.38,746.0,741.89,736.0,721.07,701.3,684.86,675.76
177.28,246.05,500.89,736.18,762.6,754.72,739.62,723.94,703.27,684.56,675.0,671.65
242.28,533.83,726.45,738.3,720.58,701.29,687.38,674.41,662.74,657.28,655.43,654.9
432.72,627.88,712.37,734.85,725.49,703.11,681.5,669.93,665.89,664.82,664.57,664.52
438.28,642.21,695.96,721.87,716.27,695.27,676.9,668.23,665.43,664.71,664.55,664.52
438.44,643.34,685.1,699.82,693.9,679.76,669.92,666.03,664.88,664.59,664.52,664.51
438.66,644.07,682.47,685.61,668.02,660.84,662.57,663.92,664.36,664.47,664.5,664.51
438.95,645.46,683.11,681.73,652.87,636.87,646.01,657.58,662.69,664.11,664.43,664.49
439.01,645.91,683.37,681.31,648.02,618.55,615.73,636.07,654.02,661.87,663.99,664.42
439.21,647.16,684.35,681.6,647.24,612.04,591.93,595.81,623.63,648.71,660.22,663.69
435.2,651.8,685.78,681.88,647.06,610.57,582.7,558.99,541.43,548.34,590.49,634.78
429.47,661.69,689.35,682.23,646.86,610.1,581.07,550.73,500.16,418.39,333.47,295.56
428.89,647.74,688.73,685.6,650.58,613.14,583.15,552.81,500.71,405.43,302.42,271.73
428.54,646.27,688.04,685.08,650.14,612.78,582.86,552.34,499.08,399.48,286.62,257.15
428.62,648.64,687.78,683.93,649.03,611.84,582.11,551.36,496.92,395.64,280.22,250.86
427.68,654.08,681.44,673.58,639.67,604.58,576.31,543.05,479.04,369.36,262.5,247.52
426.07,630.04,677.52,672.67,639.59,604.52,576.01,542.51,477.82,367.58,261.52,245.07
431.84,613.64,625.08,590.27,525.65,427.84,300.65,225.58,234.93,280.95,395.02,608.96
430.06,580.7,578.19,521.19,383.4,229.49,212.81,238.78,308.12,493.89,705.21,714.01
420.08,462.57,347.09,205.74,199.63,208.09,244.74,389.36,637.61,717.29,714.41,708.83
413.69,435.4,302.71,189.85,202.08,249.74,413.05,658.09,717.6,713.87,708.47,704.45
406.37,419.95,278.65,184.32,205.48,298.9,532.87,710.51,715.24,712.46,708.88,702.98
380.99,355.66,220.55,190.85,268.89,498.25,708.32,718.57,714.02,709.78,704.81,693.8
234.15,162.84,174.49,307.4,580.62,730.49,740.69,744.96,741.43,735.48,725.35,709.35
84.91,106.41,268.18,582.27,759.95,765.59,757.37,751.78,747.0,738.75,725.9,712.62
113.27,169.12,450.98,722.81,761.25,756.94,744.23,733.78,721.65,703.6,686.53,677.26
337.82,553.64,727.89,748.92,741.19,729.18,716.07,699.4,681.15,670.52,666.45,665.22
410.31,612.49,716.2,739.29,735.08,724.22,710.63,692.83,676.54,668.53,665.7,664.89
439.17,648.35,707.8,730.47,722.19,699.93,679.51,669.24,665.79,664.89,664.68,664.64
439.65,650.85,694.69,712.95,708.14,689.22,673.96,667.34,665.3,664.78,664.66,664.64
439.61,649.57,687.82,693.68,681.33,671.46,666.92,665.28,664.79,664.67,664.64,664.63
440.65,653.31,688.88,686.32,659.92,647.86,654.94,661.38,663.8,664.45,664.59,664.62
440.31,651.86,687.86,684.1,651.12,625.73,629.19,647.4,659.17,663.4,664.39,664.59
440.81,653.52,688.83,684.36,649.44,614.82,599.01,610.48,637.37,655.38,662.48,664.24
435.83,660.88,691.19,685.03,649.46,612.64,585.54,566.96,566.14,596.6,634.63,655.08
431.11,666.15,692.47,684.66,648.91,611.87,583.05,554.01,511.32,449.89,383.4,336.75
429.99,661.97,690.94,684.18,648.63,611.52,582.33,551.63,497.97,405.02,309.29,281.6
429.95,664.67,691.66,684.1,648.41,611.42,582.43,551.56,496.21,395.37,286.98,262.28
429.89,655.7,690.59,685.38,650.07,612.73,583.2,552.57,498.27,397.25,282.39,253.48
429.88,663.68,691.35,684.01,648.36,611.35,582.34,551.4,495.66,393.09,277.76,249.03
426.8,648.41,660.48,627.96,589.76,556.1,506.37,410.15,291.86,238.97,246.53,281.09
432.02,601.17,604.67,555.67,444.61,300.19,220.59,232.45,277.3,409.9,635.28,710.6
429.27,581.28,580.5,523.26,388.52,236.92,214.53,238.42,303.67,482.22,699.34,713.01
420.36,450.52,321.46,193.16,195.3,200.68,223.68,320.93,539.29,705.13,715.23,711.8
413.11,430.46,287.89,183.97,199.41,257.1,436.16,665.52,714.11,713.7,708.93,705.07
398.45,399.31,251.4,182.78,212.35,342.89,585.53,708.76,716.9,714.11,709.92,699.58
349.82,287.62,185.74,180.29,278.42,513.51,708.04,718.99,715.55,711.69,704.33,691.9
272.4,190.53,175.33,256.53,479.54,708.51,733.49,735.79,734.33,724.77,708.8,693.42
254.95,170.84,167.43,278.87,543.19,727.89,737.13,742.22,736.43,722.1,704.92,690.07
90.33,135.44,314.23,634.75,758.73,760.58,750.82,740.66,726.54,709.96,695.84,687.0
237.7,355.02,646.03,754.19,759.5,747.74,731.63,716.06,696.36,678.77,670.12,667.12
432.05,636.35,715.06,735.91,727.09,705.13,682.9,670.59,666.18,664.98,664.71,664.65
440.76,650.8,700.78,721.87,716.46,695.84,677.3,668.47,665.59,664.85,664.68,664.64
440.93,653.12,692.18,701.94,694.12,680.1,670.21,666.23,665.03,664.72,664.65,664.64
440.93,652.58,689.23,689.04,668.62,659.83,661.98,663.81,664.43,664.59,664.62,664.63
440.93,653.06,688.74,685.13,654.39,635.66,643.6,656.3,662.37,664.14,664.54,664.62
440.93,652.78,688.63,684.51,650.16,618.93,613.13,632.45,652.06,661.27,663.96,664.51
440.94,653.07,688.64,684.31,649.25,613.42,591.88,592.46,618.79,645.91,659.22,663.56
440.87,650.14,687.94,684.6,649.54,612.69,585.14,564.44,557.42,581.86,624.16,650.73
440.5,649.68,687.8,684.83,649.85,612.72,583.73,554.98,513.6,454.84,391.32,345.78
439.96,653.66,689.33,684.73,649.41,612.38,583.45,553.15,500.93,409.64,313.64,281.87
437.86,658.65,691.12,684.93,649.35,612.22,583.12,552.49,498.05,397.71,287.04,259.96
434.5,663.89,692.79,685.5,649.74,612.51,583.3,552.72,498.39,397.3,281.62,251.37
432.22,662.33,692.18,686.0,650.57,613.1,583.43,552.86,498.87,397.97,281.57,246.81
434.3,663.15,692.66,685.08,649.3,612.06,582.74,551.96,496.9,394.94,279.01,243.93
437.32,641.3,679.32,677.85,644.37,608.78,580.78,549.12,490.67,385.61,272.06,242.9
432.46,616.21,623.46,586.82,528.49,440.81,318.22,235.04,233.09,260.84,337.36,513.54
427.6,547.63,535.56,452.73,293.63,192.86,208.51,241.68,379.22,630.06,717.84,714.17
415.27,447.47,322.7,197.1,202.5,229.18,342.23,587.52,717.37,714.89,709.33,705.11
366.54,313.12,197.11,177.52,219.59,334.8,578.51,714.94,716.2,711.74,707.87,698.92
310.76,224.75,170.9,185.38,296.67,545.95,719.33,726.78,724.41,717.43,703.57,689.62
305.03,217.02,174.15,220.99,421.55,684.35,735.49,734.98,733.01,724.41,708.76,693.36
221.27,145.82,162.33,293.87,579.02,732.53,739.74,743.24,737.66,725.75,708.76,692.7
199.41,156.28,215.11,398.45,698.65,751.57,748.97,745.91,738.53,725.62,709.37,694.68
355.64,494.87,653.03,695.08,671.56,637.35,604.65,577.29,543.5,478.81,368.77,262.92
295.95,324.83,475.62,666.65,722.88,696.54,660.6,630.89,610.09,611.98,634.89,653.87
362.04,527.31,676.06,701.94,675.33,647.93,633.73,639.27,653.65,661.58,663.99,664.52
426.2,609.78,681.32,687.78,653.8,616.14,586.37,557.57,514.07,444.48,365.34,310.93
436.89,642.86,685.33,683.66,648.94,612.04,583.13,552.65,499.41,405.27,306.71,277.97
