635.45,680.91,726.36,771.82,817.27,862.73,908.18,953.64,999.09,1044.55,1090.0,1135.45,
540.83,540.83,540.83,540.83,540.83,540.83,540.83,540.83,540.83,540.83,540.83,540.83,
575.0,575.0,575.0,575.0,575.0,575.0,575.0,575.0,575.0,575.0,575.0,575.0,
592.5,592.5,592.5,592.5,592.5,592.5,592.5,592.5,592.5,592.5,592.5,592.5,
603.33,603.33,603.33,603.33,603.33,603.33,603.33,603.33,603.33,603.33,603.33,603.33,
603.33,603.33,603.33,603.33,603.33,603.33,603.33,603.33,603.33,603.33,603.33,603.33,
611.67,611.67,611.67,611.67,611.67,611.67,611.67,611.67,611.67,611.67,611.67,611.67,
792.4,761.85,800.85,792.86,816.62,818.93,835.72,842.74,856.36,865.51,877.69,887.82,
830.79,887.37,955.23,930.21,1006.33,1023.39,1045.22,1098.92,1112.43,1152.6,1187.16,1211.37,
629.17,629.17,629.17,629.17,629.17,629.17,629.17,629.17,629.17,629.17,629.17,629.17,
464.45,583.03,583.03,583.03,583.03,583.03,583.03,583.03,583.03,583.03,583.03,583.03,
295.38,372.37,423.75,458.03,480.9,496.17,506.35,513.15,517.68,520.71,522.73,524.07,
104.55,69.09,33.64,0.0,0.0,0.0,0.0,0.0,0.0,0.0,0.0,0.0,
32.73,0.0,0.0,0.0,0.0,0.0,0.0,0.0,0.0,0.0,0.0,0.0,
259.09,228.18,197.27,166.36,135.45,104.55,73.64,42.73,11.82,0.0,0.0,0.0,
467.27,454.55,441.82,429.09,416.36,403.64,390.91,378.18,365.45,352.73,340.0,327.27,
708.18,706.36,704.55,702.73,700.91,699.09,697.27,695.45,693.64,691.82,690.0,688.18,
695.26,662.06,637.43,619.16,605.6,595.55,588.08,582.55,578.44,575.39,573.13,571.45,
585.08,355.26,177.49,108.88,160.1,297.44,460.6,587.74,637.83,602.77,506.02,390.19,
451.01,403.94,504.15,504.15,504.15,504.15,504.15,504.15,504.15,504.15,504.15,504.15,
530.0,540.0,550.0,560.0,570.0,580.0,590.0,600.0,610.0,620.0,630.0,640.0,
463.64,487.27,510.91,534.55,558.18,581.82,605.45,629.09,652.73,676.36,700.0,723.64,
485.45,510.91,536.36,561.82,587.27,612.73,638.18,663.64,689.09,714.55,740.0,765.45,
576.36,612.73,649.09,685.45,721.82,758.18,794.55,830.91,867.27,903.64,940.0,976.36,
703.23,673.26,545.03,450.3,394.94,441.88,533.91,639.47,684.0,658.59,570.56,478.58,
716.49,579.13,438.35,380.4,440.33,580.81,715.4,761.7,691.8,549.13,421.45,386.87,
612.43,547.55,600.49,600.49,600.49,600.49,600.49,600.49,600.49,600.49,600.49,600.49,
nan,nan,nan,nan,nan,nan,nan,nan,nan,nan,nan,nan,
671.31,630.96,630.96,630.96,630.96,630.96,630.96,630.96,630.96,630.96,630.96,630.96,
583.58,629.89,629.89,629.89,629.89,629.89,629.89,629.89,629.89,629.89,629.89,629.89,
493.07,541.68,562.97,572.3,576.39,578.18,578.97,579.31,579.46,579.53,579.56,579.57,
494.85,537.39,557.45,566.92,571.38,573.49,574.48,574.95,575.17,575.28,575.33,575.35,
311.5,393.99,444.13,474.6,493.11,504.37,511.21,515.36,517.89,519.42,520.36,520.92,
0.0,0.0,0.0,0.0,0.0,0.0,0.0,0.0,0.0,0.0,0.0,0.0,
344.34,330.3,316.26,302.23,288.19,274.15,260.12,246.08,232.04,218.01,203.97,189.93,
100.91,51.82,2.73,0.0,0.0,0.0,0.0,0.0,0.0,0.0,0.0,0.0,
0.0,0.0,0.0,0.0,0.0,0.0,0.0,0.0,0.0,0.0,0.0,0.0,
0.0,0.0,0.0,0.0,0.0,0.0,0.0,0.0,0.0,0.0,0.0,0.0,
0.0,0.0,0.0,0.0,0.0,0.0,0.0,0.0,0.0,0.0,0.0,0.0,
68.18,16.36,0.0,0.0,0.0,0.0,0.0,0.0,0.0,0.0,0.0,0.0,
299.01,397.18,514.52,651.02,806.68,981.51,1175.49,1388.65,1620.96,1872.44,2143.09,2432.89,
483.41,629.45,798.11,989.41,1203.33,1439.89,1699.07,1980.89,2285.33,2612.4,2962.1,3334.43,
706.56,283.79,283.79,283.79,283.79,283.79,283.79,283.79,283.79,283.79,283.79,283.79,
764.55,799.09,833.64,868.18,902.73,937.27,971.82,1006.36,1040.91,1075.45,1110.0,1144.55,
716.36,762.73,809.09,855.45,901.82,948.18,994.55,1040.91,1087.27,1133.64,1180.0,1226.36,
765.45,810.91,856.36,901.82,947.27,992.73,1038.18,1083.64,1129.09,1174.55,1220.0,1265.45,
760.91,811.82,862.73,913.64,964.55,1015.45,1066.36,1117.27,1168.18,1219.09,1270.0,1320.91,
627.27,674.55,721.82,769.09,816.36,863.64,910.91,958.18,1005.45,1052.73,1100.0,1147.27,
695.45,750.91,806.36,861.82,917.27,972.73,1028.18,1083.64,1139.09,1194.55,1250.0,1305.45,
838.18,906.36,974.55,1042.73,1110.91,1179.09,1247.27,1315.45,1383.64,1451.82,1520.0,1588.18,
501.82,533.64,565.45,597.27,629.09,660.91,692.73,724.55,756.36,788.18,820.0,851.82,
614.17,614.17,614.17,614.17,614.17,614.17,614.17,614.17,614.17,614.17,614.17,614.17,
752.45,590.72,680.16,630.7,658.05,642.92,651.29,646.66,649.22,647.81,648.59,648.16,
574.49,441.82,465.15,455.47,403.9,401.75,377.2,349.29,334.11,309.86,287.48,267.58,
408.35,437.38,388.31,363.14,356.66,314.84,302.3,277.17,249.17,231.84,204.04,181.9,
433.32,372.77,344.68,338.47,291.47,275.86,249.07,217.12,196.7,166.86,140.76,115.79,
365.89,243.79,239.7,222.41,154.02,148.65,102.94,66.23,42.1,0.0,0.0,0.0,
245.37,221.76,202.39,147.16,127.9,88.81,52.34,23.26,0.0,0.0,0.0,0.0,
194.72,202.1,103.11,104.08,56.81,0.0,0.0,0.0,0.0,0.0,0.0,0.0,
199.87,42.7,72.49,0.0,0.0,0.0,0.0,0.0,0.0,0.0,0.0,0.0,
110.76,0.0,0.0,0.0,0.0,0.0,0.0,0.0,0.0,0.0,0.0,0.0,
0.79,0.0,0.0,0.0,0.0,0.0,0.0,0.0,0.0,0.0,0.0,0.0,
0.0,0.0,0.0,0.0,0.0,0.0,0.0,0.0,0.0,0.0,0.0,0.0,
45.45,10.91,0.0,0.0,0.0,0.0,0.0,0.0,0.0,0.0,0.0,0.0,
293.64,277.27,260.91,244.55,228.18,211.82,195.45,179.09,162.73,146.36,130.0,113.64,
771.57,311.51,311.51,311.51,311.51,311.51,311.51,311.51,311.51,311.51,311.51,311.51,
825.8,757.1,701.04,655.31,617.99,587.54,562.7,542.43,525.89,512.4,501.39,492.4,
956.36,1012.73,1069.09,1125.45,1181.82,1238.18,1294.55,1350.91,1407.27,1463.64,1520.0,1576.36,
799.09,838.18,877.27,916.36,955.45,994.55,1033.64,1072.73,1111.82,1150.91,1190.0,1229.09,
818.18,866.36,914.55,962.73,1010.91,1059.09,1107.27,1155.45,1203.64,1251.82,1300.0,1348.18,
500.0,530.0,560.0,590.0,620.0,650.0,680.0,710.0,740.0,770.0,800.0,830.0,
739.09,798.18,857.27,916.36,975.45,1034.55,1093.64,1152.73,1211.82,1270.91,1330.0,1389.09,
422.73,455.45,488.18,520.91,553.64,586.36,619.09,651.82,684.55,717.27,750.0,782.73,
449.28,455.74,460.22,463.34,465.5,467.01,468.05,468.78,469.29,469.64,469.88,470.05,
449.92,474.36,489.31,498.47,504.07,507.49,509.59,510.88,511.66,512.14,512.44,512.62,
473.64,487.27,500.91,514.55,528.18,541.82,555.45,569.09,582.73,596.36,610.0,623.64,
407.77,402.7,340.18,315.53,265.92,232.76,188.75,151.89,110.33,71.86,31.35,0.0,
559.56,608.67,542.36,539.62,501.87,483.4,454.31,431.08,404.61,379.93,354.26,329.14,
810.63,808.58,778.68,758.17,744.09,734.43,727.8,723.25,720.12,717.98,716.51,715.5,
nan,nan,nan,nan,nan,nan,nan,nan,nan,nan,nan,nan,
578.33,578.33,578.33,578.33,578.33,578.33,578.33,578.33,578.33,578.33,578.33,578.33,
530.0,530.0,530.0,530.0,530.0,530.0,530.0,530.0,530.0,530.0,530.0,530.0,
377.07,610.54,691.9,628.95,522.64,461.67,468.23,510.37,545.41,552.87,539.02,521.81,
187.16,334.2,441.32,487.2,486.3,463.97,440.53,425.91,421.21,423.01,427.12,430.66,
0.0,0.0,0.0,0.0,0.0,0.0,0.0,0.0,0.0,0.0,0.0,0.0,
50.0,20.0,0.0,0.0,0.0,0.0,0.0,0.0,0.0,0.0,0.0,0.0,
230.91,211.82,192.73,173.64,154.55,135.45,116.36,97.27,78.18,59.09,40.0,20.91,
456.36,452.73,449.09,445.45,441.82,438.18,434.55,430.91,427.27,423.64,420.0,416.36,
494.23,458.93,423.63,388.33,353.03,317.73,282.43,247.13,211.83,176.53,141.23,105.93,
975.51,833.93,610.62,412.07,296.66,272.71,314.3,382.86,444.99,481.93,490.49,478.33,
769.43,561.16,409.12,216.14,104.23,62.04,118.67,246.33,416.09,580.32,698.65,741.1,
631.82,643.64,655.45,667.27,679.09,690.91,702.73,714.55,726.36,738.18,750.0,761.82,
nan,nan,nan,nan,nan,nan,nan,nan,nan,nan,nan,nan,
422.73,445.45,468.18,490.91,513.64,536.36,559.09,581.82,604.55,627.27,650.0,672.73,
450.91,481.82,512.73,543.64,574.55,605.45,636.36,667.27,698.18,729.09,760.0,790.91,
nan,nan,nan,nan,nan,nan,nan,nan,nan,nan,nan,nan,
491.61,483.0,483.0,483.0,483.0,483.0,483.0,483.0,483.0,483.0,483.0,483.0,
482.66,489.54,493.27,495.3,496.4,497.0,497.33,497.5,497.6,497.65,497.68,497.7,
460.0,460.0,460.0,460.0,460.0,460.0,460.0,460.0,460.0,460.0,460.0,460.0,
571.82,573.64,575.45,577.27,579.09,580.91,582.73,584.55,586.36,588.18,590.0,591.82,
725.52,713.99,704.81,697.5,691.68,687.05,683.37,680.44,678.1,676.24,674.76,673.58,
666.58,643.59,627.78,616.91,609.43,604.29,600.75,598.32,596.64,595.49,594.7,594.16,
892.73,915.45,938.18,960.91,983.64,1006.36,1029.09,1051.82,1074.55,1097.27,1120.0,1142.73,
704.55,709.09,713.64,718.18,722.73,727.27,731.82,736.36,740.91,745.45,750.0,754.55,
639.69,637.69,654.42,671.15,687.88,704.61,721.34,738.08,754.81,771.54,788.27,805.0,
420.0,420.0,420.0,420.0,420.0,420.0,420.0,420.0,420.0,420.0,420.0,420.0,
260.36,318.96,361.67,392.82,415.52,432.08,444.15,452.95,459.36,464.04,467.45,469.94,
122.0,172.84,214.54,248.74,276.78,299.78,318.63,334.1,346.78,357.19,365.72,372.71,
44.55,9.09,0.0,0.0,0.0,0.0,0.0,0.0,0.0,0.0,0.0,0.0,
67.27,34.55,1.82,0.0,0.0,0.0,0.0,0.0,0.0,0.0,0.0,0.0,
231.82,203.64,175.45,147.27,119.09,90.91,62.73,34.55,6.36,0.0,0.0,0.0,
587.27,574.55,561.82,549.09,536.36,523.64,510.91,498.18,485.45,472.73,460.0,447.27,
569.09,558.18,547.27,536.36,525.45,514.55,503.64,492.73,481.82,470.91,460.0,449.09,
812.19,537.69,426.16,302.92,52.12,96.47,175.64,251.74,514.25,654.76,696.77,735.27,
301.71,175.52,38.65,50.69,236.74,413.85,593.27,679.45,595.42,433.52,232.66,71.4,
887.93,1126.98,1341.08,1632.46,1941.77,2303.47,2697.55,3135.63,3610.96,4127.46,4682.86,5278.47,
550.91,561.82,572.73,583.64,594.55,605.45,616.36,627.27,638.18,649.09,660.0,670.91,
441.82,463.64,485.45,507.27,529.09,550.91,572.73,594.55,616.36,638.18,660.0,681.82,
376.36,402.73,429.09,455.45,481.82,508.18,534.55,560.91,587.27,613.64,640.0,666.36,
419.81,412.67,407.68,404.19,401.75,400.04,398.84,398.01,397.42,397.01,396.72,396.52,
365.18,386.51,399.43,407.26,412.0,414.88,416.62,417.67,418.31,418.7,418.94,419.08,
515.83,515.83,515.83,515.83,515.83,515.83,515.83,515.83,515.83,515.83,515.83,515.83,
540.0,540.0,540.0,540.0,540.0,540.0,540.0,540.0,540.0,540.0,540.0,540.0,
523.33,523.33,523.33,523.33,523.33,523.33,523.33,523.33,523.33,523.33,523.33,523.33,
527.5,527.5,527.5,527.5,527.5,527.5,527.5,527.5,527.5,527.5,527.5,527.5,
533.33,533.33,533.33,533.33,533.33,533.33,533.33,533.33,533.33,533.33,533.33,533.33,
826.96,751.62,705.5,677.25,659.96,649.37,642.89,638.92,636.49,635.0,634.09,633.53,
900.0,930.0,960.0,990.0,1020.0,1050.0,1080.0,1110.0,1140.0,1170.0,1200.0,1230.0,
837.17,878.09,919.01,959.94,1000.86,1041.78,1082.71,1123.63,1164.55,1205.47,1246.4,1287.32,
346.67,528.09,528.09,528.09,528.09,528.09,528.09,528.09,528.09,528.09,528.09,528.09,
323.05,525.67,525.67,525.67,525.67,525.67,525.67,525.67,525.67,525.67,525.67,525.67,
173.7,378.02,540.98,610.36,592.78,528.59,462.24,422.21,415.19,431.57,455.63,474.44,
nan,nan,nan,nan,nan,nan,nan,nan,nan,nan,nan,nan,
143.73,100.59,57.44,14.3,0.0,0.0,0.0,0.0,0.0,0.0,0.0,0.0,
397.39,419.73,338.29,185.76,18.2,0.0,0.0,0.0,0.0,0.0,0.0,0.0,
903.43,1054.7,1062.2,985.99,896.77,841.53,833.38,860.05,899.56,933.6,953.73,960.92,
738.0,784.0,818.0,840.0,850.0,848.0,834.0,808.0,770.0,720.0,658.0,584.0,
775.92,673.49,502.34,311.96,156.43,79.29,101.31,214.94,386.79,567.48,705.75,763.07,
399.24,150.0,72.8,48.97,188.85,360.12,558.24,669.74,689.72,591.01,430.06,253.16,
365.46,304.97,252.22,203.75,157.64,112.83,68.74,25.04,0.0,0.0,0.0,0.0,
564.55,589.09,613.64,638.18,662.73,687.27,711.82,736.36,760.91,785.45,810.0,834.55,
371.82,393.64,415.45,437.27,459.09,480.91,502.73,524.55,546.36,568.18,590.0,611.82,
378.18,406.36,434.55,462.73,490.91,519.09,547.27,575.45,603.64,631.82,660.0,688.18,
339.23,338.64,338.19,337.85,337.59,337.39,337.24,337.12,337.04,336.97,336.92,336.88,
476.66,445.23,445.23,445.23,445.23,445.23,445.23,445.23,445.23,445.23,445.23,445.23,
455.0,460.72,460.72,460.72,460.72,460.72,460.72,460.72,460.72,460.72,460.72,460.72,
689.47,631.92,598.98,580.12,569.33,563.15,559.62,557.59,556.43,555.77,555.39,555.17,
510.0,510.0,510.0,510.0,510.0,510.0,510.0,510.0,510.0,510.0,510.0,510.0,
495.83,495.83,495.83,495.83,495.83,495.83,495.83,495.83,495.83,495.83,495.83,495.83,
483.33,483.33,483.33,483.33,483.33,483.33,483.33,483.33,483.33,483.33,483.33,483.33,
681.56,708.91,736.27,763.62,790.97,818.33,845.68,873.03,900.39,927.74,955.09,982.45,
723.06,753.85,784.63,815.42,846.21,877.0,907.78,938.57,969.36,1000.14,1030.93,1061.72,
768.71,805.09,841.48,877.86,914.24,950.62,987.01,1023.39,1059.77,1096.15,1132.54,1168.92,
699.82,724.49,749.17,773.85,798.52,823.2,847.88,872.55,897.23,921.91,946.58,971.26,
522.5,522.5,522.5,522.5,522.5,522.5,522.5,522.5,522.5,522.5,522.5,522.5,
192.02,277.42,332.67,368.41,391.52,406.48,416.15,422.41,426.46,429.08,430.77,431.87,
0.0,0.0,0.0,0.0,0.0,0.0,0.0,0.0,0.0,0.0,0.0,0.0,
15.45,0.0,0.0,0.0,0.0,0.0,0.0,0.0,0.0,0.0,0.0,0.0,
631.48,753.49,832.98,889.72,934.28,972.34,1006.9,1039.6,1071.31,1102.48,1133.36,1164.09,
719.16,791.09,843.46,885.54,922.21,956.04,988.38,1019.94,1051.08,1082.01,1112.82,1143.57,
761.68,638.6,434.14,214.93,66.64,39.95,144.83,340.44,554.51,708.1,745.75,654.92,
467.57,228.92,124.7,80.06,183.88,345.92,520.9,617.55,604.99,485.05,314.88,166.82,
950.09,860.31,793.08,742.74,705.05,676.83,655.7,639.88,628.03,619.16,612.52,607.55,
464.55,449.09,433.64,418.18,402.73,387.27,371.82,356.36,340.91,325.45,310.0,294.55,
828.61,888.56,948.5,1008.45,1068.39,1128.34,1188.29,1248.23,1308.18,1368.12,1428.07,1488.02,
662.1,659.91,729.26,760.5,812.04,852.76,899.24,942.66,987.71,1031.89,1076.54,1120.93,
552.82,562.81,619.94,653.13,698.47,737.64,779.95,820.67,862.19,903.3,944.62,985.84,
490.83,490.83,490.83,490.83,490.83,490.83,490.83,490.83,490.83,490.83,490.83,490.83,
524.17,524.17,524.17,524.17,524.17,524.17,524.17,524.17,524.17,524.17,524.17,524.17,
546.67,546.67,546.67,546.67,546.67,546.67,546.67,546.67,546.67,546.67,546.67,546.67,
339.88,384.95,311.44,323.06,273.56,267.94,230.82,216.31,185.57,166.48,139.02,117.58,
323.06,289.82,256.58,223.33,190.09,156.85,123.6,90.36,57.11,23.87,0.0,0.0,
523.33,523.33,523.33,523.33,523.33,523.33,523.33,523.33,523.33,523.33,523.33,523.33,
534.17,534.17,534.17,534.17,534.17,534.17,534.17,534.17,534.17,534.17,534.17,534.17,
834.92,760.29,707.3,669.66,642.94,623.96,610.48,600.91,594.11,589.28,585.85,583.42,
770.0,780.0,790.0,800.0,810.0,820.0,830.0,840.0,850.0,860.0,870.0,880.0,
726.36,742.73,759.09,775.45,791.82,808.18,824.55,840.91,857.27,873.64,890.0,906.36,
354.44,417.24,451.7,470.62,481.0,486.69,489.82,491.53,492.47,492.99,493.27,493.43,
233.55,296.6,339.09,367.73,387.03,400.04,408.81,414.72,418.7,421.38,423.19,424.41,
206.41,268.34,312.73,344.54,367.35,383.69,395.41,403.8,409.82,414.14,417.23,419.44,
0.91,0.0,0.0,0.0,0.0,0.0,0.0,0.0,0.0,0.0,0.0,0.0,
78.18,46.36,14.55,0.0,0.0,0.0,0.0,0.0,0.0,0.0,0.0,0.0,
280.91,261.82,242.73,223.64,204.55,185.45,166.36,147.27,128.18,109.09,90.0,70.91,
519.09,518.18,517.27,516.36,515.45,514.55,513.64,512.73,511.82,510.91,510.0,509.09,
539.09,528.18,517.27,506.36,495.45,484.55,473.64,462.73,451.82,440.91,430.0,419.09,
964.1,940.73,944.08,842.98,644.17,470.77,295.92,149.5,95.29,116.09,207.49,367.49,
690.25,622.99,450.44,197.6,110.72,80.36,87.87,247.23,441.06,594.63,742.79,805.05,
677.27,674.55,671.82,669.09,666.36,663.64,660.91,658.18,655.45,652.73,650.0,647.27,
215.83,106.56,33.65,0.0,0.0,0.0,0.0,0.0,0.0,0.0,0.0,0.0,
620.0,660.0,700.0,740.0,780.0,820.0,860.0,900.0,940.0,980.0,1020.0,1060.0,
567.27,604.55,641.82,679.09,716.36,753.64,790.91,828.18,865.45,902.73,940.0,977.27,
739.09,798.18,857.27,916.36,975.45,1034.55,1093.64,1152.73,1211.82,1270.91,1330.0,1389.09,
523.95,513.7,507.15,502.97,500.29,498.59,497.5,496.8,496.36,496.07,495.89,495.78,
605.0,605.0,605.0,605.0,605.0,605.0,605.0,605.0,605.0,605.0,605.0,605.0,
639.17,639.17,639.17,639.17,639.17,639.17,639.17,639.17,639.17,639.17,639.17,639.17,
652.5,652.5,652.5,652.5,652.5,652.5,652.5,652.5,652.5,652.5,652.5,652.5,
649.17,649.17,649.17,649.17,649.17,649.17,649.17,649.17,649.17,649.17,649.17,649.17,
619.17,619.17,619.17,619.17,619.17,619.17,619.17,619.17,619.17,619.17,619.17,619.17,
570.0,570.0,570.0,570.0,570.0,570.0,570.0,570.0,570.0,570.0,570.0,570.0,
415.73,553.67,447.34,572.68,458.79,579.55,462.93,582.03,464.44,582.92,464.98,583.24,
413.01,381.48,376.27,358.35,346.57,331.83,318.52,304.52,290.85,277.02,263.27,249.48,
310.99,403.66,274.65,367.32,238.32,330.98,201.98,294.64,165.64,258.3,129.3,221.96,
287.96,251.86,215.76,179.66,143.56,107.46,71.35,35.25,0.0,0.0,0.0,0.0,
190.29,146.23,102.16,58.09,14.03,0.0,0.0,0.0,0.0,0.0,0.0,0.0,
0.0,0.0,0.0,0.0,0.0,0.0,0.0,0.0,0.0,0.0,0.0,0.0,
13.26,0.0,0.0,0.0,0.0,0.0,0.0,0.0,0.0,0.0,0.0,0.0,
0.0,0.0,0.0,0.0,0.0,0.0,0.0,0.0,0.0,0.0,0.0,0.0,
204.55,179.09,153.64,128.18,102.73,77.27,51.82,26.36,0.91,0.0,0.0,0.0,
133.64,107.27,80.91,54.55,28.18,1.82,0.0,0.0,0.0,0.0,0.0,0.0,
419.26,354.7,320.18,301.72,291.85,286.58,283.75,282.25,281.44,281.01,280.78,280.65,
580.6,528.95,490.51,461.91,440.62,424.78,412.99,404.21,397.68,392.83,389.21,386.52,
646.59,596.26,556.29,524.56,499.37,479.37,463.49,450.89,440.88,432.93,426.62,421.62,
1155.3,1440.68,1752.01,2048.97,2447.24,2833.84,3273.7,3757.19,4257.05,4811.29,5391.14,6008.04,
768.18,806.36,844.55,882.73,920.91,959.09,997.27,1035.45,1073.64,1111.82,1150.0,1188.18,
555.45,590.91,626.36,661.82,697.27,732.73,768.18,803.64,839.09,874.55,910.0,945.45,
618.18,666.36,714.55,762.73,810.91,859.09,907.27,955.45,1003.64,1051.82,1100.0,1148.18,
605.45,650.91,696.36,741.82,787.27,832.73,878.18,923.64,969.09,1014.55,1060.0,1105.45,
848.18,916.36,984.55,1052.73,1120.91,1189.09,1257.27,1325.45,1393.64,1461.82,1530.0,1598.18,
290.42,550.79,550.79,550.79,550.79,550.79,550.79,550.79,550.79,550.79,550.79,550.79,
610.83,610.83,610.83,610.83,610.83,610.83,610.83,610.83,610.83,610.83,610.83,610.83,
651.67,651.67,651.67,651.67,651.67,651.67,651.67,651.67,651.67,651.67,651.67,651.67,
660.0,660.0,660.0,660.0,660.0,660.0,660.0,660.0,660.0,660.0,660.0,660.0,
627.5,627.5,627.5,627.5,627.5,627.5,627.5,627.5,627.5,627.5,627.5,627.5,
601.67,601.67,601.67,601.67,601.67,601.67,601.67,601.67,601.67,601.67,601.67,601.67,
577.5,577.5,577.5,577.5,577.5,577.5,577.5,577.5,577.5,577.5,577.5,577.5,
550.0,550.0,550.0,550.0,550.0,550.0,550.0,550.0,550.0,550.0,550.0,550.0,
527.5,527.5,527.5,527.5,527.5,527.5,527.5,527.5,527.5,527.5,527.5,527.5,
252.33,215.87,179.41,142.94,106.48,70.02,33.56,0.0,0.0,0.0,0.0,0.0,
126.63,77.12,27.6,0.0,0.0,0.0,0.0,0.0,0.0,0.0,0.0,0.0,
66.66,17.14,0.0,0.0,0.0,0.0,0.0,0.0,0.0,0.0,0.0,0.0,
0.0,0.0,0.0,0.0,0.0,0.0,0.0,0.0,0.0,0.0,0.0,0.0,
65.32,0.0,0.0,0.0,0.0,0.0,0.0,0.0,0.0,0.0,0.0,0.0,
214.55,179.09,143.64,108.18,72.73,37.27,1.82,0.0,0.0,0.0,0.0,0.0,
346.55,275.88,275.88,275.88,275.88,275.88,275.88,275.88,275.88,275.88,275.88,275.88,
482.07,431.3,398.23,376.68,362.64,353.5,347.54,343.66,341.13,339.48,338.41,337.71,
865.21,826.52,793.1,764.23,739.3,717.76,699.16,683.09,669.21,657.23,646.87,637.93,
1346.4,1682.31,2057.73,2472.66,2927.11,3421.05,3954.51,4527.48,5139.96,5791.95,6483.45,7214.46,
736.16,772.34,808.53,844.72,880.91,917.1,953.29,989.48,1025.66,1061.85,1098.04,1134.23,
772.96,819.76,866.55,913.35,960.15,1006.94,1053.74,1100.54,1147.33,1194.13,1240.93,1287.73,
531.64,571.59,611.54,651.49,691.44,731.39,771.34,811.29,851.24,891.19,931.14,971.09,
608.3,648.42,688.54,728.66,768.78,808.9,849.02,889.13,929.25,969.37,1009.49,1049.61,
nan,nan,nan,nan,nan,nan,nan,nan,nan,nan,nan,nan,
590.04,616.1,629.5,628.66,617.79,603.7,592.57,587.75,589.34,594.99,601.46,606.12,
499.16,523.99,538.72,547.45,552.62,555.69,557.51,558.58,559.22,559.6,559.83,559.96,
675.42,654.79,647.13,647.13,647.13,647.13,647.13,647.13,647.13,647.13,647.13,647.13,
445.47,444.87,444.27,443.67,443.07,442.46,441.86,441.26,440.66,440.06,439.46,438.86,
833.64,827.27,820.91,814.55,808.18,801.82,795.45,789.09,782.73,776.36,770.0,763.64,
938.04,912.82,892.92,877.22,864.84,855.06,847.35,841.27,836.46,832.68,829.69,827.33,
646.67,646.67,646.67,646.67,646.67,646.67,646.67,646.67,646.67,646.67,646.67,646.67,
591.68,615.97,615.97,615.97,615.97,615.97,615.97,615.97,615.97,615.97,615.97,615.97,
554.17,554.17,554.17,554.17,554.17,554.17,554.17,554.17,554.17,554.17,554.17,554.17,
453.63,505.48,505.48,505.48,505.48,505.48,505.48,505.48,505.48,505.48,505.48,505.48,
38.18,0.0,0.0,0.0,0.0,0.0,0.0,0.0,0.0,0.0,0.0,0.0,
0.0,0.0,0.0,0.0,0.0,0.0,0.0,0.0,0.0,0.0,0.0,0.0,
233.64,207.27,180.91,154.55,128.18,101.82,75.45,49.09,22.73,0.0,0.0,0.0,
380.0,360.0,340.0,320.0,300.0,280.0,260.0,240.0,220.0,200.0,180.0,160.0,
714.82,632.29,577.89,542.02,518.38,502.79,492.52,485.74,481.28,478.33,476.39,475.11,
649.71,613.67,587.85,569.35,556.09,546.59,539.78,534.91,531.41,528.91,527.11,525.83,
524.61,514.02,506.73,501.71,498.26,495.88,494.25,493.12,492.34,491.81,491.44,491.19,
550.91,561.82,572.73,583.64,594.55,605.45,616.36,627.27,638.18,649.09,660.0,670.91,
555.45,570.91,586.36,601.82,617.27,632.73,648.18,663.64,679.09,694.55,710.0,725.45,
396.36,422.73,449.09,475.45,501.82,528.18,554.55,580.91,607.27,633.64,660.0,686.36,
464.55,499.09,533.64,568.18,602.73,637.27,671.82,706.36,740.91,775.45,810.0,844.55,
723.64,777.27,830.91,884.55,938.18,991.82,1045.45,1099.09,1152.73,1206.36,1260.0,1313.64,
456.39,467.6,467.6,467.6,467.6,467.6,467.6,467.6,467.6,467.6,467.6,467.6,
542.79,625.65,534.63,534.63,534.63,534.63,534.63,534.63,534.63,534.63,534.63,534.63,
528.33,528.33,528.33,528.33,528.33,528.33,528.33,528.33,528.33,528.33,528.33,528.33,
733.34,571.92,571.92,571.92,571.92,571.92,571.92,571.92,571.92,571.92,571.92,571.92,
828.34,591.19,591.19,591.19,591.19,591.19,591.19,591.19,591.19,591.19,591.19,591.19,
604.94,577.74,577.74,577.74,577.74,577.74,577.74,577.74,577.74,577.74,577.74,577.74,
998.18,1036.36,1074.55,1112.73,1150.91,1189.09,1227.27,1265.45,1303.64,1341.82,1380.0,1418.18,
790.91,811.82,832.73,853.64,874.55,895.45,916.36,937.27,958.18,979.09,1000.0,1020.91,
675.45,700.91,726.36,751.82,777.27,802.73,828.18,853.64,879.09,904.55,930.0,955.45,
496.69,551.91,580.49,595.29,602.94,606.9,608.96,610.02,610.57,610.85,611.0,611.07,
435.48,742.18,1058.52,1122.55,956.09,641.13,361.22,259.08,380.87,649.04,913.76,1034.7,
250.12,481.99,642.56,699.74,678.05,622.63,571.44,543.24,538.84,549.06,563.01,573.34,
8.18,0.0,0.0,0.0,0.0,0.0,0.0,0.0,0.0,0.0,0.0,0.0,
53.64,27.27,0.91,0.0,0.0,0.0,0.0,0.0,0.0,0.0,0.0,0.0,
345.45,320.91,296.36,271.82,247.27,222.73,198.18,173.64,149.09,124.55,100.0,75.45,
246.36,182.73,119.09,55.45,0.0,0.0,0.0,0.0,0.0,0.0,0.0,0.0,
510.91,481.82,452.73,423.64,394.55,365.45,336.36,307.27,278.18,249.09,220.0,190.91,
744.77,755.06,725.44,618.13,482.13,335.0,216.03,147.13,144.39,206.13,318.15,454.64,
490.74,343.09,204.18,114.71,107.38,180.98,308.7,444.78,542.31,568.67,516.74,406.49,
nan,nan,nan,nan,nan,nan,nan,nan,nan,nan,nan,nan,
488.18,496.36,504.55,512.73,520.91,529.09,537.27,545.45,553.64,561.82,570.0,578.18,
485.69,510.63,542.71,573.72,605.97,637.9,670.06,702.13,734.26,766.36,798.48,830.59,
572.73,615.45,658.18,700.91,743.64,786.36,829.09,871.82,914.55,957.27,1000.0,1042.73,
509.09,548.18,587.27,626.36,665.45,704.55,743.64,782.73,821.82,860.91,900.0,939.09,
434.46,423.6,416.01,410.7,406.99,404.4,402.59,401.32,400.43,399.81,399.38,399.08,
509.6,488.47,488.47,488.47,488.47,488.47,488.47,488.47,488.47,488.47,488.47,488.47,
485.83,485.83,485.83,485.83,485.83,485.83,485.83,485.83,485.83,485.83,485.83,485.83,
510.83,510.83,510.83,510.83,510.83,510.83,510.83,510.83,510.83,510.83,510.83,510.83,
527.5,527.5,527.5,527.5,527.5,527.5,527.5,527.5,527.5,527.5,527.5,527.5,
820.43,690.34,587.53,587.53,587.53,587.53,587.53,587.53,587.53,587.53,587.53,587.53,
989.09,1028.18,1067.27,1106.36,1145.45,1184.55,1223.64,1262.73,1301.82,1340.91,1380.0,1419.09,
840.0,870.0,900.0,930.0,960.0,990.0,1020.0,1050.0,1080.0,1110.0,1140.0,1170.0,
547.27,554.55,561.82,569.09,576.36,583.64,590.91,598.18,605.45,612.73,620.0,627.27,
294.8,444.31,603.67,690.18,692.0,644.03,590.97,561.12,559.38,574.72,592.36,602.64,
nan,nan,nan,nan,nan,nan,nan,nan,nan,nan,nan,nan,
66.1,197.25,343.36,457.45,523.17,545.0,537.37,516.06,493.26,475.92,466.24,463.31,
16.44,0.0,0.0,0.0,0.0,0.0,0.0,0.0,0.0,0.0,0.0,0.0,
168.36,218.49,262.77,302.92,340.13,375.27,408.94,441.57,473.46,504.83,535.83,566.56,
399.29,484.49,546.74,593.57,630.02,659.5,684.28,705.9,725.4,743.47,760.59,777.05,
1207.48,1577.11,1900.61,2187.31,2444.67,2678.61,2893.89,3094.28,3282.79,3461.82,3633.31,3798.76,
565.45,530.91,496.36,461.82,427.27,392.73,358.18,323.64,289.09,254.55,220.0,185.45,
871.24,824.72,787.88,758.71,735.61,717.32,702.84,691.37,682.29,675.1,669.41,664.9,
661.99,624.54,598.08,579.39,566.19,556.86,550.27,545.62,542.33,540.01,538.37,537.21,
496.36,492.73,489.09,485.45,481.82,478.18,474.55,470.91,467.27,463.64,460.0,456.36,
617.27,644.55,671.82,699.09,726.36,753.64,780.91,808.18,835.45,862.73,890.0,917.27,
626.36,662.73,699.09,735.45,771.82,808.18,844.55,880.91,917.27,953.64,990.0,1026.36,
520.91,561.82,602.73,643.64,684.55,725.45,766.36,807.27,848.18,889.09,930.0,970.91,
559.64,528.39,508.98,496.94,489.46,484.82,481.94,480.15,479.04,478.35,477.93,477.66,
562.08,562.08,562.08,562.08,562.08,562.08,562.08,562.08,562.08,562.08,562.08,562.08,
592.92,592.92,592.92,592.92,592.92,592.92,592.92,592.92,592.92,592.92,592.92,592.92,
449.18,424.21,399.25,374.28,349.32,324.36,299.39,274.43,249.46,224.5,199.54,174.57,
593.75,593.75,593.75,593.75,593.75,593.75,593.75,593.75,593.75,593.75,593.75,593.75,
562.51,604.65,604.65,604.65,604.65,604.65,604.65,604.65,604.65,604.65,604.65,604.65,
578.75,578.75,578.75,578.75,578.75,578.75,578.75,578.75,578.75,578.75,578.75,578.75,
816.36,842.73,869.09,895.45,921.82,948.18,974.55,1000.91,1027.27,1053.64,1080.0,1106.36,
644.55,649.09,653.64,658.18,662.73,667.27,671.82,676.36,680.91,685.45,690.0,694.55,
519.07,586.07,586.07,586.07,586.07,586.07,586.07,586.07,586.07,586.07,586.07,586.07,
398.32,542.59,542.59,542.59,542.59,542.59,542.59,542.59,542.59,542.59,542.59,542.59,
291.49,375.46,427.84,460.52,480.9,493.62,501.55,506.5,509.59,511.52,512.72,513.47,
0.0,0.0,0.0,0.0,0.0,0.0,0.0,0.0,0.0,0.0,0.0,0.0,
67.0,61.0,52.0,40.0,25.0,7.0,0.0,0.0,0.0,0.0,0.0,0.0,
67.23,44.35,16.97,0.0,0.0,0.0,0.0,0.0,0.0,0.0,0.0,0.0,
181.93,177.64,161.52,140.07,116.2,91.24,65.79,40.12,14.35,0.0,0.0,0.0,
694.39,881.59,1034.82,1163.63,1274.86,1373.45,1462.94,1545.89,1624.13,1698.98,1771.4,1842.06,
752.0,916.0,1092.0,1280.0,1480.0,1692.0,1916.0,2152.0,2400.0,2660.0,2932.0,3216.0,
515.24,476.62,407.4,328.26,261.26,223.74,223.99,259.52,318.47,383.39,436.32,463.71,
571.95,513.65,477.15,454.3,440.0,431.05,425.44,421.94,419.74,418.37,417.51,416.97,
545.45,550.91,556.36,561.82,567.27,572.73,578.18,583.64,589.09,594.55,600.0,605.45,
728.8,766.42,804.04,841.65,879.27,916.89,954.51,992.13,1029.75,1067.37,1104.99,1142.61,
720.91,761.82,802.73,843.64,884.55,925.45,966.36,1007.27,1048.18,1089.09,1130.0,1170.91,
276.74,292.01,307.29,322.57,337.84,353.12,368.4,383.67,398.95,414.23,429.5,444.78,
451.82,483.64,515.45,547.27,579.09,610.91,642.73,674.55,706.36,738.18,770.0,801.82,
664.94,709.96,754.98,800.01,845.03,890.05,935.08,980.1,1025.13,1070.15,1115.17,1160.2,
306.68,466.68,466.68,466.68,466.68,466.68,466.68,466.68,466.68,466.68,466.68,466.68,
510.0,510.0,510.0,510.0,510.0,510.0,510.0,510.0,510.0,510.0,510.0,510.0,
523.33,523.33,523.33,523.33,523.33,523.33,523.33,523.33,523.33,523.33,523.33,523.33,
609.99,535.72,535.72,535.72,535.72,535.72,535.72,535.72,535.72,535.72,535.72,535.72,
570.0,544.28,544.28,544.28,544.28,544.28,544.28,544.28,544.28,544.28,544.28,544.28,
545.0,545.0,545.0,545.0,545.0,545.0,545.0,545.0,545.0,545.0,545.0,545.0,
574.17,574.17,574.17,574.17,574.17,574.17,574.17,574.17,574.17,574.17,574.17,574.17,
568.33,568.33,568.33,568.33,568.33,568.33,568.33,568.33,568.33,568.33,568.33,568.33,
545.83,545.83,545.83,545.83,545.83,545.83,545.83,545.83,545.83,545.83,545.83,545.83,
525.0,525.0,525.0,525.0,525.0,525.0,525.0,525.0,525.0,525.0,525.0,525.0,
221.01,317.54,375.42,410.11,430.91,443.38,450.86,455.34,458.03,459.64,460.61,461.19,
0.0,0.0,0.0,0.0,0.0,0.0,0.0,0.0,0.0,0.0,0.0,0.0,
1.82,0.0,0.0,0.0,0.0,0.0,0.0,0.0,0.0,0.0,0.0,0.0,
0.0,0.0,0.0,0.0,0.0,0.0,0.0,0.0,0.0,0.0,0.0,0.0,
34.55,0.0,0.0,0.0,0.0,0.0,0.0,0.0,0.0,0.0,0.0,0.0,
214.55,179.09,143.64,108.18,72.73,37.27,1.82,0.0,0.0,0.0,0.0,0.0,
504.55,499.09,493.64,488.18,482.73,477.27,471.82,466.36,460.91,455.45,450.0,444.55,
782.18,758.01,737.01,718.77,702.92,689.15,677.19,666.8,657.77,649.93,643.12,637.2,
1769.0,2337.0,2964.0,3650.0,4395.0,5199.0,6062.0,6984.0,7965.0,9005.0,10104.0,11262.0,
1572.09,1958.55,2389.38,2864.59,3384.17,3948.13,4556.46,5209.16,5906.24,6647.69,7433.51,8263.71,
1187.93,1264.09,1340.26,1416.43,1492.59,1568.76,1644.92,1721.09,1797.26,1873.42,1949.59,2025.75,
500.24,335.38,225.88,152.46,102.57,68.01,43.45,25.41,11.62,0.6,0.0,0.0,
488.36,443.1,425.28,423.72,431.77,445.51,462.62,481.72,502.0,522.98,544.38,566.01,
679.43,728.55,777.5,826.37,875.19,923.98,972.76,1021.52,1070.29,1119.05,1167.82,1216.58,
863.88,953.67,1035.88,1113.99,1189.91,1264.63,1338.71,1412.45,1486.0,1559.45,1632.85,1706.22,
505.35,512.8,581.59,666.68,730.38,754.66,742.09,708.68,673.59,650.83,645.44,654.23,
863.6,990.35,888.85,832.31,710.64,702.1,728.17,823.03,886.31,911.45,867.29,800.76,
667.2,713.48,738.05,751.1,758.02,761.7,763.65,764.68,765.23,765.52,765.68,765.76,
417.27,384.55,351.82,319.09,286.36,253.64,220.91,188.18,155.45,122.73,90.0,57.27,
223.64,137.27,50.91,0.0,0.0,0.0,0.0,0.0,0.0,0.0,0.0,0.0,
368.18,296.36,224.55,152.73,80.91,9.09,0.0,0.0,0.0,0.0,0.0,0.0,
290.83,240.69,190.54,140.4,90.25,40.11,0.0,0.0,0.0,0.0,0.0,0.0,
328.72,293.54,258.35,223.16,187.98,152.79,117.6,82.42,47.23,12.04,0.0,0.0,
306.67,272.96,239.24,205.53,171.81,138.1,104.38,70.67,36.96,3.24,0.0,0.0,
192.28,146.47,100.66,54.86,9.05,0.0,0.0,0.0,0.0,0.0,0.0,0.0,
84.72,29.4,0.0,0.0,0.0,0.0,0.0,0.0,0.0,0.0,0.0,0.0,
13.14,0.0,0.0,0.0,0.0,0.0,0.0,0.0,0.0,0.0,0.0,0.0,
0.0,0.0,0.0,0.0,0.0,0.0,0.0,0.0,0.0,0.0,0.0,0.0,
0.0,0.0,0.0,0.0,0.0,0.0,0.0,0.0,0.0,0.0,0.0,0.0,
199.09,178.18,157.27,136.36,115.45,94.55,73.64,52.73,31.82,10.91,0.0,0.0,
561.52,272.99,272.99,272.99,272.99,272.99,272.99,272.99,272.99,272.99,272.99,272.99,
568.8,402.39,198.48,27.69,0.0,0.0,105.29,278.91,437.26,527.09,521.54,427.83,
1018.19,1235.5,1443.85,1678.65,1921.48,2181.91,2454.98,2743.26,3045.41,3362.13,3693.06,4038.39,
1060.78,1130.26,1361.66,1504.76,1759.46,1966.07,2252.15,2515.79,2838.42,3154.98,3517.44,3884.29,
850.0,890.0,930.0,970.0,1010.0,1050.0,1090.0,1130.0,1170.0,1210.0,1250.0,1290.0,
nan,nan,nan,nan,nan,nan,nan,nan,nan,nan,nan,nan,
941.82,1013.64,1085.45,1157.27,1229.09,1300.91,1372.73,1444.55,1516.36,1588.18,1660.0,1731.82,
728.18,786.36,844.55,902.73,960.91,1019.09,1077.27,1135.45,1193.64,1251.82,1310.0,1368.18,
359.45,160.44,0.0,0.0,0.0,0.0,0.0,0.0,0.0,0.0,0.0,0.0,
916.36,982.73,1049.09,1115.45,1181.82,1248.18,1314.55,1380.91,1447.27,1513.64,1580.0,1646.36,
697.5,697.5,697.5,697.5,697.5,697.5,697.5,697.5,697.5,697.5,697.5,697.5,
741.67,741.67,741.67,741.67,741.67,741.67,741.67,741.67,741.67,741.67,741.67,741.67,
745.0,745.0,745.0,745.0,745.0,745.0,745.0,745.0,745.0,745.0,745.0,745.0,
611.23,591.13,571.03,550.93,530.83,510.73,490.63,470.52,450.42,430.32,410.22,390.12,
522.48,494.66,466.83,439.01,411.19,383.37,355.54,327.72,299.9,272.07,244.25,216.43,
199.09,148.18,97.27,46.36,0.0,0.0,0.0,0.0,0.0,0.0,0.0,0.0,
325.08,280.66,236.24,191.81,147.39,102.96,58.54,14.12,0.0,0.0,0.0,0.0,
259.14,210.98,162.81,114.65,66.48,18.31,0.0,0.0,0.0,0.0,0.0,0.0,
320.91,291.82,262.73,233.64,204.55,175.45,146.36,117.27,88.18,59.09,30.0,0.91,
130.78,76.96,23.14,0.0,0.0,0.0,0.0,0.0,0.0,0.0,0.0,0.0,
0.0,0.0,0.0,0.0,0.0,0.0,0.0,0.0,0.0,0.0,0.0,0.0,
0.0,0.0,0.0,0.0,0.0,0.0,0.0,0.0,0.0,0.0,0.0,0.0,
0.0,0.0,0.0,0.0,0.0,0.0,0.0,0.0,0.0,0.0,0.0,0.0,
140.0,100.0,60.0,20.0,0.0,0.0,0.0,0.0,0.0,0.0,0.0,0.0,
575.61,488.67,436.31,404.79,385.8,374.37,367.49,363.35,360.85,359.35,358.44,357.9,
505.49,253.5,153.61,190.88,275.61,333.77,343.6,322.97,299.19,288.04,289.99,297.43,
839.09,888.18,937.27,986.36,1035.45,1084.55,1133.64,1182.73,1231.82,1280.91,1330.0,1379.09,
777.27,814.55,851.82,889.09,926.36,963.64,1000.91,1038.18,1075.45,1112.73,1150.0,1187.27,
1292.73,1375.45,1458.18,1540.91,1623.64,1706.36,1789.09,1871.82,1954.55,2037.27,2120.0,2202.73,
808.18,846.36,884.55,922.73,960.91,999.09,1037.27,1075.45,1113.64,1151.82,1190.0,1228.18,
166.36,172.73,179.09,185.45,191.82,198.18,204.55,210.91,217.27,223.64,230.0,236.36,
474.55,509.09,543.64,578.18,612.73,647.27,681.82,716.36,750.91,785.45,820.0,854.55,
378.0,490.43,490.43,490.43,490.43,490.43,490.43,490.43,490.43,490.43,490.43,490.43,
510.04,536.22,536.22,536.22,536.22,536.22,536.22,536.22,536.22,536.22,536.22,536.22,
567.38,564.23,564.23,564.23,564.23,564.23,564.23,564.23,564.23,564.23,564.23,564.23,
688.0,636.31,636.31,636.31,636.31,636.31,636.31,636.31,636.31,636.31,636.31,636.31,
558.78,609.16,609.16,609.16,609.16,609.16,609.16,609.16,609.16,609.16,609.16,609.16,
595.02,610.76,610.76,610.76,610.76,610.76,610.76,610.76,610.76,610.76,610.76,610.76,
825.0,615.01,615.01,615.01,615.01,615.01,615.01,615.01,615.01,615.01,615.01,615.01,
568.33,568.33,568.33,568.33,568.33,568.33,568.33,568.33,568.33,568.33,568.33,568.33,
486.67,486.67,486.67,486.67,486.67,486.67,486.67,486.67,486.67,486.67,486.67,486.67,
255.96,326.32,360.25,376.6,384.48,388.29,390.12,391.0,391.43,391.63,391.73,391.78,
160.66,242.57,293.92,326.1,346.28,358.93,366.86,371.83,374.95,376.9,378.12,378.89,
0.0,0.0,0.0,0.0,0.0,0.0,0.0,0.0,0.0,0.0,0.0,0.0,
33.64,7.27,0.0,0.0,0.0,0.0,0.0,0.0,0.0,0.0,0.0,0.0,
225.45,200.91,176.36,151.82,127.27,102.73,78.18,53.64,29.09,4.55,0.0,0.0,
410.91,391.82,372.73,353.64,334.55,315.45,296.36,277.27,258.18,239.09,220.0,200.91,
596.61,545.67,510.29,485.73,468.68,456.84,448.62,442.92,438.96,436.2,434.3,432.97,
470.3,438.45,418.04,404.96,396.58,391.21,387.77,385.56,384.15,383.24,382.66,382.29,
947.89,868.38,806.48,758.29,720.76,691.54,668.79,651.08,637.29,626.55,618.19,611.68,
944.23,854.94,977.53,983.07,1053.26,1087.74,1141.95,1185.26,1234.59,1280.6,1328.44,1375.27,
480.91,501.82,522.73,543.64,564.55,585.45,606.36,627.27,648.18,669.09,690.0,710.91,
699.09,748.18,797.27,846.36,895.45,944.55,993.64,1042.73,1091.82,1140.91,1190.0,1239.09,
499.09,538.18,577.27,616.36,655.45,694.55,733.64,772.73,811.82,850.91,890.0,929.09,
293.34,335.44,359.61,373.48,381.45,386.02,388.65,390.15,391.02,391.52,391.8,391.96,
487.5,487.5,487.5,487.5,487.5,487.5,487.5,487.5,487.5,487.5,487.5,487.5,
513.33,513.33,513.33,513.33,513.33,513.33,513.33,513.33,513.33,513.33,513.33,513.33,
529.17,529.17,529.17,529.17,529.17,529.17,529.17,529.17,529.17,529.17,529.17,529.17,
309.08,275.22,241.36,207.5,173.64,139.78,105.92,72.06,38.2,4.35,0.0,0.0,
524.17,524.17,524.17,524.17,524.17,524.17,524.17,524.17,524.17,524.17,524.17,524.17,
585.93,561.54,561.54,561.54,561.54,561.54,561.54,561.54,561.54,561.54,561.54,561.54,
757.44,683.22,638.28,611.06,594.58,584.6,578.56,574.9,572.68,571.34,570.53,570.04,
983.64,1027.27,1070.91,1114.55,1158.18,1201.82,1245.45,1289.09,1332.73,1376.36,1420.0,1463.64,
671.82,673.64,675.45,677.27,679.09,680.91,682.73,684.55,686.36,688.18,690.0,691.82,
318.18,306.36,294.55,282.73,270.91,259.09,247.27,235.45,223.64,211.82,200.0,188.18,
18.27,136.73,335.05,518.27,623.05,632.33,568.88,476.04,396.05,354.86,356.99,389.77,
87.96,143.06,187.74,223.96,253.32,277.13,296.43,312.08,324.77,335.05,343.39,350.16,
nan,nan,nan,nan,nan,nan,nan,nan,nan,nan,nan,nan,
130.76,99.96,69.16,38.36,7.57,0.0,0.0,0.0,0.0,0.0,0.0,0.0,
480.07,504.2,379.29,165.35,0.0,0.0,0.0,0.0,0.0,0.0,3.19,0.0,
726.01,667.92,488.94,308.91,213.64,216.64,272.41,319.01,317.51,267.23,195.0,132.25,
395.05,110.75,0.0,0.0,11.58,114.03,131.38,49.4,0.0,0.0,0.0,0.0,
458.26,305.88,191.35,160.4,218.45,332.08,447.12,513.91,508.25,439.45,343.09,263.27,
1044.99,1086.27,996.64,847.26,697.15,583.28,519.85,503.4,520.27,553.8,589.51,617.87,
279.0,232.01,185.01,138.02,91.03,44.04,0.0,0.0,0.0,0.0,0.0,0.0,
450.0,460.0,470.0,480.0,490.0,500.0,510.0,520.0,530.0,540.0,550.0,560.0,
353.64,377.27,400.91,424.55,448.18,471.82,495.45,519.09,542.73,566.36,590.0,613.64,
456.36,492.73,529.09,565.45,601.82,638.18,674.55,710.91,747.27,783.64,820.0,856.36,
479.98,441.4,441.4,441.4,441.4,441.4,441.4,441.4,441.4,441.4,441.4,441.4,
342.72,451.35,451.35,451.35,451.35,451.35,451.35,451.35,451.35,451.35,451.35,451.35,
513.33,513.33,513.33,513.33,513.33,513.33,513.33,513.33,513.33,513.33,513.33,513.33,
619.53,550.34,550.34,550.34,550.34,550.34,550.34,550.34,550.34,550.34,550.34,550.34,
493.33,549.04,549.04,549.04,549.04,549.04,549.04,549.04,549.04,549.04,549.04,549.04,
550.83,550.83,550.83,550.83,550.83,550.83,550.83,550.83,550.83,550.83,550.83,550.83,
551.67,551.67,551.67,551.67,551.67,551.67,551.67,551.67,551.67,551.67,551.67,551.67,
682.62,764.65,759.29,833.69,799.08,863.75,878.72,909.64,917.07,965.72,979.55,1004.77,
850.45,892.86,935.28,977.69,1020.1,1062.52,1104.93,1147.34,1189.76,1232.17,1274.59,1317.0,
851.48,974.5,992.58,1015.94,1082.42,1126.3,1162.08,1211.5,1258.02,1299.97,1345.33,1391.08,
607.5,607.5,607.5,607.5,607.5,607.5,607.5,607.5,607.5,607.5,607.5,607.5,
388.94,567.33,567.33,567.33,567.33,567.33,567.33,567.33,567.33,567.33,567.33,567.33,
252.93,503.06,640.52,650.58,590.16,524.16,488.71,486.88,503.23,520.64,529.77,530.04,
0.0,0.0,0.0,0.0,0.0,0.0,0.0,0.0,0.0,0.0,0.0,0.0,
45.45,0.0,0.0,0.0,0.0,0.0,0.0,0.0,0.0,0.0,0.0,0.0,
281.75,268.57,255.39,242.22,229.04,215.87,202.69,189.52,176.34,163.17,149.99,136.81,
676.59,591.98,420.81,303.85,279.04,298.05,300.73,265.7,209.47,157.28,120.24,93.11,
692.9,636.97,488.1,304.87,155.72,93.46,136.81,265.07,427.54,563.38,624.27,591.46,
876.83,716.18,403.66,136.72,0.0,0.0,90.48,332.31,592.35,785.69,852.18,775.83,
768.37,330.04,252.23,0.0,57.53,104.63,365.11,557.12,765.41,809.15,762.34,576.81,
600.91,581.82,562.73,543.64,524.55,505.45,486.36,467.27,448.18,429.09,410.0,390.91,
515.45,530.91,546.36,561.82,577.27,592.73,608.18,623.64,639.09,654.55,670.0,685.45,
407.27,434.55,461.82,489.09,516.36,543.64,570.91,598.18,625.45,652.73,680.0,707.27,
499.09,538.18,577.27,616.36,655.45,694.55,733.64,772.73,811.82,850.91,890.0,929.09,
398.39,397.25,396.45,395.89,395.5,395.22,395.02,394.88,394.79,394.72,394.67,394.64,
398.29,415.55,426.08,432.51,436.42,438.81,440.27,441.16,441.7,442.04,442.24,442.36,
466.7,484.05,492.24,496.12,497.95,498.81,499.22,499.41,499.51,499.55,499.57,499.58,
507.27,504.55,501.82,499.09,496.36,493.64,490.91,488.18,485.45,482.73,480.0,477.27,
651.82,653.64,655.45,657.27,659.09,660.91,662.73,664.55,666.36,668.18,670.0,671.82,
612.51,622.59,630.71,637.26,642.54,646.79,650.22,652.98,655.2,657.0,658.44,659.6,
792.7,749.27,716.34,691.39,672.48,658.15,647.28,639.04,632.8,628.07,624.48,621.77,
805.45,820.91,836.36,851.82,867.27,882.73,898.18,913.64,929.09,944.55,960.0,975.45,
609.09,618.18,627.27,636.36,645.45,654.55,663.64,672.73,681.82,690.91,700.0,709.09,
445.45,450.91,456.36,461.82,467.27,472.73,478.18,483.64,489.09,494.55,500.0,505.45,
337.55,438.6,576.13,713.97,774.52,744.94,633.75,497.51,393.72,369.13,430.52,548.98,
300.92,339.2,367.98,389.61,405.88,418.11,427.3,434.21,439.41,443.31,446.25,448.45,
167.63,206.79,238.97,265.43,287.18,305.06,319.76,331.84,341.77,349.94,356.65,362.16,
0.0,0.0,0.0,0.0,0.0,0.0,0.0,0.0,0.0,0.0,0.0,0.0,
40.91,1.82,0.0,0.0,0.0,0.0,0.0,0.0,0.0,0.0,0.0,0.0,
268.18,236.36,204.55,172.73,140.91,109.09,77.27,45.45,13.64,0.0,0.0,0.0,
641.43,719.05,799.71,921.45,1089.11,1287.23,1499.11,1717.32,1943.36,2182.08,2436.76,2707.6,
869.88,901.59,825.78,669.34,476.85,298.25,176.2,136.21,181.7,294.89,442.82,586.55,
390.54,220.91,143.13,172.1,277.86,405.23,500.03,530.34,495.34,420.18,341.6,291.3,
577.84,505.24,436.71,391.78,374.92,380.17,397.11,415.87,429.92,436.82,437.27,433.7,
777.21,815.36,845.04,870.95,895.18,918.65,941.8,964.8,987.73,1010.63,1033.52,1056.41,
775.65,806.83,838.02,869.2,900.39,931.57,962.76,993.94,1025.12,1056.31,1087.49,1118.68,
446.36,462.73,479.09,495.45,511.82,528.18,544.55,560.91,577.27,593.64,610.0,626.36,
294.55,309.09,323.64,338.18,352.73,367.27,381.82,396.36,410.91,425.45,440.0,454.55,
480.9,521.31,515.74,486.83,457.49,440.76,438.41,445.16,454.05,460.25,462.22,460.97,
446.79,423.14,451.95,451.95,451.95,451.95,451.95,451.95,451.95,451.95,451.95,451.95,
545.56,525.7,525.7,525.7,525.7,525.7,525.7,525.7,525.7,525.7,525.7,525.7,
520.67,539.88,539.88,539.88,539.88,539.88,539.88,539.88,539.88,539.88,539.88,539.88,
574.84,566.13,566.13,566.13,566.13,566.13,566.13,566.13,566.13,566.13,566.13,566.13,
555.02,542.18,542.18,542.18,542.18,542.18,542.18,542.18,542.18,542.18,542.18,542.18,
506.66,536.66,536.66,536.66,536.66,536.66,536.66,536.66,536.66,536.66,536.66,536.66,
621.67,541.67,541.67,541.67,541.67,541.67,541.67,541.67,541.67,541.67,541.67,541.67,
806.72,576.81,576.81,576.81,576.81,576.81,576.81,576.81,576.81,576.81,576.81,576.81,
823.05,864.32,905.58,946.85,988.11,1029.38,1070.64,1111.91,1153.17,1194.44,1235.7,1276.97,
378.18,386.36,394.55,402.73,410.91,419.09,427.27,435.45,443.64,451.82,460.0,468.18,
493.35,539.09,539.09,539.09,539.09,539.09,539.09,539.09,539.09,539.09,539.09,539.09,
198.76,498.04,498.04,498.04,498.04,498.04,498.04,498.04,498.04,498.04,498.04,498.04,
0.0,0.0,0.0,0.0,0.0,0.0,0.0,0.0,0.0,0.0,0.0,0.0,
50.0,10.0,0.0,0.0,0.0,0.0,0.0,0.0,0.0,0.0,0.0,0.0,
244.55,219.09,193.64,168.18,142.73,117.27,91.82,66.36,40.91,15.45,0.0,0.0,
725.18,732.13,739.08,746.03,752.98,759.93,766.88,773.83,780.78,787.73,794.68,801.63,
578.27,513.61,483.85,470.14,463.83,460.92,459.59,458.97,458.69,458.56,458.5,458.47,
685.07,584.45,535.34,511.36,499.66,493.95,491.16,489.8,489.14,488.81,488.66,488.58,
525.87,343.28,183.04,111.45,149.47,282.62,459.29,614.0,690.13,661.31,540.19,373.14,
499.64,369.05,192.06,136.35,148.28,264.17,420.77,584.23,694.67,724.84,663.74,534.32,
558.86,524.75,505.58,494.68,488.35,484.54,482.13,480.5,479.29,478.32,477.48,476.72,
218.75,86.95,0.0,0.0,0.0,0.0,0.0,0.0,0.0,0.0,0.0,0.0,
548.18,586.36,624.55,662.73,700.91,739.09,777.27,815.45,853.64,891.82,930.0,968.18,
712.0,771.4,830.8,890.21,949.61,1009.01,1068.42,1127.82,1187.22,1246.62,1306.03,1365.43,
700.24,611.79,570.61,551.43,542.5,538.34,536.41,535.51,535.09,534.89,534.8,534.76,
585.83,585.83,585.83,585.83,585.83,585.83,585.83,585.83,585.83,585.83,585.83,585.83,
625.27,610.03,610.03,610.03,610.03,610.03,610.03,610.03,610.03,610.03,610.03,610.03,
599.17,599.17,599.17,599.17,599.17,599.17,599.17,599.17,599.17,599.17,599.17,599.17,
595.0,595.0,595.0,595.0,595.0,595.0,595.0,595.0,595.0,595.0,595.0,595.0,
580.0,580.0,580.0,580.0,580.0,580.0,580.0,580.0,580.0,580.0,580.0,580.0,
457.28,570.38,570.38,570.38,570.38,570.38,570.38,570.38,570.38,570.38,570.38,570.38,
585.0,585.0,585.0,585.0,585.0,585.0,585.0,585.0,585.0,585.0,585.0,585.0,
589.17,589.17,589.17,589.17,589.17,589.17,589.17,589.17,589.17,589.17,589.17,589.17,
600.83,600.83,600.83,600.83,600.83,600.83,600.83,600.83,600.83,600.83,600.83,600.83,
572.5,572.5,572.5,572.5,572.5,572.5,572.5,572.5,572.5,572.5,572.5,572.5,
174.39,257.67,318.3,362.45,394.59,417.99,435.03,447.44,456.47,463.04,467.83,471.32,
20.0,0.0,0.0,0.0,0.0,0.0,0.0,0.0,0.0,0.0,0.0,0.0,
0.0,0.0,0.0,0.0,0.0,0.0,0.0,0.0,0.0,0.0,0.0,0.0,
67.27,34.55,1.82,0.0,0.0,0.0,0.0,0.0,0.0,0.0,0.0,0.0,
587.27,584.55,581.82,579.09,576.36,573.64,570.91,568.18,565.45,562.73,560.0,557.27,
493.05,451.56,432.23,423.23,419.04,417.09,416.18,415.76,415.56,415.47,415.43,415.41,
1202.03,1099.82,918.2,738.74,604.88,528.76,502.62,509.9,533.41,559.83,581.29,594.75,
646.45,375.75,112.59,0.0,0.0,133.13,396.93,655.61,811.64,807.07,645.01,387.98,
483.23,478.76,475.8,473.84,472.55,471.69,471.12,470.75,470.5,470.34,470.23,470.16,
497.27,494.55,491.82,489.09,486.36,483.64,480.91,478.18,475.45,472.73,470.0,467.27,
388.18,406.36,424.55,442.73,460.91,479.09,497.27,515.45,533.64,551.82,570.0,588.18,
276.45,295.11,308.26,317.54,324.08,328.69,331.94,334.24,335.85,336.99,337.8,338.36,
447.03,432.15,422.52,416.28,412.23,409.61,407.92,406.82,406.11,405.65,405.35,405.16,
515.87,484.66,484.66,484.66,484.66,484.66,484.66,484.66,484.66,484.66,484.66,484.66,
446.33,503.3,503.3,503.3,503.3,503.3,503.3,503.3,503.3,503.3,503.3,503.3,
480.91,471.82,462.73,453.64,444.55,435.45,426.36,417.27,408.18,399.09,390.0,380.91,
536.83,541.25,541.25,541.25,541.25,541.25,541.25,541.25,541.25,541.25,541.25,541.25,
651.96,580.78,580.78,580.78,580.78,580.78,580.78,580.78,580.78,580.78,580.78,580.78,
499.17,499.17,499.17,499.17,499.17,499.17,499.17,499.17,499.17,499.17,499.17,499.17,
504.3,482.32,482.32,482.32,482.32,482.32,482.32,482.32,482.32,482.32,482.32,482.32,
423.44,470.84,470.84,470.84,470.84,470.84,470.84,470.84,470.84,470.84,470.84,470.84,
472.5,472.5,472.5,472.5,472.5,472.5,472.5,472.5,472.5,472.5,472.5,472.5,
477.5,477.5,477.5,477.5,477.5,477.5,477.5,477.5,477.5,477.5,477.5,477.5,
497.5,497.5,497.5,497.5,497.5,497.5,497.5,497.5,497.5,497.5,497.5,497.5,
480.83,480.83,480.83,480.83,480.83,480.83,480.83,480.83,480.83,480.83,480.83,480.83,
138.18,116.36,94.55,72.73,50.91,29.09,7.27,0.0,0.0,0.0,0.0,0.0,
31.82,0.0,0.0,0.0,0.0,0.0,0.0,0.0,0.0,0.0,0.0,0.0,
0.0,0.0,0.0,0.0,0.0,0.0,0.0,0.0,0.0,0.0,0.0,0.0,
41.82,0.0,0.0,0.0,0.0,0.0,0.0,0.0,0.0,0.0,0.0,0.0,
181.82,153.64,125.45,97.27,69.09,40.91,12.73,0.0,0.0,0.0,0.0,0.0,
836.04,737.0,541.13,370.1,281.8,275.19,316.82,368.59,405.17,418.56,413.61,400.43,
588.39,321.47,352.64,352.64,352.64,352.64,352.64,352.64,352.64,352.64,352.64,352.64,
nan,nan,nan,nan,nan,nan,nan,nan,nan,nan,nan,nan,
1448.88,1701.84,2044.07,2372.64,2760.52,3155.97,3595.69,4053.65,4548.3,5066.56,5617.71,6195.17,
1002.73,1045.45,1088.18,1130.91,1173.64,1216.36,1259.09,1301.82,1344.55,1387.27,1430.0,1472.73,
935.45,990.91,1046.36,1101.82,1157.27,1212.73,1268.18,1323.64,1379.09,1434.55,1490.0,1545.45,
716.36,762.73,809.09,855.45,901.82,948.18,994.55,1040.91,1087.27,1133.64,1180.0,1226.36,
833.64,897.27,960.91,1024.55,1088.18,1151.82,1215.45,1279.09,1342.73,1406.36,1470.0,1533.64,
816.36,882.73,949.09,1015.45,1081.82,1148.18,1214.55,1280.91,1347.27,1413.64,1480.0,1546.36,
693.9,672.96,656.15,642.65,631.83,623.14,616.16,610.57,606.08,602.47,599.58,597.26,
675.06,678.35,680.49,681.88,682.78,683.36,683.75,683.99,684.15,684.26,684.32,684.37,
594.42,650.15,762.56,762.56,762.56,762.56,762.56,762.56,762.56,762.56,762.56,762.56,
527.27,514.55,501.82,489.09,476.36,463.64,450.91,438.18,425.45,412.73,400.0,387.27,
499.71,457.23,414.76,372.28,329.8,287.32,244.84,202.36,159.88,117.4,74.92,32.44,
692.73,655.45,618.18,580.91,543.64,506.36,469.09,431.82,394.55,357.27,320.0,282.73,
621.82,593.64,565.45,537.27,509.09,480.91,452.73,424.55,396.36,368.18,340.0,311.82,
480.65,453.46,426.27,399.07,371.88,344.69,317.5,290.31,263.12,235.92,208.73,181.54,
168.18,126.36,84.55,42.73,0.91,0.0,0.0,0.0,0.0,0.0,0.0,0.0,
17.27,0.0,0.0,0.0,0.0,0.0,0.0,0.0,0.0,0.0,0.0,0.0,
0.0,0.0,0.0,0.0,0.0,0.0,0.0,0.0,0.0,0.0,0.0,0.0,
54.55,0.0,0.0,0.0,0.0,0.0,0.0,0.0,0.0,0.0,0.0,0.0,
233.64,197.27,160.91,124.55,88.18,51.82,15.45,0.0,0.0,0.0,0.0,0.0,
533.75,574.47,595.95,608.83,617.87,625.19,631.74,637.95,644.0,649.98,655.94,661.88,
955.41,863.64,633.62,383.36,209.59,157.44,216.46,337.95,462.14,542.83,560.99,525.17,
810.97,630.83,332.83,278.74,2.62,15.92,135.79,220.36,524.48,663.18,753.26,787.17,
800.31,752.98,715.44,685.68,662.08,643.37,628.53,616.76,607.43,600.03,594.17,589.52,
682.73,685.45,688.18,690.91,693.64,696.36,699.09,701.82,704.55,707.27,710.0,712.73,
618.18,646.36,674.55,702.73,730.91,759.09,787.27,815.45,843.64,871.82,900.0,928.18,
nan,nan,nan,nan,nan,nan,nan,nan,nan,nan,nan,nan,
549.09,588.18,627.27,666.36,705.45,744.55,783.64,822.73,861.82,900.91,940.0,979.09,
662.73,715.45,768.18,820.91,873.64,926.36,979.09,1031.82,1084.55,1137.27,1190.0,1242.73,
509.26,501.99,497.07,493.74,491.49,489.97,488.94,488.24,487.77,487.45,487.24,487.09,
560.83,560.83,560.83,560.83,560.83,560.83,560.83,560.83,560.83,560.83,560.83,560.83,
426.3,402.57,378.83,355.1,331.36,307.63,283.89,260.16,236.42,212.69,188.95,165.22,
413.81,385.8,357.8,329.8,301.8,273.8,245.8,217.8,189.8,161.8,133.8,105.8,
428.9,407.31,385.72,364.13,342.54,320.95,299.36,277.77,256.18,234.59,213.0,191.41,
582.5,582.5,582.5,582.5,582.5,582.5,582.5,582.5,582.5,582.5,582.5,582.5,
733.43,603.53,603.53,603.53,603.53,603.53,603.53,603.53,603.53,603.53,603.53,603.53,
928.18,956.36,984.55,1012.73,1040.91,1069.09,1097.27,1125.45,1153.64,1181.82,1210.0,1238.18,
665.45,680.91,696.36,711.82,727.27,742.73,758.18,773.64,789.09,804.55,820.0,835.45,
418.29,582.53,582.53,582.53,582.53,582.53,582.53,582.53,582.53,582.53,582.53,582.53,
381.68,560.21,560.21,560.21,560.21,560.21,560.21,560.21,560.21,560.21,560.21,560.21,
268.02,517.74,517.74,517.74,517.74,517.74,517.74,517.74,517.74,517.74,517.74,517.74,
0.0,0.0,0.0,0.0,0.0,0.0,0.0,0.0,0.0,0.0,0.0,0.0,
127.27,94.55,61.82,29.09,0.0,0.0,0.0,0.0,0.0,0.0,0.0,0.0,
254.64,204.85,155.05,105.26,55.46,5.67,0.0,0.0,0.0,0.0,0.0,0.0,
513.97,524.41,534.86,545.3,555.75,566.2,576.64,587.09,597.53,607.98,618.42,628.87,
920.0,1190.0,1470.0,1760.0,2060.0,2370.0,2690.0,3020.0,3360.0,3710.0,4070.0,4440.0,
808.87,894.25,774.1,678.39,575.96,366.97,254.33,207.73,154.1,227.6,361.56,473.8,
568.91,428.11,283.53,180.94,151.43,202.1,314.53,451.37,568.68,630.04,617.76,537.97,
757.0,861.0,1002.0,1180.0,1395.0,1647.0,1936.0,2262.0,2625.0,3025.0,3462.0,3936.0,
751.41,781.22,811.02,840.83,870.64,900.44,930.25,960.05,989.86,1019.67,1049.47,1079.28,
249.23,249.07,248.92,248.76,248.61,248.46,248.3,248.15,247.99,247.84,247.68,247.53,
515.45,550.91,586.36,621.82,657.27,692.73,728.18,763.64,799.09,834.55,870.0,905.45,
443.69,335.48,205.37,53.36,0.0,0.0,0.0,0.0,0.0,0.0,0.0,0.0,
406.42,411.4,415.25,418.23,420.54,422.33,423.71,424.78,425.61,426.26,426.75,427.14,
496.69,526.66,526.66,526.66,526.66,526.66,526.66,526.66,526.66,526.66,526.66,526.66,
388.18,386.36,384.55,382.73,380.91,379.09,377.27,375.45,373.64,371.82,370.0,368.18,
405.84,381.56,357.27,332.99,308.7,284.42,260.14,235.85,211.57,187.28,163.0,138.72,
566.66,573.8,573.8,573.8,573.8,573.8,573.8,573.8,573.8,573.8,573.8,573.8,
566.69,563.84,563.84,563.84,563.84,563.84,563.84,563.84,563.84,563.84,563.84,563.84,
584.17,584.17,584.17,584.17,584.17,584.17,584.17,584.17,584.17,584.17,584.17,584.17,
953.32,937.68,982.7,996.79,1026.64,1048.46,1074.38,1098.21,1123.1,1147.45,1172.07,1196.56,
857.3,897.21,937.11,977.02,1016.92,1056.82,1096.73,1136.63,1176.54,1216.44,1256.34,1296.25,
482.57,532.1,553.89,563.48,567.69,569.55,570.37,570.73,570.88,570.95,570.98,571.0,
285.89,382.27,438.26,470.79,489.69,500.67,507.05,510.75,512.91,514.16,514.88,515.31,
214.79,287.4,337.71,372.57,396.72,413.46,425.05,433.09,438.66,442.51,445.19,447.04,
47.27,14.55,0.0,0.0,0.0,0.0,0.0,0.0,0.0,0.0,0.0,0.0,
106.36,82.73,59.09,35.45,11.82,0.0,0.0,0.0,0.0,0.0,0.0,0.0,
97.27,54.55,11.82,0.0,0.0,0.0,0.0,0.0,0.0,0.0,0.0,0.0,
414.55,389.09,363.64,338.18,312.73,287.27,261.82,236.36,210.91,185.45,160.0,134.55,
602.73,605.45,608.18,610.91,613.64,616.36,619.09,621.82,624.55,627.27,630.0,632.73,
906.73,918.1,825.48,657.64,451.83,256.43,115.71,61.18,104.06,233.19,417.83,614.98,
1258.28,1365.82,1390.8,1330.06,1191.35,992.38,758.53,519.61,306.1,145.2,57.42,53.93,
489.09,468.18,447.27,426.36,405.45,384.55,363.64,342.73,321.82,300.91,280.0,259.09,
500.91,511.82,522.73,533.64,544.55,555.45,566.36,577.27,588.18,599.09,610.0,620.91,
589.09,628.18,667.27,706.36,745.45,784.55,823.64,862.73,901.82,940.91,980.0,1019.09,
633.64,677.27,720.91,764.55,808.18,851.82,895.45,939.09,982.73,1026.36,1070.0,1113.64,
440.14,440.22,440.28,440.31,440.33,440.35,440.35,440.36,440.36,440.36,440.37,440.37,
637.61,539.86,539.86,539.86,539.86,539.86,539.86,539.86,539.86,539.86,539.86,539.86,
580.0,580.0,580.0,580.0,580.0,580.0,580.0,580.0,580.0,580.0,580.0,580.0,
608.33,608.33,608.33,608.33,608.33,608.33,608.33,608.33,608.33,608.33,608.33,608.33,
613.33,613.33,613.33,613.33,613.33,613.33,613.33,613.33,613.33,613.33,613.33,613.33,
641.67,641.67,641.67,641.67,641.67,641.67,641.67,641.67,641.67,641.67,641.67,641.67,
644.17,644.17,644.17,644.17,644.17,644.17,644.17,644.17,644.17,644.17,644.17,644.17,
888.49,927.45,966.4,1005.35,1044.31,1083.26,1122.21,1161.16,1200.12,1239.07,1278.02,1316.98,
1210.0,1270.0,1330.0,1390.0,1450.0,1510.0,1570.0,1630.0,1690.0,1750.0,1810.0,1870.0,
975.53,1017.82,1060.12,1102.41,1144.71,1187.0,1229.3,1271.59,1313.89,1356.18,1398.48,1440.78,
505.25,672.55,672.55,672.55,672.55,672.55,672.55,672.55,672.55,672.55,672.55,672.55,
409.05,611.39,611.39,611.39,611.39,611.39,611.39,611.39,611.39,611.39,611.39,611.39,
362.03,606.67,606.67,606.67,606.67,606.67,606.67,606.67,606.67,606.67,606.67,606.67,
115.89,59.01,33.02,0.0,0.0,0.0,0.0,0.0,0.0,0.0,0.0,0.0,
nan,nan,nan,nan,nan,nan,nan,nan,nan,nan,nan,nan,
269.92,277.08,284.24,291.4,298.55,305.71,312.87,320.03,327.19,334.35,341.5,348.66,
754.92,737.63,720.34,703.04,685.75,668.45,651.16,633.86,616.57,599.28,581.98,564.69,
581.92,556.51,531.09,505.68,480.27,454.86,429.45,404.04,378.63,353.22,327.81,302.39,
548.25,401.3,291.36,264.59,316.15,403.65,476.17,501.23,476.76,425.56,378.66,358.24,
576.34,531.53,496.7,479.07,480.71,498.67,526.41,555.84,579.52,592.4,592.75,582.13,
427.13,391.6,356.07,320.53,285.0,249.47,213.94,178.41,142.88,107.35,71.82,36.29,
591.03,610.66,630.29,649.91,669.54,689.17,708.8,728.42,748.05,767.68,787.3,806.93,
520.0,550.0,580.0,610.0,640.0,670.0,700.0,730.0,760.0,790.0,820.0,850.0,
421.57,443.24,464.91,486.57,508.24,529.91,551.57,573.24,594.91,616.57,638.24,659.91,
307.71,332.03,378.53,422.79,449.37,454.44,443.33,425.49,409.69,401.04,400.31,405.13,
723.33,473.34,473.34,473.34,473.34,473.34,473.34,473.34,473.34,473.34,473.34,473.34,
498.33,498.33,498.33,498.33,498.33,498.33,498.33,498.33,498.33,498.33,498.33,498.33,
527.5,527.5,527.5,527.5,527.5,527.5,527.5,527.5,527.5,527.5,527.5,527.5,
533.33,533.33,533.33,533.33,533.33,533.33,533.33,533.33,533.33,533.33,533.33,533.33,
517.5,517.5,517.5,517.5,517.5,517.5,517.5,517.5,517.5,517.5,517.5,517.5,
503.33,503.33,503.33,503.33,503.33,503.33,503.33,503.33,503.33,503.33,503.33,503.33,
505.0,505.0,505.0,505.0,505.0,505.0,505.0,505.0,505.0,505.0,505.0,505.0,
519.17,519.17,519.17,519.17,519.17,519.17,519.17,519.17,519.17,519.17,519.17,519.17,
677.1,698.75,720.39,742.03,763.68,785.32,806.96,828.61,850.25,871.89,893.53,915.18,
521.67,521.67,521.67,521.67,521.67,521.67,521.67,521.67,521.67,521.67,521.67,521.67,
511.67,511.67,511.67,511.67,511.67,511.67,511.67,511.67,511.67,511.67,511.67,511.67,
261.52,345.92,396.25,426.27,444.17,454.85,461.21,465.01,467.27,468.62,469.43,469.91,
41.82,3.64,0.0,0.0,0.0,0.0,0.0,0.0,0.0,0.0,0.0,0.0,
48.18,6.36,0.0,0.0,0.0,0.0,0.0,0.0,0.0,0.0,0.0,0.0,
329.09,308.18,287.27,266.36,245.45,224.55,203.64,182.73,161.82,140.91,120.0,99.09,
538.18,546.36,554.55,562.73,570.91,579.09,587.27,595.45,603.64,611.82,620.0,628.18,
579.27,537.89,509.7,490.49,477.4,468.48,462.4,458.26,455.44,453.52,452.21,451.32,
859.38,796.56,747.61,709.47,679.75,656.59,638.55,624.49,613.53,605.0,598.34,593.16,
898.6,786.54,608.35,405.99,227.0,113.33,91.5,166.45,320.38,517.01,710.09,854.34,
32.45,3.99,210.87,469.15,624.38,625.32,519.33,396.42,327.74,333.29,387.07,445.27,
637.27,664.55,691.82,719.09,746.36,773.64,800.91,828.18,855.45,882.73,910.0,937.27,
508.18,526.36,544.55,562.73,580.91,599.09,617.27,635.45,653.64,671.82,690.0,708.18,
447.27,474.55,501.82,529.09,556.36,583.64,610.91,638.18,665.45,692.73,720.0,747.27,
488.54,475.34,467.23,462.24,459.17,457.28,456.12,455.4,454.96,454.69,454.53,454.42,
573.32,529.12,529.12,529.12,529.12,529.12,529.12,529.12,529.12,529.12,529.12,529.12,
571.67,571.67,571.67,571.67,571.67,571.67,571.67,571.67,571.67,571.67,571.67,571.67,
583.33,583.33,583.33,583.33,583.33,583.33,583.33,583.33,583.33,583.33,583.33,583.33,
594.17,594.17,594.17,594.17,594.17,594.17,594.17,594.17,594.17,594.17,594.17,594.17,
580.83,580.83,580.83,580.83,580.83,580.83,580.83,580.83,580.83,580.83,580.83,580.83,
561.14,525.33,525.33,525.33,525.33,525.33,525.33,525.33,525.33,525.33,525.33,525.33,
571.53,512.09,512.09,512.09,512.09,512.09,512.09,512.09,512.09,512.09,512.09,512.09,
458.46,518.24,518.24,518.24,518.24,518.24,518.24,518.24,518.24,518.24,518.24,518.24,
528.33,528.33,528.33,528.33,528.33,528.33,528.33,528.33,528.33,528.33,528.33,528.33,
537.5,537.5,537.5,537.5,537.5,537.5,537.5,537.5,537.5,537.5,537.5,537.5,
520.58,564.68,536.47,536.47,536.47,536.47,536.47,536.47,536.47,536.47,536.47,536.47,
510.83,510.83,510.83,510.83,510.83,510.83,510.83,510.83,510.83,510.83,510.83,510.83,
244.45,307.16,348.79,376.43,394.77,406.96,415.04,420.41,423.98,426.34,427.91,428.96,
0.0,0.0,0.0,0.0,0.0,0.0,0.0,0.0,0.0,0.0,0.0,0.0,
0.0,0.0,0.0,0.0,0.0,0.0,0.0,0.0,0.0,0.0,0.0,0.0,
65.45,30.91,0.0,0.0,0.0,0.0,0.0,0.0,0.0,0.0,0.0,0.0,
306.36,292.73,279.09,265.45,251.82,238.18,224.55,210.91,197.27,183.64,170.0,156.36,
777.06,952.53,1104.77,1239.91,1362.49,1475.82,1582.36,1683.88,1781.73,1876.88,1970.03,2061.72,
