61.79,68.44,70.92,71.85,72.19,72.32,72.37,72.39,72.4,72.4,72.4,72.4,
35.4,30.77,31.83,29.95,29.59,28.45,27.7,26.76,25.91,25.02,24.15,23.27,
35.94,42.31,36.29,37.43,34.43,33.83,31.84,30.65,29.0,27.62,26.08,24.63,
61.11,66.54,62.62,63.48,61.89,61.55,60.58,59.93,59.11,58.38,57.61,56.86,
34.23,30.58,26.93,23.27,19.62,15.97,12.31,8.66,5.01,1.35,0.0,0.0,
30.91,27.04,23.17,19.3,15.43,11.56,7.69,3.82,0.0,0.0,0.0,0.0,
25.97,21.84,17.71,13.59,9.46,5.34,1.21,0.0,0.0,0.0,0.0,0.0,
27.76,25.31,17.87,14.1,7.63,3.14,0.0,0.0,0.0,0.0,0.0,0.0,
30.62,33.15,23.26,23.07,15.3,13.45,6.98,4.11,0.0,0.0,0.0,0.0,
36.22,34.34,32.47,30.6,28.73,26.86,24.99,23.11,21.24,19.37,17.5,15.63,
58.25,57.83,57.61,57.48,57.42,57.38,57.36,57.35,57.34,57.34,57.34,57.34,
51.11,51.11,51.11,51.11,51.11,51.11,51.11,51.11,51.11,51.11,51.11,51.11,
51.11,51.11,51.11,51.11,51.11,51.11,51.11,51.11,51.11,51.11,51.11,51.11,
57.74,54.46,53.3,52.89,52.74,52.69,52.67,52.67,52.66,52.66,52.66,52.66,
80.04,81.91,83.78,85.65,87.52,89.39,91.26,93.14,95.01,96.88,98.75,100.62,
78.36,80.4,82.43,84.46,86.49,88.53,90.56,92.59,94.62,96.65,98.69,100.72,
79.65,82.08,84.52,86.96,89.39,91.83,94.27,96.7,99.14,101.58,104.01,106.45,
77.01,79.13,81.24,83.35,85.46,87.58,89.69,91.8,93.91,96.03,98.14,100.25,
44.88,45.76,46.65,47.53,48.41,49.29,50.18,51.06,51.94,52.82,53.71,54.59,
37.47,45.87,51.63,54.21,55.36,55.88,56.11,56.21,56.26,56.28,56.29,56.29,
45.13,49.86,53.27,54.84,55.55,55.88,56.03,56.1,56.13,56.15,56.15,56.16,
26.56,30.91,34.3,36.95,39.03,40.65,41.91,42.9,43.67,44.28,44.75,45.12,
11.82,9.65,7.47,5.29,3.12,0.94,0.0,0.0,0.0,0.0,0.0,0.0,
27.47,26.94,26.41,25.88,25.35,24.82,24.29,23.76,23.24,22.71,22.18,21.65,
76.96,68.84,63.79,60.65,58.69,57.48,56.72,56.25,55.95,55.77,55.66,55.59,
62.16,59.37,57.76,56.84,56.31,56.0,55.83,55.72,55.67,55.63,55.61,55.6,
34.59,33.18,31.76,30.35,28.94,27.53,26.12,24.71,23.29,21.88,20.47,19.06,
51.59,51.18,50.76,50.35,49.94,49.53,49.12,48.71,48.29,47.88,47.47,47.06,
25.76,23.53,21.29,19.06,16.82,14.59,12.35,10.12,7.88,5.65,3.41,1.18,
33.76,31.53,29.29,27.06,24.82,22.59,20.35,18.12,15.88,13.65,11.41,9.18,
25.71,23.41,21.12,18.82,16.53,14.24,11.94,9.65,7.35,5.06,2.76,0.47,
26.53,23.06,19.59,16.12,12.65,9.18,5.71,2.24,0.0,0.0,0.0,0.0,
31.76,42.76,42.76,42.76,42.76,42.76,42.76,42.76,42.76,42.76,42.76,42.76,
35.49,40.81,40.81,40.81,40.81,40.81,40.81,40.81,40.81,40.81,40.81,40.81,
39.16,37.91,37.91,37.91,37.91,37.91,37.91,37.91,37.91,37.91,37.91,37.91,
31.49,36.2,36.2,36.2,36.2,36.2,36.2,36.2,36.2,36.2,36.2,36.2,
38.14,35.85,35.85,35.85,35.85,35.85,35.85,35.85,35.85,35.85,35.85,35.85,
43.15,37.09,37.09,37.09,37.09,37.09,37.09,37.09,37.09,37.09,37.09,37.09,
37.24,36.73,36.73,36.73,36.73,36.73,36.73,36.73,36.73,36.73,36.73,36.73,
36.59,37.59,37.59,37.59,37.59,37.59,37.59,37.59,37.59,37.59,37.59,37.59,
39.11,39.11,39.11,39.11,39.11,39.11,39.11,39.11,39.11,39.11,39.11,39.11,
44.63,45.1,45.44,45.69,45.88,46.02,46.12,46.19,46.25,46.29,46.32,46.34,
36.56,36.56,36.56,36.56,36.56,36.56,36.56,36.56,36.56,36.56,36.56,36.56,
34.39,34.39,34.39,34.39,34.39,34.39,34.39,34.39,34.39,34.39,34.39,34.39,
33.94,33.94,33.94,33.94,33.94,33.94,33.94,33.94,33.94,33.94,33.94,33.94,
30.52,31.56,31.98,32.15,32.23,32.26,32.27,32.27,32.27,32.28,32.28,32.28,
41.32,34.1,34.1,34.1,34.1,34.1,34.1,34.1,34.1,34.1,34.1,34.1,
30.69,33.21,33.21,33.21,33.21,33.21,33.21,33.21,33.21,33.21,33.21,33.21,
35.7,34.01,34.01,34.01,34.01,34.01,34.01,34.01,34.01,34.01,34.01,34.01,
37.7,33.76,35.13,34.65,34.82,34.76,34.78,34.77,34.78,34.78,34.78,34.78,
35.56,35.56,35.56,35.56,35.56,35.56,35.56,35.56,35.56,35.56,35.56,35.56,
36.39,36.39,36.39,36.39,36.39,36.39,36.39,36.39,36.39,36.39,36.39,36.39,
36.39,36.39,36.39,36.39,36.39,36.39,36.39,36.39,36.39,36.39,36.39,36.39,
36.39,36.39,36.39,36.39,36.39,36.39,36.39,36.39,36.39,36.39,36.39,36.39,
36.39,36.39,36.39,36.39,36.39,36.39,36.39,36.39,36.39,36.39,36.39,36.39,
35.56,35.56,35.56,35.56,35.56,35.56,35.56,35.56,35.56,35.56,35.56,35.56,
35.11,35.11,35.11,35.11,35.11,35.11,35.11,35.11,35.11,35.11,35.11,35.11,
35.11,35.11,35.11,35.11,35.11,35.11,35.11,35.11,35.11,35.11,35.11,35.11,
34.67,34.67,34.67,34.67,34.67,34.67,34.67,34.67,34.67,34.67,34.67,34.67,
34.22,34.22,34.22,34.22,34.22,34.22,34.22,34.22,34.22,34.22,34.22,34.22,
35.5,35.5,35.5,35.5,35.5,35.5,35.5,35.5,35.5,35.5,35.5,35.5,
34.98,36.95,36.2,36.49,36.37,36.42,36.4,36.41,36.4,36.41,36.41,36.41,
36.0,36.0,36.0,36.0,36.0,36.0,36.0,36.0,36.0,36.0,36.0,36.0,
36.89,36.89,36.89,36.89,36.89,36.89,36.89,36.89,36.89,36.89,36.89,36.89,
36.5,36.5,36.5,36.5,36.5,36.5,36.5,36.5,36.5,36.5,36.5,36.5,
36.5,36.5,36.5,36.5,36.5,36.5,36.5,36.5,36.5,36.5,36.5,36.5,
36.94,36.94,36.94,36.94,36.94,36.94,36.94,36.94,36.94,36.94,36.94,36.94,
36.5,36.5,36.5,36.5,36.5,36.5,36.5,36.5,36.5,36.5,36.5,36.5,
36.5,36.5,36.5,36.5,36.5,36.5,36.5,36.5,36.5,36.5,36.5,36.5,
36.94,36.94,36.94,36.94,36.94,36.94,36.94,36.94,36.94,36.94,36.94,36.94,
37.39,37.39,37.39,37.39,37.39,37.39,37.39,37.39,37.39,37.39,37.39,37.39,
37.83,37.83,37.83,37.83,37.83,37.83,37.83,37.83,37.83,37.83,37.83,37.83,
37.42,40.68,37.88,37.88,37.88,37.88,37.88,37.88,37.88,37.88,37.88,37.88,
41.32,38.96,37.94,37.94,37.94,37.94,37.94,37.94,37.94,37.94,37.94,37.94,
36.56,36.56,36.56,36.56,36.56,36.56,36.56,36.56,36.56,36.56,36.56,36.56,
35.33,35.33,35.33,35.33,35.33,35.33,35.33,35.33,35.33,35.33,35.33,35.33,
24.6,23.51,22.42,21.34,20.25,19.16,18.07,16.98,15.89,14.8,13.71,12.63,
15.36,13.71,12.06,10.41,8.77,7.12,5.47,3.83,2.18,0.53,0.0,0.0,
12.8,12.56,11.5,10.44,9.38,8.32,7.25,6.19,5.13,4.07,3.01,1.95,
19.49,12.23,17.38,19.55,11.78,13.71,18.59,12.06,10.54,16.59,12.6,8.19,
27.06,26.12,25.18,24.24,23.29,22.35,21.41,20.47,19.53,18.59,17.65,16.71,
44.41,44.82,45.24,45.65,46.06,46.47,46.88,47.29,47.71,48.12,48.53,48.94,
75.87,56.25,46.46,41.57,39.13,37.91,37.31,37.0,36.85,36.78,36.74,36.72,
70.64,61.65,55.42,51.11,48.12,46.05,44.62,43.63,42.94,42.46,42.13,41.9,
112.02,129.13,147.36,166.68,187.11,208.65,231.28,255.02,279.87,305.81,332.87,361.02,
67.76,69.53,71.29,73.06,74.82,76.59,78.35,80.12,81.88,83.65,85.41,87.18,
90.59,93.18,95.76,98.35,100.94,103.53,106.12,108.71,111.29,113.88,116.47,119.06,
165.52,191.01,218.48,247.92,279.33,312.71,348.07,385.4,424.7,465.98,509.23,554.45,
108.33,112.71,117.09,121.47,125.85,130.23,134.61,138.98,143.36,147.74,152.12,156.5,
85.18,88.35,91.53,94.71,97.88,101.06,104.24,107.41,110.59,113.76,116.94,120.12,
52.94,53.88,54.82,55.76,56.71,57.65,58.59,59.53,60.47,61.41,62.35,63.29,
61.24,63.47,65.71,67.94,70.18,72.41,74.65,76.88,79.12,81.35,83.59,85.82,
45.76,47.53,49.29,51.06,52.82,54.59,56.35,58.12,59.88,61.65,63.41,65.18,
45.35,46.71,48.06,49.41,50.76,52.12,53.47,54.82,56.18,57.53,58.88,60.24,
45.76,47.53,49.29,51.06,52.82,54.59,56.35,58.12,59.88,61.65,63.41,65.18,
41.09,44.7,47.27,49.1,50.4,51.32,51.97,52.44,52.77,53.01,53.17,53.29,
78.26,72.17,68.72,66.77,65.66,65.03,64.68,64.48,64.36,64.3,64.26,64.24,
55.36,60.38,62.6,63.57,64.0,64.19,64.28,64.32,64.33,64.34,64.34,64.34,
38.87,37.47,36.06,34.65,33.25,31.84,30.44,29.03,27.62,26.22,24.81,23.4,
33.41,29.93,26.46,22.99,19.52,16.05,12.58,9.1,5.63,2.16,0.0,0.0,
32.76,29.3,25.85,22.4,18.95,15.5,12.04,8.59,5.14,1.69,0.0,0.0,
30.12,26.61,23.1,19.59,16.08,12.58,9.07,5.56,2.05,0.0,0.0,0.0,
30.05,26.84,23.63,20.42,17.21,14.0,10.79,7.58,4.37,1.15,0.0,0.0,
34.74,31.13,27.51,23.89,20.27,16.66,13.04,9.42,5.81,2.19,0.0,0.0,
29.76,23.53,17.29,11.06,4.82,0.0,0.0,0.0,0.0,0.0,0.0,0.0,
52.22,52.22,52.22,52.22,52.22,52.22,52.22,52.22,52.22,52.22,52.22,52.22,
50.94,50.94,50.94,50.94,50.94,50.94,50.94,50.94,50.94,50.94,50.94,50.94,
50.94,50.94,50.94,50.94,50.94,50.94,50.94,50.94,50.94,50.94,50.94,50.94,
53.39,53.39,53.39,53.39,53.39,53.39,53.39,53.39,53.39,53.39,53.39,53.39,
80.01,82.18,84.35,86.52,88.69,90.86,93.03,95.2,97.38,99.55,101.72,103.89,
86.58,89.07,91.57,94.07,96.56,99.06,101.56,104.06,106.55,109.05,111.55,114.05,
121.71,126.15,130.58,135.02,139.45,143.89,148.32,152.76,157.19,161.63,166.06,170.5,
111.64,115.53,119.42,123.31,127.2,131.09,134.98,138.87,142.76,146.65,150.54,154.42,
73.12,72.24,71.35,70.47,69.59,68.71,67.82,66.94,66.06,65.18,64.29,63.41,
92.61,106.55,110.36,114.17,117.98,121.79,125.6,129.41,133.22,137.03,140.84,144.65,
60.82,62.65,64.47,66.29,68.12,69.94,71.76,73.59,75.41,77.24,79.06,80.88,
126.57,114.76,118.76,122.76,126.77,130.77,134.77,138.77,142.78,146.78,150.78,154.78,
78.83,80.46,82.1,83.73,85.37,87.0,88.64,90.27,91.91,93.54,95.18,96.81,
59.22,65.59,68.26,69.37,69.84,70.04,70.12,70.16,70.17,70.18,70.18,70.18,
54.79,62.98,66.55,68.11,68.79,69.08,69.21,69.27,69.3,69.31,69.31,69.31,
53.81,61.92,65.62,67.31,68.07,68.42,68.58,68.66,68.69,68.7,68.71,68.71,
31.11,29.96,28.8,27.65,26.5,25.34,24.19,23.04,21.88,20.73,19.58,18.42,
18.43,15.29,12.15,9.0,5.86,2.72,0.0,0.0,0.0,0.0,0.0,0.0,
16.04,12.19,8.35,4.5,0.65,0.0,0.0,0.0,0.0,0.0,0.0,0.0,
13.08,7.69,2.3,0.0,0.0,0.0,0.0,0.0,0.0,0.0,0.0,0.0,
14.22,9.09,3.96,0.0,0.0,0.0,0.0,0.0,0.0,0.0,0.0,0.0,
12.76,7.82,2.88,0.0,0.0,0.0,0.0,0.0,0.0,0.0,0.0,0.0,
7.81,2.61,0.0,0.0,0.0,0.0,0.0,0.0,0.0,0.0,0.0,0.0,
19.5,13.76,8.01,2.27,0.0,0.0,0.0,0.0,0.0,0.0,0.0,0.0,
37.25,34.52,31.8,29.07,26.34,23.61,20.89,18.16,15.43,12.71,9.98,7.25,
60.76,60.04,59.32,58.61,57.89,57.17,56.45,55.73,55.01,54.29,53.57,52.85,
61.9,55.94,52.99,51.54,50.83,50.48,50.3,50.22,50.18,50.15,50.14,50.14,
66.89,59.01,54.91,52.76,51.65,51.06,50.76,50.6,50.52,50.48,50.45,50.44,
70.04,67.13,65.0,63.44,62.3,61.46,60.84,60.39,60.06,59.82,59.64,59.51,
115.59,119.18,122.76,126.35,129.94,133.53,137.12,140.71,144.29,147.88,151.47,155.06,
116.0,120.0,124.0,128.0,132.0,136.0,140.0,144.0,148.0,152.0,156.0,160.0,
99.53,103.06,106.59,110.12,113.65,117.18,120.71,124.24,127.76,131.29,134.82,138.35,
61.41,62.82,64.24,65.65,67.06,68.47,69.88,71.29,72.71,74.12,75.53,76.94,
61.88,63.76,65.65,67.53,69.41,71.29,73.18,75.06,76.94,78.82,80.71,82.59,
37.29,38.59,39.88,41.18,42.47,43.76,45.06,46.35,47.65,48.94,50.24,51.53,
45.35,46.71,48.06,49.41,50.76,52.12,53.47,54.82,56.18,57.53,58.88,60.24,
34.03,38.51,41.85,44.33,46.17,47.55,48.57,49.33,49.9,50.32,50.63,50.87,
41.54,45.67,48.75,51.04,52.75,54.03,54.98,55.69,56.22,56.61,56.91,57.13,
53.11,53.95,54.59,55.07,55.44,55.71,55.92,56.08,56.2,56.29,56.35,56.4,
75.72,71.86,69.02,66.95,65.43,64.31,63.5,62.9,62.46,62.14,61.9,61.73,
49.09,52.45,54.67,56.14,57.12,57.76,58.18,58.46,58.65,58.77,58.85,58.91,
26.18,24.35,22.53,20.71,18.88,17.06,15.24,13.41,11.59,9.76,7.94,6.12,
17.88,14.76,11.65,8.53,5.41,2.29,0.0,0.0,0.0,0.0,0.0,0.0,
63.42,74.5,62.52,73.55,61.61,72.6,60.7,71.64,59.79,70.69,58.89,69.74,
40.71,38.41,36.12,33.82,31.53,29.24,26.94,24.65,22.35,20.06,17.76,15.47,
2.37,22.44,21.05,26.57,0.0,4.14,0.0,9.85,0.0,0.0,0.0,0.0,
23.06,18.12,13.18,8.24,3.29,0.0,0.0,0.0,0.0,0.0,0.0,0.0,
32.59,28.18,23.76,19.35,14.94,10.53,6.12,1.71,0.0,0.0,0.0,0.0,
47.11,47.11,47.11,47.11,47.11,47.11,47.11,47.11,47.11,47.11,47.11,47.11,
44.67,44.67,44.67,44.67,44.67,44.67,44.67,44.67,44.67,44.67,44.67,44.67,
45.0,45.0,45.0,45.0,45.0,45.0,45.0,45.0,45.0,45.0,45.0,45.0,
53.56,45.96,45.96,45.96,45.96,45.96,45.96,45.96,45.96,45.96,45.96,45.96,
100.12,103.24,106.35,109.47,112.59,115.71,118.82,121.94,125.06,128.18,131.29,134.41,
131.76,137.53,143.29,149.06,154.82,160.59,166.35,172.12,177.88,183.65,189.41,195.18,
132.35,137.71,143.06,148.41,153.76,159.12,164.47,169.82,175.18,180.53,185.88,191.24,
107.06,110.12,113.18,116.24,119.29,122.35,125.41,128.47,131.53,134.59,137.65,140.71,
89.47,89.94,90.41,90.88,91.35,91.82,92.29,92.76,93.24,93.71,94.18,94.65,
52.47,52.94,53.41,53.88,54.35,54.82,55.29,55.76,56.24,56.71,57.18,57.65,
68.24,70.47,72.71,74.94,77.18,79.41,81.65,83.88,86.12,88.35,90.59,92.82,
36.88,37.76,38.65,39.53,40.41,41.29,42.18,43.06,43.94,44.82,45.71,46.59,
13.74,23.77,41.84,50.55,54.75,56.77,57.75,58.22,58.44,58.55,58.61,58.63,
32.86,36.83,40.07,42.72,44.87,46.63,48.07,49.24,50.2,50.98,51.62,52.14,
38.86,41.22,43.17,44.79,46.13,47.23,48.14,48.9,49.52,50.04,50.47,50.82,
66.95,68.71,64.49,62.26,61.08,60.45,60.12,59.95,59.85,59.81,59.78,59.77,
96.78,110.12,115.96,113.22,102.52,86.03,67.05,49.34,36.38,30.68,33.31,43.67,
26.76,24.53,22.29,20.06,17.82,15.59,13.35,11.12,8.88,6.65,4.41,2.18,
27.65,26.29,24.94,23.59,22.24,20.88,19.53,18.18,16.82,15.47,14.12,12.76,
26.82,24.65,22.47,20.29,18.12,15.94,13.76,11.59,9.41,7.24,5.06,2.88,
33.76,31.53,29.29,27.06,24.82,22.59,20.35,18.12,15.88,13.65,11.41,9.18,
25.0,21.0,17.0,13.0,9.0,5.0,1.0,0.0,0.0,0.0,0.0,0.0,
23.29,17.59,11.88,6.18,0.47,0.0,0.0,0.0,0.0,0.0,0.0,0.0,
30.65,25.29,19.94,14.59,9.24,3.88,0.0,0.0,0.0,0.0,0.0,0.0,
47.88,44.76,41.65,38.53,35.41,32.29,29.18,26.06,22.94,19.82,16.71,13.59,
52.96,50.05,48.65,47.98,47.66,47.5,47.43,47.39,47.37,47.36,47.36,47.36,
44.49,42.53,42.53,42.53,42.53,42.53,42.53,42.53,42.53,42.53,42.53,42.53,
52.68,44.23,44.23,44.23,44.23,44.23,44.23,44.23,44.23,44.23,44.23,44.23,
62.46,44.71,44.71,44.71,44.71,44.71,44.71,44.71,44.71,44.71,44.71,44.71,
85.18,88.35,91.53,94.71,97.88,101.06,104.24,107.41,110.59,113.76,116.94,120.12,
84.12,87.24,90.35,93.47,96.59,99.71,102.82,105.94,109.06,112.18,115.29,118.41,
68.82,70.65,72.47,74.29,76.12,77.94,79.76,81.59,83.41,85.24,87.06,88.88,
58.59,58.18,57.76,57.35,56.94,56.53,56.12,55.71,55.29,54.88,54.47,54.06,
33.71,31.41,29.12,26.82,24.53,22.24,19.94,17.65,15.35,13.06,10.76,8.47,
36.41,36.82,37.24,37.65,38.06,38.47,38.88,39.29,39.71,40.12,40.53,40.94,
87.56,78.18,80.6,83.03,85.45,87.88,90.3,92.72,95.15,97.57,100.0,102.42,
69.24,71.47,73.71,75.94,78.18,80.41,82.65,84.88,87.12,89.35,91.59,93.82,
44.0,53.6,53.6,53.6,53.6,53.6,53.6,53.6,53.6,53.6,53.6,53.6,
31.0,51.7,51.7,51.7,51.7,51.7,51.7,51.7,51.7,51.7,51.7,51.7,
58.0,53.5,53.5,53.5,53.5,53.5,53.5,53.5,53.5,53.5,53.5,53.5,
32.6,52.19,52.19,52.19,52.19,52.19,52.19,52.19,52.19,52.19,52.19,52.19,
26.65,25.29,23.94,22.59,21.24,19.88,18.53,17.18,15.82,14.47,13.12,11.76,
27.24,25.47,23.71,21.94,20.18,18.41,16.65,14.88,13.12,11.35,9.59,7.82,
27.65,26.29,24.94,23.59,22.24,20.88,19.53,18.18,16.82,15.47,14.12,12.76,
67.41,67.82,68.24,68.65,69.06,69.47,69.88,70.29,70.71,71.12,71.53,71.94,
66.18,65.35,64.53,63.71,62.88,62.06,61.24,60.41,59.59,58.76,57.94,57.12,
69.47,52.88,52.88,52.88,52.88,52.88,52.88,52.88,52.88,52.88,52.88,52.88,
54.55,51.8,51.8,51.8,51.8,51.8,51.8,51.8,51.8,51.8,51.8,51.8,
62.58,51.53,51.53,51.53,51.53,51.53,51.53,51.53,51.53,51.53,51.53,51.53,
74.88,75.76,76.65,77.53,78.41,79.29,80.18,81.06,81.94,82.82,83.71,84.59,
83.65,86.29,88.94,91.59,94.24,96.88,99.53,102.18,104.82,107.47,110.12,112.76,
61.41,62.82,64.24,65.65,67.06,68.47,69.88,71.29,72.71,74.12,75.53,76.94,
73.59,73.18,72.76,72.35,71.94,71.53,71.12,70.71,70.29,69.88,69.47,69.06,
67.0,67.0,67.0,67.0,67.0,67.0,67.0,67.0,67.0,67.0,67.0,67.0,
69.96,71.78,74.04,76.13,78.28,80.41,82.55,84.69,86.83,88.97,91.1,93.24,
77.12,80.24,83.35,86.47,89.59,92.71,95.82,98.94,102.06,105.18,108.29,111.41,
76.24,78.47,80.71,82.94,85.18,87.41,89.65,91.88,94.12,96.35,98.59,100.82,
76.71,79.41,82.12,84.82,87.53,90.24,92.94,95.65,98.35,101.06,103.76,106.47,
69.29,71.59,73.88,76.18,78.47,80.76,83.06,85.35,87.65,89.94,92.24,94.53,
61.82,63.65,65.47,67.29,69.12,70.94,72.76,74.59,76.41,78.24,80.06,81.88,
67.61,67.61,67.61,67.61,67.61,67.61,67.61,67.61,67.61,67.61,67.61,67.61,
70.11,70.11,70.11,70.11,70.11,70.11,70.11,70.11,70.11,70.11,70.11,70.11,
70.5,70.5,70.5,70.5,70.5,70.5,70.5,70.5,70.5,70.5,70.5,70.5,
70.5,70.5,70.5,70.5,70.5,70.5,70.5,70.5,70.5,70.5,70.5,70.5,
70.5,70.5,70.5,70.5,70.5,70.5,70.5,70.5,70.5,70.5,70.5,70.5,
70.11,70.11,70.11,70.11,70.11,70.11,70.11,70.11,70.11,70.11,70.11,70.11,
70.11,70.11,70.11,70.11,70.11,70.11,70.11,70.11,70.11,70.11,70.11,70.11,
70.11,70.11,70.11,70.11,70.11,70.11,70.11,70.11,70.11,70.11,70.11,70.11,
69.72,69.72,69.72,69.72,69.72,69.72,69.72,69.72,69.72,69.72,69.72,69.72,
70.11,70.11,70.11,70.11,70.11,70.11,70.11,70.11,70.11,70.11,70.11,70.11,
70.11,70.11,70.11,70.11,70.11,70.11,70.11,70.11,70.11,70.11,70.11,70.11,
70.11,70.11,70.11,70.11,70.11,70.11,70.11,70.11,70.11,70.11,70.11,70.11,
70.5,70.5,70.5,70.5,70.5,70.5,70.5,70.5,70.5,70.5,70.5,70.5,
70.5,70.5,70.5,70.5,70.5,70.5,70.5,70.5,70.5,70.5,70.5,70.5,
70.11,70.11,70.11,70.11,70.11,70.11,70.11,70.11,70.11,70.11,70.11,70.11,
70.11,70.11,70.11,70.11,70.11,70.11,70.11,70.11,70.11,70.11,70.11,70.11,
70.11,70.11,70.11,70.11,70.11,70.11,70.11,70.11,70.11,70.11,70.11,70.11,
62.03,74.32,71.46,71.46,71.46,71.46,71.46,71.46,71.46,71.46,71.46,71.46,
69.21,73.3,71.52,71.52,71.52,71.52,71.52,71.52,71.52,71.52,71.52,71.52,
63.82,78.07,66.9,75.66,68.79,74.18,69.95,73.26,70.67,72.7,71.11,72.36,
73.78,73.78,73.78,73.78,73.78,73.78,73.78,73.78,73.78,73.78,73.78,73.78,
73.39,73.39,73.39,73.39,73.39,73.39,73.39,73.39,73.39,73.39,73.39,73.39,
72.61,72.61,72.61,72.61,72.61,72.61,72.61,72.61,72.61,72.61,72.61,72.61,
73.39,73.39,73.39,73.39,73.39,73.39,73.39,73.39,73.39,73.39,73.39,73.39,
73.78,73.78,73.78,73.78,73.78,73.78,73.78,73.78,73.78,73.78,73.78,73.78,
73.39,73.39,73.39,73.39,73.39,73.39,73.39,73.39,73.39,73.39,73.39,73.39,
72.61,72.61,72.61,72.61,72.61,72.61,72.61,72.61,72.61,72.61,72.61,72.61,
72.22,72.22,72.22,72.22,72.22,72.22,72.22,72.22,72.22,72.22,72.22,72.22,
71.44,71.44,71.44,71.44,71.44,71.44,71.44,71.44,71.44,71.44,71.44,71.44,
71.06,71.06,71.06,71.06,71.06,71.06,71.06,71.06,71.06,71.06,71.06,71.06,
70.28,70.28,70.28,70.28,70.28,70.28,70.28,70.28,70.28,70.28,70.28,70.28,
59.98,58.98,57.98,56.98,55.97,54.97,53.97,52.97,51.97,50.97,49.96,48.96,
57.47,54.58,54.63,53.27,51.41,50.41,49.17,47.69,46.44,45.17,43.81,42.51,
50.22,48.94,51.04,48.84,46.76,45.31,43.74,42.1,40.49,38.89,37.28,35.67,
54.13,52.68,51.22,49.77,48.32,46.86,45.41,43.95,42.5,41.05,39.59,38.14,
61.39,55.37,59.41,59.72,53.63,53.05,55.27,52.04,48.81,49.86,49.18,45.84,
76.19,67.92,67.92,67.92,67.92,67.92,67.92,67.92,67.92,67.92,67.92,67.92,
105.1,84.46,68.47,74.29,90.67,95.54,83.99,71.59,72.73,83.57,89.31,83.49,
157.48,167.36,179.02,202.64,232.97,259.9,282.2,306.55,337.24,371.58,405.08,437.45,
105.22,108.34,111.45,114.56,117.67,120.79,123.9,127.01,130.13,133.24,136.35,139.46,
103.88,105.48,107.07,108.67,110.26,111.85,113.45,115.04,116.64,118.23,119.82,121.42,
149.89,153.22,156.55,159.89,163.22,166.55,169.88,173.22,176.55,179.88,183.22,186.55,
257.59,268.18,278.76,289.35,299.94,310.53,321.12,331.71,342.29,352.88,363.47,374.06,
155.5,163.77,170.7,177.55,184.39,191.23,198.07,204.9,211.74,218.58,225.42,232.26,
152.79,159.01,165.23,171.46,177.68,183.9,190.13,196.35,202.57,208.8,215.02,221.24,
123.56,145.97,150.92,155.87,160.82,165.77,170.72,175.67,180.62,185.57,190.52,195.47,
147.95,153.15,158.36,163.57,168.77,173.98,179.18,184.39,189.59,194.8,200.0,205.21,
144.8,154.39,159.35,164.31,169.27,174.23,179.19,184.15,189.11,194.07,199.03,203.99,
129.85,146.63,150.67,154.72,158.76,162.81,166.85,170.9,174.94,178.99,183.04,187.08,
99.3,105.45,105.45,105.45,105.45,105.45,105.45,105.45,105.45,105.45,105.45,105.45,
101.76,107.05,107.05,107.05,107.05,107.05,107.05,107.05,107.05,107.05,107.05,107.05,
102.53,108.54,108.54,108.54,108.54,108.54,108.54,108.54,108.54,108.54,108.54,108.54,
94.8,108.59,108.59,108.59,108.59,108.59,108.59,108.59,108.59,108.59,108.59,108.59,
97.93,108.94,108.94,108.94,108.94,108.94,108.94,108.94,108.94,108.94,108.94,108.94,
73.52,69.67,65.82,61.97,58.12,54.27,50.42,46.57,42.72,38.87,35.02,31.17,
52.89,41.71,42.7,44.09,38.14,27.97,20.08,16.05,12.69,7.28,0.36,0.0,
29.52,27.66,44.19,45.73,28.64,13.01,10.14,12.01,7.68,0.0,0.0,0.0,
37.54,39.07,41.26,41.66,25.83,15.09,12.07,15.94,10.42,0.0,0.0,0.0,
28.09,15.77,39.38,52.7,33.44,7.76,4.66,16.57,17.51,1.9,0.0,0.0,
36.5,21.94,7.37,0.0,0.0,0.0,0.0,0.0,0.0,0.0,0.0,0.0,
52.19,44.9,41.76,40.64,37.7,32.72,28.07,24.85,22.0,18.41,14.26,10.37,
57.24,55.47,53.71,51.94,50.18,48.41,46.65,44.88,43.12,41.35,39.59,37.82,
104.29,105.59,106.88,108.18,109.47,110.76,112.06,113.35,114.65,115.94,117.24,118.53,
143.93,125.17,102.08,85.05,77.47,77.75,82.15,87.18,90.73,92.18,91.97,90.95,
64.74,83.57,83.57,83.57,83.57,83.57,83.57,83.57,83.57,83.57,83.57,83.57,
98.77,90.35,86.84,85.38,84.77,84.52,84.41,84.37,84.35,84.34,84.34,84.34,
167.41,171.82,176.24,180.65,185.06,189.47,193.88,198.29,202.71,207.12,211.53,215.94,
111.45,151.39,139.02,124.27,145.0,151.29,140.76,147.31,157.23,154.39,155.09,162.58,
105.84,116.95,119.81,122.66,125.52,128.38,131.23,134.09,136.95,139.8,142.66,145.52,
67.0,67.0,67.0,67.0,67.0,67.0,67.0,67.0,67.0,67.0,67.0,67.0,
72.33,82.93,82.93,82.93,82.93,82.93,82.93,82.93,82.93,82.93,82.93,82.93,
57.22,82.71,82.71,82.71,82.71,82.71,82.71,82.71,82.71,82.71,82.71,82.71,
45.34,77.94,77.94,77.94,77.94,77.94,77.94,77.94,77.94,77.94,77.94,77.94,
61.45,77.05,77.05,77.05,77.05,77.05,77.05,77.05,77.05,77.05,77.05,77.05,
18.76,16.53,14.29,12.06,9.82,7.59,5.35,3.12,0.88,0.0,0.0,0.0,
49.65,48.29,46.94,45.59,44.24,42.88,41.53,40.18,38.82,37.47,36.12,34.76,
67.47,67.94,68.41,68.88,69.35,69.82,70.29,70.76,71.24,71.71,72.18,72.65,
42.06,41.12,40.18,39.24,38.29,37.35,36.41,35.47,34.53,33.59,32.65,31.71,
43.12,42.24,41.35,40.47,39.59,38.71,37.82,36.94,36.06,35.18,34.29,33.41,
16.18,11.35,6.53,1.71,0.0,0.0,0.0,0.0,0.0,0.0,0.0,0.0,
13.88,6.76,0.0,0.0,0.0,0.0,0.0,0.0,0.0,0.0,0.0,0.0,
10.0,6.0,2.0,0.0,0.0,0.0,0.0,0.0,0.0,0.0,0.0,0.0,
40.65,36.29,31.94,27.59,23.24,18.88,14.53,10.18,5.82,1.47,0.0,0.0,
47.36,60.81,76.35,93.99,113.72,135.53,159.45,185.45,213.54,243.73,276.0,310.37,
47.47,43.94,40.41,36.88,33.35,29.82,26.29,22.76,19.24,15.71,12.18,8.65,
77.43,69.58,64.26,60.65,58.2,56.54,55.41,54.65,54.13,53.78,53.54,53.38,
69.78,62.08,57.24,54.2,52.28,51.07,50.32,49.84,49.54,49.35,49.23,49.15,
83.82,85.65,87.47,89.29,91.12,92.94,94.76,96.59,98.41,100.24,102.06,103.88,
84.24,86.47,88.71,90.94,93.18,95.41,97.65,99.88,102.12,104.35,106.59,108.82,
140.65,147.29,153.94,160.59,167.24,173.88,180.53,187.18,193.82,200.47,207.12,213.76,
148.71,155.41,162.12,168.82,175.53,182.24,188.94,195.65,202.35,209.06,215.76,222.47,
93.0,97.0,101.0,105.0,109.0,113.0,117.0,121.0,125.0,129.0,133.0,137.0,
75.35,76.71,78.06,79.41,80.76,82.12,83.47,84.82,86.18,87.53,88.88,90.24,
51.12,50.24,49.35,48.47,47.59,46.71,45.82,44.94,44.06,43.18,42.29,41.41,
51.47,51.94,52.41,52.88,53.35,53.82,54.29,54.76,55.24,55.71,56.18,56.65,
44.0,44.0,44.0,44.0,44.0,44.0,44.0,44.0,44.0,44.0,44.0,44.0,
45.35,46.71,48.06,49.41,50.76,52.12,53.47,54.82,56.18,57.53,58.88,60.24,
27.62,32.8,36.87,40.07,42.57,44.53,46.07,47.28,48.23,48.97,49.55,50.01,
36.79,49.95,65.57,81.4,95.16,104.89,109.24,107.61,100.31,88.43,73.71,58.3,
27.0,26.0,25.0,24.0,23.0,22.0,21.0,20.0,19.0,18.0,17.0,16.0,
67.76,69.53,71.29,73.06,74.82,76.59,78.35,80.12,81.88,83.65,85.41,87.18,
51.0,51.0,51.0,51.0,51.0,51.0,51.0,51.0,51.0,51.0,51.0,51.0,
41.35,38.71,36.06,33.41,30.76,28.12,25.47,22.82,20.18,17.53,14.88,12.24,
17.41,13.82,10.24,6.65,3.06,0.0,0.0,0.0,0.0,0.0,0.0,0.0,
25.88,22.76,19.65,16.53,13.41,10.29,7.18,4.06,0.94,0.0,0.0,0.0,
25.88,22.76,19.65,16.53,13.41,10.29,7.18,4.06,0.94,0.0,0.0,0.0,
30.24,24.47,18.71,12.94,7.18,1.41,0.0,0.0,0.0,0.0,0.0,0.0,
85.81,109.31,152.62,184.62,236.42,276.92,337.22,386.22,455.02,512.51,589.81,655.8,
65.94,59.97,49.95,49.95,49.95,49.95,49.95,49.95,49.95,49.95,49.95,49.95,
34.69,26.12,43.54,43.54,43.54,43.54,43.54,43.54,43.54,43.54,43.54,43.54,
56.75,49.54,46.53,45.27,44.75,44.53,44.44,44.4,44.38,44.38,44.38,44.37,
115.59,119.18,122.76,126.35,129.94,133.53,137.12,140.71,144.29,147.88,151.47,155.06,
69.68,72.15,74.54,76.9,79.24,81.59,83.93,86.27,88.61,90.95,93.29,95.63,
98.78,102.66,106.55,110.44,114.32,118.21,122.1,125.98,129.87,133.76,137.64,141.53,
189.35,198.71,208.06,217.41,226.76,236.12,245.47,254.82,264.18,273.53,282.88,292.24,
113.15,118.56,123.97,129.39,134.8,140.21,145.62,151.04,156.45,161.86,167.28,172.69,
119.0,124.49,129.99,135.49,140.98,146.48,151.98,157.47,162.97,168.47,173.96,179.46,
110.64,115.12,119.6,124.08,128.55,133.03,137.51,141.99,146.46,150.94,155.42,159.9,
74.98,76.88,78.78,80.68,82.58,84.48,86.38,88.28,90.18,92.08,93.98,95.88,
50.69,48.19,50.26,50.29,51.23,51.76,52.47,53.11,53.78,54.43,55.09,55.74,
45.34,46.53,47.79,49.01,50.25,51.49,52.72,53.96,55.2,56.43,57.67,58.9,
47.21,56.2,60.41,62.39,63.31,63.74,63.95,64.04,64.09,64.11,64.12,64.12,
39.64,50.85,65.26,80.61,94.58,105.05,110.5,110.16,104.17,93.52,79.9,65.41,
57.34,73.26,89.12,102.25,110.42,112.26,107.45,96.82,82.15,65.93,50.9,39.59,
34.25,33.3,31.98,30.83,29.61,28.42,27.21,26.01,24.81,23.61,22.41,21.2,
27.22,24.99,22.77,20.54,18.32,16.09,13.87,11.64,9.42,7.19,4.97,2.74,
25.19,22.86,20.53,18.19,15.86,13.53,11.19,8.86,6.53,4.2,1.86,0.0,
9.75,4.08,0.0,0.0,0.0,0.0,0.0,0.0,0.0,0.0,0.0,0.0,
8.29,2.6,0.0,0.0,0.0,0.0,0.0,0.0,0.0,0.0,0.0,0.0,
29.18,25.09,21.0,16.91,12.81,8.72,4.63,0.54,0.0,0.0,0.0,0.0,
25.28,11.92,9.67,0.0,0.0,0.0,0.0,0.0,0.0,0.0,0.0,0.0,
12.8,12.37,0.0,0.0,0.0,0.0,0.0,0.0,0.0,0.0,0.0,0.0,
22.55,19.49,15.15,11.5,7.48,3.65,0.0,0.0,0.0,0.0,0.0,0.0,
15.65,10.29,4.94,0.0,0.0,0.0,0.0,0.0,0.0,0.0,0.0,0.0,
27.65,26.29,24.94,23.59,22.24,20.88,19.53,18.18,16.82,15.47,14.12,12.76,
35.77,35.25,35.25,35.25,35.25,35.25,35.25,35.25,35.25,35.25,35.25,35.25,
29.26,32.84,32.84,32.84,32.84,32.84,32.84,32.84,32.84,32.84,32.84,32.84,
31.81,32.46,32.46,32.46,32.46,32.46,32.46,32.46,32.46,32.46,32.46,32.46,
37.96,29.23,30.96,31.69,32.0,32.13,32.19,32.21,32.22,32.23,32.23,32.23,
46.59,34.37,34.37,34.37,34.37,34.37,34.37,34.37,34.37,34.37,34.37,34.37,
17.58,33.48,32.83,32.83,32.83,32.83,32.83,32.83,32.83,32.83,32.83,32.83,
33.83,33.83,33.83,33.83,33.83,33.83,33.83,33.83,33.83,33.83,33.83,33.83,
33.39,33.39,33.39,33.39,33.39,33.39,33.39,33.39,33.39,33.39,33.39,33.39,
35.06,35.06,35.06,35.06,35.06,35.06,35.06,35.06,35.06,35.06,35.06,35.06,
35.89,35.89,35.89,35.89,35.89,35.89,35.89,35.89,35.89,35.89,35.89,35.89,
36.33,36.33,36.33,36.33,36.33,36.33,36.33,36.33,36.33,36.33,36.33,36.33,
35.5,35.5,35.5,35.5,35.5,35.5,35.5,35.5,35.5,35.5,35.5,35.5,
35.06,35.06,35.06,35.06,35.06,35.06,35.06,35.06,35.06,35.06,35.06,35.06,
34.67,34.67,34.67,34.67,34.67,34.67,34.67,34.67,34.67,34.67,34.67,34.67,
35.06,35.06,35.06,35.06,35.06,35.06,35.06,35.06,35.06,35.06,35.06,35.06,
35.06,35.06,35.06,35.06,35.06,35.06,35.06,35.06,35.06,35.06,35.06,35.06,
35.06,35.06,35.06,35.06,35.06,35.06,35.06,35.06,35.06,35.06,35.06,35.06,
34.67,34.67,34.67,34.67,34.67,34.67,34.67,34.67,34.67,34.67,34.67,34.67,
21.75,20.56,19.37,18.18,16.99,15.8,14.61,13.42,12.23,11.04,9.85,8.66,
18.41,16.91,15.41,13.91,12.41,10.91,9.41,7.91,6.41,4.91,3.41,1.91,
20.32,18.93,17.53,16.14,14.75,13.36,11.96,10.57,9.18,7.78,6.39,5.0,
33.56,33.56,33.56,33.56,33.56,33.56,33.56,33.56,33.56,33.56,33.56,33.56,
30.84,31.44,31.63,31.69,31.71,31.72,31.72,31.72,31.72,31.72,31.72,31.72,
31.31,32.02,32.02,32.02,32.02,32.02,32.02,32.02,32.02,32.02,32.02,32.02,
22.74,29.95,29.95,29.95,29.95,29.95,29.95,29.95,29.95,29.95,29.95,29.95,
18.82,16.65,14.47,12.29,10.12,7.94,5.76,3.59,1.41,0.0,0.0,0.0,
28.13,28.88,28.88,28.88,28.88,28.88,28.88,28.88,28.88,28.88,28.88,28.88,
27.97,27.96,27.96,27.96,27.96,27.96,27.96,27.96,27.96,27.96,27.96,27.96,
25.32,29.11,26.77,26.77,26.77,26.77,26.77,26.77,26.77,26.77,26.77,26.77,
28.38,24.66,26.7,26.7,26.7,26.7,26.7,26.7,26.7,26.7,26.7,26.7,
26.76,26.18,26.18,26.18,26.18,26.18,26.18,26.18,26.18,26.18,26.18,26.18,
32.52,27.72,27.72,27.72,27.72,27.72,27.72,27.72,27.72,27.72,27.72,27.72,
19.51,12.24,14.25,23.56,34.21,40.0,38.05,30.16,21.36,16.77,18.63,25.3,
12.36,13.22,23.34,35.85,42.51,39.17,28.29,17.2,13.14,18.53,29.59,38.93,
20.64,25.72,30.9,32.43,30.28,27.07,25.41,26.05,27.85,29.18,29.23,28.32,
26.45,31.86,33.06,30.06,26.12,24.48,25.9,28.6,30.21,29.74,28.0,26.63,
36.55,25.85,28.35,28.35,28.35,28.35,28.35,28.35,28.35,28.35,28.35,28.35,
25.31,27.25,28.12,28.51,28.69,28.77,28.8,28.82,28.83,28.83,28.83,28.83,
26.83,26.83,26.83,26.83,26.83,26.83,26.83,26.83,26.83,26.83,26.83,26.83,
25.94,25.94,25.94,25.94,25.94,25.94,25.94,25.94,25.94,25.94,25.94,25.94,
25.5,25.5,25.5,25.5,25.5,25.5,25.5,25.5,25.5,25.5,25.5,25.5,
24.32,24.89,24.89,24.89,24.89,24.89,24.89,24.89,24.89,24.89,24.89,24.89,
25.5,25.5,25.5,25.5,25.5,25.5,25.5,25.5,25.5,25.5,25.5,25.5,
19.25,18.6,17.94,17.28,16.63,15.97,15.31,14.65,14.0,13.34,12.68,12.02,
18.58,17.89,17.21,16.52,15.83,15.15,14.46,13.77,13.08,12.4,11.71,11.02,
18.05,17.34,16.64,15.94,15.23,14.53,13.83,13.13,12.42,11.72,11.02,10.32,
17.65,16.94,16.24,15.54,14.83,14.13,13.42,12.72,12.02,11.31,10.61,9.91,
17.39,16.7,16.01,15.32,14.63,13.93,13.24,12.55,11.86,11.17,10.48,9.79,
23.94,23.94,23.94,23.94,23.94,23.94,23.94,23.94,23.94,23.94,23.94,23.94,
23.5,23.5,23.5,23.5,23.5,23.5,23.5,23.5,23.5,23.5,23.5,23.5,
24.78,24.78,24.78,24.78,24.78,24.78,24.78,24.78,24.78,24.78,24.78,24.78,
60.75,46.26,59.39,53.08,60.45,58.19,62.71,62.45,65.56,66.3,68.71,69.95,
35.57,36.58,37.58,38.59,39.6,40.61,41.61,42.62,43.63,44.63,45.64,46.65,
35.58,36.54,37.51,38.47,39.43,40.39,41.35,42.32,43.28,44.24,45.2,46.16,
36.26,37.3,38.34,39.38,40.42,41.46,42.5,43.54,44.58,45.61,46.65,47.69,
36.14,37.12,38.1,39.08,40.05,41.03,42.01,42.99,43.97,44.95,45.93,46.91,
36.5,37.39,38.27,39.16,40.05,40.94,41.83,42.72,43.61,44.49,45.38,46.27,
38.48,39.52,40.57,41.61,42.66,43.7,44.74,45.79,46.83,47.88,48.92,49.97,
40.92,42.09,43.26,44.42,45.59,46.76,47.93,49.09,50.26,51.43,52.6,53.76,
41.14,42.24,43.34,44.44,45.55,46.65,47.75,48.85,49.95,51.06,52.16,53.26,
42.84,43.98,45.13,46.28,47.42,48.57,49.72,50.86,52.01,53.16,54.3,55.45,
44.08,45.23,46.37,47.51,48.66,49.8,50.94,52.09,53.23,54.37,55.52,56.66,
44.88,45.98,47.07,48.16,49.25,50.35,51.44,52.53,53.63,54.72,55.81,56.9,
35.78,35.78,35.78,35.78,35.78,35.78,35.78,35.78,35.78,35.78,35.78,35.78,
37.06,37.06,37.06,37.06,37.06,37.06,37.06,37.06,37.06,37.06,37.06,37.06,
37.89,37.89,37.89,37.89,37.89,37.89,37.89,37.89,37.89,37.89,37.89,37.89,
38.78,38.78,38.78,38.78,38.78,38.78,38.78,38.78,38.78,38.78,38.78,38.78,
42.72,42.06,41.72,41.54,41.45,41.4,41.38,41.37,41.36,41.36,41.35,41.35,
40.38,40.84,41.31,41.77,42.24,42.7,43.16,43.63,44.09,44.56,45.02,45.49,
42.91,43.73,44.56,45.38,46.2,47.02,47.84,48.67,49.49,50.31,51.13,51.95,
50.42,51.59,52.76,53.93,55.11,56.28,57.45,58.63,59.8,60.97,62.14,63.32,
84.12,87.24,90.35,93.47,96.59,99.71,102.82,105.94,109.06,112.18,115.29,118.41,
92.53,96.06,99.59,103.12,106.65,110.18,113.71,117.24,120.76,124.29,127.82,131.35,
91.06,94.12,97.18,100.24,103.29,106.35,109.41,112.47,115.53,118.59,121.65,124.71,
93.12,96.24,99.35,102.47,105.59,108.71,111.82,114.94,118.06,121.18,124.29,127.41,
124.45,137.84,152.16,167.43,183.63,200.77,218.85,237.87,257.83,278.72,300.56,323.33,
139.13,153.12,167.99,183.72,200.33,217.8,236.15,255.36,275.45,296.41,318.23,340.93,
44.56,44.34,44.12,43.91,43.69,43.47,43.25,43.04,42.82,42.6,42.38,42.17,
80.52,92.7,99.45,104.1,107.92,111.43,114.82,118.16,121.48,124.79,128.1,131.41,
77.14,79.35,81.14,82.92,84.71,86.5,88.29,90.08,91.87,93.66,95.44,97.23,
28.78,28.22,27.66,27.11,26.55,26.0,25.44,24.88,24.33,23.77,23.21,22.66,
28.67,27.55,26.44,25.33,24.22,23.11,22.0,20.89,19.78,18.66,17.55,16.44,
33.03,42.94,49.06,52.83,55.16,56.59,57.48,58.02,58.36,58.57,58.69,58.77,
34.86,43.49,48.92,52.33,54.47,55.82,56.67,57.2,57.53,57.74,57.87,57.96,
112.66,87.91,77.38,72.89,70.98,70.17,69.82,69.68,69.62,69.59,69.58,69.57,
21.18,20.35,19.53,18.71,17.88,17.06,16.24,15.41,14.59,13.76,12.94,12.12,
28.18,27.35,26.53,25.71,24.88,24.06,23.24,22.41,21.59,20.76,19.94,19.12,
26.24,24.47,22.71,20.94,19.18,17.41,15.65,13.88,12.12,10.35,8.59,6.82,
16.69,11.87,7.05,2.23,0.0,0.0,0.0,0.0,0.0,0.0,0.0,0.0,
15.0,10.21,5.43,0.65,0.0,0.0,0.0,0.0,0.0,0.0,0.0,0.0,
64.71,63.41,62.12,60.82,59.53,58.24,56.94,55.65,54.35,53.06,51.76,50.47,
57.18,55.35,53.53,51.71,49.88,48.06,46.24,44.41,42.59,40.76,38.94,37.12,
42.99,39.16,35.33,31.5,27.67,23.84,20.02,16.19,12.36,8.53,4.7,0.87,
47.65,43.29,38.94,34.59,30.24,25.88,21.53,17.18,12.82,8.47,4.12,0.0,
48.78,48.78,48.78,48.78,48.78,48.78,48.78,48.78,48.78,48.78,48.78,48.78,
48.39,48.39,48.39,48.39,48.39,48.39,48.39,48.39,48.39,48.39,48.39,48.39,
83.45,85.15,86.85,88.54,90.24,91.94,93.64,95.33,97.03,98.73,100.42,102.12,
75.13,77.76,80.4,83.03,85.67,88.3,90.93,93.57,96.2,98.83,101.47,104.1,
92.47,96.48,100.5,104.52,108.54,112.56,116.58,120.6,124.62,128.64,132.66,136.68,
103.54,108.2,112.86,117.52,122.18,126.84,131.5,136.16,140.82,145.48,150.14,154.8,
123.13,128.31,133.5,138.69,143.88,149.06,154.25,159.44,164.63,169.81,175.0,180.19,
118.41,123.62,128.82,134.02,139.22,144.42,149.62,154.82,160.02,165.22,170.43,175.63,
61.18,63.35,65.53,67.71,69.88,72.06,74.24,76.41,78.59,80.76,82.94,85.12,
68.18,70.35,72.53,74.71,76.88,79.06,81.24,83.41,85.59,87.76,89.94,92.12,
44.94,45.88,46.82,47.76,48.71,49.65,50.59,51.53,52.47,53.41,54.35,55.29,
43.88,44.76,45.65,46.53,47.41,48.29,49.18,50.06,50.94,51.82,52.71,53.59,
52.0,57.29,60.8,63.11,64.65,65.66,66.33,66.78,67.07,67.27,67.39,67.48,
50.87,51.11,69.72,69.72,69.72,69.72,69.72,69.72,69.72,69.72,69.72,69.72,
60.79,84.4,71.96,71.96,71.96,71.96,71.96,71.96,71.96,71.96,71.96,71.96,
75.96,54.43,67.24,61.18,65.49,64.11,65.85,65.87,66.84,67.29,68.02,68.6,
42.83,42.1,41.21,40.38,39.52,38.68,37.83,36.98,36.13,35.28,34.43,33.59,
12.18,32.81,6.85,18.37,16.46,0.67,21.31,0.0,10.29,4.99,0.0,11.17,
37.34,36.73,33.62,31.54,29.04,26.71,24.31,21.94,19.56,17.18,14.81,12.43,
93.0,114.63,103.13,112.43,108.67,113.1,112.4,114.92,115.41,117.18,118.15,119.62,
40.41,37.2,33.99,30.78,27.56,24.35,21.14,17.92,14.71,11.5,8.29,5.07,
26.38,20.86,15.33,9.8,4.28,0.0,0.0,0.0,0.0,0.0,0.0,0.0,
22.74,17.43,12.11,6.79,1.47,0.0,0.0,0.0,0.0,0.0,0.0,0.0,
42.98,39.36,35.74,32.13,28.51,24.89,21.27,17.65,14.03,10.42,6.8,3.18,
53.28,53.28,53.28,53.28,53.28,53.28,53.28,53.28,53.28,53.28,53.28,53.28,
51.17,51.17,51.17,51.17,51.17,51.17,51.17,51.17,51.17,51.17,51.17,51.17,
54.06,54.06,54.06,54.06,54.06,54.06,54.06,54.06,54.06,54.06,54.06,54.06,
90.31,93.36,96.41,99.46,102.51,105.57,108.62,111.67,114.72,117.77,120.82,123.88,
96.34,99.78,103.22,106.66,110.11,113.55,116.99,120.43,123.87,127.31,130.75,134.19,
110.03,114.2,118.37,122.55,126.72,130.89,135.07,139.24,143.41,147.59,151.76,155.93,
118.27,122.97,127.66,132.36,137.05,141.75,146.44,151.14,155.83,160.53,165.22,169.92,
108.22,112.29,116.37,120.44,124.51,128.58,132.65,136.72,140.79,144.86,148.93,153.0,
107.19,111.15,115.1,119.06,123.01,126.97,130.93,134.88,138.84,142.79,146.75,150.71,
74.68,76.48,78.28,80.08,81.88,83.68,85.48,87.27,89.07,90.87,92.67,94.47,
60.35,61.71,63.06,64.41,65.76,67.12,68.47,69.82,71.18,72.53,73.88,75.24,
60.68,65.18,67.5,68.7,69.33,69.65,69.81,69.9,69.94,69.97,69.98,69.99,
60.91,65.99,68.89,70.54,71.48,72.02,72.32,72.5,72.6,72.65,72.68,72.7,
51.57,59.15,69.09,79.85,89.74,97.24,101.22,101.1,96.95,89.47,79.84,69.59,
78.02,75.47,73.84,72.8,72.13,71.7,71.43,71.25,71.14,71.07,71.02,70.99,
74.34,85.08,94.46,101.05,103.83,102.39,96.94,88.32,77.85,67.14,57.83,51.34,
37.04,37.28,34.05,32.49,30.13,28.16,26.0,23.93,21.81,19.72,17.62,15.52,
37.03,33.18,29.34,25.5,21.65,17.81,13.96,10.12,6.27,2.43,0.0,0.0,
30.06,25.88,21.69,17.5,13.32,9.13,4.95,0.76,0.0,0.0,0.0,0.0,
30.27,26.06,21.85,17.65,13.44,9.24,5.03,0.83,0.0,0.0,0.0,0.0,
28.21,24.22,20.23,16.25,12.26,8.27,4.28,0.29,0.0,0.0,0.0,0.0,
36.93,33.3,29.66,26.02,22.39,18.75,15.12,11.48,7.85,4.21,0.58,0.0,
33.48,29.42,25.36,21.3,17.25,13.19,9.13,5.07,1.01,0.0,0.0,0.0,
34.45,32.08,29.71,27.33,24.96,22.59,20.21,17.84,15.47,13.1,10.72,8.35,
55.39,55.39,55.39,55.39,55.39,55.39,55.39,55.39,55.39,55.39,55.39,55.39,
85.0,70.76,64.79,62.29,61.25,60.81,60.63,60.55,60.52,60.5,60.5,60.49,
117.95,119.41,122.89,125.62,128.63,131.53,134.48,137.41,140.34,143.28,146.21,149.15,
110.61,112.24,115.69,118.47,121.5,124.43,127.4,130.36,133.33,136.29,139.25,142.21,
123.22,130.02,133.11,137.64,141.61,145.8,149.9,154.04,158.16,162.29,166.42,170.55,
146.19,151.49,156.79,162.09,167.39,172.69,177.99,183.29,188.59,193.89,199.19,204.49,
133.94,138.42,142.9,147.38,151.86,156.34,160.83,165.31,169.79,174.27,178.75,183.24,
121.18,123.35,125.53,127.71,129.88,132.06,134.24,136.41,138.59,140.76,142.94,145.12,
68.82,70.65,72.47,74.29,76.12,77.94,79.76,81.59,83.41,85.24,87.06,88.88,
84.24,86.47,88.71,90.94,93.18,95.41,97.65,99.88,102.12,104.35,106.59,108.82,
52.94,53.88,54.82,55.76,56.71,57.65,58.59,59.53,60.47,61.41,62.35,63.29,
61.82,63.65,65.47,67.29,69.12,70.94,72.76,74.59,76.41,78.24,80.06,81.88,
59.43,64.81,68.7,71.52,73.56,75.04,76.12,76.89,77.45,77.86,78.15,78.37,
35.97,41.61,46.19,49.9,52.9,55.34,57.31,58.91,60.2,61.25,62.1,62.79,
69.91,72.03,73.56,74.68,75.48,76.07,76.49,76.8,77.03,77.19,77.31,77.39,
68.82,70.65,72.47,74.29,76.12,77.94,79.76,81.59,83.41,85.24,87.06,88.88,
34.65,33.29,31.94,30.59,29.24,27.88,26.53,25.18,23.82,22.47,21.12,19.76,
41.11,40.56,36.51,33.76,30.53,27.48,24.37,21.27,18.17,15.07,11.98,8.88,
43.87,39.69,35.51,31.33,27.15,22.97,18.79,14.61,10.43,6.25,2.07,0.0,
80.29,78.59,76.88,75.18,73.47,71.76,70.06,68.35,66.65,64.94,63.24,61.53,
42.58,38.28,33.98,29.68,25.38,21.08,16.78,12.48,8.18,3.88,0.0,0.0,
31.2,29.24,21.63,16.96,10.76,5.36,0.0,0.0,0.0,0.0,0.0,0.0,
26.18,17.42,12.06,5.04,0.0,0.0,0.0,0.0,0.0,0.0,0.0,0.0,
42.14,38.7,35.26,31.81,28.37,24.92,21.48,18.04,14.59,11.15,7.71,4.26,
60.0,60.0,60.0,60.0,60.0,60.0,60.0,60.0,60.0,60.0,60.0,60.0,
58.33,58.33,58.33,58.33,58.33,58.33,58.33,58.33,58.33,58.33,58.33,58.33,
59.5,59.5,59.5,59.5,59.5,59.5,59.5,59.5,59.5,59.5,59.5,59.5,
101.44,104.33,107.22,110.11,113.01,115.9,118.79,121.68,124.57,127.46,130.35,133.24,
92.34,94.89,97.44,99.98,102.53,105.08,107.63,110.17,112.72,115.27,117.82,120.36,
89.2,91.9,94.61,97.31,100.02,102.72,105.43,108.13,110.84,113.54,116.25,118.95,
88.47,91.01,93.55,96.09,98.64,101.18,103.72,106.26,108.8,111.34,113.88,116.42,
65.94,65.88,65.82,65.76,65.71,65.65,65.59,65.53,65.47,65.41,65.35,65.29,
51.12,50.24,49.35,48.47,47.59,46.71,45.82,44.94,44.06,43.18,42.29,41.41,
51.38,55.59,57.99,59.35,60.13,60.57,60.83,60.97,61.05,61.1,61.13,61.14,
69.83,67.87,66.94,66.5,66.29,66.2,66.15,66.13,66.12,66.11,66.11,66.11,
51.92,58.76,61.7,62.97,63.51,63.74,63.84,63.89,63.91,63.91,63.92,63.92,
54.55,59.77,62.36,63.64,64.28,64.59,64.75,64.83,64.87,64.88,64.89,64.9,
43.85,48.91,52.17,54.28,55.64,56.51,57.07,57.44,57.67,57.82,57.92,57.98,
73.38,69.1,66.98,65.93,65.41,65.16,65.03,64.97,64.93,64.92,64.91,64.91,
65.44,61.32,64.77,65.14,66.76,67.87,69.2,70.43,71.7,72.96,74.22,75.48,
40.66,37.95,35.24,32.53,29.82,27.11,24.41,21.7,18.99,16.28,13.57,10.86,
37.54,34.59,31.64,28.69,25.74,22.79,19.84,16.9,13.95,11.0,8.05,5.1,
45.95,43.47,40.98,38.5,36.01,33.53,31.05,28.56,26.08,23.6,21.11,18.63,
54.16,52.14,50.13,48.11,46.1,44.09,42.07,40.06,38.04,36.03,34.01,32.0,
43.64,41.15,38.66,36.18,33.69,31.2,28.72,26.23,23.75,21.26,18.77,16.29,
56.56,56.56,56.56,56.56,56.56,56.56,56.56,56.56,56.56,56.56,56.56,56.56,
52.83,52.83,52.83,52.83,52.83,52.83,52.83,52.83,52.83,52.83,52.83,52.83,
51.61,51.61,51.61,51.61,51.61,51.61,51.61,51.61,51.61,51.61,51.61,51.61,
49.89,49.89,49.89,49.89,49.89,49.89,49.89,49.89,49.89,49.89,49.89,49.89,
48.67,48.67,48.67,48.67,48.67,48.67,48.67,48.67,48.67,48.67,48.67,48.67,
48.22,48.22,48.22,48.22,48.22,48.22,48.22,48.22,48.22,48.22,48.22,48.22,
47.83,47.83,47.83,47.83,47.83,47.83,47.83,47.83,47.83,47.83,47.83,47.83,
46.17,46.17,46.17,46.17,46.17,46.17,46.17,46.17,46.17,46.17,46.17,46.17,
46.17,46.17,46.17,46.17,46.17,46.17,46.17,46.17,46.17,46.17,46.17,46.17,
46.17,46.17,46.17,46.17,46.17,46.17,46.17,46.17,46.17,46.17,46.17,46.17,
32.28,30.81,29.35,27.89,26.43,24.96,23.5,22.04,20.58,19.12,17.65,16.19,
40.21,50.87,41.93,45.91,44.14,44.93,44.58,44.73,44.66,44.69,44.68,44.69,
52.18,51.75,44.89,44.89,44.89,44.89,44.89,44.89,44.89,44.89,44.89,44.89,
49.22,37.5,44.37,44.37,44.37,44.37,44.37,44.37,44.37,44.37,44.37,44.37,
44.11,44.11,44.11,44.11,44.11,44.11,44.11,44.11,44.11,44.11,44.11,44.11,
38.23,45.6,41.65,43.76,42.63,43.24,42.92,43.09,43.0,43.05,43.02,43.03,
39.35,44.09,42.31,42.98,42.73,42.82,42.79,42.8,42.8,42.8,42.8,42.8,
42.87,43.24,43.12,43.15,43.14,43.15,43.14,43.15,43.14,43.15,43.15,43.15,
50.26,52.82,52.38,54.03,54.22,55.43,55.93,56.93,57.58,58.47,59.19,60.03,
50.71,51.27,51.83,52.39,52.95,53.51,54.08,54.64,55.2,55.76,56.32,56.88,
53.05,53.85,54.66,55.46,56.27,57.07,57.88,58.69,59.49,60.3,61.1,61.91,
53.29,54.03,54.76,55.5,56.24,56.98,57.72,58.45,59.19,59.93,60.67,61.41,
54.26,55.05,55.85,56.64,57.44,58.23,59.02,59.82,60.61,61.4,62.2,62.99,
53.3,53.99,54.69,55.38,56.07,56.76,57.46,58.15,58.84,59.53,60.23,60.92,
53.2,53.8,54.39,54.99,55.58,56.17,56.77,57.36,57.96,58.55,59.15,59.74,
53.73,54.33,54.93,55.53,56.14,56.74,57.34,57.94,58.55,59.15,59.75,60.36,
48.89,48.89,48.89,48.89,48.89,48.89,48.89,48.89,48.89,48.89,48.89,48.89,
48.89,48.89,48.89,48.89,48.89,48.89,48.89,48.89,48.89,48.89,48.89,48.89,
49.78,49.78,49.78,49.78,49.78,49.78,49.78,49.78,49.78,49.78,49.78,49.78,
49.78,49.78,49.78,49.78,49.78,49.78,49.78,49.78,49.78,49.78,49.78,49.78,
49.78,49.78,49.78,49.78,49.78,49.78,49.78,49.78,49.78,49.78,49.78,49.78,
47.51,50.33,50.33,50.33,50.33,50.33,50.33,50.33,50.33,50.33,50.33,50.33,
53.68,50.36,50.36,50.36,50.36,50.36,50.36,50.36,50.36,50.36,50.36,50.36,
49.33,49.33,49.33,49.33,49.33,49.33,49.33,49.33,49.33,49.33,49.33,49.33,
48.39,48.76,48.76,48.76,48.76,48.76,48.76,48.76,48.76,48.76,48.76,48.76,
43.95,43.43,42.91,42.39,41.87,41.35,40.83,40.31,39.79,39.27,38.75,38.23,
49.33,49.33,49.33,49.33,49.33,49.33,49.33,49.33,49.33,49.33,49.33,49.33,
49.33,49.33,49.33,49.33,49.33,49.33,49.33,49.33,49.33,49.33,49.33,49.33,
49.78,49.78,49.78,49.78,49.78,49.78,49.78,49.78,49.78,49.78,49.78,49.78,
49.33,49.33,49.33,49.33,49.33,49.33,49.33,49.33,49.33,49.33,49.33,49.33,
48.89,48.89,48.89,48.89,48.89,48.89,48.89,48.89,48.89,48.89,48.89,48.89,
48.89,48.89,48.89,48.89,48.89,48.89,48.89,48.89,48.89,48.89,48.89,48.89,
48.44,48.44,48.44,48.44,48.44,48.44,48.44,48.44,48.44,48.44,48.44,48.44,
48.84,43.71,47.9,47.9,47.9,47.9,47.9,47.9,47.9,47.9,47.9,47.9,
53.66,53.63,54.43,48.13,44.67,41.63,44.03,47.54,51.84,52.88,51.38,47.62,
47.05,47.18,47.76,47.76,47.76,47.76,47.76,47.76,47.76,47.76,47.76,47.76,
45.3,45.09,46.92,46.92,46.92,46.92,46.92,46.92,46.92,46.92,46.92,46.92,
44.44,46.13,46.75,46.75,46.75,46.75,46.75,46.75,46.75,46.75,46.75,46.75,
588924.85,0.0,891732.25,0.0,900566.65,0.0,909401.05,0.0,918235.45,0.0,927069.86,0.0,
49.45,50.6,46.5,46.5,46.5,46.5,46.5,46.5,46.5,46.5,46.5,46.5,
47.83,47.83,47.83,47.83,47.83,47.83,47.83,47.83,47.83,47.83,47.83,47.83,
79.95,61.23,51.87,51.87,51.87,51.87,51.87,51.87,51.87,51.87,51.87,51.87,
75.76,77.53,79.29,81.06,82.82,84.59,86.35,88.12,89.88,91.65,93.41,95.18,
74.82,75.65,76.47,77.29,78.12,78.94,79.76,80.59,81.41,82.24,83.06,83.88,
179.78,187.68,195.59,203.49,211.39,219.29,227.2,235.1,243.0,250.91,258.81,266.71,
107.03,110.26,113.5,116.74,119.97,123.21,126.45,129.68,132.92,136.16,139.39,142.63,
124.59,134.23,138.97,143.71,148.45,153.19,157.93,162.67,167.41,172.15,176.89,181.63,
129.4,134.48,139.57,144.65,149.73,154.81,159.9,164.98,170.06,175.15,180.23,185.31,
137.29,142.9,148.5,154.11,159.71,165.31,170.92,176.52,182.13,187.73,193.33,198.94,
126.45,131.8,137.14,142.49,147.83,153.18,158.53,163.87,169.22,174.56,179.91,185.25,
52.47,52.94,53.41,53.88,54.35,54.82,55.29,55.76,56.24,56.71,57.18,57.65,
68.35,69.71,71.06,72.41,73.76,75.12,76.47,77.82,79.18,80.53,81.88,83.24,
60.94,61.88,62.82,63.76,64.71,65.65,66.59,67.53,68.47,69.41,70.35,71.29,
59.22,63.99,67.14,69.21,70.59,71.5,72.09,72.49,72.75,72.92,73.04,73.11,
59.59,64.54,67.77,69.87,71.24,72.13,72.71,73.09,73.34,73.5,73.6,73.67,
76.13,76.81,77.22,77.46,77.61,77.7,77.75,77.78,77.8,77.81,77.82,77.83,
43.59,43.18,42.76,42.35,41.94,41.53,41.12,40.71,40.29,39.88,39.47,39.06,
55.17,53.84,52.51,51.19,49.86,48.53,47.2,45.88,44.55,43.22,41.89,40.56,
50.03,47.96,45.89,43.82,41.75,39.69,37.62,35.55,33.48,31.41,29.34,27.28,
71.12,74.92,73.58,74.03,73.86,73.91,73.88,73.88,73.86,73.86,73.85,73.84,
72.39,67.74,68.04,65.9,64.96,63.43,62.19,60.81,59.5,58.15,56.82,55.48,
42.65,38.04,33.42,28.81,24.2,19.58,14.97,10.35,5.74,1.12,0.0,0.0,
32.41,28.82,25.24,21.65,18.06,14.47,10.88,7.29,3.71,0.12,0.0,0.0,
39.12,34.24,29.35,24.47,19.59,14.71,9.82,4.94,0.06,0.0,0.0,0.0,
86.82,84.65,82.47,80.29,78.12,75.94,73.76,71.59,69.41,67.24,65.06,62.88,
63.83,63.83,63.83,63.83,63.83,63.83,63.83,63.83,63.83,63.83,63.83,63.83,
61.33,61.33,61.33,61.33,61.33,61.33,61.33,61.33,61.33,61.33,61.33,61.33,
96.42,81.6,74.17,70.45,68.58,67.65,67.18,66.95,66.83,66.77,66.74,66.73,
130.53,134.06,137.59,141.12,144.65,148.18,151.71,155.24,158.76,162.29,165.82,169.35,
99.18,101.35,103.53,105.71,107.88,110.06,112.24,114.41,116.59,118.76,120.94,123.12,
115.53,119.06,122.59,126.12,129.65,133.18,136.71,140.24,143.76,147.29,150.82,154.35,
139.88,144.76,149.65,154.53,159.41,164.29,169.18,174.06,178.94,183.82,188.71,193.59,
106.76,108.53,110.29,112.06,113.82,115.59,117.35,119.12,120.88,122.65,124.41,126.18,
83.18,85.35,87.53,89.71,91.88,94.06,96.24,98.41,100.59,102.76,104.94,107.12,
50.47,49.94,49.41,48.88,48.35,47.82,47.29,46.76,46.24,45.71,45.18,44.65,
51.0,51.0,51.0,51.0,51.0,51.0,51.0,51.0,51.0,51.0,51.0,51.0,
59.5,64.82,68.6,71.28,73.18,74.53,75.49,76.17,76.65,77.0,77.24,77.41,
51.63,57.26,61.42,64.49,66.75,68.42,69.66,70.57,71.24,71.74,72.1,72.38,
54.64,57.5,59.74,61.5,62.88,63.96,64.81,65.47,66.0,66.41,66.73,66.98,
92.92,108.85,120.2,124.91,122.2,112.73,98.4,82.01,66.71,55.36,50.04,51.64,
44.0,44.0,44.0,44.0,44.0,44.0,44.0,44.0,44.0,44.0,44.0,44.0,
41.35,38.71,36.06,33.41,30.76,28.12,25.47,22.82,20.18,17.53,14.88,12.24,
50.71,49.41,48.12,46.82,45.53,44.24,42.94,41.65,40.35,39.06,37.76,36.47,
49.82,47.65,45.47,43.29,41.12,38.94,36.76,34.59,32.41,30.24,28.06,25.88,
102.71,101.41,100.12,98.82,97.53,96.24,94.94,93.65,92.35,91.06,89.76,88.47,
45.07,41.0,36.92,32.85,28.77,24.69,20.62,16.54,12.47,8.39,4.32,0.24,
45.28,41.82,38.36,34.9,31.44,27.98,24.52,21.06,17.6,14.14,10.68,7.22,
43.77,39.85,35.94,32.02,28.1,24.18,20.26,16.34,12.42,8.5,4.58,0.67,
65.33,65.33,65.33,65.33,65.33,65.33,65.33,65.33,65.33,65.33,65.33,65.33,
63.61,63.61,63.61,63.61,63.61,63.61,63.61,63.61,63.61,63.61,63.61,63.61,
64.39,64.39,64.39,64.39,64.39,64.39,64.39,64.39,64.39,64.39,64.39,64.39,
91.0,93.79,96.58,99.38,102.17,104.97,107.76,110.56,113.35,116.15,118.94,121.74,
101.36,104.85,108.34,111.83,115.32,118.8,122.29,125.78,129.27,132.76,136.25,139.73,
103.95,107.48,111.02,114.55,118.08,121.61,125.15,128.68,132.21,135.75,139.28,142.81,
112.35,116.37,120.4,124.43,128.45,132.48,136.5,140.53,144.55,148.58,152.6,156.63,
121.72,126.21,130.69,135.18,139.66,144.15,148.63,153.12,157.6,162.09,166.58,171.06,
121.8,126.03,130.26,134.49,138.72,142.95,147.18,151.41,155.64,159.87,164.1,168.33,
115.14,118.84,122.54,126.24,129.94,133.64,137.33,141.03,144.73,148.43,152.13,155.83,
73.6,74.93,76.25,77.57,78.89,80.21,81.53,82.86,84.18,85.5,86.82,88.14,
68.34,74.9,77.53,78.59,79.01,79.18,79.25,79.28,79.29,79.3,79.3,79.3,
68.34,74.9,77.53,78.59,79.01,79.18,79.25,79.28,79.29,79.3,79.3,79.3,
67.06,74.3,77.79,79.47,80.27,80.66,80.85,80.94,80.98,81.0,81.01,81.02,
64.25,67.07,68.95,70.2,71.03,71.58,71.95,72.19,72.36,72.46,72.54,72.58,
81.1,80.57,80.26,80.08,79.98,79.91,79.88,79.86,79.84,79.84,79.83,79.83,
52.06,52.12,52.18,52.24,52.29,52.35,52.41,52.47,52.53,52.59,52.65,52.71,
39.91,35.63,31.35,27.08,22.8,18.52,14.24,9.96,5.69,1.41,0.0,0.0,
47.28,43.73,40.19,36.64,33.1,29.56,26.01,22.47,18.92,15.38,11.84,8.29,
42.08,38.34,34.6,30.86,27.12,23.38,19.64,15.9,12.16,8.42,4.68,0.94,
43.35,40.1,36.84,33.59,30.33,27.08,23.82,20.57,17.32,14.06,10.81,7.55,
37.41,33.76,30.11,26.46,22.8,19.15,15.5,11.85,8.19,4.54,0.89,0.0,
43.96,41.26,38.56,35.86,33.16,30.46,27.76,25.06,22.36,19.66,16.96,14.26,
41.65,38.0,34.35,30.7,27.05,23.4,19.75,16.1,12.46,8.81,5.16,1.51,
65.33,65.33,65.33,65.33,65.33,65.33,65.33,65.33,65.33,65.33,65.33,65.33,
33.53,59.54,59.54,59.54,59.54,59.54,59.54,59.54,59.54,59.54,59.54,59.54,
62.0,62.0,62.0,62.0,62.0,62.0,62.0,62.0,62.0,62.0,62.0,62.0,
63.67,63.67,63.67,63.67,63.67,63.67,63.67,63.67,63.67,63.67,63.67,63.67,
90.39,117.84,108.37,118.08,117.84,122.76,125.0,128.63,131.54,134.83,137.91,141.11,
139.21,138.38,146.85,149.16,155.55,159.24,164.71,169.01,174.08,178.64,183.54,188.21,
128.18,126.76,132.93,135.83,140.14,143.85,147.81,151.66,155.56,159.44,163.33,167.22,
125.16,127.65,131.68,135.07,138.72,142.26,145.85,149.42,152.99,156.57,160.14,163.72,
120.7,124.83,128.97,133.11,137.25,141.38,145.52,149.66,153.8,157.93,162.07,166.21,
101.98,92.49,104.11,101.11,108.24,108.34,113.31,114.91,118.85,121.17,124.61,127.27,
78.48,70.47,77.73,73.61,77.98,76.02,78.77,78.01,79.88,79.78,81.15,81.42,
61.52,52.04,62.42,69.02,73.22,75.88,77.58,78.66,79.34,79.78,80.05,80.23,
38.81,43.43,51.75,63.56,77.03,90.2,101.24,108.73,111.81,110.27,104.57,95.72,
47.34,64.4,80.59,96.33,108.9,116.27,117.45,112.57,102.82,90.16,76.96,65.57,
58.12,85.1,106.07,123.13,133.14,134.3,126.46,111.16,91.31,70.61,52.94,41.54,
71.09,82.84,79.39,86.71,84.44,89.58,88.48,92.36,92.12,95.22,95.59,98.17,
60.35,61.71,63.06,64.41,65.76,67.12,68.47,69.82,71.18,72.53,73.88,75.24,
57.88,55.76,53.65,51.53,49.41,47.29,45.18,43.06,40.94,38.82,36.71,34.59,
98.35,99.71,101.06,102.41,103.76,105.12,106.47,107.82,109.18,110.53,111.88,113.24,
49.41,46.82,44.24,41.65,39.06,36.47,33.88,31.29,28.71,26.12,23.53,20.94,
41.76,39.53,37.29,35.06,32.82,30.59,28.35,26.12,23.88,21.65,19.41,17.18,
54.59,50.18,45.76,41.35,36.94,32.53,28.12,23.71,19.29,14.88,10.47,6.06,
22.24,16.47,10.71,4.94,0.0,0.0,0.0,0.0,0.0,0.0,0.0,0.0,
40.0,36.0,32.0,28.0,24.0,20.0,16.0,12.0,8.0,4.0,0.0,0.0,
51.42,52.05,44.81,41.97,39.09,33.02,31.22,26.09,22.23,19.14,14.1,11.09,
87.11,63.12,63.12,63.12,63.12,63.12,63.12,63.12,63.12,63.12,63.12,63.12,
45.5,50.1,57.87,57.87,57.87,57.87,57.87,57.87,57.87,57.87,57.87,57.87,
84.77,74.33,59.23,45.74,39.29,42.29,53.25,67.48,79.11,83.49,79.06,67.88,
67.28,53.3,42.85,40.32,46.66,59.09,72.27,80.62,80.66,72.49,59.67,47.67,
90.26,93.01,95.76,98.51,101.26,104.01,106.76,109.51,112.26,115.01,117.76,120.51,
87.65,89.75,91.85,93.94,96.04,98.14,100.23,102.33,104.43,106.52,108.62,110.72,
85.9,87.43,88.96,90.5,92.03,93.56,95.1,96.63,98.16,99.7,101.23,102.76,
68.1,68.55,68.73,68.8,68.83,68.84,68.84,68.84,68.85,68.85,68.85,68.85,
60.51,64.07,65.55,66.17,66.43,66.54,66.58,66.6,66.61,66.61,66.61,66.61,
66.93,67.3,67.45,67.51,67.54,67.55,67.55,67.55,67.55,67.55,67.55,67.55,
63.98,66.44,67.65,68.24,68.54,68.68,68.75,68.79,68.81,68.82,68.82,68.82,
56.63,59.4,61.05,62.03,62.62,62.97,63.18,63.31,63.38,63.43,63.45,63.47,
56.17,58.72,60.28,61.24,61.82,62.18,62.4,62.54,62.62,62.67,62.7,62.72,
61.54,63.04,63.92,64.44,64.74,64.92,65.03,65.09,65.13,65.15,65.16,65.17,
47.81,50.62,52.68,54.2,55.31,56.13,56.74,57.18,57.51,57.75,57.92,58.05,
77.77,72.54,70.31,69.35,68.95,68.77,68.7,68.67,68.65,68.65,68.64,68.64,
87.39,86.5,88.55,89.22,90.54,91.56,92.72,93.81,94.93,96.04,97.16,98.27,
54.3,52.59,50.89,49.18,47.47,45.77,44.06,42.36,40.65,38.95,37.24,35.54,
46.58,44.37,42.16,39.95,37.75,35.54,33.33,31.12,28.91,26.71,24.5,22.29,
48.34,46.41,44.47,42.54,40.6,38.67,36.73,34.8,32.87,30.93,29.0,27.06,
63.83,63.83,63.83,63.83,63.83,63.83,63.83,63.83,63.83,63.83,63.83,63.83,
62.61,62.61,62.61,62.61,62.61,62.61,62.61,62.61,62.61,62.61,62.61,62.61,
58.89,58.89,58.89,58.89,58.89,58.89,58.89,58.89,58.89,58.89,58.89,58.89,
37.32,35.4,33.49,31.57,29.66,27.75,25.83,23.92,22.0,20.09,18.18,16.26,
34.67,32.79,30.92,29.04,27.16,25.28,23.41,21.53,19.65,17.78,15.9,14.02,
23.43,21.28,19.12,16.97,14.81,12.65,10.5,8.34,6.19,4.03,1.88,0.0,
