367.55,283.08,189.43,121.39,94.24,87.48,72.66,73.05,75.75,80.93,92.43,111.95
409.68,344.86,269.89,209.17,168.71,150.79,143.19,135.82,124.13,113.04,113.04,128.02
416.55,374.0,399.98,459.33,519.45,558.49,585.8,608.92,624.43,626.36,638.28,647.37
478.99,478.57,437.1,402.03,425.8,488.47,561.43,600.84,584.97,557.99,545.24,560.67
442.95,424.95,426.44,446.07,489.29,544.85,604.96,623.95,590.57,552.64,544.38,563.86
299.91,419.71,571.49,626.03,609.25,609.07,617.14,610.95,586.06,542.56,509.45,507.16
256.57,376.23,520.38,626.76,634.99,607.54,580.05,548.64,513.92,482.25,461.01,469.86
165.65,308.71,528.49,648.47,672.42,667.29,636.48,593.5,558.56,541.92,547.86,585.96
155.88,257.51,426.48,571.72,641.87,641.0,628.69,592.05,546.94,513.44,517.32,564.85
143.16,139.36,169.58,255.2,455.24,621.63,663.57,669.24,662.3,658.74,656.41,673.53
102.56,132.33,195.54,243.46,298.04,375.49,456.9,520.27,535.89,486.67,430.89,429.01
125.85,273.84,416.09,436.8,444.59,443.86,431.38,417.7,400.35,383.92,393.55,432.09
141.58,279.98,392.21,396.93,399.45,395.88,381.84,372.09,364.74,372.88,397.81,438.21
306.17,270.16,321.57,334.96,346.16,355.44,360.6,357.9,353.47,366.85,370.85,381.44
258.09,255.57,331.68,324.74,330.27,349.06,352.42,336.73,317.98,311.93,325.49,358.05
370.0,345.15,318.25,296.4,285.14,287.65,288.87,279.57,255.51,220.74,202.67,222.7
257.85,256.2,293.84,280.93,277.46,292.78,296.67,278.19,240.04,187.09,151.56,142.63
276.69,277.38,260.56,257.53,292.81,307.27,288.49,221.82,125.58,81.43,65.61,58.39
318.54,286.53,233.99,185.05,172.42,176.03,179.77,159.11,125.55,94.53,80.68,96.72
354.72,340.97,266.96,194.58,150.74,129.77,124.28,120.52,117.49,122.01,135.08,163.12
334.53,299.74,258.24,231.27,205.06,152.59,106.23,81.38,67.81,47.14,38.61,54.07
353.78,339.49,322.21,280.89,216.28,148.5,105.46,80.77,71.46,62.85,57.25,59.84
358.53,348.43,342.04,302.87,224.58,133.92,92.91,76.43,71.81,69.93,77.17,87.53
395.37,327.95,252.44,185.5,133.58,103.52,94.78,95.33,95.72,92.7,97.43,98.0
418.44,387.41,395.39,408.97,463.72,522.03,556.97,577.13,577.11,547.17,515.62,512.56
414.66,384.78,398.33,403.65,413.28,434.32,459.45,478.08,494.76,505.88,517.58,528.38
358.93,378.45,410.12,459.6,528.64,592.68,635.93,688.12,761.65,809.95,821.48,831.92
373.32,383.59,427.72,485.47,540.93,589.7,623.98,659.09,710.89,773.0,817.37,852.18
301.41,327.89,344.39,376.85,428.47,454.21,475.28,521.69,588.15,622.11,607.19,580.01
330.26,303.1,266.98,226.23,183.33,161.02,156.45,161.1,174.41,200.91,242.97,294.37
287.43,250.49,183.11,133.21,118.63,129.41,165.19,207.99,248.59,298.59,334.01,384.85
123.88,73.57,72.14,71.29,95.95,150.5,257.71,383.26,478.37,497.7,469.02,458.15
98.52,74.53,84.86,93.9,104.82,120.57,183.98,263.54,326.24,371.49,389.61,415.37
102.57,134.31,152.92,179.23,238.88,296.18,347.38,392.93,416.98,414.86,408.14,425.98
200.5,172.16,208.88,287.37,323.78,362.8,384.16,378.56,358.7,355.3,353.58,360.27
230.6,213.48,327.77,379.06,393.11,412.63,428.46,398.29,343.9,320.22,312.92,338.26
228.96,265.75,413.4,447.34,478.96,535.06,566.02,563.2,538.71,503.83,474.92,489.06
98.05,198.47,313.18,372.79,402.66,422.98,424.37,405.32,368.69,338.95,325.84,340.15
108.89,222.6,358.32,395.44,403.47,392.31,364.84,336.51,302.02,263.5,245.21,268.63
121.34,193.15,280.92,322.11,358.63,369.44,351.59,328.72,297.45,258.13,232.02,246.85
115.11,149.66,242.75,299.93,336.38,363.22,368.39,349.47,318.3,280.94,252.32,266.3
140.46,137.4,167.97,225.85,277.59,327.37,353.31,353.75,344.27,326.02,304.11,300.37
203.61,211.85,294.38,322.39,319.1,315.26,315.93,304.01,273.56,244.29,230.9,244.43
274.11,258.2,332.89,348.65,350.7,346.39,330.81,315.67,304.29,296.17,293.62,310.47
276.29,277.89,323.32,308.08,283.56,268.13,257.07,230.9,191.05,151.93,128.43,133.98
249.5,283.8,378.77,378.1,376.54,380.71,379.08,363.0,333.37,308.25,298.87,330.47
291.89,301.41,321.84,336.36,342.47,335.03,307.5,244.2,153.3,86.96,68.02,77.69
361.36,343.8,273.2,219.4,209.29,204.57,191.4,170.47,150.17,139.12,138.04,153.39
263.62,256.66,213.64,147.02,117.01,116.82,119.69,113.09,107.33,107.2,116.88,139.94
309.67,293.44,247.24,201.27,183.31,166.0,163.55,163.08,158.05,157.5,158.59,167.71
349.28,317.28,292.77,248.33,214.02,185.35,167.64,155.13,138.08,131.0,140.8,160.05
115.93,35.5,26.79,46.48,54.17,61.92,82.66,133.73,198.09,223.11,226.72,231.56
87.15,53.98,32.7,56.52,76.97,93.08,122.05,174.1,214.47,252.96,301.59,353.49
83.28,59.36,38.32,48.45,75.25,131.67,225.27,279.03,311.47,333.5,357.74,381.54
196.26,155.93,92.92,91.22,137.66,208.02,249.64,279.87,326.49,370.95,369.57,349.54
239.15,185.06,125.39,108.09,140.19,186.09,217.89,237.85,254.19,271.92,289.68,311.58
221.21,234.06,325.17,400.66,437.58,444.05,423.4,401.96,419.97,455.22,473.55,470.26
156.55,196.77,324.37,416.78,473.02,495.35,487.96,451.84,401.14,368.22,339.89,328.8
87.66,175.58,283.77,338.79,372.77,418.91,442.26,420.84,370.49,344.74,338.52,355.63
120.31,257.34,397.11,428.09,441.55,434.05,400.16,355.56,322.77,298.77,295.68,328.67
128.28,229.23,345.5,382.21,390.16,380.29,355.22,327.93,292.88,258.6,245.32,275.36
127.65,189.14,258.83,303.38,339.86,353.17,344.37,324.7,290.92,247.96,220.01,232.53
134.94,235.3,314.72,338.68,356.47,355.64,343.09,322.41,286.72,242.12,210.06,211.44
127.16,201.41,266.05,309.12,339.3,346.36,336.72,316.32,280.38,235.77,199.44,183.89
136.79,188.24,280.37,331.53,373.8,385.88,365.83,332.65,293.01,247.59,208.57,190.01
223.31,181.24,231.91,268.43,283.62,291.52,297.26,289.2,265.14,239.12,224.81,255.36
214.55,227.35,292.71,310.4,306.58,310.36,309.67,288.26,249.12,211.37,174.93,183.38
236.02,257.01,297.52,289.35,282.79,282.09,266.13,224.33,162.12,110.67,94.22,124.41
258.8,255.24,249.71,242.19,243.52,228.52,178.4,117.14,91.05,86.05,84.72,106.87
316.52,268.59,195.41,138.99,121.58,118.17,107.8,89.66,81.99,81.51,86.6,106.88
307.68,285.27,234.41,169.18,150.85,148.68,141.76,114.92,92.56,90.3,101.0,127.21
262.85,259.99,210.98,130.13,94.98,103.54,117.45,113.57,106.52,99.34,98.17,112.34
330.61,285.42,220.66,155.84,122.04,104.11,100.52,105.54,120.61,135.26,143.74,163.14
297.53,275.99,232.96,164.64,126.32,106.22,92.94,83.08,79.15,90.35,110.97,132.97
282.23,275.77,266.85,186.71,108.45,85.32,79.86,69.28,66.97,63.72,63.57,65.98
177.42,198.02,186.53,146.07,120.47,118.07,150.02,188.69,205.14,214.35,237.53,287.04
140.63,80.68,45.37,35.33,45.97,62.35,96.12,162.43,221.04,224.57,233.42,259.78
66.83,39.89,31.09,56.24,77.24,106.41,146.79,190.32,219.24,236.26,255.73,275.69
255.05,188.26,101.83,64.75,70.18,91.88,114.24,137.38,168.25,196.72,210.39,229.34
268.71,227.01,140.58,85.88,93.24,110.9,136.07,146.16,152.43,166.06,199.12,252.67
224.28,218.65,139.74,95.17,114.31,171.67,241.05,285.39,308.63,324.41,334.42,356.38
123.85,66.45,48.33,72.91,99.11,141.84,194.61,239.69,275.31,303.05,316.12,310.5
94.16,203.27,303.55,341.7,374.94,401.47,397.59,373.85,347.48,330.31,335.44,364.49
112.44,235.74,354.86,381.67,389.26,385.44,368.37,344.08,320.24,296.87,294.8,340.48
131.37,238.3,367.35,397.75,400.78,384.4,352.51,329.35,305.22,275.67,258.83,298.75
206.5,207.05,319.72,367.08,375.53,357.39,323.61,296.41,274.89,264.34,280.37,336.01
323.22,335.4,490.46,521.72,516.22,486.45,424.68,359.48,330.79,324.75,332.11,365.56
415.32,409.62,429.89,468.1,480.75,470.0,431.46,374.11,333.47,304.74,268.01,252.4
335.09,310.64,327.21,348.22,364.85,371.42,351.43,280.15,171.16,100.35,79.55,83.39
418.83,425.19,404.81,405.67,391.17,367.74,322.52,247.27,182.48,148.57,144.81,167.64
626.66,731.66,705.39,650.76,545.09,421.6,354.75,347.57,358.48,368.85,385.19,421.43
597.33,619.98,559.97,532.1,478.29,422.2,406.91,390.58,370.42,362.55,374.29,402.71
383.33,377.82,441.42,543.97,605.1,600.48,605.06,608.98,579.14,550.11,532.05,538.14
402.33,396.42,344.02,301.87,270.19,240.72,203.37,165.69,133.52,113.92,115.32,126.55
347.0,343.46,376.84,464.94,551.07,589.29,627.14,668.1,687.13,655.31,614.06,595.41
412.69,392.76,421.71,459.65,505.62,555.86,584.39,582.65,565.26,552.11,565.74,601.05
430.79,401.79,400.77,380.27,384.92,395.88,400.68,408.54,432.58,472.92,514.32,554.12
425.51,378.64,362.17,347.74,351.04,350.27,341.08,332.25,331.58,343.38,370.87,417.72
463.51,438.47,406.68,389.0,424.19,485.15,533.53,548.38,546.37,552.68,578.67,619.64
382.96,381.58,367.76,318.12,302.1,306.02,309.83,325.57,352.27,382.12,412.68,467.33
364.38,364.78,368.42,318.52,255.68,241.43,256.72,284.42,317.97,360.24,432.7,519.54
362.06,304.21,238.15,177.57,144.4,129.21,117.74,115.48,123.56,141.44,174.04,226.9
212.76,186.12,159.87,145.65,141.8,132.57,135.42,154.2,176.29,210.99,262.12,298.53
142.41,89.98,60.76,46.65,54.87,81.07,128.49,187.35,239.99,281.65,324.29,377.06
83.19,50.72,41.25,69.81,91.81,129.82,211.26,298.53,344.8,370.74,392.6,396.23
96.06,48.6,37.89,73.78,133.04,225.54,275.87,312.14,335.43,323.6,324.23,357.13
92.03,74.64,66.57,97.11,167.88,236.41,274.74,311.0,356.61,383.31,353.34,341.85
110.16,133.3,178.03,236.23,273.82,297.55,331.68,355.79,353.99,341.3,337.78,351.01
186.3,185.87,263.24,326.39,368.84,392.01,390.59,382.77,378.16,366.82,336.62,328.01
264.72,256.45,350.87,372.56,366.59,350.94,333.66,323.43,318.53,311.55,313.5,345.17
258.25,263.27,353.76,351.55,343.3,349.17,350.78,341.36,328.77,319.11,316.36,342.41
375.74,370.63,390.25,411.48,423.74,421.62,393.46,363.84,340.98,320.45,300.13,289.75
232.97,283.6,417.05,451.11,469.52,485.25,517.35,530.94,517.34,496.26,479.81,489.62
352.43,331.34,444.66,510.32,529.98,513.88,457.47,390.61,354.54,332.26,300.01,282.82
250.91,287.71,477.41,556.11,592.02,600.94,595.62,586.54,574.06,552.86,518.43,495.0
306.27,292.6,305.78,303.3,317.32,339.03,345.63,323.36,264.78,189.02,136.66,102.54
280.35,269.92,368.84,436.41,492.98,519.68,520.5,484.3,416.64,351.63,288.88,250.31
348.83,288.0,220.91,173.65,171.81,192.22,210.93,199.96,176.46,166.11,168.56,189.12
342.02,253.87,141.37,75.47,63.67,41.95,35.06,32.17,28.86,29.95,38.07,46.8
319.99,246.77,147.35,76.49,72.15,49.12,49.07,54.54,66.87,87.03,112.53,139.83
396.05,309.75,217.5,133.03,84.67,79.43,61.81,62.03,65.7,66.49,74.84,100.66
400.29,315.72,226.79,146.57,96.83,84.43,74.06,71.32,69.82,69.92,86.42,116.19
358.0,272.87,175.47,106.85,78.57,61.49,48.17,47.95,54.16,59.63,87.58,133.06
327.96,256.54,167.52,104.88,85.92,71.08,72.62,73.89,73.82,71.46,81.0,96.41
405.65,329.27,254.54,202.88,157.22,112.02,91.78,93.67,97.79,100.31,104.71,115.88
307.29,262.66,198.69,162.47,130.23,121.88,125.98,114.33,97.23,91.63,96.12,110.35
212.23,131.26,70.13,62.48,53.42,52.55,53.13,67.14,95.96,135.27,199.3,288.8
99.18,80.82,80.99,69.58,71.27,106.35,189.49,265.9,310.22,353.48,394.68,445.81
82.14,64.28,63.43,67.45,82.55,145.68,221.17,268.04,299.52,324.23,356.28,392.72
121.68,82.48,71.01,99.8,191.64,276.34,335.06,399.61,434.91,437.02,431.95,438.84
100.25,110.21,137.26,199.1,263.26,310.44,351.63,389.2,391.89,358.54,341.36,359.68
111.01,223.23,321.08,342.28,360.02,368.95,368.25,365.04,357.18,345.12,344.98,371.94
115.12,229.59,314.91,322.91,345.31,359.21,358.03,346.55,335.37,336.36,353.72,383.81
196.74,208.98,313.3,345.46,343.99,338.88,332.93,321.87,316.88,325.05,342.12,361.89
290.05,292.33,346.28,346.92,353.15,362.16,362.84,347.74,324.37,307.53,304.18,328.94
337.32,308.05,350.86,351.24,350.49,352.34,351.15,337.63,312.99,289.19,283.37,320.02
306.18,314.79,346.22,331.02,320.35,316.72,307.23,280.45,228.16,168.29,148.26,177.3
251.94,271.93,309.7,290.01,267.45,265.43,263.74,242.0,200.49,154.64,133.54,153.63
231.12,260.03,277.37,285.78,297.83,287.72,259.55,207.42,136.38,88.83,79.86,93.63
370.34,333.43,248.94,192.65,171.59,154.67,124.79,90.01,77.55,73.68,77.91,97.77
389.16,343.58,257.95,192.11,144.46,114.48,102.15,90.59,71.9,52.48,42.74,46.52
310.37,233.5,160.11,102.31,79.45,78.82,77.77,86.26,89.15,84.2,82.76,93.48
284.76,216.52,136.61,79.76,76.3,66.43,58.85,48.78,43.55,45.07,45.65,48.49
331.59,240.81,129.67,71.32,71.35,53.27,38.15,39.91,49.81,59.46,68.66,81.62
499.29,488.46,356.23,247.51,184.85,136.14,114.94,115.01,126.82,142.65,160.8,186.22
438.15,399.99,298.45,196.58,122.38,75.54,61.19,54.57,54.47,69.63,91.29,107.65
442.81,406.02,310.71,214.56,155.09,106.51,76.8,67.56,61.24,67.91,84.13,103.06
370.91,290.63,209.06,145.23,103.73,79.84,55.93,42.28,40.9,50.41,66.47,96.05
274.52,206.89,140.83,105.57,108.79,107.79,102.67,110.24,135.6,175.89,224.48,263.7
339.01,292.38,232.82,175.6,146.44,134.84,128.75,135.9,149.45,159.24,172.81,196.66
163.95,145.4,151.52,159.68,186.94,243.39,331.59,401.1,444.8,455.56,453.87,457.15
86.44,41.66,29.66,56.14,68.23,77.92,110.03,174.16,228.44,274.61,314.82,346.84
91.26,44.55,27.99,60.1,89.16,157.59,230.86,266.65,278.46,288.09,303.2,334.37
120.5,90.09,94.77,103.15,139.05,232.55,324.27,395.81,442.74,452.0,440.57,440.17
123.47,129.69,163.73,194.94,280.46,368.31,430.48,457.51,453.26,413.83,382.18,399.6
139.73,95.95,70.15,83.92,127.0,188.91,239.92,288.91,331.01,347.32,329.48,323.4
61.68,104.34,119.21,133.53,165.55,200.98,239.23,273.6,299.09,305.66,304.59,314.17
264.57,256.11,327.64,324.19,309.47,311.53,301.78,277.2,259.01,263.04,286.94,343.73
226.6,258.65,368.47,383.5,370.65,353.57,336.61,317.91,304.17,305.2,324.59,374.49
289.65,306.23,386.78,398.13,391.75,369.68,345.61,328.98,312.04,291.33,278.06,310.65
320.76,313.87,351.03,345.04,337.11,335.57,330.61,312.39,275.09,229.39,197.75,224.12
264.26,269.83,298.68,293.31,294.97,305.73,303.11,279.49,242.48,194.35,153.69,138.72
251.37,244.81,217.73,190.1,194.53,210.91,228.5,207.68,157.47,120.33,112.37,129.04
281.22,284.87,257.99,228.27,244.56,273.77,291.51,286.88,248.96,179.6,121.58,94.31
452.15,450.94,362.31,295.56,217.02,153.36,127.53,115.61,103.43,101.93,112.05,137.77
327.14,344.5,365.24,329.2,262.61,175.56,116.25,87.24,78.64,81.65,83.25,77.53
335.57,267.32,185.18,108.3,84.66,87.59,81.66,81.98,81.67,89.82,101.17,105.49
439.36,391.86,279.52,169.65,84.2,51.86,40.16,41.74,49.34,60.26,73.66,86.7
440.39,399.81,292.92,183.11,114.17,86.11,75.11,72.65,70.48,71.72,83.47,103.88
406.08,332.66,275.43,280.15,338.93,414.86,483.05,514.84,500.88,478.52,486.75,507.61
350.99,279.03,205.25,166.29,136.91,114.09,97.87,92.03,97.41,113.83,132.56,152.97
324.88,256.29,172.12,120.62,108.52,108.35,105.81,103.5,100.4,100.83,106.18,124.16
391.58,315.99,258.82,243.33,257.73,285.44,324.65,355.19,376.84,388.67,410.78,458.68
225.34,247.92,250.43,279.46,367.33,450.26,511.96,516.23,507.55,507.16,503.34,503.57
199.65,201.34,169.93,164.26,188.1,232.32,289.75,346.4,365.17,344.8,314.91,304.37
115.58,92.46,75.15,57.34,60.22,89.85,178.9,280.2,326.54,359.34,391.52,433.02
113.17,91.74,70.49,57.57,84.59,171.35,270.97,348.22,399.72,408.22,416.43,438.35
99.76,77.66,80.92,125.16,200.51,264.39,325.56,384.25,410.17,398.73,387.72,410.16
99.51,169.34,229.71,260.32,290.55,333.29,369.76,386.98,377.53,351.47,348.24,365.08
119.89,249.58,358.97,368.71,372.38,370.94,361.91,346.35,325.44,306.66,300.12,331.33
124.45,246.93,326.3,326.0,341.08,351.02,349.92,335.71,309.94,285.44,289.49,332.57
110.54,118.53,132.18,163.46,203.56,252.13,293.59,311.89,299.58,271.03,253.73,266.4
147.94,146.12,185.34,229.28,272.7,310.6,336.22,343.22,338.21,323.19,304.24,311.05
295.78,250.34,308.98,315.57,310.38,307.44,299.82,280.02,254.39,241.45,255.11,308.67
306.49,274.92,321.59,324.07,332.66,344.56,350.91,342.48,324.41,313.13,299.29,309.84
265.16,257.03,290.86,284.53,295.01,312.3,310.4,288.97,257.76,226.47,184.44,160.71
545.35,564.7,477.59,408.73,325.6,249.23,207.4,191.44,187.49,188.57,202.0,230.81
280.68,275.3,273.43,284.35,311.75,335.76,358.03,365.26,335.76,294.49,249.79,213.41
343.64,317.22,268.98,245.61,282.77,363.48,417.68,395.76,310.84,212.45,161.44,149.59
327.49,322.02,326.91,337.5,365.06,381.12,355.88,299.92,210.6,142.8,117.31,123.25
364.22,365.73,403.84,449.95,456.2,419.65,351.67,258.56,198.58,171.34,172.31,193.57
381.06,383.34,466.63,545.21,549.05,547.45,585.97,644.88,687.76,727.34,773.34,809.09
399.65,367.69,432.92,537.1,609.69,682.05,746.92,780.52,795.62,794.88,763.22,719.13
326.5,267.93,195.98,157.95,142.89,148.65,157.35,162.56,165.38,174.48,189.25,211.72
311.44,243.53,163.45,110.96,91.24,89.9,90.67,95.71,101.96,108.92,113.24,121.9
257.89,179.35,98.22,80.28,90.2,104.55,110.41,127.12,155.75,175.91,194.78,232.15
269.44,219.29,158.76,106.98,96.11,110.99,117.87,126.87,155.81,227.22,308.55,365.84
271.82,225.53,141.93,87.69,81.8,89.87,114.19,167.5,223.99,259.17,288.76,325.84
200.23,111.47,54.36,48.46,40.62,75.95,126.41,196.75,258.38,296.43,319.7,350.96
116.62,65.76,44.66,68.14,116.53,228.64,330.17,399.69,461.21,489.09,470.49,446.02
80.37,97.89,99.23,77.48,91.01,146.39,233.44,312.01,369.66,406.88,403.16,393.17
93.33,107.7,141.64,169.58,218.28,269.95,311.67,355.28,378.76,374.13,349.62,340.01
102.37,189.19,263.11,289.7,316.85,358.51,376.84,358.52,327.04,300.44,289.72,319.26
126.05,128.32,147.52,197.05,252.99,292.03,324.83,350.35,348.79,331.71,314.46,309.32
89.86,177.03,274.18,322.37,340.2,355.48,358.31,355.61,349.6,339.56,336.88,353.02
118.4,197.08,300.56,340.54,372.58,382.05,362.3,336.58,306.19,267.94,241.53,258.08
118.13,235.07,341.12,357.12,355.62,346.87,335.05,317.67,286.03,249.78,236.56,274.24
118.57,202.6,289.21,330.42,344.81,340.62,331.11,313.69,280.67,242.21,222.74,241.87
217.14,183.35,256.47,284.28,283.93,279.68,267.34,237.63,190.82,143.1,122.35,159.04
124.93,194.69,294.35,336.72,357.28,359.7,352.46,331.54,296.5,252.77,219.55,227.3
191.36,186.1,222.65,254.2,264.35,259.47,247.19,224.08,178.16,120.42,81.82,85.1
240.7,228.19,266.55,266.66,253.99,244.97,223.96,165.96,91.3,71.07,68.35,84.35
315.47,277.32,290.79,285.07,271.63,260.47,252.06,228.63,185.14,142.24,127.95,151.05
329.28,306.49,308.29,295.91,292.2,299.19,292.35,261.76,216.6,167.56,137.12,138.05
306.14,302.3,307.35,327.98,342.07,342.26,322.86,266.71,176.88,107.45,77.15,75.5
307.11,277.15,241.65,231.47,271.99,293.67,285.32,249.65,195.45,135.46,98.68,92.16
310.32,300.02,291.73,277.67,282.01,289.84,276.95,206.43,129.71,104.15,82.26,70.42
298.06,280.79,248.2,183.14,124.03,88.99,93.18,100.5,113.51,123.05,131.23,146.38
300.98,311.14,370.98,374.82,312.11,217.17,129.96,84.12,70.12,62.75,61.57,68.02
91.79,120.47,92.12,54.57,53.01,77.18,129.96,239.91,350.16,429.09,459.25,460.1
96.55,114.67,65.18,33.97,59.58,77.77,137.0,222.0,284.58,319.94,317.91,301.6
111.56,113.03,60.48,37.81,60.83,74.71,121.11,182.36,227.39,248.01,243.74,238.25
151.03,89.33,54.78,46.46,45.89,46.52,61.07,87.74,139.96,191.7,230.93,264.97
196.85,139.93,70.05,61.56,78.65,106.51,160.37,212.59,245.66,250.58,237.37,239.35
192.94,151.06,87.96,84.58,103.01,134.64,168.47,194.83,209.5,208.74,193.97,202.3
224.64,187.31,163.8,143.23,117.93,98.03,91.28,82.25,66.74,60.81,71.44,112.96
169.15,194.34,299.97,362.65,418.06,458.97,469.0,434.15,368.34,323.29,293.01,295.75
101.39,163.67,259.02,305.02,325.27,351.57,363.0,353.24,327.86,297.1,273.73,283.48
122.09,244.78,373.75,390.2,375.18,357.39,342.42,320.76,286.22,250.24,238.04,276.5
133.12,259.37,382.39,396.91,384.16,365.16,346.84,325.96,291.81,252.08,232.95,259.92
151.46,296.0,413.17,414.26,398.05,378.75,353.42,329.22,293.36,247.45,213.32,214.26
157.07,289.24,400.11,404.19,389.78,372.72,349.95,326.66,290.35,244.18,209.62,207.88
136.4,183.36,242.52,289.73,323.59,340.87,339.85,323.69,291.03,247.87,212.4,194.94
118.36,152.6,232.34,291.81,338.54,366.12,362.56,339.89,306.29,265.31,233.73,241.18
212.25,159.6,191.58,244.38,267.16,276.46,285.19,285.29,265.68,233.08,216.1,251.5
116.59,155.79,202.33,244.49,280.99,309.52,317.65,303.58,268.79,222.45,181.66,171.81
218.3,171.73,218.47,259.71,268.66,263.35,249.25,215.24,156.41,106.34,106.32,142.29
244.36,222.03,266.3,275.23,271.7,272.23,263.85,228.26,172.53,121.98,118.74,159.28
244.1,261.66,292.36,281.87,262.65,246.72,208.06,147.1,101.59,93.03,98.21,113.45
260.61,259.13,243.3,228.71,226.38,203.75,149.84,101.57,87.5,81.28,84.05,98.82
377.29,340.51,257.95,206.96,181.59,140.9,98.69,70.26,58.66,59.15,66.36,84.56
267.62,265.15,230.65,176.08,160.9,183.71,223.12,229.82,199.76,162.03,142.3,134.8
234.66,255.64,223.6,164.15,121.51,93.33,90.05,100.46,118.25,137.67,162.59,187.9
101.27,64.08,56.27,77.87,119.85,179.28,234.72,288.2,343.6,383.67,396.21,374.45
137.71,66.61,41.76,45.87,50.8,76.39,127.35,207.07,258.07,291.11,321.32,349.9
68.18,48.12,34.84,76.6,124.89,185.54,242.27,300.42,354.66,392.13,398.77,386.55
194.6,173.23,90.32,73.33,94.06,138.63,191.43,237.13,262.77,279.12,293.16,303.9
200.43,202.43,136.95,86.23,90.77,132.63,176.94,220.22,241.23,225.8,198.97,220.61
88.43,104.49,131.63,147.38,184.97,238.27,271.54,287.94,307.93,329.3,326.23,316.87
136.67,172.91,270.75,350.19,412.62,467.43,485.66,460.48,396.26,359.13,345.42,347.07
84.08,170.9,274.21,329.85,365.25,407.64,422.06,406.73,385.41,376.82,378.19,380.95
106.56,206.51,327.35,369.5,384.39,380.41,358.86,335.46,306.65,274.21,260.4,289.2
117.72,192.5,287.79,326.35,359.28,370.0,355.01,333.59,304.55,267.62,242.65,260.35
116.54,189.27,274.93,316.31,352.79,364.43,350.75,329.53,297.34,255.52,226.33,236.81
185.63,179.02,230.67,266.46,285.28,294.97,305.54,310.31,307.21,291.32,269.43,264.73
492.01,526.72,478.57,434.02,377.5,313.82,272.81,259.88,264.63,274.38,286.83,303.91
329.85,324.47,346.89,362.46,374.07,381.58,382.63,377.28,346.28,311.33,293.27,281.91
331.83,402.34,616.94,654.43,646.48,644.9,646.46,658.94,680.65,717.61,761.48,797.14
390.36,413.77,599.73,680.72,690.03,693.98,710.05,729.1,759.09,792.43,828.12,871.83
352.25,372.55,463.22,497.99,507.01,498.23,463.14,415.12,364.98,321.07,275.25,241.94
438.8,520.88,605.06,649.72,660.27,661.73,681.64,724.9,784.41,832.12,858.26,859.69
362.99,347.13,363.1,396.32,409.52,392.7,354.64,287.75,220.14,179.54,157.15,156.7
387.27,375.92,400.24,430.81,428.91,401.29,355.51,287.59,236.11,212.25,199.32,205.84
395.49,397.24,521.59,591.85,629.82,692.74,748.57,765.9,756.28,727.55,689.6,660.9
486.39,545.12,632.74,721.35,805.48,849.68,872.97,884.59,884.88,886.35,891.53,900.24
420.7,417.5,466.48,483.28,490.33,511.98,535.99,569.99,608.87,641.31,663.22,684.61
459.94,465.66,515.3,564.1,616.37,698.91,783.38,836.86,847.58,835.76,815.88,800.13
541.06,587.43,577.14,553.42,565.66,639.8,683.62,668.73,637.61,620.08,626.03,647.28
423.98,416.36,450.7,460.52,471.67,499.57,528.91,567.81,609.91,642.64,653.61,645.96
291.5,434.23,622.56,719.97,735.22,742.24,720.04,670.95,618.96,571.42,538.42,528.81
254.97,377.54,511.39,598.19,594.98,557.3,516.28,493.35,488.59,482.16,474.96,486.19
130.35,141.55,159.16,202.5,299.62,439.73,583.95,592.5,537.4,461.81,428.27,437.23
124.49,98.44,72.6,64.09,102.04,216.72,312.84,373.49,405.17,423.07,439.89,460.37
118.4,96.75,95.68,115.09,200.44,312.4,414.25,521.84,559.52,535.22,508.53,499.19
92.96,158.17,216.04,260.94,311.49,367.7,406.6,425.36,405.91,367.9,363.06,379.78
122.23,253.69,362.43,370.86,379.27,393.28,401.65,397.56,385.12,374.93,376.33,392.01
137.96,245.14,336.22,339.5,354.98,367.58,373.61,382.12,378.61,361.1,357.56,376.51
123.59,220.26,313.91,334.78,350.63,359.19,364.93,367.85,367.14,363.81,366.29,381.67
297.69,251.75,311.89,317.81,310.63,306.93,301.08,291.95,288.36,299.04,320.62,359.02
555.82,582.39,531.06,483.85,430.41,376.46,331.77,312.11,316.91,324.01,332.06,344.91
363.68,357.17,347.22,335.17,325.36,310.24,303.05,308.88,304.12,292.37,298.46,316.83
283.99,273.31,296.65,288.59,283.24,278.34,272.07,270.66,266.59,259.07,264.38,277.09
355.61,331.76,294.16,281.95,282.15,280.51,271.85,250.66,211.77,194.93,192.86,184.94
380.34,365.8,300.87,257.05,250.73,258.69,248.25,208.71,173.63,159.48,149.12,147.66
380.33,365.13,332.15,327.34,351.79,370.41,345.6,271.69,198.46,154.62,135.43,140.52
307.3,286.45,261.07,252.53,269.82,275.26,259.56,212.8,151.33,116.27,109.62,110.76
341.59,280.75,203.09,154.94,129.61,111.72,107.64,106.77,105.19,103.04,90.78,83.39
347.56,269.56,184.83,127.06,112.79,112.68,107.6,98.84,90.84,85.76,86.66,91.32
404.76,319.85,240.61,197.39,178.64,186.46,231.75,285.31,314.26,326.8,337.5,367.64
444.02,405.08,368.58,327.79,323.78,353.92,394.33,432.59,464.29,497.49,540.87,600.51
413.34,362.77,366.53,413.18,472.49,537.46,607.93,677.18,716.53,719.44,690.09,647.23
430.2,382.38,372.45,375.63,403.11,449.88,516.77,565.33,577.02,556.8,539.29,544.62
419.88,369.49,356.41,341.85,339.21,334.74,329.79,323.49,326.92,348.95,379.99,416.06
332.03,329.84,296.72,249.53,216.27,195.87,188.6,201.86,235.04,273.68,299.59,334.92
238.21,179.76,130.26,117.23,122.53,132.45,153.58,176.02,196.92,233.43,278.97,321.25
124.27,153.11,188.1,248.54,384.32,570.69,709.99,680.64,641.09,610.96,594.64,584.55
214.91,207.15,215.75,244.57,320.39,481.72,651.95,670.57,668.56,663.38,649.55,642.78
141.67,244.01,447.63,620.47,668.22,669.39,673.82,669.09,640.99,616.07,634.56,683.42
133.13,248.4,485.28,601.17,635.14,633.05,640.22,664.52,683.94,692.99,700.85,709.85
135.7,222.09,361.97,442.95,514.38,558.48,587.5,611.27,628.05,641.16,661.29,692.96
128.03,251.79,400.22,434.4,452.51,457.86,448.35,413.39,390.82,412.64,477.36,545.24
129.25,193.09,300.43,345.86,381.04,399.29,389.08,356.69,325.74,300.77,290.1,312.3
294.26,243.44,299.09,302.43,295.32,298.66,307.09,309.64,304.11,307.36,327.75,366.52
359.46,335.5,352.64,345.18,348.18,364.93,367.08,349.9,333.69,320.04,320.15,350.42
363.67,350.46,325.51,307.77,310.4,322.32,323.55,306.83,272.51,226.23,190.88,200.49
254.06,279.19,336.58,340.08,330.33,331.41,328.73,305.69,272.36,242.19,201.22,176.79
267.23,265.82,306.39,302.37,305.04,315.21,309.9,283.05,223.12,143.33,87.7,68.08
349.12,326.62,306.97,316.51,341.93,345.81,302.54,191.8,106.69,74.47,72.14,84.34
373.98,362.33,282.31,251.43,268.39,278.87,220.46,131.75,83.46,54.8,45.21,53.34
357.61,344.84,324.87,300.6,267.21,202.3,139.28,106.19,77.03,51.95,40.04,53.63
298.57,311.57,368.87,362.55,287.37,182.15,109.25,92.61,97.77,88.55,77.32,68.38
403.89,408.09,405.01,331.88,243.84,163.76,117.0,89.66,79.61,70.73,65.55,69.45
403.55,328.84,250.79,193.53,156.98,154.67,166.46,164.48,153.23,144.98,147.38,161.92
406.56,330.69,257.65,208.68,188.2,196.12,209.57,219.58,226.79,235.31,250.07,275.63
403.84,323.36,248.92,198.14,166.07,156.78,163.64,167.11,160.16,150.4,155.33,180.77
408.98,348.57,326.23,351.64,408.84,447.27,478.88,500.15,499.4,477.13,467.74,503.63
315.27,296.96,260.12,241.85,234.97,249.04,271.0,294.51,312.81,319.54,336.43,379.62
222.88,323.54,479.45,624.19,694.44,745.17,765.75,764.47,745.42,697.26,635.98,602.81
83.55,53.92,38.79,60.91,76.14,105.95,176.68,273.96,324.0,355.28,366.33,356.68
99.88,42.92,36.64,54.4,68.95,105.27,187.7,262.42,287.06,294.91,305.82,336.05
106.56,70.31,64.92,76.24,100.82,157.31,230.23,291.11,336.72,347.55,344.27,362.4
211.86,199.09,280.37,428.23,544.25,613.05,628.39,616.75,605.76,600.28,610.46,657.92
105.45,169.03,252.6,309.62,369.5,443.97,498.16,533.86,547.49,513.52,473.74,470.7
208.29,205.43,278.83,370.63,421.64,439.96,442.74,438.82,409.75,374.66,360.34,379.46
94.39,188.19,288.67,335.2,362.95,392.44,402.77,390.04,375.28,370.05,378.3,399.86
125.63,183.36,294.03,341.73,378.0,400.49,393.2,359.0,322.02,285.6,261.39,282.65
230.67,169.14,203.23,274.04,310.58,321.09,322.28,318.62,308.44,297.01,303.63,348.4
339.61,280.76,354.8,385.69,378.91,358.63,342.58,327.4,312.42,286.69,236.75,218.94
262.05,259.45,320.12,309.75,298.25,316.5,322.16,306.55,282.37,267.68,261.57,258.76
296.62,302.0,335.08,347.91,344.09,330.88,312.28,279.01,211.99,119.64,80.64,83.67
391.91,364.57,305.72,307.35,344.67,355.93,313.79,203.84,124.24,91.5,80.39,87.4
421.04,414.59,343.2,327.25,344.02,289.19,191.81,132.96,101.17,94.31,103.76,124.07
375.88,359.26,352.09,326.64,273.62,180.25,117.85,107.41,97.81,83.9,74.78,87.38
358.03,344.62,325.26,292.29,242.1,176.02,121.21,88.46,71.58,56.32,46.77,54.13
333.42,320.8,356.39,359.86,326.16,295.39,283.98,285.81,278.47,268.8,265.58,281.28
371.51,370.94,417.38,422.48,411.86,457.88,557.49,652.23,711.08,734.55,735.32,724.21
324.13,254.72,165.06,104.57,103.32,100.23,102.56,102.94,96.34,89.93,86.04,86.07
330.75,269.57,202.66,171.5,168.36,179.67,199.36,232.02,265.11,284.27,298.78,331.58
275.04,237.23,165.59,113.62,107.76,122.91,134.29,149.95,166.25,173.16,191.57,232.18
192.1,118.7,73.74,57.92,63.83,75.13,95.52,129.2,164.0,203.89,253.65,316.15
161.95,117.04,86.55,69.23,78.52,107.75,169.3,259.13,312.35,347.48,379.43,403.82
224.3,178.84,141.23,113.04,121.3,180.5,297.25,359.67,398.38,421.0,419.05,412.7
79.38,53.18,52.81,71.63,124.99,217.92,299.14,373.36,425.3,423.44,402.96,394.71
81.04,99.05,119.54,132.47,171.32,241.66,309.58,369.19,415.43,416.26,382.66,361.07
87.56,101.95,125.34,148.51,194.17,253.08,294.72,337.51,370.08,373.07,352.05,337.24
89.78,103.91,129.0,153.58,197.05,241.58,268.19,299.81,331.52,350.16,345.96,339.55
90.4,134.89,166.71,196.41,228.54,258.26,294.02,325.87,338.31,339.44,340.66,354.01
101.98,131.97,150.01,183.8,222.37,261.57,298.31,315.98,306.25,283.2,263.66,268.02
83.67,123.11,115.92,135.07,172.06,210.56,241.71,267.98,287.9,290.73,282.36,281.65
85.89,95.47,95.27,118.28,155.12,199.02,235.03,262.43,286.41,285.94,268.47,263.0
93.41,91.81,100.89,132.5,172.44,218.19,249.78,274.64,283.96,271.57,247.91,235.26
118.4,116.94,150.21,193.45,237.17,269.16,284.66,273.27,237.25,189.92,145.18,134.27
101.9,91.0,108.02,144.0,178.45,216.06,247.98,276.94,290.67,280.27,254.59,243.8
127.57,182.29,266.25,312.37,342.38,351.32,341.01,319.8,285.47,244.67,216.24,222.48
169.09,153.25,163.08,190.56,205.87,205.0,192.16,174.01,147.38,102.97,67.45,61.27
195.94,204.97,252.88,273.88,267.44,247.29,209.75,134.97,64.43,43.87,39.28,48.08
282.59,262.9,271.88,255.06,247.33,239.6,213.06,156.56,103.3,86.08,89.81,107.96
292.0,277.54,289.29,263.38,240.04,223.76,197.69,148.07,104.96,93.35,95.79,106.65
248.59,270.53,281.8,274.02,262.64,245.69,212.58,151.21,98.69,88.09,91.58,105.66
293.1,286.25,274.0,263.96,276.46,288.7,282.88,250.92,203.24,151.77,117.64,116.23
280.6,279.67,308.58,292.25,272.32,259.08,250.42,234.1,202.71,161.18,134.33,134.46
258.49,272.28,348.35,345.03,340.97,364.59,392.15,391.9,374.02,357.33,340.98,329.9
188.15,281.38,466.74,538.11,568.42,577.16,577.59,573.59,575.41,581.01,579.4,573.18
203.09,228.49,392.89,460.08,497.11,525.68,550.82,559.37,556.16,556.0,561.16,584.28
288.26,265.33,250.09,209.14,198.67,213.01,222.76,206.69,177.93,160.4,155.48,183.24
275.58,282.18,357.28,425.56,473.58,481.03,418.71,306.75,206.18,146.25,112.9,120.25
274.19,291.79,353.09,384.3,409.21,389.74,297.77,193.28,129.99,94.27,86.12,95.08
134.11,70.99,41.17,48.62,53.04,71.65,112.27,202.8,299.76,363.37,412.36,457.71
78.85,66.72,32.5,51.52,72.64,102.89,149.86,215.7,277.44,325.24,360.98,367.47
89.77,106.91,96.63,103.01,135.68,187.73,241.23,283.15,313.26,320.58,305.6,297.68
90.72,127.85,148.38,184.72,239.97,280.5,309.43,337.59,352.09,352.75,351.04,363.25
104.32,142.66,180.61,233.96,272.96,295.28,319.91,327.53,315.92,295.31,279.72,287.9
106.97,147.28,175.74,216.94,241.79,265.82,293.12,299.49,274.59,240.44,223.55,240.29
108.14,127.53,132.79,165.33,202.92,238.54,259.15,254.87,222.46,181.29,156.98,176.56
96.42,99.28,104.11,135.14,181.39,232.32,269.67,294.81,292.98,273.1,252.36,251.87
98.22,123.36,125.75,150.62,193.92,233.91,260.74,266.45,243.65,211.39,191.35,198.83
122.71,166.57,254.33,315.99,350.59,356.42,340.01,315.02,282.56,247.0,226.01,237.99
179.69,160.45,209.2,268.04,280.47,274.99,269.69,260.68,236.61,208.4,184.94,187.23
178.86,169.48,184.92,217.43,223.75,209.56,181.17,131.61,69.98,41.35,39.03,43.89
227.73,215.25,228.24,222.92,198.03,147.3,82.05,47.25,38.45,30.2,32.01,42.75
303.78,265.76,212.66,173.46,139.16,96.32,77.02,70.78,68.67,69.18,74.7,91.96
286.98,267.51,224.35,173.91,145.45,107.26,82.43,74.14,73.61,77.83,84.97,101.1
354.16,339.24,261.97,191.39,149.44,125.94,109.03,98.93,101.22,110.0,126.24,163.22
329.67,294.73,246.53,206.59,184.28,159.54,130.32,105.77,103.35,108.63,120.84,147.67
381.11,358.29,272.23,199.25,149.51,116.23,94.15,84.29,89.06,103.75,122.51,157.6
344.55,323.92,304.5,286.84,255.11,190.44,133.72,103.18,82.27,76.9,76.84,73.27
295.54,317.73,355.42,329.29,271.03,194.36,123.56,97.15,91.79,96.61,93.27,90.42
124.5,93.62,65.65,49.63,62.95,90.66,164.24,279.11,383.71,454.1,439.82,399.97
82.18,89.27,39.7,42.38,73.27,114.66,188.52,253.62,300.08,320.1,320.91,325.81
97.54,49.02,29.21,60.17,90.2,156.06,216.52,252.9,273.76,275.55,273.39,280.69
248.41,191.01,123.73,93.93,108.99,145.04,197.12,237.53,267.21,288.17,298.36,305.23
299.11,257.53,201.71,157.49,165.6,211.62,255.23,271.28,278.58,270.21,259.59,251.91
259.57,261.72,274.82,292.82,327.58,343.24,334.48,294.41,253.4,222.1,198.94,201.41
282.75,274.66,303.17,325.93,340.06,328.08,296.98,237.25,167.14,144.75,149.65,178.07
287.21,289.1,306.11,321.52,340.38,325.48,278.45,185.78,105.64,91.6,85.64,97.32
75.14,86.89,52.6,47.72,57.54,60.65,67.25,97.88,161.74,217.93,247.98,269.13
99.14,169.66,195.08,212.63,227.76,249.68,270.13,266.21,235.0,199.7,178.44,199.04
117.12,179.4,216.84,238.98,256.89,282.39,297.65,286.08,249.95,211.22,185.99,201.74
123.42,215.66,279.71,299.96,320.88,333.21,330.55,312.83,278.51,241.31,215.14,222.63
115.46,183.27,220.85,238.42,253.89,278.38,286.26,261.4,216.56,167.54,127.22,131.58
112.15,107.69,119.38,155.78,188.51,222.3,243.47,242.23,209.83,162.97,133.4,141.67
216.31,166.19,203.93,243.02,259.67,259.06,246.32,215.67,169.91,122.5,115.09,163.02
195.59,205.41,286.6,308.0,304.73,295.88,278.87,253.48,220.99,183.66,149.52,154.31
196.29,229.42,330.49,356.37,360.01,353.81,336.66,317.34,289.3,256.88,236.94,263.46
324.63,290.65,315.42,305.59,298.95,291.06,272.97,252.13,242.08,241.22,231.25,223.11
256.74,263.66,250.19,226.1,216.37,198.1,165.57,128.39,112.53,109.0,113.73,145.15
258.2,254.89,259.34,257.49,258.62,241.53,199.31,145.2,112.84,102.57,102.38,105.21
96.46,154.08,222.85,265.38,292.18,326.81,355.91,359.08,342.75,311.62,279.84,272.94
146.67,228.46,372.84,424.99,452.88,460.97,436.11,381.54,335.66,295.26,263.63,261.54
230.62,201.64,275.7,314.55,325.25,327.62,325.53,314.7,296.75,278.64,270.47,282.66
214.89,245.92,360.5,394.11,403.13,407.84,395.62,374.42,366.56,370.94,376.95,391.74
162.24,215.25,365.89,448.05,488.22,506.37,505.7,482.81,433.43,384.29,344.63,307.18
86.5,180.47,297.75,356.27,389.58,433.83,468.45,470.96,427.95,389.07,377.08,372.47
123.73,217.6,369.7,429.09,463.02,468.36,448.37,405.43,370.84,351.6,344.5,363.66
215.01,193.48,261.28,344.68,395.16,427.29,443.92,458.4,454.13,436.13,434.52,451.61
249.34,252.74,401.47,456.09,485.46,482.23,442.78,364.32,318.71,300.06,294.56,316.24
244.38,284.81,446.72,501.25,531.25,549.14,556.39,541.65,505.44,455.11,425.01,445.22
212.52,262.94,403.51,435.18,449.14,471.4,494.04,507.4,510.82,502.56,482.73,482.0
113.39,243.61,375.29,414.21,435.25,440.47,419.9,363.77,321.1,281.98,245.73,239.04
131.79,272.71,412.54,438.11,448.52,439.1,402.47,348.8,312.67,274.59,260.17,302.7
134.39,236.05,355.77,393.1,401.19,392.81,365.45,336.21,304.94,270.25,253.57,277.27
289.16,256.04,323.74,322.89,300.42,296.26,297.8,291.18,279.13,276.22,292.23,343.3
288.04,288.89,360.51,374.81,381.1,384.3,365.43,335.68,306.85,284.68,277.23,303.6
329.49,295.69,297.71,292.52,294.24,312.54,319.48,290.61,234.75,176.32,148.92,146.23
354.88,332.51,352.42,376.49,379.25,366.98,337.52,265.32,158.13,101.96,86.11,92.29
274.31,307.08,414.43,466.29,512.85,540.79,513.84,417.65,302.46,213.63,164.66,151.3
302.65,315.34,385.17,401.83,390.39,362.79,315.27,209.18,115.08,72.71,58.32,69.93
373.69,364.09,364.09,357.24,297.85,182.93,111.82,79.99,48.49,39.33,47.6,67.1
380.85,397.56,368.6,349.76,276.39,172.69,117.19,91.04,72.48,57.73,52.89,67.82
327.33,286.7,238.66,174.03,128.54,111.63,119.68,136.03,142.22,136.76,129.65,137.98
360.6,347.12,349.36,330.06,269.02,182.95,122.27,89.68,72.66,65.16,69.49,80.91
398.01,341.62,301.8,314.35,359.81,416.28,503.94,590.54,632.81,619.76,567.25,499.44
373.72,304.2,250.99,234.66,211.92,178.99,153.65,141.02,140.21,144.06,156.28,187.13
268.24,196.01,126.05,87.96,93.83,92.72,101.83,110.06,135.09,178.48,234.78,295.13
395.29,305.84,216.7,152.98,120.0,114.11,108.71,96.46,96.89,96.69,103.09,119.16
368.19,277.41,184.37,123.95,98.22,95.96,89.68,93.93,100.89,110.81,130.87,158.05
344.0,318.82,289.08,277.32,264.47,234.48,218.64,222.06,241.24,265.49,285.78,316.98
254.86,196.07,127.44,94.52,106.22,113.0,129.94,157.5,194.15,237.2,282.75,331.45
192.92,90.47,33.38,59.5,39.6,56.97,83.45,143.59,220.99,279.78,314.77,348.26
143.11,84.76,58.68,56.65,69.87,108.86,203.58,309.48,372.78,392.89,391.06,404.46
181.44,113.9,65.46,63.1,77.44,119.33,198.49,279.88,342.81,387.65,410.72,430.1
95.09,104.73,87.83,56.38,52.92,75.38,124.7,229.61,326.59,392.57,412.72,407.97
69.79,112.85,113.44,131.09,177.04,230.96,266.77,294.54,330.7,361.38,369.25,353.97
132.04,110.14,109.58,136.73,186.27,249.32,287.32,315.65,350.32,374.74,366.96,340.39
74.79,142.91,212.97,254.6,286.81,324.09,366.71,386.57,378.92,371.06,370.75,369.28
113.12,193.91,312.38,369.31,405.5,420.48,405.58,367.3,328.49,293.58,268.03,284.47
222.56,193.94,271.99,313.84,324.0,322.68,317.95,305.32,279.77,251.93,243.64,292.29
319.75,279.04,337.11,346.49,353.77,368.32,358.96,333.1,310.05,294.47,296.86,332.52
202.18,241.78,355.57,386.86,405.51,409.14,382.85,340.44,312.58,284.77,260.94,277.81
282.34,294.42,352.22,351.42,347.64,340.64,326.8,312.53,295.87,283.35,281.09,305.78
346.68,318.62,359.46,370.39,366.75,353.98,336.53,308.88,264.97,219.76,192.13,201.26
384.39,377.11,371.66,386.04,382.98,373.62,351.86,269.68,158.83,96.6,83.16,98.58
369.48,354.03,369.85,406.52,408.04,363.26,278.18,174.94,119.02,91.29,74.11,81.06
322.01,307.88,283.84,249.15,247.63,264.26,275.72,232.61,162.3,106.76,70.99,58.5
312.65,335.0,409.1,422.43,358.94,295.43,245.52,217.53,206.65,206.26,207.14,222.22
361.29,344.57,346.33,328.66,273.14,195.56,132.48,91.35,74.75,70.18,69.92,78.72
391.9,343.11,316.83,317.42,325.65,323.77,337.01,366.24,381.48,369.22,362.02,369.43
394.81,378.43,463.55,568.16,641.88,719.64,777.11,790.41,788.16,784.58,795.32,831.06
406.75,366.28,416.14,531.28,601.11,641.44,681.7,728.27,762.67,776.45,791.2,828.52
340.31,400.55,522.92,625.54,694.03,766.64,819.56,827.94,827.3,824.99,821.89,831.14
352.78,357.02,373.66,395.88,429.82,473.54,524.57,568.8,604.52,643.11,703.29,789.19
328.79,266.99,189.66,134.87,122.85,120.96,119.87,128.13,139.36,150.61,162.93,192.85
193.85,161.34,145.64,142.77,169.16,227.49,300.15,346.2,366.82,382.87,399.09,420.83
404.34,446.2,496.65,514.28,502.21,504.3,502.43,480.66,467.15,463.59,474.11,506.41
76.18,68.66,50.3,52.98,63.87,78.74,126.44,232.98,299.79,339.15,362.0,366.91
113.75,78.48,56.63,60.85,87.08,152.46,257.11,333.32,387.12,398.18,397.05,405.86
205.54,159.26,102.8,79.64,90.41,120.08,187.62,269.89,331.71,370.27,372.39,377.44
109.6,91.06,89.0,78.29,100.75,164.07,241.14,297.29,349.43,390.88,387.04,359.0
83.51,116.52,135.32,167.74,223.16,265.98,301.34,343.42,363.67,361.25,349.82,356.3
110.59,136.95,179.47,226.19,250.55,278.22,309.58,318.96,308.25,293.94,294.7,321.54
210.64,168.63,223.0,299.19,319.57,326.55,333.08,339.21,342.38,346.41,363.61,388.8
325.61,291.12,383.45,426.06,429.74,400.58,358.13,331.07,314.59,313.62,327.09,354.65
272.85,287.36,419.45,443.94,439.28,402.91,351.45,313.02,286.41,271.43,270.3,289.86
258.31,254.52,368.13,389.84,381.56,355.18,330.38,303.43,270.16,242.27,231.9,243.35
265.83,272.74,314.66,313.33,313.73,321.57,318.29,285.3,219.27,142.14,110.43,135.56
341.91,306.01,244.85,212.34,241.39,285.86,315.09,301.78,238.3,149.52,96.26,77.91
374.2,355.95,373.14,396.78,388.24,360.76,304.64,188.2,105.22,74.81,59.79,69.59
289.11,290.49,309.45,303.72,286.07,223.84,146.89,103.95,88.47,63.74,47.21,53.05
345.67,322.74,321.49,275.25,180.01,100.63,83.14,75.12,71.37,77.18,80.18,78.75
330.69,246.86,151.3,81.1,83.81,75.6,71.64,67.54,65.96,66.75,68.44,70.25
375.6,292.47,188.43,101.25,79.31,67.71,46.72,43.35,47.94,61.12,76.24,90.8
402.53,314.74,218.72,144.33,111.07,92.92,92.39,95.02,95.97,99.95,106.14,115.26
315.78,244.5,153.54,90.98,86.71,69.53,69.56,77.49,87.83,91.61,95.54,98.99
312.54,240.19,150.74,88.45,86.56,69.62,71.53,79.84,87.98,91.66,95.37,97.39
314.27,239.3,150.08,95.04,103.26,98.01,113.84,126.13,130.92,129.26,136.21,152.05
204.85,162.84,133.1,108.14,102.79,100.84,111.45,134.92,159.76,193.71,254.98,331.99
83.51,51.29,43.91,53.75,68.47,96.95,138.45,194.61,266.98,333.61,384.45,428.2
75.55,40.07,35.37,57.58,88.78,111.49,153.84,216.01,265.7,301.77,321.75,343.91
118.6,70.01,45.36,72.32,130.98,226.35,279.61,329.52,387.88,436.03,448.47,452.76
127.5,68.89,58.24,70.04,115.84,194.37,245.61,295.28,351.77,402.24,425.42,417.45
68.39,108.94,133.12,154.75,189.73,227.82,268.72,314.63,346.14,358.12,363.78,370.79
144.56,105.16,103.42,151.33,208.49,248.74,283.92,316.89,342.38,344.53,326.05,320.42
76.55,140.48,199.65,225.2,252.54,289.56,323.92,338.3,336.91,330.62,330.83,346.97
256.73,242.16,306.68,306.5,307.54,316.57,313.44,303.59,290.48,281.44,290.76,338.39
133.02,162.57,220.24,278.58,338.98,372.41,370.13,347.33,314.86,274.67,242.01,252.5
303.42,241.95,292.68,304.23,301.01,297.82,289.62,270.0,243.07,226.52,233.23,284.77
297.26,273.52,315.46,310.61,293.01,292.7,293.63,284.76,272.19,264.89,266.42,284.64
253.77,254.67,287.27,288.98,287.39,283.43,281.92,268.18,243.48,217.48,191.65,178.29
332.07,284.29,253.21,281.04,335.55,357.02,355.39,329.71,242.96,143.23,88.3,80.73
359.35,324.74,307.84,326.09,349.99,361.11,334.26,241.0,151.91,101.36,77.74,80.96
359.38,345.35,322.67,294.24,281.72,267.53,194.38,136.48,110.16,96.56,87.58,82.93
365.8,345.74,328.47,296.39,240.55,170.29,119.47,93.15,74.49,64.69,53.75,52.88
375.45,355.62,376.18,371.05,315.27,237.89,183.34,156.45,145.58,142.16,143.86,160.39
440.97,477.3,449.66,351.55,268.18,209.3,166.9,140.85,123.14,106.06,102.43,124.19
397.75,376.27,447.16,520.92,582.16,640.32,686.39,730.66,763.47,769.42,738.64,699.81
337.64,314.58,291.08,336.75,447.79,536.45,586.32,612.19,633.16,650.53,659.99,646.61
431.32,396.09,378.16,400.42,477.92,540.47,588.09,620.2,607.26,561.98,528.54,530.1
398.19,358.92,349.89,325.94,306.97,303.3,300.9,306.71,325.39,344.74,366.07,404.7
374.9,388.19,405.37,391.53,406.56,449.02,496.23,537.93,564.64,577.56,602.34,631.76
253.96,197.54,127.33,98.24,106.64,114.93,126.26,142.32,152.8,155.74,170.45,213.84
133.76,84.36,74.7,71.55,85.03,109.26,149.7,199.76,246.87,296.23,348.83,407.17
249.64,187.13,150.94,119.04,110.32,129.28,184.1,267.06,315.88,346.65,350.81,344.02
108.99,46.2,56.02,74.58,94.13,161.85,251.8,301.73,332.03,344.14,363.88,399.26
248.32,199.2,179.27,194.73,242.95,305.11,358.7,401.72,400.23,381.05,376.1,387.93
90.86,184.64,306.85,391.87,458.92,523.55,561.15,580.05,594.76,603.77,610.35,625.06
193.32,185.59,277.15,391.16,468.58,510.32,523.82,528.95,542.7,573.4,589.09,594.15
99.13,211.71,339.28,407.8,455.66,491.73,521.03,543.66,561.83,591.68,619.99,635.12
570.6,592.01,577.46,570.23,553.08,531.58,503.36,463.27,414.89,379.22,373.02,387.06
565.93,569.94,507.51,472.58,448.39,413.21,381.05,351.6,329.34,326.32,350.26,382.07
366.16,355.34,403.96,437.24,457.81,485.0,508.75,530.44,528.71,488.26,454.61,442.78
288.58,257.3,256.46,288.07,324.88,343.73,347.95,356.8,367.78,369.44,375.47,376.62
204.52,181.94,153.43,151.43,162.53,184.93,210.64,243.32,287.91,335.86,347.63,343.12
239.81,206.16,158.57,138.93,155.02,185.03,220.92,269.39,324.21,353.12,349.2,350.84
367.75,303.39,305.73,309.43,308.13,301.19,282.42,273.39,286.47,300.1,298.2,285.44
405.64,355.46,262.34,212.52,199.24,187.5,175.15,167.95,160.1,144.07,122.76,127.13
286.46,227.82,158.24,97.22,82.11,80.83,79.46,95.95,114.81,132.53,148.35,177.05
332.72,240.25,145.74,93.94,93.09,86.32,112.72,156.48,206.73,256.55,283.48,299.53
438.92,391.63,282.08,181.55,99.82,61.61,40.3,39.1,38.53,41.69,52.02,72.31
332.72,277.34,208.23,144.97,114.93,117.96,123.39,134.78,143.21,161.09,192.89,236.62
309.24,227.48,130.81,76.28,74.8,67.55,67.21,63.45,68.63,78.1,86.91,103.39
299.11,231.63,140.72,74.94,70.82,64.03,66.06,66.65,73.8,81.58,86.43,97.58
385.87,298.15,203.1,120.19,74.57,82.27,66.8,71.63,77.01,81.25,88.29,104.35
256.19,178.3,86.77,63.57,55.43,56.45,67.36,78.44,80.39,84.75,111.92,166.93
80.59,50.3,44.69,54.77,73.66,102.79,134.56,166.79,210.99,259.35,295.47,354.19
155.62,137.06,128.47,135.04,173.13,237.93,345.45,475.28,561.98,591.11,601.71,587.41
81.41,45.11,44.42,67.55,105.88,190.46,261.62,319.11,367.99,400.65,412.0,410.99
97.75,61.76,54.88,92.91,172.76,227.61,260.22,306.31,351.73,390.31,393.11,381.09
159.44,127.05,119.79,129.7,185.94,249.6,287.22,330.39,368.43,394.71,396.34,391.23
96.29,105.65,128.21,143.43,168.32,209.43,251.11,289.53,326.93,354.61,358.21,353.88
119.47,126.47,139.37,162.73,194.77,238.58,281.92,314.89,318.94,303.41,288.2,290.23
44.38,78.95,56.14,62.2,70.11,101.53,166.66,226.51,279.16,335.25,387.94,425.12
81.46,122.35,144.22,176.3,217.32,257.33,296.19,319.48,317.38,303.14,296.27,312.13
96.39,166.36,203.16,231.26,263.59,287.53,291.93,275.42,239.12,199.42,170.37,175.3
99.71,148.03,186.64,226.46,260.79,284.95,288.04,265.71,223.84,177.5,146.08,159.12
134.64,162.93,225.41,279.13,306.45,313.62,308.08,286.67,247.65,202.09,153.5,132.93
122.84,165.15,240.83,290.53,323.17,336.6,328.55,304.72,266.6,228.32,204.58,214.05
176.35,156.19,161.65,187.7,197.74,190.41,169.44,136.97,91.44,53.85,43.48,48.01
196.29,203.16,246.6,266.76,258.21,234.82,188.86,106.91,50.63,39.57,33.67,45.09
281.21,273.81,296.17,277.65,274.59,277.9,266.73,238.17,198.0,157.4,135.71,159.4
261.36,256.56,280.93,260.9,246.19,239.03,225.31,188.66,134.4,102.15,103.63,129.29
246.41,267.42,241.82,196.97,164.58,124.12,82.52,58.99,57.88,65.9,71.69,93.28
328.95,282.16,212.16,149.9,102.78,80.05,71.81,69.95,76.43,86.26,100.12,126.59
250.59,257.62,216.63,144.0,96.78,82.54,74.71,71.14,76.25,83.52,92.91,110.53
247.69,253.62,206.9,125.26,92.92,102.0,112.45,120.72,122.13,117.02,115.42,129.72
98.4,45.99,36.28,59.76,94.02,147.97,212.04,262.6,304.76,321.83,309.41,288.07
141.35,195.91,333.22,413.13,468.51,499.41,508.55,488.65,431.95,390.82,366.13,349.22
70.99,90.49,45.48,46.23,70.89,93.53,137.32,193.13,241.29,274.82,301.37,310.1
72.61,91.61,53.09,56.89,81.77,102.86,127.03,169.27,223.21,262.71,285.8,298.25
147.47,121.62,130.58,159.94,200.47,230.21,246.93,270.19,299.39,326.47,333.63,322.47
258.55,218.19,278.34,306.16,314.8,320.28,310.72,289.06,264.57,254.1,264.64,316.02
210.23,225.16,328.03,354.38,352.42,342.29,329.38,309.37,285.08,271.9,282.83,308.93
275.99,284.89,362.6,370.47,371.36,373.65,364.96,339.62,310.18,283.79,271.66,304.16
200.93,256.42,366.05,381.76,390.69,402.91,395.51,358.23,321.3,293.78,273.07,290.35
109.58,204.96,351.45,411.58,440.55,450.37,436.53,387.64,345.75,316.53,294.01,306.89
142.37,268.8,418.91,446.11,457.2,451.34,420.25,362.77,329.62,302.45,287.27,321.44
143.66,290.11,417.19,421.19,406.07,385.1,357.3,332.69,301.75,262.18,234.15,260.43
155.9,278.83,388.11,400.64,389.84,371.87,349.13,325.39,291.03,250.58,224.85,255.56
135.9,217.35,296.35,332.71,355.89,358.0,348.6,324.3,285.95,244.35,212.4,212.15
132.08,224.28,316.15,347.8,352.16,346.52,336.94,314.29,276.38,235.56,205.43,207.49
197.21,172.92,220.59,270.33,302.06,314.26,321.14,325.86,326.19,316.75,305.36,316.74
220.51,236.04,317.0,329.67,325.73,329.45,325.89,309.68,282.82,256.42,254.32,295.92
156.84,246.85,383.1,416.05,422.94,418.32,386.93,342.91,301.5,255.53,222.74,233.6
216.95,208.24,274.42,283.81,280.66,276.63,261.69,227.77,176.5,121.61,94.93,124.75
242.3,233.0,276.62,280.77,268.87,263.48,249.4,202.49,128.24,80.16,88.27,110.81
302.15,279.46,274.29,278.99,297.49,299.9,276.31,231.27,175.77,120.34,89.48,92.72
388.7,361.51,269.32,222.91,211.17,183.26,139.48,114.81,111.64,121.68,140.91,167.4
266.6,264.12,228.38,165.82,133.83,134.91,156.31,148.52,119.3,104.1,118.25,159.04
257.12,254.33,212.47,141.27,109.95,113.44,134.13,143.74,135.02,121.53,126.96,161.02
262.97,246.46,202.51,127.69,108.03,117.63,136.95,151.67,150.32,147.52,160.44,194.77
215.87,238.79,238.68,202.79,189.65,235.67,306.59,334.82,337.89,334.42,336.92,329.46
254.61,268.13,313.5,405.68,512.16,558.63,551.57,492.57,405.01,319.12,282.44,282.57
82.45,166.61,278.93,338.26,378.65,440.11,484.67,489.64,460.17,441.65,447.71,464.04
265.61,222.38,269.45,325.47,356.1,362.97,361.86,357.76,355.59,359.35,369.69,386.71
101.93,119.42,184.05,227.82,263.23,295.54,336.4,387.96,417.08,416.58,407.76,403.03
76.92,109.33,147.98,175.66,226.1,273.28,314.41,371.4,408.15,397.31,370.91,370.77
146.98,140.89,172.74,238.69,289.52,328.2,375.37,405.39,398.47,380.47,367.91,371.23
90.66,105.07,131.01,156.22,202.77,257.58,288.5,311.62,336.23,355.34,351.74,336.71
97.57,159.19,212.25,247.61,276.42,302.18,327.66,335.35,328.89,321.65,319.62,330.11
108.81,176.3,232.13,254.24,272.42,303.88,319.72,311.15,288.3,266.84,262.6,288.24
200.78,208.53,299.93,332.9,331.88,327.13,318.25,300.48,279.26,266.4,267.64,293.65
245.68,253.01,330.0,318.9,297.18,300.97,302.09,288.23,270.19,263.71,270.19,304.26
327.73,290.63,306.03,309.12,320.23,332.23,323.39,300.72,265.15,222.98,185.3,202.78
281.96,281.07,314.49,294.85,266.75,242.65,224.49,194.32,150.45,119.84,118.77,138.48
271.96,277.39,317.79,313.94,319.2,323.9,309.32,279.51,229.3,170.69,146.6,163.66
327.98,305.88,333.04,337.4,344.2,355.24,350.53,318.24,255.67,187.15,146.71,133.59
327.01,300.52,288.38,297.62,324.91,336.57,319.21,261.34,163.38,100.3,72.2,65.84
352.25,323.75,274.41,237.73,218.74,180.19,133.83,93.61,74.71,55.37,43.66,57.06
358.88,343.38,331.84,299.85,239.94,165.57,116.79,86.29,77.49,77.96,81.33,81.81
343.79,261.32,168.45,90.94,75.97,55.99,43.82,40.33,40.9,42.64,42.45,51.1
283.2,251.64,206.81,158.25,109.61,84.4,78.39,68.7,65.93,69.68,82.09,91.45
385.83,302.49,219.78,164.71,111.64,88.14,90.21,91.44,89.77,90.93,98.59,117.04
342.75,274.68,202.45,167.74,146.14,137.9,133.59,135.0,138.82,141.33,155.2,188.01
321.32,257.69,185.8,145.85,129.52,140.38,147.09,155.61,170.13,187.24,201.95,235.09
313.32,241.4,158.83,112.78,103.55,101.83,114.73,127.71,129.94,127.89,133.69,154.9
314.15,238.75,149.42,94.56,102.02,90.15,102.89,120.54,128.43,128.21,134.94,156.17
295.47,235.1,155.39,96.34,90.83,87.44,98.47,119.81,139.4,144.12,150.97,171.76
266.48,204.6,138.22,78.7,56.71,47.73,64.82,77.41,93.95,126.06,175.09,244.9
116.38,59.15,45.08,47.48,63.28,95.69,175.54,263.71,300.36,326.96,364.91,412.9
84.55,35.5,43.24,68.57,112.71,185.71,258.08,320.01,356.66,369.44,374.35,384.81
77.24,40.96,48.74,87.49,172.29,241.71,272.97,309.34,343.6,362.87,359.71,350.88
76.51,94.19,105.35,135.08,184.74,232.13,257.45,290.29,324.08,337.72,344.03,358.71
136.36,105.79,104.82,146.21,213.11,262.52,286.13,312.14,336.14,341.64,324.59,318.39
75.92,141.28,206.8,236.01,254.21,283.64,316.94,334.19,331.27,317.11,310.07,325.85
120.46,182.3,276.56,320.32,356.02,373.3,365.66,339.05,303.85,263.51,237.09,254.87
186.05,185.02,252.76,302.04,326.4,330.09,327.68,326.74,322.67,309.96,300.83,328.09
336.53,294.43,344.88,338.15,337.16,356.63,365.18,352.74,335.37,318.11,310.93,334.68
270.07,278.49,353.26,346.37,350.99,366.55,364.89,347.08,328.92,310.43,294.72,307.88
244.03,264.35,345.57,357.75,348.37,345.91,335.68,314.28,285.47,254.91,224.83,216.8
377.52,355.95,336.25,334.93,339.37,341.71,327.88,290.22,227.5,163.57,114.93,110.89
371.55,354.56,313.66,308.18,324.28,349.0,346.71,285.43,178.68,109.78,80.88,91.95
398.73,391.78,360.58,384.59,385.77,333.38,231.88,159.33,112.57,83.62,71.93,73.31
353.64,331.4,300.89,295.25,303.12,264.54,182.98,132.16,107.77,77.85,49.9,49.99
376.64,359.23,373.87,350.54,272.05,190.78,157.63,142.15,128.6,116.09,111.47,125.02
447.44,417.91,292.32,186.87,101.64,61.22,58.84,56.02,55.26,61.71,74.23,94.87
323.49,259.86,166.92,97.34,86.31,65.89,63.79,58.99,67.75,79.69,87.11,91.34
331.75,256.74,169.98,119.94,104.24,88.12,85.19,85.08,88.07,93.44,101.67,114.63
358.65,274.51,185.55,132.04,120.49,117.27,104.66,96.86,100.76,111.24,133.4,164.05
324.98,269.28,203.1,163.77,151.78,163.5,190.76,232.66,274.46,300.54,310.43,332.58
384.22,351.97,347.26,364.03,377.36,368.28,365.6,374.56,380.04,391.29,416.23,457.33
264.01,209.97,143.87,103.39,106.59,122.03,133.22,137.84,140.57,147.36,177.87,236.83
195.06,90.81,34.05,59.74,43.79,51.18,59.29,91.14,150.13,247.5,317.31,366.4
96.74,108.35,92.14,74.27,90.49,155.51,270.22,374.55,489.11,569.84,585.28,552.43
94.31,56.14,36.11,69.51,127.86,225.63,299.55,371.74,457.63,506.5,512.02,481.64
100.3,66.1,52.24,90.79,179.21,252.7,295.77,346.82,415.79,469.2,464.83,437.14
110.69,158.72,228.78,274.07,301.67,336.08,360.41,361.99,350.52,338.84,335.97,350.59
125.63,215.38,323.07,346.79,363.5,373.94,366.47,347.51,323.71,304.22,304.44,339.37
113.33,229.15,321.45,330.46,348.04,358.82,354.26,335.13,307.55,281.0,276.73,325.04
118.16,201.2,309.11,345.4,353.74,353.73,346.4,331.55,306.08,279.63,276.46,320.99
278.75,246.18,329.28,364.45,371.16,362.26,344.16,324.8,308.93,307.05,321.72,359.49
324.79,269.34,290.95,286.05,294.0,306.4,309.46,298.39,282.62,273.28,280.49,317.4
236.63,244.67,282.26,274.24,267.16,280.26,285.07,265.88,236.64,207.33,186.85,210.91
358.79,332.29,267.49,237.9,228.0,213.66,197.93,176.46,151.62,137.11,130.64,137.55
271.67,263.36,227.0,177.94,169.94,184.45,198.56,177.35,127.34,87.1,62.81,55.31
324.77,282.5,215.87,164.78,149.21,161.56,185.63,185.71,156.68,128.21,103.57,98.63
349.77,319.28,268.15,242.48,229.8,198.1,142.78,88.39,49.58,39.91,39.73,53.39
281.42,264.94,246.83,217.94,190.3,143.77,108.07,100.52,105.34,103.95,105.56,120.87
362.01,331.87,326.09,287.55,215.0,138.0,94.73,75.45,67.19,60.4,56.18,57.95
379.82,345.38,344.91,297.6,203.77,115.13,78.55,70.9,64.93,61.94,61.79,76.0
360.89,279.39,179.12,106.66,74.54,45.16,29.61,30.36,40.4,40.09,43.66,60.88
399.39,311.42,217.76,145.49,103.98,80.87,67.62,66.78,71.26,84.29,106.17,129.93
328.61,255.73,161.7,95.24,89.76,69.67,73.21,68.12,78.31,91.03,98.63,106.59
297.3,237.13,160.02,103.01,77.75,60.81,63.78,73.55,83.05,91.84,99.43,110.38
252.5,176.81,97.72,72.55,63.56,56.83,62.29,76.69,92.97,114.53,153.16,225.23
248.85,170.71,84.7,68.54,64.98,68.76,79.17,104.78,150.7,204.97,242.41,293.56
281.14,211.15,110.41,62.0,50.48,51.46,59.95,65.15,74.62,101.7,145.23,208.56
88.22,68.27,30.33,40.52,44.61,64.77,103.82,208.33,307.31,348.41,359.8,364.98
97.71,53.37,37.94,76.37,101.81,149.73,219.4,269.94,288.01,288.73,300.23,327.87
125.3,69.79,31.99,46.42,63.32,91.74,139.06,183.7,209.53,220.18,218.94,224.08
76.95,92.07,76.5,55.82,61.8,81.98,111.84,166.59,215.79,250.73,282.51,303.93
173.7,127.59,131.15,188.61,251.63,276.75,294.26,318.43,332.41,330.06,326.04,332.22
88.95,132.92,190.79,214.89,232.75,258.25,290.1,317.76,326.7,319.56,306.55,308.67
446.98,464.77,463.83,462.1,463.46,447.58,413.48,388.06,384.41,401.32,428.25,454.99
570.71,588.99,543.97,496.7,453.46,388.18,338.77,324.44,318.4,314.19,323.45,344.58
368.17,352.9,409.24,439.31,444.06,442.48,446.34,448.46,424.71,385.9,343.57,315.91
235.87,248.79,324.03,372.7,402.6,427.65,455.25,491.59,526.92,545.45,530.48,494.6
404.25,390.01,367.99,358.14,355.13,363.76,372.64,369.44,354.66,337.62,318.37,308.35
595.85,635.16,595.69,541.52,458.53,358.14,298.73,280.81,283.6,292.92,300.93,315.47
634.78,701.06,651.3,557.23,452.14,394.38,361.0,346.43,346.39,348.47,351.53,361.78
393.77,358.71,367.31,426.26,489.19,537.01,570.26,603.67,590.13,568.45,548.74,547.27
402.47,358.09,375.31,428.62,496.92,560.17,618.95,673.53,672.59,620.41,583.55,574.28
414.29,421.67,498.52,527.68,543.55,543.85,528.23,518.93,538.53,580.78,623.79,657.04
427.93,424.47,495.13,532.12,557.51,585.66,614.52,658.34,719.16,749.43,749.09,736.23
372.21,390.0,442.1,508.38,574.08,617.93,638.31,668.69,741.76,832.31,875.86,900.01
391.87,378.89,405.17,448.21,496.15,540.74,547.47,528.28,521.91,539.8,582.03,635.5
443.78,405.81,389.58,413.22,453.47,477.19,501.31,527.59,552.6,570.57,578.95,594.26
360.09,375.49,392.78,423.31,469.85,510.58,534.11,546.92,561.51,591.86,638.55,672.96
320.9,344.88,370.8,434.71,522.29,634.31,734.62,820.78,845.34,849.73,861.96,889.0
131.3,71.93,46.76,57.23,69.7,79.47,93.59,124.36,175.02,234.9,297.03,363.04
263.64,191.17,126.49,95.27,109.61,143.97,205.59,253.11,274.82,287.04,294.89,306.83
100.83,38.59,33.67,65.14,92.74,157.45,241.07,310.93,360.51,367.75,343.74,342.34
88.54,78.65,34.17,47.91,71.97,108.86,172.54,232.38,274.12,294.3,285.89,279.11
86.51,83.51,47.27,48.2,65.12,85.36,124.92,177.06,226.1,264.08,290.78,305.2
82.89,111.02,94.05,95.21,117.35,143.01,175.0,217.95,248.47,264.39,273.11,285.05
99.49,131.59,149.22,175.39,204.26,234.36,268.93,314.06,336.81,326.99,306.21,315.67
107.08,180.39,232.65,249.23,280.58,314.72,329.86,325.78,309.37,290.24,280.2,305.22
100.84,101.0,110.87,144.35,190.46,236.82,276.84,311.93,326.62,323.53,305.65,297.02
152.63,140.99,172.61,215.66,248.88,278.74,307.3,330.74,333.66,317.18,295.42,298.5
232.54,210.18,287.31,290.89,286.77,288.39,288.2,280.05,256.53,230.0,214.15,236.94
244.11,248.88,323.71,310.51,295.23,295.94,295.8,288.54,271.12,262.23,275.75,315.91
229.83,262.34,350.96,362.1,350.31,341.56,334.27,326.03,321.03,312.76,304.98,333.25
181.22,234.77,352.68,383.05,395.9,405.11,393.81,356.03,315.3,270.51,230.8,219.33
317.06,285.79,333.35,334.08,318.48,303.86,286.02,258.1,219.38,177.92,155.24,170.06
335.99,307.75,335.3,365.94,386.87,394.51,385.84,342.0,247.89,161.45,123.69,129.59
275.86,264.58,229.75,187.43,177.8,164.77,161.78,161.36,149.41,130.65,125.64,142.85
393.65,369.24,298.47,269.19,297.13,331.71,301.31,220.59,170.15,137.97,122.15,122.79
363.48,332.35,322.74,322.52,305.12,246.05,168.79,128.45,112.56,101.22,88.44,90.59
310.37,260.65,176.14,90.45,74.17,64.35,53.53,54.39,56.97,69.61,82.34,92.67
310.95,245.49,161.17,100.66,85.69,69.82,70.07,74.16,83.14,89.53,87.72,90.38
319.68,248.18,153.75,88.7,91.23,68.66,65.9,71.47,82.49,90.43,90.85,99.25
228.5,221.68,191.59,152.0,126.74,115.63,125.83,156.85,196.41,244.85,297.84,352.99
357.77,335.0,321.15,275.14,204.15,147.8,123.14,104.38,90.92,87.65,91.22,109.08
239.9,250.23,254.84,226.2,202.69,207.84,230.13,267.83,315.11,315.3,308.33,317.46
226.44,218.96,197.09,163.75,133.71,133.49,187.02,290.95,368.55,402.56,404.87,392.14
115.1,67.78,49.02,52.03,76.14,144.94,271.13,361.1,432.86,483.58,498.75,482.26
185.32,156.38,189.23,287.18,444.3,563.59,591.3,608.79,627.99,646.68,656.29,665.33
172.88,249.61,442.06,508.45,542.63,562.11,564.24,562.54,570.61,583.86,605.46,639.59
143.45,200.24,354.75,439.66,491.95,515.59,521.75,506.65,469.49,434.01,435.18,471.62
162.86,184.75,307.03,406.8,473.97,506.07,511.55,495.78,459.93,421.98,408.11,423.88
87.32,185.56,310.14,389.8,445.14,494.48,519.61,517.13,498.13,489.2,515.27,587.79
108.25,185.77,296.25,350.41,387.92,412.89,409.69,378.65,340.66,310.89,292.46,306.25
111.42,144.47,231.44,285.33,311.35,348.33,376.61,376.84,360.92,338.53,320.3,323.48
111.45,221.04,346.48,389.54,408.86,400.85,368.5,338.5,309.28,277.37,261.48,286.94
135.6,211.28,326.85,360.9,373.06,368.43,350.69,330.51,300.54,261.51,233.17,241.8
137.94,193.97,295.55,333.71,368.18,381.96,368.13,339.78,304.86,262.9,229.27,232.33
