86.58,123.78,150.66,221.19,288.61,350.6,405.26,416.24,410.39,401.65,388.32,375.33
109.04,162.99,251.14,340.4,414.76,427.38,401.27,375.58,356.93,344.72,342.24,343.18
158.89,239.03,319.21,388.44,418.36,414.13,402.41,384.24,366.11,357.7,353.53,351.53
230.08,330.09,397.71,424.54,417.55,400.27,389.21,383.52,372.96,355.66,336.17,322.0
218.94,293.54,320.53,341.7,355.61,356.16,351.43,335.38,304.41,260.88,216.27,185.87
322.26,399.22,399.25,381.67,368.36,361.92,346.22,315.91,264.1,199.31,123.1,84.88
265.33,338.45,333.25,329.36,344.88,342.41,325.73,291.29,237.86,179.21,121.75,88.87
370.71,414.27,395.06,365.03,347.18,326.04,281.8,208.66,126.98,82.23,77.84,84.08
284.52,329.41,309.14,304.15,288.87,254.91,201.35,131.98,93.64,75.34,85.58,79.65
299.43,325.66,302.25,293.33,269.54,233.94,172.83,106.51,76.31,82.68,80.74,78.47
247.26,262.27,243.74,233.13,199.7,144.54,99.61,72.43,76.71,87.15,83.89,82.65
293.06,262.07,206.23,158.69,101.55,72.54,75.94,85.88,81.03,80.34,80.0,81.54
211.65,202.24,166.01,139.54,102.72,73.46,71.64,73.17,76.9,82.95,77.87,75.84
266.27,238.97,186.71,134.16,87.01,68.24,70.34,74.34,80.79,81.77,78.86,81.68
271.23,233.43,173.1,116.06,74.6,67.55,67.64,66.47,68.0,76.06,65.59,62.27
230.71,177.14,94.18,62.36,61.45,57.57,62.11,65.66,60.8,58.39,63.35,70.52
93.35,92.36,59.69,60.71,61.42,57.2,55.43,54.84,56.68,68.72,92.28,133.35
63.61,85.76,66.75,67.61,45.71,48.72,53.5,56.53,66.13,100.24,164.85,217.28
83.64,110.92,84.41,78.42,75.82,60.45,64.41,65.45,78.42,110.23,173.1,217.46
58.61,52.92,65.81,49.39,45.68,54.14,60.13,72.93,118.75,201.25,257.84,293.24
54.26,54.4,56.71,43.48,46.69,56.19,67.47,106.33,171.9,227.64,265.37,281.33
61.98,57.95,56.45,42.36,56.04,65.85,95.2,156.34,230.82,272.8,291.41,298.85
89.82,77.55,77.81,68.05,82.17,108.27,164.57,233.46,279.58,310.53,329.62,340.34
79.34,90.42,79.07,87.0,109.7,155.38,207.76,240.53,268.45,284.06,303.06,320.75
55.93,90.0,91.98,124.07,187.76,250.11,300.5,335.93,349.08,344.4,340.06,340.39
79.75,122.53,149.7,201.36,261.27,316.22,345.13,356.04,347.78,331.68,316.07,306.93
67.07,112.66,139.46,185.06,243.52,297.53,325.87,338.45,334.42,317.99,297.03,277.14
80.77,135.21,179.07,226.01,275.29,311.76,326.23,327.36,313.12,289.6,266.92,254.16
233.02,283.78,309.3,344.73,365.94,355.35,328.05,288.76,243.97,202.91,156.01,119.54
184.66,199.58,217.03,258.18,305.12,326.04,319.36,282.67,235.03,189.76,139.75,105.9
247.15,283.68,287.02,307.3,321.47,302.86,264.84,214.4,160.7,111.63,83.29,86.07
307.88,333.49,296.21,281.43,276.36,268.04,241.7,190.37,128.48,88.51,80.31,80.21
248.65,250.49,219.89,192.41,138.22,97.91,79.8,77.36,86.41,81.83,81.06,80.62
245.69,226.98,178.71,127.21,84.35,69.13,71.32,75.68,83.85,80.62,78.21,82.18
262.18,215.64,138.38,82.94,66.17,65.47,62.63,66.22,76.81,67.82,63.24,64.94
241.04,199.47,116.21,72.07,63.67,60.46,62.59,70.2,65.56,69.63,71.72,80.11
201.48,175.32,119.12,75.65,62.51,60.94,57.66,65.5,64.13,57.16,59.72,66.0
254.04,198.76,108.93,67.36,63.26,60.12,62.7,70.66,63.17,58.71,65.83,77.27
280.95,199.89,111.42,68.88,63.13,59.87,65.4,69.94,65.08,66.75,68.17,76.23
240.55,174.81,91.48,63.06,60.28,58.26,69.18,64.27,59.97,63.43,65.77,81.02
90.26,92.06,64.6,58.69,63.61,57.26,55.61,49.68,55.99,64.82,71.64,97.63
54.79,66.21,68.45,69.45,55.45,54.36,52.1,58.1,58.39,66.13,79.59,109.46
68.72,83.07,60.63,69.08,48.06,47.3,51.44,57.84,66.17,103.3,180.2,239.17
67.04,52.4,62.13,55.5,43.01,52.17,60.11,74.6,132.11,222.07,264.39,282.26
55.87,59.54,64.68,46.03,47.39,56.21,63.15,84.61,139.89,225.58,275.68,303.71
69.08,53.95,56.99,41.59,45.46,56.36,72.73,110.77,185.04,259.34,309.12,353.84
78.16,62.98,56.59,45.24,52.4,65.0,96.01,151.25,228.65,277.19,307.35,320.24
44.31,59.74,62.58,64.44,80.56,115.79,172.0,233.1,276.14,296.42,299.03,297.11
32.7,74.22,64.99,80.13,110.09,156.82,219.57,259.43,277.47,276.0,271.21,269.36
35.32,80.93,81.08,106.32,144.88,207.65,253.2,272.55,268.39,259.1,252.43,252.77
76.62,132.72,165.74,211.33,252.74,269.31,266.17,251.22,239.84,233.31,229.86,227.94
83.83,131.44,183.82,218.8,246.87,245.24,234.74,224.62,217.57,212.42,208.39,205.11
194.5,208.97,225.12,257.85,279.25,278.43,261.96,238.52,199.6,161.06,127.62,100.33
217.26,248.14,263.8,295.07,316.15,310.25,275.24,235.25,191.89,143.23,106.0,84.6
302.61,338.52,305.37,308.98,330.83,323.34,292.83,249.46,198.19,140.54,96.44,78.45
327.8,381.36,340.38,320.5,316.5,308.94,274.88,212.35,135.18,86.34,75.11,83.71
284.14,308.69,270.43,244.39,240.49,226.51,182.37,125.26,87.37,76.59,85.99,81.57
285.36,296.83,257.2,226.98,196.86,138.9,96.8,78.07,78.74,86.79,83.21,82.54
250.7,250.31,216.2,184.09,125.68,77.1,66.82,71.73,76.07,75.7,83.51,77.8
302.99,283.52,235.33,184.47,114.73,69.6,67.42,68.4,69.0,76.22,83.56,80.87
292.82,241.76,178.3,120.73,76.12,67.55,67.7,65.12,61.69,67.29,70.75,66.94
245.52,203.06,117.6,70.32,63.18,61.01,58.99,62.18,65.05,56.16,55.15,61.67
275.71,197.8,106.98,65.59,63.91,61.01,60.36,69.02,61.98,55.19,57.52,64.34
232.3,172.46,91.17,62.54,60.13,58.11,68.58,61.74,55.74,61.56,67.76,81.54
65.45,70.12,62.66,73.39,63.83,57.71,48.08,52.66,61.56,63.3,69.78,86.98
65.15,81.38,61.91,71.24,48.82,46.78,52.88,57.54,60.89,72.86,96.99,149.35
92.81,106.15,72.35,58.48,67.81,59.59,48.0,52.58,58.95,77.0,131.79,210.46
78.14,61.6,50.51,54.12,51.43,47.19,58.54,67.59,87.01,133.75,220.54,276.34
59.32,42.81,61.95,48.99,45.82,53.1,64.41,86.59,133.0,218.6,283.9,339.3
34.93,43.74,53.81,52.5,53.26,56.51,74.34,119.46,211.89,289.17,355.91,422.14
53.95,61.88,69.73,69.6,103.41,170.66,252.94,319.2,386.9,419.66,420.1,401.41
34.44,71.47,73.85,92.76,144.74,222.58,286.37,349.32,408.05,427.84,410.62,383.73
75.88,109.21,127.01,190.19,261.58,322.72,390.79,420.81,420.1,400.91,376.13,359.39
72.25,127.25,174.76,240.91,307.37,379.26,408.11,403.74,387.35,374.96,367.79,364.74
126.92,201.07,300.47,387.75,438.82,441.12,430.13,413.13,389.37,371.79,370.71,378.34
301.26,420.76,490.21,490.0,475.01,453.29,441.52,442.27,444.87,442.6,427.75,404.93
267.89,360.12,393.76,397.98,401.51,396.91,392.11,384.33,361.08,323.98,271.14,227.02
225.7,297.32,322.23,347.7,369.82,372.13,366.27,356.57,338.95,298.54,240.52,201.39
271.21,352.56,351.24,348.82,362.95,365.16,349.75,323.61,286.95,239.72,194.9,144.3
364.08,424.94,410.32,375.36,355.98,341.37,311.06,250.32,177.31,113.94,89.54,82.25
346.28,389.91,370.55,351.57,336.16,309.18,256.46,179.7,106.99,76.81,83.9,84.41
311.52,286.37,244.3,204.92,133.55,82.55,73.53,87.6,82.55,81.22,80.75,80.93
307.44,276.38,222.15,170.22,105.47,73.16,75.34,85.73,85.01,82.93,82.54,82.56
259.94,245.11,209.59,163.55,96.39,70.57,76.04,75.59,82.53,82.84,77.24,75.22
252.67,241.26,208.27,165.36,98.42,67.82,69.99,74.96,75.24,81.67,76.29,70.12
271.28,238.11,181.94,124.58,78.64,67.6,68.23,67.0,67.65,77.64,72.17,66.28
254.95,192.69,103.84,65.42,63.67,59.99,58.34,66.13,58.17,54.82,63.81,67.3
225.92,168.27,93.62,63.09,60.26,57.93,67.91,60.69,58.13,67.54,72.59,98.71
105.21,86.11,58.64,64.12,60.52,55.35,56.16,54.22,58.31,74.0,104.92,159.15
57.85,74.16,68.14,65.85,50.3,48.15,53.17,56.96,64.61,87.98,134.61,210.17
68.61,95.65,69.49,72.73,45.99,49.63,50.78,60.16,70.7,111.42,181.95,232.04
52.36,52.29,64.44,50.09,47.93,56.16,61.19,80.19,136.88,221.41,277.35,320.43
79.58,61.74,57.06,44.86,47.54,59.78,85.56,147.55,231.45,281.47,307.19,328.16
57.37,65.68,61.51,55.68,72.17,109.78,190.52,265.99,316.94,373.74,402.52,400.71
66.38,74.88,65.9,84.67,129.29,210.7,276.18,325.62,383.45,418.0,417.88,399.52
47.51,76.41,77.65,108.45,172.79,248.93,307.66,369.07,402.62,405.56,390.84,374.79
51.19,90.0,95.66,140.14,218.23,288.86,354.32,403.06,420.63,426.38,421.23,415.34
81.66,129.72,179.56,245.62,322.58,421.28,474.42,478.26,466.39,468.85,477.9,484.28
131.82,203.26,295.26,375.13,423.81,432.17,419.17,400.71,373.92,351.64,339.12,337.76
209.61,299.76,383.75,458.03,454.28,420.66,396.37,389.26,385.4,378.22,356.22,328.6
268.69,377.48,443.37,442.78,421.29,396.1,392.27,396.73,392.7,370.73,339.37,298.44
361.17,451.21,462.63,426.98,397.37,387.09,377.36,356.02,323.29,276.63,215.91,148.0
315.7,395.81,398.52,379.81,372.46,368.4,357.17,330.97,285.6,219.37,148.98,103.12
356.94,411.41,395.74,369.99,355.81,340.61,307.65,246.85,171.58,102.74,78.0,83.66
400.88,427.97,393.44,352.11,328.49,295.09,228.61,140.61,87.73,74.24,84.66,85.19
594.96,543.79,451.65,381.79,340.87,283.71,201.06,124.48,84.26,81.62,88.49,95.02
585.71,541.55,459.73,389.33,359.9,319.47,251.15,163.02,101.19,76.66,86.74,92.31
513.27,498.03,421.27,370.33,334.69,277.68,195.29,112.2,68.62,83.37,88.45,99.41
591.52,540.29,451.86,383.6,348.93,299.86,222.02,131.14,75.46,73.45,85.71,91.74
577.5,526.84,440.01,378.43,341.83,286.53,205.15,119.66,71.0,77.44,85.42,92.64
531.06,474.54,377.32,334.8,271.64,181.27,102.5,68.78,84.23,86.57,93.35,111.01
501.84,431.2,345.43,302.88,230.39,129.63,74.61,78.46,84.98,88.1,98.52,119.77
101.45,82.49,61.55,69.76,65.75,63.99,65.3,81.76,113.27,174.0,239.78,277.1
50.91,72.25,60.33,64.28,56.87,58.0,66.25,99.21,182.31,266.68,316.65,369.53
70.39,96.68,65.33,58.85,58.38,60.06,66.59,90.58,157.49,243.65,304.54,363.32
60.67,47.97,44.39,41.16,49.46,55.23,73.94,119.58,222.6,322.61,419.03,500.89
83.75,65.14,49.8,40.31,51.22,74.32,117.65,211.23,308.03,398.95,494.42,589.29
28.95,54.09,54.77,64.83,105.06,223.57,394.85,587.23,753.64,888.79,962.97,969.61
55.36,67.35,59.63,85.37,162.23,309.17,489.26,715.28,916.35,981.44,995.17,1000.13
54.22,70.79,74.2,112.45,200.74,309.07,418.53,537.88,621.61,684.84,727.31,755.81
74.85,105.99,120.17,189.72,275.79,358.37,453.07,529.97,568.57,608.97,640.41,668.48
85.15,143.13,209.2,286.16,372.73,465.13,496.82,503.72,510.47,518.32,533.05,564.81
111.44,173.72,278.43,398.92,500.64,525.45,549.22,573.3,591.34,608.01,633.69,664.72
194.71,269.73,398.47,600.45,738.71,769.03,763.27,729.93,682.48,636.35,608.73,599.78
268.49,371.58,439.28,470.11,471.14,458.2,442.75,437.75,439.17,434.98,416.33,391.35
281.04,373.78,409.18,410.69,405.74,402.21,397.57,383.68,358.37,311.63,254.1,215.91
408.04,454.46,434.73,397.66,385.89,375.59,351.1,300.97,238.7,190.22,142.45,116.32
356.94,401.59,382.95,363.13,354.23,343.94,309.79,237.3,172.61,116.53,94.84,91.67
333.88,346.1,314.77,297.95,274.37,242.27,189.92,128.84,93.36,80.14,78.81,80.16
310.76,294.08,266.44,233.72,172.18,100.04,71.47,88.3,84.24,82.84,82.54,82.66
280.85,263.07,226.21,186.94,116.03,74.46,76.22,87.42,84.16,82.94,82.62,82.72
264.37,248.7,212.44,167.8,102.28,74.63,75.1,83.32,85.32,82.53,81.88,81.93
274.43,255.87,213.41,163.37,94.79,67.79,72.83,76.41,76.92,84.19,78.55,74.3
258.42,242.3,206.25,157.68,92.55,66.53,68.73,69.9,72.03,73.92,75.43,68.65
342.51,273.9,188.91,103.91,66.78,67.57,66.02,62.1,65.75,72.56,70.06,71.29
265.91,198.43,109.94,69.16,63.4,59.98,66.2,69.18,65.22,68.86,75.06,95.48
135.83,87.45,58.84,59.69,65.61,57.34,60.2,59.26,70.02,94.29,137.86,188.38
93.23,98.89,64.32,54.13,60.75,50.05,45.73,57.43,61.81,85.01,127.59,191.96
71.43,100.3,72.17,69.03,51.43,47.86,50.85,63.29,78.55,123.14,189.84,231.15
59.19,53.02,64.58,49.44,46.13,53.9,60.45,84.05,146.07,237.09,310.97,383.63
47.12,53.32,52.99,45.83,52.33,60.99,95.16,166.87,244.52,305.82,357.36,416.55
23.69,57.32,71.41,75.74,113.61,190.66,272.24,343.37,425.28,453.71,456.99,458.06
74.8,86.21,78.1,106.79,172.04,248.4,298.93,355.73,409.39,448.53,478.46,523.16
64.46,82.58,90.7,138.37,228.02,310.65,400.86,495.5,548.11,590.71,625.51,655.13
78.86,111.83,129.44,194.19,263.47,322.54,391.61,432.72,457.32,474.15,503.26,537.17
91.14,149.23,217.26,292.63,376.29,446.49,455.89,441.24,430.32,435.54,450.9,475.79
132.03,225.67,385.87,604.2,700.76,723.54,711.15,680.26,645.28,628.02,639.42,661.67
191.22,312.14,446.03,597.36,675.2,687.82,669.47,643.56,624.35,610.36,599.98,597.1
188.41,294.79,407.03,529.19,584.16,571.02,547.71,524.12,512.17,510.27,511.07,508.26
327.13,436.21,476.9,461.76,444.12,422.64,411.26,405.47,393.04,368.62,326.31,265.31
388.67,436.98,429.62,391.6,377.51,374.0,361.76,325.91,256.07,190.37,123.02,90.21
367.24,401.49,382.0,363.1,349.24,327.23,286.21,215.89,135.0,91.4,83.02,82.52
314.03,304.39,270.99,233.87,168.08,99.66,75.28,86.28,83.78,82.09,81.73,81.77
298.91,274.31,229.66,188.17,122.23,77.07,77.18,87.01,82.03,81.11,80.66,80.92
248.47,239.22,211.79,172.76,117.04,77.09,75.78,86.3,80.86,79.97,79.58,82.0
313.13,268.11,205.45,153.34,96.71,73.52,77.57,85.47,81.06,80.34,79.98,81.06
287.71,252.53,195.83,142.76,88.75,70.61,74.64,78.88,84.1,80.13,79.21,80.61
336.56,285.31,211.66,147.98,86.55,66.93,69.83,73.22,73.8,81.65,80.65,76.79
330.31,276.63,207.37,150.57,88.74,66.91,67.61,67.75,69.4,80.27,80.45,77.0
295.15,215.74,127.63,73.96,65.06,62.03,63.68,71.05,69.9,77.34,80.19,94.68
93.66,91.18,58.94,60.13,61.73,57.36,56.22,56.03,60.71,69.52,93.07,134.22
62.56,79.79,66.0,68.28,48.29,48.15,54.31,61.47,77.43,125.09,202.57,257.87
64.49,89.79,69.0,73.36,45.41,49.69,51.07,59.61,70.14,110.03,190.36,256.23
51.91,51.69,64.34,50.65,49.11,54.84,61.03,72.6,117.28,206.81,283.87,351.72
37.57,50.25,51.87,51.13,54.59,61.78,78.3,121.98,202.3,265.37,310.53,343.91
32.21,59.36,69.33,74.99,113.81,186.33,265.26,334.63,416.49,456.13,463.78,458.5
51.79,78.96,78.96,112.03,182.26,260.99,324.88,397.66,443.54,473.08,494.67,521.97
52.3,79.24,82.44,121.33,202.34,291.43,382.98,491.02,569.09,631.46,674.52,713.2
73.07,102.25,143.2,242.68,360.06,486.43,589.78,635.57,671.6,699.09,725.92,751.81
106.63,177.27,350.46,612.81,821.19,915.53,923.37,900.19,860.44,790.37,750.72,734.62
172.7,319.73,536.26,807.67,950.06,961.4,957.92,948.74,936.74,929.72,929.08,920.38
308.53,514.78,762.54,921.5,942.07,941.47,939.35,938.26,934.64,917.35,887.17,832.08
291.31,431.85,564.32,669.14,714.47,750.14,775.95,795.28,813.71,832.55,845.36,828.61
350.7,461.91,496.38,491.64,466.31,443.92,432.3,421.28,398.16,358.85,302.08,249.8
365.1,419.35,416.77,395.72,379.32,364.31,333.0,271.08,204.26,137.37,100.97,91.49
464.21,492.81,427.97,364.59,348.07,326.57,264.24,194.34,125.27,89.39,80.37,80.41
356.72,349.27,320.73,279.45,206.28,114.79,74.18,77.45,80.29,82.14,84.01,89.48
261.5,265.97,244.58,223.87,160.06,104.83,81.31,79.92,79.48,79.36,80.29,85.85
256.34,243.16,209.76,166.7,103.64,75.14,75.8,86.45,83.45,81.88,81.48,81.62
225.86,225.31,189.36,157.55,113.85,78.73,70.94,74.5,81.97,82.84,79.12,78.31
293.7,265.94,211.44,158.51,92.34,66.87,69.72,73.72,74.6,81.56,81.37,76.74
250.26,238.6,202.49,162.46,96.45,65.97,68.25,69.81,72.2,72.95,74.72,67.6
296.52,218.64,133.64,77.01,65.64,64.28,61.18,67.28,73.07,69.14,64.19,65.52
261.02,196.2,107.8,68.5,63.06,59.95,68.67,68.25,67.12,74.17,75.82,97.98
116.99,81.16,57.72,61.97,62.49,54.18,56.41,58.19,59.36,80.59,115.47,174.21
57.55,72.68,67.39,66.26,49.21,47.88,54.63,55.66,60.13,76.53,111.18,182.0
62.65,86.92,68.9,70.39,45.29,49.4,52.59,58.51,69.74,105.68,174.79,240.53
44.4,50.91,64.53,50.63,51.51,56.97,61.72,83.06,142.35,229.53,295.5,346.85
48.16,57.62,57.89,49.96,53.94,58.94,67.28,109.29,195.25,272.67,335.62,398.18
51.15,55.89,52.88,55.72,61.04,81.29,127.7,206.6,267.81,317.9,354.75,381.59
87.56,84.38,78.83,79.02,105.1,161.44,233.05,285.45,330.63,358.0,364.65,363.62
79.54,92.13,79.44,94.21,136.27,214.66,269.71,314.26,352.41,372.17,371.14,364.59
66.63,99.45,108.92,155.7,231.86,291.82,348.32,395.11,410.16,401.9,386.46,373.44
63.03,112.53,146.61,206.25,270.17,328.41,375.36,380.68,369.92,365.25,362.17,360.61
80.87,130.93,163.22,207.72,256.21,301.15,319.61,324.79,314.28,293.48,274.22,268.61
143.7,197.67,261.06,324.39,365.12,367.86,362.72,352.87,336.79,321.79,308.48,299.59
224.46,285.33,324.36,360.73,375.0,371.42,355.06,327.41,288.45,244.17,205.29,166.32
254.26,324.96,333.4,355.28,375.99,365.87,345.23,315.16,271.84,223.05,179.68,131.91
309.66,388.39,379.1,361.5,359.89,355.65,335.48,299.32,242.91,178.39,117.89,92.44
275.06,342.28,328.35,321.16,334.46,328.57,302.21,257.5,196.56,139.41,96.47,84.14
295.97,315.11,285.36,272.45,260.75,237.34,193.84,134.83,92.95,80.42,82.73,78.94
248.0,255.87,226.9,203.27,157.52,106.82,79.77,78.53,84.98,80.02,79.42,79.23
294.57,281.44,242.06,201.14,140.01,84.24,75.16,78.52,85.15,79.68,79.46,84.42
247.58,241.57,207.96,175.85,110.92,69.5,66.95,69.33,72.63,77.8,81.59,75.11
213.15,203.9,169.5,139.65,94.9,66.11,65.28,66.16,65.71,70.56,76.71,74.39
255.83,214.03,139.29,83.76,65.21,65.21,61.62,61.18,70.76,64.9,61.2,64.89
285.92,200.83,112.8,68.3,63.73,60.76,62.71,71.17,64.37,59.11,62.75,74.12
236.84,171.0,89.19,62.65,59.88,58.67,69.66,63.18,59.74,64.1,67.02,78.81
94.83,90.29,59.54,59.26,61.79,53.64,52.42,60.07,61.14,64.71,81.33,112.1
57.96,74.36,64.18,71.29,52.0,48.69,49.17,57.54,55.25,62.28,79.63,113.12
68.24,85.39,66.31,68.72,47.71,48.74,52.36,57.17,63.38,93.14,156.37,221.14
70.9,53.68,59.45,56.55,42.67,54.12,60.64,74.25,121.59,210.2,267.4,300.48
58.0,54.82,63.08,47.61,45.83,56.06,61.86,77.98,113.92,190.66,250.7,287.56
71.53,56.37,56.53,40.21,43.44,57.25,71.95,108.42,178.05,252.84,302.31,345.04
66.2,59.78,57.31,40.33,55.76,65.48,96.71,164.64,238.02,279.31,298.23,307.58
90.77,76.41,68.5,57.2,65.14,93.17,139.13,215.79,265.34,300.93,315.32,317.03
36.51,62.0,51.14,60.9,66.42,84.56,114.96,164.25,212.94,240.52,244.79,249.42
30.65,78.3,70.27,87.27,115.71,162.2,221.33,259.84,270.78,264.85,258.08,255.97
67.42,117.08,145.62,189.71,239.73,277.1,285.24,272.14,256.35,244.71,238.61,235.82
98.36,139.42,177.87,213.97,241.48,243.8,234.54,225.98,220.21,216.26,213.4,211.25
198.71,212.1,232.34,268.37,294.34,295.74,278.2,247.56,205.68,158.28,121.59,94.56
173.44,191.5,214.74,254.3,290.33,305.8,300.96,289.23,275.49,265.14,259.49,256.44
234.01,264.05,268.09,290.55,307.29,301.71,269.78,229.86,186.29,138.81,103.94,85.61
267.64,303.24,288.28,290.69,307.45,297.89,268.08,222.52,173.75,121.4,87.44,81.27
286.35,320.61,284.28,264.83,268.02,263.02,242.18,195.09,134.94,93.95,75.98,84.93
269.93,281.43,248.92,220.72,182.32,119.33,86.49,75.63,83.22,85.64,83.03,82.57
278.91,269.37,231.38,197.28,129.81,74.56,69.13,72.95,76.8,80.36,85.77,82.15
250.61,220.74,159.51,104.18,69.28,66.75,65.34,61.74,66.23,74.24,65.37,61.69
245.36,224.48,165.24,110.6,70.97,66.92,66.17,62.08,59.19,67.01,65.91,60.57
244.15,193.04,101.4,62.79,63.16,60.08,58.97,66.64,59.95,53.92,58.65,66.21
287.32,204.42,115.07,68.23,64.64,61.97,60.61,69.65,64.86,56.98,58.62,67.54
233.25,172.19,90.76,62.59,60.13,58.64,69.26,62.19,57.11,63.38,69.35,85.9
76.41,81.65,60.55,71.26,59.63,56.86,50.4,51.24,58.66,62.84,72.11,94.41
53.35,67.41,75.18,60.78,57.58,56.98,58.22,55.25,58.4,69.98,87.63,122.28
72.09,90.21,66.26,66.66,46.76,50.3,55.86,60.33,70.28,105.58,185.86,243.73
47.09,46.65,67.59,57.12,44.16,55.71,59.54,69.06,110.22,192.45,242.99,257.01
74.12,54.17,49.96,56.24,41.76,50.48,61.93,84.39,142.82,238.97,303.39,360.66
53.82,47.87,56.35,41.12,48.21,62.09,85.95,138.2,229.22,308.76,390.93,462.4
22.0,51.67,69.29,69.83,89.68,142.05,227.5,295.94,353.25,389.49,389.36,365.22
40.6,75.56,77.49,103.88,162.7,240.78,306.27,387.0,439.04,452.09,440.02,415.82
45.3,86.5,96.15,142.56,225.83,312.46,410.2,459.34,464.17,453.31,447.59,439.77
90.31,148.94,216.27,290.54,366.64,428.69,439.7,436.96,444.49,467.48,507.96,556.13
140.41,228.34,323.28,400.26,438.18,439.27,436.09,429.36,414.1,392.65,381.28,386.05
187.84,263.7,349.84,405.89,426.99,424.02,422.25,419.16,407.14,389.8,370.5,352.05
273.41,379.02,434.42,427.92,411.35,399.1,401.68,407.64,399.83,374.81,344.56,309.09
288.99,374.99,389.19,389.2,391.55,384.51,374.7,363.8,342.43,301.63,253.73,218.98
374.26,471.22,467.64,412.1,388.0,376.52,352.27,324.9,266.05,213.18,160.51,126.44
381.23,453.37,437.87,389.68,368.02,354.96,325.19,273.85,207.45,140.75,104.16,93.06
421.15,473.89,439.48,371.02,346.06,321.15,270.41,192.87,120.33,91.36,82.43,81.23
352.97,345.05,300.4,246.83,159.4,83.74,72.23,85.37,86.92,86.07,85.97,86.1
400.7,378.91,299.83,226.3,137.43,75.44,73.11,85.96,86.85,86.1,86.0,86.08
271.45,256.33,208.3,157.72,93.77,71.58,75.96,75.17,84.56,82.39,78.83,78.35
281.62,246.5,187.5,131.15,81.79,67.51,69.04,71.21,71.61,78.75,74.82,69.28
270.4,228.55,165.54,105.34,69.6,67.75,66.51,63.08,64.74,75.52,64.2,60.91
263.62,198.06,108.0,66.69,64.24,61.01,59.79,68.27,62.27,60.36,62.64,65.97
278.49,208.03,120.14,72.64,64.69,61.5,63.91,70.87,69.58,75.75,80.32,97.98
120.59,84.75,58.84,66.68,60.62,57.76,59.88,58.29,76.18,108.97,165.75,222.01
50.1,77.69,63.17,57.07,54.71,55.31,65.8,94.99,165.02,251.19,311.11,363.8
51.89,83.18,56.68,48.54,50.9,54.04,63.22,81.07,143.7,247.71,327.9,396.5
44.33,51.9,60.16,49.62,54.22,60.18,68.88,100.07,175.71,265.77,341.6,422.88
69.05,55.72,57.17,40.62,51.0,61.39,86.97,151.03,240.66,298.88,353.42,414.18
16.7,49.85,61.0,72.1,107.82,201.51,312.22,433.61,586.52,700.44,751.57,771.43
53.04,61.6,77.21,130.02,255.9,440.02,683.49,950.99,993.8,1001.94,1007.22,1017.21
88.93,86.89,92.13,149.04,245.63,325.64,417.5,519.26,607.89,677.16,724.43,755.07
92.01,123.28,194.22,308.4,426.74,550.77,607.17,631.26,636.56,638.8,646.72,674.67
106.67,170.99,314.92,515.88,677.24,735.4,745.97,740.08,725.99,713.66,712.28,724.93
125.6,221.5,398.42,664.59,804.71,856.37,853.77,807.69,745.46,703.39,689.21,695.63
202.75,381.46,656.11,925.85,968.26,967.78,964.35,958.45,954.86,957.76,955.58,951.81
239.8,423.61,676.12,913.27,952.51,938.05,903.22,854.67,780.82,716.17,660.73,620.96
353.35,541.24,720.12,833.51,901.5,915.32,898.23,866.39,801.17,733.71,673.25,624.69
293.05,399.97,448.95,473.09,467.87,448.44,428.99,421.21,415.58,401.06,379.89,354.85
466.18,517.24,475.37,406.74,389.12,366.51,318.67,253.24,207.44,164.46,136.19,127.52
386.56,417.83,387.26,355.4,339.06,318.33,255.56,182.44,119.93,93.16,88.92,92.8
305.26,293.32,268.85,241.2,184.6,106.61,77.59,87.23,82.99,82.62,82.44,82.92
329.28,301.9,248.42,201.34,130.34,80.25,81.64,83.49,80.82,80.32,80.25,82.74
419.73,396.8,311.24,232.6,143.75,79.39,74.79,86.99,84.39,83.91,83.89,84.25
427.03,409.21,322.64,243.15,147.84,76.62,72.81,78.75,85.88,84.29,83.74,83.87
431.53,408.85,319.71,239.14,142.73,72.29,67.29,72.63,80.23,86.15,84.66,83.98
329.19,259.06,173.99,92.78,67.1,66.62,64.17,62.59,74.5,74.45,70.81,72.84
289.27,211.42,123.98,73.34,64.91,61.87,65.18,70.99,71.19,78.3,80.31,98.35
161.2,101.65,63.2,55.61,63.9,62.95,56.0,56.79,57.82,66.1,83.95,120.73
104.37,89.57,62.06,55.89,65.34,60.77,52.68,60.05,71.42,102.31,162.51,239.47
87.5,101.9,65.86,55.52,63.08,43.26,51.25,58.28,78.2,150.01,251.15,314.0
35.83,52.97,60.47,56.79,56.47,57.56,69.68,113.87,205.13,285.22,351.36,415.97
63.62,55.87,58.04,40.08,48.7,59.71,91.46,173.01,269.33,342.54,418.77,493.05
12.23,44.8,62.06,63.58,73.61,112.36,200.87,296.85,403.21,540.65,642.86,693.63
80.91,90.53,79.81,105.96,165.26,240.89,292.68,354.5,419.36,495.07,574.58,651.99
68.22,80.15,75.9,110.82,191.54,284.69,366.12,456.19,524.03,564.42,607.62,640.85
67.88,114.49,150.89,227.72,313.69,410.05,499.29,540.89,580.06,614.83,644.87,671.89
116.39,196.9,337.08,513.12,617.32,646.48,637.78,625.88,620.75,624.16,630.89,638.35
143.82,256.35,424.27,651.82,742.61,758.73,743.99,711.88,671.72,644.9,640.19,650.15
185.34,326.51,496.67,695.58,807.28,861.55,869.16,832.12,761.51,704.25,672.74,666.29
224.37,350.05,502.25,687.42,832.39,915.43,935.1,937.28,925.74,896.52,849.02,793.05
306.15,436.4,522.43,565.5,576.84,580.06,578.92,582.78,594.32,611.92,634.08,654.41
334.53,424.7,437.97,419.0,399.36,391.18,379.57,352.73,307.97,246.88,210.77,190.66
356.25,414.17,402.12,382.05,374.36,358.87,324.34,258.7,194.31,132.35,103.98,103.91
372.48,409.56,385.93,358.89,342.41,325.51,279.58,205.99,134.46,91.8,82.24,88.54
437.06,433.04,358.7,308.75,236.9,129.26,72.18,86.82,85.46,85.75,87.09,93.26
308.56,273.93,216.36,168.14,103.77,71.58,82.6,86.01,83.29,82.77,82.6,82.79
298.66,254.43,191.97,135.87,86.37,74.64,75.77,84.3,84.62,82.21,81.69,81.96
279.66,242.82,182.88,125.97,79.38,69.37,74.45,74.24,80.17,78.96,72.34,69.42
291.51,243.95,181.73,124.58,78.16,67.76,68.86,70.08,72.57,78.78,72.27,67.53
302.27,242.6,178.92,120.05,75.14,67.48,67.56,66.22,71.55,79.69,73.37,69.2
328.97,260.48,173.03,87.71,67.47,65.05,63.05,69.17,73.03,78.82,84.64,92.73
107.76,79.51,57.74,62.19,62.1,55.7,56.97,54.0,58.11,69.78,98.85,150.4
55.16,72.48,66.24,67.42,54.38,58.59,63.43,67.02,76.84,105.08,162.43,227.81
76.06,105.25,77.0,77.0,65.31,55.77,59.31,66.08,80.23,121.94,200.31,250.63
48.77,52.12,61.77,48.2,49.3,57.68,63.98,88.0,152.99,249.31,318.07,382.47
81.98,66.56,63.67,50.74,52.1,77.82,125.39,208.26,282.57,333.68,361.78,367.59
22.47,51.97,59.44,67.95,106.17,194.24,318.86,476.67,687.94,837.84,955.3,978.99
71.81,72.17,73.87,111.22,197.09,319.36,456.12,617.85,742.45,837.44,930.9,978.43
39.35,74.46,92.26,157.0,291.68,485.66,774.33,972.92,993.82,998.93,999.89,1000.26
71.31,94.55,143.08,263.59,435.43,658.21,889.33,973.2,985.1,988.14,988.23,987.92
105.87,188.15,331.49,541.71,821.91,957.98,969.83,967.52,954.84,935.99,925.83,917.96
150.34,305.13,592.38,927.8,966.64,968.36,967.55,967.05,960.53,945.43,935.11,936.63
310.32,518.73,787.41,933.98,944.39,918.06,879.63,809.72,738.18,678.62,639.12,621.88
327.06,519.31,749.14,916.72,943.26,918.89,881.71,815.02,741.89,676.36,623.88,592.31
370.06,552.22,721.6,824.61,894.09,902.53,871.83,802.64,731.1,667.02,615.06,578.93
376.3,507.57,562.74,532.67,489.39,471.32,466.57,465.05,461.41,455.76,451.28,447.57
377.53,468.14,480.55,430.36,393.39,376.06,352.26,308.37,245.95,201.02,159.98,147.6
396.33,444.65,430.46,389.45,360.74,331.36,277.78,205.84,135.39,94.72,85.85,89.37
356.78,362.42,342.29,330.82,295.74,233.78,146.7,85.99,77.19,79.37,81.03,84.14
394.48,380.5,325.48,275.26,191.84,96.3,73.37,81.98,83.05,83.87,84.72,86.58
307.29,259.42,202.79,151.26,96.28,73.1,83.23,82.59,80.09,79.94,79.96,81.98
270.68,251.33,209.27,159.53,94.74,68.3,70.55,75.8,82.52,82.67,78.32,77.59
290.39,260.32,204.61,151.67,89.55,67.0,68.18,69.12,72.16,80.96,80.28,75.63
276.51,200.83,112.68,67.83,64.53,61.61,60.04,68.56,63.71,59.89,63.47,66.63
306.99,219.2,121.8,68.39,64.29,60.79,65.94,70.48,68.9,74.04,81.56,98.72
132.4,83.69,57.25,62.2,62.53,55.66,59.51,59.35,73.06,104.15,163.86,230.08
71.31,88.63,58.39,66.64,52.97,54.17,64.84,69.35,85.14,126.22,200.56,256.19
55.53,83.77,61.91,66.61,45.66,48.23,54.05,58.09,71.88,120.47,213.18,281.05
32.48,47.83,51.9,58.9,56.24,62.01,74.0,112.78,191.91,263.63,322.52,384.99
71.12,52.56,54.64,49.6,49.76,68.22,110.38,198.77,279.3,343.78,412.93,493.86
101.99,76.98,62.19,63.62,71.28,91.0,128.75,208.29,279.85,339.81,386.79,416.38
46.41,60.89,54.76,56.24,79.66,138.53,235.85,316.22,424.13,531.88,635.4,695.77
26.47,62.11,77.41,111.93,197.24,312.76,463.91,703.64,914.36,995.71,1011.23,1015.44
53.71,98.76,129.15,217.68,361.21,567.16,870.4,982.25,997.09,1006.91,1017.88,1022.45
113.04,199.47,323.76,501.28,720.18,821.55,871.57,885.27,871.11,828.64,796.83,777.32
137.75,241.98,410.81,657.77,798.45,857.43,874.65,856.49,799.53,757.28,740.19,735.09
220.56,348.15,506.42,678.34,771.67,787.51,763.06,721.1,681.35,665.82,672.01,696.41
287.02,434.42,562.46,663.18,720.85,736.45,732.02,712.57,682.07,648.07,618.99,601.37
465.6,594.93,662.92,646.88,614.16,601.88,603.39,608.98,614.56,619.2,623.32,629.32
354.51,466.16,494.01,492.51,486.11,488.19,491.99,492.05,488.76,487.0,488.89,491.15
571.26,614.97,564.18,468.16,446.77,438.78,416.58,383.03,350.26,334.36,342.92,366.24
540.47,592.97,538.4,437.28,411.88,402.9,374.97,338.37,318.9,326.15,347.81,379.0
594.42,615.07,542.79,428.47,382.87,352.91,307.05,237.68,184.46,144.95,126.88,123.17
505.7,553.0,493.72,404.5,373.87,343.21,289.0,214.19,149.84,116.12,106.19,105.95
478.61,495.74,427.38,371.7,349.4,314.12,241.58,145.03,82.12,83.94,88.18,94.37
450.34,438.59,353.98,300.78,228.0,127.03,68.62,79.48,86.68,90.53,95.34,101.95
472.47,443.87,342.49,273.71,188.24,96.92,66.29,82.73,87.06,91.03,96.72,103.69
536.16,480.47,360.98,291.29,210.94,111.42,66.62,76.01,85.44,90.2,96.64,104.45
427.92,353.61,277.4,209.26,120.45,70.57,82.94,85.24,87.57,98.5,120.27,173.06
199.68,168.71,129.15,93.06,70.42,80.1,80.38,80.75,88.95,107.33,150.72,233.03
49.27,66.8,55.9,66.07,69.63,64.35,73.66,96.04,139.07,214.2,269.36,305.6
46.68,71.37,57.56,54.15,56.31,58.52,63.34,79.66,135.16,225.38,297.3,354.46
25.0,42.29,53.51,63.66,65.4,66.68,75.78,109.64,180.27,268.74,328.64,384.78
44.69,41.97,41.31,50.92,58.23,74.9,139.93,265.52,416.58,584.54,695.41,741.39
56.01,64.92,43.24,57.77,80.94,137.37,246.08,355.16,491.83,629.92,696.48,728.12
76.31,84.93,63.5,71.55,102.1,176.22,294.9,404.84,515.77,614.45,702.25,760.99
95.05,85.95,63.85,71.94,101.33,173.58,290.7,405.24,527.98,617.44,697.43,756.86
92.5,95.27,72.8,85.47,127.62,211.7,296.91,389.1,471.28,528.1,574.47,629.51
76.2,122.86,156.19,225.69,308.33,399.58,489.21,532.61,571.26,611.45,655.29,712.36
116.88,164.5,229.84,310.19,390.47,432.57,434.08,427.68,428.59,445.25,491.21,563.15
130.32,181.6,247.91,332.65,416.85,435.63,416.8,398.11,383.87,368.92,360.64,364.95
194.5,223.92,249.27,288.18,336.4,367.13,370.37,346.43,304.4,245.17,198.94,160.04
180.33,201.76,231.07,262.11,308.29,348.43,358.44,335.11,286.49,226.03,181.87,145.29
255.76,330.03,334.27,341.34,359.49,362.28,351.88,332.19,283.63,219.13,166.52,112.01
271.8,345.81,338.92,335.26,348.02,344.18,326.16,294.32,241.3,182.46,122.08,93.08
262.05,330.46,322.68,317.62,329.98,316.97,289.98,249.91,196.95,143.6,102.25,87.5
296.68,341.47,318.12,309.77,308.17,275.88,226.18,162.61,108.27,85.82,83.27,80.24
316.87,303.63,267.43,249.17,221.83,154.83,93.59,71.45,87.27,83.65,82.29,82.17
256.48,250.27,217.47,189.81,139.51,92.85,71.46,80.96,86.34,83.29,82.64,82.4
250.33,242.42,209.17,177.17,122.21,83.22,72.38,75.23,84.29,84.51,81.89,81.29
244.7,232.41,198.43,162.71,110.23,70.94,68.1,75.33,75.67,81.36,83.02,77.22
301.31,223.62,139.54,79.94,65.78,65.28,62.02,64.34,76.32,69.78,62.43,64.7
235.07,177.53,94.99,64.02,61.0,59.05,69.78,66.29,65.86,69.61,72.55,92.68
76.79,69.44,60.65,71.94,63.98,55.53,55.98,57.19,57.37,59.75,67.72,77.7
63.93,65.2,64.13,77.64,66.06,54.37,51.89,57.34,56.31,62.84,72.28,90.6
75.06,87.01,59.93,60.96,57.07,44.33,52.1,56.76,62.42,86.23,127.31,183.87
74.18,59.06,56.86,58.9,44.4,51.27,58.96,63.74,90.67,146.02,218.71,254.84
53.78,60.08,67.64,46.75,46.89,55.47,59.91,77.15,131.13,209.52,253.65,269.54
117.3,74.83,55.72,67.48,54.51,61.8,91.41,138.86,215.67,262.52,291.79,300.18
91.87,73.7,58.31,53.69,49.89,67.73,105.26,167.81,243.86,289.34,328.49,353.52
126.78,83.97,73.75,66.06,74.5,101.58,154.03,215.25,246.96,277.29,292.1,304.78
55.17,76.84,62.32,74.65,90.94,117.8,170.6,220.89,259.84,279.01,283.98,291.1
50.89,92.28,97.44,131.66,200.75,264.03,313.89,341.09,349.36,339.89,322.0,301.31
72.62,125.73,163.16,217.68,276.21,327.0,353.16,358.89,352.5,338.74,320.3,299.96
96.6,153.03,205.84,250.27,301.65,332.84,345.11,343.25,328.96,308.87,286.83,268.56
223.87,292.97,335.76,374.79,381.75,373.81,365.79,348.16,319.91,283.44,249.14,216.92
204.22,246.37,275.08,322.05,351.24,358.89,339.6,307.41,261.6,214.36,170.95,128.67
259.08,321.43,324.76,348.98,368.14,357.19,332.73,294.65,245.28,198.01,147.29,112.45
261.47,322.24,317.24,328.2,349.81,344.38,318.98,277.35,227.17,181.82,130.55,102.44
271.07,329.98,318.16,320.84,333.12,323.13,297.16,256.73,207.29,154.27,109.72,92.92
277.16,329.03,311.84,310.03,315.95,292.91,259.96,212.01,154.79,105.48,84.9,84.97
309.13,334.55,291.85,271.42,262.29,237.11,182.29,116.95,83.0,81.68,81.99,80.37
449.83,444.91,350.22,273.74,201.17,120.34,68.31,74.75,77.46,86.78,86.33,85.74
182.54,180.8,155.37,132.69,101.12,74.43,62.24,63.9,67.07,70.16,74.46,74.41
191.32,171.13,135.21,98.33,68.39,59.79,60.74,57.41,56.62,65.98,61.65,58.52
231.99,159.77,85.31,60.02,60.03,59.07,64.39,62.58,53.36,52.42,58.22,64.77
209.02,143.73,89.71,59.81,56.16,59.03,64.9,56.77,55.04,58.41,62.66,69.95
71.59,82.1,59.07,71.93,60.46,52.83,49.53,54.7,57.58,64.04,77.13,101.54
59.69,72.56,64.32,69.3,50.7,50.71,51.86,57.15,56.57,64.91,80.04,106.38
67.92,84.35,68.33,65.64,49.28,47.27,50.39,59.66,68.53,98.98,161.43,221.97
111.85,73.64,50.87,66.5,63.24,50.94,58.43,75.36,125.56,201.04,240.99,248.77
122.84,71.83,44.65,57.67,50.48,45.54,52.13,68.62,123.85,211.07,259.73,284.92
34.63,34.65,63.66,57.54,55.93,56.67,70.27,113.68,196.56,263.44,312.75,353.79
26.67,42.1,63.17,57.54,56.04,58.95,82.67,141.01,220.23,267.43,300.75,314.79
20.11,54.43,60.77,63.25,75.16,115.43,197.73,260.51,302.35,329.33,329.66,316.06
60.99,96.8,92.79,128.2,200.21,262.4,310.77,351.09,369.38,361.39,345.4,333.29
57.28,110.0,127.94,183.36,252.57,313.23,356.7,370.47,366.4,356.79,342.66,328.43
101.32,160.56,244.49,320.07,368.55,375.25,370.55,360.97,348.58,338.56,328.66,316.66
198.22,241.79,310.58,363.24,389.74,390.52,379.78,373.92,368.43,353.91,332.46,311.2
493.29,626.61,726.1,741.47,721.09,688.88,655.26,630.64,617.89,612.29,608.06,600.48
486.05,586.99,616.37,575.54,549.39,543.69,544.02,547.87,557.02,568.55,579.44,589.16
328.53,424.03,463.46,479.22,482.42,486.82,491.54,492.73,490.08,488.67,491.28,494.64
401.48,481.71,486.7,443.69,433.15,432.52,412.72,379.46,349.73,340.65,355.77,387.88
418.25,482.69,459.62,403.86,389.31,376.75,352.44,321.48,314.85,329.68,354.79,388.48
355.72,408.17,388.37,357.88,339.87,321.93,278.33,210.05,151.68,127.64,132.93,155.95
316.17,313.22,284.67,271.93,245.27,195.07,116.64,75.0,86.44,87.43,87.39,88.24
308.81,284.12,234.14,194.66,125.39,79.03,76.29,85.32,80.1,79.74,81.29,90.23
290.65,248.5,189.72,135.96,89.24,74.54,74.39,84.42,81.9,80.22,79.82,80.39
246.91,214.98,146.38,90.89,66.43,69.3,70.12,69.65,71.14,63.72,62.98,64.19
313.42,234.34,140.89,74.03,66.28,64.6,63.97,77.45,76.73,72.78,72.99,78.68
244.65,190.6,105.5,67.97,62.86,61.04,73.77,70.9,65.81,74.85,95.28,140.91
83.4,93.76,61.08,61.38,58.93,57.78,56.45,61.88,67.57,87.82,126.01,195.81
58.99,83.8,67.69,62.43,48.32,50.23,56.57,68.55,106.54,188.66,267.62,306.8
55.7,82.57,68.56,67.13,49.25,48.35,52.74,59.0,75.5,130.2,223.93,293.47
44.48,49.59,63.95,51.39,53.5,57.62,65.91,99.06,182.03,273.12,351.71,432.87
98.55,74.76,56.46,63.72,51.87,67.46,102.6,173.51,251.87,304.05,334.21,351.33
54.47,65.11,60.52,54.82,69.99,108.33,191.76,266.37,324.89,389.71,425.18,424.86
88.28,94.77,82.94,93.97,129.3,190.87,233.84,267.15,288.6,295.75,296.32,295.37
57.78,73.1,67.45,83.86,118.73,185.54,253.28,300.78,357.75,400.22,408.96,394.11
79.6,106.41,109.09,151.82,229.22,289.93,343.14,383.04,398.27,395.83,384.68,372.99
88.85,142.62,199.61,259.24,319.61,382.58,394.35,380.0,367.73,361.09,356.1,349.83
107.17,166.28,248.6,335.19,413.68,426.38,400.62,371.7,350.65,334.77,327.81,328.95
174.98,226.4,308.62,370.6,401.65,416.36,418.48,414.75,397.07,370.01,348.61,336.32
405.85,487.53,503.32,473.26,434.25,412.93,400.77,387.59,359.32,298.95,248.17,231.95
691.99,723.01,731.93,675.78,613.37,564.74,533.09,518.22,513.94,512.03,509.12,509.36
737.64,745.31,702.84,610.69,525.37,482.01,453.25,427.38,409.74,397.68,388.38,386.87
752.3,724.57,626.33,515.91,450.46,414.02,385.73,360.17,341.38,338.87,350.04,374.46
482.0,524.81,484.66,436.08,422.82,405.04,370.21,333.73,320.01,331.84,357.4,397.99
370.32,393.61,367.32,349.86,341.38,331.85,301.73,271.99,272.05,284.81,299.62,312.16
363.81,363.48,323.85,284.8,214.34,117.33,70.18,91.2,101.7,116.4,147.61,197.39
293.16,272.36,230.02,191.66,127.69,78.26,80.33,85.81,86.66,90.6,100.63,119.42
333.19,289.75,224.65,176.19,111.0,73.03,84.84,84.73,86.45,95.47,111.0,146.37
297.95,261.19,201.85,148.93,94.6,73.3,78.58,86.48,85.74,86.22,89.98,99.34
284.58,207.13,119.64,71.88,66.88,69.56,81.22,86.65,93.68,114.17,158.03,225.65
228.58,171.36,97.51,65.01,62.24,65.02,80.61,76.16,85.14,110.69,172.02,235.99
82.67,96.17,64.03,65.4,60.98,53.73,62.23,64.89,81.41,115.02,181.41,243.95
64.41,92.03,73.89,68.69,45.77,50.65,58.64,76.69,130.51,231.13,298.89,330.86
73.48,104.98,85.79,89.36,71.71,68.63,71.15,77.73,88.42,131.95,207.28,255.48
47.19,53.36,58.36,48.38,50.5,58.74,71.19,106.77,190.07,282.27,369.9,462.93
80.48,64.24,63.78,49.21,50.7,73.88,111.75,183.21,268.29,337.41,404.77,467.59
41.73,63.21,56.97,57.41,80.82,130.92,215.17,291.51,373.67,454.76,496.63,546.76
73.34,82.6,72.39,87.97,122.19,185.42,234.24,269.42,310.44,340.96,353.35,363.91
35.26,63.75,69.79,86.47,140.1,229.61,317.85,423.85,530.59,595.05,646.39,689.28
46.41,84.97,97.28,156.62,258.26,367.53,514.02,636.72,706.51,743.49,766.67,782.14
110.22,179.37,289.57,443.6,615.65,694.62,722.58,734.38,739.39,743.88,755.01,776.46
139.87,230.5,336.26,442.21,500.9,518.55,531.49,537.86,551.49,569.56,595.07,632.45
185.51,292.65,379.89,437.52,455.03,445.66,437.51,428.14,413.76,397.28,380.49,367.05
250.37,356.32,416.46,427.02,422.64,415.65,408.04,401.4,388.39,365.82,333.16,283.64
469.09,545.11,531.62,472.26,433.09,412.99,396.69,362.83,304.83,248.4,214.31,200.82
557.74,578.96,519.77,435.58,403.67,377.87,338.34,279.52,217.8,163.9,128.47,114.19
656.28,613.31,510.67,416.41,375.23,338.72,287.89,220.08,152.18,102.65,90.49,93.48
705.02,647.92,527.98,417.42,369.05,320.6,255.23,185.08,126.61,88.53,87.77,93.63
739.3,671.7,544.37,421.93,365.6,311.07,237.34,158.59,105.37,80.73,88.42,95.21
503.7,502.12,430.16,374.61,341.66,291.7,210.46,121.9,75.82,82.22,88.13,95.03
305.77,291.8,263.31,232.43,163.11,96.6,70.18,80.27,87.48,87.67,87.79,89.21
248.19,244.83,219.36,206.57,157.08,102.44,70.05,74.32,86.14,85.2,83.98,84.37
365.1,324.73,245.85,176.21,102.5,71.06,75.76,86.96,89.05,92.08,95.87,100.06
277.89,207.98,120.22,73.92,70.39,70.55,79.71,82.06,89.77,103.07,136.21,198.26
276.77,204.22,116.35,71.36,66.44,68.06,78.31,82.3,89.34,105.09,149.14,225.03
163.5,105.99,67.1,55.47,63.74,74.64,69.79,72.49,89.88,126.3,190.7,234.17
60.1,78.02,67.23,70.01,53.74,59.88,64.8,67.67,88.66,133.9,220.1,280.65
67.87,96.69,72.38,72.21,48.81,52.36,57.66,71.6,109.21,204.33,286.55,329.43
58.91,49.83,60.11,45.21,49.5,64.73,88.86,150.76,264.25,377.08,499.25,580.9
85.89,71.94,67.69,54.09,61.75,85.5,132.62,228.44,303.63,362.79,418.06,471.96
56.17,68.82,62.47,69.73,99.23,163.22,228.4,273.87,333.78,390.06,430.16,459.16
136.86,89.83,80.78,72.7,90.44,138.74,221.9,274.86,310.16,327.56,342.33,364.77
55.62,71.42,64.55,77.88,108.32,168.01,241.46,298.47,355.58,403.29,454.74,502.62
91.31,117.32,117.13,159.26,217.55,258.23,296.31,329.41,344.97,343.15,342.76,354.22
107.79,155.72,207.81,263.71,310.08,362.12,389.04,400.64,410.57,424.74,441.26,472.21
103.69,153.24,209.56,269.45,326.85,385.37,403.41,400.29,397.7,399.44,399.03,398.27
180.58,232.88,318.5,389.54,424.91,425.6,416.38,415.81,415.12,402.08,385.98,383.06
218.66,302.45,354.49,383.28,394.4,398.36,394.76,390.35,387.64,371.64,341.62,299.58
419.72,468.78,452.14,407.53,394.85,397.13,383.73,350.96,291.55,235.22,189.19,149.01
499.86,523.67,466.92,401.45,376.44,357.35,320.86,252.14,202.13,156.21,128.04,115.7
326.86,350.14,323.84,322.1,324.02,306.7,266.16,206.82,146.76,104.68,89.89,87.25
387.88,417.29,387.62,357.39,341.56,322.12,267.88,190.33,121.49,85.61,85.85,90.8
314.28,315.29,291.55,285.92,258.98,211.87,137.51,84.06,79.32,85.91,86.18,87.39
518.75,491.78,396.18,336.75,276.43,185.85,101.61,64.71,85.09,90.28,97.27,106.46
563.8,505.9,409.45,356.44,311.29,236.07,140.87,79.85,77.88,84.6,95.87,117.47
571.97,518.18,413.56,347.57,293.85,210.57,121.25,70.37,78.33,86.84,93.68,101.71
439.34,417.97,338.39,279.72,192.91,102.54,67.78,83.78,87.53,90.39,94.85,99.67
372.04,319.12,241.71,173.03,95.97,70.97,81.08,86.51,88.02,90.19,94.61,99.22
364.84,273.46,165.75,82.95,73.58,76.62,83.32,83.66,86.95,97.07,120.46,180.13
220.29,155.65,97.68,66.65,66.45,75.44,72.9,73.89,86.45,114.41,185.23,265.51
143.41,102.54,66.85,55.34,71.08,68.01,68.0,84.34,109.59,162.23,239.32,285.56
71.38,88.55,59.15,62.87,50.45,57.82,62.45,86.37,143.3,224.53,270.33,300.22
50.16,46.97,57.33,52.85,56.78,68.23,99.45,176.86,260.0,330.28,412.81,492.9
97.32,73.18,55.37,62.24,51.04,70.33,125.47,230.99,315.93,401.1,466.65,523.4
38.66,52.04,60.91,54.29,69.28,117.01,223.68,341.34,478.38,616.2,703.87,737.92
51.09,68.18,61.09,67.34,102.81,191.14,280.34,358.65,439.41,507.35,568.72,619.45
44.65,68.0,62.12,71.17,108.89,194.59,279.12,353.41,428.13,475.1,510.82,553.07
76.37,115.95,131.96,181.37,243.52,291.26,346.57,391.87,412.93,414.06,409.67,405.45
94.39,138.2,190.68,252.9,314.19,380.31,404.32,399.66,395.34,396.02,391.97,387.63
161.37,233.84,301.41,360.62,405.81,413.84,402.64,389.37,371.93,363.26,359.6,359.04
192.54,247.2,309.91,354.07,375.92,385.49,379.99,377.7,377.57,369.12,364.16,364.7
277.91,364.57,393.18,383.78,379.82,388.2,383.53,367.96,340.34,297.97,239.28,186.41
478.92,518.84,482.16,415.31,388.25,365.66,328.12,263.68,200.22,141.1,103.45,109.43
293.42,345.68,330.67,334.91,343.96,328.62,298.31,241.57,177.36,119.62,86.3,90.16
351.52,396.53,378.29,360.12,351.34,334.89,296.16,225.25,148.58,93.94,77.38,86.5
285.12,327.53,306.35,303.04,292.19,263.22,211.3,140.18,94.82,76.62,86.71,86.4
294.54,322.28,297.97,292.04,279.0,242.97,183.51,110.97,77.58,80.4,86.56,86.9
407.91,414.83,372.66,339.62,315.21,271.88,193.24,104.38,65.56,82.27,88.72,95.07
574.94,521.72,425.98,364.11,312.46,235.72,140.37,78.83,69.49,86.24,92.43,100.09
470.55,450.62,359.73,305.95,233.02,132.59,69.71,71.63,86.16,91.35,97.53,105.06
456.02,419.17,323.86,252.81,159.91,83.32,70.53,81.29,87.19,90.93,95.39,100.33
317.54,264.25,198.1,144.45,92.98,72.86,75.23,84.8,83.32,82.92,86.13,88.04
238.63,186.1,100.41,66.26,66.11,67.27,74.87,65.91,72.64,85.66,107.69,163.71
204.81,149.58,93.26,61.72,58.53,64.19,75.47,62.23,64.36,77.84,103.14,155.86
274.34,196.54,110.08,68.78,63.16,64.59,77.64,76.16,78.77,96.98,135.35,221.81
231.19,172.6,93.62,62.85,60.2,58.64,69.67,65.93,66.07,79.17,102.89,163.31
42.31,48.18,69.52,64.18,58.51,58.65,66.94,81.49,121.19,206.07,281.95,329.58
51.24,54.45,60.1,47.12,54.44,73.95,116.53,209.0,298.26,361.01,424.37,492.63
74.35,63.71,61.42,52.71,69.02,110.67,191.22,267.69,318.06,369.12,422.53,483.95
78.49,72.33,79.44,72.64,111.16,179.15,229.55,252.55,263.88,276.46,291.65,310.03
330.71,262.49,187.03,121.72,87.55,96.51,102.06,122.73,171.88,247.83,309.81,351.21
391.88,317.67,248.1,176.94,129.41,109.2,105.63,109.08,120.98,149.4,204.99,272.65
379.2,341.89,291.18,234.82,185.45,153.1,136.72,137.59,159.02,212.45,291.59,357.79
404.47,406.63,389.12,376.82,356.51,335.87,341.72,373.91,417.68,464.05,513.49,571.52
152.33,158.34,145.45,145.7,192.82,258.26,295.06,311.53,318.47,325.68,334.71,345.03
179.94,183.11,176.5,183.57,219.06,261.5,294.15,311.12,316.83,322.07,329.49,338.82
427.64,469.39,454.52,425.04,417.25,403.73,377.86,355.24,357.52,386.18,427.38,474.79
645.17,613.92,535.0,461.1,427.55,395.64,367.17,350.28,361.71,393.97,437.2,485.72
615.47,562.8,486.97,441.97,412.5,382.52,359.02,355.03,379.45,420.22,468.32,518.52
259.41,289.21,312.2,323.89,300.85,277.6,274.79,281.78,291.06,299.95,308.5,317.04
246.68,266.06,273.01,292.41,288.77,274.25,261.69,258.12,262.92,272.61,282.56,290.65
385.34,359.64,330.26,302.81,255.53,210.23,182.13,185.31,216.35,251.66,284.98,312.0
263.84,253.48,231.48,215.17,164.81,121.53,103.94,112.06,125.59,146.76,184.45,225.69
246.82,239.38,212.18,186.44,137.64,93.35,83.07,98.11,100.93,108.44,132.11,173.65
243.5,236.36,208.2,178.13,130.51,90.83,87.24,105.62,116.51,150.97,206.3,248.7
297.63,223.97,140.39,84.6,74.43,79.36,92.46,95.9,109.41,152.81,219.32,259.24
225.58,203.03,140.73,93.82,71.01,74.62,82.73,94.62,102.11,128.14,179.84,226.79
108.59,106.61,76.42,57.17,69.0,70.97,79.57,85.13,105.79,140.98,199.08,238.6
106.76,112.02,86.82,72.45,79.67,82.07,91.81,132.79,204.23,234.66,248.6,261.76
82.18,112.69,95.11,92.91,92.46,86.02,106.95,147.59,200.49,220.47,232.22,238.97
69.75,66.98,60.56,43.22,45.01,58.91,82.56,146.98,247.73,325.9,400.35,466.79
141.71,103.97,73.3,76.24,68.45,82.96,134.43,208.48,250.26,279.73,303.31,328.4
90.81,97.87,93.25,88.73,108.65,150.4,199.1,223.37,239.51,244.48,250.11,258.32
460.72,446.36,435.81,417.1,381.13,329.83,293.76,286.42,292.86,311.62,342.63,384.82
191.36,200.15,224.89,251.96,266.22,276.27,272.1,260.86,251.26,246.05,248.48,260.66
120.93,148.28,191.66,244.51,281.41,312.71,321.3,318.82,312.89,302.32,284.8,269.22
86.79,105.91,121.17,158.09,223.95,265.56,294.49,304.72,302.68,291.35,272.75,256.11
92.16,124.57,136.11,175.56,244.2,302.55,338.66,359.06,370.62,373.45,366.27,355.34
104.01,146.2,177.45,225.05,276.22,320.35,339.71,339.36,322.43,305.22,298.71,304.18
154.12,185.39,243.89,312.06,352.27,365.81,372.74,372.84,360.58,337.55,314.51,304.31
215.13,255.84,275.11,310.65,346.48,353.38,324.29,276.12,242.47,234.63,245.56,259.19
501.48,530.92,487.68,423.57,418.05,414.53,390.43,351.01,320.86,319.03,335.69,360.26
300.28,332.14,317.35,319.58,329.98,338.71,331.96,299.41,275.43,268.31,269.24,273.63
276.23,292.09,281.48,279.18,245.16,184.6,134.86,117.09,119.79,138.25,171.76,211.13
261.51,266.16,245.1,231.95,198.14,138.58,95.76,89.74,90.76,98.1,107.82,128.26
270.22,256.86,226.23,207.01,149.22,93.55,74.83,88.74,88.24,90.54,99.56,114.79
250.65,246.36,214.25,187.37,138.73,92.53,70.9,86.69,83.92,85.07,89.81,99.27
241.01,234.89,201.91,168.49,119.93,84.51,70.86,82.29,83.16,80.68,82.47,88.64
225.05,214.5,173.79,141.35,98.87,67.26,71.2,75.65,79.02,82.83,77.35,74.58
280.4,211.37,123.77,72.97,65.16,62.98,65.55,76.27,72.73,71.34,77.42,84.72
259.1,193.22,104.56,66.75,62.44,60.32,70.66,71.55,71.06,76.42,90.12,116.63
88.64,88.3,68.38,58.45,61.15,53.61,55.78,60.73,63.88,73.88,99.04,142.29
112.29,82.82,58.76,64.81,65.35,57.48,57.03,59.12,72.15,91.86,129.15,188.81
83.35,101.19,70.76,54.13,63.92,42.82,49.68,59.69,71.7,107.21,185.87,245.55
54.43,50.05,67.22,58.58,50.83,53.55,55.9,71.05,103.51,171.34,238.96,280.45
134.45,83.57,50.86,58.87,56.87,52.0,67.06,106.76,190.77,252.42,287.58,302.33
356.84,307.4,257.93,224.82,207.22,203.32,208.48,218.18,229.21,239.93,249.98,259.46
298.82,253.14,183.42,121.2,102.88,113.17,132.73,160.35,193.1,223.17,244.46,257.83
73.71,76.71,78.18,99.45,141.1,182.53,206.09,213.76,216.66,218.66,222.56,233.37
76.81,110.05,100.33,127.05,187.05,227.63,253.87,263.37,258.09,248.19,245.22,253.68
60.96,94.8,90.04,110.31,164.38,221.85,254.07,265.05,259.17,245.5,236.58,240.79
85.7,122.72,135.07,179.68,249.92,311.89,366.97,394.69,411.37,421.23,423.28,420.23
161.31,200.29,274.19,349.03,419.16,441.11,436.95,429.67,414.03,390.28,371.73,357.64
186.84,230.39,282.96,336.17,374.51,393.12,391.35,399.87,405.86,394.75,371.26,348.38
386.92,437.64,430.22,396.49,384.2,382.62,380.06,364.46,337.32,312.44,305.54,310.35
743.05,736.27,669.7,572.12,486.27,447.26,416.37,393.37,375.85,362.32,356.48,361.85
765.51,734.85,634.32,523.64,449.31,400.81,362.97,338.25,329.5,334.09,346.53,364.72
709.21,661.52,553.24,452.27,404.48,356.33,310.16,294.82,305.96,325.49,348.57,373.72
319.42,334.72,335.93,341.74,327.68,293.4,254.02,233.27,229.23,236.42,244.77,252.17
283.66,282.44,276.46,285.77,263.81,230.03,214.11,207.39,206.52,214.33,228.09,239.56
275.42,255.19,231.77,212.45,181.03,170.39,178.16,185.87,193.52,201.44,214.31,230.76
305.98,231.11,150.6,92.67,81.1,96.57,96.24,102.56,116.33,142.2,189.86,239.21
281.06,205.38,119.87,74.37,74.92,84.82,93.23,95.15,102.61,123.36,174.21,229.76
257.46,194.51,107.0,67.08,68.56,69.33,78.43,78.88,87.61,117.97,175.67,229.74
263.69,196.34,109.4,69.1,64.94,75.52,88.74,89.02,106.84,157.64,217.67,249.85
97.9,90.83,58.35,62.73,64.1,58.42,63.99,75.38,105.32,162.41,239.65,280.95
71.41,91.78,70.26,64.76,45.45,59.32,69.76,97.36,165.43,248.63,286.16,310.75
100.7,101.0,67.65,66.16,65.5,52.09,63.37,80.08,131.17,225.11,287.18,315.68
90.05,67.8,49.51,60.16,44.96,54.89,70.45,116.64,221.79,314.39,395.13,456.82
86.12,60.24,43.86,50.91,48.87,61.87,98.4,198.61,342.65,487.99,622.47,723.36
46.7,44.29,59.48,50.47,56.73,74.31,118.33,210.83,316.8,444.35,594.15,701.81
47.96,60.14,58.25,55.02,66.19,109.66,196.92,272.52,345.74,435.28,487.03,530.34
39.04,63.85,63.25,70.3,98.42,163.15,245.95,307.2,373.09,416.93,424.71,409.29
70.35,93.1,85.18,105.85,164.75,241.51,294.26,343.71,379.38,396.31,390.4,377.46
78.12,127.07,176.96,237.25,297.72,361.49,386.18,378.07,366.17,358.55,353.57,347.54
126.55,190.73,276.66,366.87,423.16,427.66,413.06,389.05,360.94,343.06,336.61,338.65
195.63,256.93,334.23,404.67,418.14,415.63,409.68,412.65,411.46,401.37,381.22,365.0
268.35,361.16,399.84,398.47,393.51,388.65,382.39,369.16,347.17,319.5,264.97,209.03
290.3,373.3,387.49,376.28,375.75,373.31,362.36,344.03,312.33,260.33,199.24,144.31
340.34,412.63,407.45,383.8,372.78,363.41,338.89,297.41,231.08,154.19,94.68,80.63
366.69,412.68,395.7,369.35,355.35,338.32,302.79,238.65,161.39,97.27,73.72,84.69
319.63,358.18,332.53,318.28,310.05,282.64,240.72,181.02,118.82,81.99,80.57,80.89
409.77,420.94,375.43,338.93,311.14,265.64,186.16,101.24,72.59,82.92,83.96,84.58
267.06,261.04,228.3,192.63,124.78,79.55,72.95,84.93,83.48,81.15,80.6,80.68
258.24,240.9,195.06,140.97,89.77,73.25,75.6,75.43,85.23,81.03,78.01,77.79
349.57,305.29,227.04,153.41,83.26,67.88,70.38,74.43,75.86,83.63,82.86,81.77
349.05,305.83,228.56,155.88,84.17,67.56,67.36,67.83,70.34,80.88,81.79,81.04
289.69,213.96,127.08,73.81,65.24,62.87,60.23,69.58,68.77,65.02,65.77,67.69
287.95,211.72,124.75,73.22,64.83,61.71,62.88,71.1,69.64,76.0,80.08,97.33
102.19,89.98,59.46,62.85,61.53,56.39,57.43,55.42,58.45,74.26,102.63,152.16
58.73,79.95,67.14,67.86,49.2,49.23,53.52,57.28,71.24,117.3,203.26,258.79
60.78,86.81,69.67,74.31,48.04,49.38,48.82,58.18,63.9,92.55,151.59,217.06
38.97,51.62,60.9,51.45,54.3,59.21,65.57,94.7,166.36,253.37,316.34,376.39
67.59,52.68,57.57,44.56,50.64,65.21,96.96,170.28,261.01,326.79,389.94,455.82
56.58,69.93,58.69,64.37,89.49,132.83,213.87,278.14,333.72,395.01,429.02,430.05
57.73,69.96,61.34,79.8,126.57,208.03,277.47,338.09,413.45,449.48,465.59,482.28
39.78,72.63,74.32,98.21,155.68,234.37,297.77,360.35,408.68,434.06,445.81,468.26
54.56,92.01,98.83,147.43,229.51,301.96,373.95,424.47,447.59,463.25,482.23,514.97
90.3,148.13,212.5,279.95,355.38,431.16,449.65,439.12,425.57,418.75,421.67,433.58
121.25,202.58,295.59,381.35,438.41,439.52,424.77,410.37,393.09,373.26,365.57,373.86
217.58,309.64,392.99,461.63,460.92,435.69,421.17,418.14,411.01,398.95,377.23,358.07
361.36,479.64,510.97,479.24,430.26,413.15,415.08,404.55,373.85,323.73,269.95,235.99
579.68,606.78,565.62,499.18,477.57,471.05,461.94,448.13,430.72,407.85,385.15,376.44
694.24,668.06,560.52,458.63,430.27,412.51,382.42,347.51,326.51,330.88,350.74,381.5
794.72,785.26,698.1,584.73,483.21,440.44,410.3,389.38,371.5,358.29,355.01,364.03
762.35,707.1,580.8,463.6,405.4,358.77,323.47,312.79,318.6,331.43,348.54,369.44
700.89,644.65,534.65,444.61,415.34,381.47,336.72,306.97,312.6,334.93,365.79,409.55
359.35,361.75,335.72,313.89,281.05,243.01,224.14,220.17,227.5,245.06,267.21,288.37
317.96,276.48,232.33,193.3,138.76,115.72,119.27,125.31,133.8,151.56,182.44,215.61
314.99,261.81,205.64,158.13,102.98,86.33,99.3,98.71,106.88,125.87,161.08,207.66
312.5,258.2,196.53,145.54,95.0,79.28,95.91,96.17,100.73,117.63,151.87,205.95
337.89,244.39,140.85,72.11,70.16,81.02,94.55,102.97,118.26,151.26,201.78,261.08
352.28,257.1,150.38,73.62,68.63,81.65,94.46,100.07,115.66,152.43,214.5,283.34
303.79,213.65,115.91,66.51,65.38,74.23,89.99,105.03,132.28,211.84,316.32,395.93
127.32,70.28,50.59,53.22,65.65,72.01,78.19,90.54,126.6,192.7,253.38,291.17
93.56,92.51,54.47,41.23,55.87,52.55,66.15,88.48,151.18,239.28,287.91,315.28
32.25,50.9,47.35,52.82,56.8,62.5,80.66,130.02,217.51,279.65,319.18,363.64
89.06,61.69,34.97,41.76,44.31,52.56,91.09,171.71,264.32,329.77,394.61,449.38
27.03,45.22,44.8,52.85,65.46,107.62,205.48,297.47,409.36,548.26,673.85,736.32
54.61,65.07,44.0,51.81,71.8,108.58,187.84,262.86,320.14,389.45,479.63,594.69
38.79,57.79,55.32,68.16,99.21,183.81,294.2,408.2,541.23,662.83,728.56,764.14
75.75,98.11,88.88,95.32,136.62,211.74,275.55,335.04,381.54,402.62,397.5,384.31
89.5,135.58,182.2,241.81,300.86,365.87,398.99,400.43,396.36,397.45,393.16,382.32
100.58,146.03,194.1,246.62,302.77,362.5,389.3,387.7,380.32,382.43,382.42,374.77
172.77,199.2,253.67,319.4,371.37,394.17,405.44,399.3,377.97,358.96,352.82,354.58
252.17,331.88,362.0,368.12,380.1,384.98,375.91,364.67,341.93,289.61,230.75,191.82
469.94,509.53,470.42,401.62,383.37,367.42,330.66,266.83,207.59,158.87,129.94,125.64
298.23,346.55,332.17,333.52,335.18,316.78,285.2,228.42,168.15,117.11,98.24,94.73
328.12,367.92,351.22,344.03,340.12,320.19,274.69,204.11,135.48,90.2,88.39,91.59
366.53,396.96,371.71,349.95,331.14,299.86,233.31,143.9,91.53,77.72,87.24,93.13
301.43,298.29,277.63,262.01,210.85,128.08,78.61,75.0,87.41,84.97,86.2,88.0
261.49,274.46,253.81,240.69,206.86,133.38,83.37,73.14,86.14,84.38,84.03,86.12
326.38,302.18,257.5,213.83,153.95,92.44,70.55,82.29,84.97,82.39,82.12,83.36
331.94,278.7,207.96,150.76,93.84,73.56,74.85,84.63,83.26,81.78,81.52,81.62
316.27,258.98,192.62,135.83,82.4,70.23,75.73,74.05,80.38,83.43,79.57,78.01
331.08,271.55,199.89,140.05,83.0,67.31,70.1,73.18,72.19,80.67,78.85,74.47
355.48,289.5,207.51,122.43,69.99,67.43,67.16,65.24,70.99,80.33,77.25,76.43
192.84,139.43,87.14,59.27,56.2,62.04,66.33,58.06,60.51,64.18,74.72,104.94
79.05,93.92,61.57,61.7,62.89,58.89,61.94,74.5,90.02,128.91,205.79,266.55
53.22,81.16,70.13,68.27,50.11,47.28,48.62,58.96,67.13,101.7,175.27,247.09
54.05,51.53,61.91,48.28,47.38,53.59,63.18,92.41,162.03,244.94,314.62,399.96
96.37,76.57,62.1,58.1,55.03,75.66,126.51,220.02,284.91,316.26,332.78,345.98
255.23,198.18,125.97,85.84,87.46,88.53,115.23,187.06,261.88,294.14,309.43,321.87
430.76,357.15,306.69,273.04,277.52,307.53,350.79,400.27,443.63,477.3,511.82,557.76
447.92,372.18,322.74,285.84,285.9,312.84,355.05,404.57,448.32,483.84,524.59,576.94
435.87,356.0,287.26,233.02,218.15,245.03,300.97,357.24,408.96,448.87,477.46,501.43
143.81,166.75,209.28,272.49,327.46,396.94,436.8,444.42,445.43,455.06,465.22,472.1
134.06,181.03,248.11,311.17,354.94,373.57,379.63,380.62,379.85,379.08,376.85,375.14
176.68,205.28,286.69,387.96,465.56,485.31,482.78,485.08,489.38,490.11,491.6,505.04
231.12,297.48,362.68,423.8,469.74,466.46,458.04,455.43,461.44,464.59,454.56,433.69
262.34,348.29,395.34,418.54,418.23,408.33,412.22,413.53,396.19,365.96,342.93,333.9
203.58,247.05,270.98,293.96,314.83,326.29,325.08,312.17,277.87,251.41,252.13,265.71
393.68,437.99,423.04,389.52,364.51,336.74,283.82,208.44,147.3,118.62,123.98,150.23
318.1,370.39,362.61,357.16,346.03,323.21,267.22,188.82,119.4,95.52,107.04,129.74
308.51,321.73,305.46,307.25,284.9,238.68,170.26,94.68,71.6,85.24,92.36,109.56
281.13,300.03,283.16,280.47,258.39,206.13,127.98,78.62,77.16,82.03,88.98,94.79
295.44,277.65,245.37,224.99,167.61,99.09,78.89,83.88,80.98,81.03,85.69,91.79
223.73,221.2,185.85,160.88,127.18,96.71,81.31,82.51,73.26,75.95,78.16,81.94
240.98,240.02,209.36,179.04,131.9,95.98,75.09,82.1,80.71,78.3,76.16,77.63
298.39,263.49,206.79,152.93,90.55,71.24,77.39,84.26,82.75,78.1,75.82,76.13
235.03,179.02,96.47,64.21,60.55,62.63,72.26,68.35,65.27,70.67,80.93,94.02
87.94,100.5,75.45,59.45,62.71,59.74,61.53,69.36,85.72,132.35,226.36,304.53
57.02,84.86,81.25,70.19,72.74,87.06,117.13,161.91,187.77,200.44,211.32,224.32
72.56,95.49,90.26,86.84,79.15,90.04,111.16,142.72,183.55,199.47,205.07,209.63
48.92,54.48,61.6,49.17,49.18,56.12,67.45,107.07,192.36,269.0,320.42,358.95
43.32,68.46,62.5,58.98,58.02,68.09,101.46,166.4,213.66,231.48,229.38,229.07
66.53,86.35,71.64,77.74,95.99,125.5,162.37,199.77,214.15,214.0,210.83,207.46
67.59,90.17,77.56,86.72,106.14,131.54,158.22,191.04,201.71,202.59,201.66,200.01
91.05,96.33,75.91,64.04,75.21,101.17,152.21,210.9,243.29,255.51,251.66,246.68
70.1,117.9,111.19,127.33,159.82,191.45,224.59,238.49,245.35,249.75,254.98,266.02
80.22,136.86,154.83,180.12,201.74,212.36,218.89,227.93,236.16,240.51,243.15,245.38
77.84,125.38,136.91,162.44,180.11,192.27,196.17,200.36,203.94,206.68,208.43,210.57
159.9,181.93,212.68,246.85,257.8,263.38,261.49,261.96,268.22,270.72,268.37,269.75
176.77,194.18,226.06,267.48,295.34,294.55,282.84,274.67,269.52,268.87,273.43,272.94
242.67,286.28,282.08,289.4,304.89,295.78,276.83,251.12,225.17,195.58,163.79,131.47
