1456.0,1643.0,1322.0,805.0,625.0,485.0,500.0,514.0,543.0,581.0,566.0,655.0
1643.0,1322.0,805.0,625.0,485.0,500.0,514.0,543.0,581.0,566.0,655.0,477.0
1322.0,805.0,625.0,485.0,500.0,514.0,543.0,581.0,566.0,655.0,477.0,612.0
805.0,625.0,485.0,500.0,514.0,543.0,581.0,566.0,655.0,477.0,612.0,685.0
625.0,485.0,500.0,514.0,543.0,581.0,566.0,655.0,477.0,612.0,685.0,604.0
485.0,500.0,514.0,543.0,581.0,566.0,655.0,477.0,612.0,685.0,604.0,484.0
500.0,514.0,543.0,581.0,566.0,655.0,477.0,612.0,685.0,604.0,484.0,858.0
514.0,543.0,581.0,566.0,655.0,477.0,612.0,685.0,604.0,484.0,858.0,694.0
543.0,581.0,566.0,655.0,477.0,612.0,685.0,604.0,484.0,858.0,694.0,926.0
581.0,566.0,655.0,477.0,612.0,685.0,604.0,484.0,858.0,694.0,926.0,1007.0
566.0,655.0,477.0,612.0,685.0,604.0,484.0,858.0,694.0,926.0,1007.0,1509.0
655.0,477.0,612.0,685.0,604.0,484.0,858.0,694.0,926.0,1007.0,1509.0,1613.0
477.0,612.0,685.0,604.0,484.0,858.0,694.0,926.0,1007.0,1509.0,1613.0,949.0
612.0,685.0,604.0,484.0,858.0,694.0,926.0,1007.0,1509.0,1613.0,949.0,694.0
685.0,604.0,484.0,858.0,694.0,926.0,1007.0,1509.0,1613.0,949.0,694.0,1397.0
604.0,484.0,858.0,694.0,926.0,1007.0,1509.0,1613.0,949.0,694.0,1397.0,1300.0
484.0,858.0,694.0,926.0,1007.0,1509.0,1613.0,949.0,694.0,1397.0,1300.0,821.0
858.0,694.0,926.0,1007.0,1509.0,1613.0,949.0,694.0,1397.0,1300.0,821.0,558.0
694.0,926.0,1007.0,1509.0,1613.0,949.0,694.0,1397.0,1300.0,821.0,558.0,545.0
926.0,1007.0,1509.0,1613.0,949.0,694.0,1397.0,1300.0,821.0,558.0,545.0,484.0
1007.0,1509.0,1613.0,949.0,694.0,1397.0,1300.0,821.0,558.0,545.0,484.0,432.0
1509.0,1613.0,949.0,694.0,1397.0,1300.0,821.0,558.0,545.0,484.0,432.0,417.0
1613.0,949.0,694.0,1397.0,1300.0,821.0,558.0,545.0,484.0,432.0,417.0,394.0
949.0,694.0,1397.0,1300.0,821.0,558.0,545.0,484.0,432.0,417.0,394.0,418.0
694.0,1397.0,1300.0,821.0,558.0,545.0,484.0,432.0,417.0,394.0,418.0,447.0
1397.0,1300.0,821.0,558.0,545.0,484.0,432.0,417.0,394.0,418.0,447.0,373.0
1300.0,821.0,558.0,545.0,484.0,432.0,417.0,394.0,418.0,447.0,373.0,373.0
821.0,558.0,545.0,484.0,432.0,417.0,394.0,418.0,447.0,373.0,373.0,380.0
558.0,545.0,484.0,432.0,417.0,394.0,418.0,447.0,373.0,373.0,380.0,491.0
545.0,484.0,432.0,417.0,394.0,418.0,447.0,373.0,373.0,380.0,491.0,394.0
484.0,432.0,417.0,394.0,418.0,447.0,373.0,373.0,380.0,491.0,394.0,537.0
432.0,417.0,394.0,418.0,447.0,373.0,373.0,380.0,491.0,394.0,537.0,469.0
417.0,394.0,418.0,447.0,373.0,373.0,380.0,491.0,394.0,537.0,469.0,979.0
394.0,418.0,447.0,373.0,373.0,380.0,491.0,394.0,537.0,469.0,979.0,776.0
418.0,447.0,373.0,373.0,380.0,491.0,394.0,537.0,469.0,979.0,776.0,1346.0
447.0,373.0,373.0,380.0,491.0,394.0,537.0,469.0,979.0,776.0,1346.0,1307.0
373.0,373.0,380.0,491.0,394.0,537.0,469.0,979.0,776.0,1346.0,1307.0,762.0
373.0,380.0,491.0,394.0,537.0,469.0,979.0,776.0,1346.0,1307.0,762.0,941.0
380.0,491.0,394.0,537.0,469.0,979.0,776.0,1346.0,1307.0,762.0,941.0,1285.0
491.0,394.0,537.0,469.0,979.0,776.0,1346.0,1307.0,762.0,941.0,1285.0,641.0
394.0,537.0,469.0,979.0,776.0,1346.0,1307.0,762.0,941.0,1285.0,641.0,500.0
537.0,469.0,979.0,776.0,1346.0,1307.0,762.0,941.0,1285.0,641.0,500.0,319.0
469.0,979.0,776.0,1346.0,1307.0,762.0,941.0,1285.0,641.0,500.0,319.0,492.0
979.0,776.0,1346.0,1307.0,762.0,941.0,1285.0,641.0,500.0,319.0,492.0,305.0
776.0,1346.0,1307.0,762.0,941.0,1285.0,641.0,500.0,319.0,492.0,305.0,312.0
1346.0,1307.0,762.0,941.0,1285.0,641.0,500.0,319.0,492.0,305.0,312.0,267.0
1307.0,762.0,941.0,1285.0,641.0,500.0,319.0,492.0,305.0,312.0,267.0,372.0
762.0,941.0,1285.0,641.0,500.0,319.0,492.0,305.0,312.0,267.0,372.0,283.0
941.0,1285.0,641.0,500.0,319.0,492.0,305.0,312.0,267.0,372.0,283.0,357.0
1285.0,641.0,500.0,319.0,492.0,305.0,312.0,267.0,372.0,283.0,357.0,252.0
641.0,500.0,319.0,492.0,305.0,312.0,267.0,372.0,283.0,357.0,252.0,252.0
500.0,319.0,492.0,305.0,312.0,267.0,372.0,283.0,357.0,252.0,252.0,387.0
319.0,492.0,305.0,312.0,267.0,372.0,283.0,357.0,252.0,252.0,387.0,388.0
492.0,305.0,312.0,267.0,372.0,283.0,357.0,252.0,252.0,387.0,388.0,372.0
305.0,312.0,267.0,372.0,283.0,357.0,252.0,252.0,387.0,388.0,372.0,387.0
312.0,267.0,372.0,283.0,357.0,252.0,252.0,387.0,388.0,372.0,387.0,410.0
267.0,372.0,283.0,357.0,252.0,252.0,387.0,388.0,372.0,387.0,410.0,388.0
372.0,283.0,357.0,252.0,252.0,387.0,388.0,372.0,387.0,410.0,388.0,388.0
283.0,357.0,252.0,252.0,387.0,388.0,372.0,387.0,410.0,388.0,388.0,544.0
357.0,252.0,252.0,387.0,388.0,372.0,387.0,410.0,388.0,388.0,544.0,462.0
252.0,252.0,387.0,388.0,372.0,387.0,410.0,388.0,388.0,544.0,462.0,380.0
252.0,387.0,388.0,372.0,387.0,410.0,388.0,388.0,544.0,462.0,380.0,416.0
387.0,388.0,372.0,387.0,410.0,388.0,388.0,544.0,462.0,380.0,416.0,499.0
388.0,372.0,387.0,410.0,388.0,388.0,544.0,462.0,380.0,416.0,499.0,387.0
372.0,387.0,410.0,388.0,388.0,544.0,462.0,380.0,416.0,499.0,387.0,387.0
387.0,410.0,388.0,388.0,544.0,462.0,380.0,416.0,499.0,387.0,387.0,492.0
410.0,388.0,388.0,544.0,462.0,380.0,416.0,499.0,387.0,387.0,492.0,544.0
388.0,388.0,544.0,462.0,380.0,416.0,499.0,387.0,387.0,492.0,544.0,447.0
388.0,544.0,462.0,380.0,416.0,499.0,387.0,387.0,492.0,544.0,447.0,522.0
544.0,462.0,380.0,416.0,499.0,387.0,387.0,492.0,544.0,447.0,522.0,403.0
462.0,380.0,416.0,499.0,387.0,387.0,492.0,544.0,447.0,522.0,403.0,365.0
380.0,416.0,499.0,387.0,387.0,492.0,544.0,447.0,522.0,403.0,365.0,365.0
416.0,499.0,387.0,387.0,492.0,544.0,447.0,522.0,403.0,365.0,365.0,365.0
499.0,387.0,387.0,492.0,544.0,447.0,522.0,403.0,365.0,365.0,365.0,470.0
387.0,387.0,492.0,544.0,447.0,522.0,403.0,365.0,365.0,365.0,470.0,791.0
387.0,492.0,544.0,447.0,522.0,403.0,365.0,365.0,365.0,470.0,791.0,356.0
492.0,544.0,447.0,522.0,403.0,365.0,365.0,365.0,470.0,791.0,356.0,402.0
544.0,447.0,522.0,403.0,365.0,365.0,365.0,470.0,791.0,356.0,402.0,387.0
447.0,522.0,403.0,365.0,365.0,365.0,470.0,791.0,356.0,402.0,387.0,492.0
522.0,403.0,365.0,365.0,365.0,470.0,791.0,356.0,402.0,387.0,492.0,529.0
403.0,365.0,365.0,365.0,470.0,791.0,356.0,402.0,387.0,492.0,529.0,545.0
365.0,365.0,365.0,470.0,791.0,356.0,402.0,387.0,492.0,529.0,545.0,372.0
365.0,365.0,470.0,791.0,356.0,402.0,387.0,492.0,529.0,545.0,372.0,484.0
365.0,470.0,791.0,356.0,402.0,387.0,492.0,529.0,545.0,372.0,484.0,469.0
470.0,791.0,356.0,402.0,387.0,492.0,529.0,545.0,372.0,484.0,469.0,409.0
791.0,356.0,402.0,387.0,492.0,529.0,545.0,372.0,484.0,469.0,409.0,380.0
356.0,402.0,387.0,492.0,529.0,545.0,372.0,484.0,469.0,409.0,380.0,410.0
402.0,387.0,492.0,529.0,545.0,372.0,484.0,469.0,409.0,380.0,410.0,454.0
387.0,492.0,529.0,545.0,372.0,484.0,469.0,409.0,380.0,410.0,454.0,447.0
492.0,529.0,545.0,372.0,484.0,469.0,409.0,380.0,410.0,454.0,447.0,387.0
529.0,545.0,372.0,484.0,469.0,409.0,380.0,410.0,454.0,447.0,387.0,402.0
545.0,372.0,484.0,469.0,409.0,380.0,410.0,454.0,447.0,387.0,402.0,373.0
372.0,484.0,469.0,409.0,380.0,410.0,454.0,447.0,387.0,402.0,373.0,566.0
484.0,469.0,409.0,380.0,410.0,454.0,447.0,387.0,402.0,373.0,566.0,515.0
469.0,409.0,380.0,410.0,454.0,447.0,387.0,402.0,373.0,566.0,515.0,395.0
409.0,380.0,410.0,454.0,447.0,387.0,402.0,373.0,566.0,515.0,395.0,364.0
380.0,410.0,454.0,447.0,387.0,402.0,373.0,566.0,515.0,395.0,364.0,402.0
410.0,454.0,447.0,387.0,402.0,373.0,566.0,515.0,395.0,364.0,402.0,394.0
454.0,447.0,387.0,402.0,373.0,566.0,515.0,395.0,364.0,402.0,394.0,373.0
447.0,387.0,402.0,373.0,566.0,515.0,395.0,364.0,402.0,394.0,373.0,365.0
387.0,402.0,373.0,566.0,515.0,395.0,364.0,402.0,394.0,373.0,365.0,410.0
402.0,373.0,566.0,515.0,395.0,364.0,402.0,394.0,373.0,365.0,410.0,410.0
373.0,566.0,515.0,395.0,364.0,402.0,394.0,373.0,365.0,410.0,410.0,387.0
566.0,515.0,395.0,364.0,402.0,394.0,373.0,365.0,410.0,410.0,387.0,409.0
515.0,395.0,364.0,402.0,394.0,373.0,365.0,410.0,410.0,387.0,409.0,462.0
395.0,364.0,402.0,394.0,373.0,365.0,410.0,410.0,387.0,409.0,462.0,732.0
364.0,402.0,394.0,373.0,365.0,410.0,410.0,387.0,409.0,462.0,732.0,641.0
402.0,394.0,373.0,365.0,410.0,410.0,387.0,409.0,462.0,732.0,641.0,552.0
394.0,373.0,365.0,410.0,410.0,387.0,409.0,462.0,732.0,641.0,552.0,723.0
373.0,365.0,410.0,410.0,387.0,409.0,462.0,732.0,641.0,552.0,723.0,672.0
365.0,410.0,410.0,387.0,409.0,462.0,732.0,641.0,552.0,723.0,672.0,837.0
410.0,410.0,387.0,409.0,462.0,732.0,641.0,552.0,723.0,672.0,837.0,627.0
410.0,387.0,409.0,462.0,732.0,641.0,552.0,723.0,672.0,837.0,627.0,499.0
387.0,409.0,462.0,732.0,641.0,552.0,723.0,672.0,837.0,627.0,499.0,507.0
409.0,462.0,732.0,641.0,552.0,723.0,672.0,837.0,627.0,499.0,507.0,485.0
462.0,732.0,641.0,552.0,723.0,672.0,837.0,627.0,499.0,507.0,485.0,469.0
732.0,641.0,552.0,723.0,672.0,837.0,627.0,499.0,507.0,485.0,469.0,417.0
641.0,552.0,723.0,672.0,837.0,627.0,499.0,507.0,485.0,469.0,417.0,394.0
552.0,723.0,672.0,837.0,627.0,499.0,507.0,485.0,469.0,417.0,394.0,417.0
723.0,672.0,837.0,627.0,499.0,507.0,485.0,469.0,417.0,394.0,417.0,282.0
672.0,837.0,627.0,499.0,507.0,485.0,469.0,417.0,394.0,417.0,282.0,290.0
837.0,627.0,499.0,507.0,485.0,469.0,417.0,394.0,417.0,282.0,290.0,380.0
627.0,499.0,507.0,485.0,469.0,417.0,394.0,417.0,282.0,290.0,380.0,274.0
499.0,507.0,485.0,469.0,417.0,394.0,417.0,282.0,290.0,380.0,274.0,500.0
507.0,485.0,469.0,417.0,394.0,417.0,282.0,290.0,380.0,274.0,500.0,477.0
485.0,469.0,417.0,394.0,417.0,282.0,290.0,380.0,274.0,500.0,477.0,425.0
469.0,417.0,394.0,417.0,282.0,290.0,380.0,274.0,500.0,477.0,425.0,341.0
417.0,394.0,417.0,282.0,290.0,380.0,274.0,500.0,477.0,425.0,341.0,356.0
394.0,417.0,282.0,290.0,380.0,274.0,500.0,477.0,425.0,341.0,356.0,522.0
417.0,282.0,290.0,380.0,274.0,500.0,477.0,425.0,341.0,356.0,522.0,679.0
282.0,290.0,380.0,274.0,500.0,477.0,425.0,341.0,356.0,522.0,679.0,836.0
290.0,380.0,274.0,500.0,477.0,425.0,341.0,356.0,522.0,679.0,836.0,1313.0
380.0,274.0,500.0,477.0,425.0,341.0,356.0,522.0,679.0,836.0,1313.0,933.0
274.0,500.0,477.0,425.0,341.0,356.0,522.0,679.0,836.0,1313.0,933.0,1128.0
500.0,477.0,425.0,341.0,356.0,522.0,679.0,836.0,1313.0,933.0,1128.0,1217.0
477.0,425.0,341.0,356.0,522.0,679.0,836.0,1313.0,933.0,1128.0,1217.0,1232.0
425.0,341.0,356.0,522.0,679.0,836.0,1313.0,933.0,1128.0,1217.0,1232.0,754.0
341.0,356.0,522.0,679.0,836.0,1313.0,933.0,1128.0,1217.0,1232.0,754.0,537.0
356.0,522.0,679.0,836.0,1313.0,933.0,1128.0,1217.0,1232.0,754.0,537.0,424.0
522.0,679.0,836.0,1313.0,933.0,1128.0,1217.0,1232.0,754.0,537.0,424.0,446.0
679.0,836.0,1313.0,933.0,1128.0,1217.0,1232.0,754.0,537.0,424.0,446.0,544.0
836.0,1313.0,933.0,1128.0,1217.0,1232.0,754.0,537.0,424.0,446.0,544.0,417.0
1313.0,933.0,1128.0,1217.0,1232.0,754.0,537.0,424.0,446.0,544.0,417.0,394.0
933.0,1128.0,1217.0,1232.0,754.0,537.0,424.0,446.0,544.0,417.0,394.0,402.0
1128.0,1217.0,1232.0,754.0,537.0,424.0,446.0,544.0,417.0,394.0,402.0,372.0
1217.0,1232.0,754.0,537.0,424.0,446.0,544.0,417.0,394.0,402.0,372.0,462.0
1232.0,754.0,537.0,424.0,446.0,544.0,417.0,394.0,402.0,372.0,462.0,425.0
754.0,537.0,424.0,446.0,544.0,417.0,394.0,402.0,372.0,462.0,425.0,373.0
537.0,424.0,446.0,544.0,417.0,394.0,402.0,372.0,462.0,425.0,373.0,394.0
424.0,446.0,544.0,417.0,394.0,402.0,372.0,462.0,425.0,373.0,394.0,476.0
446.0,544.0,417.0,394.0,402.0,372.0,462.0,425.0,373.0,394.0,476.0,620.0
544.0,417.0,394.0,402.0,372.0,462.0,425.0,373.0,394.0,476.0,620.0,417.0
417.0,394.0,402.0,372.0,462.0,425.0,373.0,394.0,476.0,620.0,417.0,1060.0
394.0,402.0,372.0,462.0,425.0,373.0,394.0,476.0,620.0,417.0,1060.0,1411.0
402.0,372.0,462.0,425.0,373.0,394.0,476.0,620.0,417.0,1060.0,1411.0,1210.0
372.0,462.0,425.0,373.0,394.0,476.0,620.0,417.0,1060.0,1411.0,1210.0,1041.5
462.0,425.0,373.0,394.0,476.0,620.0,417.0,1060.0,1411.0,1210.0,1041.5,873.0
425.0,373.0,394.0,476.0,620.0,417.0,1060.0,1411.0,1210.0,1041.5,873.0,1480.0
373.0,394.0,476.0,620.0,417.0,1060.0,1411.0,1210.0,1041.5,873.0,1480.0,1786.0
394.0,476.0,620.0,417.0,1060.0,1411.0,1210.0,1041.5,873.0,1480.0,1786.0,1158.0
476.0,620.0,417.0,1060.0,1411.0,1210.0,1041.5,873.0,1480.0,1786.0,1158.0,604.0
620.0,417.0,1060.0,1411.0,1210.0,1041.5,873.0,1480.0,1786.0,1158.0,604.0,529.0
417.0,1060.0,1411.0,1210.0,1041.5,873.0,1480.0,1786.0,1158.0,604.0,529.0,604.0
1060.0,1411.0,1210.0,1041.5,873.0,1480.0,1786.0,1158.0,604.0,529.0,604.0,582.0
1411.0,1210.0,1041.5,873.0,1480.0,1786.0,1158.0,604.0,529.0,604.0,582.0,454.0
1210.0,1041.5,873.0,1480.0,1786.0,1158.0,604.0,529.0,604.0,582.0,454.0,387.0
1041.5,873.0,1480.0,1786.0,1158.0,604.0,529.0,604.0,582.0,454.0,387.0,477.0
873.0,1480.0,1786.0,1158.0,604.0,529.0,604.0,582.0,454.0,387.0,477.0,484.0
1480.0,1786.0,1158.0,604.0,529.0,604.0,582.0,454.0,387.0,477.0,484.0,529.0
1786.0,1158.0,604.0,529.0,604.0,582.0,454.0,387.0,477.0,484.0,529.0,402.0
1158.0,604.0,529.0,604.0,582.0,454.0,387.0,477.0,484.0,529.0,402.0,364.0
604.0,529.0,604.0,582.0,454.0,387.0,477.0,484.0,529.0,402.0,364.0,470.0
529.0,604.0,582.0,454.0,387.0,477.0,484.0,529.0,402.0,364.0,470.0,379.0
604.0,582.0,454.0,387.0,477.0,484.0,529.0,402.0,364.0,470.0,379.0,387.0
582.0,454.0,387.0,477.0,484.0,529.0,402.0,364.0,470.0,379.0,387.0,417.0
454.0,387.0,477.0,484.0,529.0,402.0,364.0,470.0,379.0,387.0,417.0,529.0
387.0,477.0,484.0,529.0,402.0,364.0,470.0,379.0,387.0,417.0,529.0,955.0
477.0,484.0,529.0,402.0,364.0,470.0,379.0,387.0,417.0,529.0,955.0,1299.0
484.0,529.0,402.0,364.0,470.0,379.0,387.0,417.0,529.0,955.0,1299.0,822.0
529.0,402.0,364.0,470.0,379.0,387.0,417.0,529.0,955.0,1299.0,822.0,1157.0
402.0,364.0,470.0,379.0,387.0,417.0,529.0,955.0,1299.0,822.0,1157.0,1016.0
364.0,470.0,379.0,387.0,417.0,529.0,955.0,1299.0,822.0,1157.0,1016.0,1351.0
470.0,379.0,387.0,417.0,529.0,955.0,1299.0,822.0,1157.0,1016.0,1351.0,1456.0
379.0,387.0,417.0,529.0,955.0,1299.0,822.0,1157.0,1016.0,1351.0,1456.0,1083.0
387.0,417.0,529.0,955.0,1299.0,822.0,1157.0,1016.0,1351.0,1456.0,1083.0,545.0
417.0,529.0,955.0,1299.0,822.0,1157.0,1016.0,1351.0,1456.0,1083.0,545.0,491.0
529.0,955.0,1299.0,822.0,1157.0,1016.0,1351.0,1456.0,1083.0,545.0,491.0,425.0
955.0,1299.0,822.0,1157.0,1016.0,1351.0,1456.0,1083.0,545.0,491.0,425.0,409.0
1299.0,822.0,1157.0,1016.0,1351.0,1456.0,1083.0,545.0,491.0,425.0,409.0,402.0
822.0,1157.0,1016.0,1351.0,1456.0,1083.0,545.0,491.0,425.0,409.0,402.0,410.0
1157.0,1016.0,1351.0,1456.0,1083.0,545.0,491.0,425.0,409.0,402.0,410.0,461.0
1016.0,1351.0,1456.0,1083.0,545.0,491.0,425.0,409.0,402.0,410.0,461.0,394.0
1351.0,1456.0,1083.0,545.0,491.0,425.0,409.0,402.0,410.0,461.0,394.0,424.0
1456.0,1083.0,545.0,491.0,425.0,409.0,402.0,410.0,461.0,394.0,424.0,379.0
1083.0,545.0,491.0,425.0,409.0,402.0,410.0,461.0,394.0,424.0,379.0,350.0
545.0,491.0,425.0,409.0,402.0,410.0,461.0,394.0,424.0,379.0,350.0,320.0
491.0,425.0,409.0,402.0,410.0,461.0,394.0,424.0,379.0,350.0,320.0,327.0
425.0,409.0,402.0,410.0,461.0,394.0,424.0,379.0,350.0,320.0,327.0,402.0
409.0,402.0,410.0,461.0,394.0,424.0,379.0,350.0,320.0,327.0,402.0,403.0
402.0,410.0,461.0,394.0,424.0,379.0,350.0,320.0,327.0,402.0,403.0,717.0
410.0,461.0,394.0,424.0,379.0,350.0,320.0,327.0,402.0,403.0,717.0,1195.0
461.0,394.0,424.0,379.0,350.0,320.0,327.0,402.0,403.0,717.0,1195.0,821.0
394.0,424.0,379.0,350.0,320.0,327.0,402.0,403.0,717.0,1195.0,821.0,1151.0
424.0,379.0,350.0,320.0,327.0,402.0,403.0,717.0,1195.0,821.0,1151.0,1539.0
379.0,350.0,320.0,327.0,402.0,403.0,717.0,1195.0,821.0,1151.0,1539.0,745.0
350.0,320.0,327.0,402.0,403.0,717.0,1195.0,821.0,1151.0,1539.0,745.0,521.0
320.0,327.0,402.0,403.0,717.0,1195.0,821.0,1151.0,1539.0,745.0,521.0,911.0
327.0,402.0,403.0,717.0,1195.0,821.0,1151.0,1539.0,745.0,521.0,911.0,903.0
402.0,403.0,717.0,1195.0,821.0,1151.0,1539.0,745.0,521.0,911.0,903.0,401.0
403.0,717.0,1195.0,821.0,1151.0,1539.0,745.0,521.0,911.0,903.0,401.0,418.0
717.0,1195.0,821.0,1151.0,1539.0,745.0,521.0,911.0,903.0,401.0,418.0,409.0
1195.0,821.0,1151.0,1539.0,745.0,521.0,911.0,903.0,401.0,418.0,409.0,417.0
821.0,1151.0,1539.0,745.0,521.0,911.0,903.0,401.0,418.0,409.0,417.0,424.0
1151.0,1539.0,745.0,521.0,911.0,903.0,401.0,418.0,409.0,417.0,424.0,417.0
1539.0,745.0,521.0,911.0,903.0,401.0,418.0,409.0,417.0,424.0,417.0,394.0
745.0,521.0,911.0,903.0,401.0,418.0,409.0,417.0,424.0,417.0,394.0,312.0
521.0,911.0,903.0,401.0,418.0,409.0,417.0,424.0,417.0,394.0,312.0,319.0
911.0,903.0,401.0,418.0,409.0,417.0,424.0,417.0,394.0,312.0,319.0,373.0
903.0,401.0,418.0,409.0,417.0,424.0,417.0,394.0,312.0,319.0,373.0,700.0
401.0,418.0,409.0,417.0,424.0,417.0,394.0,312.0,319.0,373.0,700.0,380.0
418.0,409.0,417.0,424.0,417.0,394.0,312.0,319.0,373.0,700.0,380.0,379.0
409.0,417.0,424.0,417.0,394.0,312.0,319.0,373.0,700.0,380.0,379.0,349.0
417.0,424.0,417.0,394.0,312.0,319.0,373.0,700.0,380.0,379.0,349.0,364.0
424.0,417.0,394.0,312.0,319.0,373.0,700.0,380.0,379.0,349.0,364.0,365.0
417.0,394.0,312.0,319.0,373.0,700.0,380.0,379.0,349.0,364.0,365.0,448.0
394.0,312.0,319.0,373.0,700.0,380.0,379.0,349.0,364.0,365.0,448.0,365.0
312.0,319.0,373.0,700.0,380.0,379.0,349.0,364.0,365.0,448.0,365.0,372.0
319.0,373.0,700.0,380.0,379.0,349.0,364.0,365.0,448.0,365.0,372.0,373.0
373.0,700.0,380.0,379.0,349.0,364.0,365.0,448.0,365.0,372.0,373.0,290.0
700.0,380.0,379.0,349.0,364.0,365.0,448.0,365.0,372.0,373.0,290.0,625.0
380.0,379.0,349.0,364.0,365.0,448.0,365.0,372.0,373.0,290.0,625.0,372.0
379.0,349.0,364.0,365.0,448.0,365.0,372.0,373.0,290.0,625.0,372.0,376.0
349.0,364.0,365.0,448.0,365.0,372.0,373.0,290.0,625.0,372.0,376.0,380.0
364.0,365.0,448.0,365.0,372.0,373.0,290.0,625.0,372.0,376.0,380.0,275.0
365.0,448.0,365.0,372.0,373.0,290.0,625.0,372.0,376.0,380.0,275.0,365.0
448.0,365.0,372.0,373.0,290.0,625.0,372.0,376.0,380.0,275.0,365.0,373.0
365.0,372.0,373.0,290.0,625.0,372.0,376.0,380.0,275.0,365.0,373.0,372.0
372.0,373.0,290.0,625.0,372.0,376.0,380.0,275.0,365.0,373.0,372.0,380.0
373.0,290.0,625.0,372.0,376.0,380.0,275.0,365.0,373.0,372.0,380.0,365.0
290.0,625.0,372.0,376.0,380.0,275.0,365.0,373.0,372.0,380.0,365.0,364.0
625.0,372.0,376.0,380.0,275.0,365.0,373.0,372.0,380.0,365.0,364.0,410.0
372.0,376.0,380.0,275.0,365.0,373.0,372.0,380.0,365.0,364.0,410.0,574.0
376.0,380.0,275.0,365.0,373.0,372.0,380.0,365.0,364.0,410.0,574.0,372.0
380.0,275.0,365.0,373.0,372.0,380.0,365.0,364.0,410.0,574.0,372.0,403.0
275.0,365.0,373.0,372.0,380.0,365.0,364.0,410.0,574.0,372.0,403.0,440.0
365.0,373.0,372.0,380.0,365.0,364.0,410.0,574.0,372.0,403.0,440.0,380.0
373.0,372.0,380.0,365.0,364.0,410.0,574.0,372.0,403.0,440.0,380.0,387.0
372.0,380.0,365.0,364.0,410.0,574.0,372.0,403.0,440.0,380.0,387.0,424.0
380.0,365.0,364.0,410.0,574.0,372.0,403.0,440.0,380.0,387.0,424.0,477.0
365.0,364.0,410.0,574.0,372.0,403.0,440.0,380.0,387.0,424.0,477.0,394.0
364.0,410.0,574.0,372.0,403.0,440.0,380.0,387.0,424.0,477.0,394.0,387.0
410.0,574.0,372.0,403.0,440.0,380.0,387.0,424.0,477.0,394.0,387.0,388.0
574.0,372.0,403.0,440.0,380.0,387.0,424.0,477.0,394.0,387.0,388.0,380.0
372.0,403.0,440.0,380.0,387.0,424.0,477.0,394.0,387.0,388.0,380.0,612.0
403.0,440.0,380.0,387.0,424.0,477.0,394.0,387.0,388.0,380.0,612.0,417.0
440.0,380.0,387.0,424.0,477.0,394.0,387.0,388.0,380.0,612.0,417.0,373.0
380.0,387.0,424.0,477.0,394.0,387.0,388.0,380.0,612.0,417.0,373.0,380.0
387.0,424.0,477.0,394.0,387.0,388.0,380.0,612.0,417.0,373.0,380.0,380.0
424.0,477.0,394.0,387.0,388.0,380.0,612.0,417.0,373.0,380.0,380.0,402.0
477.0,394.0,387.0,388.0,380.0,612.0,417.0,373.0,380.0,380.0,402.0,380.0
394.0,387.0,388.0,380.0,612.0,417.0,373.0,380.0,380.0,402.0,380.0,365.0
387.0,388.0,380.0,612.0,417.0,373.0,380.0,380.0,402.0,380.0,365.0,424.0
388.0,380.0,612.0,417.0,373.0,380.0,380.0,402.0,380.0,365.0,424.0,260.0
380.0,612.0,417.0,373.0,380.0,380.0,402.0,380.0,365.0,424.0,260.0,365.0
612.0,417.0,373.0,380.0,380.0,402.0,380.0,365.0,424.0,260.0,365.0,365.0
417.0,373.0,380.0,380.0,402.0,380.0,365.0,424.0,260.0,365.0,365.0,365.0
373.0,380.0,380.0,402.0,380.0,365.0,424.0,260.0,365.0,365.0,365.0,260.0
380.0,380.0,402.0,380.0,365.0,424.0,260.0,365.0,365.0,365.0,260.0,394.0
380.0,402.0,380.0,365.0,424.0,260.0,365.0,365.0,365.0,260.0,394.0,357.0
402.0,380.0,365.0,424.0,260.0,365.0,365.0,365.0,260.0,394.0,357.0,312.0
380.0,365.0,424.0,260.0,365.0,365.0,365.0,260.0,394.0,357.0,312.0,357.0
365.0,424.0,260.0,365.0,365.0,365.0,260.0,394.0,357.0,312.0,357.0,461.0
424.0,260.0,365.0,365.0,365.0,260.0,394.0,357.0,312.0,357.0,461.0,850.0
260.0,365.0,365.0,365.0,260.0,394.0,357.0,312.0,357.0,461.0,850.0,1225.0
365.0,365.0,365.0,260.0,394.0,357.0,312.0,357.0,461.0,850.0,1225.0,1689.0
365.0,365.0,260.0,394.0,357.0,312.0,357.0,461.0,850.0,1225.0,1689.0,1584.0
365.0,260.0,394.0,357.0,312.0,357.0,461.0,850.0,1225.0,1689.0,1584.0,687.0
260.0,394.0,357.0,312.0,357.0,461.0,850.0,1225.0,1689.0,1584.0,687.0,1403.0
394.0,357.0,312.0,357.0,461.0,850.0,1225.0,1689.0,1584.0,687.0,1403.0,1405.0
357.0,312.0,357.0,461.0,850.0,1225.0,1689.0,1584.0,687.0,1403.0,1405.0,1232.0
312.0,357.0,461.0,850.0,1225.0,1689.0,1584.0,687.0,1403.0,1405.0,1232.0,537.0
357.0,461.0,850.0,1225.0,1689.0,1584.0,687.0,1403.0,1405.0,1232.0,537.0,386.0
461.0,850.0,1225.0,1689.0,1584.0,687.0,1403.0,1405.0,1232.0,537.0,386.0,409.0
850.0,1225.0,1689.0,1584.0,687.0,1403.0,1405.0,1232.0,537.0,386.0,409.0,476.0
1225.0,1689.0,1584.0,687.0,1403.0,1405.0,1232.0,537.0,386.0,409.0,476.0,380.0
1689.0,1584.0,687.0,1403.0,1405.0,1232.0,537.0,386.0,409.0,476.0,380.0,320.0
1584.0,687.0,1403.0,1405.0,1232.0,537.0,386.0,409.0,476.0,380.0,320.0,424.0
687.0,1403.0,1405.0,1232.0,537.0,386.0,409.0,476.0,380.0,320.0,424.0,373.0
1403.0,1405.0,1232.0,537.0,386.0,409.0,476.0,380.0,320.0,424.0,373.0,365.0
1405.0,1232.0,537.0,386.0,409.0,476.0,380.0,320.0,424.0,373.0,365.0,297.0
1232.0,537.0,386.0,409.0,476.0,380.0,320.0,424.0,373.0,365.0,297.0,365.0
537.0,386.0,409.0,476.0,380.0,320.0,424.0,373.0,365.0,297.0,365.0,373.0
386.0,409.0,476.0,380.0,320.0,424.0,373.0,365.0,297.0,365.0,373.0,350.0
409.0,476.0,380.0,320.0,424.0,373.0,365.0,297.0,365.0,373.0,350.0,297.0
476.0,380.0,320.0,424.0,373.0,365.0,297.0,365.0,373.0,350.0,297.0,432.0
380.0,320.0,424.0,373.0,365.0,297.0,365.0,373.0,350.0,297.0,432.0,417.0
320.0,424.0,373.0,365.0,297.0,365.0,373.0,350.0,297.0,432.0,417.0,1014.0
424.0,373.0,365.0,297.0,365.0,373.0,350.0,297.0,432.0,417.0,1014.0,993.0
373.0,365.0,297.0,365.0,373.0,350.0,297.0,432.0,417.0,1014.0,993.0,971.0
365.0,297.0,365.0,373.0,350.0,297.0,432.0,417.0,1014.0,993.0,971.0,1396.0
297.0,365.0,373.0,350.0,297.0,432.0,417.0,1014.0,993.0,971.0,1396.0,536.0
365.0,373.0,350.0,297.0,432.0,417.0,1014.0,993.0,971.0,1396.0,536.0,1239.0
373.0,350.0,297.0,432.0,417.0,1014.0,993.0,971.0,1396.0,536.0,1239.0,1225.0
350.0,297.0,432.0,417.0,1014.0,993.0,971.0,1396.0,536.0,1239.0,1225.0,1052.0
297.0,432.0,417.0,1014.0,993.0,971.0,1396.0,536.0,1239.0,1225.0,1052.0,574.0
432.0,417.0,1014.0,993.0,971.0,1396.0,536.0,1239.0,1225.0,1052.0,574.0,454.0
417.0,1014.0,993.0,971.0,1396.0,536.0,1239.0,1225.0,1052.0,574.0,454.0,470.0
1014.0,993.0,971.0,1396.0,536.0,1239.0,1225.0,1052.0,574.0,454.0,470.0,417.0
993.0,971.0,1396.0,536.0,1239.0,1225.0,1052.0,574.0,454.0,470.0,417.0,500.0
971.0,1396.0,536.0,1239.0,1225.0,1052.0,574.0,454.0,470.0,417.0,500.0,536.0
1396.0,536.0,1239.0,1225.0,1052.0,574.0,454.0,470.0,417.0,500.0,536.0,394.0
536.0,1239.0,1225.0,1052.0,574.0,454.0,470.0,417.0,500.0,536.0,394.0,470.0
1239.0,1225.0,1052.0,574.0,454.0,470.0,417.0,500.0,536.0,394.0,470.0,477.0
1225.0,1052.0,574.0,454.0,470.0,417.0,500.0,536.0,394.0,470.0,477.0,402.0
1052.0,574.0,454.0,470.0,417.0,500.0,536.0,394.0,470.0,477.0,402.0,373.0
574.0,454.0,470.0,417.0,500.0,536.0,394.0,470.0,477.0,402.0,373.0,484.0
454.0,470.0,417.0,500.0,536.0,394.0,470.0,477.0,402.0,373.0,484.0,410.0
470.0,417.0,500.0,536.0,394.0,470.0,477.0,402.0,373.0,484.0,410.0,395.0
417.0,500.0,536.0,394.0,470.0,477.0,402.0,373.0,484.0,410.0,395.0,394.0
500.0,536.0,394.0,470.0,477.0,402.0,373.0,484.0,410.0,395.0,394.0,447.0
536.0,394.0,470.0,477.0,402.0,373.0,484.0,410.0,395.0,394.0,447.0,1247.0
394.0,470.0,477.0,402.0,373.0,484.0,410.0,395.0,394.0,447.0,1247.0,836.0
470.0,477.0,402.0,373.0,484.0,410.0,395.0,394.0,447.0,1247.0,836.0,1381.0
477.0,402.0,373.0,484.0,410.0,395.0,394.0,447.0,1247.0,836.0,1381.0,1389.0
402.0,373.0,484.0,410.0,395.0,394.0,447.0,1247.0,836.0,1381.0,1389.0,566.0
373.0,484.0,410.0,395.0,394.0,447.0,1247.0,836.0,1381.0,1389.0,566.0,1060.0
484.0,410.0,395.0,394.0,447.0,1247.0,836.0,1381.0,1389.0,566.0,1060.0,753.0
410.0,395.0,394.0,447.0,1247.0,836.0,1381.0,1389.0,566.0,1060.0,753.0,672.0
395.0,394.0,447.0,1247.0,836.0,1381.0,1389.0,566.0,1060.0,753.0,672.0,402.0
394.0,447.0,1247.0,836.0,1381.0,1389.0,566.0,1060.0,753.0,672.0,402.0,417.0
447.0,1247.0,836.0,1381.0,1389.0,566.0,1060.0,753.0,672.0,402.0,417.0,515.0
1247.0,836.0,1381.0,1389.0,566.0,1060.0,753.0,672.0,402.0,417.0,515.0,447.0
836.0,1381.0,1389.0,566.0,1060.0,753.0,672.0,402.0,417.0,515.0,447.0,529.0
1381.0,1389.0,566.0,1060.0,753.0,672.0,402.0,417.0,515.0,447.0,529.0,440.0
1389.0,566.0,1060.0,753.0,672.0,402.0,417.0,515.0,447.0,529.0,440.0,500.0
566.0,1060.0,753.0,672.0,402.0,417.0,515.0,447.0,529.0,440.0,500.0,537.0
1060.0,753.0,672.0,402.0,417.0,515.0,447.0,529.0,440.0,500.0,537.0,493.0
753.0,672.0,402.0,417.0,515.0,447.0,529.0,440.0,500.0,537.0,493.0,439.0
672.0,402.0,417.0,515.0,447.0,529.0,440.0,500.0,537.0,493.0,439.0,432.0
402.0,417.0,515.0,447.0,529.0,440.0,500.0,537.0,493.0,439.0,432.0,440.0
417.0,515.0,447.0,529.0,440.0,500.0,537.0,493.0,439.0,432.0,440.0,477.0
515.0,447.0,529.0,440.0,500.0,537.0,493.0,439.0,432.0,440.0,477.0,387.0
447.0,529.0,440.0,500.0,537.0,493.0,439.0,432.0,440.0,477.0,387.0,507.0
529.0,440.0,500.0,537.0,493.0,439.0,432.0,440.0,477.0,387.0,507.0,462.0
440.0,500.0,537.0,493.0,439.0,432.0,440.0,477.0,387.0,507.0,462.0,470.0
500.0,537.0,493.0,439.0,432.0,440.0,477.0,387.0,507.0,462.0,470.0,522.0
537.0,493.0,439.0,432.0,440.0,477.0,387.0,507.0,462.0,470.0,522.0,470.0
493.0,439.0,432.0,440.0,477.0,387.0,507.0,462.0,470.0,522.0,470.0,380.0
439.0,432.0,440.0,477.0,387.0,507.0,462.0,470.0,522.0,470.0,380.0,544.0
432.0,440.0,477.0,387.0,507.0,462.0,470.0,522.0,470.0,380.0,544.0,514.0
440.0,477.0,387.0,507.0,462.0,470.0,522.0,470.0,380.0,544.0,514.0,372.0
477.0,387.0,507.0,462.0,470.0,522.0,470.0,380.0,544.0,514.0,372.0,492.0
387.0,507.0,462.0,470.0,522.0,470.0,380.0,544.0,514.0,372.0,492.0,410.0
507.0,462.0,470.0,522.0,470.0,380.0,544.0,514.0,372.0,492.0,410.0,462.0
462.0,470.0,522.0,470.0,380.0,544.0,514.0,372.0,492.0,410.0,462.0,507.0
470.0,522.0,470.0,380.0,544.0,514.0,372.0,492.0,410.0,462.0,507.0,529.0
522.0,470.0,380.0,544.0,514.0,372.0,492.0,410.0,462.0,507.0,529.0,597.0
470.0,380.0,544.0,514.0,372.0,492.0,410.0,462.0,507.0,529.0,597.0,380.0
380.0,544.0,514.0,372.0,492.0,410.0,462.0,507.0,529.0,597.0,380.0,522.0
544.0,514.0,372.0,492.0,410.0,462.0,507.0,529.0,597.0,380.0,522.0,380.0
514.0,372.0,492.0,410.0,462.0,507.0,529.0,597.0,380.0,522.0,380.0,432.0
372.0,492.0,410.0,462.0,507.0,529.0,597.0,380.0,522.0,380.0,432.0,432.0
492.0,410.0,462.0,507.0,529.0,597.0,380.0,522.0,380.0,432.0,432.0,844.0
410.0,462.0,507.0,529.0,597.0,380.0,522.0,380.0,432.0,432.0,844.0,492.0
462.0,507.0,529.0,597.0,380.0,522.0,380.0,432.0,432.0,844.0,492.0,372.0
507.0,529.0,597.0,380.0,522.0,380.0,432.0,432.0,844.0,492.0,372.0,507.0
529.0,597.0,380.0,522.0,380.0,432.0,432.0,844.0,492.0,372.0,507.0,469.0
597.0,380.0,522.0,380.0,432.0,432.0,844.0,492.0,372.0,507.0,469.0,776.0
380.0,522.0,380.0,432.0,432.0,844.0,492.0,372.0,507.0,469.0,776.0,1696.0
522.0,380.0,432.0,432.0,844.0,492.0,372.0,507.0,469.0,776.0,1696.0,410.0
380.0,432.0,432.0,844.0,492.0,372.0,507.0,469.0,776.0,1696.0,410.0,679.0
432.0,432.0,844.0,492.0,372.0,507.0,469.0,776.0,1696.0,410.0,679.0,522.0
432.0,844.0,492.0,372.0,507.0,469.0,776.0,1696.0,410.0,679.0,522.0,401.0
844.0,492.0,372.0,507.0,469.0,776.0,1696.0,410.0,679.0,522.0,401.0,506.0
492.0,372.0,507.0,469.0,776.0,1696.0,410.0,679.0,522.0,401.0,506.0,642.0
372.0,507.0,469.0,776.0,1696.0,410.0,679.0,522.0,401.0,506.0,642.0,575.0
507.0,469.0,776.0,1696.0,410.0,679.0,522.0,401.0,506.0,642.0,575.0,463.0
469.0,776.0,1696.0,410.0,679.0,522.0,401.0,506.0,642.0,575.0,463.0,461.0
776.0,1696.0,410.0,679.0,522.0,401.0,506.0,642.0,575.0,463.0,461.0,507.0
1696.0,410.0,679.0,522.0,401.0,506.0,642.0,575.0,463.0,461.0,507.0,462.0
410.0,679.0,522.0,401.0,506.0,642.0,575.0,463.0,461.0,507.0,462.0,477.0
679.0,522.0,401.0,506.0,642.0,575.0,463.0,461.0,507.0,462.0,477.0,409.0
522.0,401.0,506.0,642.0,575.0,463.0,461.0,507.0,462.0,477.0,409.0,477.0
401.0,506.0,642.0,575.0,463.0,461.0,507.0,462.0,477.0,409.0,477.0,395.0
506.0,642.0,575.0,463.0,461.0,507.0,462.0,477.0,409.0,477.0,395.0,439.0
642.0,575.0,463.0,461.0,507.0,462.0,477.0,409.0,477.0,395.0,439.0,410.0
575.0,463.0,461.0,507.0,462.0,477.0,409.0,477.0,395.0,439.0,410.0,485.0
463.0,461.0,507.0,462.0,477.0,409.0,477.0,395.0,439.0,410.0,485.0,387.0
461.0,507.0,462.0,477.0,409.0,477.0,395.0,439.0,410.0,485.0,387.0,425.0
507.0,462.0,477.0,409.0,477.0,395.0,439.0,410.0,485.0,387.0,425.0,461.0
462.0,477.0,409.0,477.0,395.0,439.0,410.0,485.0,387.0,425.0,461.0,424.0
477.0,409.0,477.0,395.0,439.0,410.0,485.0,387.0,425.0,461.0,424.0,678.0
409.0,477.0,395.0,439.0,410.0,485.0,387.0,425.0,461.0,424.0,678.0,462.0
477.0,395.0,439.0,410.0,485.0,387.0,425.0,461.0,424.0,678.0,462.0,447.0
395.0,439.0,410.0,485.0,387.0,425.0,461.0,424.0,678.0,462.0,447.0,388.0
439.0,410.0,485.0,387.0,425.0,461.0,424.0,678.0,462.0,447.0,388.0,380.0
410.0,485.0,387.0,425.0,461.0,424.0,678.0,462.0,447.0,388.0,380.0,365.0
485.0,387.0,425.0,461.0,424.0,678.0,462.0,447.0,388.0,380.0,365.0,439.0
387.0,425.0,461.0,424.0,678.0,462.0,447.0,388.0,380.0,365.0,439.0,477.0
425.0,461.0,424.0,678.0,462.0,447.0,388.0,380.0,365.0,439.0,477.0,387.0
461.0,424.0,678.0,462.0,447.0,388.0,380.0,365.0,439.0,477.0,387.0,282.0
424.0,678.0,462.0,447.0,388.0,380.0,365.0,439.0,477.0,387.0,282.0,372.0
678.0,462.0,447.0,388.0,380.0,365.0,439.0,477.0,387.0,282.0,372.0,433.0
462.0,447.0,388.0,380.0,365.0,439.0,477.0,387.0,282.0,372.0,433.0,275.0
447.0,388.0,380.0,365.0,439.0,477.0,387.0,282.0,372.0,433.0,275.0,275.0
388.0,380.0,365.0,439.0,477.0,387.0,282.0,372.0,433.0,275.0,275.0,372.0
380.0,365.0,439.0,477.0,387.0,282.0,372.0,433.0,275.0,275.0,372.0,268.0
365.0,439.0,477.0,387.0,282.0,372.0,433.0,275.0,275.0,372.0,268.0,365.0
439.0,477.0,387.0,282.0,372.0,433.0,275.0,275.0,372.0,268.0,365.0,275.0
477.0,387.0,282.0,372.0,433.0,275.0,275.0,372.0,268.0,365.0,275.0,372.0
387.0,282.0,372.0,433.0,275.0,275.0,372.0,268.0,365.0,275.0,372.0,268.0
282.0,372.0,433.0,275.0,275.0,372.0,268.0,365.0,275.0,372.0,268.0,388.0
372.0,433.0,275.0,275.0,372.0,268.0,365.0,275.0,372.0,268.0,388.0,282.0
433.0,275.0,275.0,372.0,268.0,365.0,275.0,372.0,268.0,388.0,282.0,394.0
275.0,275.0,372.0,268.0,365.0,275.0,372.0,268.0,388.0,282.0,394.0,297.0
275.0,372.0,268.0,365.0,275.0,372.0,268.0,388.0,282.0,394.0,297.0,575.0
372.0,268.0,365.0,275.0,372.0,268.0,388.0,282.0,394.0,297.0,575.0,416.0
268.0,365.0,275.0,372.0,268.0,388.0,282.0,394.0,297.0,575.0,416.0,583.0
365.0,275.0,372.0,268.0,388.0,282.0,394.0,297.0,575.0,416.0,583.0,439.0
275.0,372.0,268.0,388.0,282.0,394.0,297.0,575.0,416.0,583.0,439.0,275.0
372.0,268.0,388.0,282.0,394.0,297.0,575.0,416.0,583.0,439.0,275.0,289.0
268.0,388.0,282.0,394.0,297.0,575.0,416.0,583.0,439.0,275.0,289.0,380.0
388.0,282.0,394.0,297.0,575.0,416.0,583.0,439.0,275.0,289.0,380.0,275.0
282.0,394.0,297.0,575.0,416.0,583.0,439.0,275.0,289.0,380.0,275.0,312.0
394.0,297.0,575.0,416.0,583.0,439.0,275.0,289.0,380.0,275.0,312.0,447.0
297.0,575.0,416.0,583.0,439.0,275.0,289.0,380.0,275.0,312.0,447.0,409.0
575.0,416.0,583.0,439.0,275.0,289.0,380.0,275.0,312.0,447.0,409.0,312.0
416.0,583.0,439.0,275.0,289.0,380.0,275.0,312.0,447.0,409.0,312.0,424.0
583.0,439.0,275.0,289.0,380.0,275.0,312.0,447.0,409.0,312.0,424.0,296.0
439.0,275.0,289.0,380.0,275.0,312.0,447.0,409.0,312.0,424.0,296.0,402.0
275.0,289.0,380.0,275.0,312.0,447.0,409.0,312.0,424.0,296.0,402.0,409.0
289.0,380.0,275.0,312.0,447.0,409.0,312.0,424.0,296.0,402.0,409.0,289.0
380.0,275.0,312.0,447.0,409.0,312.0,424.0,296.0,402.0,409.0,289.0,394.0
275.0,312.0,447.0,409.0,312.0,424.0,296.0,402.0,409.0,289.0,394.0,394.0
312.0,447.0,409.0,312.0,424.0,296.0,402.0,409.0,289.0,394.0,394.0,311.0
447.0,409.0,312.0,424.0,296.0,402.0,409.0,289.0,394.0,394.0,311.0,387.0
409.0,312.0,424.0,296.0,402.0,409.0,289.0,394.0,394.0,311.0,387.0,409.0
312.0,424.0,296.0,402.0,409.0,289.0,394.0,394.0,311.0,387.0,409.0,424.0
424.0,296.0,402.0,409.0,289.0,394.0,394.0,311.0,387.0,409.0,424.0,440.0
296.0,402.0,409.0,289.0,394.0,394.0,311.0,387.0,409.0,424.0,440.0,499.0
402.0,409.0,289.0,394.0,394.0,311.0,387.0,409.0,424.0,440.0,499.0,940.0
409.0,289.0,394.0,394.0,311.0,387.0,409.0,424.0,440.0,499.0,940.0,694.0
289.0,394.0,394.0,311.0,387.0,409.0,424.0,440.0,499.0,940.0,694.0,1457.0
394.0,394.0,311.0,387.0,409.0,424.0,440.0,499.0,940.0,694.0,1457.0,1389.0
394.0,311.0,387.0,409.0,424.0,440.0,499.0,940.0,694.0,1457.0,1389.0,515.0
311.0,387.0,409.0,424.0,440.0,499.0,940.0,694.0,1457.0,1389.0,515.0,1554.0
387.0,409.0,424.0,440.0,499.0,940.0,694.0,1457.0,1389.0,515.0,1554.0,1337.0
409.0,424.0,440.0,499.0,940.0,694.0,1457.0,1389.0,515.0,1554.0,1337.0,918.0
424.0,440.0,499.0,940.0,694.0,1457.0,1389.0,515.0,1554.0,1337.0,918.0,462.0
440.0,499.0,940.0,694.0,1457.0,1389.0,515.0,1554.0,1337.0,918.0,462.0,425.0
499.0,940.0,694.0,1457.0,1389.0,515.0,1554.0,1337.0,918.0,462.0,425.0,358.0
940.0,694.0,1457.0,1389.0,515.0,1554.0,1337.0,918.0,462.0,425.0,358.0,439.0
694.0,1457.0,1389.0,515.0,1554.0,1337.0,918.0,462.0,425.0,358.0,439.0,365.0
1457.0,1389.0,515.0,1554.0,1337.0,918.0,462.0,425.0,358.0,439.0,365.0,297.0
1389.0,515.0,1554.0,1337.0,918.0,462.0,425.0,358.0,439.0,365.0,297.0,327.0
515.0,1554.0,1337.0,918.0,462.0,425.0,358.0,439.0,365.0,297.0,327.0,305.0
1554.0,1337.0,918.0,462.0,425.0,358.0,439.0,365.0,297.0,327.0,305.0,319.0
1337.0,918.0,462.0,425.0,358.0,439.0,365.0,297.0,327.0,305.0,319.0,289.0
918.0,462.0,425.0,358.0,439.0,365.0,297.0,327.0,305.0,319.0,289.0,282.0
462.0,425.0,358.0,439.0,365.0,297.0,327.0,305.0,319.0,289.0,282.0,297.0
425.0,358.0,439.0,365.0,297.0,327.0,305.0,319.0,289.0,282.0,297.0,268.0
358.0,439.0,365.0,297.0,327.0,305.0,319.0,289.0,282.0,297.0,268.0,296.0
439.0,365.0,297.0,327.0,305.0,319.0,289.0,282.0,297.0,268.0,296.0,484.0
365.0,297.0,327.0,305.0,319.0,289.0,282.0,297.0,268.0,296.0,484.0,327.0
297.0,327.0,305.0,319.0,289.0,282.0,297.0,268.0,296.0,484.0,327.0,783.0
327.0,305.0,319.0,289.0,282.0,297.0,268.0,296.0,484.0,327.0,783.0,1001.0
305.0,319.0,289.0,282.0,297.0,268.0,296.0,484.0,327.0,783.0,1001.0,1389.0
319.0,289.0,282.0,297.0,268.0,296.0,484.0,327.0,783.0,1001.0,1389.0,1106.0
289.0,282.0,297.0,268.0,296.0,484.0,327.0,783.0,1001.0,1389.0,1106.0,522.0
282.0,297.0,268.0,296.0,484.0,327.0,783.0,1001.0,1389.0,1106.0,522.0,1120.0
297.0,268.0,296.0,484.0,327.0,783.0,1001.0,1389.0,1106.0,522.0,1120.0,1052.0
268.0,296.0,484.0,327.0,783.0,1001.0,1389.0,1106.0,522.0,1120.0,1052.0,880.0
296.0,484.0,327.0,783.0,1001.0,1389.0,1106.0,522.0,1120.0,1052.0,880.0,679.0
484.0,327.0,783.0,1001.0,1389.0,1106.0,522.0,1120.0,1052.0,880.0,679.0,469.0
327.0,783.0,1001.0,1389.0,1106.0,522.0,1120.0,1052.0,880.0,679.0,469.0,439.0
783.0,1001.0,1389.0,1106.0,522.0,1120.0,1052.0,880.0,679.0,469.0,439.0,267.0
1001.0,1389.0,1106.0,522.0,1120.0,1052.0,880.0,679.0,469.0,439.0,267.0,245.0
1389.0,1106.0,522.0,1120.0,1052.0,880.0,679.0,469.0,439.0,267.0,245.0,275.0
1106.0,522.0,1120.0,1052.0,880.0,679.0,469.0,439.0,267.0,245.0,275.0,290.0
522.0,1120.0,1052.0,880.0,679.0,469.0,439.0,267.0,245.0,275.0,290.0,282.0
1120.0,1052.0,880.0,679.0,469.0,439.0,267.0,245.0,275.0,290.0,282.0,237.0
1052.0,880.0,679.0,469.0,439.0,267.0,245.0,275.0,290.0,282.0,237.0,282.0
880.0,679.0,469.0,439.0,267.0,245.0,275.0,290.0,282.0,237.0,282.0,253.0
679.0,469.0,439.0,267.0,245.0,275.0,290.0,282.0,237.0,282.0,253.0,274.0
469.0,439.0,267.0,245.0,275.0,290.0,282.0,237.0,282.0,253.0,274.0,267.0
439.0,267.0,245.0,275.0,290.0,282.0,237.0,282.0,253.0,274.0,267.0,312.0
267.0,245.0,275.0,290.0,282.0,237.0,282.0,253.0,274.0,267.0,312.0,305.0
245.0,275.0,290.0,282.0,237.0,282.0,253.0,274.0,267.0,312.0,305.0,425.0
275.0,290.0,282.0,237.0,282.0,253.0,274.0,267.0,312.0,305.0,425.0,993.0
290.0,282.0,237.0,282.0,253.0,274.0,267.0,312.0,305.0,425.0,993.0,1014.0
282.0,237.0,282.0,253.0,274.0,267.0,312.0,305.0,425.0,993.0,1014.0,1420.0
237.0,282.0,253.0,274.0,267.0,312.0,305.0,425.0,993.0,1014.0,1420.0,1614.0
282.0,253.0,274.0,267.0,312.0,305.0,425.0,993.0,1014.0,1420.0,1614.0,537.0
253.0,274.0,267.0,312.0,305.0,425.0,993.0,1014.0,1420.0,1614.0,537.0,1352.0
274.0,267.0,312.0,305.0,425.0,993.0,1014.0,1420.0,1614.0,537.0,1352.0,1210.0
267.0,312.0,305.0,425.0,993.0,1014.0,1420.0,1614.0,537.0,1352.0,1210.0,850.0
312.0,305.0,425.0,993.0,1014.0,1420.0,1614.0,537.0,1352.0,1210.0,850.0,470.0
305.0,425.0,993.0,1014.0,1420.0,1614.0,537.0,1352.0,1210.0,850.0,470.0,566.0
425.0,993.0,1014.0,1420.0,1614.0,537.0,1352.0,1210.0,850.0,470.0,566.0,410.0
993.0,1014.0,1420.0,1614.0,537.0,1352.0,1210.0,850.0,470.0,566.0,410.0,327.0
1014.0,1420.0,1614.0,537.0,1352.0,1210.0,850.0,470.0,566.0,410.0,327.0,297.0
1420.0,1614.0,537.0,1352.0,1210.0,850.0,470.0,566.0,410.0,327.0,297.0,320.0
1614.0,537.0,1352.0,1210.0,850.0,470.0,566.0,410.0,327.0,297.0,320.0,282.0
537.0,1352.0,1210.0,850.0,470.0,566.0,410.0,327.0,297.0,320.0,282.0,267.0
1352.0,1210.0,850.0,470.0,566.0,410.0,327.0,297.0,320.0,282.0,267.0,274.0
1210.0,850.0,470.0,566.0,410.0,327.0,297.0,320.0,282.0,267.0,274.0,253.0
850.0,470.0,566.0,410.0,327.0,297.0,320.0,282.0,267.0,274.0,253.0,678.0
470.0,566.0,410.0,327.0,297.0,320.0,282.0,267.0,274.0,253.0,678.0,252.0
566.0,410.0,327.0,297.0,320.0,282.0,267.0,274.0,253.0,678.0,252.0,260.0
410.0,327.0,297.0,320.0,282.0,267.0,274.0,253.0,678.0,252.0,260.0,267.0
327.0,297.0,320.0,282.0,267.0,274.0,253.0,678.0,252.0,260.0,267.0,410.0
297.0,320.0,282.0,267.0,274.0,253.0,678.0,252.0,260.0,267.0,410.0,297.0
320.0,282.0,267.0,274.0,253.0,678.0,252.0,260.0,267.0,410.0,297.0,970.0
282.0,267.0,274.0,253.0,678.0,252.0,260.0,267.0,410.0,297.0,970.0,1240.0
267.0,274.0,253.0,678.0,252.0,260.0,267.0,410.0,297.0,970.0,1240.0,1239.0
274.0,253.0,678.0,252.0,260.0,267.0,410.0,297.0,970.0,1240.0,1239.0,1539.0
253.0,678.0,252.0,260.0,267.0,410.0,297.0,970.0,1240.0,1239.0,1539.0,619.0
678.0,252.0,260.0,267.0,410.0,297.0,970.0,1240.0,1239.0,1539.0,619.0,1486.0
252.0,260.0,267.0,410.0,297.0,970.0,1240.0,1239.0,1539.0,619.0,1486.0,1105.0
260.0,267.0,410.0,297.0,970.0,1240.0,1239.0,1539.0,619.0,1486.0,1105.0,1002.0
267.0,410.0,297.0,970.0,1240.0,1239.0,1539.0,619.0,1486.0,1105.0,1002.0,985.0
410.0,297.0,970.0,1240.0,1239.0,1539.0,619.0,1486.0,1105.0,1002.0,985.0,634.0
297.0,970.0,1240.0,1239.0,1539.0,619.0,1486.0,1105.0,1002.0,985.0,634.0,447.0
970.0,1240.0,1239.0,1539.0,619.0,1486.0,1105.0,1002.0,985.0,634.0,447.0,506.0
1240.0,1239.0,1539.0,619.0,1486.0,1105.0,1002.0,985.0,634.0,447.0,506.0,394.0
1239.0,1539.0,619.0,1486.0,1105.0,1002.0,985.0,634.0,447.0,506.0,394.0,379.0
1539.0,619.0,1486.0,1105.0,1002.0,985.0,634.0,447.0,506.0,394.0,379.0,402.0
619.0,1486.0,1105.0,1002.0,985.0,634.0,447.0,506.0,394.0,379.0,402.0,499.0
1486.0,1105.0,1002.0,985.0,634.0,447.0,506.0,394.0,379.0,402.0,499.0,559.0
1105.0,1002.0,985.0,634.0,447.0,506.0,394.0,379.0,402.0,499.0,559.0,387.0
1002.0,985.0,634.0,447.0,506.0,394.0,379.0,402.0,499.0,559.0,387.0,373.0
985.0,634.0,447.0,506.0,394.0,379.0,402.0,499.0,559.0,387.0,373.0,395.0
634.0,447.0,506.0,394.0,379.0,402.0,499.0,559.0,387.0,373.0,395.0,417.0
447.0,506.0,394.0,379.0,402.0,499.0,559.0,387.0,373.0,395.0,417.0,455.0
506.0,394.0,379.0,402.0,499.0,559.0,387.0,373.0,395.0,417.0,455.0,753.0
394.0,379.0,402.0,499.0,559.0,387.0,373.0,395.0,417.0,455.0,753.0,649.0
379.0,402.0,499.0,559.0,387.0,373.0,395.0,417.0,455.0,753.0,649.0,1374.0
402.0,499.0,559.0,387.0,373.0,395.0,417.0,455.0,753.0,649.0,1374.0,582.0
499.0,559.0,387.0,373.0,395.0,417.0,455.0,753.0,649.0,1374.0,582.0,979.0
559.0,387.0,373.0,395.0,417.0,455.0,753.0,649.0,1374.0,582.0,979.0,1502.0
387.0,373.0,395.0,417.0,455.0,753.0,649.0,1374.0,582.0,979.0,1502.0,709.0
373.0,395.0,417.0,455.0,753.0,649.0,1374.0,582.0,979.0,1502.0,709.0,739.0
395.0,417.0,455.0,753.0,649.0,1374.0,582.0,979.0,1502.0,709.0,739.0,1001.0
417.0,455.0,753.0,649.0,1374.0,582.0,979.0,1502.0,709.0,739.0,1001.0,552.0
455.0,753.0,649.0,1374.0,582.0,979.0,1502.0,709.0,739.0,1001.0,552.0,364.0
753.0,649.0,1374.0,582.0,979.0,1502.0,709.0,739.0,1001.0,552.0,364.0,514.0
649.0,1374.0,582.0,979.0,1502.0,709.0,739.0,1001.0,552.0,364.0,514.0,574.0
1374.0,582.0,979.0,1502.0,709.0,739.0,1001.0,552.0,364.0,514.0,574.0,311.0
582.0,979.0,1502.0,709.0,739.0,1001.0,552.0,364.0,514.0,574.0,311.0,440.0
979.0,1502.0,709.0,739.0,1001.0,552.0,364.0,514.0,574.0,311.0,440.0,417.0
1502.0,709.0,739.0,1001.0,552.0,364.0,514.0,574.0,311.0,440.0,417.0,387.0
709.0,739.0,1001.0,552.0,364.0,514.0,574.0,311.0,440.0,417.0,387.0,402.0
739.0,1001.0,552.0,364.0,514.0,574.0,311.0,440.0,417.0,387.0,402.0,447.0
1001.0,552.0,364.0,514.0,574.0,311.0,440.0,417.0,387.0,402.0,447.0,297.0
552.0,364.0,514.0,574.0,311.0,440.0,417.0,387.0,402.0,447.0,297.0,380.0
364.0,514.0,574.0,311.0,440.0,417.0,387.0,402.0,447.0,297.0,380.0,372.0
514.0,574.0,311.0,440.0,417.0,387.0,402.0,447.0,297.0,380.0,372.0,372.0
574.0,311.0,440.0,417.0,387.0,402.0,447.0,297.0,380.0,372.0,372.0,387.0
311.0,440.0,417.0,387.0,402.0,447.0,297.0,380.0,372.0,372.0,387.0,394.0
440.0,417.0,387.0,402.0,447.0,297.0,380.0,372.0,372.0,387.0,394.0,395.0
417.0,387.0,402.0,447.0,297.0,380.0,372.0,372.0,387.0,394.0,395.0,394.0
387.0,402.0,447.0,297.0,380.0,372.0,372.0,387.0,394.0,395.0,394.0,492.0
402.0,447.0,297.0,380.0,372.0,372.0,387.0,394.0,395.0,394.0,492.0,499.0
447.0,297.0,380.0,372.0,372.0,387.0,394.0,395.0,394.0,492.0,499.0,387.0
297.0,380.0,372.0,372.0,387.0,394.0,395.0,394.0,492.0,499.0,387.0,552.0
380.0,372.0,372.0,387.0,394.0,395.0,394.0,492.0,499.0,387.0,552.0,387.0
372.0,372.0,387.0,394.0,395.0,394.0,492.0,499.0,387.0,552.0,387.0,388.0
372.0,387.0,394.0,395.0,394.0,492.0,499.0,387.0,552.0,387.0,388.0,380.0
387.0,394.0,395.0,394.0,492.0,499.0,387.0,552.0,387.0,388.0,380.0,365.0
394.0,395.0,394.0,492.0,499.0,387.0,552.0,387.0,388.0,380.0,365.0,290.0
395.0,394.0,492.0,499.0,387.0,552.0,387.0,388.0,380.0,365.0,290.0,373.0
394.0,492.0,499.0,387.0,552.0,387.0,388.0,380.0,365.0,290.0,373.0,478.0
492.0,499.0,387.0,552.0,387.0,388.0,380.0,365.0,290.0,373.0,478.0,268.0
499.0,387.0,552.0,387.0,388.0,380.0,365.0,290.0,373.0,478.0,268.0,372.0
387.0,552.0,387.0,388.0,380.0,365.0,290.0,373.0,478.0,268.0,372.0,267.0
552.0,387.0,388.0,380.0,365.0,290.0,373.0,478.0,268.0,372.0,267.0,387.0
387.0,388.0,380.0,365.0,290.0,373.0,478.0,268.0,372.0,267.0,387.0,342.0
388.0,380.0,365.0,290.0,373.0,478.0,268.0,372.0,267.0,387.0,342.0,305.0
380.0,365.0,290.0,373.0,478.0,268.0,372.0,267.0,387.0,342.0,305.0,365.0
365.0,290.0,373.0,478.0,268.0,372.0,267.0,387.0,342.0,305.0,365.0,275.0
290.0,373.0,478.0,268.0,372.0,267.0,387.0,342.0,305.0,365.0,275.0,365.0
373.0,478.0,268.0,372.0,267.0,387.0,342.0,305.0,365.0,275.0,365.0,282.0
478.0,268.0,372.0,267.0,387.0,342.0,305.0,365.0,275.0,365.0,282.0,289.0
268.0,372.0,267.0,387.0,342.0,305.0,365.0,275.0,365.0,282.0,289.0,491.0
372.0,267.0,387.0,342.0,305.0,365.0,275.0,365.0,282.0,289.0,491.0,297.0
267.0,387.0,342.0,305.0,365.0,275.0,365.0,282.0,289.0,491.0,297.0,380.0
387.0,342.0,305.0,365.0,275.0,365.0,282.0,289.0,491.0,297.0,380.0,275.0
342.0,305.0,365.0,275.0,365.0,282.0,289.0,491.0,297.0,380.0,275.0,267.0
305.0,365.0,275.0,365.0,282.0,289.0,491.0,297.0,380.0,275.0,267.0,290.0
365.0,275.0,365.0,282.0,289.0,491.0,297.0,380.0,275.0,267.0,290.0,424.0
275.0,365.0,282.0,289.0,491.0,297.0,380.0,275.0,267.0,290.0,424.0,275.0
365.0,282.0,289.0,491.0,297.0,380.0,275.0,267.0,290.0,424.0,275.0,275.0
282.0,289.0,491.0,297.0,380.0,275.0,267.0,290.0,424.0,275.0,275.0,275.0
289.0,491.0,297.0,380.0,275.0,267.0,290.0,424.0,275.0,275.0,275.0,282.0
491.0,297.0,380.0,275.0,267.0,290.0,424.0,275.0,275.0,275.0,282.0,268.0
297.0,380.0,275.0,267.0,290.0,424.0,275.0,275.0,275.0,282.0,268.0,260.0
380.0,275.0,267.0,290.0,424.0,275.0,275.0,275.0,282.0,268.0,260.0,380.0
275.0,267.0,290.0,424.0,275.0,275.0,275.0,282.0,268.0,260.0,380.0,260.0
267.0,290.0,424.0,275.0,275.0,275.0,282.0,268.0,260.0,380.0,260.0,260.0
290.0,424.0,275.0,275.0,275.0,282.0,268.0,260.0,380.0,260.0,260.0,260.0
424.0,275.0,275.0,275.0,282.0,268.0,260.0,380.0,260.0,260.0,260.0,252.0
275.0,275.0,275.0,282.0,268.0,260.0,380.0,260.0,260.0,260.0,252.0,260.0
275.0,275.0,282.0,268.0,260.0,380.0,260.0,260.0,260.0,252.0,260.0,252.0
275.0,282.0,268.0,260.0,380.0,260.0,260.0,260.0,252.0,260.0,252.0,260.0
282.0,268.0,260.0,380.0,260.0,260.0,260.0,252.0,260.0,252.0,260.0,252.0
268.0,260.0,380.0,260.0,260.0,260.0,252.0,260.0,252.0,260.0,252.0,275.0
260.0,380.0,260.0,260.0,260.0,252.0,260.0,252.0,260.0,252.0,275.0,296.0
380.0,260.0,260.0,260.0,252.0,260.0,252.0,260.0,252.0,275.0,296.0,477.0
260.0,260.0,260.0,252.0,260.0,252.0,260.0,252.0,275.0,296.0,477.0,716.0
260.0,260.0,252.0,260.0,252.0,260.0,252.0,275.0,296.0,477.0,716.0,701.0
260.0,252.0,260.0,252.0,260.0,252.0,275.0,296.0,477.0,716.0,701.0,1151.0
252.0,260.0,252.0,260.0,252.0,275.0,296.0,477.0,716.0,701.0,1151.0,1046.0
260.0,252.0,260.0,252.0,275.0,296.0,477.0,716.0,701.0,1151.0,1046.0,785.0
252.0,260.0,252.0,275.0,296.0,477.0,716.0,701.0,1151.0,1046.0,785.0,1045.0
260.0,252.0,275.0,296.0,477.0,716.0,701.0,1151.0,1046.0,785.0,1045.0,1442.0
252.0,275.0,296.0,477.0,716.0,701.0,1151.0,1046.0,785.0,1045.0,1442.0,873.0
275.0,296.0,477.0,716.0,701.0,1151.0,1046.0,785.0,1045.0,1442.0,873.0,694.0
296.0,477.0,716.0,701.0,1151.0,1046.0,785.0,1045.0,1442.0,873.0,694.0,485.0
477.0,716.0,701.0,1151.0,1046.0,785.0,1045.0,1442.0,873.0,694.0,485.0,432.0
716.0,701.0,1151.0,1046.0,785.0,1045.0,1442.0,873.0,694.0,485.0,432.0,342.0
701.0,1151.0,1046.0,785.0,1045.0,1442.0,873.0,694.0,485.0,432.0,342.0,544.0
1151.0,1046.0,785.0,1045.0,1442.0,873.0,694.0,485.0,432.0,342.0,544.0,312.0
1046.0,785.0,1045.0,1442.0,873.0,694.0,485.0,432.0,342.0,544.0,312.0,424.0
785.0,1045.0,1442.0,873.0,694.0,485.0,432.0,342.0,544.0,312.0,424.0,387.0
1045.0,1442.0,873.0,694.0,485.0,432.0,342.0,544.0,312.0,424.0,387.0,575.0
1442.0,873.0,694.0,485.0,432.0,342.0,544.0,312.0,424.0,387.0,575.0,500.0
873.0,694.0,485.0,432.0,342.0,544.0,312.0,424.0,387.0,575.0,500.0,373.0
694.0,485.0,432.0,342.0,544.0,312.0,424.0,387.0,575.0,500.0,373.0,380.0
485.0,432.0,342.0,544.0,312.0,424.0,387.0,575.0,500.0,373.0,380.0,388.0
432.0,342.0,544.0,312.0,424.0,387.0,575.0,500.0,373.0,380.0,388.0,447.0
342.0,544.0,312.0,424.0,387.0,575.0,500.0,373.0,380.0,388.0,447.0,447.0
544.0,312.0,424.0,387.0,575.0,500.0,373.0,380.0,388.0,447.0,447.0,410.0
312.0,424.0,387.0,575.0,500.0,373.0,380.0,388.0,447.0,447.0,410.0,843.0
424.0,387.0,575.0,500.0,373.0,380.0,388.0,447.0,447.0,410.0,843.0,865.0
387.0,575.0,500.0,373.0,380.0,388.0,447.0,447.0,410.0,843.0,865.0,1233.0
575.0,500.0,373.0,380.0,388.0,447.0,447.0,410.0,843.0,865.0,1233.0,1719.0
500.0,373.0,380.0,388.0,447.0,447.0,410.0,843.0,865.0,1233.0,1719.0,821.0
373.0,380.0,388.0,447.0,447.0,410.0,843.0,865.0,1233.0,1719.0,821.0,1382.0
380.0,388.0,447.0,447.0,410.0,843.0,865.0,1233.0,1719.0,821.0,1382.0,1262.0
388.0,447.0,447.0,410.0,843.0,865.0,1233.0,1719.0,821.0,1382.0,1262.0,1203.0
447.0,447.0,410.0,843.0,865.0,1233.0,1719.0,821.0,1382.0,1262.0,1203.0,761.0
447.0,410.0,843.0,865.0,1233.0,1719.0,821.0,1382.0,1262.0,1203.0,761.0,507.0
410.0,843.0,865.0,1233.0,1719.0,821.0,1382.0,1262.0,1203.0,761.0,507.0,462.0
843.0,865.0,1233.0,1719.0,821.0,1382.0,1262.0,1203.0,761.0,507.0,462.0,507.0
865.0,1233.0,1719.0,821.0,1382.0,1262.0,1203.0,761.0,507.0,462.0,507.0,499.0
1233.0,1719.0,821.0,1382.0,1262.0,1203.0,761.0,507.0,462.0,507.0,499.0,499.0
1719.0,821.0,1382.0,1262.0,1203.0,761.0,507.0,462.0,507.0,499.0,499.0,439.0
821.0,1382.0,1262.0,1203.0,761.0,507.0,462.0,507.0,499.0,499.0,439.0,394.0
1382.0,1262.0,1203.0,761.0,507.0,462.0,507.0,499.0,499.0,439.0,394.0,626.0
1262.0,1203.0,761.0,507.0,462.0,507.0,499.0,499.0,439.0,394.0,626.0,552.0
1203.0,761.0,507.0,462.0,507.0,499.0,499.0,439.0,394.0,626.0,552.0,866.0
761.0,507.0,462.0,507.0,499.0,499.0,439.0,394.0,626.0,552.0,866.0,454.0
507.0,462.0,507.0,499.0,499.0,439.0,394.0,626.0,552.0,866.0,454.0,432.0
462.0,507.0,499.0,499.0,439.0,394.0,626.0,552.0,866.0,454.0,432.0,380.0
507.0,499.0,499.0,439.0,394.0,626.0,552.0,866.0,454.0,432.0,380.0,484.0
499.0,499.0,439.0,394.0,626.0,552.0,866.0,454.0,432.0,380.0,484.0,417.0
499.0,439.0,394.0,626.0,552.0,866.0,454.0,432.0,380.0,484.0,417.0,971.0
439.0,394.0,626.0,552.0,866.0,454.0,432.0,380.0,484.0,417.0,971.0,1486.0
394.0,626.0,552.0,866.0,454.0,432.0,380.0,484.0,417.0,971.0,1486.0,1419.0
626.0,552.0,866.0,454.0,432.0,380.0,484.0,417.0,971.0,1486.0,1419.0,1614.0
552.0,866.0,454.0,432.0,380.0,484.0,417.0,971.0,1486.0,1419.0,1614.0,784.0
866.0,454.0,432.0,380.0,484.0,417.0,971.0,1486.0,1419.0,1614.0,784.0,1509.0
454.0,432.0,380.0,484.0,417.0,971.0,1486.0,1419.0,1614.0,784.0,1509.0,1375.0
432.0,380.0,484.0,417.0,971.0,1486.0,1419.0,1614.0,784.0,1509.0,1375.0,1352.0
380.0,484.0,417.0,971.0,1486.0,1419.0,1614.0,784.0,1509.0,1375.0,1352.0,806.0
484.0,417.0,971.0,1486.0,1419.0,1614.0,784.0,1509.0,1375.0,1352.0,806.0,566.0
417.0,971.0,1486.0,1419.0,1614.0,784.0,1509.0,1375.0,1352.0,806.0,566.0,477.0
971.0,1486.0,1419.0,1614.0,784.0,1509.0,1375.0,1352.0,806.0,566.0,477.0,431.0
1486.0,1419.0,1614.0,784.0,1509.0,1375.0,1352.0,806.0,566.0,477.0,431.0,447.0
1419.0,1614.0,784.0,1509.0,1375.0,1352.0,806.0,566.0,477.0,431.0,447.0,544.0
1614.0,784.0,1509.0,1375.0,1352.0,806.0,566.0,477.0,431.0,447.0,544.0,395.0
784.0,1509.0,1375.0,1352.0,806.0,566.0,477.0,431.0,447.0,544.0,395.0,402.0
1509.0,1375.0,1352.0,806.0,566.0,477.0,431.0,447.0,544.0,395.0,402.0,335.0
1375.0,1352.0,806.0,566.0,477.0,431.0,447.0,544.0,395.0,402.0,335.0,634.0
1352.0,806.0,566.0,477.0,431.0,447.0,544.0,395.0,402.0,335.0,634.0,484.0
806.0,566.0,477.0,431.0,447.0,544.0,395.0,402.0,335.0,634.0,484.0,380.0
566.0,477.0,431.0,447.0,544.0,395.0,402.0,335.0,634.0,484.0,380.0,380.0
477.0,431.0,447.0,544.0,395.0,402.0,335.0,634.0,484.0,380.0,380.0,424.0
431.0,447.0,544.0,395.0,402.0,335.0,634.0,484.0,380.0,380.0,424.0,671.0
447.0,544.0,395.0,402.0,335.0,634.0,484.0,380.0,380.0,424.0,671.0,761.0
544.0,395.0,402.0,335.0,634.0,484.0,380.0,380.0,424.0,671.0,761.0,1307.0
395.0,402.0,335.0,634.0,484.0,380.0,380.0,424.0,671.0,761.0,1307.0,1268.0
402.0,335.0,634.0,484.0,380.0,380.0,424.0,671.0,761.0,1307.0,1268.0,1465.0
335.0,634.0,484.0,380.0,380.0,424.0,671.0,761.0,1307.0,1268.0,1465.0,567.0
634.0,484.0,380.0,380.0,424.0,671.0,761.0,1307.0,1268.0,1465.0,567.0,551.0
484.0,380.0,380.0,424.0,671.0,761.0,1307.0,1268.0,1465.0,567.0,551.0,874.0
380.0,380.0,424.0,671.0,761.0,1307.0,1268.0,1465.0,567.0,551.0,874.0,641.0
380.0,424.0,671.0,761.0,1307.0,1268.0,1465.0,567.0,551.0,874.0,641.0,581.0
424.0,671.0,761.0,1307.0,1268.0,1465.0,567.0,551.0,874.0,641.0,581.0,731.0
671.0,761.0,1307.0,1268.0,1465.0,567.0,551.0,874.0,641.0,581.0,731.0,635.0
761.0,1307.0,1268.0,1465.0,567.0,551.0,874.0,641.0,581.0,731.0,635.0,454.0
1307.0,1268.0,1465.0,567.0,551.0,874.0,641.0,581.0,731.0,635.0,454.0,521.0
1268.0,1465.0,567.0,551.0,874.0,641.0,581.0,731.0,635.0,454.0,521.0,358.0
1465.0,567.0,551.0,874.0,641.0,581.0,731.0,635.0,454.0,521.0,358.0,402.0
567.0,551.0,874.0,641.0,581.0,731.0,635.0,454.0,521.0,358.0,402.0,409.0
551.0,874.0,641.0,581.0,731.0,635.0,454.0,521.0,358.0,402.0,409.0,410.0
874.0,641.0,581.0,731.0,635.0,454.0,521.0,358.0,402.0,409.0,410.0,544.0
641.0,581.0,731.0,635.0,454.0,521.0,358.0,402.0,409.0,410.0,544.0,499.0
581.0,731.0,635.0,454.0,521.0,358.0,402.0,409.0,410.0,544.0,499.0,425.0
731.0,635.0,454.0,521.0,358.0,402.0,409.0,410.0,544.0,499.0,425.0,394.0
635.0,454.0,521.0,358.0,402.0,409.0,410.0,544.0,499.0,425.0,394.0,485.0
454.0,521.0,358.0,402.0,409.0,410.0,544.0,499.0,425.0,394.0,485.0,552.0
521.0,358.0,402.0,409.0,410.0,544.0,499.0,425.0,394.0,485.0,552.0,522.0
358.0,402.0,409.0,410.0,544.0,499.0,425.0,394.0,485.0,552.0,522.0,716.0
402.0,409.0,410.0,544.0,499.0,425.0,394.0,485.0,552.0,522.0,716.0,926.0
409.0,410.0,544.0,499.0,425.0,394.0,485.0,552.0,522.0,716.0,926.0,1112.0
410.0,544.0,499.0,425.0,394.0,485.0,552.0,522.0,716.0,926.0,1112.0,1068.0
544.0,499.0,425.0,394.0,485.0,552.0,522.0,716.0,926.0,1112.0,1068.0,1412.0
499.0,425.0,394.0,485.0,552.0,522.0,716.0,926.0,1112.0,1068.0,1412.0,626.0
425.0,394.0,485.0,552.0,522.0,716.0,926.0,1112.0,1068.0,1412.0,626.0,596.0
394.0,485.0,552.0,522.0,716.0,926.0,1112.0,1068.0,1412.0,626.0,596.0,1052.0
485.0,552.0,522.0,716.0,926.0,1112.0,1068.0,1412.0,626.0,596.0,1052.0,664.0
552.0,522.0,716.0,926.0,1112.0,1068.0,1412.0,626.0,596.0,1052.0,664.0,507.0
522.0,716.0,926.0,1112.0,1068.0,1412.0,626.0,596.0,1052.0,664.0,507.0,514.0
716.0,926.0,1112.0,1068.0,1412.0,626.0,596.0,1052.0,664.0,507.0,514.0,573.0
926.0,1112.0,1068.0,1412.0,626.0,596.0,1052.0,664.0,507.0,514.0,573.0,545.0
1112.0,1068.0,1412.0,626.0,596.0,1052.0,664.0,507.0,514.0,573.0,545.0,432.0
1068.0,1412.0,626.0,596.0,1052.0,664.0,507.0,514.0,573.0,545.0,432.0,380.0
1412.0,626.0,596.0,1052.0,664.0,507.0,514.0,573.0,545.0,432.0,380.0,485.0
626.0,596.0,1052.0,664.0,507.0,514.0,573.0,545.0,432.0,380.0,485.0,409.0
596.0,1052.0,664.0,507.0,514.0,573.0,545.0,432.0,380.0,485.0,409.0,296.0
1052.0,664.0,507.0,514.0,573.0,545.0,432.0,380.0,485.0,409.0,296.0,492.0
664.0,507.0,514.0,573.0,545.0,432.0,380.0,485.0,409.0,296.0,492.0,380.0
507.0,514.0,573.0,545.0,432.0,380.0,485.0,409.0,296.0,492.0,380.0,596.0
514.0,573.0,545.0,432.0,380.0,485.0,409.0,296.0,492.0,380.0,596.0,469.0
573.0,545.0,432.0,380.0,485.0,409.0,296.0,492.0,380.0,596.0,469.0,507.0
545.0,432.0,380.0,485.0,409.0,296.0,492.0,380.0,596.0,469.0,507.0,409.0
432.0,380.0,485.0,409.0,296.0,492.0,380.0,596.0,469.0,507.0,409.0,530.0
380.0,485.0,409.0,296.0,492.0,380.0,596.0,469.0,507.0,409.0,530.0,409.0
485.0,409.0,296.0,492.0,380.0,596.0,469.0,507.0,409.0,530.0,409.0,469.0
409.0,296.0,492.0,380.0,596.0,469.0,507.0,409.0,530.0,409.0,469.0,387.0
296.0,492.0,380.0,596.0,469.0,507.0,409.0,530.0,409.0,469.0,387.0,491.0
492.0,380.0,596.0,469.0,507.0,409.0,530.0,409.0,469.0,387.0,491.0,432.0
380.0,596.0,469.0,507.0,409.0,530.0,409.0,469.0,387.0,491.0,432.0,477.0
596.0,469.0,507.0,409.0,530.0,409.0,469.0,387.0,491.0,432.0,477.0,395.0
469.0,507.0,409.0,530.0,409.0,469.0,387.0,491.0,432.0,477.0,395.0,551.0
507.0,409.0,530.0,409.0,469.0,387.0,491.0,432.0,477.0,395.0,551.0,440.0
409.0,530.0,409.0,469.0,387.0,491.0,432.0,477.0,395.0,551.0,440.0,395.0
530.0,409.0,469.0,387.0,491.0,432.0,477.0,395.0,551.0,440.0,395.0,500.0
409.0,469.0,387.0,491.0,432.0,477.0,395.0,551.0,440.0,395.0,500.0,380.0
469.0,387.0,491.0,432.0,477.0,395.0,551.0,440.0,395.0,500.0,380.0,403.0
387.0,491.0,432.0,477.0,395.0,551.0,440.0,395.0,500.0,380.0,403.0,484.0
491.0,432.0,477.0,395.0,551.0,440.0,395.0,500.0,380.0,403.0,484.0,372.0
