134.7,173.5,207.17,236.4,261.77,283.78,302.89,319.48,333.87,346.37,357.21,366.62,
159.09,201.91,239.26,271.84,300.26,325.04,346.67,365.53,381.98,396.33,408.85,419.77,
456.98,478.7,496.2,510.3,521.65,530.79,538.15,544.08,548.85,552.7,555.8,558.29,
576.45,581.59,585.69,588.96,591.57,593.65,595.32,596.64,597.7,598.54,599.21,599.75,
594.79,598.63,601.72,604.19,606.18,607.77,609.04,610.07,610.89,611.55,612.08,612.5,
667.41,657.35,649.32,642.9,637.77,633.67,630.4,627.79,625.7,624.03,622.69,621.63,
873.09,900.4,895.27,861.31,804.78,733.7,656.83,582.69,518.71,470.55,441.71,433.33,
616.8,614.26,612.25,610.65,609.38,608.38,607.58,606.94,606.44,606.04,605.73,605.48,
682.22,668.09,656.86,647.94,640.85,635.22,630.74,627.19,624.36,622.12,620.33,618.91,
714.59,702.14,692.07,683.92,677.34,672.02,667.72,664.24,661.42,659.15,657.31,655.83,
805.86,778.07,755.44,737.02,722.03,709.82,699.88,691.79,685.2,679.84,675.48,671.92,
706.12,639.08,568.29,503.08,451.53,419.43,409.76,422.4,454.4,500.46,553.83,607.18,
638.3,535.33,446.33,383.01,352.21,355.34,388.69,444.46,512.34,581.21,640.85,683.41,
695.4,688.73,686.01,685.18,685.16,685.45,685.81,686.14,686.4,686.6,686.75,686.86,
707.02,641.93,578.59,523.46,481.59,456.17,448.4,457.52,481.07,515.31,555.69,597.45,
762.3,684.85,607.65,537.8,481.02,441.25,420.48,418.77,434.39,464.2,504.07,549.32,
831.82,787.18,744.67,710.84,686.52,670.25,659.99,653.88,650.44,648.64,647.79,647.44,
805.15,797.96,793.13,789.0,785.09,781.25,777.43,773.62,769.81,766.0,762.19,758.38,
449.57,439.13,428.7,418.26,407.83,397.39,386.96,376.52,366.09,355.65,345.22,334.78,
610.87,611.74,612.61,613.48,614.35,615.22,616.09,616.96,617.83,618.7,619.57,620.43,
460.0,460.0,460.0,460.0,460.0,460.0,460.0,460.0,460.0,460.0,460.0,460.0,
403.91,407.83,411.74,415.65,419.57,423.48,427.39,431.3,435.22,439.13,443.04,446.96,
416.24,421.7,426.49,430.69,434.36,437.58,440.4,442.87,445.03,446.93,448.59,450.04,
310.88,329.05,344.85,358.6,370.56,380.97,390.02,397.9,404.75,410.71,415.89,420.4,
298.06,322.1,342.7,360.35,375.47,388.42,399.52,409.02,417.17,424.14,430.12,435.24,
47.99,0.0,0.0,0.0,0.0,0.0,0.0,0.0,0.0,0.0,0.0,0.0,
149.71,138.76,119.22,102.2,84.44,66.9,49.29,31.7,14.11,0.0,0.0,0.0,
205.62,187.92,170.21,152.51,134.81,117.1,99.4,81.7,64.0,46.29,28.59,10.89,
249.91,237.84,215.97,197.53,177.89,158.67,139.3,119.98,100.65,81.32,61.98,42.65,
632.17,624.35,616.52,608.7,600.87,593.04,585.22,577.39,569.57,561.74,553.91,546.09,
797.39,804.78,812.17,819.57,826.96,834.35,841.74,849.13,856.52,863.91,871.3,878.7,
835.65,841.3,846.96,852.61,858.26,863.91,869.57,875.22,880.87,886.52,892.17,897.83,
1058.9,1014.34,975.47,941.57,912.01,886.23,863.74,844.13,827.03,812.12,799.11,787.76,
875.7,846.65,822.05,801.21,783.57,768.62,755.96,745.24,736.16,728.48,721.96,716.45,
846.41,818.15,794.35,774.32,757.47,743.28,731.34,721.29,712.83,705.7,699.71,694.67,
636.22,633.16,630.69,628.68,627.06,625.74,624.68,623.82,623.12,622.56,622.1,621.73,
701.98,687.4,675.62,666.1,658.4,652.18,647.15,643.08,639.79,637.13,634.98,633.24,
541.62,601.75,640.98,654.83,646.54,624.16,597.2,573.81,559.05,554.4,558.34,567.57,
656.69,635.74,619.55,609.39,604.36,602.81,603.19,604.32,605.52,606.45,607.05,607.35,
828.58,941.95,955.41,905.93,828.79,750.93,688.74,648.83,630.57,629.13,638.12,651.51,
791.93,629.48,623.33,618.87,615.62,613.26,611.54,610.3,609.39,608.73,608.25,607.91,
491.3,492.61,493.91,495.22,496.52,497.83,499.13,500.43,501.74,503.04,504.35,505.65,
589.13,588.26,587.39,586.52,585.65,584.78,583.91,583.04,582.17,581.3,580.43,579.57,
501.74,503.48,505.22,506.96,508.7,510.43,512.17,513.91,515.65,517.39,519.13,520.87,
467.08,480.41,490.8,498.91,505.24,510.17,514.02,517.03,519.37,521.2,522.63,523.74,
294.16,336.91,370.65,397.29,418.32,434.91,448.01,458.35,466.51,472.96,478.04,482.06,
439.28,454.27,465.94,475.02,482.09,487.59,491.87,495.2,497.79,499.8,501.37,502.59,
241.19,289.48,327.58,357.65,381.38,400.11,414.88,426.54,435.75,443.01,448.74,453.26,
209.1,249.36,282.37,309.44,331.64,349.85,364.78,377.02,387.06,395.29,402.04,407.58,
177.15,223.95,262.28,293.68,319.39,340.46,357.7,371.83,383.4,392.88,400.64,407.0,
145.65,141.3,136.96,132.61,128.26,123.91,119.57,115.22,110.87,106.52,102.17,97.83,
196.09,192.17,188.26,184.35,180.43,176.52,172.61,168.7,164.78,160.87,156.96,153.04,
351.51,366.92,345.1,335.44,321.82,309.49,296.73,284.12,271.45,258.81,246.16,233.51,
591.74,583.48,575.22,566.96,558.7,550.43,542.17,533.91,525.65,517.39,509.13,500.87,
736.09,732.17,728.26,724.35,720.43,716.52,712.61,708.7,704.78,700.87,696.96,693.04,
1380.9,1755.29,2153.36,2575.11,3020.55,3489.66,3982.46,4498.93,5039.09,5602.93,6190.45,6801.65,
825.95,790.03,760.75,736.88,717.42,701.56,688.62,678.08,669.48,662.47,656.76,652.1,
777.71,744.09,717.35,696.09,679.18,665.74,655.05,646.55,639.79,634.42,630.15,626.75,
635.02,615.92,601.32,590.16,581.62,575.1,570.11,566.3,563.38,561.15,559.45,558.14,
565.39,561.87,559.19,557.13,555.56,554.36,553.45,552.75,552.22,551.81,551.5,551.26,
592.15,578.55,568.19,560.3,554.28,549.7,546.22,543.56,541.53,539.99,538.82,537.92,
442.96,460.21,473.17,482.91,490.22,495.72,499.85,502.95,505.28,507.03,508.35,509.34,
621.31,634.0,618.32,593.84,572.57,559.27,553.79,553.71,556.22,559.22,561.54,562.83,
872.61,885.22,897.83,910.43,923.04,935.65,948.26,960.87,973.48,986.09,998.7,1011.3,
907.39,924.78,942.17,959.57,976.96,994.35,1011.74,1029.13,1046.52,1063.91,1081.3,1098.7,
944.78,959.57,974.35,989.13,1003.91,1018.7,1033.48,1048.26,1063.04,1077.83,1092.61,1107.39,
823.48,836.96,850.43,863.91,877.39,890.87,904.35,917.83,931.3,944.78,958.26,971.74,
898.7,917.39,936.09,954.78,973.48,992.17,1010.87,1029.57,1048.26,1066.96,1085.65,1104.35,
824.35,848.7,873.04,897.39,921.74,946.09,970.43,994.78,1019.13,1043.48,1067.83,1092.17,
367.83,365.65,363.48,361.3,359.13,356.96,354.78,352.61,350.43,348.26,346.09,343.91,
260.75,324.61,388.21,437.91,472.42,494.64,508.14,515.97,520.29,522.58,523.72,524.25,
67.67,256.04,353.23,588.41,733.39,822.39,881.9,816.99,755.2,639.71,534.9,467.26,
361.51,489.9,764.79,893.12,951.03,949.01,806.87,685.66,523.58,414.7,376.08,381.73,
196.03,438.97,520.68,706.98,774.03,793.43,795.39,704.11,647.48,553.87,492.82,460.68,
862.79,1101.65,1170.74,1100.51,906.61,656.14,419.95,262.4,220.69,297.98,464.44,668.03,
918.74,1010.97,952.56,865.63,697.48,540.29,431.85,383.9,413.24,496.93,606.73,711.49,
698.01,668.82,633.21,604.95,588.57,584.9,590.34,600.31,610.41,617.8,621.36,621.42,
649.35,648.88,648.53,648.27,648.08,647.95,647.85,647.77,647.72,647.68,647.65,647.63,
591.08,592.11,605.59,624.15,641.24,653.05,658.32,657.92,653.84,648.37,643.37,639.95,
552.88,559.81,580.65,601.76,618.51,627.28,628.74,624.99,618.97,613.11,608.99,607.11,
469.45,496.4,549.63,594.6,625.95,637.54,633.95,621.15,606.21,594.07,587.22,585.73,
525.39,570.72,594.99,611.93,612.84,606.21,595.1,584.99,578.09,575.41,576.15,578.94,
481.34,509.3,559.63,588.13,605.19,604.88,596.0,582.9,571.38,563.84,561.14,562.25,
524.93,574.49,595.75,607.75,602.89,592.23,578.97,568.7,562.8,561.62,563.71,567.39,
596.13,603.2,593.17,570.42,540.92,511.94,490.08,479.88,482.9,497.54,519.64,543.62,
523.94,536.35,548.49,556.15,558.33,555.05,547.53,537.76,528.04,520.45,516.41,516.45,
656.43,626.16,575.56,520.46,473.41,444.35,438.22,454.35,487.08,527.52,565.84,593.57,
848.46,724.36,565.94,418.2,317.12,283.4,318.62,406.87,520.5,628.29,703.71,731.07,
791.61,634.6,477.78,362.4,312.89,332.74,406.66,507.3,604.27,672.51,698.2,680.75,
730.75,560.51,406.69,347.55,368.33,450.99,549.5,627.86,662.49,651.56,608.84,556.36,
575.88,375.68,283.26,327.68,471.23,635.26,741.55,748.35,665.04,541.37,439.45,403.54,
620.75,580.91,624.97,733.3,863.38,968.82,1017.77,1003.75,945.42,876.66,831.78,832.11,
586.09,675.44,804.07,928.62,1012.62,1038.36,1010.65,952.34,894.03,862.46,871.65,919.67,
333.91,337.83,341.74,345.65,349.57,353.48,357.39,361.3,365.22,369.13,373.04,376.96,
106.06,198.08,375.15,558.17,700.88,768.69,759.16,689.88,592.55,499.83,436.75,414.89,
211.33,388.13,565.62,703.37,766.5,754.5,684.6,588.32,497.44,436.31,415.96,433.95,
260.11,378.12,473.3,531.22,553.22,549.24,531.55,510.6,493.16,482.16,477.62,477.91,
400.07,610.56,813.71,961.18,1028.72,1005.74,900.59,737.16,549.85,376.29,249.9,193.51,
779.12,993.75,1115.01,1126.03,1024.93,835.28,598.53,365.42,185.02,94.44,111.21,229.94,
909.58,1037.64,1080.09,1017.15,868.7,666.98,455.6,278.51,171.36,154.25,228.03,374.75,
948.93,998.3,970.3,871.67,724.12,557.07,402.39,288.26,234.14,247.51,323.01,443.94,
621.6,514.37,474.49,446.17,460.88,490.11,530.84,565.73,589.57,597.66,592.35,577.8,
769.43,744.22,689.42,618.91,545.86,482.93,439.81,421.92,429.88,459.89,504.75,555.46,
537.02,445.93,389.37,377.29,407.93,469.46,543.86,611.9,657.91,673.16,657.2,617.14,
446.27,397.68,394.04,431.32,495.64,567.89,629.05,665.01,669.51,644.91,600.59,549.84,
374.52,356.89,384.87,447.45,526.66,602.4,657.4,680.9,670.53,632.05,577.19,520.33,
454.43,500.05,556.32,607.65,641.62,651.76,638.45,607.97,570.18,535.59,512.58,505.56,
569.71,638.46,680.43,687.55,662.04,614.6,560.52,515.06,489.36,487.97,508.37,542.53,
586.9,560.4,496.72,473.88,440.72,452.25,461.21,501.7,530.25,569.03,583.95,594.97,
778.49,783.51,731.49,641.37,540.33,455.83,408.48,407.21,448.06,516.4,591.76,653.75,
708.7,650.18,579.33,515.79,474.74,463.59,481.19,519.21,565.27,606.58,633.3,640.57,
749.49,681.26,586.1,493.46,429.53,410.07,436.82,498.18,573.67,640.56,680.51,684.45,
842.75,832.72,751.58,634.66,522.36,447.35,426.09,456.45,521.27,595.86,656.49,687.32,
857.95,799.46,682.52,550.75,446.33,397.31,411.05,474.77,562.22,643.51,694.72,704.37,
653.28,626.48,612.6,602.92,594.59,586.69,578.94,571.24,563.55,555.87,548.19,540.5,
684.78,689.57,694.35,699.13,703.91,708.7,713.48,718.26,723.04,727.83,732.61,737.39,
653.48,666.96,680.43,693.91,707.39,720.87,734.35,747.83,761.3,774.78,788.26,801.74,
307.83,315.65,323.48,331.3,339.13,346.96,354.78,362.61,370.43,378.26,386.09,393.91,
182.25,189.47,300.74,474.42,655.35,791.78,849.58,820.17,720.43,585.43,456.72,370.02,
336.6,511.76,671.17,774.27,801.51,760.86,677.31,583.7,508.91,470.76,472.85,506.54,
136.91,177.34,212.17,242.18,268.04,290.32,309.52,326.07,340.32,352.61,363.19,372.31,
175.1,214.55,249.05,279.22,305.61,328.69,348.88,366.54,381.98,395.48,407.29,417.62,
464.03,483.53,499.36,512.21,522.64,531.1,537.97,543.55,548.07,551.74,554.73,557.15,
832.4,1024.93,1133.79,1095.7,1002.44,854.89,647.63,449.53,299.4,205.07,189.83,259.03,
780.21,861.76,897.94,888.93,841.06,765.23,674.88,583.93,504.82,446.96,415.81,412.6,
616.05,596.46,584.05,578.31,577.23,578.65,580.9,582.95,584.38,585.13,585.37,585.3,
815.41,733.87,608.48,481.21,382.03,333.1,343.88,409.38,512.0,626.11,724.43,784.51,
566.69,587.55,601.09,606.96,605.77,598.87,588.04,575.25,562.35,550.89,541.98,536.24,
536.89,551.94,563.52,570.67,573.13,571.28,566.0,558.46,549.96,541.73,534.76,529.77,
444.42,476.66,511.47,544.02,570.42,588.11,596.02,594.48,584.99,569.88,551.88,533.7,
564.81,573.58,576.08,572.93,565.39,555.11,543.84,533.2,524.48,518.54,515.73,515.95,
514.78,526.85,537.54,545.32,549.42,549.7,546.61,541.04,534.14,527.08,520.95,516.51,
550.28,555.86,556.6,553.07,546.35,537.83,528.98,521.11,515.2,511.82,511.1,512.79,
516.06,474.96,444.09,427.97,427.75,441.42,464.61,491.71,517.09,536.18,546.17,546.35,
729.36,637.31,527.36,424.13,348.66,314.61,325.91,376.75,453.47,538.07,612.27,661.37,
784.0,720.08,666.35,629.91,608.78,598.36,594.31,593.5,594.02,594.86,595.6,596.11,
1023.31,975.04,933.93,898.92,869.1,843.71,822.09,803.68,788.0,774.65,763.27,753.59,
779.15,739.73,709.18,685.49,667.12,652.89,641.85,633.3,626.66,621.52,617.54,614.45,
867.83,875.65,883.48,891.3,899.13,906.96,914.78,922.61,930.43,938.26,946.09,953.91,
973.91,987.83,1001.74,1015.65,1029.57,1043.48,1057.39,1071.3,1085.22,1099.13,1113.04,1126.96,
978.26,1006.52,1034.78,1063.04,1091.3,1119.57,1147.83,1176.09,1204.35,1232.61,1260.87,1289.13,
420.0,430.0,440.0,450.0,460.0,470.0,480.0,490.0,500.0,510.0,520.0,530.0,
397.83,405.65,413.48,421.3,429.13,436.96,444.78,452.61,460.43,468.26,476.09,483.91,
270.05,317.33,354.57,383.89,406.98,425.17,439.49,450.77,459.65,466.64,472.15,476.48,
164.57,430.17,386.56,551.01,456.47,587.3,479.25,597.42,487.4,599.48,490.99,599.06,
319.45,378.82,423.19,456.34,481.12,499.63,513.47,523.8,531.53,537.3,541.61,544.84,
507.18,534.05,553.45,567.47,577.6,584.92,590.21,594.03,596.79,598.78,600.22,601.26,
899.96,702.88,742.8,616.07,694.84,589.58,680.21,581.5,675.75,579.04,674.38,578.29,
671.9,725.97,607.08,690.54,587.71,679.95,581.93,676.78,580.2,675.83,579.68,675.55,
823.17,674.33,735.03,623.16,705.33,605.93,695.32,600.12,691.95,598.16,690.81,597.5,
944.22,884.66,783.03,662.46,548.38,463.29,422.37,430.97,484.13,568.28,664.52,752.74,
838.01,758.89,664.22,572.78,501.49,462.36,460.57,493.96,553.94,627.49,699.92,757.74,
461.17,508.98,541.11,562.69,577.19,586.94,593.48,597.88,600.83,602.82,604.15,605.05,
466.27,511.77,543.0,564.44,579.15,589.26,596.19,600.95,604.22,606.47,608.01,609.06,
504.89,536.03,557.64,572.63,583.04,590.25,595.26,598.74,601.15,602.82,603.98,604.79,
713.64,689.38,673.19,662.4,655.19,650.39,647.18,645.05,643.62,642.67,642.03,641.61,
674.19,663.67,656.67,652.01,648.91,646.85,645.48,644.57,643.96,643.56,643.29,643.11,
675.36,672.24,670.15,668.75,667.81,667.18,666.76,666.47,666.28,666.16,666.07,666.01,
519.83,554.41,578.41,595.06,606.61,614.63,620.19,624.06,626.74,628.59,629.88,630.78,
794.29,757.56,733.35,717.4,706.88,699.94,695.37,692.36,690.37,689.06,688.2,687.63,
774.87,732.44,704.81,686.81,675.09,667.45,662.48,659.24,657.13,655.76,654.86,654.28,
733.37,703.38,684.1,671.7,663.72,658.59,655.3,653.18,651.81,650.93,650.37,650.01,
925.7,843.94,790.16,754.78,731.51,716.21,706.14,699.52,695.16,692.29,690.41,689.17,
757.07,718.69,695.28,681.01,672.3,666.99,663.75,661.78,660.57,659.84,659.39,659.12,
587.39,594.78,602.17,609.57,616.96,624.35,631.74,639.13,646.52,653.91,661.3,668.7,
418.74,480.67,519.51,543.87,559.15,568.73,574.74,578.51,580.88,582.36,583.29,583.88,
308.2,377.18,425.64,459.68,483.59,500.39,512.19,520.48,526.31,530.4,533.27,535.29,
212.53,294.78,354.9,398.85,430.96,454.44,471.6,484.14,493.3,500.0,504.9,508.48,
197.51,277.58,337.21,381.63,414.71,439.34,457.69,471.36,481.53,489.11,494.76,498.96,
231.07,306.78,363.5,405.99,437.82,461.67,479.53,492.92,502.94,510.45,516.08,520.29,
440.43,430.87,421.3,411.74,402.17,392.61,383.04,373.48,363.91,354.35,344.78,335.22,
633.9,629.53,626.4,624.16,622.55,621.4,620.58,619.99,619.57,619.27,619.05,618.89,
597.79,583.43,576.92,575.24,575.65,576.52,577.19,577.55,577.68,577.69,577.66,577.63,
699.41,663.3,632.23,613.3,604.41,601.48,601.29,601.96,602.65,603.1,603.33,603.42,
752.73,712.04,683.12,662.57,647.97,637.59,630.22,624.98,621.26,618.61,616.73,615.4,
525.81,529.97,532.95,535.09,536.62,537.71,538.5,539.06,539.46,539.75,539.96,540.11,
704.88,666.18,639.01,619.93,606.53,597.12,590.52,585.88,582.63,580.34,578.73,577.61,
598.41,590.35,584.75,580.85,578.15,576.27,574.96,574.05,573.42,572.98,572.68,572.47,
525.66,543.99,557.09,566.44,573.12,577.89,581.3,583.74,585.48,586.72,587.61,588.24,
698.66,669.83,649.74,635.73,625.96,619.16,614.41,611.1,608.79,607.18,606.06,605.28,
646.0,648.1,633.26,611.06,590.79,578.52,576.0,581.33,590.58,599.63,605.6,607.4,
636.28,622.41,595.97,568.03,547.64,539.46,543.28,555.22,569.72,581.7,587.98,587.89,
650.82,643.87,638.61,634.64,631.63,629.35,627.63,626.33,625.34,624.6,624.03,623.61,
750.85,721.39,699.22,682.54,669.99,660.55,653.44,648.09,644.07,641.04,638.76,637.04,
837.46,789.99,753.95,726.59,705.82,690.05,678.09,669.0,662.1,656.87,652.89,649.87,
881.12,823.99,726.88,625.06,546.92,507.9,509.38,541.58,588.73,634.74,667.55,681.42,
590.43,580.87,571.3,561.74,552.17,542.61,533.04,523.48,513.91,504.35,494.78,485.22,
569.57,569.13,568.7,568.26,567.83,567.39,566.96,566.52,566.09,565.65,565.22,564.78,
445.22,450.43,455.65,460.87,466.09,471.3,476.52,481.74,486.96,492.17,497.39,502.61,
335.22,340.43,345.65,350.87,356.09,361.3,366.52,371.74,376.96,382.17,387.39,392.61,
373.42,392.33,407.61,419.96,429.93,437.98,444.49,449.75,454.0,457.43,460.2,462.44,
309.9,341.81,367.33,387.74,404.06,417.11,427.54,435.89,442.56,447.9,452.17,455.58,
175.08,227.71,270.27,304.68,332.5,355.0,373.19,387.9,399.8,409.41,417.19,423.48,
94.78,54.82,65.24,21.86,17.13,0.0,0.0,0.0,0.0,0.0,0.0,0.0,
131.63,109.95,88.27,66.59,44.91,23.23,1.55,0.0,0.0,0.0,0.0,0.0,
224.12,206.1,188.08,170.07,152.05,134.03,116.01,97.99,79.98,61.96,43.94,25.92,
396.96,383.91,370.87,357.83,344.78,331.74,318.7,305.65,292.61,279.57,266.52,253.48,
423.91,407.83,391.74,375.65,359.57,343.48,327.39,311.3,295.22,279.13,263.04,246.96,
885.22,900.43,915.65,930.87,946.09,961.3,976.52,991.74,1006.96,1022.17,1037.39,1052.61,
883.81,844.84,811.95,784.19,760.77,741.0,724.32,710.24,698.37,688.34,679.88,672.74,
836.21,799.4,768.46,742.46,720.61,702.24,686.8,673.82,662.91,653.74,646.04,639.56,
548.65,503.36,492.72,497.04,505.64,513.64,519.47,523.09,525.04,525.91,526.19,526.18,
807.32,779.75,756.51,736.91,720.39,706.45,694.7,684.79,676.43,669.39,663.45,658.43,
636.96,626.32,617.63,610.55,604.77,600.05,596.21,593.07,590.5,588.41,586.71,585.32,
819.27,785.61,757.8,734.82,715.83,700.14,687.18,676.46,667.61,660.3,654.25,649.26,
800.79,580.2,724.31,549.57,690.14,543.06,672.52,545.07,661.68,549.79,653.86,555.08,
934.93,889.31,851.51,820.2,794.26,772.77,754.96,740.21,727.99,717.86,709.48,702.53,
635.03,631.16,628.17,625.84,624.03,622.63,621.54,620.7,620.04,619.53,619.14,618.83,
707.21,928.04,748.37,902.3,775.52,883.34,794.2,869.9,807.35,860.59,816.76,854.25,
858.7,598.03,808.35,618.39,778.78,638.29,759.39,654.85,745.93,667.98,736.39,678.23,
376.86,375.26,300.05,305.3,261.31,262.34,232.43,228.5,205.64,198.01,178.96,168.9,
464.75,444.2,447.88,439.21,442.83,438.52,440.9,438.51,439.9,438.5,439.25,438.38,
381.73,347.65,356.95,341.38,348.46,340.27,344.54,339.84,342.13,339.24,340.32,338.42,
334.19,335.79,317.85,319.33,308.3,307.96,300.06,298.21,291.9,289.06,283.62,280.18,
406.8,431.79,454.01,470.31,482.26,491.04,497.48,502.2,505.67,508.21,510.08,511.45,
376.08,370.23,393.63,411.74,425.77,436.64,445.05,451.56,456.61,460.52,463.54,465.89,
266.02,232.6,282.05,320.51,350.43,373.71,391.81,405.89,416.85,425.37,432.0,437.16,
141.69,165.92,229.1,275.49,332.26,369.32,406.61,428.16,447.97,457.41,465.8,468.24,
121.46,148.75,118.22,132.02,111.95,117.81,103.84,105.06,94.65,93.14,84.82,81.71,
172.29,156.01,166.73,155.15,160.15,151.98,153.84,147.85,147.9,143.25,142.24,138.4,
172.83,221.13,162.96,173.31,139.56,134.19,110.56,98.67,79.23,64.65,46.95,31.25,
520.05,825.87,688.27,739.4,710.2,715.2,705.64,702.28,696.27,691.39,686.04,680.88,
1029.45,1184.77,1187.08,1189.39,1191.7,1194.01,1196.32,1198.63,1200.94,1203.25,1205.56,1207.87,
1151.45,1098.82,1103.74,1108.67,1113.59,1118.52,1123.44,1128.37,1133.29,1138.22,1143.14,1148.07,
926.05,789.17,743.36,710.45,686.82,669.85,657.65,648.9,642.61,638.09,634.84,632.51,
750.9,669.18,653.1,641.94,634.18,628.8,625.06,622.46,620.66,619.4,618.53,617.93,
513.33,384.92,334.34,318.71,333.25,369.83,418.87,470.94,518.09,554.63,577.55,586.33,
578.28,702.25,673.76,654.1,640.54,631.18,624.72,620.27,617.2,615.08,613.62,612.61,
595.04,591.29,588.44,586.29,584.66,583.42,582.48,581.77,581.23,580.83,580.52,580.28,
536.92,550.52,561.45,570.24,577.3,582.97,587.53,591.2,594.14,596.51,598.41,599.94,
574.91,570.89,567.7,565.17,563.17,561.59,560.34,559.35,558.56,557.94,557.45,557.06,
886.63,897.06,854.04,787.41,719.51,663.9,626.32,606.72,601.61,606.14,615.54,626.04,
655.36,656.98,658.6,660.22,661.84,663.45,665.07,666.69,668.31,669.93,671.54,673.16,
1109.86,1162.63,1196.26,1223.46,1248.51,1272.83,1296.91,1320.91,1344.88,1368.84,1392.8,1416.76,
856.09,872.17,888.26,904.35,920.43,936.52,952.61,968.7,984.78,1000.87,1016.96,1033.04,
734.78,749.57,764.35,779.13,793.91,808.7,823.48,838.26,853.04,867.83,882.61,897.39,
536.96,543.91,550.87,557.83,564.78,571.74,578.7,585.65,592.61,599.57,606.52,613.48,
327.53,365.55,486.22,649.77,799.91,885.52,880.44,793.51,665.17,551.86,504.16,547.33,
185.05,232.34,367.2,511.69,649.65,741.72,781.79,767.67,714.54,640.58,566.71,508.98,
109.3,218.03,384.36,554.36,696.52,783.61,808.99,777.9,707.65,619.9,536.36,473.64,
234.28,418.62,606.35,757.7,842.79,854.35,801.24,706.37,597.75,502.21,439.06,417.23,
344.61,536.65,722.07,851.35,895.24,850.63,738.66,596.54,465.85,380.77,359.68,401.71,
600.6,793.66,920.77,951.33,881.27,733.03,548.59,377.72,264.62,236.54,297.39,427.61,
865.97,957.01,1018.78,1067.36,1110.0,1149.95,1188.7,1226.9,1264.85,1302.7,1340.49,1378.26,
797.15,813.06,825.11,835.84,846.12,856.24,866.31,876.37,886.41,896.46,906.5,916.55,
795.72,738.83,656.05,584.2,531.68,509.45,514.13,539.26,573.76,607.62,632.9,645.72,
584.99,491.01,474.22,473.63,511.32,555.46,602.06,635.46,653.35,653.91,641.77,622.33,
417.79,419.66,492.7,549.71,581.39,598.98,608.76,614.19,617.2,618.88,619.81,620.33,
422.11,455.2,492.53,550.63,593.78,625.25,633.37,625.58,604.8,580.71,558.98,545.03,
515.81,554.79,580.45,596.21,596.22,586.39,570.46,554.82,543.22,538.03,539.01,544.51,
559.35,536.7,538.05,552.07,567.49,577.54,580.62,578.65,574.68,571.18,569.35,569.15,
715.52,838.54,736.44,617.64,515.45,450.55,429.19,445.38,485.5,533.6,575.88,603.51,
733.94,558.02,479.44,433.39,421.87,438.57,472.41,511.3,545.12,567.54,576.42,573.26,
500.35,406.81,403.98,460.55,531.6,582.22,598.58,586.11,560.35,536.84,524.59,524.7,
610.39,588.37,557.11,450.3,452.17,450.67,463.41,518.49,556.68,589.74,611.18,605.63,
632.18,576.82,472.53,412.89,406.57,426.35,479.45,543.23,593.14,621.27,621.25,595.98,
699.81,594.65,525.93,467.82,434.15,444.39,480.29,531.35,585.83,627.22,647.64,645.17,
841.46,765.28,684.03,622.91,587.78,574.12,573.96,579.95,587.08,592.76,596.21,597.7,
824.35,828.7,833.04,837.39,841.74,846.09,850.43,854.78,859.13,863.48,867.83,872.17,
822.17,834.35,846.52,858.7,870.87,883.04,895.22,907.39,919.57,931.74,943.91,956.09,
733.16,822.13,917.82,992.95,1031.33,1031.99,1007.32,976.84,959.34,966.35,999.18,1049.88,
377.83,385.65,393.48,401.3,409.13,416.96,424.78,432.61,440.43,448.26,456.09,463.91,
199.9,296.56,406.75,492.14,541.65,560.22,558.94,548.67,537.06,528.11,522.95,521.03,
261.74,433.75,571.54,641.18,648.54,619.18,580.27,550.1,535.54,534.73,541.75,550.52,
196.18,331.71,448.84,524.7,559.63,565.08,554.76,539.66,526.41,517.72,513.64,512.92,
220.75,326.89,409.88,464.87,496.72,512.67,519.1,520.56,519.88,518.58,517.37,516.48,
765.26,896.85,1074.5,1036.17,875.48,726.22,518.8,346.35,287.59,293.78,376.41,525.24,
720.37,690.46,646.33,610.46,589.06,580.03,578.68,580.76,583.52,585.69,586.95,587.46,
538.44,535.82,548.64,563.14,573.62,579.24,581.24,581.25,580.5,579.71,579.16,578.88,
751.41,767.55,752.47,714.11,662.38,607.35,557.73,519.85,497.14,490.18,497.12,514.39,
588.35,567.28,558.35,555.51,555.24,555.75,556.33,556.75,557.0,557.12,557.18,557.19,
580.37,601.34,612.18,613.55,607.17,595.36,580.67,565.49,551.82,541.04,533.92,530.63,
479.62,530.17,551.07,559.72,563.29,564.77,565.38,565.63,565.74,565.78,565.8,565.8,
604.86,576.97,563.99,557.94,555.13,553.82,553.21,552.93,552.79,552.73,552.7,552.69,
240.4,391.3,468.68,508.36,528.71,539.15,544.5,547.24,548.65,549.37,549.74,549.93,
499.42,469.34,523.35,580.28,465.63,465.63,465.63,465.63,465.63,465.63,465.63,465.63,
597.75,578.43,562.79,553.32,548.92,547.62,547.79,548.39,548.96,549.34,549.53,549.6,
797.28,743.6,684.03,638.99,611.43,597.48,592.05,591.04,591.82,592.99,593.97,594.61,
623.14,536.48,470.82,426.36,414.61,432.23,470.69,517.22,559.16,586.9,595.82,586.64,
542.05,462.39,401.69,381.03,398.13,444.49,504.22,560.36,598.93,612.31,600.32,569.28,
648.43,571.27,490.85,435.38,411.11,419.27,452.98,500.88,550.15,589.6,611.93,614.76,
984.9,868.42,753.51,671.83,624.88,603.29,596.6,596.97,599.67,602.4,604.38,605.52,
883.04,886.09,889.13,892.17,895.22,898.26,901.3,904.35,907.39,910.43,913.48,916.52,
742.61,745.22,747.83,750.43,753.04,755.65,758.26,760.87,763.48,766.09,768.7,771.3,
616.8,769.19,921.71,1024.22,1057.4,1032.86,981.5,937.18,923.12,945.57,995.4,1055.2,
471.74,483.48,495.22,506.96,518.7,530.43,542.17,553.91,565.65,577.39,589.13,600.87,
336.58,365.62,388.66,406.96,421.49,433.01,442.17,449.43,455.2,459.78,463.41,466.3,
294.11,329.3,357.38,379.78,397.65,411.9,423.28,432.36,439.6,445.37,449.98,453.66,
248.58,294.88,331.47,360.4,383.26,401.33,415.62,426.91,435.83,442.89,448.46,452.87,
279.91,327.95,366.49,397.4,422.19,442.07,458.02,470.81,481.07,489.3,495.9,501.2,
478.25,499.82,516.28,528.84,538.43,545.75,551.33,555.6,558.85,561.34,563.23,564.68,
748.3,648.71,573.23,573.23,573.23,573.23,573.23,573.23,573.23,573.23,573.23,573.23,
537.69,493.78,574.07,574.07,574.07,574.07,574.07,574.07,574.07,574.07,574.07,574.07,
679.41,656.72,639.9,627.43,618.18,611.33,606.24,602.47,599.67,597.6,596.06,594.92,
682.85,658.81,640.83,627.39,617.34,609.83,604.21,600.01,596.87,594.52,592.76,591.45,
670.05,687.12,599.33,643.46,576.62,627.77,569.97,621.54,568.68,618.53,569.13,616.66,
580.73,529.95,604.12,547.37,610.99,554.77,612.15,558.57,611.4,561.02,610.05,562.93,
444.38,521.68,495.6,552.0,517.75,563.78,527.76,567.9,532.66,568.89,535.4,568.63,
311.28,316.14,404.85,388.31,460.51,431.24,493.61,456.77,513.31,471.96,525.02,481.0,
541.49,640.28,539.45,624.86,543.88,615.52,549.41,608.87,554.55,603.7,558.97,599.54,
796.2,764.47,698.19,638.26,601.45,587.7,589.24,597.32,605.7,611.4,613.94,614.16,
583.78,554.62,529.02,511.65,504.7,507.86,518.77,533.87,549.36,561.97,569.6,571.51,
627.35,555.82,484.07,432.51,412.17,426.07,468.49,527.07,586.25,631.36,652.2,645.21,
810.58,720.1,635.66,583.4,563.05,563.29,572.12,581.46,587.75,590.54,590.88,590.06,
766.21,634.17,501.18,392.49,326.63,312.54,348.61,423.88,520.87,619.46,700.86,751.09,
695.79,566.17,453.71,375.4,340.38,349.42,395.7,466.94,548.1,624.27,683.15,716.85,
1042.61,1055.22,1067.83,1080.43,1093.04,1105.65,1118.26,1130.87,1143.48,1156.09,1168.7,1181.3,
822.17,834.35,846.52,858.7,870.87,883.04,895.22,907.39,919.57,931.74,943.91,956.09,
626.96,633.91,640.87,647.83,654.78,661.74,668.7,675.65,682.61,689.57,696.52,703.48,
477.39,484.78,492.17,499.57,506.96,514.35,521.74,529.13,536.52,543.91,551.3,558.7,
232.37,332.12,432.39,502.87,541.96,558.47,562.21,560.4,557.21,554.48,552.74,551.86,
266.13,387.7,482.15,538.08,562.85,568.57,565.48,560.04,555.37,552.38,550.93,550.48,
222.69,397.96,589.31,761.51,886.65,948.13,942.34,877.82,772.43,649.14,531.48,439.38,
209.45,258.82,299.81,333.85,362.12,385.59,405.08,421.26,434.7,445.86,455.13,462.83,
745.16,905.57,1085.29,1118.23,1022.53,869.16,663.04,447.11,284.78,203.8,214.94,316.74,
808.17,988.96,947.14,870.21,770.08,593.53,461.67,388.8,354.99,396.0,485.4,585.15,
852.76,920.3,931.45,888.8,805.48,699.7,591.46,498.96,435.84,409.37,419.96,461.83,
805.94,804.63,767.45,706.37,635.97,570.08,519.54,490.75,485.29,500.37,530.05,566.8,
643.92,606.41,544.26,523.93,525.61,533.23,562.35,595.85,620.6,639.14,645.48,638.33,
539.21,506.78,536.45,577.04,606.74,616.7,609.99,595.81,583.14,576.95,577.5,582.02,
616.11,605.36,599.1,595.46,593.34,592.1,591.38,590.96,590.72,590.58,590.5,590.45,
481.99,482.03,494.12,514.86,540.0,564.93,585.55,598.86,603.37,599.19,587.86,571.95,
602.0,573.25,625.63,597.24,587.97,598.65,579.11,576.53,578.83,573.16,577.43,581.74,
718.44,697.21,670.38,648.69,634.84,627.74,625.15,624.99,625.8,626.76,627.52,628.0,
699.67,673.72,611.81,581.73,542.92,515.99,518.43,530.15,553.76,585.05,610.6,628.39,
591.99,544.01,514.57,515.12,520.21,541.27,571.02,595.45,614.42,623.4,620.1,608.56,
547.97,505.29,505.9,497.73,513.93,549.72,575.85,601.66,619.54,619.1,609.08,591.34,
599.46,579.56,567.49,530.87,528.3,534.36,541.92,564.29,583.41,596.2,604.44,602.13,
532.81,525.85,492.06,498.26,526.0,547.21,576.0,598.22,602.66,596.84,581.34,559.76,
735.76,678.3,675.46,605.29,544.0,518.64,498.63,507.49,540.7,578.87,618.7,649.44,
700.0,634.7,589.08,544.92,525.86,524.16,538.74,559.96,581.23,596.56,603.67,602.77,
693.04,696.09,699.13,702.17,705.22,708.26,711.3,714.35,717.39,720.43,723.48,726.52,
730.87,741.74,752.61,763.48,774.35,785.22,796.09,806.96,817.83,828.7,839.57,850.43,
543.48,556.96,570.43,583.91,597.39,610.87,624.35,637.83,651.3,664.78,678.26,691.74,
47.07,175.3,364.15,519.3,603.18,620.85,597.84,561.57,530.92,513.81,509.69,513.77,
371.03,681.54,834.12,786.53,628.99,489.42,445.53,493.94,577.28,635.03,640.67,606.91,
195.16,321.38,422.63,485.89,515.82,523.39,519.33,511.37,503.89,498.63,495.73,494.64,
143.48,126.96,110.43,93.91,77.39,60.87,44.35,27.83,11.3,0.0,0.0,0.0,
170.0,150.0,130.0,110.0,90.0,70.0,50.0,30.0,10.0,0.0,0.0,0.0,
271.3,252.61,233.91,215.22,196.52,177.83,159.13,140.43,121.74,103.04,84.35,65.65,
478.26,466.52,454.78,443.04,431.3,419.57,407.83,396.09,384.35,372.61,360.87,349.13,
638.26,636.52,634.78,633.04,631.3,629.57,627.83,626.09,624.35,622.61,620.87,619.13,
1093.79,1100.21,1032.66,906.13,742.29,566.05,402.02,271.17,188.38,160.87,187.91,261.51,
1323.21,1223.1,1036.11,795.48,538.3,301.33,116.16,5.07,0.0,35.04,161.0,334.51,
1354.42,1271.2,1198.81,1135.84,1081.06,1033.41,991.96,955.9,924.53,897.25,873.52,852.87,
677.71,370.56,116.17,0.0,0.0,0.0,170.52,404.31,647.87,854.15,986.06,1022.9,
840.1,602.12,372.98,187.48,67.2,23.73,57.24,157.34,305.34,477.4,648.18,794.43,
619.96,374.43,166.55,22.59,0.0,0.0,78.11,236.75,431.01,632.71,814.13,951.71,
496.78,285.93,122.46,25.3,2.83,53.49,166.47,323.67,502.41,678.63,830.0,938.7,
954.39,907.83,850.91,801.46,763.66,736.64,718.08,705.68,697.55,692.28,688.91,686.76,
931.3,942.61,953.91,965.22,976.52,987.83,999.13,1010.43,1021.74,1033.04,1044.35,1055.65,
789.13,798.26,807.39,816.52,825.65,834.78,843.91,853.04,862.17,871.3,880.43,889.57,
969.13,978.26,987.39,996.52,1005.65,1014.78,1023.91,1033.04,1042.17,1051.3,1060.43,1069.57,
564.35,558.7,553.04,547.39,541.74,536.09,530.43,524.78,519.13,513.48,507.83,502.17,
502.17,494.35,486.52,478.7,470.87,463.04,455.22,447.39,439.57,431.74,423.91,416.09,
440.0,473.08,500.42,523.03,541.72,557.18,569.95,580.52,589.25,596.48,602.45,607.38,
562.28,572.41,580.78,587.69,593.39,598.1,601.99,605.2,607.85,610.03,611.84,613.33,
413.21,424.75,434.85,443.67,451.38,458.12,464.02,469.17,473.67,477.6,481.04,484.05,
368.83,385.27,399.63,412.18,423.13,432.71,441.07,448.37,454.75,460.32,465.18,469.43,
278.75,303.91,325.94,345.22,362.1,376.88,389.81,401.14,411.05,419.72,427.32,433.97,
284.58,314.52,340.42,362.85,382.25,399.05,413.59,426.17,437.06,446.48,454.64,461.7,
179.57,179.13,178.7,178.26,177.83,177.39,176.96,176.52,176.09,175.65,175.22,174.78,
175.22,170.43,165.65,160.87,156.09,151.3,146.52,141.74,136.96,132.17,127.39,122.61,
260.43,250.87,241.3,231.74,222.17,212.61,203.04,193.48,183.91,174.35,164.78,155.22,
420.87,411.74,402.61,393.48,384.35,375.22,366.09,356.96,347.83,338.7,329.57,320.43,
592.61,575.22,557.83,540.43,523.04,505.65,488.26,470.87,453.48,436.09,418.7,401.3,
1199.8,1523.52,1787.66,2107.3,2423.18,2765.81,3119.49,3492.3,3880.07,4284.96,4705.85,5143.32,
794.78,769.57,744.35,719.13,693.91,668.7,643.48,618.26,593.04,567.83,542.61,517.39,
987.46,951.25,920.45,894.24,871.94,852.96,836.81,823.07,811.38,801.43,792.96,785.76,
748.09,738.5,730.77,724.55,719.54,715.5,712.25,709.63,707.53,705.83,704.46,703.36,
952.87,1053.95,957.97,888.17,837.4,800.48,773.64,754.11,739.91,729.58,722.07,716.61,
917.76,548.27,836.72,555.06,781.86,566.31,743.9,578.45,717.11,589.83,697.85,599.77,
392.78,650.46,495.65,672.81,555.18,678.47,590.6,677.2,612.3,673.55,625.96,669.51,
1062.88,951.74,647.03,647.03,647.03,647.03,647.03,647.03,647.03,647.03,647.03,647.03,
720.01,652.84,611.82,595.74,597.41,608.31,621.36,632.18,638.96,641.76,641.68,640.05,
714.23,748.99,726.95,731.67,723.79,721.84,717.1,713.68,709.63,705.88,701.98,698.16,
721.35,679.59,710.62,704.62,717.46,720.72,728.85,734.5,741.42,747.69,754.29,760.72,
698.53,743.02,736.76,757.34,763.73,777.62,787.55,799.57,810.48,821.98,833.17,844.52,
616.2,527.05,582.72,559.35,579.11,575.34,584.41,586.47,592.36,596.15,601.09,605.41,
258.44,237.53,204.34,193.92,172.84,162.12,144.94,132.95,117.39,104.52,89.72,76.35,
288.44,353.12,395.69,427.77,451.94,470.15,483.88,494.22,502.02,507.89,512.31,515.65,
356.23,404.33,432.7,454.13,470.31,482.53,491.75,498.71,503.97,507.94,510.94,513.21,
434.89,576.85,686.67,744.62,749.23,713.0,655.61,597.1,552.64,529.97,529.27,545.09,
463.7,473.83,505.08,542.66,575.13,596.12,604.23,601.72,592.74,581.68,571.97,565.58,
194.93,237.21,343.15,431.08,541.28,634.16,723.38,789.54,837.4,858.86,857.41,832.09,
0.0,0.0,0.0,0.0,0.0,0.0,0.0,0.0,0.0,0.0,0.0,0.0,
80.13,75.11,62.71,53.98,43.43,33.78,23.68,13.81,3.82,0.0,0.0,0.0,
123.62,142.63,110.06,105.38,85.62,74.01,57.99,44.36,29.44,15.21,0.61,0.0,
166.77,176.63,125.52,119.14,79.94,64.83,32.04,12.22,0.0,0.0,0.0,0.0,
278.36,370.32,267.1,293.63,233.9,231.51,191.01,175.85,143.84,123.03,94.77,71.46,
715.89,801.79,757.11,771.23,758.87,758.44,752.63,749.24,744.77,740.78,736.58,732.47,
835.99,809.64,813.03,804.19,800.38,794.5,789.47,784.1,778.86,773.57,768.3,763.02,
758.04,750.19,747.59,743.26,739.5,735.55,731.67,727.76,723.86,719.96,716.06,712.16,
922.9,883.7,851.06,823.9,801.28,782.46,766.79,753.74,742.89,733.85,726.32,720.06,
727.32,693.54,666.8,645.64,628.89,615.63,605.14,596.83,590.26,585.06,580.94,577.68,
339.88,383.77,415.95,439.54,456.83,469.5,478.8,485.61,490.6,494.26,496.95,498.91,
454.08,471.62,484.4,493.71,500.49,505.44,509.04,511.66,513.57,514.96,515.98,516.72,
445.52,456.54,464.39,469.96,473.92,476.74,478.74,480.16,481.17,481.89,482.4,482.77,
485.21,488.99,491.74,493.73,495.17,496.22,496.98,497.53,497.93,498.22,498.43,498.58,
581.27,553.85,534.42,520.66,510.92,504.02,499.13,495.67,493.22,491.48,490.25,489.38,
672.57,630.54,599.79,577.29,560.82,548.77,539.95,533.5,528.78,525.32,522.8,520.95,
495.17,484.6,477.08,471.71,467.89,465.17,463.23,461.85,460.86,460.16,459.66,459.31,
861.74,883.48,905.22,926.96,948.7,970.43,992.17,1013.91,1035.65,1057.39,1079.13,1100.87,
818.26,836.52,854.78,873.04,891.3,909.57,927.83,946.09,964.35,982.61,1000.87,1019.13,
540.0,550.0,560.0,570.0,580.0,590.0,600.0,610.0,620.0,630.0,640.0,650.0,
389.99,417.63,436.75,449.97,459.11,465.43,469.8,472.82,474.91,476.35,477.35,478.04,
293.47,332.55,361.1,381.96,397.2,408.34,416.48,422.42,426.77,429.94,432.26,433.96,
260.9,305.7,338.65,362.89,380.73,393.84,403.49,410.59,415.81,419.66,422.48,424.56,
279.3,322.36,353.62,376.33,392.82,404.79,413.48,419.8,424.38,427.71,430.13,431.88,
340.31,375.44,399.96,417.07,429.02,437.36,443.19,447.25,450.09,452.07,453.46,454.42,
676.45,531.17,531.17,531.17,531.17,531.17,531.17,531.17,531.17,531.17,531.17,531.17,
554.63,548.03,548.03,548.03,548.03,548.03,548.03,548.03,548.03,548.03,548.03,548.03,
798.86,694.39,542.24,395.99,308.28,310.46,401.42,548.05,697.32,795.48,807.36,729.02,
744.46,706.95,681.61,664.49,652.93,645.12,639.85,636.29,633.88,632.26,631.16,630.42,
716.02,679.87,655.66,639.44,628.57,621.3,616.42,613.16,610.97,609.51,608.53,607.87,
542.44,535.26,549.47,563.09,569.88,571.33,570.49,569.38,568.74,568.54,568.58,568.66,
563.07,569.23,576.43,580.59,581.91,581.76,581.25,580.87,580.7,580.68,580.71,580.74,
475.88,503.97,521.16,531.68,538.13,542.07,544.48,545.96,546.87,547.42,547.76,547.97,
337.19,378.23,407.69,428.82,443.99,454.87,462.68,468.29,472.31,475.19,477.26,478.75,
589.74,570.5,558.28,550.51,545.58,542.44,540.45,539.18,538.37,537.86,537.54,537.33,
421.58,459.36,482.54,496.76,505.49,510.84,514.12,516.14,517.37,518.13,518.59,518.88,
581.8,565.37,555.8,550.22,546.98,545.08,543.98,543.34,542.96,542.74,542.62,542.54,
701.3,648.86,617.85,599.52,588.68,582.27,578.48,576.24,574.91,574.13,573.67,573.39,
868.58,785.99,729.82,691.61,665.62,647.94,635.92,627.74,622.18,618.39,615.82,614.07,
824.38,665.28,484.21,365.64,354.17,440.09,571.23,682.34,726.26,692.57,607.22,515.75,
727.29,594.74,464.81,374.32,347.95,391.54,490.89,616.36,731.63,804.23,814.65,761.53,
647.48,529.53,435.17,389.98,405.46,476.13,581.4,691.52,776.01,812.06,790.67,718.88,
801.3,812.61,823.91,835.22,846.52,857.83,869.13,880.43,891.74,903.04,914.35,925.65,
725.65,741.3,756.96,772.61,788.26,803.91,819.57,835.22,850.87,866.52,882.17,897.83,
599.6,480.1,446.32,482.94,552.78,618.21,655.66,660.04,640.55,612.51,589.45,578.55,
307.56,365.02,407.59,439.13,462.49,479.8,492.63,502.13,509.17,514.38,518.25,521.11,
193.36,265.16,320.39,362.87,395.54,420.67,439.99,454.86,466.29,475.08,481.85,487.05,
190.63,260.98,315.59,357.99,390.9,416.45,436.28,451.68,463.63,472.91,480.11,485.71,
362.8,411.13,448.31,476.93,498.95,515.9,528.94,538.97,546.69,552.64,557.21,560.73,
878.79,1084.31,1157.02,1099.68,930.6,694.57,451.12,259.57,164.64,186.08,314.76,515.83,
616.84,614.49,612.75,611.46,610.5,609.79,609.26,608.87,608.58,608.37,608.21,608.09,
644.98,633.97,625.89,619.97,615.63,612.45,610.12,608.41,607.15,606.23,605.56,605.07,
789.35,811.99,795.97,748.23,680.47,606.6,540.1,491.7,467.87,470.1,495.19,536.34,
615.49,605.38,598.34,593.45,590.03,587.66,586.01,584.86,584.05,583.5,583.11,582.84,
590.55,575.92,564.33,557.58,556.26,559.8,566.75,575.22,583.32,589.52,592.88,593.19,
553.56,543.38,540.23,543.8,552.58,564.22,576.15,586.05,592.3,594.16,591.84,586.31,
489.49,503.52,513.63,520.92,526.16,529.94,532.66,534.62,536.03,537.05,537.78,538.31,
436.06,485.83,549.93,598.75,627.13,632.41,621.96,603.72,585.77,572.95,567.18,567.61,
622.05,629.52,620.58,599.61,571.99,543.84,520.66,506.33,502.6,508.96,523.0,541.12,
662.62,645.85,629.36,596.26,570.53,551.91,545.51,548.2,557.06,567.59,576.63,582.15,
614.43,597.5,573.35,547.35,524.69,509.47,503.98,508.4,520.98,538.54,557.23,573.32,
922.67,875.97,807.77,747.96,705.42,679.28,665.35,659.17,657.29,657.43,658.26,659.16,
523.97,559.77,409.57,360.3,457.36,482.36,543.74,645.57,660.94,647.03,628.15,563.05,
958.51,895.55,846.91,809.34,780.31,757.89,740.57,727.18,716.84,708.86,702.69,697.92,
842.53,662.03,638.87,627.88,622.67,620.19,619.02,618.46,618.19,618.07,618.01,617.98,
915.22,920.43,925.65,930.87,936.09,941.3,946.52,951.74,956.96,962.17,967.39,972.61,
737.4,639.08,784.19,822.53,964.76,995.71,1035.47,986.07,946.34,889.52,883.87,908.26,
585.9,579.07,591.29,596.63,604.46,611.39,618.64,625.77,632.95,640.11,647.28,654.45,
357.23,291.09,313.97,289.16,304.04,294.31,303.07,299.6,304.92,304.26,307.82,308.47,
259.23,323.44,369.64,402.89,426.81,444.03,456.42,465.33,471.75,476.37,479.69,482.08,
247.81,317.51,367.18,402.57,427.8,445.77,458.58,467.71,474.21,478.85,482.15,484.5,
278.95,397.17,599.58,733.83,872.31,914.4,921.82,843.79,742.84,602.96,480.97,373.04,
293.09,412.52,600.04,731.0,865.2,923.31,949.96,904.93,830.1,713.42,594.04,473.37,
535.77,811.23,900.41,1039.32,1001.03,963.39,799.84,654.69,464.32,338.22,236.87,226.33,
667.13,637.76,617.64,603.86,594.42,587.95,583.52,580.49,578.41,576.98,576.01,575.34,
654.26,629.72,612.86,601.27,593.32,587.86,584.1,581.53,579.76,578.54,577.7,577.13,
412.71,447.69,542.86,542.86,542.86,542.86,542.86,542.86,542.86,542.86,542.86,542.86,
644.77,567.36,516.63,498.77,508.47,534.09,563.11,586.01,598.1,599.33,592.81,582.91,
553.51,494.58,474.62,486.68,516.86,550.54,576.88,590.68,592.05,584.65,573.47,562.96,
412.71,316.23,315.49,365.07,446.9,537.98,616.24,665.52,678.43,656.88,610.42,552.99,
294.47,280.81,335.84,429.55,528.18,604.07,641.83,639.71,607.11,559.53,513.09,480.05,
367.79,480.2,585.69,655.12,677.56,658.68,614.81,565.34,526.23,506.24,506.26,521.04,
525.63,663.55,736.87,738.86,686.17,608.1,534.58,486.93,473.42,489.91,524.12,561.32,
682.12,767.65,771.58,711.2,619.49,531.53,473.3,455.84,475.24,517.23,563.89,599.93,
645.63,628.31,616.0,607.25,601.04,596.62,593.48,591.25,589.66,588.54,587.73,587.17,
599.5,585.55,576.05,569.58,565.18,562.18,560.14,558.75,557.81,557.17,556.73,556.43,
812.35,775.09,745.95,723.17,705.35,691.41,680.51,671.99,665.33,660.11,656.04,652.85,
733.07,632.9,569.25,539.83,532.17,534.57,539.59,543.8,546.29,547.34,547.54,547.38,
574.83,450.69,354.63,315.63,344.6,431.35,548.13,658.47,728.58,737.68,684.12,585.55,
1036.52,1053.04,1069.57,1086.09,1102.61,1119.13,1135.65,1152.17,1168.7,1185.22,1201.74,1218.26,
832.17,844.35,856.52,868.7,880.87,893.04,905.22,917.39,929.57,941.74,953.91,966.09,
684.35,698.7,713.04,727.39,741.74,756.09,770.43,784.78,799.13,813.48,827.83,842.17,
305.65,311.3,316.96,322.61,328.26,333.91,339.57,345.22,350.87,356.52,362.17,367.83,
442.46,459.44,472.26,481.96,489.28,494.81,499.0,502.16,504.55,506.35,507.71,508.74,
384.3,417.18,441.58,459.7,473.14,483.13,490.54,496.03,500.12,503.15,505.4,507.07,
410.98,446.86,472.1,489.87,502.38,511.18,517.37,521.73,524.79,526.95,528.47,529.54,
377.18,436.25,476.27,503.39,521.76,534.2,542.64,548.35,552.22,554.85,556.62,557.83,
553.77,569.63,580.21,587.27,591.98,595.13,597.23,598.63,599.56,600.19,600.6,600.88,
641.89,629.55,621.16,615.44,611.54,608.89,607.09,605.86,605.02,604.45,604.06,603.8,
838.7,886.38,879.63,820.14,720.62,602.09,489.43,406.15,369.52,386.94,454.49,557.8,
780.93,790.38,765.47,713.52,647.25,581.69,530.89,504.9,507.9,537.56,586.0,641.74,
822.2,798.21,740.29,660.65,575.33,500.94,451.5,435.79,455.78,506.54,577.34,653.89,
783.37,755.35,703.9,638.12,569.19,508.44,465.56,447.0,455.06,487.61,538.61,599.17,
663.66,609.7,556.27,512.93,486.94,482.04,498.0,530.82,573.73,618.47,656.91,682.48,
522.54,512.22,539.49,592.23,650.68,694.68,710.52,695.04,655.89,608.11,568.48,549.74,
622.73,618.04,615.02,613.07,611.82,611.01,610.49,610.15,609.94,609.8,609.71,609.65,
653.66,642.92,635.86,631.23,628.18,626.18,624.86,624.0,623.43,623.06,622.81,622.65,
657.99,650.18,645.11,641.82,639.68,638.29,637.39,636.8,636.42,636.17,636.01,635.91,
628.29,627.15,626.38,625.87,625.53,625.29,625.14,625.04,624.97,624.92,624.89,624.87,
745.22,720.91,703.91,692.02,683.71,677.9,673.83,670.99,669.01,667.62,666.65,665.97,
788.22,751.91,726.44,708.58,696.05,687.27,681.11,676.79,673.76,671.64,670.15,669.1,
666.85,658.07,652.21,648.3,645.68,643.93,642.77,641.99,641.47,641.12,640.89,640.73,
667.02,664.91,663.42,662.38,661.64,661.12,660.75,660.49,660.3,660.18,660.08,660.02,
736.52,733.04,729.57,726.09,722.61,719.13,715.65,712.17,708.7,705.22,701.74,698.26,
878.7,887.39,896.09,904.78,913.48,922.17,930.87,939.57,948.26,956.96,965.65,974.35,
633.65,724.39,795.2,718.58,658.98,747.11,821.12,747.16,684.42,769.82,846.92,775.76,
513.91,517.83,521.74,525.65,529.57,533.48,537.39,541.3,545.22,549.13,553.04,556.96,
315.17,377.87,424.02,457.99,483.0,501.41,514.96,524.93,532.28,537.68,541.66,544.59,
364.18,552.4,659.66,681.46,655.38,620.2,597.3,590.42,593.82,600.19,604.92,606.73,
166.57,214.35,254.71,288.8,317.59,341.91,362.46,379.81,394.46,406.84,417.3,426.13,
235.68,282.3,321.33,354.01,381.37,404.27,423.45,439.51,452.95,464.21,473.63,481.52,
409.57,399.13,388.7,378.26,367.83,357.39,346.96,336.52,326.09,315.65,305.22,294.78,
744.91,584.29,475.0,449.01,436.34,425.82,415.63,405.49,395.37,385.25,375.12,365.0,
593.5,548.72,594.89,594.89,594.89,594.89,594.89,594.89,594.89,594.89,594.89,594.89,
840.48,790.42,692.0,689.7,643.81,652.65,629.11,638.37,625.28,632.47,624.74,629.81,
1043.11,982.79,875.98,744.38,610.63,494.82,411.88,369.96,370.1,406.99,470.52,547.92,
551.37,519.07,537.6,567.16,590.38,603.47,608.62,609.29,608.2,606.88,605.94,605.44,
577.93,488.0,424.77,398.07,408.03,447.73,505.39,567.32,620.87,656.71,670.28,661.94,
625.39,567.4,523.62,498.49,492.63,503.45,526.14,554.85,583.86,608.42,625.41,633.47,
553.39,501.07,469.69,461.51,474.67,504.02,542.45,582.33,616.86,641.08,652.4,650.76,
845.58,787.35,728.25,686.78,662.97,651.49,647.05,645.99,646.24,646.78,647.25,647.56,
790.83,727.54,681.17,653.29,639.07,633.1,631.36,631.42,632.01,632.59,633.0,633.24,
646.58,624.64,621.53,624.94,629.3,632.66,634.73,635.82,636.28,636.43,636.44,636.4,
434.15,481.55,544.62,592.9,620.1,630.77,631.96,629.3,626.1,623.75,622.47,621.99,
516.79,562.5,593.26,608.47,613.09,612.42,610.09,607.97,606.61,605.99,605.83,605.89,
509.45,548.2,575.11,589.33,594.55,594.96,593.54,591.92,590.76,590.11,589.86,589.83,
506.83,543.06,568.34,581.71,586.6,586.92,585.51,583.93,582.79,582.16,581.92,581.89,
510.62,563.3,620.12,670.71,706.88,723.77,720.37,699.32,666.08,627.68,591.34,563.19,
500.06,529.22,550.17,562.22,567.76,569.5,569.46,568.84,568.21,567.76,567.5,567.38,
488.51,501.07,510.63,517.9,523.44,527.65,530.86,533.29,535.15,536.56,537.64,538.45,
476.96,481.0,484.29,486.97,489.15,490.93,492.37,493.55,494.51,495.29,495.93,496.45,
477.73,482.37,486.12,489.17,491.63,493.63,495.24,496.55,497.61,498.47,499.16,499.73,
477.12,481.27,484.65,487.39,489.63,491.44,492.91,494.11,495.08,495.87,496.51,497.04,
487.77,499.66,508.62,515.38,520.47,524.31,527.2,529.38,531.03,532.27,533.2,533.91,
665.5,665.5,665.5,665.5,665.5,665.5,665.5,665.5,665.5,665.5,665.5,665.5,
667.67,667.67,667.67,667.67,667.67,667.67,667.67,667.67,667.67,667.67,667.67,667.67,
658.58,658.58,658.58,658.58,658.58,658.58,658.58,658.58,658.58,658.58,658.58,658.58,
675.67,675.67,675.67,675.67,675.67,675.67,675.67,675.67,675.67,675.67,675.67,675.67,
696.92,696.92,696.92,696.92,696.92,696.92,696.92,696.92,696.92,696.92,696.92,696.92,
696.5,696.5,696.5,696.5,696.5,696.5,696.5,696.5,696.5,696.5,696.5,696.5,
703.17,703.17,703.17,703.17,703.17,703.17,703.17,703.17,703.17,703.17,703.17,703.17,
709.42,709.42,709.42,709.42,709.42,709.42,709.42,709.42,709.42,709.42,709.42,709.42,
700.67,700.67,700.67,700.67,700.67,700.67,700.67,700.67,700.67,700.67,700.67,700.67,
702.33,702.33,702.33,702.33,702.33,702.33,702.33,702.33,702.33,702.33,702.33,702.33,
696.08,696.08,696.08,696.08,696.08,696.08,696.08,696.08,696.08,696.08,696.08,696.08,
686.5,686.5,686.5,686.5,686.5,686.5,686.5,686.5,686.5,686.5,686.5,686.5,
683.17,683.17,683.17,683.17,683.17,683.17,683.17,683.17,683.17,683.17,683.17,683.17,
692.67,692.67,692.67,692.67,692.67,692.67,692.67,692.67,692.67,692.67,692.67,692.67,
706.33,706.33,706.33,706.33,706.33,706.33,706.33,706.33,706.33,706.33,706.33,706.33,
720.42,720.42,720.42,720.42,720.42,720.42,720.42,720.42,720.42,720.42,720.42,720.42,
730.75,730.75,730.75,730.75,730.75,730.75,730.75,730.75,730.75,730.75,730.75,730.75,
739.0,739.0,739.0,739.0,739.0,739.0,739.0,739.0,739.0,739.0,739.0,739.0,
739.75,739.75,739.75,739.75,739.75,739.75,739.75,739.75,739.75,739.75,739.75,739.75,
744.25,744.25,744.25,744.25,744.25,744.25,744.25,744.25,744.25,744.25,744.25,744.25,
745.0,745.0,745.0,745.0,745.0,745.0,745.0,745.0,745.0,745.0,745.0,745.0,
746.17,746.17,746.17,746.17,746.17,746.17,746.17,746.17,746.17,746.17,746.17,746.17,
513.74,436.15,413.19,390.23,367.27,344.3,321.34,298.38,275.42,252.46,229.5,206.54,
343.33,312.67,282.01,251.35,220.69,190.03,159.37,128.7,98.04,67.38,36.72,6.06,
136.0,122.0,108.0,94.0,80.0,66.0,52.0,38.0,24.0,10.0,0.0,0.0,
94.26,78.52,62.78,47.04,31.3,15.57,0.0,0.0,0.0,0.0,0.0,0.0,
201.3,162.61,123.91,85.22,46.52,7.83,0.0,0.0,0.0,0.0,0.0,0.0,
579.13,548.26,517.39,486.52,455.65,424.78,393.91,363.04,332.17,301.3,270.43,239.57,
779.57,769.13,758.7,748.26,737.83,727.39,716.96,706.52,696.09,685.65,675.22,664.78,
837.34,763.26,699.12,655.61,630.6,618.37,613.61,612.55,612.99,613.79,614.49,614.97,
1067.16,978.3,880.31,799.92,743.24,707.48,687.1,676.79,672.4,671.15,671.33,672.0,
1014.31,855.03,652.14,441.97,260.64,137.96,92.54,129.1,238.18,398.33,580.22,751.99,
1154.71,1029.91,819.2,602.39,406.89,254.82,160.84,131.05,162.99,246.85,367.3,505.97,
716.97,518.53,342.93,213.46,145.16,143.26,203.15,311.77,450.1,596.28,728.93,830.17,
578.65,366.56,190.68,75.19,34.76,72.76,181.11,341.87,530.11,717.78,877.81,988.03,
674.81,516.51,378.54,275.59,216.42,204.26,236.85,307.11,404.28,515.44,627.1,726.73,
538.26,404.09,301.59,239.67,222.19,247.82,310.62,400.96,506.92,615.7,715.15,795.01,
581.02,483.03,404.8,354.81,335.62,346.88,385.19,444.73,518.03,596.81,672.87,738.88,
739.48,734.24,719.5,704.11,689.03,677.2,668.93,664.44,663.03,663.9,666.12,668.91,
772.17,774.35,776.52,778.7,780.87,783.04,785.22,787.39,789.57,791.74,793.91,796.09,
753.48,756.96,760.43,763.91,767.39,770.87,774.35,777.83,781.3,784.78,788.26,791.74,
864.95,887.02,905.42,922.76,939.81,956.76,973.69,990.62,1007.54,1024.47,1041.39,1058.31,
782.63,784.89,789.99,795.94,802.13,808.39,814.68,820.97,827.27,833.56,839.86,846.15,
457.12,428.06,416.33,410.17,405.81,402.03,398.44,394.91,391.39,387.88,384.38,380.87,
524.69,536.68,571.28,622.66,683.29,745.0,800.06,842.09,866.77,872.26,859.19,830.48,
275.36,332.62,388.86,538.27,684.28,808.73,911.62,958.43,953.72,905.32,821.53,723.31,
159.71,240.19,355.24,491.34,633.98,769.09,884.38,970.35,1021.02,1034.18,1011.38,957.46,
57.35,115.39,263.68,467.3,684.12,873.13,1001.92,1051.88,1020.5,920.44,775.91,617.26,
170.68,346.98,563.03,777.18,950.83,1055.23,1076.02,1014.93,888.34,723.43,552.52,406.91,
427.83,435.65,443.48,451.3,459.13,466.96,474.78,482.61,490.43,498.26,506.09,513.91,
768.93,804.23,822.73,835.96,847.54,858.6,869.49,880.34,891.17,901.99,912.82,923.64,
706.52,703.04,699.57,696.09,692.61,689.13,685.65,682.17,678.7,675.22,671.74,668.26,
619.13,608.26,597.39,586.52,575.65,564.78,553.91,543.04,532.17,521.3,510.43,499.57,
766.96,753.91,740.87,727.83,714.78,701.74,688.7,675.65,662.61,649.57,636.52,623.48,
693.04,676.09,659.13,642.17,625.22,608.26,591.3,574.35,557.39,540.43,523.48,506.52,
386.27,365.39,320.65,286.69,247.86,211.22,173.6,136.42,99.04,61.75,24.42,0.0,
586.73,611.42,622.97,627.44,628.49,628.15,627.43,626.74,626.23,625.9,625.7,625.6,
703.91,691.53,664.74,639.77,622.36,612.64,608.55,607.75,608.44,609.51,610.43,611.05,
701.57,676.41,651.21,632.47,621.08,615.48,613.59,613.63,614.41,615.28,615.97,616.4,
563.45,511.93,473.12,451.51,448.2,461.12,485.88,516.78,547.92,574.2,592.04,599.74,
433.44,392.93,383.24,402.83,444.8,498.77,553.28,597.98,625.53,632.62,620.16,592.64,
482.16,451.46,440.71,448.78,471.36,502.24,534.68,562.7,582.0,590.51,588.37,577.57,
925.61,779.73,701.02,658.54,635.62,623.25,616.57,612.97,611.03,609.98,609.41,609.11,
753.89,683.26,645.12,624.52,613.4,607.39,604.15,602.4,601.45,600.94,600.66,600.51,
861.84,738.86,639.56,583.06,564.35,568.94,582.72,596.26,605.34,609.44,609.96,608.66,
631.78,620.84,609.91,598.97,588.03,577.09,566.15,555.21,544.28,533.34,522.4,511.46,
898.69,875.26,897.01,918.76,940.52,962.27,984.03,1005.78,1027.54,1049.29,1071.05,1092.8,
629.82,770.05,916.07,1019.85,1056.55,1029.92,966.35,901.6,866.14,874.81,923.91,995.45,
477.83,485.65,493.48,501.3,509.13,516.96,524.78,532.61,540.43,548.26,556.09,563.91,
266.82,349.01,442.68,512.65,551.07,564.22,562.51,554.96,547.2,541.73,538.92,538.1,
181.52,324.54,460.96,550.77,589.69,591.89,575.83,556.16,541.03,532.89,530.69,532.02,
302.25,446.06,543.97,588.74,594.21,579.58,560.32,545.15,536.8,534.34,535.42,537.81,
212.35,263.49,305.43,339.82,368.03,391.17,410.14,425.7,438.46,448.93,457.52,464.56,
668.08,693.62,669.75,637.07,612.04,597.72,591.63,590.29,590.98,592.12,593.04,593.59,
663.81,648.85,626.34,608.77,598.56,594.07,592.89,593.17,593.82,594.38,594.72,594.89,
750.2,705.88,627.45,598.17,587.24,583.16,581.63,581.06,580.85,580.77,580.74,580.73,
930.64,916.36,776.32,710.07,678.73,663.91,656.9,653.58,652.01,651.27,650.92,650.75,
738.29,548.25,585.04,600.97,607.87,610.86,612.15,612.71,612.95,613.06,613.1,613.12,
380.93,415.09,500.01,535.92,551.1,557.53,560.24,561.39,561.88,562.08,562.17,562.2,
685.14,769.13,673.85,633.72,616.82,609.7,606.7,605.44,604.91,604.68,604.59,604.55,
694.14,615.35,608.1,604.83,603.36,602.69,602.4,602.26,602.2,602.17,602.16,602.16,
347.76,401.57,473.31,546.65,608.26,649.54,667.24,662.95,641.84,611.02,577.92,548.87,
409.76,437.38,486.38,544.53,598.84,638.3,656.02,650.29,624.46,585.79,543.54,506.88,
463.33,503.93,498.93,532.74,553.17,577.53,588.42,589.68,578.54,559.97,538.13,518.99,
704.84,648.07,577.11,510.05,461.8,441.0,448.92,480.05,524.28,569.77,605.93,625.65,
736.97,659.41,574.48,499.32,447.09,424.95,433.44,467.18,516.62,570.39,617.69,650.27,
759.7,677.83,582.0,517.15,486.03,493.42,525.79,569.32,608.56,633.93,641.52,633.55,
574.92,470.36,444.02,450.83,500.76,557.92,609.83,638.71,643.22,626.53,599.12,571.29,
653.39,558.08,475.65,430.53,433.57,479.76,551.14,623.47,674.25,689.57,667.67,618.49,
1126.09,1142.17,1158.26,1174.35,1190.43,1206.52,1222.61,1238.7,1254.78,1270.87,1286.96,1303.04,
821.3,832.61,843.91,855.22,866.52,877.83,889.13,900.43,911.74,923.04,934.35,945.65,
699.57,709.13,718.7,728.26,737.83,747.39,756.96,766.52,776.09,785.65,795.22,804.78,
656.09,672.17,688.26,704.35,720.43,736.52,752.61,768.7,784.78,800.87,816.96,833.04,
221.54,284.71,333.64,371.54,400.9,423.65,441.27,454.91,465.49,473.68,480.02,484.93,
414.82,510.05,551.41,569.37,577.17,580.56,582.03,582.67,582.94,583.06,583.12,583.14,
327.61,571.19,802.79,968.6,1036.54,1001.48,883.39,719.76,554.7,427.7,364.71,373.51,
306.75,569.81,807.99,981.45,1067.42,1062.0,978.41,842.25,685.23,538.59,427.52,367.4,
456.78,491.15,516.39,534.94,548.57,558.58,565.93,571.33,575.3,578.22,580.36,581.93,
559.05,573.24,583.79,591.66,597.51,601.86,605.11,607.52,609.32,610.66,611.65,612.39,
771.31,883.51,938.47,937.86,891.26,813.36,720.95,630.1,553.9,501.06,475.36,475.96,
1018.51,1076.31,1054.01,961.01,817.87,652.12,493.12,367.02,292.62,278.74,323.42,415.04,
684.36,659.04,641.04,628.26,619.18,612.72,608.14,604.88,602.57,600.92,599.75,598.92,
545.89,557.01,564.79,570.23,574.04,576.7,578.57,579.87,580.79,581.42,581.87,582.18,
551.61,559.73,565.41,569.38,572.15,574.09,575.45,576.4,577.06,577.53,577.85,578.08,
432.78,463.35,485.18,500.78,511.93,519.89,525.58,529.64,532.54,534.62,536.1,537.16,
438.53,466.54,486.9,501.71,512.47,520.29,525.98,530.12,533.12,535.31,536.9,538.05,
563.65,566.25,568.1,569.41,570.34,571.01,571.48,571.81,572.05,572.22,572.34,572.43,
597.76,592.85,590.9,590.13,589.82,589.7,589.65,589.63,589.62,589.62,589.62,589.62,
752.59,651.84,613.95,599.7,594.35,592.33,591.57,591.29,591.18,591.14,591.13,591.12,
560.56,576.95,501.07,452.49,511.4,498.08,513.12,509.5,513.34,512.36,513.34,513.08,
613.62,584.51,574.1,570.37,569.03,568.56,568.39,568.33,568.3,568.3,568.29,568.29,
551.85,576.73,610.27,612.67,613.54,613.85,613.96,614.0,614.02,614.03,614.03,614.03,
928.87,757.45,679.91,644.83,628.97,621.79,618.54,617.07,616.41,616.11,615.97,615.91,
1027.09,879.68,755.48,675.24,632.49,614.15,608.9,609.31,611.39,613.37,614.74,615.51,
909.13,918.26,927.39,936.52,945.65,954.78,963.91,973.04,982.17,991.3,1000.43,1009.57,
479.09,457.05,435.0,412.96,390.91,368.86,346.82,324.77,302.72,280.68,258.63,236.59,
502.26,510.37,527.39,541.12,556.07,570.56,585.23,599.83,614.45,629.07,643.69,658.31,
164.6,307.69,389.45,436.16,462.85,478.1,486.81,491.79,494.63,496.26,497.18,497.71,
310.24,408.37,461.16,489.57,504.86,513.08,517.51,519.89,521.17,521.86,522.23,522.43,
104.66,234.31,317.85,371.68,406.36,428.71,443.11,452.39,458.37,462.22,464.7,466.3,
389.06,649.02,871.15,1011.1,1047.01,981.92,840.54,661.58,487.89,356.68,292.07,301.15,
495.98,524.71,541.06,550.35,555.64,558.65,560.36,561.34,561.89,562.2,562.38,562.49,
836.71,917.76,905.45,827.05,717.16,608.23,523.94,476.33,466.21,485.95,523.35,565.55,
772.64,854.68,875.21,843.14,774.86,689.85,606.57,539.43,497.01,481.79,490.92,517.82,
859.02,883.17,851.07,778.11,684.54,590.95,514.43,466.05,449.89,463.43,499.16,546.8,
1012.85,909.3,763.37,610.1,479.81,393.17,358.98,374.59,428.35,503.43,581.88,648.25,
323.32,277.81,360.33,485.19,586.56,635.41,635.12,606.52,572.54,548.5,539.44,542.53,
612.22,567.86,530.7,506.42,497.25,502.25,518.03,539.83,562.59,581.97,594.99,600.36,
427.08,441.21,475.06,519.44,564.52,601.74,625.21,632.5,624.53,604.98,579.16,552.82,
461.54,490.35,527.18,564.21,594.81,614.51,621.46,616.39,602.06,582.45,561.88,544.16,
652.42,689.93,673.54,642.79,603.78,575.19,560.16,559.65,568.4,580.85,591.85,598.61,
621.12,614.07,619.64,607.18,599.02,589.77,585.73,584.69,586.75,589.82,592.86,594.89,
666.92,630.69,576.99,529.49,496.26,483.45,491.19,514.97,547.19,579.33,604.04,616.62,
652.37,581.55,519.22,468.78,448.67,458.79,494.66,543.42,590.77,623.78,634.89,623.17,
704.3,650.63,505.89,430.55,378.33,397.71,455.7,542.66,623.29,677.95,690.84,663.49,
723.63,698.44,648.9,598.72,564.97,554.23,563.44,583.72,605.05,619.94,625.25,621.98,
740.2,733.13,703.83,666.3,632.96,611.71,605.02,610.74,623.93,638.98,651.31,658.31,
776.71,770.33,707.51,626.97,560.61,525.37,522.59,542.62,571.56,597.12,612.09,615.06,
808.7,817.39,826.09,834.78,843.48,852.17,860.87,869.57,878.26,886.96,895.65,904.35,
574.35,578.7,583.04,587.39,591.74,596.09,600.43,604.78,609.13,613.48,617.83,622.17,
480.0,490.0,500.0,510.0,520.0,530.0,540.0,550.0,560.0,570.0,580.0,590.0,
304.63,346.92,379.65,405.0,424.61,439.8,451.55,460.65,467.7,473.15,477.37,480.64,
145.24,277.92,462.82,621.07,705.43,707.67,650.31,570.15,501.41,464.66,463.55,488.34,
252.63,428.57,599.35,704.65,724.51,675.42,594.24,519.22,475.8,470.91,495.66,532.89,
371.14,516.54,632.05,684.55,674.28,624.4,565.46,521.86,504.84,512.43,534.23,557.86,
734.48,960.78,988.03,844.42,624.03,434.37,348.68,382.13,497.03,629.09,719.64,739.05,
847.68,823.82,700.21,555.32,457.83,438.92,487.74,566.4,633.15,661.65,648.71,610.11,
766.3,608.71,490.09,449.58,480.98,549.14,613.72,648.11,646.66,620.8,588.99,566.67,
611.73,503.29,467.62,496.74,558.53,617.46,650.21,651.5,630.57,602.94,582.03,574.34,
842.44,801.42,724.76,632.29,541.41,467.41,421.12,407.5,425.46,468.62,527.0,589.08,
644.88,581.2,538.83,523.38,528.69,544.03,559.78,570.28,574.13,572.84,569.06,565.17,
452.54,428.48,455.47,511.55,569.99,609.76,621.54,608.09,580.29,551.38,531.75,525.97,
685.4,654.7,633.57,619.02,609.02,602.13,597.39,594.12,591.88,590.33,589.27,588.53,
598.08,596.77,595.88,595.28,594.86,594.58,594.39,594.27,594.18,594.12,594.08,594.05,
583.04,585.11,586.52,587.48,588.13,588.57,588.87,589.08,589.22,589.31,589.38,589.42,
630.24,623.5,618.84,615.61,613.38,611.84,610.77,610.03,609.52,609.17,608.93,608.76,
715.59,684.89,663.65,648.97,638.82,631.79,626.94,623.58,621.26,619.65,618.54,617.77,
618.51,617.45,616.7,616.16,615.78,615.51,615.31,615.17,615.07,615.0,614.95,614.92,
822.68,762.31,720.58,691.72,671.77,657.98,648.44,641.85,637.29,634.14,631.96,630.45,
735.77,704.2,681.69,665.62,654.16,645.98,640.14,635.98,633.01,630.89,629.38,628.3,
668.78,653.94,643.56,636.3,631.22,627.67,625.19,623.45,622.24,621.39,620.8,620.38,
643.4,632.01,624.2,618.83,615.15,612.62,610.89,609.7,608.88,608.32,607.94,607.68,
601.3,602.61,603.91,605.22,606.52,607.83,609.13,610.43,611.74,613.04,614.35,615.65,
689.13,698.26,707.39,716.52,725.65,734.78,743.91,753.04,762.17,771.3,780.43,789.57,
409.67,450.47,478.37,497.44,510.48,519.4,525.49,529.66,532.51,534.46,535.79,536.7,
357.21,404.83,438.56,462.45,479.37,491.36,499.85,505.87,510.13,513.15,515.29,516.8,
281.77,347.23,393.92,427.23,450.99,467.94,480.03,488.66,494.81,499.2,502.33,504.56,
216.75,300.16,359.76,402.34,432.77,454.5,470.04,481.13,489.06,494.73,498.77,501.67,
69.08,44.22,19.35,0.0,0.0,0.0,0.0,0.0,0.0,0.0,0.0,0.0,
89.57,69.13,48.7,28.26,7.83,0.0,0.0,0.0,0.0,0.0,0.0,0.0,
125.69,99.21,72.73,46.25,19.78,0.0,0.0,0.0,0.0,0.0,0.0,0.0,
425.22,410.43,395.65,380.87,366.09,351.3,336.52,321.74,306.96,292.17,277.39,262.61,
734.78,729.57,724.35,719.13,713.91,708.7,703.48,698.26,693.04,687.83,682.61,677.39,
