127.37,117.11,108.76,101.97,96.45,91.96,88.32,85.35,82.94,80.97,79.38,78.08,
149.7,137.75,127.75,119.4,112.41,106.57,101.69,97.61,94.19,91.34,88.95,86.96,
176.85,170.9,157.54,137.97,113.85,87.12,59.89,34.23,12.08,0.0,0.0,0.0,
183.72,169.93,149.17,123.14,93.94,63.83,35.1,9.89,0.0,0.0,0.0,0.0,
166.74,157.75,144.05,126.47,106.06,84.04,61.73,40.46,21.48,5.9,0.0,0.0,
80.21,82.95,85.29,87.29,89.0,90.46,91.71,92.77,93.68,94.46,95.12,95.69,
85.47,66.67,48.83,33.25,21.01,12.91,9.4,10.58,16.18,25.62,38.06,52.47,
26.84,4.16,0.0,0.0,0.0,0.0,0.0,18.92,42.61,67.72,91.88,112.86,
29.51,38.77,46.22,52.21,57.04,60.92,64.04,66.56,68.58,70.21,71.52,72.57,
34.03,42.04,48.43,53.54,57.62,60.87,63.47,65.55,67.21,68.53,69.59,70.43,
18.79,28.47,36.4,42.91,48.25,52.64,56.23,59.18,61.6,63.59,65.22,66.55,
16.02,24.16,30.77,36.14,40.5,44.04,46.92,49.26,51.16,52.7,53.95,54.97,
30.0,35.87,40.81,44.95,48.43,51.35,53.81,55.87,57.6,59.05,60.27,61.29,
35.21,38.71,41.62,44.03,46.04,47.7,49.09,50.24,51.19,51.99,52.65,53.19,
19.27,23.7,27.42,30.54,33.17,35.38,37.23,38.79,40.1,41.2,42.13,42.9,
15.38,19.92,23.75,26.99,29.72,32.03,33.97,35.62,37.0,38.17,39.16,40.0,
11.16,15.56,19.3,22.48,25.19,27.49,29.45,31.12,32.54,33.75,34.78,35.66,
7.26,12.64,17.27,21.26,24.68,27.63,30.17,32.35,34.23,35.85,37.23,38.43,
14.5,18.38,21.72,24.59,27.07,29.21,31.05,32.63,34.0,35.17,36.18,37.06,
12.7,15.91,18.71,21.13,23.25,25.08,26.68,28.06,29.27,30.32,31.23,32.02,
4.18,7.84,11.04,13.84,16.29,18.43,20.31,21.95,23.38,24.64,25.73,26.7,
4.45,8.33,11.72,14.68,17.27,19.53,21.5,23.22,24.72,26.04,27.18,28.18,
1.9,1.79,1.69,1.59,1.48,1.38,1.28,1.17,1.07,0.97,0.86,0.76,
17.34,17.69,18.03,18.38,18.72,19.07,19.41,19.76,20.1,20.45,20.79,21.14,
11.86,11.72,11.59,11.45,11.31,11.17,11.03,10.9,10.76,10.62,10.48,10.34,
23.1,32.71,41.57,47.49,50.51,51.69,52.18,52.77,53.79,55.24,56.97,58.79,
45.79,46.59,47.38,48.17,48.97,49.76,50.55,51.34,52.14,52.93,53.72,54.52,
32.59,32.17,31.76,31.34,30.93,30.52,30.1,29.69,29.28,28.86,28.45,28.03,
39.1,36.21,33.31,30.41,27.52,24.62,21.72,18.83,15.93,13.03,10.14,7.24,
15.86,11.72,7.59,3.45,0.0,0.0,0.0,0.0,0.0,0.0,0.0,0.0,
36.76,32.52,28.28,24.03,19.79,15.55,11.31,7.07,2.83,0.0,0.0,0.0,
13.53,16.74,8.37,1.95,0.0,0.0,0.0,0.0,0.0,0.0,0.0,0.0,
31.08,16.22,24.42,30.94,25.21,38.73,42.87,46.71,61.8,67.61,79.19,94.85,
17.36,13.0,16.42,19.49,22.25,24.74,26.97,28.97,30.77,32.39,33.84,35.15,
18.5,20.86,22.45,23.53,24.26,24.75,25.08,25.31,25.46,25.56,25.63,25.68,
13.28,16.61,19.21,21.24,22.81,24.04,25.0,25.74,26.32,26.77,27.13,27.4,
12.97,15.14,16.32,16.96,17.31,17.5,17.61,17.67,17.7,17.71,17.72,17.73,
7.98,11.32,13.18,14.22,14.8,15.12,15.31,15.41,15.46,15.49,15.51,15.52,
8.22,11.23,12.97,13.97,14.55,14.88,15.07,15.18,15.25,15.28,15.3,15.32,
6.51,9.29,11.01,12.07,12.72,13.12,13.37,13.52,13.62,13.68,13.71,13.74,
5.62,9.32,13.61,18.08,22.33,25.99,28.73,30.34,30.67,29.73,27.63,24.56,
7.65,11.96,18.64,23.22,27.6,29.99,31.14,30.52,28.63,25.57,21.86,17.86,
24.46,21.11,19.09,17.88,17.15,16.7,16.44,16.28,16.18,16.12,16.09,16.06,
32.41,26.81,23.16,20.78,19.22,18.21,17.54,17.11,16.83,16.65,16.53,16.45,
6.77,10.22,11.98,12.87,13.33,13.56,13.68,13.74,13.77,13.79,13.8,13.8,
9.22,11.39,12.51,13.08,13.38,13.53,13.61,13.65,13.67,13.68,13.68,13.69,
7.95,10.53,11.88,12.58,12.95,13.14,13.24,13.29,13.31,13.33,13.34,13.34,
12.6,13.41,13.82,14.03,14.14,14.19,14.22,14.23,14.24,14.24,14.25,14.25,
9.88,11.86,12.87,13.38,13.65,13.78,13.85,13.88,13.9,13.91,13.92,13.92,
14.56,14.34,14.23,14.17,14.14,14.13,14.12,14.12,14.11,14.11,14.11,14.11,
19.48,17.27,16.19,15.67,15.41,15.28,15.22,15.19,15.18,15.17,15.17,15.17,
30.53,23.83,20.5,18.85,18.03,17.62,17.42,17.31,17.26,17.24,17.23,17.22,
23.42,20.69,19.34,18.68,18.36,18.2,18.13,18.09,18.07,18.06,18.06,18.05,
39.0,30.33,25.63,23.08,21.7,20.95,20.54,20.32,20.2,20.14,20.1,20.08,
28.58,24.67,22.6,21.51,20.94,20.64,20.48,20.39,20.35,20.32,20.31,20.31,
23.4,22.49,21.97,21.67,21.49,21.39,21.34,21.31,21.29,21.28,21.27,21.27,
22.75,21.52,20.86,20.5,20.31,20.2,20.14,20.11,20.09,20.08,20.08,20.08,
14.32,16.59,17.78,18.41,18.74,18.92,19.01,19.06,19.08,19.09,19.1,19.11,
17.94,17.91,17.9,17.89,17.88,17.88,17.88,17.88,17.88,17.88,17.88,17.88,
10.71,13.86,15.59,16.55,17.08,17.37,17.53,17.62,17.67,17.7,17.71,17.72,
12.9,14.45,15.28,15.73,15.97,16.1,16.17,16.21,16.23,16.24,16.24,16.24,
8.0,11.27,13.06,14.03,14.55,14.84,15.0,15.08,15.13,15.16,15.17,15.18,
6.97,10.3,12.17,13.21,13.79,14.11,14.3,14.4,14.45,14.49,14.5,14.51,
7.21,10.17,11.85,12.81,13.36,13.67,13.84,13.94,14.0,14.03,14.05,14.06,
9.28,11.17,12.25,12.87,13.23,13.43,13.55,13.62,13.66,13.68,13.69,13.7,
6.1,9.08,10.81,11.82,12.41,12.75,12.95,13.07,13.13,13.17,13.2,13.21,
6.35,8.93,10.47,11.38,11.93,12.25,12.44,12.55,12.62,12.66,12.68,12.7,
6.37,8.97,10.51,11.43,11.97,12.29,12.48,12.6,12.67,12.71,12.73,12.74,
12.01,12.59,12.93,13.13,13.24,13.31,13.35,13.37,13.38,13.39,13.39,13.4,
33.02,25.37,21.18,18.89,17.64,16.96,16.58,16.37,16.26,16.2,16.17,16.15,
48.65,46.02,40.34,32.35,23.03,13.49,4.83,0.0,0.0,0.0,0.0,0.0,
134.64,136.03,30.92,30.92,30.92,30.92,30.92,30.92,30.92,30.92,30.92,30.92,
128.49,113.99,101.98,92.03,83.79,76.96,71.31,66.63,62.75,59.53,56.87,54.67,
142.76,147.52,152.28,157.03,161.79,166.55,171.31,176.07,180.83,185.59,190.34,195.1,
187.07,193.14,199.21,205.28,211.34,217.41,223.48,229.55,235.62,241.69,247.76,253.83,
174.72,180.45,186.17,191.9,197.62,203.34,209.07,214.79,220.52,226.24,231.97,237.69,
136.17,140.34,144.52,148.69,152.86,157.03,161.21,165.38,169.55,173.72,177.9,182.07,
171.52,177.03,182.55,188.07,193.59,199.1,204.62,210.14,215.66,221.17,226.69,232.21,
94.66,97.31,99.97,102.62,105.28,107.93,110.59,113.24,115.9,118.55,121.21,123.86,
75.72,77.45,79.17,80.9,82.62,84.34,86.07,87.79,89.52,91.24,92.97,94.69,
38.83,38.66,38.48,38.31,38.14,37.97,37.79,37.62,37.45,37.28,37.1,36.93,
15.55,15.1,14.66,14.21,13.76,13.31,12.86,12.41,11.97,11.52,11.07,10.62,
22.93,21.86,20.79,19.72,18.66,17.59,16.52,15.45,14.38,13.31,12.24,11.17,
3.93,2.86,1.79,0.72,0.0,0.0,0.0,0.0,0.0,0.0,0.0,0.0,
42.59,43.17,43.76,44.34,44.93,45.52,46.1,46.69,47.28,47.86,48.45,49.03,
51.9,52.79,53.69,54.59,55.48,56.38,57.28,58.17,59.07,59.97,60.86,61.76,
15.8,17.58,21.97,28.54,36.79,46.12,55.9,65.52,74.42,82.08,88.12,92.27,
12.71,20.19,30.29,42.23,55.15,68.15,80.38,91.07,99.58,105.45,108.41,108.39,
15.7,27.9,42.31,57.83,73.35,87.79,100.17,109.72,115.88,118.33,117.06,112.28,
41.64,62.11,83.2,103.24,120.63,134.01,142.33,144.95,141.7,132.86,119.18,101.75,
59.37,81.82,103.32,122.19,136.96,146.47,150.01,147.33,138.68,124.76,106.69,85.93,
54.81,74.87,93.7,109.98,122.57,130.69,133.9,132.14,125.71,115.25,101.68,86.11,
43.95,61.91,79.14,94.55,107.21,116.42,121.76,123.07,120.46,114.3,105.17,93.82,
58.57,75.89,91.58,104.68,114.48,120.51,122.56,120.7,115.25,106.73,95.86,83.46,
71.6,86.98,100.17,110.4,117.11,120.03,119.12,114.58,106.85,96.57,84.5,71.48,
120.83,132.95,139.83,141.11,136.81,127.39,113.64,96.67,77.78,58.4,39.95,23.74,
153.85,158.2,155.16,145.18,129.22,108.7,85.37,61.14,37.94,17.56,1.54,0.0,
149.44,147.08,138.31,123.98,105.37,84.04,61.74,40.23,21.2,6.06,0.0,0.0,
147.15,140.63,128.74,112.48,93.14,72.21,51.28,31.87,15.41,3.02,0.0,0.0,
154.76,148.72,138.01,123.29,105.48,85.67,65.05,44.9,26.42,10.72,0.0,0.0,
114.15,113.4,112.73,112.14,111.61,111.14,110.73,110.36,110.04,109.75,109.49,109.26,
157.71,151.32,145.72,140.8,136.49,132.71,129.39,126.48,123.93,121.7,119.73,118.01,
95.82,94.84,94.01,93.33,92.75,92.27,91.87,91.53,91.25,91.02,90.82,90.66,
95.14,95.25,95.35,95.44,95.51,95.58,95.63,95.68,95.72,95.75,95.78,95.81,
53.29,47.8,55.97,61.94,66.31,69.5,71.84,73.55,74.8,75.72,76.39,76.88,
31.08,38.5,44.55,49.5,53.53,56.83,59.52,61.71,63.5,64.97,66.16,67.14,
25.07,32.68,39.06,44.42,48.92,52.7,55.87,58.53,60.76,62.64,64.21,65.53,
20.88,27.4,32.8,37.28,40.98,44.05,46.59,48.7,50.44,51.88,53.08,54.06,
53.31,52.62,51.93,51.24,50.55,49.86,49.17,48.48,47.79,47.1,46.41,45.72,
44.17,44.34,44.52,44.69,44.86,45.03,45.21,45.38,45.55,45.72,45.9,46.07,
18.05,23.06,27.2,30.63,33.47,35.82,37.76,39.37,40.7,41.81,42.72,43.47,
7.75,14.19,19.54,24.0,27.7,30.78,33.34,35.47,37.24,38.71,39.94,40.96,
19.13,23.4,26.97,29.94,32.43,34.5,36.22,37.67,38.87,39.87,40.71,41.41,
12.11,18.06,23.03,27.19,30.66,33.57,36.0,38.03,39.72,41.14,42.33,43.32,
12.0,17.87,22.8,26.93,30.4,33.31,35.75,37.8,39.52,40.96,42.17,43.19,
8.1,12.48,16.26,19.51,22.31,24.71,26.78,28.57,30.1,31.42,32.56,33.54,
7.89,12.11,15.74,18.88,21.59,23.92,25.94,27.68,29.18,30.47,31.58,32.55,
51.35,50.81,50.35,49.97,49.65,49.38,49.15,48.96,48.8,48.67,48.56,48.46,
64.63,62.65,61.01,59.65,58.51,57.57,56.79,56.14,55.6,55.15,54.77,54.46,
155.62,140.52,128.12,117.94,109.57,102.7,97.06,92.42,88.62,85.49,82.92,80.81,
113.01,103.57,96.16,90.33,85.74,82.13,79.3,77.07,75.31,73.94,72.85,72.0,
117.9,108.26,100.58,94.45,89.57,85.68,82.57,80.1,78.13,76.56,75.31,74.31,
122.31,113.01,105.61,99.72,95.04,91.31,88.34,85.99,84.11,82.62,81.43,80.49,
137.85,129.75,117.38,101.6,83.49,64.29,45.31,27.84,13.05,1.94,0.0,0.0,
109.85,106.43,103.59,101.25,99.31,97.71,96.39,95.29,94.39,93.64,93.02,92.51,
125.39,120.68,116.72,113.4,110.61,108.26,106.3,104.65,103.26,102.09,101.11,100.29,
98.54,96.52,94.87,93.53,92.43,91.53,90.79,90.19,89.69,89.29,88.96,88.69,
92.52,91.31,90.33,89.53,88.88,88.35,87.91,87.56,87.28,87.05,86.86,86.7,
64.2,67.62,70.41,72.68,74.52,76.02,77.25,78.24,79.05,79.71,80.25,80.68,
43.95,49.46,53.83,57.28,60.02,62.19,63.91,65.27,66.35,67.21,67.89,68.42,
0.91,0.0,0.0,0.0,5.05,18.79,35.58,53.92,72.3,89.21,103.35,113.68,
17.02,24.42,30.51,35.51,39.61,42.98,45.75,48.03,49.9,51.43,52.69,53.73,
56.48,57.66,58.6,59.34,59.94,60.41,60.78,61.08,61.32,61.5,61.65,61.77,
42.99,45.38,47.29,48.81,50.03,51.01,51.78,52.41,52.9,53.3,53.62,53.87,
20.18,25.21,29.31,32.65,35.36,37.57,39.37,40.84,42.03,43.0,43.79,44.44,
10.38,16.45,21.43,25.53,28.9,31.67,33.94,35.81,37.34,38.61,39.64,40.5,
9.23,15.2,20.13,24.2,27.55,30.32,32.61,34.49,36.05,37.33,38.39,39.27,
13.28,19.31,24.31,28.45,31.89,34.73,37.09,39.05,40.66,42.01,43.12,44.04,
16.17,21.3,25.56,29.11,32.05,34.5,36.54,38.23,39.64,40.81,41.78,42.59,
19.22,22.77,25.77,28.3,30.43,32.22,33.74,35.01,36.09,37.0,37.76,38.41,
10.85,14.97,18.47,21.45,23.99,26.14,27.98,29.54,30.86,31.99,32.95,33.77,
45.44,45.81,46.12,46.37,46.57,46.75,46.89,47.01,47.1,47.18,47.25,47.31,
66.67,63.92,61.66,59.79,58.24,56.97,55.92,55.05,54.34,53.75,53.26,52.86,
120.22,124.31,130.58,131.94,128.32,120.02,107.65,92.12,74.54,56.18,38.32,22.23,
153.34,155.44,149.88,137.36,119.16,96.95,72.7,48.44,26.18,7.67,0.0,0.0,
141.48,136.79,126.07,110.4,91.24,70.27,49.28,29.99,13.91,2.26,0.0,0.0,
144.37,134.56,126.28,119.29,113.4,108.42,104.23,100.69,97.7,95.18,93.05,91.25,
173.79,163.18,153.96,145.95,138.99,132.94,127.68,123.12,119.15,115.7,112.7,110.1,
134.85,128.55,120.57,111.39,101.51,91.44,81.64,72.53,64.47,57.75,52.55,48.99,
142.93,139.24,135.87,132.81,130.03,127.5,125.2,123.11,121.21,119.48,117.91,116.47,
79.92,80.73,81.43,82.04,82.58,83.05,83.46,83.82,84.13,84.41,84.65,84.86,
107.6,105.5,103.67,102.08,100.69,99.47,98.42,97.49,96.69,95.99,95.38,94.85,
46.69,51.51,55.59,59.05,61.97,64.45,66.55,68.32,69.83,71.1,72.18,73.09,
0.0,0.0,0.0,0.0,0.0,0.0,1.72,24.01,48.82,74.12,97.9,118.31,
0.0,0.0,0.0,0.0,0.0,5.18,21.73,41.09,61.73,82.06,100.55,115.83,
0.0,0.0,0.0,0.0,7.74,20.91,36.8,54.15,71.68,88.11,102.28,113.22,
38.19,36.33,36.71,39.14,43.32,48.84,55.25,62.03,68.71,74.84,80.04,84.03,
57.1,75.36,89.6,98.38,101.19,98.46,91.34,81.41,70.46,60.16,51.88,46.51,
16.61,19.63,25.3,33.09,42.38,52.49,62.71,72.39,80.94,87.89,92.88,95.71,
6.43,11.89,16.52,20.46,23.81,26.65,29.06,31.11,32.85,34.32,35.58,36.64,
17.9,22.04,25.54,28.49,30.98,33.09,34.87,36.37,37.64,38.72,39.62,40.39,
53.89,76.36,98.43,118.14,133.8,144.04,148.01,145.37,136.42,121.95,103.27,82.05,
55.61,77.11,97.69,115.66,129.57,138.35,141.36,138.46,130.0,116.78,100.0,81.11,
9.3,13.85,17.76,21.12,24.0,26.48,28.62,30.45,32.02,33.37,34.54,35.54,
9.73,13.81,17.34,20.38,23.01,25.28,27.24,28.93,30.39,31.65,32.74,33.68,
45.62,62.01,77.66,91.65,103.17,111.62,116.61,117.98,115.8,110.35,102.11,91.71,
83.84,100.01,113.12,122.41,127.37,127.84,123.94,116.1,104.99,91.49,76.6,61.37,
109.1,121.95,130.3,133.72,132.11,125.76,115.24,101.45,85.45,68.44,51.66,36.27,
142.48,149.31,149.53,143.29,131.26,114.49,94.39,72.59,50.79,30.66,13.67,1.04,
149.16,148.36,140.82,127.31,109.05,87.62,64.8,42.45,22.33,6.01,0.0,0.0,
391.98,99.08,99.08,99.08,99.08,99.08,99.08,99.08,99.08,99.08,99.08,99.08,
117.55,103.26,97.8,95.72,94.93,94.62,94.51,94.46,94.45,94.44,94.44,94.44,
103.38,98.92,97.21,96.55,96.3,96.2,96.16,96.15,96.14,96.14,96.14,96.14,
86.11,91.12,93.02,93.75,94.03,94.14,94.18,94.19,94.2,94.2,94.2,94.2,
88.51,90.59,91.37,91.67,91.78,91.82,91.84,91.85,91.85,91.85,91.85,91.85,
68.69,80.94,85.53,87.25,87.89,88.13,88.22,88.25,88.27,88.27,88.27,88.27,
66.04,77.9,82.3,83.93,84.53,84.75,84.84,84.87,84.88,84.88,84.88,84.89,
57.2,70.71,75.61,77.39,78.04,78.27,78.36,78.39,78.4,78.41,78.41,78.41,
54.15,67.22,71.96,73.67,74.29,74.51,74.59,74.62,74.63,74.64,74.64,74.64,
45.62,60.17,65.52,67.48,68.2,68.47,68.57,68.6,68.61,68.62,68.62,68.62,
63.69,67.24,68.54,69.01,69.19,69.25,69.28,69.29,69.29,69.29,69.29,69.29,
49.35,59.11,62.74,64.08,64.58,64.76,64.83,64.86,64.87,64.87,64.87,64.87,
44.23,55.95,60.34,61.99,62.61,62.85,62.93,62.97,62.98,62.98,62.98,62.98,
43.92,55.93,60.45,62.15,62.79,63.03,63.12,63.15,63.17,63.17,63.17,63.17,
42.88,54.96,59.53,61.26,61.92,62.16,62.26,62.29,62.31,62.31,62.31,62.32,
38.43,53.18,58.84,61.01,61.84,62.16,62.28,62.33,62.35,62.36,62.36,62.36,
61.88,62.6,62.88,62.98,63.02,63.03,63.04,63.04,63.04,63.04,63.04,63.04,
45.54,55.61,59.43,60.87,61.42,61.63,61.71,61.74,61.75,61.75,61.76,61.76,
38.48,52.35,57.62,59.62,60.38,60.67,60.78,60.82,60.84,60.85,60.85,60.85,
37.83,52.22,57.7,59.78,60.58,60.88,60.99,61.04,61.05,61.06,61.06,61.06,
38.24,52.11,57.41,59.44,60.21,60.51,60.62,60.67,60.68,60.69,60.69,60.69,
41.12,53.44,58.18,59.99,60.69,60.95,61.06,61.1,61.11,61.12,61.12,61.12,
43.22,53.73,57.78,59.34,59.95,60.18,60.27,60.3,60.32,60.32,60.32,60.33,
0.0,0.0,0.0,0.0,0.0,0.0,0.0,0.0,0.0,0.0,0.0,0.0,
0.0,0.0,0.0,0.0,0.0,0.0,0.0,0.0,0.0,0.0,0.0,0.0,
0.0,0.0,0.0,0.0,0.0,0.0,0.0,0.0,0.0,0.0,0.0,0.0,
0.0,0.0,0.0,0.0,0.0,0.0,0.0,0.0,0.0,0.0,0.0,0.0,
0.0,0.0,0.0,0.0,0.0,0.0,0.0,0.0,0.0,0.0,0.0,0.0,
18.73,0.0,0.0,0.0,0.0,0.0,0.0,0.0,0.0,0.0,0.0,0.0,
2.59,0.0,0.0,0.0,0.0,0.0,0.0,0.0,0.0,0.0,0.0,0.0,
10.81,5.86,1.45,0.0,0.0,0.0,0.0,0.0,0.0,0.0,0.0,0.0,
12.51,11.07,7.41,4.72,1.61,0.0,0.0,0.0,0.0,0.0,0.0,0.0,
14.64,19.97,22.22,23.17,23.57,23.74,23.81,23.84,23.86,23.86,23.86,23.86,
20.97,20.97,20.97,20.97,20.97,20.97,20.97,20.97,20.97,20.97,20.97,20.97,
18.3,18.3,18.3,18.3,18.3,18.3,18.3,18.3,18.3,18.3,18.3,18.3,
17.1,17.1,17.1,17.1,17.1,17.1,17.1,17.1,17.1,17.1,17.1,17.1,
16.03,16.03,16.03,16.03,16.03,16.03,16.03,16.03,16.03,16.03,16.03,16.03,
15.4,15.4,15.4,15.4,15.4,15.4,15.4,15.4,15.4,15.4,15.4,15.4,
14.8,14.8,14.8,14.8,14.8,14.8,14.8,14.8,14.8,14.8,14.8,14.8,
10.62,13.64,14.58,14.88,14.97,15.0,15.01,15.01,15.01,15.01,15.01,15.01,
14.97,14.97,14.97,14.97,14.97,14.97,14.97,14.97,14.97,14.97,14.97,14.97,
39.05,33.52,25.56,16.62,8.21,1.62,0.0,0.0,0.0,4.29,10.59,17.27,
15.23,15.23,15.23,15.23,15.23,15.23,15.23,15.23,15.23,15.23,15.23,15.23,
14.9,14.9,14.9,14.9,14.9,14.9,14.9,14.9,14.9,14.9,14.9,14.9,
11.46,14.26,14.26,14.26,14.26,14.26,14.26,14.26,14.26,14.26,14.26,14.26,
16.14,15.68,15.68,15.68,15.68,15.68,15.68,15.68,15.68,15.68,15.68,15.68,
17.02,13.98,13.98,13.98,13.98,13.98,13.98,13.98,13.98,13.98,13.98,13.98,
17.83,14.02,14.02,14.02,14.02,14.02,14.02,14.02,14.02,14.02,14.02,14.02,
28.06,15.74,15.74,15.74,15.74,15.74,15.74,15.74,15.74,15.74,15.74,15.74,
21.77,16.83,16.83,16.83,16.83,16.83,16.83,16.83,16.83,16.83,16.83,16.83,
21.66,17.78,17.78,17.78,17.78,17.78,17.78,17.78,17.78,17.78,17.78,17.78,
28.87,19.27,19.27,19.27,19.27,19.27,19.27,19.27,19.27,19.27,19.27,19.27,
18.3,19.13,19.13,19.13,19.13,19.13,19.13,19.13,19.13,19.13,19.13,19.13,
24.76,22.36,21.27,20.77,20.55,20.44,20.4,20.37,20.36,20.36,20.36,20.36,
21.81,20.82,20.37,20.16,20.07,20.03,20.01,20.0,20.0,20.0,19.99,19.99,
21.42,20.7,20.37,20.22,20.16,20.13,20.11,20.11,20.1,20.1,20.1,20.1,
16.19,18.13,19.03,19.44,19.63,19.72,19.76,19.78,19.79,19.79,19.79,19.79,
15.31,17.67,17.67,17.67,17.67,17.67,17.67,17.67,17.67,17.67,17.67,17.67,
11.19,17.8,17.8,17.8,17.8,17.8,17.8,17.8,17.8,17.8,17.8,17.8,
10.16,16.63,16.63,16.63,16.63,16.63,16.63,16.63,16.63,16.63,16.63,16.63,
9.74,16.53,16.53,16.53,16.53,16.53,16.53,16.53,16.53,16.53,16.53,16.53,
10.81,15.65,15.65,15.65,15.65,15.65,15.65,15.65,15.65,15.65,15.65,15.65,
8.44,15.53,15.53,15.53,15.53,15.53,15.53,15.53,15.53,15.53,15.53,15.53,
9.91,15.49,15.49,15.49,15.49,15.49,15.49,15.49,15.49,15.49,15.49,15.49,
33.15,16.99,16.99,16.99,16.99,16.99,16.99,16.99,16.99,16.99,16.99,16.99,
0.0,16.12,16.12,16.12,16.12,16.12,16.12,16.12,16.12,16.12,16.12,16.12,
17.41,17.15,17.04,16.99,16.97,16.96,16.96,16.96,16.96,16.96,16.96,16.96,
22.89,18.59,18.59,18.59,18.59,18.59,18.59,18.59,18.59,18.59,18.59,18.59,
42.18,30.87,25.72,23.37,22.3,21.81,21.59,21.49,21.44,21.42,21.41,21.41,
110.12,101.54,94.1,87.64,82.03,77.17,72.94,69.28,66.09,63.33,60.93,58.85,
92.42,83.57,76.15,69.95,64.76,60.41,56.77,53.73,51.18,49.04,47.26,45.76,
168.85,186.67,221.96,240.84,269.81,298.55,324.22,355.11,384.0,414.18,445.93,477.26,
184.77,219.36,231.27,269.04,286.85,318.09,345.29,371.4,403.7,429.89,462.69,492.06,
157.14,162.28,167.41,172.55,177.69,182.83,187.97,193.1,198.24,203.38,208.52,213.66,
200.58,219.43,249.96,253.53,280.67,299.49,313.08,338.72,354.9,374.64,397.26,415.04,
185.97,150.39,161.41,188.82,147.47,196.85,170.49,176.25,203.17,167.48,208.59,189.71,
139.55,109.46,164.29,120.01,148.01,157.54,128.55,175.06,142.41,160.42,174.41,147.85,
85.93,127.53,81.06,118.18,110.41,92.85,132.1,94.1,120.54,121.11,100.84,136.42,
119.28,70.42,108.53,101.33,81.5,123.36,83.23,109.98,111.87,88.86,127.03,95.5,
13.26,0.0,0.0,0.0,0.0,0.0,0.0,0.0,0.0,0.0,0.0,0.0,
0.0,0.0,0.0,0.0,0.0,0.0,0.0,0.0,0.0,0.0,0.0,0.0,
24.6,29.36,29.43,29.51,29.59,29.67,29.74,29.82,29.9,29.97,30.05,30.13,
103.99,140.22,143.68,147.14,150.6,154.06,157.52,160.98,164.44,167.9,171.36,174.82,
92.64,85.25,73.68,99.78,81.97,89.41,99.91,86.63,100.73,99.31,95.7,107.1,
12.66,12.31,11.97,11.62,11.28,10.93,10.59,10.24,9.9,9.55,9.21,8.86,
13.03,13.07,13.1,13.14,13.17,13.21,13.24,13.28,13.31,13.34,13.38,13.41,
14.06,19.16,23.46,27.08,30.13,32.7,34.86,36.68,38.22,39.51,40.6,41.52,
10.39,15.8,20.36,24.21,27.47,30.22,32.54,34.5,36.16,37.56,38.74,39.74,
73.21,70.14,67.65,65.64,64.01,62.69,61.62,60.75,60.05,59.48,59.02,58.65,
42.09,44.56,46.54,48.11,49.37,50.38,51.18,51.83,52.34,52.75,53.08,53.34,
23.42,29.35,34.07,37.84,40.84,43.24,45.15,46.68,47.89,48.86,49.64,50.25,
55.01,55.79,56.4,56.88,57.25,57.54,57.76,57.93,58.07,58.17,58.25,58.32,
57.85,58.5,59.0,59.39,59.69,59.92,60.09,60.23,60.33,60.41,60.47,60.52,
134.25,118.97,107.74,99.47,93.38,88.9,85.6,83.18,81.39,80.08,79.11,78.4,
139.98,125.4,114.23,105.66,99.09,94.06,90.2,87.24,84.98,83.24,81.91,80.88,
109.08,101.08,95.23,90.94,87.8,85.51,83.83,82.6,81.7,81.04,80.55,80.2,
156.82,148.78,135.33,117.58,96.92,74.99,53.5,34.11,18.32,7.32,1.93,2.52,
151.82,139.32,122.44,102.48,80.93,59.41,39.52,22.73,10.28,3.05,1.57,5.89,
145.8,132.02,114.86,95.5,75.3,55.63,37.87,23.2,12.64,6.87,6.26,10.84,
122.2,102.68,81.52,60.33,40.68,24.05,11.65,4.38,2.78,6.91,16.44,30.62,
104.48,86.18,67.54,49.92,34.6,22.65,14.94,11.99,13.97,20.73,31.73,46.14,
71.37,51.59,34.03,20.06,10.72,6.71,8.3,15.3,27.13,42.81,61.11,80.56,
30.81,14.15,2.86,0.0,0.0,7.63,21.42,39.69,60.84,83.04,104.42,123.17,
13.26,1.97,0.0,0.0,7.08,21.16,39.79,61.36,84.01,105.81,124.92,139.71,
33.81,44.82,52.99,59.06,63.57,66.92,69.41,71.26,72.64,73.66,74.42,74.98,
22.39,34.8,44.19,51.3,56.69,60.77,63.85,66.19,67.96,69.3,70.32,71.08,
81.86,79.66,78.12,77.04,76.29,75.76,75.39,75.13,74.95,74.82,74.73,74.67,
43.63,50.97,56.03,59.51,61.92,63.58,64.72,65.51,66.06,66.43,66.69,66.87,
24.26,34.45,41.75,46.97,50.7,53.37,55.28,56.65,57.63,58.32,58.82,59.18,
20.8,31.48,39.2,44.77,48.79,51.69,53.79,55.3,56.39,57.18,57.75,58.16,
17.37,27.89,35.61,41.27,45.42,48.46,50.68,52.32,53.51,54.39,55.03,55.51,
24.27,33.57,40.61,45.95,49.99,53.05,55.37,57.13,58.46,59.47,60.23,60.81,
75.86,72.82,70.6,68.97,67.78,66.9,66.26,65.79,65.45,65.2,65.02,64.88,
288.35,80.34,80.34,80.34,80.34,80.34,80.34,80.34,80.34,80.34,80.34,80.34,
104.16,90.71,83.98,80.61,78.91,78.07,77.64,77.43,77.33,77.27,77.25,77.23,
86.89,78.48,78.48,78.48,78.48,78.48,78.48,78.48,78.48,78.48,78.48,78.48,
76.7,79.74,79.74,79.74,79.74,79.74,79.74,79.74,79.74,79.74,79.74,79.74,
105.03,85.67,85.67,85.67,85.67,85.67,85.67,85.67,85.67,85.67,85.67,85.67,
101.35,87.2,87.2,87.2,87.2,87.2,87.2,87.2,87.2,87.2,87.2,87.2,
112.41,90.29,90.29,90.29,90.29,90.29,90.29,90.29,90.29,90.29,90.29,90.29,
114.26,95.6,95.6,95.6,95.6,95.6,95.6,95.6,95.6,95.6,95.6,95.6,
146.96,123.38,112.03,106.58,103.96,102.7,102.09,101.8,101.66,101.59,101.56,101.54,
127.16,116.68,111.41,108.76,107.43,106.76,106.42,106.25,106.17,106.12,106.1,106.09,
130.86,118.71,112.61,109.54,107.99,107.22,106.82,106.63,106.53,106.48,106.45,106.44,
111.87,107.35,105.11,104.0,103.44,103.17,103.04,102.97,102.94,102.92,102.91,102.91,
115.2,110.67,108.34,107.14,106.52,106.2,106.03,105.95,105.91,105.88,105.87,105.87,
85.92,92.65,95.89,97.46,98.22,98.59,98.76,98.85,98.89,98.91,98.92,98.92,
71.62,83.28,88.81,91.42,92.66,93.25,93.53,93.66,93.72,93.75,93.76,93.77,
76.47,84.19,87.8,89.49,90.28,90.65,90.82,90.9,90.94,90.96,90.97,90.97,
45.34,65.61,75.31,79.96,82.18,83.25,83.76,84.0,84.12,84.18,84.2,84.22,
86.04,86.06,86.07,86.07,86.08,86.08,86.08,86.08,86.08,86.08,86.08,86.08,
73.17,78.41,80.87,82.02,82.56,82.82,82.94,82.99,83.02,83.03,83.04,83.04,
43.63,63.16,72.33,76.63,78.65,79.6,80.05,80.25,80.35,80.4,80.42,80.43,
44.57,62.96,71.74,75.92,77.91,78.86,79.32,79.53,79.64,79.69,79.71,79.72,
48.6,64.69,72.39,76.08,77.84,78.69,79.09,79.28,79.38,79.42,79.44,79.45,
42.88,62.18,71.76,76.52,78.88,80.05,80.63,80.92,81.06,81.13,81.17,81.19,
37.62,56.22,65.93,71.0,73.65,75.03,75.75,76.13,76.32,76.42,76.48,76.51,
38.21,55.35,64.48,69.34,71.93,73.3,74.04,74.43,74.63,74.75,74.8,74.84,
17.79,20.1,19.7,17.96,15.57,12.84,9.96,7.0,3.99,0.97,0.0,0.0,
26.51,12.55,8.46,4.38,0.3,0.0,0.0,0.0,0.0,0.0,0.0,0.0,
19.62,1.66,0.0,0.0,0.0,0.0,0.0,0.0,0.0,0.0,0.0,0.0,
1.51,0.0,0.0,0.0,0.0,0.0,0.0,0.0,0.0,0.0,0.0,0.0,
187.24,181.48,175.72,169.97,164.21,158.45,152.69,146.93,141.17,135.41,129.66,123.9,
152.72,153.45,154.17,154.9,155.62,156.34,157.07,157.79,158.52,159.24,159.97,160.69,
159.83,158.68,151.79,139.66,123.17,103.47,81.93,60.07,39.38,21.3,7.05,0.0,
152.93,149.07,140.44,127.64,111.53,93.16,73.75,54.58,36.89,21.82,10.35,3.22,
142.35,135.17,129.21,124.26,120.15,116.74,113.91,111.57,109.62,108.0,106.66,105.54,
129.91,124.86,120.67,117.19,114.3,111.91,109.92,108.27,106.91,105.77,104.83,104.05,
106.92,90.75,73.33,55.92,39.75,25.99,15.61,9.34,7.6,10.5,17.8,28.96,
57.52,40.01,25.5,15.1,9.53,9.11,13.71,22.8,35.49,50.62,66.88,82.88,
20.11,3.69,0.0,0.0,0.0,1.76,17.16,36.84,58.98,81.53,102.45,119.83,
0.0,0.0,0.0,0.0,0.0,15.46,37.48,61.7,85.88,107.83,125.55,137.48,
0.0,0.0,0.0,0.0,14.31,35.37,58.77,82.38,104.06,121.9,134.33,140.29,
0.0,0.0,0.0,9.86,28.45,49.87,72.26,93.7,112.35,126.65,135.4,137.91,
37.14,42.76,47.18,50.67,53.42,55.58,57.29,58.63,59.69,60.52,61.18,61.69,
59.69,64.14,68.14,71.4,73.72,75.03,75.32,74.7,73.33,71.43,69.22,66.93,
24.93,35.78,46.49,56.22,64.4,70.66,74.89,77.15,77.64,76.68,74.63,71.87,
12.5,20.72,27.15,32.18,36.11,39.19,41.6,43.48,44.96,46.11,47.01,47.72,
10.34,21.31,28.63,33.53,36.8,38.98,40.44,41.42,42.07,42.5,42.79,42.99,
28.65,53.9,77.32,96.89,111.22,119.53,121.71,118.24,110.07,98.49,84.97,70.99,
60.0,81.62,99.11,111.3,117.65,118.23,113.66,104.95,93.39,80.4,67.36,55.49,
19.64,35.71,51.07,64.79,76.13,84.62,90.05,92.43,91.98,89.09,84.24,78.02,
16.47,33.18,49.06,63.22,74.97,83.9,89.78,92.63,92.66,90.22,85.76,79.83,
23.09,39.79,55.17,68.46,79.12,86.85,91.56,93.35,92.47,89.33,84.39,78.18,
10.21,10.41,10.62,10.83,11.03,11.24,11.45,11.66,11.86,12.07,12.28,12.48,
17.52,18.03,18.55,19.07,19.59,20.1,20.62,21.14,21.66,22.17,22.69,23.21,
38.07,39.14,40.21,41.28,42.34,43.41,44.48,45.55,46.62,47.69,48.76,49.83,
14.14,14.28,14.41,14.55,14.69,14.83,14.97,15.1,15.24,15.38,15.52,15.66,
32.72,32.45,32.17,31.9,31.62,31.34,31.07,30.79,30.52,30.24,29.97,29.69,
21.97,20.93,19.9,18.86,17.83,16.79,15.76,14.72,13.69,12.66,11.62,10.59,
35.34,32.69,30.03,27.38,24.72,22.07,19.41,16.76,14.1,11.45,8.79,6.14,
39.9,34.79,29.69,24.59,19.48,14.38,9.28,4.17,0.0,0.0,0.0,0.0,
27.86,23.72,19.59,15.45,11.31,7.17,3.03,0.0,0.0,0.0,0.0,0.0,
17.03,13.07,9.1,5.14,1.17,0.0,0.0,0.0,0.0,0.0,0.0,0.0,
1.83,0.0,0.0,0.0,0.0,0.0,0.0,0.0,0.0,0.0,0.0,0.0,
12.08,15.76,19.06,22.04,24.72,27.13,29.29,31.24,33.0,34.58,36.0,37.28,
20.73,23.78,26.28,28.34,30.02,31.4,32.53,33.46,34.22,34.84,35.36,35.77,
20.61,22.59,22.59,22.59,22.59,22.59,22.59,22.59,22.59,22.59,22.59,22.59,
31.63,21.59,21.59,21.59,21.59,21.59,21.59,21.59,21.59,21.59,21.59,21.59,
18.36,19.09,19.09,19.09,19.09,19.09,19.09,19.09,19.09,19.09,19.09,19.09,
21.05,19.48,19.48,19.48,19.48,19.48,19.48,19.48,19.48,19.48,19.48,19.48,
13.19,19.19,19.19,19.19,19.19,19.19,19.19,19.19,19.19,19.19,19.19,19.19,
15.76,19.29,19.29,19.29,19.29,19.29,19.29,19.29,19.29,19.29,19.29,19.29,
18.84,19.75,20.05,20.14,20.17,20.18,20.19,20.19,20.19,20.19,20.19,20.19,
46.92,39.18,16.26,1.93,8.81,27.68,39.04,32.97,17.44,8.46,13.78,26.54,
80.3,61.59,49.4,41.45,36.26,32.88,30.68,29.25,28.31,27.7,27.3,27.04,
21.67,21.67,21.67,21.67,21.67,21.67,21.67,21.67,21.67,21.67,21.67,21.67,
21.63,21.63,21.63,21.63,21.63,21.63,21.63,21.63,21.63,21.63,21.63,21.63,
21.93,21.93,21.93,21.93,21.93,21.93,21.93,21.93,21.93,21.93,21.93,21.93,
21.83,21.83,21.83,21.83,21.83,21.83,21.83,21.83,21.83,21.83,21.83,21.83,
17.31,20.55,20.55,20.55,20.55,20.55,20.55,20.55,20.55,20.55,20.55,20.55,
21.57,21.57,21.57,21.57,21.57,21.57,21.57,21.57,21.57,21.57,21.57,21.57,
23.73,23.73,23.73,23.73,23.73,23.73,23.73,23.73,23.73,23.73,23.73,23.73,
24.63,24.63,24.63,24.63,24.63,24.63,24.63,24.63,24.63,24.63,24.63,24.63,
25.27,25.27,25.27,25.27,25.27,25.27,25.27,25.27,25.27,25.27,25.27,25.27,
25.73,25.73,25.73,25.73,25.73,25.73,25.73,25.73,25.73,25.73,25.73,25.73,
24.97,24.97,24.97,24.97,24.97,24.97,24.97,24.97,24.97,24.97,24.97,24.97,
25.83,25.83,25.83,25.83,25.83,25.83,25.83,25.83,25.83,25.83,25.83,25.83,
25.6,25.6,25.6,25.6,25.6,25.6,25.6,25.6,25.6,25.6,25.6,25.6,
25.3,25.3,25.3,25.3,25.3,25.3,25.3,25.3,25.3,25.3,25.3,25.3,
24.7,24.7,24.7,24.7,24.7,24.7,24.7,24.7,24.7,24.7,24.7,24.7,
23.37,23.37,23.37,23.37,23.37,23.37,23.37,23.37,23.37,23.37,23.37,23.37,
22.3,22.3,22.3,22.3,22.3,22.3,22.3,22.3,22.3,22.3,22.3,22.3,
30.85,40.53,34.51,31.14,23.72,23.72,23.72,23.72,23.72,23.72,23.72,23.72,
17.17,21.23,21.23,21.23,21.23,21.23,21.23,21.23,21.23,21.23,21.23,21.23,
15.6,21.05,21.05,21.05,21.05,21.05,21.05,21.05,21.05,21.05,21.05,21.05,
15.35,20.38,20.38,20.38,20.38,20.38,20.38,20.38,20.38,20.38,20.38,20.38,
14.71,20.19,20.19,20.19,20.19,20.19,20.19,20.19,20.19,20.19,20.19,20.19,
25.14,19.75,19.75,19.75,19.75,19.75,19.75,19.75,19.75,19.75,19.75,19.75,
70.11,24.38,24.38,24.38,24.38,24.38,24.38,24.38,24.38,24.38,24.38,24.38,
22.03,22.03,22.03,22.03,22.03,22.03,22.03,22.03,22.03,22.03,22.03,22.03,
22.03,22.03,22.03,22.03,22.03,22.03,22.03,22.03,22.03,22.03,22.03,22.03,
22.03,22.03,22.03,22.03,22.03,22.03,22.03,22.03,22.03,22.03,22.03,22.03,
22.03,22.03,22.03,22.03,22.03,22.03,22.03,22.03,22.03,22.03,22.03,22.03,
20.97,20.97,20.97,20.97,20.97,20.97,20.97,20.97,20.97,20.97,20.97,20.97,
17.93,17.93,17.93,17.93,17.93,17.93,17.93,17.93,17.93,17.93,17.93,17.93,
18.23,18.23,18.23,18.23,18.23,18.23,18.23,18.23,18.23,18.23,18.23,18.23,
19.73,19.73,19.73,19.73,19.73,19.73,19.73,19.73,19.73,19.73,19.73,19.73,
20.63,20.63,20.63,20.63,20.63,20.63,20.63,20.63,20.63,20.63,20.63,20.63,
21.13,21.13,21.13,21.13,21.13,21.13,21.13,21.13,21.13,21.13,21.13,21.13,
21.77,21.77,21.77,21.77,21.77,21.77,21.77,21.77,21.77,21.77,21.77,21.77,
21.03,21.03,21.03,21.03,21.03,21.03,21.03,21.03,21.03,21.03,21.03,21.03,
19.2,19.2,19.2,19.2,19.2,19.2,19.2,19.2,19.2,19.2,19.2,19.2,
18.17,18.17,18.17,18.17,18.17,18.17,18.17,18.17,18.17,18.17,18.17,18.17,
17.6,17.6,17.6,17.6,17.6,17.6,17.6,17.6,17.6,17.6,17.6,17.6,
16.6,16.6,16.6,16.6,16.6,16.6,16.6,16.6,16.6,16.6,16.6,16.6,
16.17,16.17,16.17,16.17,16.17,16.17,16.17,16.17,16.17,16.17,16.17,16.17,
14.83,14.83,14.83,14.83,14.83,14.83,14.83,14.83,14.83,14.83,14.83,14.83,
13.97,13.97,13.97,13.97,13.97,13.97,13.97,13.97,13.97,13.97,13.97,13.97,
13.57,13.57,13.57,13.57,13.57,13.57,13.57,13.57,13.57,13.57,13.57,13.57,
12.9,12.9,12.9,12.9,12.9,12.9,12.9,12.9,12.9,12.9,12.9,12.9,
12.73,12.73,12.73,12.73,12.73,12.73,12.73,12.73,12.73,12.73,12.73,12.73,
13.53,13.53,13.53,13.53,13.53,13.53,13.53,13.53,13.53,13.53,13.53,13.53,
17.83,17.83,17.83,17.83,17.83,17.83,17.83,17.83,17.83,17.83,17.83,17.83,
17.8,17.8,17.8,17.8,17.8,17.8,17.8,17.8,17.8,17.8,17.8,17.8,
22.97,22.97,22.97,22.97,22.97,22.97,22.97,22.97,22.97,22.97,22.97,22.97,
25.43,25.43,25.43,25.43,25.43,25.43,25.43,25.43,25.43,25.43,25.43,25.43,
85.68,50.22,47.51,45.55,44.12,43.09,42.35,41.81,41.42,41.14,40.93,40.78,
42.93,59.11,52.38,47.75,44.56,42.36,40.85,39.81,39.09,38.59,38.26,38.02,
107.67,120.78,119.64,125.18,128.96,132.25,136.58,140.08,144.03,147.82,151.62,155.46,
125.95,151.74,146.51,154.1,158.81,162.47,167.93,172.03,176.87,181.42,186.02,190.66,
167.95,176.53,179.85,186.8,191.24,197.41,202.39,208.19,213.42,219.05,224.4,229.95,
172.59,166.78,176.49,180.38,185.39,190.92,195.7,201.0,206.04,211.17,216.29,221.4,
163.24,160.39,169.38,172.69,177.92,182.93,187.64,192.66,197.49,202.41,207.3,212.19,
146.05,135.24,149.56,146.75,155.62,156.52,162.86,165.49,170.65,174.09,178.7,182.51,
107.92,89.82,105.58,99.3,107.37,106.09,110.9,111.75,115.17,116.92,119.76,121.89,
58.12,58.48,58.44,58.39,58.35,58.31,58.26,58.22,58.17,58.13,58.09,58.04,
49.39,30.38,29.34,28.29,27.25,26.2,25.15,24.11,23.06,22.02,20.97,19.92,
21.88,5.84,4.71,3.58,2.45,1.32,0.19,0.0,0.0,0.0,0.0,0.0,
2.46,0.0,0.0,0.0,0.0,0.0,0.0,0.0,0.0,0.0,0.0,0.0,
12.57,47.21,48.68,50.14,51.6,53.06,54.53,55.99,57.45,58.92,60.38,61.84,
57.03,76.51,78.48,80.45,82.41,84.38,86.35,88.32,90.29,92.26,94.22,96.19,
48.24,8.94,8.48,8.01,7.55,7.08,6.61,6.15,5.68,5.22,4.75,4.28,
4.05,0.0,0.0,9.23,17.6,24.0,28.9,32.65,35.51,37.71,39.38,40.67,
0.0,6.8,15.39,22.0,27.1,31.02,34.04,36.37,38.16,39.54,40.6,41.42,
17.65,40.57,42.83,44.55,45.85,46.84,47.59,48.16,48.59,48.91,49.16,49.35,
49.99,58.98,58.12,57.5,57.05,56.73,56.5,56.34,56.22,56.13,56.07,56.02,
76.24,111.82,95.2,84.55,77.73,73.36,70.56,68.77,67.62,66.89,66.41,66.11,
88.89,24.33,41.07,49.59,53.94,56.15,57.28,57.86,58.15,58.3,58.37,58.41,
7.55,0.0,14.5,31.01,40.32,45.56,48.52,50.18,51.12,51.65,51.95,52.11,
0.0,38.59,37.42,3.71,28.75,30.62,14.08,24.82,26.78,18.75,23.25,24.64,
84.33,134.05,102.6,126.81,112.85,125.06,119.32,125.89,124.03,127.95,127.9,130.57,
173.33,176.53,162.83,151.4,132.14,114.02,93.73,75.72,59.11,46.06,36.32,30.69,
111.43,111.43,111.43,111.43,111.43,111.43,111.43,111.43,111.43,111.43,111.43,111.43,
201.78,151.49,134.42,128.62,126.66,125.99,125.76,125.69,125.66,125.65,125.65,125.65,
136.0,127.77,125.06,124.17,123.87,123.78,123.75,123.74,123.73,123.73,123.73,123.73,
129.47,126.67,125.75,125.44,125.34,125.31,125.3,125.3,125.3,125.3,125.29,125.29,
147.14,134.99,130.98,129.66,129.23,129.08,129.04,129.02,129.02,129.01,129.01,129.01,
117.62,124.06,126.18,126.87,127.1,127.17,127.2,127.2,127.21,127.21,127.21,127.21,
123.07,126.7,127.89,128.28,128.4,128.44,128.46,128.46,128.46,128.46,128.46,128.46,
99.32,114.71,119.82,121.52,122.08,122.27,122.33,122.35,122.36,122.36,122.36,122.36,
89.42,108.28,114.58,116.69,117.39,117.63,117.71,117.73,117.74,117.75,117.75,117.75,
82.83,103.07,109.92,112.24,113.02,113.28,113.37,113.41,113.42,113.42,113.42,113.42,
73.92,96.84,104.68,107.36,108.28,108.6,108.71,108.74,108.76,108.76,108.76,108.76,
85.79,100.12,105.03,106.72,107.3,107.49,107.56,107.59,107.59,107.6,107.6,107.6,
89.08,100.82,104.86,106.26,106.74,106.9,106.96,106.98,106.99,106.99,106.99,106.99,
72.23,93.38,100.69,103.21,104.08,104.38,104.49,104.52,104.53,104.54,104.54,104.54,
71.89,92.69,99.91,102.42,103.29,103.59,103.7,103.74,103.75,103.75,103.75,103.75,
68.0,90.66,98.57,101.32,102.28,102.62,102.73,102.78,102.79,102.79,102.8,102.8,
66.82,89.61,97.63,100.45,101.45,101.8,101.92,101.96,101.98,101.98,101.98,101.98,
79.97,94.72,99.9,101.72,102.36,102.59,102.67,102.7,102.71,102.71,102.71,102.71,
139.29,120.64,114.28,112.11,111.37,111.12,111.03,111.01,111.0,110.99,110.99,110.99,
76.75,97.95,104.9,107.17,107.92,108.16,108.24,108.27,108.27,108.28,108.28,108.28,
89.66,103.51,108.01,109.47,109.94,110.09,110.14,110.16,110.16,110.17,110.17,110.17,
104.83,110.53,112.36,112.94,113.12,113.18,113.2,113.21,113.21,113.21,113.21,113.21,
112.37,115.01,115.85,116.11,116.19,116.22,116.23,116.23,116.23,116.23,116.23,116.23,
125.81,121.28,119.83,119.37,119.22,119.18,119.16,119.16,119.16,119.16,119.16,119.16,
135.6,126.59,123.74,122.83,122.54,122.45,122.42,122.42,122.41,122.41,122.41,122.41,
136.17,129.96,128.03,127.42,127.23,127.17,127.15,127.15,127.14,127.14,127.14,127.14,
150.31,138.02,134.21,133.02,132.66,132.55,132.51,132.5,132.5,132.49,132.49,132.49,
130.13,131.76,132.28,132.44,132.49,132.51,132.51,132.52,132.52,132.52,132.52,132.52,
137.05,133.89,132.89,132.57,132.46,132.43,132.42,132.42,132.42,132.42,132.42,132.42,
142.59,169.97,204.35,239.62,271.94,299.26,320.8,336.65,347.44,354.06,357.45,358.53,
132.64,121.63,110.4,99.47,89.32,80.39,73.04,67.58,64.2,63.0,63.97,67.03,
77.95,83.24,86.38,88.24,89.33,89.98,90.37,90.6,90.73,90.81,90.86,90.89,
37.12,38.68,10.34,19.37,0.0,18.12,7.86,35.0,32.33,65.39,66.57,101.18,
16.01,4.95,0.0,0.0,5.08,16.14,31.68,50.56,71.4,92.68,112.87,130.52,
46.51,57.98,64.71,68.67,71.0,72.36,73.17,73.64,73.92,74.08,74.17,74.23,
75.52,75.82,75.99,76.09,76.15,76.18,76.2,76.21,76.21,76.22,76.22,76.22,
65.55,66.36,67.17,67.98,68.79,69.6,70.41,71.22,72.03,72.84,73.65,74.46,
35.58,48.84,56.63,61.21,63.9,65.47,66.4,66.95,67.27,67.45,67.56,67.63,
47.61,56.15,61.15,64.07,65.78,66.78,67.37,67.71,67.91,68.03,68.1,68.14,
49.35,57.14,61.69,64.34,65.89,66.79,67.32,67.62,67.8,67.91,67.97,68.0,
61.14,65.77,68.4,69.9,70.75,71.24,71.51,71.67,71.76,71.81,71.84,71.85,
66.21,69.17,70.84,71.79,72.33,72.64,72.81,72.91,72.96,73.0,73.01,73.02,
120.43,134.6,144.69,149.86,149.7,144.29,134.15,120.21,103.74,86.21,69.17,54.09,
39.22,56.4,64.78,68.86,70.86,71.83,72.3,72.54,72.65,72.7,72.73,72.74,
72.26,74.61,75.65,76.11,76.32,76.41,76.45,76.47,76.48,76.48,76.48,76.48,
60.44,70.18,74.22,75.91,76.61,76.9,77.02,77.07,77.09,77.1,77.1,77.1,
52.6,70.49,57.39,63.78,57.91,59.75,56.74,56.78,54.91,54.23,52.81,51.85,
127.51,110.08,101.26,96.8,94.54,93.4,92.83,92.54,92.39,92.31,92.28,92.26,
226.24,207.99,142.11,94.19,94.19,94.19,94.19,94.19,94.19,94.19,94.19,94.19,
214.72,156.48,105.61,99.15,99.15,99.15,99.15,99.15,99.15,99.15,99.15,99.15,
181.55,143.15,126.25,116.88,111.69,108.81,107.21,106.33,105.84,105.57,105.41,105.33,
197.81,181.08,167.87,157.43,149.19,142.69,137.55,133.49,130.29,127.76,125.76,124.18,
237.55,219.78,205.05,192.84,182.72,174.34,167.4,161.64,156.87,152.92,149.64,146.92,
159.04,127.3,149.42,119.75,143.44,115.07,139.72,112.17,137.4,110.37,135.95,109.27,
134.14,159.45,132.69,158.0,131.23,156.54,129.78,155.08,128.32,153.63,126.87,152.17,
104.14,101.28,98.41,95.55,92.69,89.83,86.97,84.1,81.24,78.38,75.52,72.66,
59.92,82.7,55.87,78.41,51.82,74.11,47.77,69.82,43.72,65.53,39.67,61.24,
115.47,91.89,113.19,89.78,110.92,87.67,108.65,85.56,106.38,83.45,104.12,81.34,
61.37,80.4,56.79,75.81,52.21,71.21,47.64,66.61,43.06,62.01,38.48,57.42,
124.21,124.41,124.62,124.83,125.03,125.24,125.45,125.66,125.86,126.07,126.28,126.48,
103.36,102.47,104.25,105.34,106.61,107.83,109.06,110.29,111.52,112.74,113.97,115.2,
9.66,8.31,6.97,5.62,4.28,2.93,1.59,0.24,0.0,0.0,0.0,0.0,
28.41,40.44,49.84,57.19,62.93,67.41,70.91,73.64,75.78,77.45,78.75,79.77,
24.0,37.26,47.61,55.68,61.98,66.89,70.72,73.71,76.05,77.87,79.29,80.4,
24.66,38.48,49.3,57.77,64.39,69.58,73.64,76.82,79.3,81.25,82.77,83.96,
70.96,76.28,80.34,83.46,85.84,87.66,89.05,90.12,90.93,91.55,92.03,92.39,
105.43,102.66,100.51,98.85,97.56,96.56,95.79,95.19,94.73,94.37,94.09,93.87,
41.07,52.51,61.19,67.78,72.78,76.57,79.45,81.64,83.3,84.56,85.51,86.24,
46.74,57.14,65.01,70.97,75.48,78.89,81.48,83.43,84.91,86.03,86.88,87.52,
68.72,75.22,80.07,83.69,86.39,88.41,89.91,91.03,91.87,92.49,92.96,93.31,
92.03,93.07,94.1,95.14,96.17,97.21,98.24,99.28,100.31,101.34,102.38,103.41,
155.47,144.7,136.71,130.79,126.4,123.15,120.74,118.95,117.63,116.64,115.91,115.37,
169.11,177.74,180.42,177.34,169.12,156.69,141.27,124.21,106.88,90.6,76.52,65.54,
135.15,129.79,125.58,122.28,119.69,117.66,116.07,114.82,113.84,113.08,112.48,112.0,
157.0,161.0,165.0,169.0,173.0,177.0,181.0,185.0,189.0,193.0,197.0,201.0,
178.14,181.28,184.41,187.55,190.69,193.83,196.97,200.1,203.24,206.38,209.52,212.66,
128.9,127.79,126.69,125.59,124.48,123.38,122.28,121.17,120.07,118.97,117.86,116.76,
61.38,54.76,48.14,41.52,34.9,28.28,21.66,15.03,8.41,1.79,0.0,0.0,
74.7,82.72,89.34,94.81,99.33,103.06,106.15,108.7,110.8,112.54,113.98,115.16,
59.14,69.09,77.24,83.92,89.4,93.89,97.57,100.59,103.06,105.09,106.75,108.11,
39.44,52.46,62.77,70.95,77.42,82.55,86.61,89.83,92.38,94.4,96.0,97.27,
30.51,43.24,53.68,62.24,69.27,75.03,79.76,83.64,86.82,89.43,91.57,93.33,
25.04,46.71,55.76,64.67,69.34,73.18,75.45,77.16,78.23,79.0,79.5,79.85,
57.87,61.85,70.45,73.38,76.76,78.36,79.77,80.57,81.18,81.56,81.83,82.01,
34.26,54.5,56.75,64.38,66.28,69.3,70.42,71.67,72.25,72.78,73.07,73.3,
26.2,41.24,49.03,55.58,59.38,62.3,64.11,65.43,66.28,66.89,67.28,67.56,
30.2,42.91,49.77,55.46,58.86,61.47,63.12,64.33,65.13,65.69,66.07,66.34,
12.36,32.34,38.59,47.14,50.98,54.84,56.95,58.77,59.88,60.75,61.31,61.74,
22.27,32.62,41.51,47.1,51.52,54.47,56.7,58.24,59.37,60.17,60.75,61.16,
72.06,63.0,67.47,64.85,66.08,65.31,65.64,65.41,65.49,65.42,65.44,65.42,
98.77,85.61,80.18,74.24,70.87,67.95,66.05,64.56,63.53,62.75,62.2,61.79,
13.66,23.74,31.18,36.68,40.74,43.73,45.94,47.57,48.78,49.67,50.33,50.81,
13.11,22.86,30.11,35.5,39.51,42.49,44.7,46.35,47.58,48.49,49.17,49.67,
9.07,9.14,9.21,9.28,9.34,9.41,9.48,9.55,9.62,9.69,9.76,9.83,
11.24,9.48,7.72,5.97,4.21,2.45,0.69,0.0,0.0,0.0,0.0,0.0,
19.0,16.0,13.0,10.0,7.0,4.0,1.0,0.0,0.0,0.0,0.0,0.0,
19.79,19.59,19.38,19.17,18.97,18.76,18.55,18.34,18.14,17.93,17.72,17.52,
28.86,28.72,28.59,28.45,28.31,28.17,28.03,27.9,27.76,27.62,27.48,27.34,
17.59,16.17,14.76,13.34,11.93,10.52,9.1,7.69,6.28,4.86,3.45,2.03,
37.21,35.41,33.62,31.83,30.03,28.24,26.45,24.66,22.86,21.07,19.28,17.48,
38.62,34.24,29.86,25.48,21.1,16.72,12.34,7.97,3.59,0.0,0.0,0.0,
43.55,40.1,36.66,33.21,29.76,26.31,22.86,19.41,15.97,12.52,9.07,5.62,
13.72,9.45,5.17,0.9,0.0,0.0,0.0,0.0,0.0,0.0,0.0,0.0,
11.28,6.55,1.83,0.0,0.0,0.0,0.0,0.0,0.0,0.0,0.0,0.0,
8.45,2.9,0.0,0.0,0.0,0.0,0.0,0.0,0.0,0.0,0.0,0.0,
28.22,32.45,32.45,32.45,32.45,32.45,32.45,32.45,32.45,32.45,32.45,32.45,
22.35,27.43,27.43,27.43,27.43,27.43,27.43,27.43,27.43,27.43,27.43,27.43,
31.51,40.92,30.76,27.01,25.62,25.12,24.93,24.86,24.83,24.82,24.82,24.82,
34.32,41.75,31.61,27.24,25.36,24.55,24.2,24.05,23.99,23.96,23.95,23.94,
30.3,40.34,32.92,28.67,26.23,24.84,24.04,23.59,23.33,23.18,23.09,23.04,
14.66,20.44,20.44,20.44,20.44,20.44,20.44,20.44,20.44,20.44,20.44,20.44,
13.45,19.74,19.74,19.74,19.74,19.74,19.74,19.74,19.74,19.74,19.74,19.74,
13.66,19.68,19.68,19.68,19.68,19.68,19.68,19.68,19.68,19.68,19.68,19.68,
43.8,21.97,21.97,21.97,21.97,21.97,21.97,21.97,21.97,21.97,21.97,21.97,
21.43,21.17,21.17,21.17,21.17,21.17,21.17,21.17,21.17,21.17,21.17,21.17,
11.41,20.64,20.64,20.64,20.64,20.64,20.64,20.64,20.64,20.64,20.64,20.64,
14.94,20.06,20.06,20.06,20.06,20.06,20.06,20.06,20.06,20.06,20.06,20.06,
15.84,20.06,20.06,20.06,20.06,20.06,20.06,20.06,20.06,20.06,20.06,20.06,
17.23,20.41,20.41,20.41,20.41,20.41,20.41,20.41,20.41,20.41,20.41,20.41,
15.91,20.32,20.32,20.32,20.32,20.32,20.32,20.32,20.32,20.32,20.32,20.32,
12.55,15.46,15.46,15.46,15.46,15.46,15.46,15.46,15.46,15.46,15.46,15.46,
21.35,16.39,16.39,16.39,16.39,16.39,16.39,16.39,16.39,16.39,16.39,16.39,
26.08,17.93,17.93,17.93,17.93,17.93,17.93,17.93,17.93,17.93,17.93,17.93,
23.65,18.64,18.64,18.64,18.64,18.64,18.64,18.64,18.64,18.64,18.64,18.64,
34.35,20.44,20.44,20.44,20.44,20.44,20.44,20.44,20.44,20.44,20.44,20.44,
17.63,19.91,19.91,19.91,19.91,19.91,19.91,19.91,19.91,19.91,19.91,19.91,
30.21,21.18,21.18,21.18,21.18,21.18,21.18,21.18,21.18,21.18,21.18,21.18,
12.2,19.76,19.76,19.76,19.76,19.76,19.76,19.76,19.76,19.76,19.76,19.76,
19.63,20.15,20.15,20.15,20.15,20.15,20.15,20.15,20.15,20.15,20.15,20.15,
20.38,19.47,19.47,19.47,19.47,19.47,19.47,19.47,19.47,19.47,19.47,19.47,
13.05,18.54,18.54,18.54,18.54,18.54,18.54,18.54,18.54,18.54,18.54,18.54,
10.48,16.49,16.49,16.49,16.49,16.49,16.49,16.49,16.49,16.49,16.49,16.49,
10.78,15.94,15.94,15.94,15.94,15.94,15.94,15.94,15.94,15.94,15.94,15.94,
9.39,15.35,15.35,15.35,15.35,15.35,15.35,15.35,15.35,15.35,15.35,15.35,
9.65,14.92,14.92,14.92,14.92,14.92,14.92,14.92,14.92,14.92,14.92,14.92,
8.98,14.44,14.44,14.44,14.44,14.44,14.44,14.44,14.44,14.44,14.44,14.44,
8.79,13.84,13.84,13.84,13.84,13.84,13.84,13.84,13.84,13.84,13.84,13.84,
29.59,15.44,15.44,15.44,15.44,15.44,15.44,15.44,15.44,15.44,15.44,15.44,
13.54,15.8,15.8,15.8,15.8,15.8,15.8,15.8,15.8,15.8,15.8,15.8,
15.47,16.04,16.04,16.04,16.04,16.04,16.04,16.04,16.04,16.04,16.04,16.04,
23.64,17.57,17.57,17.57,17.57,17.57,17.57,17.57,17.57,17.57,17.57,17.57,
51.06,19.87,19.87,19.87,19.87,19.87,19.87,19.87,19.87,19.87,19.87,19.87,
150.85,135.45,106.2,75.25,49.79,32.74,24.0,21.77,23.67,27.51,31.64,35.07,
27.0,27.0,27.0,27.0,27.0,27.0,27.0,27.0,27.0,27.0,27.0,27.0,
196.61,206.2,213.91,220.92,227.66,234.3,240.91,247.5,254.08,260.67,267.25,273.83,
183.34,188.48,194.23,200.19,206.21,212.27,218.33,224.39,230.45,236.52,242.58,248.64,
148.87,149.56,152.7,156.73,161.08,165.54,170.05,174.57,179.1,183.63,188.16,192.69,
188.72,196.02,202.35,208.42,214.41,220.38,226.35,232.31,238.27,244.23,250.2,256.16,
188.68,194.55,200.47,206.4,212.33,218.27,224.2,230.14,236.07,242.01,247.94,253.88,
140.75,145.28,149.82,154.35,158.89,163.42,167.96,172.49,177.03,181.56,186.1,190.63,
93.61,96.19,98.77,101.35,103.93,106.51,109.09,111.68,114.26,116.84,119.42,122.0,
99.42,101.28,103.13,104.98,106.83,108.69,110.54,112.39,114.24,116.1,117.95,119.8,
30.08,22.35,19.1,17.62,16.85,16.37,16.0,15.68,15.37,15.07,14.78,14.48,
19.46,14.42,11.29,9.0,7.06,5.27,3.55,1.85,0.17,0.0,0.0,0.0,
24.99,25.02,25.05,25.08,25.11,25.15,25.18,25.21,25.24,25.27,25.3,25.34,
58.93,59.48,60.04,60.59,61.15,61.7,62.26,62.81,63.36,63.92,64.47,65.03,
17.11,13.45,11.87,11.11,10.69,10.39,10.15,9.93,9.72,9.51,9.31,9.1,
6.24,3.85,2.84,2.39,2.17,2.05,1.96,1.89,1.83,1.77,1.71,1.65,
30.81,31.03,31.26,31.48,31.7,31.92,32.14,32.37,32.59,32.81,33.03,33.26,
6.23,13.16,23.21,35.63,49.56,64.1,78.37,91.54,102.9,111.86,118.03,121.17,
13.9,25.0,38.48,53.38,68.74,83.58,97.05,108.38,116.99,122.5,124.74,123.72,
280.7,222.4,181.46,152.7,132.51,118.32,108.36,101.37,96.45,93.0,90.58,88.87,
93.11,87.25,82.89,79.66,77.25,75.47,74.14,73.16,72.43,71.89,71.48,71.18,
20.99,33.16,41.87,48.11,52.58,55.78,58.08,59.72,60.89,61.74,62.34,62.77,
42.55,49.94,55.13,58.77,61.32,63.11,64.36,65.24,65.86,66.29,66.59,66.81,
58.53,62.33,64.94,66.73,67.96,68.8,69.38,69.78,70.05,70.24,70.37,70.46,
135.95,117.78,106.02,98.4,93.47,90.28,88.21,86.87,86.01,85.44,85.08,84.85,
166.48,120.28,102.34,95.37,92.66,91.61,91.2,91.04,90.98,90.96,90.95,90.94,
117.95,101.68,95.64,93.4,92.57,92.26,92.15,92.1,92.09,92.08,92.08,92.08,
118.65,97.17,97.17,97.17,97.17,97.17,97.17,97.17,97.17,97.17,97.17,97.17,
147.25,132.39,122.67,116.32,112.17,109.45,107.68,106.52,105.77,105.27,104.95,104.74,
150.14,137.43,128.86,123.09,119.2,116.58,114.81,113.62,112.82,112.28,111.92,111.67,
132.46,125.38,120.62,117.42,115.26,113.82,112.84,112.19,111.75,111.46,111.26,111.12,
131.68,125.37,121.1,118.21,116.26,114.93,114.04,113.43,113.02,112.74,112.55,112.42,
119.62,116.06,113.7,112.13,111.09,110.41,109.95,109.65,109.45,109.32,109.23,109.17,
93.36,100.75,100.75,100.75,100.75,100.75,100.75,100.75,100.75,100.75,100.75,100.75,
63.3,96.83,96.83,96.83,96.83,96.83,96.83,96.83,96.83,96.83,96.83,96.83,
101.17,94.57,94.57,94.57,94.57,94.57,94.57,94.57,94.57,94.57,94.57,94.57,
43.5,60.72,71.14,77.44,81.24,83.55,84.94,85.78,86.29,86.6,86.78,86.89,
94.38,84.61,84.61,84.61,84.61,84.61,84.61,84.61,84.61,84.61,84.61,84.61,
49.83,61.8,69.03,73.39,76.03,77.62,78.58,79.16,79.51,79.72,79.85,79.92,
37.23,51.13,59.83,65.26,68.67,70.79,72.12,72.96,73.48,73.8,74.01,74.13,
28.7,43.91,53.67,59.93,63.95,66.52,68.18,69.24,69.92,70.36,70.64,70.82,
24.27,40.09,50.39,57.1,61.47,64.31,66.17,67.38,68.16,68.68,69.01,69.23,
26.76,41.69,51.5,57.94,62.16,64.93,66.75,67.95,68.73,69.25,69.59,69.81,
27.12,40.56,49.55,55.55,59.56,62.24,64.03,65.23,66.03,66.56,66.92,67.16,
24.69,38.01,47.01,53.1,57.22,60.0,61.88,63.16,64.02,64.6,65.0,65.26,
7.87,5.72,0.0,0.0,0.0,0.0,0.0,0.0,0.0,0.0,0.0,0.0,
39.21,40.41,41.62,42.83,44.03,45.24,46.45,47.66,48.86,50.07,51.28,52.48,
32.38,21.97,32.08,50.73,59.31,50.89,35.31,28.02,34.84,47.64,53.63,47.9,
380.68,299.8,244.52,206.73,180.9,163.24,151.17,142.92,137.28,133.42,130.79,128.99,
215.52,168.41,141.18,125.43,116.33,111.07,108.03,106.27,105.25,104.66,104.32,104.13,
125.69,112.18,104.67,100.5,98.18,96.89,96.17,95.78,95.55,95.43,95.36,95.32,
152.6,130.79,118.72,112.03,108.33,106.29,105.15,104.53,104.18,103.99,103.88,103.82,
154.79,134.65,123.45,117.22,113.76,111.83,110.76,110.16,109.83,109.65,109.54,109.49,
136.86,127.67,122.43,119.45,117.75,116.78,116.23,115.91,115.73,115.63,115.57,115.54,
126.33,121.93,119.42,117.98,117.15,116.68,116.41,116.26,116.17,116.12,116.09,116.07,
124.55,118.69,115.4,113.56,112.52,111.94,111.61,111.43,111.33,111.27,111.24,111.22,
94.3,99.45,102.31,103.89,104.76,105.25,105.52,105.66,105.75,105.79,105.82,105.83,
78.78,89.78,95.89,99.29,101.17,102.22,102.81,103.13,103.31,103.41,103.47,103.5,
67.97,81.79,89.45,93.69,96.04,97.34,98.06,98.45,98.68,98.8,98.87,98.9,
77.08,85.34,89.88,92.36,93.72,94.47,94.88,95.1,95.23,95.3,95.33,95.35,
52.07,69.15,78.54,83.7,86.54,88.1,88.95,89.42,89.68,89.83,89.9,89.95,
61.21,72.85,79.24,82.74,84.67,85.72,86.3,86.62,86.79,86.89,86.94,86.97,
58.82,69.75,75.76,79.08,80.9,81.91,82.46,82.77,82.93,83.03,83.08,83.11,
44.34,59.11,67.38,72.02,74.62,76.07,76.89,77.35,77.6,77.75,77.83,77.87,
41.19,57.13,66.13,71.22,74.09,75.72,76.64,77.16,77.45,77.61,77.71,77.76,
39.29,53.86,62.25,67.09,69.88,71.48,72.41,72.94,73.25,73.43,73.53,73.59,
36.17,52.44,61.83,67.25,70.38,72.19,73.23,73.83,74.18,74.38,74.5,74.56,
33.01,49.36,58.91,64.48,67.73,69.64,70.74,71.39,71.77,71.99,72.12,72.2,
32.74,48.46,57.71,63.14,66.33,68.21,69.31,69.96,70.35,70.57,70.7,70.78,
32.31,47.83,56.98,62.38,65.56,67.44,68.55,69.2,69.58,69.81,69.95,70.02,
51.11,59.93,65.07,68.08,69.83,70.85,71.45,71.8,72.0,72.12,72.19,72.23,
77.47,77.17,77.0,76.9,76.84,76.81,76.79,76.78,76.77,76.77,76.77,76.77,
114.24,100.84,93.27,89.0,86.6,85.24,84.47,84.04,83.79,83.66,83.58,83.53,
132.56,113.72,103.11,97.13,93.76,91.86,90.79,90.18,89.84,89.65,89.54,89.48,
118.92,107.22,100.72,97.11,95.11,93.99,93.38,93.03,92.84,92.74,92.68,92.65,
246.89,260.91,263.04,266.24,269.44,272.64,275.84,279.04,282.24,285.43,288.63,291.83,
152.0,149.72,147.43,145.15,142.86,140.58,138.29,136.01,133.72,131.44,129.15,126.87,
77.43,38.29,4.57,0.0,0.0,0.0,0.0,0.0,0.0,0.0,0.0,0.0,
108.76,111.3,113.61,115.74,117.68,119.46,121.09,122.59,123.96,125.21,126.36,127.41,
51.4,31.48,15.91,5.89,2.05,4.42,12.49,25.23,41.24,58.91,76.54,92.54,
69.68,56.98,46.09,37.82,32.64,30.78,32.21,36.66,43.64,52.51,62.52,72.88,
29.12,15.83,8.35,6.19,9.48,17.68,29.91,44.97,61.5,78.03,93.18,105.75,
20.02,10.47,5.4,5.98,11.68,21.84,35.37,50.99,67.28,82.84,96.39,106.89,
7.47,2.16,2.81,8.75,19.28,33.26,49.35,66.09,82.02,95.86,106.53,113.31,
13.77,14.24,18.6,26.9,38.13,51.21,64.95,78.17,89.81,98.98,105.06,107.72,
61.7,62.3,62.8,63.24,63.6,63.92,64.19,64.41,64.61,64.77,64.91,65.03,
25.16,29.56,33.31,36.5,39.22,41.54,43.52,45.2,46.63,47.85,48.89,49.78,
11.95,17.07,21.49,25.29,28.56,31.38,33.81,35.9,37.7,39.26,40.59,41.74,
11.09,16.37,20.94,24.89,28.32,31.28,33.85,36.07,38.0,39.67,41.11,42.36,
12.1,15.71,18.89,21.69,24.15,26.32,28.23,29.92,31.4,32.7,33.85,34.86,
28.38,47.09,66.3,84.23,99.54,111.18,118.46,121.08,119.15,113.11,103.73,91.98,
94.06,115.04,129.17,137.07,138.07,132.52,121.32,105.9,88.0,69.52,52.28,37.9,
45.77,46.43,46.98,47.45,47.85,48.19,48.48,48.73,48.93,49.11,49.26,49.39,
15.96,30.69,45.17,58.55,70.17,79.56,86.43,90.71,92.49,92.0,89.57,85.61,
54.53,54.15,53.83,53.57,53.35,53.17,53.03,52.91,52.81,52.73,52.66,52.61,
82.25,101.47,111.68,118.48,121.48,120.51,115.71,107.45,96.35,83.21,68.95,54.54,
91.68,106.96,114.25,117.99,118.03,114.43,107.51,97.78,85.95,72.84,59.34,46.36,
126.35,115.27,106.29,99.0,93.1,88.3,84.42,81.27,78.71,76.64,74.96,73.59,
132.95,124.64,112.44,97.84,82.36,67.37,54.07,43.33,35.71,31.46,30.48,32.46,
126.97,115.21,101.14,86.18,71.63,58.58,47.85,39.98,35.2,33.47,34.53,37.9,
142.18,132.47,124.48,117.91,112.51,108.08,104.43,101.43,98.96,96.93,95.27,93.9,
116.39,112.54,109.31,106.61,104.35,102.46,100.88,99.56,98.45,97.53,96.75,96.1,
89.35,89.65,89.9,90.11,90.28,90.43,90.55,90.66,90.74,90.82,90.88,90.93,
61.35,64.89,67.77,70.11,72.01,73.55,74.8,75.82,76.65,77.33,77.87,78.32,
68.21,70.87,73.08,74.92,76.45,77.71,78.77,79.64,80.37,80.97,81.48,81.89,
47.43,43.28,41.46,41.72,43.71,47.02,51.18,55.77,60.39,64.7,68.43,71.42,
41.56,47.37,51.81,55.22,57.84,59.84,61.38,62.56,63.46,64.16,64.69,65.1,
31.51,38.7,44.16,48.28,51.41,53.77,55.57,56.92,57.95,58.73,59.32,59.77,
29.54,36.0,40.88,44.57,47.36,49.47,51.06,52.26,53.17,53.86,54.38,54.77,
59.92,59.86,59.81,59.78,59.76,59.74,59.73,59.72,59.71,59.7,59.7,59.7,
38.71,42.23,44.86,46.83,48.3,49.4,50.23,50.84,51.3,51.65,51.91,52.1,
18.74,26.11,31.7,35.93,39.13,41.56,43.4,44.79,45.84,46.64,47.25,47.7,
20.75,26.71,31.3,34.83,37.55,39.64,41.24,42.48,43.43,44.16,44.73,45.16,
13.37,20.63,26.26,30.62,33.99,36.61,38.63,40.2,41.42,42.36,43.09,43.66,
26.08,31.58,35.84,39.16,41.73,43.73,45.28,46.49,47.42,48.15,48.71,49.15,
17.54,22.77,26.97,30.33,33.02,35.18,36.9,38.29,39.4,40.29,41.0,41.57,
25.4,28.93,31.76,34.04,35.87,37.35,38.53,39.48,40.24,40.86,41.35,41.74,
7.71,13.96,19.01,23.11,26.42,29.1,31.28,33.04,34.46,35.61,36.55,37.3,
28.81,4.69,12.69,17.36,8.03,14.37,12.72,10.55,13.2,11.35,11.37,11.96,
0.0,0.0,0.0,0.0,0.0,0.0,0.0,0.0,0.0,0.0,0.0,0.0,
1.45,0.0,0.0,0.0,0.0,0.0,0.0,0.0,0.0,0.0,0.0,0.0,
