565.76,588.26,650.52,644.28,639.74,613.46,600.1,540.06,471.98,397.45,358.83,323.1
604.41,667.95,680.08,690.74,676.81,677.33,640.13,600.1,543.43,510.4,473.58,456.91
664.8,666.39,668.2,654.16,670.35,647.14,615.89,563.49,531.83,493.52,475.75,513.57
576.8,582.85,573.95,572.46,566.1,569.99,571.82,585.65,574.92,574.49,621.32,685.88
980.67,984.24,951.67,940.98,845.37,748.97,647.42,568.04,535.35,554.76,601.22,670.81
924.19,871.94,842.35,709.67,631.58,587.83,604.68,666.37,750.13,834.22,921.51,952.6
590.74,569.34,496.5,469.53,494.45,537.12,607.39,666.58,722.05,797.73,826.35,808.53
752.24,674.69,618.92,636.16,642.92,681.33,701.55,739.31,811.36,835.84,814.83,828.47
598.39,535.11,522.93,501.71,535.33,554.9,582.97,630.53,637.88,614.45,633.16,629.59
336.55,355.19,412.04,496.68,552.44,580.36,621.36,603.23,552.39,556.59,546.01,509.86
259.04,295.5,389.71,461.38,533.72,613.21,638.53,621.18,644.45,644.72,613.94,598.98
250.71,331.86,381.75,453.28,553.9,592.6,568.41,569.39,551.03,511.94,495.3,501.66
199.13,277.94,391.58,502.4,554.23,533.04,541.18,517.36,469.32,450.5,457.03,503.98
128.0,238.78,373.66,441.36,444.07,458.28,437.57,378.15,347.97,352.66,402.87,481.38
612.16,733.96,746.65,747.92,694.35,605.54,449.69,358.79,333.57,357.45,418.4,512.69
735.88,748.46,730.17,627.19,533.93,421.21,414.94,480.1,568.13,666.08,776.67,869.36
787.55,782.88,688.34,596.91,444.53,387.05,395.65,439.64,514.89,616.69,708.62,776.62
756.45,645.23,548.22,423.57,377.6,363.2,350.5,359.68,415.32,482.92,541.98,597.76
747.78,646.82,488.79,408.81,375.62,375.35,411.14,504.34,601.27,674.96,736.08,745.04
621.59,483.09,426.48,400.19,386.65,402.93,480.81,565.1,631.05,690.47,699.09,665.74
785.79,715.87,630.67,586.05,520.19,532.42,545.35,577.59,630.4,633.19,597.33,514.01
763.23,671.19,611.72,543.02,546.86,552.25,572.37,616.99,616.52,578.63,493.73,382.42
636.53,582.65,519.68,510.75,516.55,545.88,611.63,632.62,610.51,535.41,430.05,325.99
684.6,621.32,604.78,614.47,618.76,654.09,635.98,586.95,497.8,382.37,272.89,224.04
890.46,864.5,822.3,794.16,774.34,726.19,645.22,550.43,439.36,323.93,268.64,246.04
859.79,828.83,822.4,786.18,747.55,712.9,709.95,699.07,649.9,626.56,613.28,596.95
806.18,792.09,766.39,739.08,719.96,727.1,728.01,690.04,673.27,661.27,644.98,634.87
859.05,820.75,772.9,746.46,757.65,774.46,754.9,761.26,765.76,755.5,745.89,758.06
726.61,687.47,671.8,677.12,709.16,706.61,733.56,746.37,737.49,730.25,744.88,760.16
419.66,415.66,480.42,543.22,597.68,661.78,719.18,728.35,722.7,742.56,762.52,775.1
388.58,441.12,507.95,593.09,681.05,734.57,713.46,667.64,656.21,657.24,661.23,677.15
485.0,549.22,614.77,680.2,731.91,732.68,722.55,750.73,779.79,798.78,820.13,847.37
493.15,573.22,652.16,701.73,689.54,658.4,663.89,667.57,670.75,688.14,717.11,751.4
424.46,499.87,575.27,593.65,590.95,591.68,572.08,534.45,519.75,535.1,566.98,620.7
408.58,474.05,497.74,514.76,552.54,550.93,513.35,481.21,478.58,500.54,550.61,628.79
267.0,300.3,349.2,395.09,441.99,449.21,470.43,496.81,529.2,588.83,673.02,771.89
125.23,182.8,262.68,335.75,371.84,393.9,407.84,407.03,437.52,510.47,607.92,701.36
88.22,163.18,250.29,312.44,362.63,381.44,369.02,373.21,423.22,510.05,599.91,673.87
147.24,233.0,288.45,335.02,356.65,347.18,352.05,399.92,485.75,577.67,653.85,706.57
320.38,382.16,411.94,421.94,369.13,328.39,323.04,368.77,441.69,511.47,564.0,612.36
426.89,453.32,444.12,388.59,314.87,259.82,233.4,238.31,267.9,302.45,346.98,390.5
416.93,407.83,358.0,292.74,242.28,209.16,199.06,209.02,229.53,267.65,309.53,347.5
708.05,657.56,549.04,472.62,368.03,307.19,267.49,275.07,317.41,356.32,389.69,428.62
952.12,837.73,700.68,546.16,403.3,318.74,293.64,340.51,397.43,438.11,478.73,488.04
947.11,814.2,649.14,491.57,368.52,316.45,344.52,400.74,447.82,490.72,500.28,447.33
784.16,612.32,462.86,347.54,309.23,348.91,422.27,486.61,541.27,557.2,506.92,421.55
682.76,522.7,380.99,332.09,363.03,432.73,486.34,534.62,548.69,496.17,409.84,312.76
478.59,348.17,311.1,338.58,413.57,476.97,541.37,566.38,518.29,434.4,338.07,236.13
637.98,606.13,605.87,657.14,648.62,666.11,655.76,611.27,541.85,446.52,340.78,236.84
689.92,674.69,705.06,683.15,692.58,690.9,665.3,624.82,552.18,455.45,353.36,256.84
788.85,818.65,783.24,774.24,755.39,734.6,713.56,676.15,607.75,516.32,421.74,352.85
868.37,834.24,822.68,794.75,763.46,741.86,713.42,662.45,585.39,496.52,429.01,432.89
606.2,589.34,586.6,568.7,604.93,620.79,610.0,541.92,447.67,378.61,384.5,421.17
737.44,746.54,742.93,791.64,796.78,785.88,728.56,663.81,614.69,621.32,650.24,709.89
577.91,560.23,613.2,605.01,644.92,656.71,684.98,709.39,758.8,813.64,886.16,936.15
447.13,509.69,531.96,594.58,631.96,669.95,699.8,742.69,788.22,857.84,907.37,922.04
341.23,362.12,450.6,518.14,595.9,633.54,666.28,679.74,721.44,760.18,773.18,803.14
309.0,391.45,443.07,508.91,548.95,582.91,589.81,616.05,644.58,657.12,691.38,726.91
295.71,364.0,464.6,540.96,586.15,566.27,539.82,501.75,464.09,472.69,497.93,551.47
222.12,315.95,402.72,444.94,456.36,463.13,468.41,459.78,484.38,522.29,584.73,649.86
167.17,254.73,326.17,377.88,425.43,434.67,404.66,385.48,385.69,429.68,488.0,566.29
196.04,267.79,320.68,366.2,389.71,372.26,363.93,366.23,409.32,468.97,549.36,643.97
263.26,322.7,368.64,389.17,357.67,333.08,317.6,344.35,394.86,473.68,569.5,662.36
232.2,277.65,310.78,301.06,288.35,255.69,242.71,240.17,280.14,357.93,445.79,514.59
515.9,546.16,499.42,463.2,374.88,327.91,298.15,342.17,434.35,527.53,596.4,649.07
980.04,927.84,808.04,667.93,498.0,372.66,313.46,354.05,434.59,493.9,541.33,574.0
820.82,703.21,567.06,381.06,253.94,197.32,250.99,337.74,402.41,459.29,500.83,482.84
794.43,661.65,485.38,384.05,307.38,318.24,344.04,360.53,388.6,411.07,383.12,340.61
770.98,573.89,427.86,324.09,324.35,362.31,395.81,449.59,493.28,474.85,435.56,388.41
626.68,494.74,385.76,364.7,379.02,407.99,469.2,527.87,521.34,487.58,441.92,348.48
457.0,359.04,371.84,403.68,437.43,497.02,564.47,569.37,542.25,499.26,405.61,291.14
534.43,522.3,507.92,523.88,559.13,617.27,610.24,589.01,557.23,465.74,350.89,233.94
642.64,631.94,629.68,648.1,684.76,673.33,653.18,634.81,555.78,443.89,325.15,241.44
656.84,664.58,684.56,695.91,662.51,641.07,643.48,595.24,508.24,403.08,326.2,292.61
669.85,683.97,705.48,693.48,679.02,672.15,602.58,493.13,370.8,280.85,240.15,254.42
545.42,557.39,564.6,561.93,620.03,619.16,587.71,522.08,459.2,428.84,444.91,488.65
845.54,862.77,832.89,853.97,795.46,754.86,713.44,714.93,738.68,776.5,823.12,890.84
841.62,805.5,813.86,742.87,691.84,640.83,631.4,641.88,672.45,718.36,788.69,839.16
948.7,959.28,877.87,822.07,736.56,700.13,686.31,713.21,763.39,833.03,881.15,887.17
762.41,673.38,640.61,575.2,590.23,609.16,664.82,720.34,786.75,837.52,847.42,850.65
562.65,528.03,463.47,477.22,515.58,582.84,641.75,696.37,736.19,744.64,751.51,746.2
326.48,276.64,340.01,423.87,534.49,595.32,629.04,620.6,585.46,571.15,557.82,565.35
115.73,174.26,273.32,386.27,487.98,562.35,601.57,594.7,592.69,588.73,602.88,598.85
161.81,266.54,399.67,530.14,616.75,649.64,624.86,601.97,580.95,584.5,573.74,578.7
214.36,339.6,457.35,529.49,570.51,557.96,548.21,533.05,540.85,535.86,546.63,575.48
195.09,322.16,422.46,482.74,491.43,481.3,456.57,438.95,412.54,416.53,445.57,511.42
603.0,701.65,722.95,724.06,643.55,543.36,426.33,330.22,298.44,302.61,355.66,468.76
844.73,858.19,818.78,693.45,555.22,440.15,370.33,384.6,427.83,501.38,622.53,741.96
898.15,868.15,751.55,619.43,483.65,385.03,365.69,383.08,441.85,553.95,669.08,746.64
633.57,507.93,407.03,290.74,254.84,287.09,364.76,459.56,588.07,717.15,803.57,850.71
603.83,496.6,352.47,317.95,329.59,374.82,410.65,484.7,580.14,647.98,687.81,691.37
544.78,412.39,370.1,364.41,383.12,405.1,473.62,571.32,644.0,688.57,694.3,655.98
454.54,415.6,403.39,412.91,401.42,435.54,497.8,544.87,578.13,580.71,543.81,443.46
503.83,483.25,485.2,489.85,510.35,544.48,548.11,547.8,531.66,482.75,375.89,266.62
606.52,597.09,558.9,545.16,552.6,551.66,550.55,546.08,511.9,412.02,306.4,229.58
549.08,526.0,530.55,536.89,532.78,527.43,523.54,487.07,384.5,278.4,202.18,178.65
645.74,649.26,650.11,648.63,619.22,589.62,521.48,400.51,284.72,196.92,165.76,184.06
783.4,773.24,751.82,702.83,668.59,631.0,566.15,522.71,485.65,474.52,495.66,529.89
755.36,736.03,692.81,647.98,622.77,588.22,594.67,607.77,628.95,665.62,704.84,726.14
637.19,596.51,572.82,555.01,542.28,568.63,611.68,655.84,705.62,754.51,781.22,799.34
828.21,796.14,734.4,711.66,682.58,668.01,632.01,624.18,643.54,650.82,659.53,672.05
850.03,790.34,751.31,695.57,661.22,629.06,641.76,690.34,720.96,742.85,760.79,753.48
993.94,962.03,888.36,838.56,743.81,704.07,703.37,714.7,734.83,749.27,739.24,707.18
861.54,773.43,726.67,640.58,628.57,645.62,670.94,692.77,705.67,697.29,668.1,634.05
735.58,688.25,604.85,596.93,629.97,666.53,693.11,703.2,690.02,657.32,622.03,588.82
461.78,388.75,426.62,482.03,573.41,641.33,698.54,706.74,677.8,647.27,617.23,612.46
312.54,348.02,413.23,515.17,603.35,670.27,680.17,641.09,599.03,562.82,556.65,551.62
257.96,326.36,456.3,569.38,673.13,709.72,697.66,670.51,637.17,631.07,623.72,628.37
267.41,393.71,505.48,599.37,650.15,659.55,661.98,652.2,661.18,664.21,675.34,694.05
291.1,407.8,521.96,593.23,619.11,615.26,586.04,563.26,541.78,543.31,560.21,618.47
612.05,722.85,756.46,767.38,708.67,624.91,530.11,457.44,433.5,433.72,484.53,582.85
584.85,619.92,646.82,585.47,528.37,464.29,435.07,440.57,456.15,518.82,624.08,737.5
797.47,828.55,754.38,698.7,590.04,512.15,457.8,435.43,479.72,570.74,675.95,776.51
821.67,735.96,665.49,543.67,470.95,434.94,442.02,516.22,628.75,747.72,854.85,936.86
717.03,649.68,523.02,447.76,402.88,393.1,439.36,520.73,619.63,718.71,799.94,817.69
546.08,427.85,381.71,358.42,366.06,412.61,492.43,581.41,671.04,750.78,769.11,753.93
365.75,306.87,268.82,277.23,331.98,405.2,468.26,520.18,573.78,582.2,567.3,511.52
513.14,485.54,476.41,525.75,547.4,564.44,565.03,592.0,590.28,566.52,503.56,437.92
442.32,429.3,468.9,470.71,481.65,483.35,517.95,520.99,502.53,446.28,387.27,321.54
524.12,566.62,568.26,586.56,564.8,570.9,539.78,500.5,434.44,367.6,297.07,250.06
590.46,582.46,590.82,570.25,582.89,555.12,511.54,439.69,368.19,292.04,241.59,245.73
570.9,581.86,559.36,547.96,525.61,516.1,504.51,495.0,460.18,431.28,444.12,477.36
725.66,712.11,702.94,692.32,649.96,597.43,536.92,467.86,419.26,415.49,437.71,489.8
654.86,630.82,610.69,546.58,518.09,508.46,516.51,540.49,584.02,632.44,696.24,731.16
789.0,775.71,704.09,679.74,636.56,610.8,594.83,617.76,657.69,712.75,740.53,750.63
864.59,785.93,731.68,659.04,604.41,579.53,604.51,659.79,732.43,771.35,787.58,790.89
781.65,728.52,649.74,591.34,551.26,554.51,579.22,621.26,641.83,650.97,653.99,626.8
824.56,750.27,693.51,665.08,647.3,641.04,642.1,633.37,625.84,616.37,581.53,552.35
629.65,560.79,529.01,496.37,521.88,568.2,619.88,659.17,677.89,661.57,643.1,609.21
361.83,341.5,357.19,423.99,520.06,587.64,626.53,618.78,573.68,540.75,501.31,466.52
331.31,345.48,416.84,514.64,594.25,648.71,661.99,636.76,615.66,581.26,547.81,541.51
187.86,255.73,366.5,453.65,545.98,589.15,591.02,575.33,537.42,505.33,502.04,506.24
227.82,350.08,461.85,574.38,625.81,621.65,593.68,540.52,495.43,483.52,482.76,507.66
334.61,438.08,542.99,586.41,587.42,570.84,535.36,507.4,508.18,515.96,545.91,612.48
619.51,723.01,732.98,721.37,655.66,571.92,479.67,434.2,418.51,433.41,492.93,580.82
959.21,974.58,932.21,835.59,686.24,554.41,482.47,472.89,503.63,568.4,656.01,758.45
808.74,759.48,675.35,526.44,422.69,373.12,390.47,431.46,499.68,594.38,704.26,778.35
696.04,613.24,488.71,420.21,396.76,412.89,434.89,474.7,545.5,641.32,708.46,754.86
732.27,600.38,496.06,446.21,437.6,455.29,496.06,580.29,690.59,765.2,814.46,837.92
472.27,377.36,340.25,328.76,353.58,396.45,483.27,582.58,646.95,697.01,724.82,681.21
664.8,635.56,605.65,633.32,600.26,606.86,613.69,623.55,649.81,659.8,605.12,519.67
632.63,578.03,569.81,511.03,519.86,544.2,577.94,627.07,656.12,615.48,539.22,445.32
576.66,580.04,528.79,543.0,557.97,570.5,586.08,580.74,517.42,429.05,330.88,249.68
602.52,556.49,579.83,597.86,602.98,609.02,596.63,531.28,442.59,342.43,259.6,250.28
547.23,557.84,561.36,556.15,572.49,578.62,531.99,456.41,362.62,280.96,272.34,287.04
669.55,686.36,698.62,724.38,724.81,684.81,630.4,572.72,514.64,509.84,518.53,546.99
804.4,804.94,798.64,756.9,693.82,659.2,654.72,669.69,721.72,759.79,800.09,831.63
694.81,686.98,658.88,613.0,599.97,597.56,601.63,628.21,645.18,677.14,707.33,721.12
802.43,778.27,723.85,709.88,681.74,659.28,653.59,652.23,676.43,699.4,708.47,729.11
817.34,756.24,718.63,664.62,625.04,620.81,631.88,674.91,714.87,735.44,762.78,785.17
905.15,873.79,806.13,766.6,717.78,677.24,652.74,641.41,633.11,641.68,654.65,648.62
971.85,900.99,849.06,780.93,720.3,700.09,715.47,751.5,795.78,826.35,826.03,808.81
610.24,549.6,509.8,470.06,517.16,575.51,645.18,686.49,704.37,703.52,691.44,653.48
507.88,478.13,465.01,540.86,618.41,686.86,714.48,712.08,693.1,669.32,624.76,606.34
280.75,262.19,350.52,430.08,545.08,613.9,653.54,650.0,628.22,589.08,576.52,581.36
73.96,174.43,298.63,444.52,557.21,618.27,629.43,599.08,544.05,524.47,527.12,526.54
166.2,290.55,451.96,584.8,659.92,673.87,642.42,585.29,562.35,561.2,557.19,588.94
224.08,372.38,486.95,544.79,573.57,565.46,534.63,528.14,537.59,543.61,583.28,642.95
497.14,627.78,684.74,721.84,670.6,581.35,497.08,442.98,411.39,428.98,478.12,574.51
792.38,842.37,842.2,757.37,617.2,504.0,430.57,402.7,433.31,489.19,589.23,715.58
790.85,786.55,704.23,571.47,466.0,389.33,348.99,359.79,400.69,493.98,618.89,722.49
634.22,556.36,458.56,377.68,344.99,333.4,373.4,426.71,521.12,647.57,751.91,830.46
860.08,755.59,616.14,546.16,459.38,452.3,462.09,550.16,686.98,794.7,873.22,919.65
683.23,544.7,468.98,378.25,366.47,361.12,421.96,520.73,601.99,671.8,718.29,688.49
687.62,623.37,531.5,514.26,462.9,484.61,551.76,626.5,700.84,748.63,718.21,621.28
601.42,491.24,458.63,413.0,440.44,499.1,550.62,597.35,628.33,592.15,495.59,392.87
615.33,580.86,500.56,504.65,528.81,555.32,567.78,575.17,528.75,425.51,320.64,222.02
466.66,404.73,449.79,489.11,534.23,556.87,582.62,545.08,442.64,338.56,239.88,187.02
388.64,422.47,460.28,505.8,541.04,580.71,558.04,467.47,369.59,271.63,219.26,192.78
428.36,464.83,525.17,579.06,647.77,655.47,599.2,532.84,450.37,399.89,368.57,378.36
587.58,647.3,675.15,703.39,686.26,645.37,622.56,601.34,597.91,589.1,606.87,641.86
834.43,867.42,876.04,843.21,745.83,679.24,619.3,603.85,596.71,613.65,646.71,697.52
768.96,767.52,738.75,650.27,605.87,552.7,532.52,506.44,507.15,532.78,582.83,624.31
813.37,787.34,702.93,656.17,603.31,596.85,599.48,638.32,691.27,753.85,798.27,843.38
822.81,733.37,667.85,608.86,588.21,570.86,576.09,595.97,638.32,672.62,714.95,759.62
771.15,711.12,645.48,608.35,572.03,573.4,600.84,658.27,705.54,755.69,803.97,808.76
657.88,595.91,580.92,568.98,580.86,597.61,634.03,655.04,685.2,722.96,723.27,692.25
281.48,254.08,271.87,300.44,399.87,506.23,601.64,668.67,719.69,734.11,714.06,663.99
248.64,275.6,316.32,442.91,552.17,621.44,634.07,624.85,596.26,552.5,492.11,464.79
126.07,167.97,303.79,407.11,501.59,538.55,557.44,538.29,495.87,440.96,419.66,428.37
94.31,239.28,369.71,487.23,536.12,547.04,509.43,439.76,362.37,329.02,333.03,353.91
258.5,383.25,506.09,569.43,592.2,559.98,492.56,418.55,386.4,387.95,405.47,469.69
641.91,754.83,756.71,729.16,634.77,544.35,460.11,448.78,477.37,507.26,575.88,670.77
605.77,619.88,620.81,540.77,465.33,375.43,350.53,349.2,354.52,414.35,508.45,613.38
695.21,694.78,610.58,535.31,425.4,379.7,356.55,352.2,409.92,501.28,604.88,701.43
871.76,775.16,661.99,541.41,463.53,416.46,380.59,424.12,512.17,610.99,703.09,778.67
986.01,876.19,710.85,585.11,473.23,408.71,439.51,542.94,663.74,767.04,846.98,852.24
699.9,544.46,457.87,365.3,321.59,355.19,465.74,580.83,677.36,760.35,770.51,711.74
657.16,554.37,433.51,398.38,409.1,477.57,520.94,554.64,600.79,589.95,523.34,425.88
737.23,614.01,539.04,520.35,549.22,577.9,602.56,659.24,662.78,601.68,504.32,408.51
643.95,581.78,559.32,563.76,559.59,564.24,611.24,613.18,555.39,461.32,368.97,264.66
579.42,557.76,585.59,604.72,614.35,653.75,647.51,585.14,487.34,390.15,281.96,197.95
696.15,702.56,686.48,684.6,720.51,724.44,669.37,588.82,505.54,397.72,310.45,265.43
622.49,615.73,628.68,646.0,675.93,675.9,683.2,681.57,624.41,563.93,528.9,528.59
576.32,599.91,641.91,686.08,687.13,682.07,664.08,588.03,512.8,468.57,464.56,497.25
952.38,980.82,972.27,948.41,878.04,824.21,718.32,654.22,629.84,627.28,654.44,707.19
724.08,709.78,708.15,636.12,649.09,615.3,639.47,672.02,697.01,742.88,806.0,836.01
656.94,672.42,637.93,668.81,644.58,671.36,715.97,754.79,809.19,877.44,909.27,937.44
503.25,450.42,482.95,483.89,552.71,603.22,616.01,616.17,640.92,654.23,679.2,729.15
368.45,408.04,415.69,483.17,551.96,583.32,599.77,627.3,637.23,661.68,712.36,737.35
546.76,573.6,652.28,726.85,716.24,690.87,681.22,676.59,697.37,743.47,763.26,791.56
447.77,501.96,556.85,532.12,528.04,539.31,554.0,578.44,626.51,654.44,692.74,699.17
328.47,394.92,417.34,464.68,522.42,539.13,538.14,536.6,521.46,537.69,534.9,545.69
262.45,283.4,340.33,395.92,441.88,467.2,495.46,494.83,517.21,521.78,539.17,603.95
104.49,163.84,238.51,303.84,360.1,393.32,377.86,359.38,328.44,331.57,394.29,472.8
164.68,251.24,342.18,427.32,466.7,437.23,391.52,331.15,310.48,356.42,424.66,499.9
222.16,302.47,377.36,393.87,376.04,369.4,376.51,425.21,519.6,616.98,705.86,771.63
211.9,287.4,312.78,320.31,323.98,304.8,294.48,314.64,359.44,424.33,483.43,532.61
305.79,335.42,338.52,337.58,304.08,277.08,277.45,306.27,363.59,421.06,471.22,534.96
647.01,647.56,588.17,522.36,402.64,322.91,258.87,259.6,294.63,330.96,388.69,452.28
883.78,824.56,720.21,571.97,422.88,308.32,261.05,278.06,313.87,368.58,429.16,457.81
941.52,835.07,671.67,502.04,354.69,295.33,318.1,380.74,461.64,535.19,568.51,550.73
820.02,646.71,471.54,329.34,276.44,297.78,351.86,422.27,489.54,520.58,503.01,458.3
713.97,537.64,376.71,311.8,317.48,362.17,419.14,478.42,506.44,486.21,440.21,373.92
564.86,413.75,353.0,350.9,381.51,433.71,497.74,536.23,524.01,481.65,416.02,324.83
593.16,529.81,507.04,524.71,535.65,572.86,590.16,580.33,546.96,481.75,388.09,267.08
683.54,651.35,642.81,635.96,648.4,662.33,660.44,654.43,614.01,529.67,409.67,287.46
568.67,558.82,558.32,563.09,596.45,619.91,648.78,634.95,566.55,456.45,340.08,248.86
810.5,815.21,796.59,817.47,781.83,762.33,697.91,609.85,496.19,371.23,272.67,251.94
782.19,754.01,767.42,719.06,714.2,676.42,623.2,537.56,428.27,335.89,317.41,342.48
659.18,682.37,673.82,681.89,683.44,678.64,664.34,618.95,562.04,558.25,585.94,616.92
558.35,544.06,580.44,604.62,651.89,683.22,691.05,673.05,687.81,723.95,756.92,809.87
428.02,455.06,475.18,517.37,583.39,629.21,650.18,686.21,731.38,772.2,830.9,875.63
428.07,467.06,533.93,619.06,661.78,662.35,668.25,680.59,697.35,743.78,782.77,822.36
414.52,474.88,555.18,590.44,591.5,597.07,610.8,625.22,671.6,715.08,760.41,792.44
436.4,514.15,554.85,578.2,591.63,587.32,560.06,556.74,565.1,593.08,619.04,646.45
473.45,515.45,540.78,553.65,556.54,532.23,528.94,532.09,555.97,581.45,610.15,660.94
374.91,402.99,430.77,438.79,434.42,439.84,448.23,461.53,476.25,504.41,558.99,627.08
225.89,257.67,301.88,338.65,386.03,396.25,385.1,349.62,334.26,366.88,427.21,496.97
75.88,118.31,181.85,242.73,308.01,349.02,375.05,399.74,450.59,523.07,598.86,665.08
111.45,177.75,239.16,313.07,352.35,364.73,363.1,384.67,437.1,503.75,567.01,622.42
196.32,259.36,323.23,355.69,349.93,327.77,323.49,352.76,407.05,466.95,523.08,566.5
326.49,391.49,410.79,401.02,346.97,303.81,283.19,296.78,335.1,381.79,423.11,453.87
671.69,687.18,631.2,554.95,436.56,350.65,290.08,288.23,321.91,353.52,378.85,415.13
819.75,758.07,644.59,494.0,363.53,276.7,252.78,281.46,318.51,347.34,386.27,416.1
952.64,845.13,675.52,530.46,387.94,318.98,304.49,325.16,352.35,386.96,412.9,422.38
981.27,802.72,631.46,470.62,372.11,344.8,360.35,400.28,449.93,481.22,491.44,473.75
597.79,423.13,286.27,196.58,222.83,288.58,386.42,469.66,514.73,535.29,523.93,452.3
523.74,395.9,312.34,348.27,397.73,478.19,543.13,583.38,603.03,587.15,510.22,414.7
675.41,579.84,552.27,555.55,566.81,597.38,611.82,638.46,640.58,570.75,476.97,370.53
558.88,537.54,545.36,549.36,572.39,583.2,611.26,614.36,545.6,453.34,348.36,216.23
692.28,703.64,708.5,733.61,713.98,716.93,701.77,638.8,557.35,452.62,317.08,223.72
917.8,899.55,864.69,807.67,771.8,745.69,675.03,607.63,521.56,391.76,299.59,274.21
694.3,671.47,652.83,625.7,649.47,626.02,614.76,559.13,438.48,350.96,327.68,338.3
879.56,873.18,853.31,873.9,813.71,786.99,738.08,656.09,600.67,585.13,592.2,643.99
1087.27,1039.82,1000.56,904.86,845.75,798.13,727.49,705.19,719.63,737.83,791.56,841.76
879.17,849.6,783.65,725.8,718.65,696.54,741.52,806.75,851.86,921.44,978.33,975.07
744.02,687.83,668.94,685.15,684.29,735.43,812.74,865.33,938.2,999.47,999.24,996.9
476.63,433.96,443.74,461.02,563.41,658.53,695.3,717.09,735.69,719.16,716.53,716.17
243.06,273.96,339.09,474.25,616.58,675.94,708.82,711.75,672.52,658.4,652.76,649.23
282.96,356.95,504.2,642.57,692.34,723.16,738.85,719.71,721.26,724.86,725.4,745.3
191.58,322.68,465.41,534.48,603.31,630.48,600.99,567.19,540.81,530.08,549.64,571.51
281.59,433.65,525.03,616.85,662.8,635.06,592.14,549.69,524.22,534.15,550.39,602.82
261.53,351.9,456.85,497.06,500.22,488.3,486.72,484.65,506.81,536.19,598.99,711.46
560.58,667.49,676.89,681.21,607.29,527.37,413.3,342.65,317.45,347.93,446.2,578.92
799.21,809.6,796.43,703.08,592.27,468.5,402.16,399.09,449.8,556.02,689.29,814.34
746.85,730.27,638.47,514.61,396.3,346.82,377.28,460.4,590.01,739.9,874.83,945.24
695.67,602.28,489.53,402.5,360.79,365.75,396.8,468.47,578.47,693.75,756.86,793.9
722.73,601.29,468.36,394.61,362.81,372.47,418.91,515.52,629.28,693.58,733.29,736.47
684.02,566.04,486.52,445.78,410.7,412.45,460.61,538.55,584.37,616.05,616.56,568.81
605.45,523.89,481.06,448.17,430.81,453.33,501.4,525.14,545.89,540.86,491.7,397.9
421.5,366.32,340.34,334.43,393.55,471.37,523.82,560.3,561.89,517.92,427.43,322.4
562.17,539.0,503.79,548.06,581.93,598.33,590.12,567.37,514.24,414.53,303.38,232.22
805.49,774.31,773.91,758.98,697.18,649.83,607.08,569.61,493.73,392.27,323.46,294.53
554.11,554.13,579.67,541.14,542.56,529.5,520.87,448.34,339.31,267.49,239.11,210.33
486.78,509.34,507.26,539.9,579.67,619.99,607.6,552.27,509.24,490.09,460.33,464.65
824.24,806.93,769.51,762.33,745.59,717.51,655.75,639.41,649.88,629.83,634.43,686.96
953.4,929.27,894.3,833.33,744.73,654.83,627.87,648.44,643.48,656.38,712.44,748.08
929.53,905.08,874.64,803.78,702.18,652.88,656.9,644.31,654.08,707.31,740.9,741.36
664.61,605.36,551.16,477.46,511.96,579.88,624.95,660.7,721.28,761.84,768.02,757.71
947.59,895.88,765.23,770.41,767.0,762.57,738.89,774.97,810.95,808.02,789.41,793.82
1013.95,898.05,877.44,824.69,755.72,699.94,725.96,772.2,785.86,779.32,790.84,794.63
618.07,600.33,603.72,574.76,569.31,608.48,658.31,646.43,612.87,614.58,618.64,562.32
456.04,445.82,458.57,514.0,634.27,730.54,749.3,724.76,720.8,717.13,653.63,609.71
350.59,349.82,377.48,462.69,593.89,674.96,727.23,783.39,816.65,777.08,746.55,747.21
224.19,286.74,414.93,565.85,641.19,660.31,668.46,639.82,553.65,502.42,497.02,522.69
220.84,347.66,525.42,628.96,662.22,661.02,613.67,502.52,431.18,413.94,434.87,476.44
313.23,469.24,565.37,606.08,644.41,640.91,576.31,543.6,548.56,579.43,623.57,678.99
601.79,705.44,724.47,742.68,706.45,622.83,572.78,575.7,611.39,656.82,711.63,806.98
636.65,662.66,679.96,625.08,523.36,456.57,447.51,468.37,507.02,565.65,668.47,791.32
693.32,710.48,661.69,591.63,510.31,448.81,380.57,329.46,327.54,396.06,504.57,608.51
855.48,797.64,702.94,602.71,526.85,472.52,453.85,502.79,610.28,735.33,842.2,920.56
872.3,776.87,648.61,540.02,453.35,424.62,475.8,597.91,739.99,859.37,945.14,967.17
491.65,371.79,311.32,262.75,280.87,335.75,442.26,536.31,614.32,686.26,708.17,674.16
447.9,381.8,321.47,350.61,390.83,467.81,512.67,548.16,594.64,602.0,562.0,503.38
479.65,414.53,412.23,432.51,484.47,515.98,535.39,574.04,580.39,540.09,481.33,417.77
485.3,495.35,510.45,543.87,538.53,532.11,552.51,553.24,514.56,457.14,394.89,317.65
605.35,618.61,649.46,649.76,616.8,607.41,576.78,523.57,462.06,394.82,313.8,263.0
456.19,468.21,470.16,442.26,486.58,502.97,492.06,448.11,385.0,307.34,260.28,242.75
585.52,603.09,580.59,621.62,619.69,603.91,564.93,522.0,459.76,415.07,393.85,429.21
649.74,624.32,651.26,629.34,597.0,556.78,522.81,475.94,444.0,428.73,466.78,533.12
687.32,713.37,688.98,653.95,604.17,570.6,531.57,516.19,513.24,554.57,619.93,654.4
879.48,853.26,805.3,750.43,691.0,639.5,620.54,636.48,696.77,767.27,799.58,820.22
794.79,734.11,656.27,566.18,519.29,524.1,578.08,671.97,767.7,819.69,853.46,855.36
826.97,762.79,675.2,647.02,614.44,603.46,602.49,612.48,610.5,614.18,603.07,594.11
982.73,888.2,817.36,749.31,682.56,654.17,648.49,659.27,682.47,678.98,671.88,660.9
616.22,543.02,509.12,458.65,491.77,534.24,596.1,638.25,636.74,635.73,630.88,581.77
325.89,300.89,310.72,394.31,503.63,598.42,664.37,661.08,646.96,634.67,581.8,534.47
269.54,266.38,335.01,436.99,551.47,643.14,666.01,670.49,668.85,622.98,579.82,571.84
168.85,248.19,363.17,484.88,588.61,610.05,600.08,567.63,495.34,439.99,428.54,427.35
117.83,247.4,416.99,544.14,593.5,600.52,595.64,541.65,493.28,486.23,486.59,507.62
206.93,357.1,476.14,536.34,565.21,569.82,513.02,453.74,437.99,434.46,455.47,514.82
622.38,741.11,754.57,759.03,704.64,604.83,493.93,453.53,443.22,455.81,508.47,611.77
841.83,866.23,852.32,759.3,608.63,473.31,428.46,432.45,463.39,527.83,637.58,761.3
746.63,731.15,662.6,535.76,416.61,362.19,345.02,343.27,382.77,481.94,604.06,699.84
660.47,580.14,465.42,375.84,363.75,369.65,377.29,413.15,503.64,618.97,710.24,779.04
531.18,415.71,314.76,280.37,298.68,338.72,421.89,553.89,696.23,805.68,883.91,916.51
405.67,321.49,296.29,321.3,333.71,371.21,442.71,525.2,596.5,658.8,687.57,662.69
673.53,642.96,615.54,606.66,549.81,537.41,525.78,546.62,591.98,607.87,575.4,500.12
733.38,691.98,647.1,563.64,525.9,506.03,524.33,578.93,608.35,584.71,514.42,407.92
596.93,559.81,496.04,465.64,457.05,474.23,524.72,541.95,509.05,436.67,331.99,242.53
486.49,420.66,403.23,411.87,447.65,496.76,498.36,438.81,344.86,228.62,135.62,116.4
529.11,508.22,497.18,521.83,558.47,560.17,498.74,409.51,296.11,198.17,173.49,190.86
550.08,551.13,593.33,620.26,624.29,595.1,572.55,535.93,488.11,484.61,505.44,522.29
707.56,741.71,748.51,733.09,674.73,648.74,629.09,622.49,654.58,690.94,711.88,712.09
787.56,781.51,744.95,681.17,650.52,627.73,612.72,640.03,676.17,697.29,697.91,694.72
853.74,822.54,743.04,693.96,642.92,607.71,615.11,641.0,660.43,660.7,658.42,666.65
810.38,736.16,692.83,642.29,595.51,585.47,591.61,592.25,581.12,574.3,582.15,605.78
890.84,841.27,767.94,716.34,674.93,652.63,616.2,583.77,567.26,564.86,581.78,589.81
869.74,794.95,741.82,687.89,670.88,663.2,682.83,724.86,762.28,798.36,811.82,797.85
582.54,529.56,504.19,498.73,537.45,592.61,674.09,727.98,768.22,788.81,781.55,743.4
428.74,404.81,421.99,490.51,573.22,654.96,691.2,699.57,693.54,673.34,630.75,603.04
213.37,227.08,311.76,407.53,537.41,605.67,635.78,623.35,589.57,542.99,516.53,506.67
150.56,248.65,372.14,515.11,599.45,639.5,640.02,611.57,564.19,537.66,527.46,534.96
180.5,301.05,456.84,557.55,615.67,618.51,583.58,520.45,480.18,463.3,468.84,507.43
254.61,404.2,502.46,559.62,578.39,559.7,512.39,480.9,468.23,477.23,518.42,584.24
706.92,812.13,832.55,831.97,735.32,621.61,517.02,467.6,464.87,494.79,552.54,660.25
635.23,649.19,652.84,542.46,453.45,376.67,364.92,381.28,420.91,490.83,609.25,723.59
756.83,768.56,665.61,598.89,496.8,440.61,394.01,383.74,423.16,521.17,624.41,718.49
855.87,739.44,642.96,521.6,453.51,412.36,415.28,477.62,595.3,708.52,806.07,886.46
748.6,654.58,515.65,423.13,361.63,357.51,418.32,537.2,654.72,758.67,844.79,849.77
732.17,607.0,528.79,488.85,453.27,461.36,513.34,576.96,648.98,717.52,713.89,668.27
652.81,552.22,470.78,407.42,401.12,452.82,517.88,596.45,675.39,680.76,642.63,553.93
500.11,428.47,381.76,395.46,454.49,505.61,553.26,592.86,568.87,516.02,421.41,315.19
497.37,454.28,460.48,505.81,534.07,567.73,599.56,578.85,532.7,440.75,335.9,258.79
390.95,390.7,438.93,470.95,520.58,564.19,552.6,506.28,411.12,305.11,228.61,179.57
685.96,738.46,744.73,783.91,771.79,719.99,632.16,528.71,425.4,339.64,279.83,262.83
554.54,554.69,611.26,580.61,578.65,568.88,583.81,583.11,560.6,537.87,538.05,555.4
731.19,791.06,749.34,755.36,706.62,673.35,606.7,537.55,489.05,469.48,475.72,509.36
763.95,714.66,717.92,661.67,647.3,612.85,589.78,583.86,590.83,610.47,648.53,714.63
678.78,684.44,627.1,599.17,566.3,554.69,568.22,591.63,621.84,666.81,737.56,777.64
640.92,592.76,597.14,596.71,598.94,604.9,613.79,626.28,656.08,717.74,752.03,787.21
706.93,692.82,644.5,613.62,593.55,597.12,606.57,644.89,719.2,760.78,800.85,809.08
852.34,816.3,773.26,746.31,701.59,667.65,660.24,709.77,741.98,775.73,779.13,766.91
594.4,548.34,542.57,502.3,504.07,517.75,587.91,617.02,643.68,650.14,645.33,616.07
377.77,371.94,368.6,410.84,473.08,559.87,589.74,595.73,579.98,565.03,532.67,512.66
244.09,236.23,290.32,373.83,504.43,555.56,562.4,523.57,484.08,438.28,413.23,427.56
156.85,222.18,319.43,434.8,499.52,540.79,561.11,575.11,562.31,557.27,580.75,607.7
153.43,257.9,403.03,504.6,556.33,551.2,516.24,444.73,396.0,395.9,413.08,445.18
328.79,459.01,536.27,570.51,561.35,542.12,498.51,487.03,515.98,548.02,585.92,631.53
377.03,457.02,498.24,498.05,491.55,444.35,415.66,415.21,424.99,454.13,498.33,568.57
304.8,353.47,376.67,378.56,352.53,330.57,333.56,330.72,347.4,389.71,463.12,560.51
492.5,514.51,500.48,481.91,425.64,382.61,313.77,277.97,289.5,343.49,431.22,540.1
794.26,773.9,701.42,605.21,496.93,396.92,339.91,363.06,436.56,530.32,638.57,715.2
958.66,891.6,769.04,625.63,464.84,377.94,393.63,490.35,612.01,735.53,817.94,832.02
998.97,868.81,703.12,538.06,411.4,378.99,414.98,491.6,593.89,666.64,678.69,643.18
1110.37,933.78,714.96,560.75,468.09,457.88,480.01,555.0,621.5,628.22,589.98,526.47
892.01,679.69,527.29,423.99,410.52,433.2,512.6,579.52,586.08,549.69,488.54,398.19
620.4,475.1,397.5,396.22,430.7,516.82,596.33,612.35,579.6,519.62,429.49,313.71
822.72,733.41,683.41,700.67,725.08,764.55,739.44,704.42,654.3,559.67,435.49,319.52
879.83,822.93,799.17,772.63,780.67,772.39,784.51,800.75,757.9,659.12,552.2,431.9
805.24,796.39,796.49,808.18,793.25,799.77,823.24,793.26,704.35,602.03,483.31,382.45
590.82,576.11,616.74,634.14,706.17,768.35,765.72,676.66,564.23,440.25,338.87,303.7
605.42,641.54,652.62,723.08,806.13,835.14,779.12,696.28,587.6,488.13,450.03,478.24
728.13,755.27,830.56,894.81,906.05,860.75,814.74,756.27,691.57,667.3,697.07,769.46
581.14,653.74,745.65,762.42,754.96,747.72,744.43,719.01,715.28,758.9,839.4,897.7
641.07,726.66,759.91,788.64,807.05,805.7,765.62,743.02,770.47,838.99,889.57,943.35
592.78,616.35,637.6,641.5,676.07,680.33,709.71,771.44,859.49,925.9,990.09,1064.4
439.76,478.99,513.24,565.47,582.7,595.69,623.03,655.91,680.26,729.08,802.23,879.33
398.28,436.71,514.27,567.24,592.24,593.83,574.38,534.55,535.96,584.7,652.76,730.81
465.62,530.27,563.55,577.69,582.86,579.0,559.55,583.22,648.08,724.86,806.58,863.87
274.06,315.64,370.38,401.54,451.44,460.24,504.9,560.24,620.99,700.46,760.42,800.5
134.11,192.88,251.12,322.52,361.28,408.29,452.6,482.06,535.85,588.56,630.66,679.31
100.69,154.73,231.25,296.82,361.78,388.08,365.08,348.0,348.27,365.36,406.28,472.26
130.07,213.02,280.75,342.21,369.42,347.97,331.55,328.15,341.29,381.04,447.12,509.92
239.85,314.79,382.56,410.31,371.79,338.14,322.03,330.46,370.3,437.88,501.64,561.71
376.64,432.33,435.73,394.76,341.33,296.04,258.17,256.67,301.03,353.64,410.97,462.41
798.96,802.94,703.57,612.73,474.57,371.15,304.89,329.2,385.23,439.83,486.86,537.12
995.68,896.26,762.98,583.05,408.89,295.47,280.8,325.12,384.88,435.64,488.85,522.13
934.18,800.63,618.87,443.65,309.89,272.31,292.59,336.67,380.82,430.65,463.27,451.0
1014.27,824.43,621.24,481.86,407.96,400.4,413.04,450.29,502.89,530.74,512.29,471.04
893.04,682.55,510.84,396.57,372.56,404.9,484.94,590.03,657.71,661.22,629.56,545.45
827.46,670.3,553.67,525.56,510.2,545.54,605.69,649.49,643.49,604.05,514.64,383.66
679.98,552.62,518.81,499.13,537.08,606.14,666.49,680.26,655.57,573.39,445.46,296.58
644.83,604.26,566.96,595.87,655.53,717.55,734.7,722.57,651.47,525.84,375.98,232.78
594.31,563.34,602.0,658.39,726.68,757.15,767.92,719.51,607.78,463.3,320.98,232.52
730.53,767.96,800.7,843.74,834.64,829.31,776.54,682.15,556.22,419.08,330.85,298.35
774.8,805.4,858.57,858.52,866.83,829.07,753.43,645.37,516.84,427.81,391.43,405.36
758.08,808.19,820.21,819.74,813.03,791.74,766.08,717.37,678.36,665.31,686.79,731.17
798.94,811.14,820.2,821.02,812.84,801.14,771.01,750.0,747.19,772.27,816.48,894.25
508.14,513.5,547.4,557.79,619.38,643.78,673.17,681.38,700.65,746.93,829.84,906.29
502.18,548.7,583.6,666.11,697.13,722.69,724.51,737.56,777.34,855.48,928.06,997.01
528.26,553.68,622.54,650.4,677.53,675.86,677.23,700.5,767.99,837.76,907.86,965.3
398.09,470.79,515.76,550.51,573.32,587.17,619.16,677.81,737.56,808.34,870.07,893.78
513.32,565.67,608.31,652.72,647.21,632.73,622.03,617.82,648.65,689.56,705.04,741.16
435.98,464.16,495.49,479.71,486.95,493.81,501.18,525.6,560.07,578.76,622.04,671.98
241.53,288.85,324.39,375.85,428.67,439.78,443.94,428.61,402.51,424.45,467.23,519.76
203.17,239.42,310.27,375.5,412.25,435.55,442.69,430.31,457.59,504.07,558.64,633.37
207.94,270.33,323.87,360.98,392.11,401.32,380.0,390.16,423.53,473.21,547.67,612.05
234.93,300.23,354.0,396.48,407.8,377.96,374.55,390.62,427.04,495.38,557.12,604.3
454.27,505.16,518.48,506.69,427.47,388.73,374.98,404.79,479.53,546.08,596.43,641.3
786.69,791.04,720.63,619.02,499.62,407.01,335.1,338.27,370.76,401.3,437.85,473.39
984.56,917.5,782.97,628.79,476.23,369.4,349.17,385.45,429.68,472.15,509.43,528.1
1051.83,917.06,745.4,576.34,425.76,372.77,382.74,422.22,470.37,509.84,529.36,528.42
781.62,599.37,441.74,307.44,293.28,326.12,378.93,421.34,450.58,465.84,464.72,432.21
886.61,733.31,566.04,527.88,504.16,530.05,556.66,605.21,643.2,646.72,610.45,549.78
555.85,387.24,363.65,332.69,392.0,458.24,561.96,636.31,658.74,637.76,586.68,489.06
172.11,154.73,172.37,268.98,387.51,515.06,605.1,618.82,582.29,524.96,426.51,289.91
406.9,417.93,485.87,605.21,694.55,751.02,722.28,670.39,610.48,503.34,357.78,270.97
472.04,529.46,601.31,635.29,668.4,653.88,633.16,608.9,530.77,403.19,327.03,277.96
701.8,801.45,855.58,898.43,828.58,748.41,664.87,554.43,411.65,321.2,261.63,257.7
798.13,827.97,858.68,781.59,719.48,664.07,592.59,489.09,425.36,377.46,378.28,436.64
783.57,806.78,729.86,667.8,646.64,618.97,565.01,541.2,514.58,523.53,583.23,665.78
835.21,775.88,732.5,712.59,681.32,631.2,623.24,618.35,640.85,704.29,785.1,891.45
746.71,694.97,662.78,609.43,556.5,563.98,591.41,646.64,733.88,831.06,947.23,1015.8
622.28,592.43,564.88,554.57,585.53,599.87,614.86,649.04,704.61,797.71,855.47,856.61
575.16,542.45,523.51,535.7,557.97,600.9,683.4,789.84,919.7,1000.35,1012.62,985.33
444.18,426.19,437.82,468.68,510.57,564.73,617.03,678.87,713.56,708.87,680.5,644.7
150.61,170.5,248.12,332.24,439.7,497.29,535.44,509.62,452.39,400.99,360.0,335.22
130.98,210.21,310.27,431.07,507.42,559.04,547.31,499.55,451.3,410.76,385.33,398.7
154.07,248.87,370.02,452.81,524.16,524.49,479.99,423.33,372.93,342.23,353.77,400.67
164.65,294.14,396.78,469.92,488.61,465.52,440.69,414.38,396.35,415.75,466.32,531.48
630.58,733.33,764.74,765.24,658.68,562.82,460.14,407.66,418.92,459.68,517.22,612.66
671.84,688.46,667.21,539.62,450.01,361.89,326.87,347.0,394.25,459.7,562.34,652.78
721.13,714.82,604.63,527.28,424.36,364.94,356.64,382.99,436.19,531.03,617.11,688.08
702.72,582.49,496.39,392.92,336.26,326.92,349.03,396.69,488.95,575.55,648.33,716.24
693.26,602.68,465.37,388.51,346.78,346.33,364.42,436.99,515.24,583.52,650.14,658.97
486.58,364.93,326.0,304.54,323.55,348.11,430.99,509.9,574.09,640.71,649.51,605.68
459.74,409.31,360.22,362.16,358.95,423.32,485.39,546.9,619.43,632.99,593.24,509.04
544.51,491.14,466.38,464.61,495.82,514.57,509.88,527.2,508.82,450.66,357.8,268.65
365.7,346.38,355.55,372.03,407.71,428.12,483.96,492.07,449.17,368.23,287.5,208.85
298.19,315.19,362.3,425.74,457.05,503.3,494.26,430.78,333.26,242.47,158.96,125.22
427.53,458.4,493.13,519.03,559.25,548.4,472.68,368.6,274.24,182.74,142.97,156.99
505.86,548.44,572.47,584.71,570.82,531.74,500.16,487.96,452.35,439.54,461.62,496.75
579.0,610.1,634.6,626.25,573.61,524.82,498.0,455.53,440.11,459.2,492.28,537.58
849.88,857.89,801.58,723.54,627.24,575.95,513.55,506.93,542.69,580.66,625.71,673.82
860.71,803.09,714.65,608.33,554.51,494.22,489.07,524.8,563.13,608.76,657.44,688.83
674.84,597.48,520.71,470.21,428.73,441.95,510.23,572.74,632.03,691.69,729.96,744.11
827.39,742.56,657.46,616.95,576.5,582.75,559.89,557.88,585.32,602.24,605.52,608.79
703.63,610.58,554.61,494.09,511.81,517.31,553.87,613.07,649.77,665.14,674.45,638.62
486.27,448.43,430.68,464.75,490.54,539.35,621.15,672.62,694.16,708.98,676.19,609.09
296.75,267.08,318.16,372.84,462.46,554.78,597.94,590.67,580.38,537.33,468.99,420.27
197.31,242.56,292.63,386.74,504.98,566.23,563.34,541.45,485.16,410.04,359.44,331.73
212.16,282.78,404.12,527.73,590.74,590.65,580.85,535.93,465.98,417.18,388.67,401.61
122.82,237.81,380.56,452.88,486.62,500.99,482.39,421.35,373.42,348.78,366.71,407.51
181.06,319.69,409.3,475.89,522.66,512.26,440.34,369.3,322.9,326.45,359.36,429.14
464.58,553.96,592.02,608.35,568.66,495.92,439.38,425.54,457.42,503.27,576.74,689.06
637.88,680.56,676.07,612.21,494.61,403.55,357.81,370.91,411.44,484.94,599.61,713.9
834.65,831.42,754.6,641.93,505.35,403.48,344.72,332.38,377.37,473.97,579.3,663.7
742.98,653.72,539.99,397.22,323.38,301.67,339.8,427.12,550.53,673.11,766.41,813.83
779.74,668.82,504.98,424.61,366.01,365.24,401.32,487.7,591.78,674.96,718.21,725.91
550.58,389.16,317.25,259.64,270.99,310.1,396.25,486.6,557.97,600.4,611.43,581.65
460.3,391.86,328.79,342.14,355.64,410.3,459.98,499.85,524.73,525.91,492.2,409.08
424.97,357.79,368.43,387.71,440.91,486.57,520.27,542.71,543.33,508.38,423.51,327.39
581.3,586.12,556.35,568.65,555.99,560.88,562.79,570.58,552.28,474.43,380.99,286.33
594.12,571.74,592.15,582.95,575.8,559.53,546.64,510.44,421.85,322.61,225.48,166.93
550.68,565.25,557.37,547.68,540.56,538.56,515.72,438.02,345.08,249.34,191.78,171.66
524.68,516.35,525.9,534.67,564.13,572.54,531.76,469.36,388.24,334.11,311.88,341.25
517.45,525.2,530.61,547.12,566.88,554.89,534.75,494.73,466.0,454.35,486.62,536.37
574.3,586.77,609.55,624.21,603.18,589.32,572.93,577.85,590.22,633.44,685.29,732.59
860.04,875.24,844.13,800.07,720.15,652.67,602.43,592.04,632.23,678.06,720.57,746.84
1035.64,998.95,918.52,803.29,691.23,626.26,618.41,684.78,758.56,816.38,848.85,851.92
872.15,794.19,695.96,596.66,546.05,529.89,574.88,613.29,645.06,667.84,670.87,656.13
798.18,698.53,602.61,561.0,546.78,585.62,611.81,632.12,647.43,645.99,629.45,625.86
617.99,517.41,477.0,468.35,530.8,572.06,597.29,602.16,588.09,565.01,559.51,550.66
419.4,391.55,413.77,482.33,548.92,605.9,660.06,687.31,686.61,693.08,688.24,654.06
294.44,314.18,404.49,493.54,578.5,643.87,677.2,671.59,670.52,662.71,627.95,587.16
235.19,315.57,401.47,490.15,581.47,634.82,642.64,642.16,631.6,597.59,559.08,530.13
247.53,344.2,449.88,552.41,615.16,618.1,603.64,569.92,517.5,470.74,439.43,454.73
255.87,363.4,477.82,544.5,558.5,545.96,511.18,447.95,391.65,357.8,374.75,441.22
642.31,754.35,786.07,791.17,717.65,628.52,499.5,407.95,359.93,362.2,418.21,519.31
878.35,904.75,881.13,773.71,656.92,532.77,467.54,462.98,500.7,573.63,680.21,786.31
767.19,747.79,664.49,552.55,450.95,404.65,428.81,484.58,566.96,682.67,795.37,873.16
733.05,645.41,540.0,464.53,425.91,430.54,443.68,479.23,562.4,657.69,728.54,792.11
693.37,579.91,472.91,410.65,402.88,418.31,456.81,545.38,646.9,722.72,789.71,816.82
485.14,395.63,359.83,361.99,380.48,410.86,490.47,574.91,636.58,699.77,727.0,692.3
617.89,578.7,553.21,563.02,533.96,557.93,581.63,612.68,667.04,687.46,648.8,575.24
719.39,676.25,637.78,584.42,574.12,574.87,576.16,614.6,632.48,592.99,520.05,430.07
523.24,496.33,469.41,464.27,488.19,503.1,556.22,572.75,527.97,455.83,369.14,288.81
592.79,570.32,567.12,597.34,587.37,609.67,590.28,523.44,440.66,345.15,259.82,240.34
634.04,614.56,616.42,594.66,615.34,602.6,536.37,454.4,358.88,269.5,246.96,261.99
726.81,743.06,727.99,732.29,704.32,656.14,623.49,595.35,552.96,548.84,565.73,581.06
513.03,494.9,538.97,526.46,536.83,557.86,601.2,608.58,629.92,663.97,688.66,707.94
569.99,602.11,570.66,588.36,604.58,634.12,609.46,602.68,619.49,632.71,646.56,666.21
652.91,626.47,633.13,637.94,655.23,626.74,617.48,635.74,651.19,665.63,684.43,720.07
779.23,793.59,773.4,753.92,664.63,620.28,619.29,640.44,669.48,697.06,737.7,756.72
849.84,825.9,808.31,739.94,679.33,640.3,604.91,584.09,580.73,603.34,613.96,618.89
967.41,934.65,826.62,736.8,675.87,644.05,636.46,662.75,712.16,734.49,743.42,738.19
763.05,663.78,601.67,548.97,549.82,567.35,623.69,684.94,709.47,724.03,723.59,724.59
325.21,267.34,269.09,310.47,401.66,490.26,565.89,562.37,543.56,530.56,531.33,528.5
125.75,127.86,204.72,334.39,478.08,587.16,608.2,593.23,572.05,567.03,559.95,564.43
126.54,200.75,320.9,456.25,573.85,611.84,615.85,609.64,612.79,609.61,615.31,616.72
178.8,310.04,455.62,566.74,595.46,596.83,600.16,615.84,623.01,637.66,644.18,646.28
194.27,335.33,461.68,517.69,535.98,518.72,486.2,429.55,398.7,384.71,382.25,411.15
609.56,728.37,735.09,729.35,651.91,575.44,468.73,418.51,403.36,395.93,420.45,506.05
642.81,652.7,647.7,559.85,489.16,387.44,341.51,319.13,304.6,328.36,416.39,536.02
863.11,868.79,770.1,685.81,525.79,437.25,381.95,365.74,397.89,485.73,602.3,712.43
823.06,708.76,622.37,472.94,406.21,365.19,358.82,393.34,480.16,596.19,705.91,783.21
876.36,787.05,601.55,501.84,423.84,411.29,453.78,570.32,714.54,837.81,919.58,923.7
826.38,650.76,551.68,473.6,432.77,440.85,519.8,635.24,744.02,821.27,824.59,783.74
552.84,443.71,356.11,309.66,322.05,393.79,490.17,567.9,624.57,623.21,586.66,484.69
441.6,362.1,338.18,384.95,463.78,540.71,579.85,595.9,564.66,509.99,398.07,286.77
572.43,538.78,533.8,568.52,595.55,617.46,626.89,613.63,581.38,478.89,371.12,282.07
557.35,560.05,597.4,616.25,622.95,624.7,611.24,583.52,485.58,380.29,292.11,223.29
541.18,579.52,617.64,641.6,655.03,641.1,608.44,503.62,391.25,295.17,221.47,187.97
690.38,716.18,719.68,713.63,697.28,692.95,638.98,591.93,542.95,489.59,461.12,485.64
654.95,659.49,657.64,641.52,655.1,616.39,580.24,530.31,471.44,438.76,461.46,514.77
778.38,788.68,775.87,773.94,707.51,670.05,645.44,633.38,637.02,675.33,731.72,796.76
804.95,779.33,766.33,702.98,665.22,634.6,608.75,598.65,628.4,679.66,742.85,792.31
877.49,861.76,779.97,725.66,678.5,655.18,658.17,713.96,787.1,860.29,912.35,927.98
967.37,890.39,821.48,761.65,700.76,671.25,695.05,752.0,821.57,872.51,888.05,892.82
940.78,865.46,780.84,702.31,643.55,640.38,664.5,708.01,747.25,759.46,766.16,746.8
552.91,473.14,452.19,440.7,513.16,572.3,634.96,654.12,638.28,633.7,612.11,574.25
525.45,503.54,490.5,563.67,623.97,693.57,723.56,725.03,732.92,715.06,677.0,651.72
240.5,223.86,322.01,397.93,529.88,605.92,648.32,661.65,635.78,599.07,578.1,565.32
74.47,187.02,304.09,462.94,572.01,626.19,644.12,604.97,551.43,522.14,506.6,494.42
160.02,274.24,445.42,570.48,640.62,666.25,634.09,585.07,557.13,542.07,529.28,565.32
194.19,353.89,464.36,527.48,570.49,550.55,502.01,459.29,431.61,415.16,453.3,515.44
451.67,581.58,656.57,705.56,655.62,575.06,500.49,456.02,432.01,463.69,520.41,627.27
712.95,775.63,785.42,707.76,584.58,479.51,403.69,364.69,395.18,451.76,560.55,693.01
881.68,890.19,796.1,666.95,534.82,436.14,370.54,386.77,438.19,542.51,671.77,782.54
842.4,751.0,632.91,503.79,414.35,355.63,383.05,442.66,551.69,684.47,797.22,876.49
729.63,605.97,467.92,370.1,309.54,339.19,404.63,519.57,658.5,778.56,863.65,895.26
490.12,354.11,271.61,240.21,290.44,340.34,409.03,482.23,552.31,613.68,637.61,610.15
700.85,622.52,540.32,547.43,507.58,524.95,562.9,644.16,729.84,763.23,736.73,662.87
816.97,728.8,691.73,624.86,574.64,554.09,570.38,615.57,634.11,600.95,525.62,414.11
601.05,563.0,513.43,469.68,470.97,499.11,556.08,574.06,538.05,464.34,356.64,225.37
965.96,915.61,827.8,813.95,757.41,744.65,687.01,624.13,548.17,429.42,287.3,220.22
791.32,687.68,654.31,565.97,581.37,572.21,570.53,536.65,441.55,314.7,257.56,234.33
666.38,660.34,624.72,664.49,666.51,674.01,662.8,592.96,477.66,419.85,391.03,374.45
659.01,607.67,654.41,665.68,704.48,733.6,719.79,661.25,638.54,623.37,608.76,626.11
632.23,663.17,642.02,651.25,690.53,716.63,711.83,741.78,761.88,765.47,790.41,787.95
688.9,694.45,734.54,789.35,800.39,771.8,779.39,784.55,778.49,796.66,788.64,794.74
866.42,890.58,895.31,864.28,780.14,757.83,743.37,742.69,777.49,780.05,793.62,808.65
616.74,618.47,627.92,591.79,637.35,643.7,633.41,619.18,575.16,567.19,575.77,585.42
670.78,688.99,661.06,703.17,708.28,708.29,717.08,705.22,719.98,736.89,747.51,784.52
718.49,683.53,704.9,693.02,678.88,683.48,670.9,688.45,710.28,726.1,767.08,829.89
619.38,645.43,644.48,644.83,656.6,630.59,615.24,592.12,573.45,595.95,652.09,677.27
475.53,482.01,531.03,564.97,589.81,624.1,673.75,715.48,771.86,847.73,880.37,900.14
325.64,357.24,388.16,428.16,501.23,562.66,590.58,608.12,652.59,673.6,693.79,714.79
222.41,265.43,330.74,424.73,514.76,550.61,562.45,581.61,578.43,588.56,606.56,643.12
164.3,239.04,352.51,449.85,493.94,500.77,510.24,486.64,480.28,492.82,530.0,580.36
257.74,366.72,462.61,516.82,518.87,513.95,467.03,439.24,438.35,468.68,516.4,571.08
851.39,941.15,917.69,879.85,762.27,630.77,510.83,473.27,499.17,536.09,580.96,642.88
1210.1,1184.66,1085.93,898.35,678.29,523.36,482.75,546.35,627.02,696.73,769.92,827.17
956.73,861.59,713.05,524.9,400.73,349.17,380.67,404.47,430.1,485.47,540.82,567.23
911.69,754.97,569.4,466.19,426.21,458.6,473.61,494.48,545.89,594.35,614.82,643.73
639.72,445.32,331.83,276.78,345.02,408.33,483.7,570.01,635.27,667.01,702.26,702.58
364.36,277.08,261.33,340.32,408.6,487.0,587.49,662.67,697.15,735.11,736.08,666.31
404.3,381.22,449.32,525.05,574.98,641.61,677.24,690.04,719.94,714.99,641.45,535.27
470.83,517.47,545.63,569.43,619.59,653.06,659.82,690.51,692.08,623.5,521.22,401.92
780.83,827.13,826.3,853.73,807.39,746.27,707.19,673.71,594.78,483.6,358.38,292.87
794.7,787.96,806.71,741.45,668.29,621.45,585.15,502.8,392.29,270.19,210.13,219.51
860.72,876.86,817.16,764.1,718.58,672.69,567.05,437.18,299.61,222.82,220.62,270.71
972.82,910.62,854.25,791.06,755.46,699.38,654.63,615.31,603.87,628.09,682.33,765.12
942.65,883.84,806.37,737.2,673.55,658.2,680.17,738.9,813.17,894.52,988.65,1041.82
771.87,700.41,664.29,635.94,645.3,661.71,699.15,738.65,791.02,870.7,918.02,923.5
633.49,587.28,555.83,561.66,600.06,663.31,734.33,811.22,906.35,964.79,977.04,949.85
657.19,628.71,619.51,657.57,694.69,730.15,754.42,802.9,833.93,833.04,801.36,764.98
495.73,491.33,542.92,583.02,631.69,655.6,696.95,705.22,685.91,649.31,615.1,578.74
444.41,499.82,560.42,629.09,662.85,697.74,692.23,654.98,604.35,562.61,523.39,504.89
558.77,609.64,663.84,700.11,733.78,723.43,670.84,607.24,557.33,510.65,487.68,510.07
394.43,451.45,512.8,544.41,585.26,589.47,598.71,597.02,574.12,567.78,599.73,647.56
396.59,470.54,535.48,607.16,622.53,617.45,588.34,532.12,499.57,516.28,557.02,633.07
240.8,291.94,381.75,412.46,472.87,497.07,492.54,480.93,501.41,548.04,629.55,721.9
187.96,286.07,340.07,420.6,473.42,482.11,474.71,484.42,517.38,592.47,682.26,764.52
186.15,246.11,345.32,408.77,433.23,430.34,443.55,470.19,538.47,628.72,713.27,801.82
220.85,313.57,363.18,386.97,375.57,366.67,353.51,376.84,438.58,512.61,600.97,669.33
280.62,336.97,373.8,383.9,376.17,339.71,320.47,334.16,374.63,446.68,508.8,569.56
618.86,651.42,605.72,555.99,439.08,365.91,330.17,357.74,437.03,502.21,564.44,624.4
865.78,818.27,726.01,585.86,441.07,339.75,290.77,319.25,362.35,412.87,468.37,509.93
1185.74,1093.56,898.81,713.67,512.44,392.28,355.19,380.77,437.69,491.33,529.31,533.42
1134.09,931.4,732.45,513.98,380.03,344.91,387.34,471.07,547.69,599.0,609.27,578.2
879.08,676.0,461.22,335.49,314.81,360.68,438.06,500.28,539.56,543.38,510.73,433.84
760.1,549.67,421.24,396.35,431.17,509.89,582.98,644.41,664.91,637.96,560.36,466.61
674.93,542.61,487.21,494.33,538.39,597.54,651.63,679.18,662.55,588.83,496.36,365.9
703.49,654.51,655.06,689.61,711.57,745.7,766.87,767.73,712.26,625.19,493.17,339.47
697.68,686.92,708.45,719.66,750.01,776.94,790.62,754.73,684.12,559.39,408.72,277.17
774.12,791.81,787.3,804.77,818.44,831.34,799.07,742.1,629.96,483.0,351.71,284.47
708.27,708.6,744.86,765.5,801.64,786.83,746.57,638.9,489.08,353.94,284.61,295.39
917.17,956.01,960.92,974.94,923.93,881.05,794.09,692.83,596.19,538.82,549.0,610.85
957.92,955.48,972.07,920.56,895.07,837.41,778.26,723.15,690.69,709.78,772.13,843.15
931.64,947.15,902.5,865.89,825.91,807.29,819.23,855.84,920.58,1006.25,1085.78,1134.35
1090.81,1045.53,990.34,947.5,892.93,867.95,859.98,898.1,973.05,1045.68,1090.32,1137.87
658.99,596.3,582.51,539.96,593.1,640.12,726.04,800.16,859.02,907.03,964.48,982.69
375.56,381.98,407.36,519.81,619.24,710.39,768.47,785.13,793.11,830.75,841.09,846.62
338.74,351.13,454.23,558.78,668.68,736.79,752.72,750.16,778.37,785.25,790.92,815.91
105.56,212.39,340.53,459.47,576.87,629.43,659.23,687.63,684.73,691.9,722.02,729.06
276.27,424.12,568.69,713.34,742.46,725.01,691.88,638.31,613.95,625.25,622.5,654.87
234.29,355.01,490.44,513.43,538.03,541.23,521.51,506.45,520.07,526.3,569.15,640.93
533.41,680.4,690.12,724.82,682.23,599.79,492.39,429.61,389.52,403.02,459.88,560.49
646.81,659.72,696.47,635.73,551.31,457.43,428.06,422.4,460.38,532.76,641.23,781.23
753.57,784.93,702.22,608.07,480.58,418.01,370.75,378.74,436.78,537.81,676.14,784.45
830.32,748.6,660.52,552.95,489.25,427.33,409.6,445.73,531.76,659.24,759.93,837.32
988.86,891.64,721.15,594.8,465.46,429.91,473.94,601.89,772.91,897.94,986.67,1007.39
720.18,558.39,461.5,362.46,343.35,364.84,446.14,550.27,625.74,694.84,711.57,670.53
658.23,557.91,442.4,419.36,413.49,464.36,528.73,576.97,633.53,642.63,599.0,513.4
558.08,437.3,405.72,397.98,450.74,518.2,568.42,625.89,636.03,594.43,510.02,418.11
452.79,425.59,411.45,455.45,509.11,544.56,580.96,570.33,515.9,424.51,331.02,227.9
643.92,636.61,669.12,711.43,696.83,702.31,674.95,635.47,563.3,474.84,369.37,301.45
523.75,538.56,574.22,555.85,592.78,593.06,576.42,509.23,419.52,314.39,249.4,205.49
626.97,674.92,671.26,711.27,706.4,699.05,657.67,607.84,530.28,473.77,428.11,429.87
727.76,716.05,739.27,720.35,704.89,665.14,620.41,552.75,504.73,461.36,463.68,519.63
842.07,865.11,825.7,785.27,717.44,672.24,620.59,605.29,588.58,601.93,660.37,714.41
989.89,956.32,917.55,854.74,784.64,709.49,672.16,650.32,663.96,717.38,765.27,810.45
997.51,943.39,851.68,745.96,662.52,650.09,679.17,753.58,853.52,928.41,986.71,1005.78
930.89,844.28,747.22,686.83,671.71,670.06,687.76,726.31,758.87,794.9,805.03,800.08
857.14,759.51,689.89,657.4,647.44,669.91,723.81,775.84,827.55,847.45,847.93,832.13
592.5,524.38,516.84,527.93,583.4,648.49,701.14,732.58,732.08,725.38,709.32,671.46
351.25,345.98,393.02,480.78,596.16,674.32,720.8,712.44,690.99,667.53,627.09,581.74
308.56,353.37,444.33,559.28,654.54,723.27,743.94,747.21,738.55,706.76,665.18,643.65
272.61,365.76,487.61,591.44,671.63,687.59,671.53,630.39,573.34,520.52,496.57,500.5
261.22,390.25,520.96,615.15,653.37,649.73,622.61,569.09,514.38,490.62,495.43,535.91
312.07,437.48,542.95,597.86,618.61,599.71,543.89,475.35,438.37,436.44,475.05,561.6
446.27,549.78,598.42,616.02,600.3,550.16,485.57,451.21,450.44,488.97,575.2,696.5
658.11,713.52,718.59,689.32,604.65,514.82,458.12,449.58,488.18,573.42,693.5,824.85
938.12,940.3,873.11,762.17,607.13,502.72,449.76,473.96,561.65,681.59,812.13,916.92
706.95,633.69,547.54,410.98,356.29,332.5,380.32,464.31,574.28,705.71,815.16,864.29
939.34,856.05,681.51,612.1,514.57,498.44,510.93,587.68,710.77,811.58,854.24,868.82
824.06,640.32,544.25,425.01,397.65,402.01,466.22,571.34,662.6,706.48,726.24,706.84
533.89,451.55,359.06,346.08,356.86,409.39,494.41,555.2,575.53,585.66,564.83,475.59
578.28,484.82,473.2,501.68,535.56,593.24,620.5,624.24,627.48,598.74,502.54,415.17
475.11,440.94,426.01,423.76,485.89,539.19,573.46,601.27,590.57,506.94,428.56,335.56
537.72,550.46,570.94,644.97,666.76,664.16,653.72,619.65,522.74,433.21,331.69,262.14
564.7,573.16,635.34,641.33,634.18,630.31,613.47,538.16,465.99,373.44,309.1,289.02
583.95,638.36,641.77,641.17,651.27,648.67,583.98,519.82,429.96,363.33,340.17,347.24
702.48,714.19,721.37,729.79,726.32,672.39,630.58,571.13,524.49,506.14,510.82,561.29
839.32,841.15,819.07,772.96,684.69,649.43,626.93,638.21,667.01,696.76,757.85,824.09
919.02,897.6,848.47,777.46,721.96,658.69,605.33,574.85,566.04,603.22,657.69,701.62
873.92,820.7,749.98,676.44,627.13,613.88,652.88,716.46,803.0,884.3,939.17,960.19
851.39,779.25,697.77,651.65,624.61,640.02,667.89,722.07,784.49,830.75,849.53,852.34
797.46,714.94,657.65,626.65,630.27,641.34,668.63,704.17,733.87,744.91,745.84,731.18
802.13,750.02,710.35,702.17,684.66,693.37,716.31,746.73,763.08,766.2,751.95,716.01
475.88,433.35,465.46,477.34,550.45,611.13,672.91,687.77,679.0,663.17,630.17,581.46
238.57,269.86,316.22,420.08,540.1,638.75,681.99,676.21,652.49,616.71,568.1,534.73
234.95,283.04,391.59,521.02,634.09,682.28,671.48,634.21,585.74,530.11,493.64,510.51
126.47,240.38,387.87,500.81,576.29,589.8,580.35,540.53,484.48,451.43,472.7,511.59
153.85,310.57,462.45,572.91,610.09,599.95,551.19,477.25,426.87,437.85,471.31,534.78
520.1,655.75,719.7,733.53,685.35,617.15,524.09,477.68,500.53,536.93,599.96,701.22
726.4,791.41,779.27,704.48,606.02,497.22,438.16,456.78,495.74,562.2,666.35,779.97
915.79,916.12,836.61,731.31,570.94,458.37,420.09,422.15,471.99,566.82,676.75,784.39
850.6,757.02,649.18,494.47,397.19,365.67,369.87,414.36,504.68,614.79,724.81,806.69
809.87,699.61,533.21,437.8,400.76,396.67,422.65,497.24,597.47,700.56,778.45,806.19
666.15,507.69,417.78,370.81,364.82,398.8,495.31,617.97,737.0,826.87,860.81,842.07
714.01,622.04,536.36,512.28,477.49,507.28,549.75,613.99,678.85,699.79,676.83,596.0
577.46,488.42,468.4,443.34,480.51,518.64,570.71,617.68,625.7,597.71,515.73,397.5
669.29,648.12,593.93,606.96,599.62,624.3,649.54,660.17,643.72,565.6,448.26,333.4
491.15,435.19,466.7,471.98,529.42,571.52,592.62,566.75,476.47,355.87,242.33,175.83
435.63,470.18,482.97,545.82,594.0,617.3,588.45,492.55,365.42,244.32,173.48,148.46
576.01,591.46,656.84,702.23,720.04,705.28,641.94,561.38,472.16,411.49,384.97,416.49
712.38,768.37,782.53,767.08,730.11,676.31,622.98,575.47,547.61,535.07,571.03,607.96
531.0,553.5,592.73,584.97,593.67,590.38,605.36,616.1,619.03,665.55,707.03,746.28
624.61,655.58,632.79,642.49,629.19,628.82,613.11,596.28,632.71,667.12,703.6,759.21
774.71,748.45,725.68,690.4,658.93,627.2,594.57,627.09,664.15,702.11,757.94,824.07
767.04,755.58,720.9,680.06,622.95,564.73,570.4,584.88,610.23,660.41,725.61,755.53
677.68,642.92,627.56,588.06,548.28,564.38,597.15,637.99,697.33,769.31,802.57,810.47
650.12,616.46,554.18,521.13,545.14,569.46,576.47,595.42,640.11,658.99,662.5,656.47
473.39,422.23,409.47,432.1,485.02,523.5,583.92,654.19,684.86,698.8,698.92,694.97
205.04,203.46,268.56,351.14,423.17,482.68,536.17,524.78,502.47,488.1,482.39,477.77
80.09,138.39,243.72,347.55,450.05,523.58,519.38,486.23,456.91,443.37,435.53,438.46
121.04,223.36,324.06,428.32,518.39,530.79,510.54,487.62,475.48,467.33,469.34,486.51
237.02,347.56,452.02,526.24,522.0,498.05,485.18,489.63,496.06,508.56,531.39,576.76
384.28,486.83,553.29,557.52,509.29,450.13,384.33,323.24,293.75,295.32,334.04,402.99
620.99,681.57,662.62,603.11,517.56,435.38,357.86,327.27,333.51,371.7,438.6,526.76
823.32,804.58,719.66,609.93,489.82,393.28,351.75,365.7,416.32,488.17,577.36,668.86
756.0,672.19,566.82,442.57,346.35,305.68,325.17,378.69,452.79,545.93,641.12,705.06
717.19,610.3,484.05,398.35,348.23,347.74,369.99,417.51,494.23,579.4,638.45,658.14
911.47,779.23,638.38,550.72,479.58,463.06,480.14,563.26,666.4,731.47,750.85,724.85
912.22,772.66,652.92,548.84,479.41,463.11,520.46,617.31,687.88,712.26,689.84,601.25
608.52,492.61,421.83,375.44,386.29,447.26,542.0,594.98,603.44,576.62,489.37,360.85
711.63,630.3,550.37,557.0,579.23,637.2,640.45,622.55,586.16,488.28,352.53,245.64
581.33,496.77,490.3,490.84,561.88,594.55,614.93,607.39,526.17,400.07,298.25,221.67
665.63,679.65,686.25,747.01,732.92,723.46,700.84,630.42,517.48,416.39,335.9,278.45
586.59,579.34,656.41,655.47,685.29,700.58,677.95,602.85,522.07,450.66,396.01,374.14
694.62,760.74,735.33,750.05,762.17,757.43,707.37,662.04,616.39,569.66,547.84,545.33
825.91,812.24,830.43,831.36,812.79,765.87,740.61,726.02,702.32,690.45,689.33,736.37
811.86,825.35,812.34,772.41,710.35,680.11,666.64,646.27,639.64,643.41,695.74,745.54
683.8,674.26,678.04,662.19,678.6,680.35,661.53,637.87,620.69,660.21,702.74,746.67
804.09,797.79,751.18,741.83,727.61,719.45,720.17,742.87,814.52,871.17,919.37,961.06
741.19,698.78,689.59,667.16,658.65,661.93,691.19,764.22,821.78,875.19,921.57,949.58
574.66,572.77,576.07,592.08,609.14,620.07,653.75,656.64,669.24,696.78,720.09,719.22
451.96,450.16,487.04,523.8,572.79,633.47,664.17,691.44,723.94,752.06,754.04,757.02
309.31,340.77,383.52,447.56,543.3,585.96,603.15,601.78,600.3,589.37,590.03,598.16
307.02,364.53,446.4,544.35,587.73,606.82,614.39,620.81,614.09,618.4,628.09,657.67
133.39,212.82,340.85,411.39,476.19,496.72,498.5,457.35,429.67,427.32,456.45,498.06
158.59,285.89,372.15,457.46,502.94,517.32,481.94,451.87,443.75,468.99,508.14,565.85
465.84,550.71,603.42,630.56,602.44,535.65,470.35,446.61,469.06,504.41,559.03,649.67
663.38,717.4,712.92,648.28,531.82,438.77,397.27,419.03,463.01,524.98,620.99,708.88
801.07,801.99,739.44,636.38,510.91,418.62,373.06,361.51,390.88,468.22,547.87,616.6
753.45,676.18,564.85,433.38,360.24,339.6,359.58,415.61,510.62,601.48,676.5,727.61
858.69,749.49,587.46,499.9,432.51,412.82,420.52,487.19,566.66,633.47,679.75,703.23
708.44,551.76,465.45,387.5,360.69,364.97,433.95,513.37,580.75,630.78,658.03,639.09
781.78,696.1,590.72,550.21,491.94,508.6,534.45,579.09,624.98,646.93,623.97,545.64
560.88,444.99,415.51,371.03,426.21,478.27,545.17,595.83,615.84,594.47,518.4,411.43
493.74,466.08,411.18,452.21,491.81,557.21,611.62,642.72,632.25,561.88,457.9,351.31
647.75,597.65,618.93,652.75,668.52,672.68,642.84,591.99,501.67,383.64,269.07,214.01
783.26,797.26,788.96,762.97,718.72,673.41,620.66,550.79,454.88,348.19,295.45,256.2
762.34,762.47,771.66,745.48,721.29,691.41,660.71,604.68,521.03,476.13,436.01,418.51
602.8,596.63,584.49,566.33,594.92,623.77,637.2,603.45,584.81,558.69,548.27,564.12
900.77,890.61,831.8,838.57,807.19,784.36,715.46,695.45,678.17,665.05,674.26,726.89
898.99,844.01,839.84,782.14,742.59,674.58,668.05,666.23,664.99,681.42,738.13,781.41
682.96,685.96,672.95,653.08,620.02,642.68,686.35,719.8,754.43,823.1,872.34,870.96
801.92,773.25,737.33,727.21,744.47,761.72,742.18,732.16,773.44,803.56,791.58,793.2
662.66,617.71,584.69,564.26,603.98,633.89,691.25,785.12,848.75,861.07,877.44,878.71
427.91,426.55,468.56,550.82,597.55,627.17,672.12,666.71,625.07,616.39,609.73,607.55
375.99,404.93,494.37,559.14,609.8,661.24,654.68,605.26,588.94,577.96,574.71,589.63
388.95,466.37,517.7,569.36,642.76,659.22,625.61,616.23,606.39,602.56,616.44,631.23
333.6,403.63,489.68,568.21,607.88,596.32,621.5,634.74,641.9,664.54,684.02,719.81
259.23,342.83,438.59,493.01,500.8,522.86,522.07,499.75,499.84,512.95,551.11,615.38
308.62,397.72,455.19,493.15,532.98,517.35,446.09,384.11,350.5,362.12,414.97,497.58
256.92,320.82,379.58,414.15,435.79,413.96,421.98,443.86,486.85,558.82,650.17,744.36
275.56,340.94,388.48,420.98,395.52,385.01,380.46,394.07,446.53,530.78,624.36,716.04
442.56,481.75,490.16,468.07,430.99,387.09,338.88,337.36,389.69,465.77,550.38,627.99
650.42,658.88,601.68,532.58,440.19,367.76,351.63,411.75,502.65,595.17,675.74,724.28
