81.86,232.26,236.05,301.4,370.96,430.27,337.59,293.21,236.69,193.72,211.65,226.39
239.61,238.71,301.47,367.62,426.94,337.21,296.23,240.72,199.23,219.99,232.28,238.6
187.3,269.1,351.58,426.38,341.78,303.32,245.48,191.72,203.67,216.27,227.7,312.77
278.06,359.32,427.71,340.62,299.92,240.07,187.94,197.45,219.42,228.97,314.65,378.81
388.6,445.01,347.85,299.98,236.78,182.85,197.01,218.6,237.29,319.67,382.72,411.16
486.01,371.93,309.71,236.02,178.32,190.19,216.19,238.63,333.6,393.77,419.97,407.79
374.62,310.13,236.5,180.78,193.87,218.4,239.51,331.37,392.09,416.33,404.0,331.75
276.22,217.0,172.27,192.62,218.75,242.91,331.73,387.0,405.18,396.5,325.49,290.75
257.08,196.56,203.65,220.07,240.44,325.71,384.51,403.46,407.4,333.75,296.85,283.61
271.63,250.67,239.86,242.56,320.64,371.62,396.07,410.36,355.61,310.17,291.97,215.06
274.92,258.15,249.51,323.32,371.0,388.46,403.67,353.5,315.71,290.73,216.08,135.78
278.47,265.16,328.96,372.67,387.22,397.45,347.76,312.37,295.78,215.86,134.49,99.85
345.3,378.13,393.25,385.31,389.05,334.01,305.84,301.9,241.22,153.91,113.06,77.95
392.07,406.65,390.5,393.68,335.55,299.15,294.12,234.36,156.31,107.13,74.31,87.15
375.2,372.34,386.17,334.74,300.04,295.45,233.96,150.62,96.72,64.34,80.64,179.26
388.21,394.86,339.08,301.42,294.7,231.25,148.81,93.28,68.32,83.75,181.82,232.55
386.3,330.57,297.19,292.28,230.95,152.53,98.45,70.24,83.34,185.33,233.94,300.07
208.88,219.37,259.58,231.35,165.14,122.29,85.83,77.19,146.68,207.08,282.85,361.64
203.08,246.14,222.29,155.33,116.19,89.82,86.43,167.14,212.3,294.18,370.12,447.12
210.82,195.57,138.75,108.0,86.06,88.36,179.64,209.84,288.04,365.01,446.55,332.39
195.01,133.94,105.37,83.97,86.95,183.49,215.5,286.86,365.1,450.16,334.82,327.14
158.9,120.16,90.71,89.19,182.84,212.81,285.87,362.65,455.29,337.96,329.92,337.45
105.2,82.16,86.37,184.85,215.02,288.18,364.19,452.73,330.94,322.74,332.47,300.82
86.85,87.2,184.27,213.43,286.39,364.31,455.03,330.89,325.58,336.4,302.75,308.77
76.66,179.48,210.29,289.26,367.14,455.33,330.12,317.9,330.53,294.13,303.63,333.96
173.19,208.63,288.57,367.98,455.7,330.3,317.54,326.72,290.38,300.59,332.5,322.46
144.11,251.24,351.87,457.83,336.95,325.54,328.58,280.13,277.34,309.73,306.96,305.1
240.72,348.9,456.44,338.44,326.05,326.95,275.71,267.07,304.74,301.07,301.5,341.37
289.92,422.32,326.19,330.69,334.93,284.56,270.23,294.55,277.61,279.62,327.08,289.71
407.9,314.23,328.06,333.36,285.61,277.07,300.41,283.29,275.53,329.41,292.67,219.71
252.43,285.14,316.99,285.79,286.35,318.21,295.11,276.89,309.9,281.51,210.68,165.29
344.07,354.51,300.38,283.2,308.47,280.61,269.32,311.19,300.25,224.89,174.73,151.57
389.92,320.55,293.22,310.94,280.61,266.5,311.22,305.52,233.73,181.05,156.47,168.04
294.13,272.3,301.9,278.71,269.2,321.47,315.05,238.36,175.37,157.66,167.66,151.7
248.45,285.49,271.73,267.89,323.46,320.74,243.47,173.28,149.35,163.87,150.77,112.33
304.74,284.75,272.73,322.86,317.37,238.68,170.2,143.68,168.72,154.43,113.67,84.05
326.75,295.64,333.49,315.22,234.25,166.75,144.3,172.07,167.41,127.39,92.96,58.67
299.35,333.82,318.47,236.43,170.48,149.78,175.94,169.3,126.71,94.71,59.49,39.9
382.22,350.08,251.22,170.01,143.26,163.37,159.98,123.81,107.86,67.4,45.42,106.1
354.86,250.46,171.37,145.15,165.57,162.93,127.48,109.5,68.56,47.87,107.57,140.26
236.65,157.66,138.95,162.49,164.37,135.53,118.54,75.5,46.3,111.76,141.69,166.34
144.71,134.11,158.41,167.05,138.0,116.04,73.02,37.58,104.68,129.6,160.54,246.1
156.06,171.89,167.33,128.51,104.66,64.26,38.75,127.77,148.08,176.49,258.44,320.96
181.19,195.95,166.59,144.56,92.21,52.71,81.02,130.62,152.27,239.8,293.68,366.35
178.9,160.37,140.66,87.93,50.95,72.04,125.79,155.8,243.26,294.91,367.55,361.63
151.26,131.56,85.02,45.54,73.49,131.98,163.67,254.57,294.2,369.78,360.52,332.92
127.92,84.24,43.57,71.79,131.51,163.25,251.63,290.83,368.83,360.56,334.96,296.21
60.91,30.31,64.77,130.09,164.05,252.76,290.43,364.0,353.74,328.99,294.06,282.72
16.82,57.2,127.7,163.11,251.87,290.7,363.39,351.0,324.01,292.13,281.32,305.86
71.95,132.86,168.22,252.29,293.27,369.08,356.84,328.36,294.92,282.7,304.64,291.16
132.41,170.04,251.37,295.77,366.69,351.87,324.99,296.73,287.06,312.92,296.96,325.33
167.42,245.84,293.15,367.02,352.46,326.08,300.41,286.05,308.99,287.6,319.56,321.02
256.51,303.38,369.94,352.89,325.1,293.98,278.32,304.25,289.46,321.73,323.03,340.46
286.32,359.76,351.06,328.46,299.24,285.43,307.02,286.94,312.98,315.4,328.01,314.49
411.54,388.72,342.56,295.08,269.13,286.19,275.41,310.99,333.98,344.96,330.57,298.14
351.95,320.47,292.73,288.9,310.62,294.48,319.08,332.06,323.59,304.91,284.36,282.76
318.2,290.23,284.14,299.34,286.34,319.0,332.82,328.95,310.79,294.74,287.21,214.12
283.67,279.57,296.94,283.65,319.38,333.41,329.26,310.68,292.15,285.55,214.75,158.38
305.14,316.47,291.34,318.02,326.97,321.49,305.73,289.91,296.55,217.38,158.14,105.91
310.21,285.83,316.72,330.58,325.2,306.6,288.48,288.98,213.83,153.01,106.09,62.4
265.33,300.22,327.46,327.33,312.82,297.04,294.64,218.07,147.22,104.42,61.34,45.83
329.23,343.85,332.04,310.49,287.92,281.24,210.39,141.81,108.49,63.39,44.55,88.9
338.79,324.23,305.56,297.4,298.5,232.91,157.2,121.97,63.84,52.15,95.25,261.82
366.66,335.22,306.74,289.3,221.31,149.48,119.23,70.61,66.09,108.53,269.29,266.07
361.86,325.34,295.58,217.0,141.25,110.16,64.48,67.25,117.23,275.98,272.33,326.15
294.57,283.03,212.21,136.25,101.28,57.25,57.05,110.16,273.85,269.57,322.64,340.06
248.1,198.29,155.89,145.62,98.25,75.82,101.89,180.2,199.39,249.81,290.5,396.35
181.43,141.57,133.0,90.43,71.87,100.73,189.73,202.01,251.26,289.34,397.68,347.32
149.9,138.45,91.72,71.37,98.59,187.58,199.77,248.86,291.53,398.86,348.36,331.08
108.86,74.52,63.91,99.27,189.15,203.04,249.24,287.37,390.31,342.3,327.44,312.96
73.54,61.7,98.79,188.46,203.04,251.14,289.56,391.42,342.83,329.53,313.39,309.36
56.09,94.86,187.38,203.42,252.26,291.73,392.59,344.62,327.75,312.51,307.97,296.17
87.38,183.39,201.96,253.0,292.84,393.9,344.13,328.95,310.64,306.61,295.48,277.53
186.91,203.36,253.75,291.78,393.45,345.59,330.76,315.36,309.95,301.51,281.15,301.54
217.31,265.62,295.34,395.15,345.34,324.13,308.37,307.34,304.11,276.12,297.64,315.72
274.65,303.81,398.44,346.16,323.68,305.52,302.86,305.14,279.3,298.88,316.73,380.65
353.66,430.08,359.51,324.03,301.16,293.82,300.14,283.04,315.18,327.31,387.61,383.8
519.75,418.26,348.78,303.06,286.42,281.18,269.56,320.14,354.63,403.45,396.19,354.91
431.75,358.06,307.34,289.52,284.32,268.49,315.98,356.41,406.74,395.03,352.19,276.31
317.0,283.59,279.71,282.79,270.12,321.22,356.89,406.47,383.16,344.99,269.96,238.47
290.29,284.36,286.7,272.16,322.7,356.8,404.81,382.53,345.6,271.04,239.2,223.03
256.57,269.98,265.75,323.39,359.54,409.43,383.38,345.84,263.2,234.27,218.68,141.06
277.92,267.17,324.49,356.81,408.84,386.26,350.01,270.54,239.03,227.35,147.86,120.27
243.34,308.93,350.94,407.74,388.6,356.66,274.34,243.42,221.26,146.33,117.67,76.18
311.39,352.25,408.04,385.97,354.2,273.23,243.17,224.91,149.25,122.08,79.15,69.92
316.75,384.11,377.01,353.76,277.86,253.07,230.9,151.8,113.58,76.24,67.16,100.85
373.06,370.57,351.09,275.55,251.2,229.4,150.8,111.48,73.52,64.87,99.45,232.18
376.41,352.21,277.3,252.09,230.08,152.43,112.53,76.22,67.26,103.66,234.81,267.36
334.72,261.88,245.44,226.63,153.31,120.82,84.67,75.87,102.32,240.81,269.85,336.54
312.09,275.93,238.97,153.74,117.75,77.04,71.79,104.74,255.89,280.61,344.36,437.43
305.63,256.5,158.48,111.23,69.7,67.33,107.15,285.37,299.57,361.97,449.71,490.16
323.16,196.42,121.45,62.4,56.05,91.85,285.25,305.72,388.59,467.04,503.5,373.93
146.11,91.84,50.24,59.67,98.98,294.32,307.63,381.94,448.61,486.76,362.2,325.61
117.93,71.06,68.53,101.28,291.18,298.06,371.85,442.48,492.71,363.36,326.9,279.29
35.23,48.07,94.36,294.66,303.94,377.99,443.75,490.22,349.92,314.24,270.15,267.24
62.34,102.73,297.64,302.18,375.27,441.09,489.07,353.32,321.32,276.71,270.76,245.77
99.54,295.9,301.98,376.93,443.52,490.32,353.27,322.68,274.68,268.02,244.96,251.6
283.22,294.47,373.06,441.45,489.5,355.11,324.25,278.54,267.51,247.59,253.2,244.31
275.97,359.67,434.96,487.69,356.89,328.53,281.91,268.7,242.35,248.66,240.75,306.42
384.14,452.2,494.29,357.23,326.05,275.98,263.53,240.8,256.75,245.78,309.93,373.35
438.76,488.22,355.12,327.88,277.02,262.93,238.39,252.97,240.32,303.01,368.83,347.16
463.38,335.97,321.07,275.44,265.5,247.58,260.42,244.07,297.17,370.39,348.92,392.11
338.8,317.59,275.38,263.02,248.9,267.59,250.06,304.78,372.9,357.29,395.55,328.22
301.28,266.07,258.97,247.43,267.03,251.55,305.33,371.22,352.2,392.84,325.57,346.71
245.3,244.71,243.16,267.56,254.53,311.74,374.72,353.64,386.96,324.43,345.53,244.72
244.32,244.14,268.32,256.72,313.36,374.27,351.81,384.36,322.69,342.31,242.14,198.76
258.4,277.02,261.21,312.97,373.27,350.1,382.52,325.99,347.17,247.17,202.89,108.56
241.82,241.38,304.99,374.72,354.2,387.8,327.76,347.48,235.42,192.63,100.65,72.74
261.99,317.72,380.2,353.37,385.86,324.95,344.58,238.03,200.0,107.22,76.19,71.32
340.98,395.18,360.45,386.23,323.97,341.2,236.26,204.48,115.4,82.71,76.31,85.8
385.87,354.83,383.85,321.99,339.9,235.45,203.51,116.35,81.11,74.47,84.15,227.1
385.22,398.94,328.81,339.14,233.41,202.07,117.82,86.98,86.01,96.64,235.65,281.3
402.09,332.49,340.14,235.11,203.12,116.15,84.14,84.74,96.8,232.94,278.23,331.81
283.04,308.07,222.44,202.83,121.18,94.64,91.07,95.73,217.66,270.14,327.09,345.24
372.86,262.5,216.57,114.95,83.62,78.48,91.86,241.41,298.99,350.45,361.07,434.11
249.17,200.1,105.38,75.42,76.21,98.0,257.01,309.43,351.85,366.72,439.43,314.24
209.07,111.09,77.69,77.0,97.21,255.82,307.3,350.09,368.4,440.14,314.61,278.13
110.69,75.76,77.33,97.33,256.48,310.33,352.15,370.62,440.39,317.9,280.27,272.63
56.57,67.8,92.93,258.19,312.33,352.26,369.4,435.54,310.83,271.32,266.58,253.9
64.88,90.61,256.47,311.24,351.56,369.68,436.25,312.21,271.71,267.05,253.68,246.26
89.66,254.81,310.04,350.83,369.72,437.5,314.13,273.0,267.92,255.4,248.22,275.23
240.3,303.84,347.26,370.19,437.58,312.95,270.93,263.78,251.34,243.85,272.68,281.45
284.93,334.6,364.19,436.89,314.79,274.14,265.82,249.79,237.35,266.21,276.51,312.98
341.06,367.37,438.31,313.62,273.28,266.9,250.19,237.57,269.46,281.99,316.37,392.62
392.81,452.9,320.56,273.32,264.75,247.06,237.94,271.3,289.52,322.38,396.9,376.46
466.26,329.4,277.63,265.49,246.1,235.24,268.62,292.17,326.52,399.62,379.49,343.56
296.89,255.82,256.48,247.07,241.28,277.74,296.55,324.54,389.34,372.21,336.81,321.41
235.71,245.83,242.4,239.52,276.57,297.05,323.71,386.84,365.72,332.69,317.73,291.91
276.4,261.4,248.8,278.28,295.77,319.23,384.07,366.34,340.93,323.82,296.52,256.24
245.89,239.97,274.3,297.6,321.91,386.33,366.07,338.85,319.07,291.34,251.83,177.9
216.47,258.23,291.68,320.88,389.08,372.57,343.96,322.47,284.02,249.05,177.48,105.55
255.92,293.69,321.5,390.52,372.65,341.33,317.72,280.4,247.1,173.2,101.44,71.43
322.67,338.79,397.85,371.09,337.73,313.09,278.73,251.1,183.37,110.38,77.25,69.78
318.05,384.55,367.01,339.45,317.96,285.33,254.32,185.16,103.93,73.09,66.63,72.46
346.87,345.3,330.5,316.73,286.27,256.6,184.7,98.9,61.13,56.69,65.99,191.11
319.64,310.33,309.57,285.39,259.29,193.64,106.23,63.52,50.22,66.56,191.25,256.42
320.08,310.7,285.87,255.74,192.13,110.12,70.3,58.03,72.51,202.19,262.58,323.37
322.32,295.73,259.43,195.62,111.45,65.75,52.92,67.26,202.71,257.74,321.23,356.83
286.23,250.79,190.15,103.8,61.42,57.1,75.34,229.99,264.67,333.07,365.15,390.7
312.51,222.5,112.81,53.0,46.07,63.49,234.04,272.16,357.82,384.51,405.57,295.26
165.13,77.39,38.8,49.16,71.06,245.77,277.06,352.76,363.78,388.49,283.27,272.68
107.66,56.71,57.23,70.55,242.39,273.19,350.94,364.2,397.72,292.8,279.46,260.57
35.27,45.24,66.37,245.03,276.93,354.05,364.94,395.24,284.08,270.17,254.09,226.21
62.81,76.86,247.84,274.49,349.81,360.21,393.67,284.74,278.13,260.75,230.34,228.01
64.36,239.23,271.01,350.94,363.21,397.61,287.74,278.23,255.88,226.24,226.11,260.51
227.13,264.75,347.85,362.3,397.15,288.85,279.09,255.61,223.8,225.65,260.33,253.25
244.23,335.61,356.29,397.5,290.94,280.42,255.11,217.26,217.63,250.41,246.36,270.09
329.34,353.02,395.96,290.77,280.53,255.79,216.94,214.92,248.89,246.12,269.98,301.53
364.09,401.94,294.24,280.89,255.05,216.17,215.33,248.92,248.35,271.81,302.88,311.83
450.32,320.85,293.08,253.46,211.94,211.15,250.0,257.46,288.37,319.21,324.23,343.85
370.37,320.95,265.18,211.29,208.58,245.23,255.68,295.78,335.65,337.28,350.96,278.2
339.3,279.57,215.3,208.68,241.84,247.26,289.27,330.1,342.32,350.83,277.56,301.78
269.73,209.32,207.03,243.26,249.39,291.72,330.98,341.44,346.79,274.76,299.96,218.21
200.22,201.06,240.64,249.83,292.94,333.29,343.1,344.24,271.38,297.7,216.35,198.1
196.14,240.14,249.03,293.88,333.31,340.18,340.34,265.54,295.42,211.89,196.35,107.35
275.9,273.62,304.13,334.75,337.19,331.68,259.48,293.55,220.82,199.75,109.12,75.82
302.81,320.69,342.46,336.44,329.47,256.9,292.24,225.46,209.55,118.3,81.21,46.66
308.11,332.98,333.4,328.86,259.2,297.55,230.54,214.44,116.13,82.26,47.7,51.27
333.19,334.03,328.74,257.57,295.32,227.0,211.95,113.22,82.52,45.89,49.94,200.8
339.1,331.7,258.03,296.36,226.33,209.06,111.96,80.0,48.01,50.14,201.77,234.61
286.25,229.91,283.11,226.71,213.53,119.27,84.26,43.84,36.15,190.05,225.72,310.6
255.04,296.46,231.72,211.77,116.34,81.34,44.79,36.85,198.26,234.59,317.98,377.29
288.14,228.51,206.79,111.82,76.98,42.11,38.04,216.38,239.41,320.24,379.66,458.91
278.31,227.18,115.94,65.49,31.41,33.39,229.05,251.22,343.53,403.69,476.86,369.84
239.3,125.13,69.17,35.39,34.63,226.39,247.18,337.41,403.29,471.24,365.99,318.19
73.41,37.77,23.08,36.1,231.18,256.09,341.29,396.92,453.64,353.84,310.42,262.04
25.77,18.44,34.27,233.96,257.78,339.91,393.89,445.67,347.24,301.28,255.69,234.19
24.85,38.05,235.34,257.74,339.12,392.9,445.81,347.0,303.08,256.51,234.15,260.36
39.39,236.04,257.93,339.94,393.64,445.92,347.66,302.41,256.23,233.29,260.99,266.07
238.52,260.45,340.37,393.48,445.11,346.49,302.36,257.45,234.94,262.48,267.4,250.38
265.77,342.81,393.21,443.9,345.85,300.97,256.91,232.59,263.64,265.91,249.05,288.02
311.83,376.78,436.5,347.4,304.0,259.71,232.38,256.75,255.04,238.51,281.58,324.25
374.57,436.07,347.94,305.19,259.72,231.64,255.8,251.41,235.98,277.84,321.78,295.01
443.38,352.63,307.97,261.08,231.71,254.31,250.02,232.88,278.85,322.14,296.91,320.39
350.84,302.88,260.09,230.9,256.42,255.63,237.78,283.34,321.8,300.08,320.82,235.6
330.09,273.74,236.67,252.45,250.76,235.99,285.32,327.46,309.82,333.42,243.13,277.22
264.77,229.68,250.45,252.09,238.83,289.71,331.15,309.71,330.14,241.85,276.44,239.13
297.94,290.95,268.92,237.5,282.87,320.75,306.2,335.16,263.38,293.81,250.77,167.78
307.14,281.67,242.05,285.56,320.71,300.04,329.03,258.17,297.01,247.97,167.15,97.79
287.54,248.66,287.59,321.96,299.23,324.69,253.87,292.01,248.14,164.04,94.82,49.62
286.72,309.74,332.59,298.9,322.05,250.05,290.53,251.77,174.65,104.38,55.64,53.79
334.96,348.65,305.99,322.3,248.17,286.19,249.12,175.6,113.59,62.78,58.71,57.07
374.35,321.05,328.28,246.35,282.19,242.43,173.21,112.44,70.81,63.03,60.24,215.17
297.07,310.28,239.21,282.35,245.46,180.18,118.39,72.12,56.6,57.91,213.85,213.22
308.04,239.03,279.81,244.75,178.85,115.4,70.39,51.02,57.77,211.31,211.25,294.05
225.98,270.2,240.09,178.64,116.83,73.03,54.8,54.66,206.87,208.08,293.14,351.82
254.75,233.6,171.39,112.11,68.04,50.49,54.38,221.22,210.61,292.3,352.65,402.1
172.97,128.09,88.8,61.07,51.26,63.4,236.94,206.5,277.8,341.89,396.89,335.8
117.51,76.84,56.21,47.64,62.17,244.23,215.35,279.72,339.39,401.7,339.16,309.03
110.55,76.55,55.8,62.89,240.85,209.31,277.61,336.55,410.82,345.27,314.18,336.05
100.4,71.45,68.67,242.66,207.82,271.95,333.96,408.88,351.45,314.92,336.47,295.32
56.93,60.84,238.6,209.35,273.86,335.24,409.31,347.82,308.72,328.52,289.73,296.57
63.87,242.02,210.13,275.32,335.08,406.76,345.32,302.04,327.92,287.22,295.76,300.79
226.48,204.76,272.32,337.57,407.94,343.45,298.96,320.24,280.29,286.66,295.05,290.12
123.45,221.56,316.39,409.37,352.99,314.32,327.98,271.24,258.23,271.51,273.49,306.96
213.7,314.7,408.92,353.89,314.36,326.81,267.95,250.77,267.19,269.45,305.11,309.59
263.6,378.02,342.66,316.46,332.21,276.5,255.53,261.87,250.92,289.74,299.59,279.55
346.9,321.91,308.68,331.62,278.99,262.23,266.77,250.45,280.48,295.24,278.22,254.23
327.57,309.91,333.38,280.62,265.78,270.4,252.96,282.13,294.55,276.93,252.13,193.99
403.49,388.19,303.88,260.69,258.15,238.68,277.71,305.48,308.1,280.74,212.79,172.64
374.17,296.34,258.0,262.48,243.14,279.12,305.43,306.14,274.14,203.84,167.23,129.97
303.49,259.4,262.89,242.2,279.11,308.23,309.65,276.6,206.44,172.57,132.4,131.59
284.26,276.75,248.43,278.2,306.33,307.67,277.36,207.37,179.1,139.45,137.85,129.63
270.76,244.87,276.31,305.35,306.74,278.09,208.7,176.99,137.71,137.57,128.27,70.11
279.97,296.3,313.95,305.62,274.83,204.62,175.5,136.74,147.87,137.81,76.26,46.86
313.85,325.42,312.42,277.03,205.65,174.38,135.14,145.59,141.17,78.38,48.4,29.45
385.72,346.36,293.43,201.51,165.9,126.09,143.67,148.21,97.85,66.91,42.12,122.47
338.72,287.28,199.69,169.66,130.01,145.97,149.32,95.49,63.77,37.43,119.11,133.8
285.6,198.63,167.69,130.01,146.3,148.3,95.12,60.58,36.82,117.01,131.7,163.13
146.66,134.87,115.45,146.67,153.56,103.55,67.04,32.38,99.5,117.92,155.7,231.57
125.8,107.46,137.41,142.27,94.28,65.82,39.87,123.26,128.38,168.75,241.64,351.99
118.42,165.95,180.4,133.89,94.27,55.63,78.64,110.81,144.65,223.99,325.34,431.27
170.73,188.27,135.74,88.95,50.15,64.29,103.62,150.38,234.79,332.21,436.99,376.7
176.73,127.14,85.1,46.32,66.11,107.09,154.56,241.15,330.44,434.74,372.43,361.85
97.66,67.6,37.77,64.86,110.09,160.47,242.32,326.14,425.11,366.82,359.81,329.2
68.25,40.68,65.57,109.62,159.46,238.88,322.02,420.95,365.52,356.86,329.29,295.23
28.46,58.96,107.75,158.88,237.88,321.81,419.63,363.0,353.01,328.18,294.16,298.74
63.44,108.2,161.55,239.87,326.15,425.1,367.1,354.01,326.81,289.68,293.48,273.69
132.38,178.25,246.05,328.9,421.51,359.69,349.36,331.77,300.49,307.29,283.34,325.79
158.08,229.8,321.97,421.32,361.32,353.73,337.36,301.8,299.0,271.63,318.38,314.5
245.92,334.65,424.89,360.9,352.01,330.5,294.89,294.75,276.16,323.21,318.28,350.19
324.66,422.64,362.02,358.14,336.04,296.71,291.13,267.79,314.27,305.41,334.48,286.93
458.31,389.15,368.44,331.32,281.57,274.05,258.52,313.07,319.0,349.35,301.67,263.54
339.37,333.64,324.87,298.64,299.52,285.73,329.21,323.61,326.14,281.21,252.67,265.16
435.99,388.18,321.09,288.41,267.8,309.11,312.72,334.93,319.06,284.47,284.37,212.37
369.48,309.67,283.6,267.4,312.62,315.58,335.29,319.08,277.05,276.99,208.91,149.63
336.16,299.65,273.58,307.67,307.86,331.73,319.86,281.38,291.44,220.27,154.78,94.83
241.6,237.39,293.32,312.81,340.9,328.57,282.8,277.73,199.27,134.88,84.99,76.48
240.88,292.6,315.23,341.22,329.8,284.25,279.66,200.87,137.54,89.76,80.23,62.51
306.28,322.55,342.26,328.78,277.4,268.52,194.0,130.39,88.18,76.27,57.24,101.41
330.72,341.59,326.72,285.83,284.08,215.11,145.84,102.27,81.8,70.13,111.33,270.88
405.82,370.42,301.37,275.47,201.68,133.39,96.39,89.41,90.02,127.81,280.84,258.59
329.3,275.9,263.44,196.32,131.18,101.47,93.1,92.4,117.14,276.0,256.61,319.84
264.51,263.24,195.47,125.48,89.93,81.04,79.29,107.4,280.25,257.71,318.99,361.74
248.53,195.63,150.74,135.66,120.74,92.75,95.96,185.99,192.37,246.67,313.1,421.08
207.51,154.59,129.66,111.64,84.33,88.05,191.58,197.23,258.66,319.83,427.89,364.95
150.72,128.02,109.25,85.46,88.61,191.43,196.04,253.64,317.52,423.53,362.22,412.42
129.74,111.24,86.32,88.25,189.48,194.67,251.65,316.17,424.79,364.69,414.27,375.46
96.2,77.14,84.89,190.72,196.8,254.35,317.47,421.46,359.36,409.33,371.5,360.51
59.74,74.33,186.66,197.39,256.28,320.8,421.92,358.38,404.27,367.79,356.55,283.24
81.37,193.19,201.29,259.02,322.12,420.02,354.51,403.1,367.46,354.2,282.41,271.97
198.23,205.33,261.66,322.41,419.78,354.52,402.06,372.27,357.4,287.12,274.38,273.86
184.59,249.93,316.83,420.51,357.69,404.22,371.97,358.52,280.14,265.26,267.09,302.66
287.12,343.04,430.62,358.89,401.83,363.79,350.49,279.85,277.09,273.38,306.87,389.42
432.55,486.07,382.03,400.4,354.61,334.69,272.67,287.19,303.07,328.51,404.54,354.31
503.33,395.37,405.58,356.62,334.32,267.09,281.53,306.06,334.29,404.56,355.76,352.93
343.84,376.18,343.97,337.2,274.72,289.09,305.29,328.14,387.59,339.4,340.1,275.66
378.14,349.4,339.73,274.64,286.39,299.61,320.69,381.86,338.12,337.41,272.85,283.97
322.89,318.54,269.26,285.76,303.69,332.62,390.66,344.19,330.47,275.94,285.34,227.31
292.54,250.82,278.82,303.47,336.1,398.69,349.14,333.48,269.1,283.84,225.07,157.94
272.29,286.03,308.6,332.2,397.56,354.36,340.35,282.37,292.83,241.09,169.29,128.74
268.01,298.43,328.0,396.43,354.74,342.89,283.47,296.61,237.17,167.74,126.56,83.44
290.6,323.17,393.93,353.7,342.95,284.45,296.54,238.55,166.96,126.39,82.54,89.98
346.32,408.75,360.71,343.98,284.34,293.88,235.78,168.17,134.18,88.47,93.73,105.65
337.12,318.89,327.11,284.0,298.2,243.13,169.7,128.69,65.63,74.66,93.0,201.02
298.58,307.97,277.18,294.95,244.16,179.78,138.2,72.91,72.61,100.88,205.76,263.74
324.47,286.17,298.1,243.6,179.06,137.25,73.29,75.81,107.16,211.44,266.22,369.09
334.09,326.9,256.0,179.12,134.03,66.52,73.09,112.35,225.98,277.55,377.81,407.48
321.22,251.55,174.47,127.67,62.33,74.38,117.02,254.09,286.3,387.83,414.33,425.76
347.47,228.67,144.79,53.77,60.44,98.62,253.77,294.36,424.03,440.97,445.28,361.54
213.95,138.08,51.76,64.69,102.66,255.92,292.11,420.89,432.45,434.62,354.19,314.75
106.29,34.47,57.77,104.28,258.49,295.78,419.95,428.71,424.37,346.3,309.43,284.4
23.19,52.49,102.6,261.02,298.64,421.02,426.78,418.86,341.15,303.06,279.29,293.08
66.56,111.7,264.64,297.36,418.24,423.08,417.26,343.47,308.53,283.81,295.91,258.1
96.58,253.61,293.15,417.71,425.15,422.51,346.99,313.04,280.33,295.55,258.41,258.08
241.95,285.5,414.1,423.84,423.16,350.6,316.23,283.26,294.67,260.61,259.26,285.61
247.2,392.91,414.64,424.39,354.47,318.98,281.64,288.65,246.26,243.15,274.59,268.41
398.31,419.94,426.15,354.56,317.47,278.28,284.48,243.07,245.71,276.4,269.8,321.49
405.41,414.62,350.73,317.02,280.19,290.33,247.93,248.62,272.75,269.48,320.47,335.47
406.9,342.27,315.05,278.39,291.52,254.54,255.63,280.45,268.21,325.35,340.32,376.88
394.92,345.51,291.11,290.03,250.39,249.45,276.77,275.58,343.63,355.93,385.52,318.41
322.23,276.02,282.68,247.89,249.35,280.47,278.88,343.89,350.59,383.64,316.03,367.9
273.93,281.79,248.54,251.31,282.53,280.1,343.26,348.23,381.64,314.51,366.73,282.81
249.34,230.35,244.63,284.95,284.33,348.36,348.6,378.36,302.38,356.4,275.39,192.25
215.6,234.45,281.38,282.93,349.16,352.5,380.17,302.14,353.24,276.37,193.32,128.72
267.16,303.87,293.22,351.04,350.71,373.18,296.74,354.54,284.43,197.02,130.34,73.13
273.68,276.94,345.41,353.22,377.88,301.55,353.23,284.25,186.11,120.14,65.3,38.8
272.67,338.08,351.73,374.36,302.2,361.02,292.33,196.17,123.27,76.31,46.02,69.75
317.22,339.6,369.36,300.7,361.04,292.6,196.07,123.5,70.34,39.71,65.46,197.32
398.26,404.65,314.7,360.63,286.61,185.16,117.68,73.35,59.81,80.73,208.23,249.42
397.14,310.25,357.9,287.99,187.79,119.64,74.29,61.32,78.62,204.58,245.78,320.9
348.23,378.53,297.25,185.59,115.98,71.13,61.79,85.74,217.52,260.04,331.29,357.38
398.28,313.42,188.8,113.39,65.34,52.33,80.05,233.67,272.83,337.17,361.84,446.39
296.12,168.29,101.35,54.97,48.87,87.8,251.53,283.6,339.29,370.78,453.23,335.29
179.46,105.16,57.78,48.83,88.25,255.36,286.47,340.34,372.53,457.8,337.97,325.34
118.79,68.12,53.66,89.6,253.66,282.22,335.92,369.9,461.46,340.16,327.25,264.2
66.39,53.55,90.01,255.0,282.98,334.99,368.58,460.65,338.72,324.12,261.84,239.51
33.9,78.08,249.49,283.56,337.34,371.84,461.94,337.17,318.55,256.56,235.03,257.15
81.84,252.07,284.57,337.01,371.15,460.8,336.65,319.63,257.91,236.05,258.94,245.37
236.05,274.66,332.2,370.26,461.29,339.14,322.06,258.53,233.18,258.34,245.09,259.48
269.08,329.22,366.8,460.2,338.62,319.84,256.46,229.8,257.0,240.34,255.92,272.55
323.22,364.39,458.85,339.31,320.94,257.19,229.22,254.36,237.73,253.26,271.29,385.3
352.88,450.57,336.33,319.65,256.64,231.97,257.53,239.27,251.04,271.84,385.51,370.34
511.85,373.85,335.04,256.41,226.08,246.41,233.82,253.22,291.34,399.52,381.41,420.57
330.53,305.41,244.77,227.21,254.08,246.57,260.17,291.56,385.83,372.57,412.35,330.34
323.5,256.91,231.57,250.97,241.04,254.52,288.25,385.49,378.57,418.74,334.17,309.92
236.66,218.18,247.55,243.68,259.42,295.16,388.83,377.91,410.93,329.42,306.28,277.88
232.5,258.3,247.95,260.5,293.52,383.85,373.68,408.8,333.46,307.62,278.48,192.01
244.83,242.23,258.8,297.3,388.16,374.57,405.89,329.07,300.22,268.58,186.33,130.13
275.13,277.95,305.77,385.75,370.45,402.54,328.53,307.19,280.66,199.32,137.56,64.69
287.31,312.77,388.93,371.42,402.72,326.21,304.62,282.37,201.37,136.92,64.15,60.24
316.06,390.61,372.69,402.31,326.73,305.88,283.33,205.69,140.15,68.46,63.01,61.78
375.35,367.52,399.67,327.78,305.81,278.59,199.3,131.98,61.73,51.48,54.43,216.97
351.88,385.86,323.1,305.01,280.31,205.96,138.19,64.41,48.54,57.27,218.8,245.87
376.68,316.4,301.47,279.34,206.43,140.36,66.15,49.21,55.41,218.71,244.83,290.37
322.3,301.93,280.01,205.88,141.41,69.43,53.45,57.07,220.32,249.2,293.99,380.9
316.16,286.46,206.43,133.28,62.08,52.39,62.36,249.31,263.69,310.89,392.79,413.01
292.62,204.87,127.89,55.15,47.56,60.11,258.29,266.5,317.64,397.41,417.89,341.53
204.95,126.45,54.72,47.89,60.42,260.64,267.35,315.2,396.38,418.31,341.23,293.6
139.23,62.45,52.06,61.55,260.04,266.02,314.74,395.51,420.52,343.53,295.91,283.32
33.4,34.44,54.63,261.23,269.29,319.8,397.52,418.54,334.09,288.19,277.35,240.92
55.02,67.73,265.46,268.55,316.84,392.34,416.47,333.29,295.23,281.29,243.48,277.04
54.12,257.29,265.28,318.1,394.69,419.04,334.27,293.7,276.19,238.66,274.44,273.74
266.68,272.89,320.03,393.95,416.28,329.85,291.44,275.04,242.95,277.56,276.48,269.33
224.44,289.4,380.46,416.88,335.78,300.17,279.14,237.71,261.01,261.01,257.99,296.55
285.51,378.76,415.99,334.41,298.92,279.13,237.64,258.93,260.41,259.65,298.45,331.78
403.33,433.81,342.09,301.68,277.37,230.02,252.72,255.57,264.82,297.1,331.0,338.27
445.7,345.38,304.2,275.37,228.95,255.51,260.79,272.69,302.9,340.72,346.07,350.05
368.28,317.51,281.0,230.58,256.7,259.04,270.52,303.47,346.47,348.32,350.01,293.63
368.31,311.08,242.72,252.83,251.15,262.03,300.66,352.18,365.82,366.71,304.09,293.24
253.69,208.78,239.14,254.65,269.59,309.73,355.48,359.78,347.12,286.95,281.79,243.88
232.62,253.23,260.24,269.28,307.45,352.12,358.42,345.9,294.17,288.13,247.63,203.0
280.3,279.54,277.66,309.44,350.65,351.27,339.54,291.51,294.24,248.67,205.14,127.73
264.53,269.23,305.93,350.78,352.29,341.49,292.28,292.81,243.95,201.64,124.33,72.43
307.31,328.53,360.86,351.75,338.54,287.41,290.03,247.5,213.29,134.06,78.4,50.81
316.08,353.13,349.94,339.62,290.61,294.47,249.86,214.75,130.27,76.43,49.56,68.9
293.97,313.62,324.39,288.45,296.78,256.44,218.36,125.32,58.84,36.21,60.05,182.21
322.63,327.21,289.6,296.7,255.83,218.29,127.11,59.07,40.02,64.61,185.56,228.5
334.14,293.75,297.16,255.63,217.66,125.42,58.48,38.48,66.99,186.42,228.42,304.78
265.54,277.74,247.35,217.09,128.27,64.93,44.75,67.68,177.63,223.75,303.08,348.29
286.97,251.28,215.34,120.62,58.04,43.31,72.12,202.2,236.59,316.83,357.82,440.75
266.12,219.42,116.98,50.78,37.04,67.3,210.35,236.56,325.95,363.68,446.92,375.73
276.11,149.89,64.86,36.82,62.1,203.4,234.05,328.69,379.74,459.77,384.31,308.83
112.54,41.51,27.87,64.43,208.44,242.26,332.53,376.05,446.59,374.93,302.71,285.75
28.75,23.59,62.24,211.35,243.91,330.42,371.97,436.52,368.17,292.73,278.77,262.74
59.85,83.78,221.03,243.35,326.77,366.82,435.18,371.67,303.29,287.34,268.2,269.14
84.9,222.54,243.34,328.34,367.69,434.18,370.32,300.33,287.45,266.1,268.32,274.08
240.86,255.48,332.87,367.86,432.64,366.75,299.06,287.61,271.95,272.46,277.31,254.92
165.13,278.44,344.85,434.19,376.2,312.9,293.06,263.99,241.54,249.98,236.2,232.17
255.8,333.59,428.09,375.15,312.08,292.58,261.59,232.26,243.69,231.29,229.61,304.06
291.13,401.23,365.04,313.83,297.62,269.74,238.34,239.42,215.96,216.69,295.43,313.69
419.4,375.26,318.78,296.66,267.09,235.66,238.89,217.76,222.51,301.73,319.95,291.14
479.2,378.43,321.9,266.0,228.55,226.51,213.5,231.78,334.77,346.39,307.67,265.67
424.81,345.18,275.88,222.95,219.53,210.63,235.88,349.67,364.44,328.61,278.51,264.67
431.57,330.74,245.51,222.85,205.5,219.94,339.7,363.84,353.04,292.17,274.37,281.09
379.51,276.62,235.66,207.74,217.25,331.4,358.22,353.63,306.02,282.04,285.18,212.98
254.07,223.36,202.09,217.97,333.4,359.76,352.98,299.2,273.78,277.52,209.15,138.02
250.1,223.45,225.78,336.06,357.36,342.79,289.29,262.37,282.82,207.55,135.88,96.79
285.63,262.88,353.07,355.88,336.95,281.29,259.1,288.98,226.28,152.26,107.63,77.57
310.72,380.75,369.07,337.0,278.97,254.83,288.18,231.69,168.44,121.65,87.17,90.77
403.43,385.65,343.39,278.86,250.79,277.48,224.09,165.55,128.55,86.59,90.82,140.59
369.21,332.78,273.93,253.04,280.38,225.49,165.53,123.05,80.96,83.82,136.33,178.69
277.12,237.84,235.76,278.14,228.83,174.52,130.57,78.04,68.93,126.58,171.59,233.28
261.6,250.03,281.87,227.54,170.85,123.98,76.81,67.31,133.98,175.31,237.73,350.48
214.55,260.92,213.16,164.82,120.46,77.61,72.0,148.5,173.8,235.88,350.6,493.82
238.62,193.97,149.39,110.82,71.48,71.04,160.61,171.6,235.34,349.97,496.22,433.61
160.74,121.81,99.14,68.37,73.32,174.59,184.84,234.55,339.87,495.74,432.94,471.42
137.72,108.15,71.21,72.34,170.85,181.53,234.81,333.36,500.54,437.89,475.73,432.68
105.51,72.47,73.55,175.64,183.99,232.6,330.19,491.82,431.81,464.43,425.0,348.14
83.69,83.01,179.65,186.88,232.3,325.81,486.59,424.4,465.31,421.91,345.27,311.74
52.68,165.21,181.77,238.2,331.74,488.54,421.31,454.93,407.06,327.95,300.83,301.34
183.17,191.1,243.49,330.96,487.42,422.56,458.15,413.02,333.85,310.04,307.17,305.84
127.21,207.53,314.48,490.75,430.66,465.32,413.35,323.5,286.81,281.67,288.44,303.29
202.72,313.74,489.45,430.19,464.92,412.32,322.34,282.38,279.9,286.27,302.95,338.98
295.43,482.26,427.41,467.7,413.9,320.55,278.96,273.08,277.57,290.44,331.58,280.36
412.92,389.5,451.53,417.73,327.19,284.6,272.22,264.6,266.09,307.09,266.09,281.11
365.49,432.12,412.05,327.14,289.82,283.35,271.95,267.18,298.12,263.55,277.61,197.2
491.71,446.2,342.83,286.57,275.48,263.78,265.14,304.16,281.86,296.31,209.22,186.08
478.93,356.32,294.9,274.69,263.33,268.57,310.56,292.65,307.37,224.88,196.17,150.83
344.74,280.27,270.01,260.97,271.5,322.95,305.74,318.71,222.8,203.36,154.51,136.53
332.72,301.62,274.06,270.23,317.97,298.02,314.85,224.07,219.06,167.81,146.49,132.76
337.13,296.92,279.23,317.83,293.96,307.49,220.79,216.87,178.09,153.35,136.61,108.32
316.85,291.18,322.96,293.83,305.8,217.94,214.76,176.14,158.68,140.61,110.29,50.54
370.15,370.86,315.57,306.55,213.06,204.45,170.67,159.64,163.92,128.93,63.45,63.31
406.53,337.37,317.52,211.69,199.38,162.73,155.52,165.79,139.24,70.51,68.1,136.33
307.07,295.16,203.27,200.24,166.78,163.4,172.17,139.04,62.07,63.95,133.62,147.73
288.0,200.91,196.9,168.76,164.95,169.47,135.62,52.26,60.61,125.59,141.4,205.85
191.72,188.51,164.6,162.71,169.27,138.11,57.93,61.53,122.86,141.46,208.09,251.05
171.81,153.08,151.71,160.05,130.78,56.43,67.67,143.91,148.44,215.27,257.45,364.31
158.62,176.14,195.78,168.77,83.97,84.33,100.37,132.58,191.44,241.71,338.66,432.7
179.66,202.73,170.04,79.15,79.65,86.47,126.07,195.08,251.1,343.59,437.28,458.74
188.53,159.62,73.98,74.74,87.11,129.3,199.94,258.17,342.32,436.3,455.26,414.17
129.29,57.38,65.43,86.81,132.45,203.8,257.12,333.74,425.69,446.02,409.92,406.81
54.9,65.02,86.1,131.12,203.04,255.98,331.94,420.88,444.36,408.73,407.86,375.3
61.86,87.11,132.47,202.96,253.32,327.54,416.21,441.12,406.53,406.09,374.36,348.9
59.98,113.33,197.8,256.72,336.15,428.29,447.98,403.94,394.38,361.74,337.47,354.11
123.39,207.29,260.11,339.85,426.02,441.31,398.37,395.44,367.16,346.05,360.31,350.3
183.99,243.35,333.6,427.84,444.52,402.53,399.16,366.02,334.36,344.0,339.92,321.46
222.95,322.02,421.58,442.62,403.44,400.59,364.58,332.09,339.16,341.43,322.62,335.55
331.75,431.56,448.83,409.81,405.01,363.35,327.45,332.44,337.87,312.83,322.17,323.99
508.94,501.4,431.32,400.1,344.72,304.32,320.02,341.82,339.61,347.45,345.73,293.98
488.29,421.84,403.04,363.11,326.3,336.97,350.5,343.0,335.45,329.3,286.22,291.74
450.97,418.66,366.43,315.25,327.38,347.22,342.3,343.85,344.64,304.29,300.81,229.94
363.69,334.41,301.77,326.96,352.89,349.22,344.76,338.2,284.44,284.22,220.57,156.35
297.35,278.82,317.93,348.71,347.43,352.55,344.24,283.02,277.65,217.19,151.23,116.22
190.94,259.59,326.29,349.67,363.28,362.14,292.56,266.26,188.71,132.21,106.77,78.67
245.35,315.87,348.92,366.03,366.72,296.51,267.45,186.06,126.8,103.37,76.98,51.97
278.21,318.99,353.4,362.15,293.71,272.39,192.43,127.46,88.41,72.15,45.73,67.41
317.66,344.03,356.82,300.0,288.17,218.18,147.99,106.87,76.3,61.29,78.96,253.18
310.48,341.44,290.74,281.53,214.66,151.28,108.49,77.03,49.64,70.12,246.02,231.34
306.7,270.94,271.2,208.9,146.78,109.41,77.1,47.78,60.82,241.23,229.85,295.01
256.49,266.15,207.16,140.13,98.69,69.73,39.83,56.18,245.01,234.37,296.34,366.53
263.93,213.48,167.99,142.83,107.52,52.9,46.04,155.27,174.31,230.72,322.25,434.02
252.22,187.33,144.25,99.36,44.14,36.67,160.66,182.65,249.78,334.8,444.54,409.51
170.9,134.04,94.44,44.83,38.58,165.03,184.16,247.66,329.0,440.09,406.1,402.54
133.12,96.18,45.95,39.61,164.04,182.1,243.48,323.54,438.94,405.22,402.12,343.12
48.23,18.1,29.64,167.64,188.87,251.59,325.29,432.0,387.58,386.68,331.55,276.95
20.73,32.0,170.36,189.67,251.91,325.62,429.76,388.21,386.63,332.4,276.25,202.2
51.02,182.81,197.46,254.85,327.13,428.64,385.6,390.86,336.22,278.87,204.39,196.41
210.22,214.02,262.84,325.93,425.95,382.95,389.56,347.82,290.72,217.32,204.37,177.54
210.88,260.96,324.08,426.53,385.59,390.04,347.35,294.15,216.23,199.39,173.62,241.32
256.01,322.96,424.8,384.39,389.75,347.05,292.26,219.24,200.47,174.63,242.11,282.43
341.03,438.17,388.67,389.06,343.48,285.05,215.13,200.86,181.42,244.08,284.72,297.68
496.21,426.94,403.98,343.77,278.78,201.0,190.99,182.82,263.41,295.87,306.74,324.85
435.27,408.96,346.34,280.53,203.23,191.02,180.76,265.03,297.66,306.41,323.11,276.31
336.04,300.58,262.34,201.49,195.92,194.41,271.44,295.69,284.46,311.35,266.46,276.11
264.92,233.88,192.57,192.96,197.84,286.13,307.75,290.57,302.6,271.22,278.6,226.6
218.74,179.97,188.74,196.9,288.23,314.94,296.18,305.57,267.49,280.35,226.47,181.06
193.1,193.53,199.7,285.24,313.36,298.22,309.35,276.43,286.82,236.95,189.12,100.86
196.2,204.92,287.24,315.42,298.83,306.29,271.78,286.79,236.76,185.18,97.12,72.2
203.26,287.4,315.52,298.12,305.5,270.68,284.58,238.88,186.04,98.12,72.38,57.25
276.95,311.21,296.5,307.34,273.24,285.08,237.14,185.23,95.43,68.22,54.39,83.83
283.97,278.17,300.08,270.2,285.51,241.81,188.83,97.83,61.61,51.42,81.42,210.82
261.78,289.24,265.74,286.17,243.59,191.63,99.25,62.16,47.47,79.12,209.78,227.08
307.66,277.41,290.0,242.81,189.41,95.36,59.81,50.47,86.41,215.16,229.72,295.69
295.64,302.11,247.8,190.93,95.24,56.11,47.52,87.42,219.96,231.67,297.86,371.03
382.3,296.48,208.81,88.89,44.52,34.39,84.45,250.92,266.0,326.26,390.31,450.24
313.41,212.68,86.88,37.07,29.52,83.39,260.9,277.24,337.52,400.78,458.59,311.2
169.39,61.41,26.14,31.42,88.14,268.1,278.09,331.4,385.71,445.94,302.15,264.37
29.34,7.37,24.66,89.24,271.13,283.69,332.53,381.82,434.72,295.26,259.85,251.22
19.71,34.67,94.29,272.98,283.14,328.53,377.7,433.19,297.48,258.88,250.26,241.22
49.33,103.18,276.87,283.0,327.23,375.44,431.72,300.8,264.71,254.58,243.45,226.33
95.36,270.93,281.01,327.36,377.31,434.93,302.96,268.5,252.97,243.6,227.07,201.98
250.96,268.4,322.08,375.79,435.82,307.34,271.33,256.35,239.64,227.46,202.05,206.82
248.37,307.15,368.85,433.34,308.83,276.57,261.07,242.2,222.44,198.95,204.03,252.56
286.81,358.68,428.54,309.41,278.07,262.4,240.55,219.24,192.98,198.38,248.95,303.0
390.04,449.96,318.12,279.31,258.97,231.75,213.01,189.65,207.28,252.43,305.69,317.34
456.36,319.43,280.91,257.55,230.99,215.03,192.54,214.56,256.23,312.78,323.19,341.66
331.91,281.42,258.58,227.51,215.74,200.18,223.26,267.73,319.79,336.23,348.26,336.8
277.61,257.23,226.17,213.85,198.15,222.18,266.48,319.47,335.81,348.62,335.92,325.06
247.05,221.03,212.61,200.14,224.26,267.64,318.85,332.61,344.33,331.91,322.68,243.3
175.32,186.59,189.35,226.8,272.67,324.57,332.44,337.39,316.46,308.9,233.14,146.12
208.81,203.33,233.36,272.49,322.86,328.81,334.92,317.99,315.26,238.61,150.98,97.84
207.81,237.76,275.54,324.51,329.79,334.49,316.04,318.26,238.82,150.14,95.89,58.85
226.73,268.66,321.81,328.99,335.25,318.34,319.33,243.07,148.28,95.77,58.36,31.37
256.39,313.93,326.13,335.38,321.04,323.37,244.92,150.8,93.63,57.92,30.82,55.99
308.8,322.84,333.67,317.74,320.62,243.04,150.87,94.97,57.85,31.04,56.59,197.05
370.59,362.2,329.48,320.98,238.78,142.56,90.65,62.16,47.23,68.35,205.31,236.81
315.35,301.36,308.43,240.4,148.33,98.42,65.49,45.09,53.94,192.87,227.33,298.2
310.74,316.2,243.53,149.85,98.1,61.39,40.29,48.86,193.83,226.25,298.34,340.09
337.98,253.06,152.58,90.24,54.68,40.75,55.77,224.59,242.81,318.53,353.74,421.0
242.22,137.31,79.87,45.21,37.06,60.97,239.94,252.51,322.48,361.76,427.45,308.56
190.69,111.08,58.94,37.46,57.48,234.54,249.87,325.37,376.53,439.42,316.59,284.55
102.38,56.69,37.39,60.39,235.92,248.88,321.31,373.65,435.05,311.0,281.11,222.45
81.77,54.19,67.21,236.82,246.61,314.84,369.16,433.89,318.51,284.41,224.4,223.47
26.39,50.32,229.78,248.11,319.02,374.57,436.24,318.21,275.43,215.96,216.68,223.88
59.13,235.18,250.13,317.88,372.82,434.43,317.49,276.6,219.42,220.48,227.66,215.18
232.63,249.51,316.84,372.5,433.79,316.53,276.15,219.49,221.38,228.64,215.97,228.91
226.34,300.87,364.52,431.54,317.77,280.18,222.85,221.82,222.48,210.84,224.91,253.33
278.71,353.84,426.52,319.59,282.82,224.24,219.58,215.06,202.5,216.06,247.9,349.37
395.11,449.57,330.05,280.38,218.56,214.45,215.39,208.63,230.75,262.26,358.96,322.81
452.49,330.96,281.05,218.97,214.73,215.42,209.09,232.31,263.62,360.07,324.99,343.5
325.89,275.16,216.32,214.59,218.27,213.89,235.42,264.83,359.15,325.71,342.08,280.29
276.94,217.75,215.1,215.61,210.78,234.16,264.33,361.39,326.37,344.72,281.32,283.89
264.95,242.63,227.9,210.99,230.77,258.54,359.66,329.1,360.11,294.74,292.99,284.13
237.32,227.81,210.21,234.06,260.26,356.85,324.73,356.34,291.65,285.46,278.59,178.57
241.56,219.13,237.82,260.91,356.93,322.81,354.38,290.75,288.61,280.24,180.81,143.34
218.35,239.07,261.57,356.93,322.31,353.46,288.9,288.8,280.01,180.51,141.94,68.47
224.23,253.68,353.68,322.49,354.59,290.07,288.72,279.68,175.55,136.93,65.0,56.43
243.31,349.26,321.22,356.68,292.88,289.88,277.39,171.98,133.69,61.02,53.52,58.45
330.26,312.05,353.08,292.62,289.61,275.17,169.35,129.1,53.83,44.49,53.07,182.98
292.61,335.2,286.67,287.7,277.11,178.82,137.68,60.87,41.37,57.95,185.95,207.86
313.9,272.91,280.3,276.51,180.69,141.17,64.04,40.95,52.78,182.05,204.56,285.45
252.37,267.0,270.99,181.25,144.27,68.69,43.86,51.47,174.37,198.87,282.44,345.24
319.76,300.97,190.85,135.32,57.08,35.58,53.9,204.1,225.99,308.72,363.97,418.92
368.98,228.84,145.77,50.72,25.08,39.08,204.98,231.52,334.76,380.16,431.4,330.18
188.1,118.08,40.07,26.33,44.9,217.05,238.95,333.86,365.52,422.65,323.94,305.58
132.16,50.83,31.4,46.62,215.65,235.07,328.97,360.76,425.0,325.13,306.52,278.28
62.91,37.29,50.46,215.79,234.8,329.62,362.68,427.09,328.34,310.58,280.41,268.73
35.58,51.17,215.21,235.97,329.82,360.44,424.42,324.51,309.77,276.57,265.5,236.8
66.02,224.87,240.58,331.22,360.63,422.41,322.71,310.16,279.57,266.76,238.71,214.71
215.2,236.31,329.44,360.74,422.62,323.21,309.57,279.21,264.65,237.63,213.99,215.15
190.74,300.55,347.78,421.72,327.1,316.33,283.31,261.27,223.3,201.32,206.34,229.56
315.97,359.51,425.89,327.98,315.06,278.54,256.58,219.44,205.54,207.28,230.54,292.38
382.41,439.06,333.83,314.48,275.84,253.07,219.21,207.35,214.63,236.21,296.64,287.25
441.96,333.45,314.32,274.27,251.95,219.96,210.39,219.76,239.02,301.11,292.03,303.18
387.88,344.22,286.17,250.26,216.33,205.25,218.63,245.16,319.58,307.76,312.07,295.35
367.15,302.23,255.48,215.44,200.92,211.0,240.41,316.67,314.42,315.0,296.74,338.4
263.69,229.57,205.82,201.43,215.56,250.17,323.64,314.06,302.93,290.81,334.38,258.82
196.93,186.33,192.64,216.71,253.29,328.29,315.25,294.91,279.75,325.4,252.08,203.95
216.8,211.53,224.78,252.7,325.11,309.6,291.85,277.39,333.94,258.9,209.85,150.6
217.54,229.35,255.66,326.06,309.64,291.27,277.12,336.18,259.26,209.6,149.56,80.25
188.51,232.46,316.47,311.54,295.98,282.75,336.39,254.8,196.05,137.1,71.21,45.92
292.57,353.26,327.77,295.66,278.16,327.34,250.37,199.16,156.49,86.68,56.71,63.26
380.12,344.84,303.11,276.9,323.11,242.44,195.3,159.7,95.0,60.33,66.12,170.62
391.34,329.75,286.9,323.21,238.71,188.04,157.12,99.62,77.11,78.43,179.2,223.32
303.21,272.21,315.49,240.96,192.51,160.35,100.41,73.65,69.07,167.94,214.97,306.71
292.0,330.32,245.91,192.7,157.03,92.2,67.77,63.83,172.89,216.23,309.27,354.17
334.31,248.97,189.89,151.54,86.3,63.76,65.06,191.14,226.16,316.87,359.82,461.85
215.34,159.94,134.81,76.92,62.33,74.69,210.13,231.2,312.49,361.6,464.45,359.9
236.05,180.64,96.97,62.49,67.94,199.47,225.31,312.46,382.2,480.44,371.2,312.9
173.11,92.53,61.8,69.58,200.32,226.67,312.58,380.96,477.53,369.45,311.97,248.04
98.19,65.29,71.14,201.81,227.28,311.25,380.11,474.54,369.98,310.33,246.32,236.58
55.81,66.88,200.22,230.24,314.37,381.11,473.58,365.99,304.57,238.11,230.46,236.89
82.86,209.1,233.67,312.33,377.81,471.01,366.12,307.45,244.55,237.6,242.85,219.73
208.66,233.35,310.45,377.12,470.19,365.09,308.67,243.5,239.47,244.35,221.1,273.01
202.9,293.88,367.73,470.82,367.75,309.45,242.19,231.49,233.08,206.16,262.88,296.55
291.35,367.97,470.35,367.74,308.9,241.19,229.98,227.39,204.37,260.91,296.28,398.61
371.79,470.54,368.15,307.21,238.97,230.34,230.71,204.95,263.7,300.42,401.32,355.43
512.97,395.72,318.43,240.71,226.89,220.5,198.28,259.83,311.81,406.03,360.61,351.55
383.36,308.65,237.72,229.14,225.93,204.99,262.83,310.65,400.07,355.87,346.45,270.59
313.4,238.14,229.81,221.12,200.57,263.83,314.11,406.24,359.04,355.23,275.66,259.25
258.13,241.58,226.8,203.18,264.59,312.02,405.33,356.44,359.94,278.18,260.98,281.12
290.15,258.96,215.4,266.14,307.63,393.66,348.86,358.3,292.34,267.7,285.49,194.43
310.86,246.1,278.89,307.48,390.51,342.32,356.17,296.33,283.04,296.8,203.47,172.81
279.43,300.17,315.53,389.41,338.22,349.87,293.24,285.33,308.35,212.15,177.61,98.43
366.1,361.62,407.56,341.01,344.07,275.07,271.35,302.89,229.46,182.12,101.97,92.23
378.54,419.65,347.1,346.89,276.12,268.51,298.95,226.59,186.52,103.09,92.63,87.56
465.46,377.2,359.56,275.47,262.28,285.92,218.31,183.4,116.07,98.55,92.01,200.47
392.95,364.54,279.07,262.79,286.66,220.89,187.19,120.28,104.13,99.79,205.45,229.81
382.38,289.34,265.07,284.88,217.94,183.11,119.57,105.02,107.34,211.42,233.31,284.81
251.65,241.22,273.97,218.99,188.04,126.25,109.72,102.24,198.28,221.81,278.19,387.83
287.12,300.61,225.55,178.23,113.57,99.74,103.71,222.53,247.44,301.68,404.93,460.51
271.02,206.11,163.29,109.09,97.52,100.57,228.48,238.65,295.37,392.38,454.8,368.29
226.36,171.14,111.57,94.48,96.71,228.89,242.55,294.39,399.48,464.69,375.03,349.28
198.08,129.02,101.79,98.79,226.75,236.55,290.8,394.76,470.42,376.95,351.59,352.7
86.49,74.82,87.47,227.68,240.63,298.41,400.36,465.9,363.03,340.6,344.86,336.42
82.93,92.83,228.3,240.59,296.59,396.81,464.31,357.41,342.79,344.38,335.75,350.28
73.45,216.86,235.18,298.31,399.54,467.02,359.2,336.13,336.36,327.6,345.77,365.92
217.61,237.04,297.81,398.64,464.74,356.74,335.42,332.85,328.46,346.83,367.25,353.19
193.33,272.01,386.63,466.82,362.41,341.16,335.02,319.32,330.03,348.62,340.4,390.94
423.42,482.41,506.22,361.68,325.94,306.53,302.36,331.32,395.15,373.4,413.97,441.26
569.55,563.81,386.6,331.85,302.07,283.95,319.21,394.28,395.87,421.12,446.74,398.78
602.02,410.12,342.13,303.31,281.94,313.49,390.27,399.91,433.11,454.84,405.05,339.96
303.8,278.43,277.18,287.4,328.85,409.11,405.92,420.21,417.0,371.7,315.94,288.01
241.78,257.27,278.07,325.51,406.62,406.39,418.99,407.47,360.24,308.88,282.66,267.74
230.47,261.06,319.4,408.51,410.07,423.9,410.89,353.77,298.43,274.63,263.3,263.49
242.49,306.25,402.73,410.08,425.98,415.81,357.94,295.57,269.04,260.24,261.02,199.14
302.24,396.67,408.93,423.62,415.93,362.65,301.48,273.4,258.77,264.81,203.83,119.85
380.3,396.93,418.57,414.24,362.9,305.94,278.06,258.9,260.89,203.59,118.34,91.29
333.39,376.9,397.01,361.65,311.22,290.96,267.82,257.84,183.91,106.2,82.62,60.64
330.15,368.27,350.68,313.68,297.74,277.45,262.8,175.53,89.12,69.41,51.88,90.35
341.9,332.79,307.07,293.96,275.4,265.69,178.5,86.49,61.62,49.72,89.19,201.55
312.87,289.06,286.88,274.65,267.99,186.94,96.14,62.21,44.66,90.64,202.82,334.41
325.05,303.68,281.35,264.82,183.74,96.76,67.62,52.35,103.69,218.64,343.63,416.44
337.38,301.93,273.44,185.59,96.13,63.34,51.67,102.44,225.94,346.87,420.34,467.49
279.83,259.27,176.72,89.71,59.56,54.47,107.92,245.75,349.14,424.94,470.81,414.73
214.64,175.84,118.11,104.3,90.49,130.26,197.91,321.67,378.61,432.94,373.78,330.98
195.31,137.3,114.5,89.54,127.44,182.55,308.67,381.02,443.35,379.04,334.35,283.26
133.68,110.3,91.39,125.32,186.51,314.91,386.72,459.65,378.18,335.45,281.03,242.51
177.2,134.17,142.46,185.79,310.49,376.15,450.17,384.2,356.55,296.98,254.93,239.81
130.48,138.62,183.1,307.23,376.3,452.2,386.87,363.26,298.69,258.62,244.4,233.6
95.72,155.64,294.65,371.0,451.08,392.21,368.03,300.95,248.99,241.88,232.17,239.09
129.74,275.11,363.95,450.35,397.18,378.6,309.55,247.38,232.98,223.57,231.6,259.33
257.5,360.42,446.47,402.06,376.43,299.96,236.8,221.53,219.73,227.7,257.56,281.16
288.66,396.16,382.96,376.74,306.36,251.67,232.89,213.92,201.3,235.84,266.88,279.9
377.25,365.02,370.38,301.63,252.57,242.78,221.59,204.44,232.2,279.27,287.18,348.06
361.22,356.0,300.85,249.17,246.98,241.92,224.54,247.03,278.39,301.54,349.4,386.38
490.19,380.24,281.38,236.0,216.69,200.16,242.52,295.93,350.88,400.52,425.08,383.21
417.05,305.34,250.81,235.85,217.19,247.01,296.61,353.44,403.81,414.72,379.94,351.58
393.57,311.56,254.66,210.35,231.35,271.26,334.82,399.98,445.82,396.87,361.02,304.97
330.91,273.69,216.89,233.94,270.29,322.26,386.51,436.65,398.39,352.14,301.02,214.12
305.79,242.48,243.7,270.61,315.82,375.58,427.95,391.64,364.37,301.77,212.23,194.49
307.73,282.23,287.4,318.98,372.88,416.43,383.47,358.69,320.95,223.56,205.63,139.12
327.51,314.61,333.19,376.58,417.08,376.67,354.46,326.5,237.2,212.81,144.92,86.8
304.26,326.96,370.52,415.4,371.09,345.44,319.48,229.12,205.8,135.96,78.06,109.59
293.14,348.54,402.74,381.66,364.45,341.3,242.17,210.81,126.93,73.48,108.43,305.03
326.24,397.94,375.48,358.28,334.79,237.6,205.08,119.71,64.84,97.77,296.94,291.91
435.0,399.96,365.56,328.58,225.89,191.92,112.59,63.08,111.42,307.82,301.6,374.15
373.48,351.06,323.23,218.84,183.08,109.86,59.23,110.99,308.69,305.27,374.64,422.86
269.34,277.93,225.12,225.28,154.03,88.5,111.48,217.25,222.11,296.17,369.93,507.99
308.84,240.16,223.67,144.85,78.51,101.02,222.16,224.96,313.5,380.56,517.07,514.71
203.55,199.59,133.95,78.2,103.88,230.46,230.39,309.49,368.81,509.34,509.28,508.62
141.04,103.21,64.33,107.61,235.0,233.77,305.49,351.72,488.61,489.12,495.51,434.93
108.9,65.78,110.51,235.0,234.11,308.75,354.21,489.75,489.83,499.8,436.59,402.33
44.88,97.57,231.66,235.42,311.9,360.04,491.74,490.84,492.41,432.57,398.29,380.27
87.22,227.67,235.3,315.73,363.87,493.33,488.48,491.67,427.17,391.91,376.12,342.02
210.55,225.51,313.31,365.32,497.1,494.28,493.23,431.66,386.98,374.5,339.9,308.13
178.37,286.88,353.54,498.29,499.66,498.17,431.07,382.6,358.63,323.26,296.61,285.17
309.35,370.97,505.16,499.96,495.84,424.53,375.86,361.3,330.86,300.53,288.24,324.08
362.06,502.49,499.29,498.2,426.64,375.67,359.0,331.43,297.08,281.78,319.8,357.53
506.51,505.98,501.26,429.06,375.71,353.76,324.5,295.07,282.25,316.17,356.87,356.45
489.13,487.3,425.23,375.49,358.3,333.67,299.93,288.79,311.54,357.54,354.67,273.38
436.17,390.75,361.79,354.17,335.77,311.93,296.11,313.33,344.17,352.49,269.97,278.86
338.36,323.51,342.04,334.64,319.06,314.93,327.25,350.96,336.46,267.89,276.9,229.73
287.07,316.3,326.49,317.86,318.67,339.47,358.37,342.05,257.42,276.33,227.86,158.27
277.65,301.72,308.7,318.39,343.44,366.59,345.66,255.54,264.84,222.65,155.35,125.34
317.44,314.86,323.23,341.34,365.68,349.12,259.77,274.25,228.48,166.44,130.8,73.22
302.89,311.74,338.87,363.34,351.09,269.02,281.08,239.35,164.44,136.57,76.06,47.83
293.3,324.92,358.73,349.28,271.54,289.15,245.28,170.8,134.48,80.06,49.95,63.0
307.54,347.84,345.65,269.15,288.45,246.28,171.46,136.6,75.41,47.05,61.0,179.78
323.03,332.69,263.46,291.77,249.47,171.96,133.09,68.71,38.87,51.36,173.44,220.82
338.04,263.34,291.61,246.96,171.35,136.29,73.12,45.8,55.76,181.48,224.83,290.97
296.18,307.88,254.86,169.67,134.6,73.01,49.01,65.8,192.73,238.06,300.58,352.18
389.29,306.05,187.12,127.87,59.59,31.78,59.27,220.89,273.82,328.17,371.39,426.12
303.35,178.73,119.87,52.03,28.57,61.11,233.32,283.45,333.61,376.66,430.94,343.76
119.69,83.44,36.83,29.53,66.97,244.93,287.82,328.14,357.02,416.88,333.66,304.36
78.48,37.95,29.83,69.41,244.6,283.6,321.69,346.77,413.17,327.77,301.1,284.58
56.0,39.98,74.84,244.46,282.13,320.06,346.61,416.44,333.55,306.65,287.59,250.26
70.29,93.0,251.9,281.96,317.74,342.26,414.4,337.97,317.09,295.24,254.87,261.98
88.06,248.83,281.3,318.83,344.39,416.75,338.73,320.82,293.76,253.76,261.7,252.48
252.33,283.3,319.41,342.37,414.81,338.47,321.68,298.38,257.74,267.95,256.62,259.82
237.17,292.9,329.35,416.08,343.4,325.72,297.99,249.79,252.61,238.91,247.16,278.44
284.72,326.03,414.15,342.98,325.74,298.16,248.31,250.44,236.72,245.78,277.91,322.5
327.08,416.15,344.41,326.86,297.94,246.72,248.65,235.06,245.23,275.81,321.33,337.37
416.83,344.1,327.11,296.75,245.42,248.58,235.78,249.28,278.1,325.44,341.57,358.47
372.65,340.79,303.07,244.96,249.06,236.93,251.16,284.23,335.03,351.08,362.79,346.31
360.45,314.06,249.48,245.91,232.85,248.83,284.1,340.13,358.84,372.12,351.44,315.42
275.84,225.56,237.24,234.53,254.11,292.34,344.24,358.37,359.69,343.06,309.85,225.52
281.05,271.74,248.78,254.13,287.2,334.44,351.96,361.17,360.72,323.15,233.62,175.17
232.7,229.49,246.5,291.63,340.33,354.39,357.77,354.36,307.69,216.12,164.58,117.82
211.49,235.99,287.92,340.15,355.93,361.7,355.6,308.24,210.61,162.34,114.73,91.77
244.88,292.02,342.86,354.72,361.16,356.75,309.06,215.58,166.12,120.58,94.99,72.39
303.29,348.36,357.72,359.67,356.22,309.94,217.46,171.57,126.74,102.84,77.75,80.35
368.43,369.3,364.8,353.46,305.97,212.65,169.79,131.35,110.43,83.6,84.46,196.22
391.49,378.42,359.47,307.93,212.08,165.96,128.3,112.68,90.93,88.43,198.98,233.79
374.49,358.7,306.86,213.37,166.91,126.8,109.79,88.23,87.14,195.69,230.55,286.5
408.82,337.68,226.26,167.68,123.3,100.88,83.21,89.15,210.47,240.97,294.27,332.42
318.75,211.48,159.2,116.07,98.34,89.78,98.05,238.43,245.31,303.8,338.6,423.81
268.78,185.61,122.24,87.07,78.59,90.95,248.77,257.65,329.57,363.41,442.42,367.39
188.81,124.67,88.14,79.91,91.18,248.81,256.2,329.36,362.82,440.43,365.86,320.73
86.47,67.49,70.26,93.1,251.56,258.64,327.83,351.7,427.94,354.09,313.4,319.83
75.36,76.71,96.36,253.56,258.84,324.83,348.41,423.67,354.39,310.62,317.45,262.5
63.27,86.6,250.19,257.88,325.69,352.65,427.31,357.13,307.11,316.83,261.58,245.95
73.71,242.74,254.22,326.27,353.77,428.1,356.46,304.16,313.49,258.31,244.4,239.13
236.28,249.9,324.5,353.2,428.52,358.51,307.03,317.41,257.41,245.65,240.1,260.1
231.22,313.19,347.11,428.1,360.22,308.78,317.04,253.95,239.41,232.35,254.26,314.38
299.42,338.9,423.47,358.89,308.78,318.84,255.85,238.71,229.96,253.77,314.69,384.77
334.87,420.57,357.58,308.44,318.6,256.68,240.07,229.82,252.72,313.52,383.8,382.27
507.27,412.71,330.73,318.8,248.02,222.27,219.37,253.03,340.37,401.59,396.49,421.74
387.75,314.32,312.97,250.32,228.34,227.06,256.1,342.6,392.71,388.57,414.29,322.7
307.69,308.1,248.36,225.45,225.02,257.65,343.62,392.45,387.39,417.51,323.69,326.72
344.29,274.37,237.66,230.3,257.61,334.82,383.25,380.74,424.77,323.93,326.82,264.53
247.51,217.53,223.9,256.62,338.14,393.57,388.95,432.14,316.39,326.88,263.61,162.01
166.7,193.9,243.92,339.76,399.77,396.96,434.03,310.9,310.32,249.95,153.63,109.58
189.22,243.85,339.83,400.16,396.85,432.58,308.46,308.59,247.37,150.36,106.58,63.68
265.67,353.5,406.52,395.88,429.84,304.49,306.08,250.61,157.39,112.45,67.65,58.41
326.12,389.31,388.97,430.36,308.35,312.06,253.97,158.81,106.17,63.71,55.66,50.87
344.64,361.06,419.32,306.81,314.78,260.27,162.15,103.55,49.3,44.64,43.46,190.95
312.21,385.84,294.07,314.14,264.4,173.34,111.37,49.16,30.73,38.11,187.65,213.08
403.39,302.55,316.59,261.8,170.13,109.57,50.57,34.44,46.05,196.44,217.82,294.03
251.9,281.59,248.14,170.91,117.31,65.09,44.97,46.2,179.63,208.5,288.18,382.28
345.55,287.48,184.39,109.74,52.64,32.45,43.57,206.01,237.41,313.47,400.22,425.57
325.98,198.95,112.44,43.48,24.78,41.22,218.07,250.75,331.86,418.77,439.43,354.36
168.25,91.67,34.57,25.18,44.7,226.41,255.64,329.08,408.86,433.52,349.63,317.45
95.53,40.74,28.61,48.96,227.91,252.39,323.34,400.72,429.96,342.69,313.44,277.28
82.96,55.15,61.51,228.74,249.01,316.64,396.39,431.58,354.79,322.27,282.67,224.35
24.34,44.36,220.97,250.49,319.49,398.66,431.3,351.0,312.67,272.27,216.95,193.79
45.25,221.58,251.07,320.95,400.46,432.04,350.9,312.14,271.18,215.3,193.31,207.01
232.79,259.45,324.57,400.05,430.19,348.26,310.23,273.31,219.49,197.44,210.13,215.66
222.86,299.25,388.32,427.81,351.0,317.56,279.99,219.93,187.57,202.75,210.33,247.9
301.38,390.76,427.58,350.31,316.37,277.81,217.64,185.09,204.4,211.19,248.9,279.92
416.2,446.35,357.56,318.73,275.6,208.99,178.68,197.72,216.52,247.11,279.48,318.95
479.97,373.05,326.56,271.63,204.29,178.34,202.45,228.48,260.83,297.33,332.26,326.55
377.5,326.3,271.39,204.73,180.78,205.73,231.36,263.13,299.0,333.86,325.88,303.99
316.01,267.4,201.68,180.08,204.21,228.91,259.37,291.05,329.92,321.58,299.98,305.61
306.3,221.49,190.33,202.83,226.02,258.29,294.65,336.43,333.72,314.8,316.03,260.36
215.56,185.06,200.67,226.08,259.41,298.06,338.97,335.33,313.87,316.8,259.71,192.09
154.92,185.48,218.7,261.71,301.57,339.86,333.3,304.47,305.37,246.52,184.95,136.15
216.59,241.84,271.66,303.57,337.11,324.39,296.42,301.72,253.36,186.01,135.91,73.3
284.87,297.43,314.64,335.7,319.62,289.56,298.79,258.23,200.59,148.07,81.41,52.76
275.86,302.12,330.57,321.86,294.26,302.94,259.68,199.38,141.77,74.44,47.92,54.22
305.82,333.04,323.09,292.02,300.29,256.45,198.08,142.27,75.4,47.99,54.86,176.92
349.14,334.18,295.84,302.09,254.82,191.99,137.48,71.94,53.24,55.72,178.1,236.12
342.89,298.07,301.42,252.26,190.33,138.05,76.23,57.65,61.36,184.83,239.77,317.04
258.9,280.05,242.33,194.21,144.13,79.98,57.15,51.83,168.99,222.3,306.49,367.35
351.87,285.37,208.84,135.33,66.05,43.95,50.06,194.69,254.52,335.41,387.81,449.71
274.69,194.04,125.16,57.55,40.35,53.98,210.06,262.4,338.15,392.93,454.77,349.14
218.8,139.81,63.12,41.25,52.15,206.91,260.09,333.9,398.71,458.21,351.23,324.4
124.17,56.72,39.73,57.04,210.76,260.97,330.6,389.65,448.63,339.98,317.33,284.96
61.11,40.44,58.57,209.41,259.71,332.04,392.69,451.29,341.81,321.93,287.62,228.51
53.48,67.72,212.21,260.96,331.18,388.24,447.91,338.52,325.5,286.82,227.48,240.11
101.31,233.63,269.47,332.38,386.37,441.77,335.29,325.66,296.12,232.17,244.3,255.24
206.89,254.2,325.91,386.58,443.8,339.26,327.88,296.11,224.16,238.75,251.97,246.46
219.76,304.81,375.57,442.82,341.37,330.98,297.73,217.29,228.25,240.76,238.61,277.37
290.95,369.77,439.34,342.2,331.64,296.68,214.38,219.55,235.26,231.98,273.53,335.7
374.16,441.63,343.67,332.01,295.97,213.63,220.88,232.8,231.97,272.82,335.82,335.1
479.54,364.38,341.54,294.23,209.37,217.01,232.86,238.57,286.04,349.11,345.47,326.13
359.73,335.55,292.03,210.2,220.72,238.07,242.74,286.5,347.16,344.47,323.96,300.93
277.76,258.54,195.34,219.8,240.31,248.44,287.72,339.66,325.68,309.56,290.3,261.05
270.49,198.88,222.63,239.61,248.39,290.85,344.98,327.25,312.89,297.46,266.16,272.71
201.59,222.47,239.68,248.1,290.86,346.87,329.79,313.85,298.76,268.85,273.72,193.01
244.3,255.49,253.96,292.15,345.08,322.53,309.02,295.21,273.64,273.52,195.15,122.94
271.81,267.03,297.5,347.39,321.92,304.09,289.39,270.0,276.53,193.81,120.57,81.98
309.2,321.97,358.28,320.29,299.85,284.25,269.28,281.57,207.18,132.84,90.25,83.01
333.41,366.22,324.76,302.42,286.14,268.47,279.77,207.1,135.52,90.37,82.79,65.14
377.39,332.93,305.56,284.91,265.2,273.51,203.04,132.26,93.46,82.66,65.54,170.07
301.23,285.82,277.02,267.95,278.11,208.08,133.85,87.93,71.52,55.57,163.53,204.74
320.97,295.39,274.95,274.64,203.3,130.56,90.2,77.6,68.78,177.9,213.89,277.19
266.26,259.83,267.47,207.27,135.58,91.89,76.06,59.9,165.58,198.48,267.96,347.44
282.77,277.95,208.42,126.02,82.84,73.67,66.52,191.85,216.54,288.45,362.18,409.17
224.79,171.46,105.58,76.92,74.08,72.44,204.39,213.7,275.38,350.05,403.16,279.5
190.47,113.02,79.53,71.01,68.67,205.07,217.47,274.69,356.5,412.8,286.1,283.87
125.05,87.12,74.88,70.87,204.93,215.49,273.71,353.44,413.99,285.6,284.29,273.09
102.02,84.56,74.99,206.26,214.44,270.18,352.03,412.28,288.8,284.52,273.23,246.61
79.22,72.25,204.01,215.46,270.73,351.35,411.27,283.85,282.27,269.08,243.24,262.93
68.14,198.12,212.85,268.94,351.5,415.53,290.3,284.29,268.45,246.49,265.97,285.41
185.18,206.56,265.27,351.7,415.75,290.7,284.33,264.18,242.21,262.07,283.14,290.44
126.03,217.26,329.96,417.17,298.48,294.97,268.87,229.45,234.5,256.96,272.78,304.04
231.81,341.78,421.83,298.73,292.16,263.06,223.8,226.56,259.92,273.63,305.37,327.98
301.31,398.95,290.1,295.75,267.84,228.17,228.13,250.83,257.52,288.94,317.59,305.07
414.31,296.87,299.64,266.39,226.27,228.37,253.05,261.8,294.51,325.28,311.49,283.84
