33.16,44.47,42.66,54.59,87.88,89.01,90.22,94.45,96.25,131.59,80.04,84.93
33.35,39.23,54.57,55.3,75.8,78.85,88.19,104.07,109.04,75.31,93.95,73.92
28.71,48.93,50.19,58.87,63.7,95.75,95.14,108.49,88.72,68.97,56.44,49.2
55.29,54.09,104.29,60.51,95.55,104.3,107.54,71.93,58.5,45.68,53.93,54.28
46.75,67.65,83.07,79.63,106.84,115.02,91.66,69.17,54.18,54.57,48.15,41.74
80.98,65.0,81.23,89.54,110.29,102.12,78.99,52.31,56.51,49.4,39.31,39.9
69.59,79.41,92.16,123.21,90.88,76.93,52.49,59.35,46.47,37.68,40.43,42.28
101.07,90.08,106.13,79.26,63.71,54.84,53.55,44.29,47.58,47.65,64.76,49.0
80.04,103.01,82.92,62.69,45.98,60.05,45.69,42.99,43.91,49.07,62.88,56.19
80.24,82.2,71.09,60.58,59.2,63.36,65.69,62.07,64.38,53.24,56.06,51.35
80.89,75.97,61.81,54.69,64.04,66.82,67.94,87.58,56.72,43.78,37.04,38.07
49.77,62.35,45.32,57.91,84.27,93.49,47.11,47.46,38.12,45.01,42.53,35.92
48.45,50.2,49.36,64.47,72.8,57.31,54.78,35.65,21.4,30.69,32.67,23.0
44.87,44.83,72.74,49.35,52.53,64.22,36.05,30.72,28.56,34.61,21.44,19.27
33.3,54.39,54.48,46.0,49.36,48.39,33.9,16.9,26.16,23.24,20.9,21.7
35.54,49.95,52.66,24.33,33.04,29.19,21.04,29.92,40.79,40.56,26.93,24.48
25.08,28.42,35.72,34.3,35.89,29.74,26.89,30.33,33.2,33.61,28.84,30.49
30.86,29.28,49.36,42.06,31.48,41.47,34.75,26.1,25.6,25.31,30.81,38.92
55.44,25.34,25.75,29.53,18.26,20.1,41.37,42.57,53.15,44.5,44.69,48.38
46.81,28.47,24.55,26.24,17.49,14.28,31.04,42.43,55.17,60.12,41.86,53.39
40.41,39.07,11.81,51.0,31.12,39.37,70.46,62.78,49.08,65.89,79.56,71.74
70.93,7.27,46.91,42.07,41.54,58.58,85.78,62.36,66.05,70.14,85.03,85.1
46.22,61.79,57.71,99.25,63.62,93.75,57.3,74.93,66.51,67.25,72.75,72.32
55.4,22.08,57.03,84.28,70.33,65.41,77.81,62.58,78.11,62.78,75.9,84.05
17.35,43.32,61.59,79.26,76.15,75.43,85.29,97.0,130.71,81.27,58.75,48.58
41.67,39.02,43.07,58.14,65.37,68.7,85.72,110.44,82.09,41.9,33.98,40.57
40.76,45.17,27.31,51.55,68.35,53.15,81.26,63.03,35.27,30.91,36.54,32.77
26.5,43.21,38.03,49.79,44.36,62.14,71.17,63.9,38.33,35.98,33.69,29.95
35.33,23.77,50.53,47.16,39.46,54.22,52.16,41.43,29.6,36.88,31.98,33.31
28.58,40.97,49.35,59.09,40.87,59.73,40.6,27.95,33.85,31.23,39.27,38.13
46.66,34.21,49.25,43.42,37.26,49.5,40.68,28.65,34.4,26.02,46.92,34.69
36.61,58.26,62.9,45.35,56.16,50.2,33.08,43.17,30.59,46.07,43.08,55.3
34.7,58.33,46.65,41.32,32.26,37.19,29.24,36.43,46.28,52.17,57.77,52.9
39.16,47.64,38.87,40.47,35.75,39.28,36.24,34.93,44.16,46.45,45.79,45.8
29.35,39.27,35.8,40.58,34.68,42.89,36.21,38.69,49.15,41.61,46.76,44.36
27.95,38.56,33.34,41.86,29.1,47.01,33.32,44.94,49.89,45.39,48.43,47.36
26.52,33.36,41.37,26.46,42.56,45.3,30.11,40.91,43.83,43.72,43.49,41.7
25.73,24.55,40.48,25.68,43.48,48.69,35.87,46.7,35.49,44.33,33.49,35.25
25.55,30.23,32.48,29.37,51.59,49.75,43.55,42.76,38.32,44.22,33.47,32.4
19.88,34.82,34.01,35.64,51.96,42.69,49.67,42.68,43.94,41.33,34.9,47.16
34.69,40.47,34.68,23.03,31.84,36.46,36.17,32.17,33.62,32.64,32.73,33.17
33.4,40.12,33.84,32.08,30.41,33.71,33.17,31.77,32.1,31.0,30.59,32.96
26.37,35.4,40.34,31.91,41.93,32.46,37.05,29.63,31.81,30.31,31.29,33.22
23.13,29.94,35.66,39.69,39.09,44.52,40.16,52.57,55.5,52.0,56.18,54.42
35.99,39.97,34.65,34.45,36.9,30.28,36.89,43.98,54.34,48.83,47.22,46.26
35.03,38.44,31.61,31.45,31.25,37.13,38.32,44.83,57.07,49.89,43.7,38.99
37.03,35.08,28.52,29.39,32.39,41.25,39.61,44.04,52.96,45.13,39.84,39.39
29.17,29.78,33.28,33.15,31.91,37.21,40.3,43.33,46.67,50.15,47.95,41.68
27.63,30.26,39.01,43.05,35.86,36.9,44.83,46.87,44.02,39.25,39.81,35.34
28.17,35.12,43.92,44.73,33.5,41.53,41.01,51.64,41.58,44.03,47.82,47.56
30.48,39.59,41.88,37.17,33.98,36.09,43.94,40.47,42.32,39.52,46.86,48.21
33.74,38.0,38.18,32.82,28.84,31.18,39.17,42.63,35.93,41.37,48.71,43.99
32.61,38.95,31.84,30.5,34.07,38.59,53.61,51.25,38.4,48.07,51.72,46.56
29.79,35.96,32.92,34.34,35.65,43.51,56.48,49.63,41.22,48.38,49.44,45.65
38.32,48.89,44.82,33.45,24.08,23.94,31.99,31.13,37.04,37.17,36.44,40.03
38.11,36.74,36.14,24.34,23.22,35.01,31.46,34.65,35.83,32.21,33.98,36.76
33.27,33.5,25.99,29.96,26.21,30.7,40.13,40.41,34.17,38.94,40.57,37.13
34.68,31.82,34.68,30.16,42.29,40.02,33.24,38.65,42.77,43.22,41.36,42.6
29.26,36.6,40.53,44.35,46.87,42.35,39.93,46.72,43.75,44.48,44.85,46.95
33.59,37.1,41.56,52.49,50.25,42.14,47.33,45.57,44.85,46.61,45.46,48.25
31.58,33.48,35.84,43.32,50.48,40.89,44.86,46.04,42.44,44.14,42.38,42.21
28.36,33.08,39.94,39.19,44.24,40.28,34.1,33.42,36.11,35.41,37.14,42.33
25.6,32.72,40.53,38.9,41.52,39.27,32.09,30.8,35.8,35.29,33.96,42.48
43.04,37.39,38.09,30.25,41.86,41.65,36.8,34.92,32.46,31.21,39.63,44.74
35.56,39.43,43.81,39.08,42.8,38.92,35.75,41.62,40.17,43.71,46.1,70.1
31.64,36.72,46.46,38.84,37.01,39.6,41.06,37.99,36.41,48.94,72.65,59.13
37.72,36.35,42.06,31.0,34.58,34.6,36.46,39.57,26.92,55.58,72.17,66.06
41.55,39.23,38.28,27.9,42.8,31.33,47.33,42.07,84.81,64.14,66.99,75.04
32.87,34.66,38.61,28.98,30.38,37.08,55.42,65.2,96.65,82.01,83.34,84.12
34.49,50.62,30.34,30.67,35.83,43.55,40.43,84.15,77.83,82.29,82.71,101.26
57.3,50.76,42.55,62.09,50.49,62.24,70.4,82.5,86.15,84.91,87.67,108.95
60.49,77.72,54.8,74.3,61.8,80.45,74.69,69.01,73.99,86.97,106.47,105.75
53.93,78.02,53.51,73.63,56.96,75.66,73.16,66.08,83.09,111.52,97.45,102.29
64.3,65.88,70.95,77.72,56.62,79.18,72.0,56.13,84.04,104.24,74.94,91.27
87.79,77.3,94.55,59.7,103.24,75.7,62.72,97.23,84.13,77.42,96.49,81.03
77.91,99.95,74.13,69.25,71.44,79.42,85.42,109.41,96.19,60.95,94.0,63.83
84.38,82.85,79.74,69.46,89.05,119.96,112.44,79.35,81.56,57.44,68.89,55.74
69.94,71.13,80.0,87.56,120.3,103.47,87.49,53.57,63.22,66.06,57.81,40.73
63.75,66.95,141.66,100.41,98.81,65.3,50.66,51.91,52.62,41.46,28.4,31.76
75.2,96.1,119.7,81.13,51.56,47.86,60.21,36.44,37.97,49.17,53.84,35.45
92.62,63.17,85.7,47.03,44.66,47.63,26.25,37.79,68.64,40.88,31.88,41.96
79.9,56.4,35.58,41.22,38.94,22.48,36.53,76.42,33.02,31.62,24.58,34.44
87.33,33.27,44.64,47.37,24.57,33.52,39.55,48.32,32.5,50.31,32.0,54.26
62.66,32.02,49.07,45.45,26.65,34.35,51.07,44.06,35.67,50.77,41.07,53.77
36.27,37.62,46.34,27.94,35.69,46.33,41.02,56.0,23.81,29.81,30.6,44.31
42.55,27.72,47.45,30.0,37.71,44.38,35.51,58.88,28.85,51.88,28.18,39.33
32.17,39.92,42.76,43.15,26.22,58.76,26.16,63.68,26.44,46.63,32.68,45.19
36.8,41.71,43.14,34.6,41.2,43.44,38.12,40.01,39.56,44.74,36.78,51.4
36.94,40.84,36.12,27.37,48.97,32.33,45.82,15.45,48.33,30.8,48.77,79.55
38.61,39.2,28.74,29.56,45.99,49.1,28.89,22.79,24.81,55.85,48.0,88.98
60.05,11.15,23.73,26.37,36.47,30.12,39.73,55.76,42.02,39.2,68.3,93.87
9.87,25.86,36.89,33.96,33.25,45.85,62.87,70.02,71.0,64.47,56.99,73.4
26.45,19.72,36.3,22.3,31.8,50.1,63.1,52.57,70.75,79.56,66.83,66.5
12.29,28.19,32.83,25.53,52.12,81.27,74.92,70.16,66.03,74.33,65.08,56.11
45.03,12.98,26.74,34.21,44.46,52.21,44.86,69.65,50.48,74.01,60.3,68.4
18.16,30.14,35.84,38.86,49.25,71.94,83.9,86.92,94.96,111.43,92.56,92.16
26.39,47.29,40.55,57.18,84.14,95.17,90.44,97.53,115.93,144.09,100.98,90.17
34.66,46.42,44.5,85.08,99.4,84.29,96.86,124.11,141.76,102.33,82.45,89.0
37.61,60.13,95.48,96.17,97.42,108.38,125.43,146.98,97.46,91.09,71.29,59.2
92.74,89.52,85.8,89.32,114.23,143.98,110.44,63.58,77.94,76.48,59.23,56.23
76.54,103.32,92.14,114.54,127.83,122.82,83.39,69.3,71.46,73.68,53.5,53.84
101.84,85.89,109.04,119.58,137.1,83.64,71.67,64.08,83.15,55.55,54.34,54.03
90.16,100.78,117.97,144.28,93.54,75.08,59.7,75.84,49.25,37.73,31.56,29.18
101.77,105.84,143.31,83.73,68.78,66.48,54.03,37.8,34.49,33.03,45.46,46.31
112.65,119.38,104.89,60.27,66.97,65.11,57.16,46.64,28.46,66.67,38.84,29.97
116.02,84.72,62.37,67.31,49.13,36.63,32.49,28.34,41.63,48.08,50.88,41.22
82.89,58.59,53.22,44.81,38.63,36.13,30.48,46.05,55.06,43.18,60.65,45.58
44.64,44.84,33.93,31.38,30.47,22.37,56.31,49.69,39.25,45.27,34.31,66.18
63.07,33.28,31.96,28.21,25.28,41.32,54.45,41.01,48.03,43.01,54.27,48.02
44.09,27.67,31.22,22.78,50.88,51.81,39.27,52.22,37.74,44.65,43.77,41.23
86.29,37.46,41.02,31.19,44.79,53.56,37.95,52.92,48.21,45.66,24.0,21.61
47.75,37.82,29.32,34.79,66.11,55.97,40.21,40.12,21.43,57.08,59.63,49.84
42.07,37.24,36.92,51.04,36.38,45.65,35.14,68.83,48.1,56.0,26.93,39.96
39.18,35.53,43.24,36.01,52.95,25.46,49.89,34.95,40.12,26.4,45.19,79.51
37.36,36.94,75.37,45.14,48.03,36.14,36.8,47.05,46.82,37.48,85.61,108.1
45.88,46.24,68.04,46.54,23.91,36.84,38.26,33.74,42.57,99.73,85.7,80.55
59.52,60.39,52.16,54.88,40.32,58.62,48.69,76.62,73.81,94.13,92.14,111.42
63.55,62.74,39.99,79.95,41.2,73.38,55.53,73.76,89.18,105.32,97.24,109.58
76.6,61.57,35.41,93.4,70.67,72.81,89.88,83.93,86.65,101.42,83.75,111.39
51.18,71.74,42.28,51.59,62.2,78.97,101.46,80.72,103.52,104.68,114.16,114.75
44.25,51.91,68.79,55.54,72.95,109.56,68.06,109.66,113.86,95.47,128.02,74.07
27.74,73.01,65.15,86.04,99.17,98.57,127.69,141.57,125.82,132.19,69.01,46.25
54.76,85.71,89.41,88.37,107.93,145.18,159.89,156.99,118.83,47.45,49.56,48.58
70.11,96.63,70.03,109.72,144.81,165.7,154.87,118.24,60.91,44.73,36.11,52.96
94.58,88.84,115.06,137.16,160.41,145.79,124.12,57.27,49.99,32.42,40.02,40.14
88.43,109.2,114.33,140.25,145.18,137.61,81.9,58.84,35.93,33.78,47.18,23.9
98.67,100.45,123.93,127.28,138.02,99.78,70.06,41.6,36.8,46.27,29.3,31.92
93.39,135.1,127.72,119.61,86.84,63.32,53.41,44.19,50.94,40.08,33.63,36.28
154.7,123.74,134.71,104.31,65.94,50.52,44.06,46.82,44.18,38.95,43.1,47.65
99.57,134.46,108.9,68.97,48.23,54.52,50.47,35.72,35.78,26.87,49.92,37.58
117.58,96.3,72.67,32.17,41.87,47.22,32.02,26.39,30.45,61.63,43.87,40.36
57.07,104.95,57.59,35.85,49.9,45.79,21.17,42.87,58.5,40.42,41.49,55.58
78.34,66.96,66.24,32.89,42.8,31.49,35.14,47.69,37.46,30.97,48.52,34.28
72.79,73.16,44.03,21.67,33.46,29.94,35.92,35.51,35.4,35.34,40.4,38.0
63.84,47.03,58.24,21.87,41.11,23.88,63.28,50.2,64.04,48.43,36.24,26.75
41.33,57.65,43.49,57.16,50.91,32.9,40.55,16.54,34.14,29.62,42.06,52.58
43.5,73.73,29.11,55.83,20.42,41.48,36.14,39.45,31.57,38.94,46.04,75.67
57.32,31.67,22.75,18.94,29.47,17.67,28.79,33.22,49.83,57.16,63.13,57.82
31.92,13.81,22.0,23.83,26.3,21.0,17.81,27.48,47.99,42.97,71.52,48.77
17.29,23.25,22.03,13.97,16.2,20.26,37.42,57.21,44.49,61.68,43.14,73.19
31.46,26.54,22.92,14.26,23.24,27.13,60.21,41.69,95.47,81.52,90.86,111.56
31.66,17.44,19.82,26.07,37.84,48.65,53.18,65.61,71.66,52.25,82.07,96.14
38.03,27.13,27.26,22.74,45.93,63.61,74.46,77.52,81.15,82.02,119.12,88.88
25.72,23.51,32.01,49.7,57.08,83.76,66.3,77.49,114.12,107.91,101.05,71.11
12.28,32.05,50.9,79.75,89.09,47.62,103.52,129.91,110.84,103.72,60.81,50.21
39.47,41.57,72.43,85.38,57.87,76.52,111.48,116.41,116.61,100.5,42.48,47.51
27.5,71.6,77.72,61.61,90.01,112.59,121.26,132.11,89.56,47.71,42.74,38.26
74.98,73.89,91.63,84.74,120.0,143.4,109.78,81.19,48.34,49.99,43.54,35.41
56.87,89.92,85.66,116.03,141.67,103.68,79.29,52.51,49.21,43.66,40.63,32.66
89.38,72.38,111.96,126.14,109.12,85.35,46.99,51.73,45.55,40.62,29.24,26.96
68.34,130.38,124.33,113.88,80.77,42.27,46.33,38.78,32.21,27.76,31.47,28.14
111.52,99.29,117.57,71.32,47.87,44.84,36.03,35.19,33.76,34.35,73.93,57.26
96.87,50.48,58.97,41.74,33.87,36.77,33.6,26.91,46.25,38.43,29.08,28.21
89.39,57.42,55.42,43.35,35.41,50.83,37.33,40.75,57.91,28.63,44.2,50.77
66.14,51.96,50.69,35.57,35.06,29.64,41.55,77.55,39.62,45.4,38.5,36.38
49.92,45.21,40.37,34.16,31.7,33.67,64.14,56.34,34.91,48.55,40.74,45.94
42.04,36.92,37.36,30.98,25.97,67.42,67.75,34.67,40.71,39.72,39.73,30.19
43.56,33.2,33.66,24.39,72.29,60.03,34.56,39.87,29.32,44.18,26.72,34.2
33.82,36.2,21.94,69.66,57.75,30.79,35.69,38.37,30.51,28.78,27.62,24.86
30.31,27.39,77.73,43.88,38.17,38.12,33.52,35.71,21.76,29.68,20.88,37.47
33.5,73.64,40.76,32.56,28.43,49.7,46.81,35.64,32.92,21.1,43.76,56.88
84.54,44.82,33.93,43.36,34.63,33.71,28.37,22.97,26.96,31.43,55.74,59.23
31.41,35.42,45.29,47.58,44.62,35.66,38.13,24.18,43.16,43.39,62.63,62.95
21.95,34.85,30.8,31.92,24.31,34.1,23.44,50.51,51.35,65.2,47.25,80.53
27.5,39.03,25.77,19.94,19.41,30.76,47.03,42.79,66.68,90.45,78.57,93.86
33.81,37.89,32.71,19.81,29.67,60.82,44.93,73.74,65.04,47.0,57.78,95.09
25.1,35.84,33.98,21.5,47.12,60.09,68.56,64.64,67.18,95.22,61.37,62.29
25.27,36.86,42.97,19.74,61.44,66.3,88.32,54.8,101.51,65.81,54.16,39.43
21.2,34.45,25.9,29.82,76.06,85.08,44.88,90.46,71.72,45.37,29.81,36.76
23.35,33.44,67.0,54.02,41.31,85.35,85.83,41.08,33.09,36.75,26.71,26.24
30.62,33.21,83.26,53.58,69.81,102.81,51.0,46.64,36.06,38.4,33.8,23.16
50.5,81.75,47.08,76.31,110.18,53.49,48.45,39.87,24.82,29.82,23.96,20.98
57.7,73.83,56.94,101.09,82.75,39.81,31.2,30.54,20.32,14.02,20.39,26.13
64.38,73.95,69.23,86.6,43.67,39.47,36.46,24.14,21.6,15.36,28.19,34.09
81.98,67.05,64.92,54.02,43.32,31.42,28.59,19.91,21.11,21.13,29.89,29.61
79.42,61.26,61.38,40.78,35.26,33.03,33.08,31.47,39.22,38.63,52.6,78.22
50.27,54.09,47.12,38.05,33.79,34.32,36.84,45.13,37.8,47.58,73.77,37.62
46.53,56.96,45.45,22.3,39.84,40.01,30.48,28.91,37.11,43.17,34.67,30.88
38.4,47.58,29.85,27.19,30.95,30.02,31.81,46.48,44.85,30.79,26.83,30.78
49.21,38.72,29.9,28.8,32.69,34.08,47.18,50.54,29.12,22.18,32.17,44.2
33.74,31.92,26.21,30.05,34.82,52.16,80.24,22.94,16.86,23.6,50.09,24.08
31.28,29.96,42.82,41.41,65.21,58.31,30.09,19.57,23.67,25.96,21.49,21.64
43.93,41.37,34.53,30.21,56.68,60.54,20.84,8.43,20.85,16.03,14.58,23.19
39.12,43.15,30.81,35.9,62.64,37.94,34.12,30.56,30.42,19.94,18.54,23.96
27.69,49.9,32.25,58.2,45.43,55.87,35.63,25.13,25.61,39.99,21.3,28.28
44.29,34.95,34.62,16.3,16.39,25.64,32.88,25.81,32.21,31.76,34.58,36.77
40.65,41.06,55.65,29.24,37.34,60.16,45.34,10.27,13.43,14.46,32.4,31.35
35.47,61.91,61.2,32.85,43.9,35.51,29.9,16.48,15.67,22.57,26.54,24.87
36.87,58.6,44.36,37.57,45.0,31.83,19.24,28.08,32.43,20.44,25.17,29.38
40.82,54.35,41.63,46.84,45.83,24.75,14.59,25.21,34.47,21.5,28.92,30.26
29.91,44.18,34.06,47.99,42.47,25.96,21.44,25.99,31.87,29.28,30.37,31.42
47.74,29.91,13.91,15.99,24.97,39.21,46.62,49.5,41.24,34.73,44.42,45.28
28.57,11.77,11.28,21.33,27.69,39.49,40.41,34.13,36.0,31.25,25.37,29.02
28.47,12.13,14.08,32.91,32.72,27.49,35.42,39.83,29.29,30.6,28.78,27.36
32.61,14.9,14.88,27.69,31.62,34.78,48.91,37.83,30.85,35.12,30.26,29.17
25.16,22.21,16.75,31.19,46.74,62.89,65.13,50.32,54.69,59.86,59.1,56.95
36.92,34.76,45.56,61.25,69.31,61.9,55.7,59.9,62.03,59.51,58.33,59.3
34.44,45.37,64.12,76.69,49.73,44.08,54.44,56.85,55.22,53.35,55.47,57.0
54.53,53.01,54.41,52.09,61.28,57.08,45.59,45.4,48.36,48.41,48.63,50.34
42.64,47.82,49.99,53.46,60.26,49.15,43.77,48.94,51.22,48.89,48.97,48.45
51.19,53.76,53.23,50.42,49.7,57.14,57.25,52.96,50.81,51.87,51.34,49.42
49.17,50.84,50.61,49.29,57.01,55.68,55.69,49.77,50.99,50.08,49.36,45.47
54.2,44.61,49.31,60.92,62.67,49.77,41.05,43.38,47.13,42.43,41.19,42.19
44.08,47.31,47.05,56.62,65.43,53.52,46.91,43.5,46.35,44.21,41.06,41.61
52.93,52.32,46.66,60.85,61.3,54.75,50.47,50.68,50.96,50.93,47.89,45.98
54.99,51.39,46.75,47.44,55.26,56.07,53.82,53.43,50.73,49.77,48.53,47.65
51.43,49.52,49.92,46.76,54.5,57.62,48.97,52.14,46.15,52.44,52.58,56.12
50.98,48.62,54.76,50.36,46.79,57.65,55.59,50.13,50.05,51.4,53.94,55.19
50.23,49.65,55.14,39.17,50.93,40.84,43.83,49.05,47.43,47.14,49.83,53.33
48.23,49.64,60.22,35.79,46.39,38.2,42.48,46.88,45.16,45.49,51.69,57.33
52.39,48.01,61.7,45.5,49.97,35.04,35.51,35.95,47.19,48.4,46.84,63.75
58.27,52.92,58.13,41.84,47.01,39.41,42.95,54.51,54.62,54.0,58.61,61.3
56.81,62.06,66.28,49.38,50.65,49.93,51.01,56.62,60.96,60.47,59.89,60.57
64.71,65.88,56.6,45.96,36.96,31.88,35.72,43.26,44.42,39.28,38.39,40.56
47.21,71.55,45.5,47.52,33.62,35.59,42.59,49.29,40.62,39.42,39.64,36.79
71.36,63.74,50.87,44.95,35.77,33.51,40.17,45.12,37.65,38.24,40.92,37.38
46.73,67.83,46.27,43.55,31.44,36.4,45.22,47.1,40.27,42.4,40.03,39.91
69.21,62.53,50.69,40.89,31.27,37.31,48.31,46.21,42.88,44.51,43.44,48.09
53.72,66.86,51.61,40.69,28.75,41.08,55.72,46.93,43.57,52.36,49.31,41.22
65.43,64.57,54.86,46.0,32.89,41.19,57.49,51.83,42.91,49.44,50.78,40.84
64.82,66.73,58.24,49.04,38.66,41.85,67.61,64.44,50.93,54.18,48.17,43.17
58.97,65.73,54.54,47.72,35.75,51.24,72.22,65.41,64.54,60.28,52.87,45.96
64.52,53.76,50.93,45.49,37.68,58.07,75.94,63.71,69.92,66.4,53.86,47.94
48.99,50.29,48.38,43.36,41.47,71.31,82.14,65.52,72.34,70.58,53.13,45.94
69.56,47.66,52.47,43.78,48.24,74.03,83.93,66.34,72.58,74.04,53.0,45.04
41.34,58.57,50.18,49.45,48.37,69.76,77.73,65.82,76.76,66.62,53.14,46.57
74.07,51.57,59.79,53.49,59.78,71.01,86.1,71.16,69.86,59.13,56.26,51.09
58.76,49.85,59.84,46.8,47.55,66.94,89.77,60.78,60.8,81.79,65.55,46.02
57.54,57.25,51.01,54.59,56.1,77.3,82.8,74.51,74.06,57.44,48.07,44.56
42.34,58.3,47.05,47.89,54.51,79.07,71.45,70.89,82.73,60.78,49.81,46.9
74.6,53.56,65.12,54.22,96.92,97.84,63.22,50.62,89.16,100.34,86.65,51.71
54.35,59.5,60.3,100.27,119.66,39.62,41.09,71.85,100.13,64.86,46.12,77.9
47.97,68.89,81.03,133.84,66.52,36.65,60.49,87.17,26.81,38.96,45.91,64.18
46.28,87.88,119.32,102.67,62.2,45.2,89.59,96.58,33.14,25.57,55.46,46.37
58.35,100.29,149.73,86.33,41.39,72.52,111.4,50.33,36.76,40.57,52.07,73.58
47.79,115.46,139.83,80.02,35.33,76.37,124.66,54.23,42.49,47.25,52.4,65.52
64.33,106.63,142.88,70.94,34.33,77.59,128.38,51.54,45.78,53.06,52.83,69.74
48.95,122.15,130.46,65.5,32.63,80.36,126.82,53.0,46.32,52.35,52.21,61.81
64.73,96.72,126.52,54.38,44.11,79.71,96.14,63.77,39.26,45.62,51.8,45.15
46.79,106.82,111.16,58.91,50.25,77.39,84.28,69.8,44.87,42.99,49.13,43.47
63.6,93.38,112.5,55.47,58.94,76.36,84.83,68.71,50.25,42.54,40.97,42.64
50.27,102.12,103.42,60.89,54.91,77.64,81.91,72.42,53.17,55.35,42.17,33.99
61.78,93.52,112.83,57.12,53.99,73.0,89.87,65.28,51.56,45.68,40.64,41.61
56.47,86.37,112.34,61.02,45.43,75.0,92.17,63.22,37.46,41.81,40.88,53.63
76.0,63.13,75.99,87.39,54.31,94.75,70.45,43.28,34.53,20.21,72.43,75.24
95.53,48.13,93.98,81.15,55.95,69.02,51.04,48.14,37.77,64.66,76.37,53.07
86.78,65.51,113.57,80.62,62.85,67.32,56.8,43.94,38.14,68.87,82.24,54.3
77.44,77.46,118.14,80.23,56.99,73.07,52.36,40.89,33.74,58.76,97.41,68.37
96.95,61.64,102.61,75.98,64.24,62.57,47.5,37.19,43.91,87.94,86.9,45.57
110.4,65.7,123.98,87.84,52.03,53.14,43.15,31.06,71.77,89.76,66.77,60.58
86.02,63.21,102.3,70.59,54.79,44.21,38.04,37.85,65.58,106.34,44.69,46.79
62.14,93.92,86.59,52.52,65.38,58.38,27.59,33.02,49.8,82.18,80.47,68.02
70.62,94.82,117.88,49.25,55.6,43.13,39.27,41.26,56.93,107.57,68.09,65.52
82.35,73.11,104.49,64.27,36.79,50.33,42.93,50.35,93.0,73.26,48.79,42.24
100.24,48.86,82.37,38.89,35.53,42.6,39.62,83.12,110.34,74.67,52.83,49.59
60.52,74.29,45.85,37.37,42.75,29.99,66.02,133.78,95.84,52.84,50.01,73.76
77.15,60.55,38.66,36.09,40.72,40.33,81.69,137.27,98.99,37.53,59.32,70.84
53.63,75.62,28.32,40.48,35.58,52.27,87.24,134.34,79.91,28.96,61.66,69.1
75.81,48.89,36.55,35.55,43.61,62.62,138.04,96.21,44.7,48.8,92.12,84.64
48.28,59.95,31.7,56.59,62.9,130.19,98.9,42.98,40.64,96.12,106.05,81.14
56.74,57.56,39.92,92.21,114.76,86.26,30.08,42.38,93.24,100.75,90.87,57.64
57.97,59.38,53.78,117.87,88.93,57.45,50.17,115.27,90.58,42.82,45.19,76.47
54.94,76.7,70.21,118.26,57.8,61.69,85.96,119.98,71.34,50.14,77.08,100.37
61.15,111.74,133.51,88.32,30.93,85.58,139.13,74.18,59.0,85.2,94.28,65.53
66.11,127.53,131.81,107.86,48.58,101.65,129.01,80.82,65.91,94.09,74.55,57.76
72.05,107.29,147.2,105.94,36.3,98.78,134.33,81.79,70.15,92.24,73.07,70.12
59.78,128.62,130.99,109.97,47.4,106.74,132.42,89.14,67.43,97.56,73.47,70.13
71.22,124.21,131.27,101.36,47.77,110.77,136.64,86.9,68.0,98.3,71.68,71.03
65.65,138.07,126.1,107.16,55.86,130.57,128.44,83.89,81.17,100.42,68.83,69.34
99.57,99.17,119.7,91.76,97.32,124.11,90.43,71.34,94.77,75.57,77.47,72.67
104.38,55.02,124.61,153.44,123.67,60.44,104.83,71.24,72.12,74.17,53.27,52.74
64.42,107.0,154.18,112.38,65.58,103.87,79.39,80.42,77.39,65.26,62.59,57.16
92.58,70.57,143.15,139.04,71.99,93.6,87.96,67.43,79.89,58.2,56.7,54.83
114.71,69.0,145.52,124.7,62.24,94.05,73.65,67.26,66.51,47.78,50.73,51.25
82.48,88.33,153.16,131.88,64.93,96.75,79.75,65.11,72.98,50.92,52.02,51.43
77.24,93.98,159.4,109.77,68.89,93.34,77.12,69.38,67.41,55.64,55.04,57.87
55.73,112.67,143.28,128.05,53.76,88.31,73.03,62.39,58.63,62.83,67.29,66.02
72.31,118.56,127.18,94.28,83.04,99.92,64.69,60.32,64.04,52.06,61.56,59.12
66.62,132.31,107.23,51.71,84.78,118.91,79.09,57.5,59.09,54.69,45.82,63.12
63.19,154.92,63.96,39.0,55.87,104.09,72.92,57.88,42.59,57.84,53.63,86.0
44.32,113.21,75.75,26.24,78.27,97.61,56.48,37.63,58.43,40.73,69.06,101.86
51.23,105.67,73.7,89.48,82.73,64.25,34.1,27.46,54.59,57.91,98.02,82.69
41.61,47.46,76.04,79.39,89.86,72.65,34.3,39.33,47.66,70.71,93.55,71.72
46.11,60.45,100.62,86.55,80.19,69.91,44.2,61.54,61.93,117.94,88.96,104.65
37.08,71.72,86.93,69.1,50.78,69.16,47.21,77.74,88.26,81.84,96.22,99.69
56.36,51.67,67.15,51.79,38.22,61.58,72.34,94.34,78.87,71.97,104.31,104.27
30.66,52.63,35.26,32.88,85.07,69.72,94.93,85.54,64.46,80.85,101.3,97.02
38.07,38.27,61.76,90.57,85.5,98.29,95.96,74.38,85.56,97.03,125.75,105.49
44.16,53.85,68.19,93.62,86.5,91.84,96.26,95.07,111.02,121.95,87.5,44.5
46.22,61.45,93.26,78.66,94.0,107.6,111.9,116.57,99.65,72.38,45.38,54.67
41.68,85.51,98.89,71.98,92.55,116.68,110.96,86.48,74.17,51.19,44.33,38.51
82.39,83.77,95.98,97.0,138.15,123.22,106.37,51.73,54.89,40.41,34.34,25.02
69.6,89.32,103.96,126.82,136.16,113.39,55.92,62.01,40.44,39.75,34.62,27.81
93.17,93.72,125.62,115.11,113.28,64.15,55.96,48.3,49.14,42.07,36.59,44.91
68.74,123.25,114.76,110.48,65.03,56.21,47.64,47.66,38.82,34.75,41.17,59.1
123.81,108.86,95.45,61.81,46.3,46.83,51.1,42.56,34.55,28.66,54.01,43.89
86.86,86.65,63.05,46.77,37.14,47.26,36.07,33.38,40.91,58.12,29.09,48.34
113.2,48.96,48.15,40.48,37.96,30.33,25.26,49.1,79.57,32.44,35.06,27.8
47.93,33.63,39.27,35.16,21.32,27.7,45.22,77.23,34.77,40.05,28.14,53.14
36.59,36.68,35.5,23.92,25.43,44.41,90.72,35.03,28.48,24.28,31.38,21.8
27.72,39.52,33.22,21.4,57.03,71.05,33.67,32.89,19.68,33.01,23.57,33.41
28.99,33.7,32.26,30.86,83.26,44.98,26.58,35.35,21.42,29.24,10.35,20.42
23.2,32.28,35.07,71.05,59.15,26.66,39.61,25.65,31.14,20.03,21.33,15.74
24.51,29.96,58.92,60.37,30.61,37.84,32.63,33.25,20.46,26.14,19.41,35.5
36.14,63.39,70.37,43.51,26.25,39.16,35.77,36.63,28.56,29.67,20.15,39.16
46.37,66.74,49.24,29.52,41.54,28.6,52.76,24.17,45.04,29.12,67.17,70.73
75.1,50.22,36.98,33.09,39.21,31.26,34.78,35.53,33.64,51.18,67.44,73.09
35.45,23.37,21.75,29.41,30.06,22.02,29.61,31.25,82.88,70.73,65.85,86.02
23.7,18.05,20.0,26.48,35.78,26.78,35.23,67.58,75.88,83.88,89.6,102.99
18.53,18.85,27.93,22.02,15.75,40.39,51.67,82.73,69.81,94.79,139.75,97.28
27.26,21.57,36.78,25.56,43.97,66.2,82.37,74.82,111.55,105.41,98.99,81.92
30.69,42.07,30.07,91.23,65.04,81.41,78.43,83.47,110.04,86.41,85.37,53.6
35.82,44.87,63.78,87.78,53.73,86.43,80.85,116.4,86.33,55.29,47.43,45.39
30.16,46.82,91.44,60.47,72.56,113.64,118.19,89.15,70.23,43.92,38.73,33.03
58.51,94.4,47.17,89.68,133.54,148.22,115.07,79.33,44.3,44.24,39.0,28.48
79.4,80.13,78.17,92.39,120.12,121.24,110.66,57.76,52.53,49.28,48.68,40.37
63.44,91.32,90.7,108.13,114.12,95.88,61.88,49.56,45.34,52.64,34.03,27.33
88.0,74.72,116.43,106.13,101.4,73.93,51.36,45.86,47.92,48.23,26.47,26.48
86.23,118.51,129.31,105.05,60.38,45.51,49.21,34.82,24.58,23.63,31.88,57.73
97.93,136.78,96.35,52.25,36.32,36.22,38.44,29.34,25.23,25.51,58.69,58.76
132.88,89.69,72.39,39.82,34.2,32.14,31.95,25.36,22.7,63.47,49.43,40.02
81.2,52.54,58.26,41.55,38.98,33.49,28.7,31.22,68.19,45.22,44.82,40.67
58.96,49.2,35.36,37.43,32.58,24.57,45.84,70.42,37.21,44.12,36.8,28.93
60.89,47.58,45.34,44.52,31.58,29.98,52.46,72.11,36.24,47.35,36.52,39.84
31.79,41.96,31.79,26.78,24.88,76.64,58.09,39.11,38.64,47.23,36.97,32.61
42.59,37.18,35.08,20.67,47.49,75.1,45.07,38.5,31.87,40.73,31.4,33.66
31.12,43.02,24.41,38.65,75.39,43.65,38.17,34.94,48.18,25.87,36.27,22.08
36.26,35.71,42.76,67.34,35.1,41.09,43.39,42.04,25.57,26.94,23.57,16.78
25.12,45.58,66.98,38.7,46.37,39.41,30.18,26.39,23.39,23.37,29.98,48.82
42.97,51.65,42.92,33.72,38.51,53.06,68.39,29.22,28.76,48.38,58.8,84.27
67.67,54.75,34.53,50.63,33.0,56.58,37.89,32.65,38.63,39.35,59.89,51.81
59.01,56.47,36.84,42.29,39.64,42.55,37.62,28.06,41.0,41.56,44.01,56.83
30.53,56.59,40.7,59.1,51.03,40.48,21.27,42.32,52.53,65.75,54.83,45.52
36.67,47.5,43.35,58.79,52.14,41.5,34.29,32.76,48.2,64.93,47.03,70.85
32.57,50.32,43.37,45.13,65.05,47.66,48.94,61.39,81.18,52.09,40.24,42.53
41.8,39.29,38.94,29.34,49.52,44.97,58.8,55.28,59.72,31.39,26.23,30.26
30.0,31.96,32.88,32.58,56.34,54.65,57.5,64.58,33.7,33.76,23.17,35.89
40.39,48.38,55.87,76.5,50.4,69.19,44.46,35.72,36.88,32.7,28.31,19.66
36.28,32.52,49.02,62.75,48.66,60.74,27.23,26.34,38.68,24.84,22.55,22.41
30.64,56.85,44.25,39.65,63.61,65.03,30.71,32.39,33.66,20.35,24.95,24.89
54.53,50.47,17.51,60.77,41.33,32.71,50.77,17.77,26.66,19.02,32.36,41.45
59.45,31.68,25.2,36.17,33.99,36.1,45.4,40.83,25.52,35.32,30.96,33.42
48.68,20.03,28.23,34.69,36.28,32.74,36.53,36.54,31.64,24.17,32.38,33.5
53.08,34.99,29.44,46.55,37.86,36.45,21.36,22.5,35.63,22.88,26.09,20.73
51.0,41.1,38.23,48.61,31.01,36.53,24.1,25.83,25.07,26.19,24.34,17.66
34.79,42.02,35.99,29.69,30.25,31.94,31.52,31.87,29.5,31.0,28.04,35.8
45.74,54.56,26.7,31.68,24.86,24.97,17.11,16.7,26.52,37.5,22.96,33.41
38.91,34.62,29.66,22.54,21.54,22.24,25.52,24.9,24.59,33.97,32.8,27.3
28.41,33.92,27.26,19.53,14.46,19.47,29.24,27.43,29.79,30.42,23.35,35.97
39.83,30.07,24.14,17.55,11.95,20.08,27.35,30.93,37.56,20.24,28.88,31.46
31.26,36.4,22.91,28.22,21.83,23.28,16.94,19.35,27.91,34.07,24.34,37.5
34.57,26.96,30.74,33.6,15.2,16.0,17.02,18.51,41.33,56.16,21.68,45.54
21.72,25.1,24.25,26.1,8.09,17.28,17.81,25.78,56.94,40.61,31.47,53.12
35.89,18.61,32.32,21.47,8.13,14.86,24.24,56.32,36.42,26.98,54.45,38.59
32.3,13.69,32.12,17.55,12.73,16.89,37.29,53.93,20.79,45.79,43.07,37.06
16.47,11.92,22.95,22.18,18.81,44.9,40.34,21.87,42.07,44.19,36.24,36.73
13.53,18.34,25.56,27.96,40.92,53.02,30.53,43.43,47.0,37.21,32.68,44.4
17.03,23.75,29.26,31.22,22.64,35.44,28.34,20.74,25.65,25.88,25.72,29.9
6.02,23.95,21.35,37.94,51.96,38.55,27.99,42.96,30.34,21.63,30.39,25.24
14.84,32.1,30.76,48.44,42.3,43.29,45.69,32.77,32.5,27.15,32.38,34.29
20.24,14.73,23.99,49.67,57.03,34.08,47.76,38.03,36.42,28.3,38.16,36.47
16.5,27.01,44.19,58.11,31.68,43.32,37.09,38.63,37.97,29.19,31.62,33.65
23.69,34.27,39.36,42.19,28.55,36.94,28.51,34.59,30.79,36.3,39.32,41.17
43.9,34.44,39.72,29.69,36.33,32.19,32.33,33.04,31.55,31.9,33.83,37.28
42.35,34.0,32.08,28.3,31.16,30.03,33.34,33.79,34.41,34.84,35.72,36.52
29.25,33.18,29.78,31.24,32.09,33.14,30.59,31.12,31.17,34.7,35.08,34.53
27.04,28.79,33.09,39.11,35.46,33.67,28.6,36.88,27.68,42.98,22.44,46.25
26.23,36.99,33.95,35.86,30.17,29.73,29.44,35.88,37.31,39.02,38.82,37.25
24.59,31.52,39.21,30.36,29.64,30.01,34.59,36.38,38.64,38.15,37.93,35.8
20.51,42.17,35.11,31.65,34.05,31.63,33.06,31.68,38.1,37.69,37.04,35.6
33.63,35.13,39.02,31.63,36.91,31.78,29.89,31.36,36.22,35.6,36.71,39.81
30.52,37.14,36.69,31.9,37.06,32.16,30.8,30.66,35.37,35.41,36.42,38.26
40.95,31.16,38.6,27.09,34.12,28.43,31.79,31.79,35.53,31.4,33.94,36.68
29.82,37.61,28.71,32.53,33.64,30.04,32.96,36.81,33.01,28.07,29.92,27.61
37.11,32.81,33.27,28.26,31.55,27.7,35.15,33.76,32.48,33.86,32.44,33.39
35.64,21.55,30.1,30.8,31.03,24.61,24.03,20.24,27.9,26.94,37.4,29.36
17.81,27.4,24.22,36.63,31.88,28.89,24.42,22.92,27.2,30.81,32.21,34.01
27.08,27.88,26.49,29.22,30.55,24.72,27.72,21.86,35.84,28.45,40.8,27.81
20.1,33.31,32.37,25.2,28.19,30.04,32.0,34.87,33.72,29.04,35.5,29.55
28.72,27.84,32.09,31.17,29.16,26.04,29.19,25.15,33.6,34.95,30.3,34.14
30.03,27.74,29.79,34.76,22.84,29.86,19.67,30.82,21.58,38.66,35.3,47.59
32.83,22.75,34.82,33.11,28.38,27.05,23.59,24.62,26.14,33.23,34.92,34.53
27.71,27.87,34.17,31.95,31.42,27.43,29.62,30.65,33.23,31.69,33.44,36.61
34.96,24.71,38.43,35.89,31.17,30.89,31.85,34.01,30.78,31.86,33.89,34.91
24.14,29.6,36.0,38.2,29.08,32.88,30.42,36.83,30.95,33.78,33.88,34.84
24.96,26.69,31.65,37.83,30.13,32.21,30.99,32.07,30.8,38.17,35.85,37.86
18.92,29.64,25.18,32.13,27.88,30.01,31.26,33.87,31.9,37.36,34.15,37.79
19.37,22.86,19.2,27.63,29.88,25.18,26.68,26.87,27.46,27.36,26.69,28.31
15.87,25.79,17.05,26.82,24.87,24.16,30.13,31.06,31.61,29.24,26.52,26.36
27.63,24.82,22.32,30.62,24.4,25.0,34.76,30.24,34.97,30.06,32.46,27.59
23.6,21.13,23.0,30.36,19.98,25.1,30.52,30.68,31.79,21.2,19.52,23.59
27.09,24.63,27.78,33.0,32.84,27.93,29.88,31.17,32.54,30.31,29.34,32.69
37.04,24.03,30.17,23.16,23.88,18.24,21.42,22.44,17.18,19.52,33.54,28.19
24.89,32.16,30.8,22.05,25.43,29.39,22.17,20.41,17.99,15.94,24.54,40.24
25.42,22.21,30.62,13.38,22.86,43.57,31.22,22.42,22.54,13.79,11.35,15.99
18.21,22.8,22.06,19.7,25.31,30.0,18.29,25.14,22.28,16.04,25.04,30.15
25.37,20.15,24.28,23.7,32.66,34.44,25.37,23.34,19.44,21.8,20.71,16.77
21.75,22.53,24.96,22.98,33.0,36.63,24.37,22.63,20.23,18.51,17.88,14.44
31.68,29.45,32.54,17.92,21.17,38.61,34.26,27.14,19.35,20.71,13.51,17.79
41.73,43.72,51.38,35.59,40.89,39.7,34.08,25.27,37.89,36.31,51.7,61.96
39.94,41.71,47.7,37.37,48.32,52.41,33.76,25.81,50.47,63.26,65.14,81.3
31.7,39.24,54.48,38.49,38.48,41.89,47.31,40.3,48.16,47.44,63.95,69.83
48.56,36.61,64.99,55.2,42.91,62.75,70.03,70.57,45.13,37.43,51.12,45.07
39.57,39.5,55.92,43.94,44.24,45.66,50.0,61.08,67.0,63.97,102.84,113.91
43.6,35.43,52.05,41.64,43.09,42.66,50.85,74.35,84.59,88.31,110.21,124.83
40.4,30.68,40.28,47.92,37.25,44.99,56.01,81.89,82.2,93.07,121.91,95.83
42.65,28.22,40.79,55.98,43.72,48.49,58.99,65.96,87.97,88.71,101.29,86.53
35.03,27.45,39.83,37.09,34.43,45.43,42.83,68.52,71.32,78.95,88.55,116.56
37.26,26.29,30.19,27.49,35.71,44.82,47.66,63.85,70.27,88.49,70.68,127.39
51.01,27.26,37.86,46.34,54.16,71.88,57.78,77.59,86.81,72.46,101.29,84.5
50.59,40.29,61.29,73.94,69.21,78.27,73.05,81.57,78.81,72.87,82.1,74.53
45.69,56.47,64.02,62.37,50.17,52.55,68.16,69.12,73.53,67.97,47.57,52.48
72.79,42.34,76.56,80.94,46.11,39.32,50.13,65.9,82.06,61.1,48.51,45.78
53.77,59.32,79.53,80.26,43.98,34.47,85.67,101.77,41.01,40.19,37.94,21.1
63.86,60.28,72.32,84.58,89.94,94.43,60.09,63.68,47.02,46.91,31.52,53.91
52.93,74.6,91.04,62.87,59.94,59.7,39.54,23.19,19.7,65.95,34.82,33.82
75.54,55.44,71.96,50.9,51.05,40.77,41.58,43.77,63.55,56.83,49.13,66.24
92.52,58.45,59.16,42.05,33.51,33.52,38.5,65.79,49.56,34.29,44.36,30.99
82.41,46.31,44.42,23.51,30.31,34.11,63.18,34.25,25.89,55.62,51.8,94.45
55.25,40.43,27.74,18.26,27.31,53.58,42.11,30.18,57.12,53.29,93.57,50.42
50.17,29.87,29.39,19.34,41.88,70.71,38.43,42.36,55.21,71.32,79.27,65.2
54.15,26.36,25.37,19.24,51.32,46.97,29.23,61.16,38.95,92.73,33.59,53.68
42.23,30.23,21.5,31.17,57.08,27.16,43.85,28.65,85.65,44.82,52.92,26.5
36.55,25.74,55.22,28.63,48.56,37.34,67.99,75.64,79.24,55.95,38.77,29.11
24.19,46.93,62.29,32.08,48.15,30.21,78.0,63.45,60.77,35.35,52.55,66.92
36.2,55.0,31.88,48.97,25.21,77.06,55.45,56.3,34.39,55.01,64.98,69.97
60.61,20.04,61.85,31.78,86.79,48.55,60.01,43.16,37.22,57.43,85.85,101.69
39.51,61.42,88.29,62.28,35.95,47.84,29.99,54.6,66.33,83.76,86.07,68.97
64.28,21.79,72.95,35.49,27.95,41.67,57.4,57.36,78.3,102.27,91.48,93.3
35.29,50.76,55.42,31.85,42.38,39.72,49.16,71.68,90.14,95.37,83.37,121.59
75.39,25.56,47.05,40.87,51.63,46.75,64.84,92.05,79.69,92.01,100.47,113.57
38.98,61.03,51.36,31.32,67.83,60.84,81.63,79.56,68.79,102.88,118.18,79.29
56.78,33.74,48.94,57.13,75.54,89.0,88.07,92.42,122.98,129.6,124.16,108.39
33.88,49.98,49.62,88.68,82.59,87.92,105.67,119.09,127.3,143.32,114.23,51.69
52.43,50.89,107.16,77.59,90.87,107.79,127.49,134.86,142.52,104.68,55.07,46.37
52.26,101.72,81.19,88.01,110.6,130.04,134.41,120.74,67.16,46.6,45.94,53.75
94.87,74.55,110.68,114.72,132.36,123.56,109.48,59.19,51.68,37.74,38.15,33.32
56.95,118.94,115.21,127.38,106.2,121.84,90.04,48.54,45.33,32.64,32.37,34.98
116.52,113.6,112.22,113.41,109.28,64.69,59.35,47.59,38.78,29.67,40.62,83.64
82.31,136.12,112.09,103.44,59.38,57.57,49.4,46.31,30.47,50.69,87.45,87.04
140.64,102.42,73.03,61.61,59.1,43.57,45.4,33.59,35.79,88.81,51.36,36.45
79.0,91.92,74.69,41.81,38.48,62.77,37.02,31.79,80.58,39.72,38.13,43.05
82.28,47.7,45.23,21.61,49.55,47.78,39.09,54.51,52.7,46.08,50.28,46.66
56.87,45.0,28.81,30.55,48.57,50.86,41.08,60.65,41.55,58.51,37.85,61.5
41.11,41.95,34.02,40.03,40.1,64.35,40.24,23.54,40.58,35.38,37.74,38.51
41.54,31.44,39.04,29.65,48.51,65.64,30.4,43.12,33.31,42.07,39.47,39.73
36.2,34.67,34.66,40.97,64.53,37.85,31.25,32.88,33.65,49.15,45.49,44.53
32.18,31.41,36.18,62.0,31.13,41.4,30.63,53.74,33.78,36.05,34.58,69.07
38.43,30.97,36.18,67.35,28.98,52.55,19.97,46.69,23.61,47.63,64.35,104.72
41.24,35.89,49.1,74.74,32.94,55.05,30.42,45.72,28.01,72.02,93.67,98.72
48.58,26.27,54.28,42.65,65.93,45.21,37.18,35.48,63.66,74.75,104.54,93.36
26.46,49.01,56.3,65.4,33.79,42.65,32.69,60.34,86.23,116.4,84.09,82.09
53.78,41.61,53.85,45.17,31.55,39.09,59.79,99.58,94.51,93.02,81.38,108.06
36.72,54.62,55.58,37.36,32.65,41.69,99.94,99.79,79.79,91.49,100.94,128.78
63.62,23.47,26.19,37.19,35.42,63.44,68.88,88.15,96.92,92.39,133.55,147.52
43.64,37.91,55.58,50.59,69.71,85.05,89.82,75.25,88.12,88.54,96.5,99.68
37.79,43.23,56.35,71.06,94.44,85.41,88.42,93.63,103.9,98.17,106.58,82.61
41.71,37.94,53.7,77.26,96.26,84.07,85.61,92.4,113.83,108.77,109.34,66.72
40.6,58.57,83.36,87.87,89.49,86.97,103.38,133.3,112.98,114.32,65.71,42.0
68.12,80.06,90.69,72.38,88.57,108.75,130.07,126.15,100.3,69.06,46.81,54.24
68.26,92.62,73.17,109.71,113.46,138.99,113.82,89.34,58.44,56.73,32.81,37.99
94.13,75.49,88.38,111.94,143.78,101.89,76.45,61.53,59.22,42.56,30.39,40.17
80.28,75.54,96.86,134.04,136.29,112.03,62.09,62.12,44.64,38.25,28.49,29.62
82.21,74.77,137.03,129.23,121.91,56.1,61.46,54.93,39.51,28.34,29.75,50.39
80.21,109.07,121.37,107.04,53.43,58.26,59.58,47.97,43.17,35.66,57.57,43.06
97.65,88.99,57.24,50.45,44.94,48.57,47.96,38.03,54.11,61.78,35.75,38.03
85.95,44.42,51.71,25.18,35.85,41.99,36.01,41.3,34.91,38.93,49.06,51.23
46.77,55.8,36.22,33.36,43.64,49.49,48.91,31.5,53.93,43.28,40.33,50.68
52.93,41.0,36.29,35.5,32.8,52.99,53.27,25.72,59.45,32.19,39.05,36.23
46.1,34.58,36.3,26.58,61.16,58.7,27.35,65.82,35.37,35.52,26.56,45.31
40.42,31.84,26.83,30.63,65.37,43.16,44.7,49.7,28.54,34.51,30.62,43.25
40.18,32.5,23.9,44.63,38.71,38.83,53.5,32.12,38.76,26.2,46.31,50.33
31.35,38.19,45.0,29.6,30.17,45.41,37.4,28.4,31.44,40.49,48.39,59.58
39.72,49.09,39.4,28.83,38.57,38.04,39.44,39.78,43.68,29.16,33.5,61.8
61.52,35.39,45.76,17.93,23.9,51.92,39.73,45.08,13.33,27.55,35.99,55.22
29.03,33.18,52.0,30.64,25.52,53.33,68.41,45.17,44.25,25.3,59.96,73.83
57.08,45.62,43.44,41.02,58.34,57.3,33.09,39.08,42.21,48.59,48.23,83.14
46.87,51.36,27.08,47.5,33.57,46.93,46.86,50.38,76.77,89.0,91.41,107.54
34.91,47.6,33.5,45.25,40.5,42.31,72.07,89.78,91.94,114.01,104.98,119.7
25.77,53.32,20.97,44.1,57.06,91.05,80.44,74.23,97.55,103.88,108.83,88.85
27.72,42.77,59.04,56.48,99.84,87.51,89.43,90.71,123.89,133.37,106.51,75.01
37.33,44.52,87.69,83.53,101.54,86.64,94.13,123.11,119.86,101.93,75.76,62.14
43.61,79.24,100.25,93.8,83.91,95.14,139.66,146.05,110.25,73.33,66.21,63.11
66.22,96.23,86.25,96.54,97.15,131.0,156.11,113.69,65.38,50.79,51.33,46.67
103.99,79.3,97.99,96.14,141.49,152.41,108.42,67.86,67.61,52.61,41.24,39.79
91.4,84.86,103.11,144.79,143.43,99.24,74.56,67.34,52.81,39.99,30.44,36.67
103.42,98.64,139.38,132.11,102.08,77.39,67.69,57.33,41.59,29.46,33.01,29.64
99.73,138.41,146.77,125.84,75.02,63.25,64.25,46.79,39.42,34.28,30.32,61.69
160.7,126.1,109.79,65.3,60.43,56.15,49.54,43.23,46.52,40.62,122.21,46.23
140.19,92.05,47.11,48.02,43.14,38.22,38.02,39.31,113.59,60.17,29.94,43.23
91.13,61.38,54.52,35.55,50.74,40.43,46.92,143.99,45.98,26.52,45.6,45.05
78.71,59.35,42.94,40.9,53.5,35.57,65.14,133.38,41.25,24.78,45.42,38.75
52.93,49.02,37.71,45.41,30.58,63.29,94.16,33.56,28.71,36.41,56.9,32.18
55.71,45.41,41.38,39.67,35.48,94.05,49.76,30.98,39.03,43.97,37.4,29.52
45.02,38.26,46.53,31.26,48.5,98.92,34.18,47.0,32.31,48.92,34.74,34.39
44.46,37.0,39.72,37.72,69.47,61.72,28.38,45.8,31.02,49.12,35.43,38.1
45.79,42.35,37.58,32.5,36.97,39.2,49.79,38.54,43.01,37.9,35.15,37.42
43.93,37.01,54.79,54.1,44.18,36.69,20.66,31.28,54.11,77.57,70.49,83.28
52.81,55.56,69.26,32.89,50.64,35.09,34.67,35.98,58.4,74.48,89.44,78.13
44.7,58.46,56.0,37.85,27.77,25.87,42.4,57.76,77.43,85.38,105.09,93.13
42.57,51.28,46.39,49.65,33.15,27.46,58.45,69.7,84.53,97.09,109.32,119.74
45.18,33.7,27.55,36.9,19.54,51.17,64.24,74.97,84.39,120.82,121.99,134.64
40.93,31.37,34.15,35.77,28.48,70.95,76.62,67.94,96.91,102.76,141.71,145.84
55.73,26.92,52.66,36.1,83.98,85.71,77.68,94.83,99.26,104.48,119.87,90.39
30.46,45.89,65.58,66.55,93.38,86.11,89.08,95.76,97.13,122.16,85.58,95.24
39.16,44.73,56.44,70.82,95.96,86.51,91.25,97.89,101.04,126.79,80.53,80.65
48.09,51.78,52.66,69.69,70.94,81.41,85.53,117.73,130.68,83.39,72.1,66.31
69.79,93.0,82.98,77.09,86.02,128.83,123.1,89.15,82.7,62.21,55.04,56.37
76.66,93.88,78.7,105.37,130.29,133.16,100.9,61.57,67.03,44.25,47.28,49.82
99.17,65.27,100.95,107.98,144.58,94.38,75.6,62.03,57.21,42.72,42.61,39.49
68.0,105.76,118.55,128.33,98.27,76.4,67.68,59.35,44.69,40.22,47.9,39.22
117.91,100.3,127.55,89.8,81.45,63.78,50.23,45.42,48.5,41.59,37.52,83.01
87.34,119.5,92.52,83.97,65.17,64.88,52.67,42.51,39.05,44.2,82.09,48.56
100.34,84.76,72.44,55.65,52.68,64.61,53.06,57.82,85.26,57.58,71.04,55.95
79.98,73.77,63.5,51.28,55.49,50.69,54.64,71.51,61.87,50.68,53.14,43.77
64.48,69.98,59.53,58.21,57.52,66.0,81.39,42.83,41.68,34.71,43.53,37.53
55.7,59.29,44.46,57.51,88.39,53.74,46.35,45.17,48.52,47.16,37.09,34.56
44.07,49.13,65.29,85.5,67.71,58.89,46.45,39.18,24.32,37.08,24.81,19.99
63.99,63.58,58.23,54.06,53.95,57.81,47.99,33.23,26.2,31.48,26.48,29.1
38.2,50.19,60.71,87.66,45.35,63.95,44.3,49.05,29.17,37.07,26.12,16.0
41.46,65.15,81.78,37.45,78.92,45.23,50.49,20.76,36.19,27.43,24.3,15.05
65.44,78.47,45.28,67.36,62.86,37.25,21.54,32.95,29.3,25.19,18.01,31.8
51.68,38.31,49.87,45.29,24.34,31.14,32.07,32.27,32.65,38.94,38.27,44.46
31.55,41.69,39.42,53.24,48.18,33.1,29.45,37.01,33.24,39.91,44.98,45.98
42.51,45.02,46.79,30.89,47.47,30.11,25.75,23.24,30.44,35.16,47.65,59.04
45.54,26.3,28.68,15.79,39.46,30.6,23.73,27.53,42.71,41.84,59.15,73.65
45.47,22.86,27.53,33.3,28.88,28.27,37.63,33.26,39.4,40.53,43.54,49.57
36.62,19.47,23.1,35.53,38.58,37.41,47.99,48.53,45.79,42.32,37.85,47.95
23.62,18.45,32.53,28.19,32.8,42.5,50.51,48.45,52.85,57.34,56.92,43.73
34.14,24.72,17.3,26.01,38.22,44.4,34.41,36.38,45.7,49.9,46.49,39.7
26.69,17.86,40.69,43.08,39.63,36.82,36.72,33.17,34.17,38.17,43.28,50.56
37.76,32.88,17.03,34.91,49.35,37.59,53.03,41.68,45.65,42.37,38.36,41.15
34.2,19.35,18.74,34.08,50.63,37.01,54.34,52.87,56.59,56.53,50.25,47.1
17.52,28.07,21.77,56.2,52.46,40.88,52.05,49.28,46.37,57.63,49.34,61.65
35.52,23.55,43.12,71.09,42.58,50.47,46.03,47.63,52.28,69.57,60.85,59.81
26.35,15.21,17.57,39.49,44.25,43.88,70.14,56.53,54.58,49.6,54.72,53.94
30.68,18.26,20.66,32.21,50.42,54.2,64.16,64.68,61.12,41.48,44.33,44.69
31.33,15.99,25.41,44.65,38.93,49.79,65.57,60.33,48.69,43.29,37.95,42.47
37.18,32.1,42.27,44.33,57.99,67.65,66.09,70.72,55.34,47.39,38.36,39.85
41.35,34.29,49.5,51.52,52.07,58.49,64.17,65.69,62.74,49.45,41.17,37.13
35.06,49.82,55.06,52.38,53.84,58.0,60.96,71.87,50.48,38.35,39.55,47.51
50.43,58.17,49.85,55.6,49.67,45.55,46.39,66.5,55.08,53.07,43.88,36.43
45.56,58.67,52.31,56.99,56.09,58.89,50.68,44.4,47.94,51.37,53.18,51.18
46.21,54.86,55.17,53.48,58.59,60.22,56.39,51.37,47.24,51.44,49.48,44.16
48.63,63.23,53.45,61.12,60.03,61.3,48.68,45.2,46.1,58.6,56.48,46.01
57.43,64.7,65.59,60.47,55.56,48.15,43.76,46.3,47.47,62.39,54.98,39.96
47.32,61.52,50.76,52.74,56.22,60.34,54.11,49.43,46.26,50.82,51.7,44.01
51.06,62.79,44.83,54.39,67.65,58.32,49.13,48.9,52.39,48.26,46.07,46.79
48.01,62.07,45.59,56.6,67.92,56.92,49.23,49.73,49.94,45.61,41.19,33.43
41.89,62.91,40.58,50.82,66.63,53.77,49.99,51.55,45.27,29.72,23.71,22.5
47.03,50.51,44.8,58.94,60.52,47.78,48.37,48.27,35.54,23.23,25.83,27.29
39.06,50.69,49.81,62.06,65.26,46.61,45.09,42.14,35.35,29.26,28.25,26.63
39.86,49.76,50.56,63.8,64.74,43.76,39.47,41.55,42.4,37.53,33.76,33.82
43.45,47.68,42.28,63.64,48.2,31.85,31.79,44.62,43.54,21.16,24.21,29.96
42.46,43.61,33.6,27.16,37.82,32.79,33.87,31.74,35.6,42.7,38.38,29.6
44.83,40.45,33.03,30.34,36.25,33.48,34.54,35.0,36.73,41.1,42.91,36.9
40.1,47.36,36.91,35.21,38.9,32.4,33.84,32.44,35.9,38.29,39.33,39.72
48.07,44.67,42.43,36.92,39.37,35.55,36.76,34.01,33.04,30.76,33.19,29.02
43.38,44.3,43.71,38.49,39.99,37.96,38.27,42.12,40.16,37.52,35.03,33.75
43.85,42.84,43.63,37.69,40.51,37.79,35.94,39.54,38.73,38.84,37.01,35.63
42.63,43.45,45.14,41.74,42.66,41.14,33.74,34.69,37.68,40.56,39.69,37.51
39.23,44.19,55.64,40.48,48.94,40.25,36.46,37.21,40.98,42.49,41.58,40.18
41.48,56.92,51.13,45.99,48.59,46.4,41.65,42.06,43.9,42.33,40.77,37.86
40.23,49.42,43.84,45.6,41.2,46.43,42.35,41.14,45.98,43.46,40.42,37.15
36.71,44.9,43.02,42.17,39.56,46.24,38.9,38.74,45.1,45.36,43.84,41.31
51.76,41.28,57.52,46.03,56.94,53.92,52.27,59.12,61.16,58.74,59.04,67.49
30.75,60.27,48.31,49.69,52.1,52.47,53.27,65.03,66.88,64.85,65.05,62.3
67.14,43.67,48.13,39.49,44.56,51.85,48.62,59.66,58.57,58.92,60.49,59.67
32.59,59.6,45.96,47.07,47.35,54.73,39.44,45.42,50.88,55.93,81.57,76.78
57.8,52.96,69.5,57.96,42.48,39.72,41.87,62.43,66.61,63.62,74.35,85.46
30.9,50.62,55.39,74.37,68.07,75.16,77.72,81.23,81.78,72.04,62.31,61.67
46.38,42.3,42.49,68.1,69.24,80.09,73.9,73.68,84.81,78.31,67.59,70.54
35.32,44.75,40.13,59.34,65.23,77.92,74.71,74.65,91.37,79.99,66.24,83.31
42.55,41.99,38.66,54.39,58.14,65.34,73.01,76.62,91.89,88.05,81.92,98.1
38.58,47.69,46.48,52.71,52.66,57.63,71.34,84.48,91.1,88.13,90.14,103.83
39.62,52.61,53.03,53.12,49.49,61.81,74.56,83.87,91.76,85.93,103.09,90.07
46.57,44.32,54.58,49.14,49.16,59.44,72.42,78.91,101.3,84.01,102.64,87.87
44.02,45.18,58.43,46.32,49.07,63.26,74.91,81.05,99.17,85.81,101.56,69.63
55.26,51.4,62.46,54.3,61.21,69.24,93.24,86.46,94.16,92.14,82.38,58.52
39.05,52.56,61.78,68.21,68.48,87.42,101.54,100.58,90.06,85.68,54.69,49.62
72.71,53.73,67.24,78.42,96.03,107.3,94.57,77.99,78.3,58.64,56.04,56.74
36.24,76.77,89.11,107.11,99.27,87.45,79.04,67.77,83.87,68.86,55.43,51.26
71.08,62.17,86.01,89.75,85.39,86.7,81.56,60.15,76.18,53.64,40.06,59.54
81.29,41.72,64.22,104.7,79.63,61.65,59.35,45.88,43.9,64.55,93.52,76.38
75.07,76.76,71.39,74.35,71.07,49.98,34.19,19.87,40.78,77.0,86.03,57.49
85.57,43.44,38.31,30.57,31.79,27.16,43.69,53.6,39.71,42.56,36.58,37.86
65.7,49.86,32.27,31.85,36.11,39.76,38.55,36.52,46.1,47.22,40.2,38.28
82.67,40.48,34.24,34.37,38.08,36.54,51.69,52.44,43.62,52.58,33.73,36.28
51.48,52.65,34.29,37.0,32.97,64.14,72.61,36.88,46.78,23.64,26.25,48.07
46.91,38.79,36.2,38.01,37.84,73.3,49.51,40.84,21.6,25.19,52.12,45.3
58.15,30.79,25.62,36.8,72.65,59.83,41.1,31.59,33.49,44.25,41.98,27.99
45.0,33.06,24.71,60.66,62.51,51.21,52.2,24.51,36.25,30.84,32.24,41.84
41.68,38.99,30.72,61.19,53.79,42.09,48.11,35.23,35.28,49.52,38.89,41.35
35.91,47.03,46.43,42.25,51.07,33.1,44.71,36.37,64.54,58.06,51.84,53.65
66.47,39.82,47.87,17.69,46.46,31.97,47.34,34.35,48.11,30.32,34.95,53.98
28.81,41.36,49.56,41.86,39.33,37.48,30.85,34.96,40.98,32.93,36.91,65.3
49.97,41.25,61.45,39.15,33.33,41.66,64.1,42.0,65.05,57.42,62.96,67.74
32.9,53.09,55.35,31.93,32.36,64.91,104.63,63.38,74.93,46.32,79.45,48.88
65.77,47.46,59.7,39.71,72.08,88.96,83.57,80.96,66.07,60.39,57.15,63.54
53.98,57.74,47.88,53.92,87.34,87.09,85.35,79.68,75.37,81.54,80.46,75.6
34.37,46.01,48.26,114.63,97.46,79.95,56.33,84.63,111.77,126.53,62.32,53.66
42.67,53.12,108.56,89.69,106.6,94.81,63.96,63.62,99.69,103.28,71.92,61.95
41.85,86.17,115.64,90.99,90.79,67.98,70.91,90.71,88.06,79.74,69.32,62.21
88.79,77.98,101.37,98.42,69.71,45.35,103.01,102.57,78.66,46.14,66.32,36.7
47.55,104.66,110.28,94.25,61.61,63.79,107.3,103.26,68.33,35.44,67.26,39.1
97.1,84.7,97.53,89.32,63.03,76.78,117.85,78.72,38.86,64.92,29.75,35.41
75.69,67.91,82.16,119.5,94.15,59.12,84.7,53.24,52.87,34.09,26.14,59.69
82.1,51.54,117.76,109.22,86.77,66.08,57.68,58.1,49.83,38.51,50.03,86.01
79.16,103.31,132.02,86.92,65.32,57.55,61.97,55.61,45.28,44.46,91.68,77.85
105.55,97.03,125.54,91.34,82.94,42.98,61.72,58.23,46.78,67.8,70.56,52.39
94.17,84.38,91.33,84.49,50.74,51.75,50.52,50.3,73.95,59.74,61.6,52.71
88.32,76.65,68.85,62.33,42.72,43.99,56.18,81.96,61.15,82.0,99.59,67.2
61.58,87.57,46.52,66.14,33.18,43.01,55.55,79.93,65.99,75.22,81.44,53.56
65.07,68.62,50.86,35.58,29.79,49.89,78.66,73.05,50.98,37.56,40.09,66.4
57.12,63.49,46.26,77.92,66.9,50.95,51.51,45.02,52.81,35.38,55.43,54.36
45.72,55.85,51.35,50.81,46.63,42.05,45.9,50.39,48.05,50.45,65.88,108.32
44.6,49.4,43.27,43.08,40.69,36.08,46.58,47.95,55.5,35.28,48.2,75.9
55.4,47.8,35.75,61.14,41.31,39.29,37.42,39.56,38.25,55.75,91.5,105.34
72.75,36.9,68.93,36.51,53.1,49.63,53.98,41.9,40.43,49.97,49.72,55.64
30.21,48.84,41.4,43.13,36.39,60.84,95.23,74.33,62.2,40.97,62.08,67.28
29.16,47.3,62.82,46.71,57.03,47.97,81.54,97.99,98.65,77.19,55.49,80.14
47.37,54.7,43.17,40.09,32.04,50.63,76.37,94.05,91.06,94.97,88.17,99.08
64.76,43.57,52.07,46.12,72.76,80.61,93.1,108.82,100.93,82.48,103.16,81.4
52.46,53.51,51.47,62.04,89.89,102.03,108.22,97.93,65.92,104.19,118.71,92.08
44.8,36.07,72.09,80.76,103.03,105.76,109.47,97.59,120.0,141.15,103.88,77.91
47.19,71.0,85.16,89.07,112.02,109.91,102.5,112.82,155.72,104.92,73.08,66.44
82.49,102.25,94.07,100.49,111.19,108.12,114.36,125.62,90.58,69.88,75.02,72.24
94.29,88.7,76.43,112.56,137.66,147.93,88.65,92.15,69.21,53.14,52.56,40.47
92.74,79.46,115.04,159.92,157.77,82.69,92.49,82.08,37.54,47.99,32.66,27.95
120.88,122.84,118.93,103.09,114.83,79.24,56.0,44.87,38.62,30.15,42.82,87.78
98.54,133.73,128.92,104.01,99.13,71.69,64.02,52.96,44.41,32.97,47.71,98.73
129.02,98.83,91.73,100.86,79.95,45.39,61.68,47.04,42.28,61.93,105.35,48.1
97.53,120.86,107.45,89.51,62.51,50.97,70.59,49.21,50.5,65.29,81.56,73.14
122.03,83.82,72.21,70.65,55.13,51.01,56.68,51.74,62.0,88.78,72.9,65.6
94.07,49.07,64.88,32.06,35.94,44.01,42.17,113.92,76.33,52.7,62.97,49.57
63.74,53.36,43.42,39.98,44.75,38.15,88.67,73.58,50.49,63.69,94.46,87.46
53.02,42.94,52.99,38.78,44.18,90.57,61.92,41.38,42.18,59.08,77.21,53.11
47.71,39.94,39.91,36.06,62.97,89.41,58.73,46.58,40.86,60.6,46.83,48.43
52.45,41.85,44.65,45.1,44.64,75.01,59.74,42.75,57.16,37.86,37.98,40.24
37.24,56.95,63.24,42.85,35.66,48.42,63.81,28.65,69.6,45.46,43.11,43.05
59.46,54.67,60.38,41.78,37.32,26.65,56.53,35.69,57.59,25.13,43.19,37.54
42.58,68.47,41.59,41.21,24.92,53.15,61.53,41.26,59.17,52.88,61.74,55.65
78.08,36.46,59.77,26.19,50.29,74.65,71.19,94.68,81.67,79.05,58.31,84.14
39.5,65.79,50.83,46.0,49.44,77.22,74.66,93.45,88.43,86.62,53.49,77.75
52.86,35.61,32.96,47.8,42.88,60.41,57.37,92.72,97.51,78.21,66.81,82.67
66.95,58.03,50.76,62.06,69.7,82.94,74.72,90.83,91.85,100.37,103.25,111.28
39.54,55.28,61.95,65.38,75.51,82.89,95.01,92.41,101.07,78.36,74.59,54.0
49.84,71.46,56.32,80.04,87.01,98.29,98.01,95.14,83.97,104.57,96.73,102.79
59.2,51.13,99.06,79.12,106.02,104.59,109.95,107.07,122.32,110.23,81.25,74.3
81.61,94.36,89.82,89.89,96.45,100.61,113.46,138.2,97.26,68.07,76.79,77.86
71.31,101.6,102.56,94.89,104.78,101.48,113.68,93.48,90.5,75.74,55.85,75.71
115.06,83.03,98.57,86.62,117.62,132.0,93.19,73.81,63.97,66.64,45.52,40.82
75.25,118.03,77.38,119.94,95.3,127.66,65.4,78.14,69.03,62.14,44.39,49.87
114.17,83.79,109.61,99.22,125.18,83.79,74.42,57.69,57.74,34.05,42.68,42.77
88.9,106.9,97.17,139.05,92.76,77.03,53.09,64.84,40.8,39.59,39.24,50.41
149.92,92.48,118.31,71.7,83.85,53.68,49.67,50.78,51.14,47.06,58.06,112.83
96.72,159.35,79.02,63.73,62.68,47.5,44.61,50.57,48.15,126.29,61.74,81.05
152.39,88.09,73.99,47.81,69.55,63.08,54.74,51.68,76.02,115.93,86.91,92.84
87.6,91.79,56.46,69.01,70.85,65.57,73.09,94.1,88.38,76.05,67.29,49.78
73.05,75.12,76.29,65.19,57.78,101.54,67.53,79.51,66.56,91.81,81.96,94.97
74.89,66.12,75.9,52.2,75.56,96.9,79.79,57.37,71.8,83.58,80.12,69.87
56.06,67.48,73.13,63.59,90.63,86.06,69.5,55.94,67.87,61.24,54.47,57.19
64.11,52.53,60.67,87.58,86.2,67.34,55.78,60.24,60.58,65.12,59.16,63.58
47.4,53.01,88.63,78.95,62.37,79.77,46.53,72.23,29.64,54.84,41.98,48.38
64.98,82.65,85.66,57.11,77.14,50.25,69.5,25.9,56.15,44.33,47.65,51.72
70.57,56.42,50.17,33.82,20.55,18.04,53.59,56.33,73.97,58.53,77.23,73.53
59.76,46.81,63.81,32.01,26.24,15.36,37.42,44.98,59.71,58.75,92.33,66.19
48.35,38.12,47.59,50.26,19.16,28.07,48.2,66.41,65.98,89.63,89.99,90.04
42.73,39.0,35.51,49.67,40.84,54.76,79.31,77.73,85.89,98.76,118.17,102.27
54.37,28.22,50.68,31.98,78.41,62.19,87.64,87.12,71.74,114.12,106.28,98.41
34.94,32.02,55.86,50.46,72.45,83.99,67.0,85.2,103.87,115.58,123.97,79.02
23.32,39.6,44.7,54.82,84.01,81.83,94.88,96.72,92.02,98.85,110.9,91.43
55.59,42.06,63.74,63.97,92.72,90.02,96.14,89.84,84.74,90.85,87.99,84.19
36.55,52.26,64.82,78.25,71.09,78.66,97.56,87.15,105.65,104.42,74.7,79.14
51.18,42.59,62.35,76.36,93.85,77.66,85.36,108.44,134.47,101.69,82.17,57.64
49.27,49.99,104.28,68.39,71.97,82.73,128.62,129.11,87.19,69.44,73.2,74.02
71.58,88.43,63.37,78.02,92.5,134.85,110.71,100.0,58.15,72.21,52.84,52.28
92.62,69.43,79.01,88.34,134.96,117.7,79.97,66.54,75.27,60.03,46.28,48.88
71.18,82.94,90.3,135.97,99.37,93.56,58.25,79.35,59.46,42.52,42.06,32.76
88.17,73.6,120.99,97.86,78.94,64.0,97.78,76.5,56.68,62.96,44.83,57.74
74.13,76.66,95.92,93.84,58.03,63.79,95.92,72.28,79.38,85.1,83.08,76.34
78.07,80.95,84.84,62.13,57.94,93.36,70.49,57.77,59.66,66.53,78.71,61.51
93.75,59.87,63.73,51.3,65.8,62.98,62.51,81.24,59.09,43.29,36.21,34.64
54.92,77.65,52.25,64.34,75.95,89.33,77.47,39.56,51.25,39.8,54.59,43.05
61.88,56.9,52.09,72.4,77.76,60.9,51.04,56.37,49.74,51.01,41.64,37.63
57.24,69.14,61.55,89.2,78.68,52.5,53.08,48.26,50.51,45.25,44.97,35.22
56.61,67.17,67.23,100.11,65.08,39.45,50.19,55.18,61.14,31.32,30.94,21.33
51.72,71.92,78.51,84.25,43.52,58.62,44.85,65.33,39.79,41.24,27.71,41.25
50.06,74.97,93.02,47.02,68.83,51.6,59.98,39.46,52.49,29.74,34.42,33.99
65.86,76.35,61.09,51.92,61.98,46.0,49.6,30.79,39.76,36.81,31.67,25.7
55.0,64.89,54.48,56.22,63.15,31.74,23.32,33.42,29.72,21.65,23.71,33.71
69.12,39.09,50.7,28.14,37.53,22.46,18.2,16.94,28.26,49.54,64.0,64.57
60.46,45.75,26.94,41.43,38.51,28.34,20.66,18.15,52.46,55.78,53.54,52.2
46.39,36.24,36.54,32.61,36.45,31.42,41.88,40.14,42.3,46.44,47.2,47.13
38.66,26.51,38.58,26.93,37.58,30.26,30.96,39.61,48.83,43.84,74.6,104.78
39.08,29.89,26.91,33.4,32.08,23.44,33.86,58.54,47.94,48.14,48.21,50.03
35.27,26.95,19.25,21.86,33.94,36.24,37.85,47.59,48.06,44.36,53.18,58.82
38.64,25.84,18.74,22.2,33.82,38.46,42.77,49.17,45.21,47.13,55.66,56.81
29.31,5.99,39.47,37.49,23.35,35.93,33.06,39.4,40.83,45.66,59.96,54.6
15.36,15.78,32.49,30.79,35.54,48.19,50.61,65.89,67.14,48.72,52.21,48.78
30.46,38.87,28.99,28.05,47.23,51.01,64.56,64.06,47.51,47.86,48.94,42.4
30.67,36.65,31.01,66.35,81.38,70.9,78.51,62.82,54.18,44.98,45.21,38.89
