49.07,79.14,173.83,219.97,282.13,367.95,441.17,407.62,307.99,275.14,234.83,225.6
101.38,155.93,266.42,391.29,496.1,476.63,364.56,315.15,285.81,258.74,249.06,243.46
291.39,399.56,470.61,454.23,375.5,314.66,282.89,258.06,248.4,245.99,249.79,263.86
431.6,507.08,440.46,357.78,308.31,277.05,269.01,277.92,324.08,417.75,483.28,379.95
505.22,477.17,373.33,317.18,282.07,271.72,279.29,311.49,382.89,464.81,454.11,326.59
490.7,386.13,316.72,282.49,269.55,279.72,312.46,382.12,452.42,451.58,352.02,266.41
443.89,346.25,294.16,267.5,265.2,283.39,327.02,403.22,455.1,417.09,312.57,218.45
375.09,337.56,281.77,267.71,284.54,331.39,407.38,459.06,432.47,329.93,261.46,184.72
329.78,279.99,263.98,296.84,357.99,428.69,459.88,424.17,316.85,238.67,174.77,156.17
318.08,277.83,293.25,349.53,415.69,447.26,418.16,287.46,198.2,160.23,157.56,182.47
315.29,315.11,348.07,398.54,443.61,441.43,324.96,216.37,168.74,164.23,178.15,174.05
349.55,362.0,393.97,448.69,422.39,290.58,203.07,167.83,190.23,223.1,193.26,131.78
400.42,398.39,392.37,343.18,268.09,211.68,206.45,246.43,277.5,214.14,127.29,64.57
429.8,444.51,379.8,265.74,205.55,190.36,226.11,263.01,215.12,129.39,62.37,41.89
444.01,440.13,296.31,204.89,172.23,192.37,233.6,209.4,130.62,64.56,45.81,55.1
467.18,332.58,210.84,169.25,182.51,222.96,214.82,140.0,68.31,47.32,52.33,138.58
333.01,193.32,145.79,147.94,181.45,186.2,138.17,74.83,50.91,56.32,122.16,204.29
126.18,138.11,157.5,171.6,156.41,104.26,55.21,42.78,57.69,148.14,214.57,323.24
144.89,196.21,181.65,156.04,110.04,57.4,37.42,44.23,121.07,191.7,282.14,420.04
188.77,211.18,156.98,96.34,46.06,36.58,49.4,123.03,183.51,284.36,436.67,463.14
248.02,213.55,121.02,51.86,35.65,45.74,115.03,179.93,257.55,412.0,476.64,459.97
173.32,104.76,47.52,36.26,50.37,129.48,205.9,295.75,421.24,483.26,463.0,390.58
54.62,35.65,49.47,100.95,145.86,195.27,290.94,403.31,458.84,453.43,390.17,289.07
36.47,38.33,71.95,164.14,222.35,310.9,432.57,449.32,412.16,316.3,266.44,256.57
50.89,56.18,111.13,227.5,353.47,490.76,513.44,486.89,449.68,401.55,356.95,333.55
76.28,99.99,206.29,318.84,460.49,516.73,485.92,442.24,381.06,327.34,309.26,301.99
104.75,185.76,295.63,449.06,521.1,500.58,449.93,391.07,330.99,310.15,297.99,309.41
191.98,269.58,389.36,512.78,496.63,435.3,353.2,305.4,275.13,277.92,315.71,415.64
256.33,384.49,509.58,500.14,433.83,350.62,302.5,272.73,281.64,326.29,418.92,435.48
378.15,500.33,484.43,391.45,309.0,271.85,265.4,291.57,349.18,381.41,248.1,157.28
474.96,499.76,424.58,333.36,291.82,267.55,283.51,330.97,394.03,313.29,174.18,135.6
479.59,425.36,315.56,279.99,266.92,289.6,337.94,386.95,297.13,176.17,150.39,160.6
419.01,333.35,261.94,238.73,256.92,306.55,347.9,265.42,171.61,153.74,166.7,183.22
342.0,292.37,235.37,228.16,271.77,341.57,266.3,151.7,135.22,149.4,156.2,151.01
296.15,312.31,355.72,390.35,397.24,308.73,180.33,143.68,149.42,153.43,140.34,114.99
304.6,326.46,401.52,445.66,358.13,200.08,143.84,150.89,164.58,160.38,140.57,111.79
369.26,436.73,450.0,304.08,182.69,149.75,158.79,169.45,164.43,150.39,125.2,91.01
442.65,471.96,340.88,195.73,147.63,152.6,167.97,164.34,153.91,133.97,97.41,65.67
479.57,381.33,210.39,147.59,146.64,161.94,160.38,151.32,137.12,103.39,63.07,55.35
372.31,222.41,152.39,145.62,156.04,154.91,146.32,135.53,108.86,67.0,51.51,59.72
350.0,190.81,130.06,115.49,115.55,115.17,100.33,74.77,63.19,77.54,124.34,193.35
177.24,168.86,185.31,166.31,130.36,88.44,58.75,58.2,77.92,117.22,174.65,286.97
155.84,148.18,137.42,104.95,59.42,44.28,54.34,98.5,134.57,200.31,323.56,383.04
161.39,136.53,106.85,72.32,48.76,54.42,96.04,130.11,192.11,345.77,440.48,422.62
159.2,128.52,90.51,50.69,46.25,64.85,115.78,157.44,258.54,421.71,462.58,431.8
127.19,90.88,49.79,43.29,65.98,115.82,161.21,264.77,408.97,473.35,479.33,391.4
100.63,46.5,35.13,54.19,113.54,163.39,263.12,407.37,477.61,465.84,361.5,291.74
35.32,37.74,67.23,134.77,185.91,272.02,382.49,468.94,427.45,300.5,263.02,246.78
27.51,63.35,165.54,238.28,317.08,416.7,400.52,277.81,242.38,241.13,244.23,242.53
84.63,129.55,228.46,322.23,428.98,449.8,314.65,291.94,274.03,261.31,261.82,269.77
126.74,241.01,324.19,443.84,462.74,323.14,287.22,255.03,239.42,236.42,245.92,253.67
246.87,294.31,346.62,373.51,362.89,311.88,262.27,225.15,212.0,224.73,244.31,266.27
308.22,364.85,384.9,385.56,330.75,283.04,243.44,227.0,240.58,266.37,299.35,331.95
321.82,318.31,319.69,326.0,320.66,308.48,293.36,290.33,298.51,313.99,332.45,354.1
338.06,316.03,319.39,324.77,325.66,323.43,312.24,305.5,303.78,310.52,329.42,344.59
368.72,358.74,331.79,298.14,267.92,254.61,261.36,297.06,344.55,380.22,384.73,307.96
342.79,323.0,286.82,262.95,261.58,277.38,300.91,334.03,366.82,380.53,320.17,194.03
320.35,313.48,302.47,303.68,313.88,330.02,337.4,334.14,326.25,278.3,185.75,117.7
300.55,286.62,291.76,316.37,342.52,351.12,348.28,338.83,277.77,179.34,109.38,63.2
284.97,257.46,249.96,260.75,297.5,352.14,388.32,358.14,208.7,116.06,56.14,38.09
274.21,268.93,282.59,310.77,352.72,389.2,370.28,229.62,121.96,51.38,32.39,38.32
300.89,316.12,349.24,387.07,400.21,351.24,210.69,112.35,46.71,32.08,40.48,115.3
333.77,359.93,377.88,393.0,351.31,214.89,114.64,49.77,34.95,43.1,121.67,215.43
389.23,386.74,354.87,276.33,177.79,104.07,49.59,36.66,46.75,126.98,199.54,283.7
417.29,367.55,263.48,171.3,105.96,53.23,37.21,45.46,119.68,189.75,270.23,348.02
342.57,294.75,185.3,110.99,51.29,35.57,44.68,124.85,196.78,275.61,351.93,387.51
168.35,140.19,146.19,122.1,68.76,45.4,52.51,130.86,213.21,306.03,383.37,420.68
154.24,135.2,124.65,85.38,54.19,54.34,98.28,155.17,246.96,369.02,423.1,478.5
202.2,160.66,99.55,51.13,38.77,56.74,163.7,250.17,376.3,440.55,467.67,377.04
75.13,39.38,47.24,106.07,195.05,313.62,422.03,484.98,382.66,274.29,238.63,230.5
79.47,44.25,49.79,100.29,187.89,311.81,418.09,493.61,455.96,352.66,294.22,278.97
40.03,53.51,118.69,196.18,307.5,415.48,445.99,406.8,301.5,257.81,233.15,232.31
78.53,119.63,221.33,317.38,425.89,420.85,288.96,256.89,241.73,236.57,230.04,227.62
141.67,238.76,292.31,387.79,421.85,354.56,295.98,249.34,224.15,222.24,237.78,252.8
273.26,334.3,392.17,433.61,374.03,302.52,247.9,219.68,220.31,236.56,259.38,292.8
335.54,432.48,420.54,334.67,287.49,251.57,239.31,250.64,275.74,307.49,333.41,346.97
424.19,403.24,324.92,284.7,254.41,249.61,257.77,286.4,323.59,352.0,365.42,357.12
420.87,302.96,294.56,265.6,253.62,255.13,273.47,309.38,344.33,366.05,373.38,345.86
368.98,282.62,263.14,250.19,252.71,263.26,283.32,319.99,353.72,378.67,381.6,315.69
305.91,258.04,225.56,220.32,243.46,281.56,314.87,330.61,356.87,391.07,380.69,249.26
276.33,253.98,233.5,237.29,259.8,297.43,335.86,362.7,377.78,349.58,231.96,126.42
228.8,245.85,257.65,259.73,281.27,318.8,356.49,391.44,378.19,225.29,119.97,62.74
252.9,263.07,283.71,309.87,342.5,372.0,391.76,361.01,211.48,118.93,59.28,42.94
248.7,286.01,314.01,312.4,325.55,360.82,376.01,282.87,156.5,76.86,39.94,40.26
269.79,300.23,314.9,338.76,375.9,396.73,334.4,186.45,100.94,45.79,35.87,64.32
273.9,298.99,324.86,363.34,388.29,344.47,204.68,106.77,45.61,35.75,50.06,178.09
288.51,307.7,347.91,379.05,332.03,203.47,104.42,43.84,36.8,52.27,163.49,238.65
361.77,368.53,346.81,272.33,175.84,94.95,42.66,37.48,55.66,158.91,217.63,311.23
373.04,345.67,274.79,170.96,92.72,40.6,34.67,55.34,169.6,221.98,305.65,395.23
374.64,275.49,167.34,97.16,41.67,31.71,48.75,161.77,222.17,304.48,396.74,405.81
266.25,178.1,104.53,46.37,32.31,45.17,151.4,221.02,312.77,416.15,439.78,314.37
244.79,128.58,63.7,34.74,35.49,104.23,219.76,303.77,400.97,427.55,318.95,267.26
110.78,58.1,39.25,49.87,150.93,223.37,305.08,385.43,447.48,428.53,319.31,283.37
87.2,44.29,41.17,79.35,199.44,302.09,397.78,449.47,404.23,299.82,269.98,245.25
20.44,47.36,110.99,254.01,412.17,463.06,387.64,271.17,226.2,219.16,221.27,215.97
94.38,157.35,235.89,301.92,348.28,344.87,306.22,266.47,233.9,217.63,218.79,222.02
151.7,266.06,321.76,403.51,439.65,344.76,292.59,249.18,231.95,229.25,241.56,256.01
210.51,356.97,418.71,450.01,375.51,297.75,254.78,229.57,222.89,233.29,247.71,260.15
320.05,375.87,452.89,450.61,324.13,272.66,230.2,216.51,226.72,241.81,258.06,273.04
395.33,451.33,423.5,321.8,274.31,241.56,230.97,244.4,262.43,281.97,297.26,304.18
449.97,418.72,310.71,275.04,233.31,216.67,213.31,229.36,243.71,238.2,207.85,184.58
396.26,296.95,277.97,244.19,224.47,218.89,231.41,249.79,248.75,215.01,184.99,174.75
328.02,267.63,238.6,223.21,222.37,227.58,246.03,247.83,213.03,181.71,169.96,167.33
286.44,260.35,232.65,226.08,233.6,244.0,236.91,204.05,173.3,160.06,153.76,151.29
259.88,251.84,239.93,235.21,239.99,254.53,249.56,206.34,173.47,160.19,153.42,149.82
239.86,242.91,243.86,240.17,245.85,253.81,234.02,197.31,174.63,160.54,150.99,138.82
213.77,197.91,209.0,216.31,230.48,233.31,186.67,133.56,93.51,51.33,32.73,40.24
190.29,209.21,244.4,233.61,205.14,174.22,136.31,96.76,59.76,43.94,46.52,83.86
254.23,254.08,282.48,310.57,313.87,266.99,204.08,169.16,141.89,96.59,55.76,42.99
268.95,280.34,312.68,331.47,298.58,234.7,190.4,162.97,121.25,67.98,47.31,49.62
290.73,304.84,322.95,297.81,241.15,203.88,179.12,132.3,73.69,48.44,47.91,90.09
375.53,330.51,270.77,213.16,178.06,169.18,146.7,93.48,52.02,45.05,61.94,145.38
421.86,304.24,223.78,175.95,146.78,126.54,79.28,47.8,45.87,79.41,161.65,218.36
272.64,222.14,193.41,156.8,105.91,51.49,37.85,47.78,139.84,211.79,289.92,361.27
269.94,186.74,142.42,101.1,49.82,36.03,46.16,140.88,212.53,285.82,355.77,377.66
222.11,135.59,86.2,40.58,33.15,55.89,183.42,245.13,330.61,408.23,403.19,288.18
149.65,75.53,40.34,39.64,68.72,223.52,356.33,430.4,444.2,303.7,263.28,248.19
78.67,43.2,42.78,92.2,232.77,419.18,430.7,467.15,348.5,290.27,269.81,255.43
31.22,38.16,71.97,191.69,300.75,386.52,459.8,376.08,269.46,223.2,214.54,221.73
81.57,137.55,234.83,310.99,415.73,442.61,306.57,272.98,244.89,227.69,221.31,225.39
136.23,247.4,295.2,387.54,433.94,349.23,295.1,254.08,237.07,237.34,245.07,257.39
210.34,350.31,410.65,443.78,352.05,292.38,250.85,230.98,226.2,238.33,252.94,265.49
328.68,397.1,448.39,399.02,315.49,268.51,235.88,228.75,244.43,266.72,291.89,312.17
347.82,403.94,382.78,304.11,264.49,236.61,230.28,239.84,258.17,277.85,294.62,301.69
448.24,414.54,303.65,267.52,233.01,223.42,222.97,241.61,263.36,278.65,280.83,260.09
411.2,301.52,280.48,244.93,230.11,227.09,232.53,251.98,271.11,272.66,244.92,216.8
322.49,262.73,229.04,216.3,222.4,235.1,260.17,284.51,287.11,257.83,222.64,209.76
279.81,252.53,225.66,222.26,236.72,256.1,272.56,276.52,258.24,223.2,203.02,201.58
268.98,247.26,237.52,234.6,243.78,267.92,288.86,272.76,221.77,190.24,180.35,179.31
236.87,237.46,242.11,244.51,258.06,280.06,287.76,257.1,207.66,178.61,163.62,148.25
181.24,190.72,203.26,175.79,150.68,143.51,142.19,137.51,123.28,95.07,61.59,48.12
207.06,204.51,224.51,240.34,268.28,304.36,275.08,173.89,100.73,47.05,29.63,34.56
252.35,251.74,284.94,328.81,350.44,317.03,249.95,194.27,153.66,107.11,56.19,39.41
260.35,276.89,317.48,353.01,326.93,260.07,209.01,168.04,115.09,59.5,42.22,49.44
268.31,302.2,338.54,329.23,276.86,229.12,176.32,105.95,51.41,40.15,52.69,144.62
326.06,333.57,325.29,280.31,224.13,170.79,106.79,53.77,41.62,54.13,145.96,217.62
383.48,352.33,291.15,214.02,153.38,92.1,47.43,40.85,61.39,163.02,223.74,303.46
339.41,286.74,221.56,156.81,86.58,41.29,37.17,64.56,185.23,243.12,323.28,391.4
291.66,222.8,154.56,87.86,40.65,35.77,62.35,186.9,242.27,323.11,395.7,419.0
283.25,149.11,82.42,39.68,36.2,65.55,189.59,245.16,330.03,408.82,435.1,325.64
134.3,72.62,40.82,44.61,97.17,175.14,278.84,385.05,434.71,403.88,291.09,254.65
86.16,43.68,38.87,71.47,200.58,355.74,437.34,493.26,398.28,289.96,269.27,263.35
30.16,39.39,79.44,190.67,295.07,389.22,458.95,382.64,272.53,223.23,212.33,222.18
91.29,158.08,326.05,279.21,254.12,229.59,225.11,234.69,256.85,289.99,336.91,354.94
76.4,145.65,270.59,338.64,399.27,405.36,304.42,267.48,235.23,235.28,246.6,256.19
132.28,308.48,400.7,449.37,399.81,292.35,254.51,233.25,241.14,255.13,264.18,267.97
310.02,385.88,449.15,417.36,326.21,285.16,247.95,237.79,254.65,288.65,332.24,372.41
420.42,498.01,422.57,336.67,296.84,264.45,257.41,275.97,323.03,393.28,446.48,411.71
438.64,375.84,325.07,290.59,267.49,265.56,282.72,332.22,404.09,448.72,388.83,313.72
386.92,302.65,290.08,266.14,259.96,270.13,311.46,378.7,439.23,418.08,317.32,236.19
325.54,296.04,271.92,261.89,265.92,293.88,353.17,422.75,447.55,349.51,248.9,173.35
301.15,286.14,269.03,273.14,303.8,359.37,410.45,425.59,351.6,244.44,167.25,148.62
265.76,265.88,283.76,307.85,363.22,427.29,436.57,336.51,237.69,168.51,150.8,162.14
256.23,281.1,322.1,365.5,415.93,424.37,326.49,238.47,178.92,163.86,167.92,178.44
258.34,311.75,364.36,381.21,377.64,353.93,270.41,193.7,169.9,181.28,181.51,147.41
307.76,319.79,367.78,422.56,424.81,285.97,194.08,161.57,172.99,185.39,152.78,99.46
334.95,345.69,372.99,355.91,260.64,195.79,183.29,204.17,211.23,159.61,93.46,57.59
333.47,363.34,407.35,335.96,210.02,157.26,149.23,161.8,134.88,79.84,55.08,59.03
366.35,398.36,372.65,236.83,168.42,145.64,152.16,132.8,80.72,55.15,60.6,132.29
456.03,339.47,220.96,167.11,154.5,162.75,139.26,86.0,53.25,57.48,108.68,205.6
233.28,181.68,155.68,158.52,157.41,124.43,72.46,50.73,63.02,124.77,194.74,304.32
209.52,158.8,147.76,143.42,111.87,63.44,52.98,73.76,152.14,233.77,342.99,406.25
225.96,177.55,130.57,92.56,49.86,50.8,80.87,162.41,247.73,354.47,405.2,430.16
242.15,136.6,83.28,45.07,50.18,81.8,166.02,256.37,364.24,411.48,433.44,306.06
166.93,90.34,45.21,46.41,69.53,165.44,260.19,367.0,414.74,426.67,301.64,255.88
89.2,41.69,36.47,65.38,151.2,256.0,366.42,424.93,417.38,283.81,233.17,216.93
37.09,42.17,74.77,184.39,278.06,356.41,439.17,449.68,297.6,247.14,223.09,222.35
44.85,65.39,182.21,308.4,388.06,432.02,347.96,281.03,241.46,222.57,217.09,217.35
74.64,200.65,475.12,414.02,398.23,286.89,246.51,232.62,242.89,257.15,264.94,273.87
163.12,408.93,476.39,451.48,343.5,291.01,247.88,242.47,253.35,264.06,270.88,275.77
353.1,433.23,487.88,398.94,329.2,284.35,251.88,246.13,264.62,296.87,334.75,366.29
468.41,457.1,374.21,328.73,285.04,268.92,266.78,283.45,319.67,365.9,399.34,361.3
412.46,312.6,298.6,282.89,271.15,271.71,274.56,292.64,328.32,373.08,392.87,318.05
351.0,308.47,276.72,267.7,259.63,262.02,272.55,294.68,329.27,363.07,341.28,236.77
326.51,296.54,270.62,258.87,253.09,260.9,280.48,307.76,334.08,325.62,248.98,175.06
303.0,287.45,268.65,251.66,245.21,260.68,282.79,292.77,277.4,238.7,206.23,186.22
266.92,278.11,284.85,268.78,253.11,255.8,261.16,244.38,213.53,194.69,189.61,186.5
275.72,276.13,282.1,276.09,262.7,252.07,228.88,203.78,193.26,190.97,185.59,167.28
282.89,290.74,304.69,297.1,264.69,226.17,200.0,187.82,184.15,177.35,150.42,109.02
291.75,301.87,319.79,298.85,236.87,197.32,184.3,182.39,177.61,151.53,109.04,66.83
363.11,367.63,322.85,243.31,186.74,174.64,177.32,177.29,159.82,118.62,66.88,51.76
415.21,309.32,243.12,189.02,176.15,178.39,179.65,166.93,128.05,74.5,53.3,60.21
280.62,212.61,182.39,184.54,186.62,181.87,161.47,120.68,69.11,54.73,66.68,124.39
210.23,172.41,194.2,195.9,189.94,162.6,118.06,67.22,55.37,69.64,126.42,215.89
216.4,180.78,186.44,180.92,153.26,112.69,66.39,55.47,69.01,124.5,212.17,294.36
250.78,203.52,165.36,142.9,107.4,59.71,54.69,71.31,127.56,230.3,324.27,379.86
267.89,219.98,138.75,92.53,43.52,46.36,68.67,119.51,214.03,376.36,381.25,314.13
156.3,173.45,137.69,84.98,43.04,48.21,89.38,185.42,360.11,427.91,415.68,281.09
138.95,126.06,74.25,40.17,47.39,73.85,128.64,213.43,387.96,442.41,443.31,301.09
140.26,76.7,43.28,49.35,92.72,135.54,205.95,319.46,445.37,491.75,430.52,314.81
103.32,44.67,37.46,59.89,116.47,160.81,259.29,373.89,447.66,490.11,411.42,312.16
37.74,44.99,90.73,188.69,263.34,360.84,477.13,462.02,335.84,302.3,288.59,275.26
51.44,60.93,121.03,213.95,317.01,445.99,515.69,462.21,378.0,341.58,329.39,324.0
76.71,118.84,225.39,333.1,483.63,515.66,464.16,357.96,316.32,293.0,277.4,287.74
105.98,191.23,307.97,464.78,519.47,491.45,404.88,340.89,312.31,293.05,301.24,331.18
181.92,256.73,372.26,507.42,499.32,433.16,341.5,294.2,272.21,279.0,313.01,391.69
215.99,295.44,418.52,518.93,489.68,402.92,321.25,285.15,270.27,288.26,340.32,433.66
333.34,466.05,512.58,465.36,367.9,305.79,267.5,269.95,291.66,318.77,324.13,266.74
432.22,500.44,461.56,393.14,338.56,285.03,265.26,271.64,283.14,299.31,291.3,225.08
512.65,473.05,401.6,352.22,316.88,282.08,271.33,268.36,274.8,280.87,241.08,185.85
430.88,343.13,295.69,287.06,287.77,312.54,347.38,318.93,237.61,192.72,179.47,177.97
357.52,310.21,264.31,260.28,285.47,337.74,339.97,236.32,165.47,154.62,166.02,168.81
299.36,267.96,268.24,309.47,378.61,389.0,251.94,158.01,143.34,155.15,150.15,131.37
244.64,262.9,315.62,393.83,442.0,330.02,191.13,138.93,141.18,147.99,125.53,81.32
287.88,320.69,405.58,453.06,286.63,174.11,145.62,151.98,154.77,135.04,94.3,59.65
377.31,427.25,394.48,249.28,169.51,151.48,150.61,148.43,136.27,106.39,64.88,54.83
452.55,365.0,241.35,175.01,149.06,139.37,133.19,118.45,91.74,60.8,58.86,81.42
345.66,214.65,162.99,145.02,136.14,123.22,100.0,71.68,57.27,66.74,100.03,158.42
237.2,178.93,161.57,160.39,143.08,119.64,92.74,65.67,58.19,73.13,115.4,172.16
145.28,155.47,210.77,206.53,145.14,94.87,60.71,52.43,64.11,98.94,144.88,226.38
120.73,161.4,199.39,130.84,69.94,41.61,41.53,66.37,115.61,165.66,278.97,405.52
182.66,208.31,148.02,80.99,43.58,39.27,68.29,140.36,191.39,310.05,452.39,455.03
206.83,183.77,99.43,44.12,36.72,50.89,116.95,162.41,237.77,401.31,467.49,458.89
125.27,76.79,39.86,40.73,78.15,117.77,154.6,219.11,357.3,474.39,487.6,434.49
87.26,38.34,31.34,57.57,105.82,133.87,189.71,292.57,446.09,476.01,445.97,338.31
43.84,40.97,61.71,108.75,137.33,190.59,277.35,393.65,462.07,466.84,428.84,335.86
25.63,59.8,129.51,171.96,245.16,353.89,483.44,442.87,314.19,286.86,277.57,250.24
47.47,62.67,113.62,149.84,208.8,316.39,459.54,398.4,268.61,197.51,183.71,202.76
134.45,183.95,273.95,433.8,498.88,365.89,268.91,265.18,270.62,266.96,262.24,266.37
149.18,205.28,309.39,475.55,521.53,468.77,363.26,304.06,281.33,275.81,292.4,322.15
295.87,421.69,508.43,465.32,360.61,303.77,262.96,262.56,284.94,339.91,430.92,441.09
377.75,481.28,471.04,391.97,329.53,282.92,269.57,283.78,331.31,425.55,452.34,295.75
499.34,490.02,393.88,336.48,290.01,270.36,280.61,317.76,403.41,447.02,288.78,167.38
479.79,390.83,327.6,301.48,275.1,274.73,307.3,389.04,452.2,306.03,170.68,142.21
421.75,329.83,295.05,275.0,270.96,293.99,353.73,444.23,353.8,188.16,139.97,126.78
372.96,310.41,279.8,262.78,267.0,296.97,341.3,313.85,187.84,133.67,105.51,84.83
329.45,299.53,279.14,275.33,289.01,317.15,308.47,204.01,133.57,93.95,73.95,80.07
253.68,272.63,294.84,298.97,313.77,319.67,253.46,163.35,110.72,71.25,55.89,64.69
244.46,293.12,330.05,330.92,287.26,205.84,157.23,126.16,88.87,54.26,43.39,54.99
275.07,293.47,338.18,357.4,271.71,176.82,135.15,103.86,64.46,49.73,57.44,93.5
319.35,349.45,368.67,305.19,195.06,144.04,116.91,79.16,53.18,54.67,79.37,134.41
367.42,357.96,293.35,201.08,150.51,125.48,92.49,59.94,57.11,79.5,128.38,202.08
298.48,268.0,239.08,189.29,145.08,101.97,58.65,48.34,64.83,139.23,202.59,293.12
314.64,253.85,157.36,110.27,63.33,42.8,52.22,130.18,188.57,266.53,348.2,403.63
262.45,198.99,129.37,75.33,42.59,43.87,96.08,181.79,258.29,340.01,395.99,429.07
189.53,131.96,94.46,51.97,41.48,61.91,174.95,239.63,321.28,393.43,427.54,350.43
198.26,138.29,80.81,47.39,44.69,95.92,169.15,255.01,365.02,425.92,433.66,303.2
135.35,81.73,46.35,43.99,101.88,212.58,301.4,387.08,467.85,443.35,337.54,289.17
48.25,36.78,61.35,145.7,236.05,333.41,425.82,435.6,297.42,245.46,218.51,224.28
26.46,54.62,103.97,172.48,302.68,453.15,486.84,351.8,282.69,259.45,251.87,235.98
103.05,127.49,189.21,277.44,387.76,386.6,304.98,267.45,243.59,230.69,230.79,243.73
137.34,218.03,281.02,399.75,450.48,360.05,303.64,266.54,241.89,233.08,240.87,248.52
250.01,323.89,426.82,477.49,380.65,307.4,270.67,243.07,239.98,266.85,315.13,387.84
338.86,435.78,486.93,415.19,330.91,292.99,259.05,253.64,282.49,341.52,420.75,461.38
469.28,441.06,339.69,301.32,269.05,262.83,280.04,332.4,413.18,457.08,398.94,331.96
389.01,323.34,296.86,271.77,263.0,271.67,313.05,388.57,453.13,434.71,346.94,312.8
327.38,285.3,265.38,261.97,264.17,284.4,337.63,420.01,463.74,411.17,348.91,318.92
283.22,263.04,250.9,254.86,285.93,331.89,382.84,413.5,417.27,385.84,359.56,304.37
263.21,264.5,274.35,287.8,318.25,358.65,387.25,399.06,398.73,385.3,316.32,208.32
269.09,294.28,311.65,305.91,306.5,314.1,339.56,392.59,438.05,362.08,219.51,130.84
296.17,304.57,305.79,319.41,335.62,359.83,399.6,419.45,316.21,191.78,112.41,58.99
293.45,330.79,340.75,316.22,300.32,321.55,360.23,366.17,241.6,129.11,54.61,35.23
303.73,341.13,342.67,319.15,319.15,337.33,346.63,278.41,158.81,68.35,34.25,38.74
311.49,319.9,344.39,392.21,429.29,360.1,215.95,124.55,50.75,32.7,50.47,211.78
284.48,325.49,373.13,416.84,362.68,238.98,138.08,54.52,32.91,45.69,184.98,353.93
328.46,349.45,387.15,380.37,233.54,128.99,49.09,33.96,49.69,201.89,311.78,377.19
347.54,374.18,352.53,245.64,141.38,55.77,34.4,45.05,172.98,294.76,374.42,417.19
400.43,342.71,240.41,142.14,58.04,33.22,40.41,144.61,285.32,373.57,408.37,425.28
309.48,240.48,139.45,55.84,33.84,41.63,147.61,288.99,378.56,419.05,433.74,310.72
272.92,144.75,63.39,33.64,35.14,112.12,330.37,408.89,443.17,393.6,295.92,267.41
156.47,73.58,38.33,33.5,86.13,329.81,452.1,446.83,408.36,311.5,283.19,270.94
83.51,40.02,36.48,76.31,253.6,460.75,387.15,410.35,337.29,281.8,250.18,237.65
56.16,54.85,104.47,223.15,314.04,389.96,468.93,394.81,352.21,343.55,326.1,306.85
85.95,149.57,232.87,304.7,399.9,446.52,350.99,296.77,255.41,224.62,215.74,217.47
90.55,220.04,315.98,373.57,420.61,340.73,282.98,242.72,231.45,237.88,242.76,250.29
204.28,361.85,408.87,435.72,317.94,274.59,234.7,221.42,223.07,237.18,251.24,262.04
302.93,388.36,446.46,394.56,308.76,260.48,229.48,224.61,240.38,260.55,281.16,296.14
398.44,461.44,407.23,311.42,264.16,238.81,233.53,251.29,274.39,297.75,313.16,320.28
463.68,392.39,296.29,260.13,239.68,236.82,248.95,271.91,296.31,312.8,320.28,326.95
378.91,277.41,245.84,218.82,212.35,216.89,234.78,259.79,280.71,294.56,312.13,339.96
319.49,255.27,217.73,210.47,224.04,236.29,251.53,271.02,290.78,316.58,345.89,350.33
281.31,247.42,217.64,216.45,233.74,259.09,277.76,288.08,307.5,338.13,355.35,330.32
259.75,240.04,225.85,225.78,240.72,269.37,303.43,335.19,359.61,365.4,323.51,220.79
216.18,233.23,253.48,246.11,250.92,279.27,327.34,386.69,419.83,372.93,220.42,123.7
229.79,246.7,263.73,264.76,279.04,325.65,383.57,402.12,359.51,207.95,121.97,70.0
258.65,250.22,273.59,317.66,369.58,407.05,410.22,349.67,212.3,131.56,79.21,47.13
247.76,275.98,301.76,338.73,381.81,393.67,349.41,230.36,142.58,80.02,44.48,37.92
283.55,294.32,317.21,354.72,379.74,364.74,283.61,175.55,93.02,42.32,35.46,52.37
285.66,311.12,355.38,393.75,368.03,279.02,168.8,80.14,39.3,36.61,63.99,168.97
331.55,316.47,317.24,318.49,277.27,191.32,99.85,45.59,38.8,56.56,158.32,226.04
393.64,355.1,294.07,230.22,165.75,94.57,46.34,38.83,56.63,160.05,224.26,312.36
389.36,289.99,202.36,138.32,75.32,37.94,35.24,77.72,195.03,259.61,344.58,405.93
316.67,217.09,141.01,72.06,36.29,34.22,86.58,208.97,270.2,353.52,414.75,424.25
225.63,126.48,63.11,36.61,40.02,126.37,231.67,311.03,392.81,428.1,348.29,280.73
137.29,69.18,42.91,43.66,113.83,238.38,340.7,406.12,430.18,311.16,264.2,238.37
104.44,41.86,39.01,67.0,184.12,292.28,395.79,426.76,369.65,291.75,256.27,240.2
44.25,38.63,67.94,208.0,330.89,378.33,475.01,400.98,291.9,254.83,233.68,225.6
47.94,96.13,228.91,276.61,314.89,350.86,334.08,281.54,237.73,229.37,235.11,236.48
82.05,179.21,330.23,377.89,414.38,311.64,264.98,230.11,229.14,237.95,241.17,246.01
184.67,392.67,405.31,430.06,298.83,253.34,220.46,215.33,217.52,229.21,240.9,251.78
364.86,420.82,441.62,349.5,284.59,236.03,213.93,221.58,237.86,256.0,275.0,299.99
426.26,474.71,385.18,300.98,252.18,226.92,226.76,243.16,262.24,282.21,307.87,350.39
418.14,337.94,287.25,244.85,218.41,207.62,217.3,238.59,269.3,310.67,364.28,402.62
378.85,279.37,249.16,212.84,202.33,205.56,226.44,258.24,302.36,356.51,396.16,412.97
310.21,253.42,220.04,209.45,215.74,225.32,256.26,305.09,358.28,391.31,407.04,408.07
273.67,237.22,213.33,209.36,227.34,254.53,289.72,339.75,381.03,400.42,401.99,357.98
243.09,229.22,223.03,222.7,244.45,291.98,350.54,380.69,396.45,403.31,366.94,260.15
251.09,240.24,248.86,261.47,293.77,344.79,390.84,424.39,431.25,355.16,218.95,145.99
248.69,243.56,253.02,272.7,320.15,376.75,406.74,411.78,359.18,222.75,142.33,97.26
271.63,259.87,272.93,312.09,374.11,410.57,409.5,353.91,220.49,143.66,100.72,66.2
288.63,279.05,295.14,346.31,407.29,421.05,372.4,230.37,152.81,105.26,65.87,44.03
303.52,305.38,333.99,392.54,429.68,394.04,259.8,162.44,98.72,53.62,40.59,44.78
324.92,347.31,386.28,405.41,359.83,247.19,156.74,83.27,40.64,38.44,55.91,136.17
367.1,394.01,388.53,349.6,246.8,157.82,78.8,39.77,38.54,63.33,153.86,257.21
416.15,400.35,342.95,219.58,147.79,83.56,40.67,38.69,57.1,140.39,240.15,351.82
419.26,301.86,201.16,146.91,103.82,56.24,39.15,45.81,113.88,210.42,320.2,373.08
345.88,222.84,152.28,94.53,42.11,33.4,47.78,138.99,240.64,348.5,385.32,373.27
298.94,215.28,123.71,50.85,32.5,40.41,147.86,272.41,378.47,393.56,345.23,280.35
208.49,119.01,64.33,38.12,42.54,151.43,334.32,422.89,390.73,295.19,255.77,236.24
131.61,70.22,44.1,53.4,153.04,290.15,420.77,400.11,351.11,296.72,257.54,238.91
34.66,34.3,58.93,164.27,294.02,390.09,448.84,377.12,286.16,243.95,229.97,230.04
35.4,54.4,136.74,337.02,390.1,477.19,412.34,289.89,254.48,244.11,238.19,226.76
56.95,115.31,261.56,317.92,408.01,460.0,376.79,297.91,266.86,240.94,246.31,262.16
170.22,320.79,399.81,463.86,403.21,307.16,274.62,241.66,237.08,244.82,265.38,289.07
321.51,421.04,485.75,435.2,336.24,291.35,254.79,246.42,268.99,316.05,380.65,429.14
458.62,509.24,411.77,329.7,287.61,262.04,260.68,288.02,345.58,419.23,449.85,386.88
480.12,422.18,321.62,285.1,263.26,266.84,293.54,355.08,429.63,452.18,376.7,303.28
399.0,321.77,280.19,258.89,259.65,285.0,343.85,421.39,455.27,394.62,303.83,217.56
353.39,307.82,270.46,265.48,289.13,339.65,404.63,452.88,439.81,321.09,223.5,158.65
333.37,286.33,267.62,284.31,331.75,398.93,442.74,437.14,326.6,216.86,151.45,133.41
268.79,275.62,290.14,325.17,387.96,438.76,448.85,353.73,238.13,161.83,138.71,138.41
295.09,297.85,346.08,403.04,441.48,439.84,317.19,207.41,152.88,137.38,136.26,141.1
305.75,321.23,372.47,424.32,450.59,392.91,233.27,158.07,142.98,152.71,157.23,153.79
339.84,364.08,403.24,441.78,408.06,248.41,166.16,141.75,148.3,161.51,153.49,113.12
389.77,421.88,443.15,370.66,235.0,171.5,156.59,171.52,192.46,180.86,124.13,70.36
395.29,429.05,405.38,256.49,179.46,149.2,157.17,177.01,173.17,125.29,68.59,50.65
318.73,346.92,343.5,270.03,193.04,154.64,143.35,116.35,69.4,53.59,64.77,117.29
286.26,284.25,284.43,260.91,229.81,187.49,127.95,66.78,46.7,54.93,129.19,187.56
342.76,334.36,281.47,204.16,150.9,102.74,57.52,45.07,60.85,147.92,203.75,283.16
337.88,300.04,221.43,147.96,83.14,40.46,38.86,71.79,180.1,240.38,319.59,385.37
305.25,226.64,145.86,81.5,39.02,37.53,73.31,187.66,246.18,327.42,394.98,425.79
278.61,156.55,83.9,41.73,37.44,63.6,190.75,251.39,340.81,414.4,441.37,323.09
176.79,85.67,40.41,38.56,57.26,192.16,295.31,398.04,441.55,416.36,305.14,270.57
102.49,38.04,35.43,60.32,181.91,290.49,390.01,432.48,382.79,288.82,253.34,238.91
39.51,37.66,66.19,178.13,290.92,362.54,455.61,431.22,305.89,267.47,243.79,229.1
37.75,50.69,92.92,213.61,309.84,399.45,495.32,383.76,283.27,255.58,257.85,257.98
53.56,66.06,143.91,292.9,361.12,496.54,497.28,439.89,363.92,338.58,324.61,322.63
163.23,243.91,334.2,470.59,463.13,398.25,318.09,297.02,275.87,274.7,291.47,349.59
107.5,181.47,292.33,383.7,474.8,454.43,388.64,334.06,320.06,305.59,306.13,318.48
246.65,382.75,460.03,442.48,390.31,336.43,320.12,318.57,327.41,336.44,344.42,375.98
297.08,430.21,486.49,453.08,402.68,350.79,322.9,309.63,306.19,317.44,363.46,459.41
405.91,502.17,459.41,389.15,334.01,312.28,305.82,314.07,334.19,377.87,455.6,460.1
508.05,487.22,403.0,334.94,310.51,298.98,307.94,332.64,370.73,430.11,458.43,369.08
483.98,385.74,302.52,291.05,290.44,305.57,354.56,442.57,471.23,440.16,371.03,280.8
418.82,307.96,268.51,264.22,281.16,327.83,424.86,492.97,462.57,389.89,287.52,220.12
367.48,297.38,264.6,259.25,283.75,344.79,442.56,482.95,406.6,295.84,222.73,184.34
321.01,306.02,293.05,309.38,357.71,425.9,465.86,427.72,325.78,240.8,186.42,158.3
318.22,309.6,336.93,387.07,444.38,453.44,389.85,304.29,241.68,196.33,163.2,138.25
345.64,332.56,306.14,291.78,285.52,299.79,325.92,313.1,236.66,157.75,102.23,72.03
340.37,324.11,331.23,359.96,347.46,290.2,245.42,197.2,130.29,75.68,56.76,68.52
392.52,394.03,361.6,312.33,266.78,245.75,214.31,146.24,77.4,52.5,52.55,96.35
458.52,365.14,234.42,193.9,210.23,240.25,183.48,101.49,53.68,45.34,65.26,188.59
328.45,219.2,154.47,134.63,149.29,135.33,77.83,45.47,43.02,88.62,240.07,330.18
285.15,199.55,146.7,129.35,110.05,68.76,44.33,46.24,114.3,250.45,370.84,414.25
210.02,183.42,135.01,92.67,45.55,34.63,46.38,116.77,191.62,310.32,416.61,405.68
189.5,165.21,101.38,48.49,33.92,41.52,95.16,148.4,203.9,337.27,425.22,385.75
118.99,81.9,45.34,49.35,82.43,123.46,161.84,230.88,356.11,432.22,429.75,385.14
108.1,60.84,43.47,58.45,114.73,160.44,229.04,348.76,436.82,433.74,404.34,334.72
60.57,39.35,51.8,103.82,146.3,208.71,325.82,418.55,420.37,417.24,415.71,381.35
52.28,36.51,51.1,102.94,147.3,200.11,307.0,428.63,429.97,406.47,369.36,306.26
20.66,51.35,127.24,182.72,275.16,424.75,453.9,349.86,227.15,181.27,201.7,202.2
59.68,67.24,137.18,251.81,408.92,511.69,439.42,347.67,319.88,323.22,314.65,308.16
113.48,172.62,256.99,386.21,513.39,494.23,425.98,343.52,303.45,281.96,285.31,308.71
205.01,289.14,422.62,520.12,480.33,387.74,313.52,278.4,270.15,290.78,348.59,440.01
388.94,511.16,498.57,429.6,334.7,288.14,272.3,292.57,355.42,456.29,450.37,362.46
381.01,449.94,457.76,390.99,313.34,273.85,265.47,290.68,356.18,451.58,433.93,330.86
438.72,463.8,399.45,326.07,279.6,272.35,302.76,383.14,469.29,430.99,341.0,255.59
443.94,383.7,322.02,286.02,270.43,298.69,379.51,472.38,439.31,348.97,246.86,185.08
389.62,328.95,283.3,261.6,286.06,363.56,471.08,459.43,353.57,230.28,173.18,168.34
309.24,279.31,276.87,303.4,391.94,459.77,411.08,323.64,225.33,176.68,163.47,165.98
308.36,301.56,327.19,378.46,411.85,336.08,283.23,242.45,199.64,174.34,163.03,162.24
295.96,283.73,323.91,405.78,465.43,387.21,253.78,172.43,159.89,162.19,153.82,134.55
361.4,401.93,436.45,386.35,259.24,198.66,179.29,167.11,156.09,137.18,101.5,66.32
438.66,447.79,357.59,256.59,196.24,172.27,161.98,151.81,134.96,99.18,61.78,52.5
441.07,312.21,230.43,178.79,163.93,164.99,151.93,128.1,92.94,57.94,51.75,68.06
323.55,238.56,187.35,150.45,138.72,127.92,105.65,73.92,52.3,56.24,91.91,178.42
250.1,238.59,239.36,190.45,143.39,115.72,89.94,60.18,52.61,65.78,128.31,215.23
252.5,264.49,236.8,153.98,108.7,71.55,46.49,48.28,82.26,152.08,224.88,334.45
164.24,220.23,206.01,119.82,54.98,33.38,38.29,89.77,159.43,231.86,359.81,410.53
178.83,189.93,146.93,89.01,41.7,34.58,57.86,150.59,215.45,324.64,478.53,476.95
183.8,161.91,109.74,53.1,34.73,41.65,118.7,210.84,300.36,444.92,495.86,422.65
153.25,107.76,55.46,36.6,42.47,118.67,224.97,318.88,455.35,496.57,400.19,288.94
90.77,41.7,34.5,59.19,123.16,181.88,296.45,444.03,475.04,422.72,312.48,286.89
56.58,44.36,51.78,86.38,125.5,195.2,361.56,476.57,504.35,435.71,347.53,319.29
27.97,53.73,105.25,155.21,245.45,396.33,504.05,454.79,320.91,272.06,254.38,247.78
55.43,99.96,201.46,297.99,411.26,410.75,285.31,253.32,247.06,243.03,232.39,232.68
98.35,159.4,249.43,363.27,460.88,403.26,299.31,274.16,247.63,241.1,246.09,259.75
141.2,213.15,279.33,395.72,477.94,378.55,300.48,263.44,237.05,232.78,242.0,261.77
262.09,359.12,453.51,477.41,385.99,302.71,259.35,236.98,236.05,261.79,300.59,354.29
379.88,505.92,479.37,360.42,308.2,265.73,253.16,257.24,289.59,341.03,393.72,428.05
505.15,491.81,357.93,315.23,272.58,257.8,260.26,286.78,335.93,387.86,410.87,364.76
478.09,372.83,299.87,272.57,259.69,265.94,289.61,338.64,389.8,405.0,337.29,217.57
438.29,335.27,280.51,254.16,257.96,288.09,331.5,369.29,387.02,340.39,217.73,137.4
371.51,337.37,281.02,261.6,276.54,314.79,360.0,375.12,344.85,236.25,147.23,97.45
287.2,280.77,272.35,277.15,309.57,362.17,391.72,350.15,226.38,145.84,106.95,77.28
147.78,172.48,199.43,231.47,249.46,265.1,258.92,219.59,151.63,86.8,53.63,58.21
189.24,236.42,270.03,265.19,258.22,251.3,216.82,144.68,75.0,49.93,53.39,124.49
206.89,254.01,280.65,267.8,249.74,217.49,159.9,93.28,54.3,44.0,76.32,191.03
260.47,269.95,292.26,309.54,276.38,202.15,132.24,64.31,37.22,38.42,90.4,220.9
248.34,280.89,299.86,276.35,219.45,161.67,101.18,49.43,36.45,49.13,126.38,271.09
256.07,314.24,326.92,265.43,178.96,108.29,56.45,42.79,55.3,125.66,270.8,300.17
245.91,255.97,246.37,187.86,113.48,53.0,36.5,46.75,126.56,280.88,316.6,397.16
274.75,278.45,238.96,152.96,73.18,44.77,42.18,89.19,230.38,305.75,386.32,481.6
298.87,247.48,167.79,84.11,45.5,39.4,74.53,208.37,271.59,360.93,457.87,481.69
204.61,145.09,83.41,51.43,47.93,100.43,187.2,276.29,379.59,465.01,475.56,389.58
137.63,81.45,45.53,41.54,97.99,202.39,272.0,359.15,456.54,471.03,410.07,310.5
47.36,41.82,77.67,146.86,243.23,343.03,432.18,449.0,314.7,231.93,178.42,169.19
50.48,62.85,158.4,271.47,372.9,444.6,434.97,292.96,224.96,195.3,208.94,228.4
89.05,158.16,285.5,397.26,448.54,314.28,229.69,195.95,207.97,214.34,180.62,148.34
193.56,274.56,364.77,448.29,401.84,297.74,256.28,230.73,223.16,209.72,197.99,194.1
284.48,363.66,441.98,442.9,324.0,272.37,231.11,217.51,223.78,222.84,207.35,187.96
417.79,496.19,440.95,344.12,295.11,253.81,241.68,246.5,249.1,242.0,229.15,211.53
473.3,495.82,389.35,324.99,278.08,253.49,241.56,226.92,193.81,165.84,142.83,117.32
460.93,347.83,310.45,276.23,259.57,249.55,233.24,200.97,169.57,149.83,130.56,107.14
369.96,279.92,263.58,241.72,227.91,214.46,180.54,142.19,110.18,80.27,69.92,91.19
301.24,267.31,238.11,226.91,216.4,178.15,133.32,92.31,66.6,68.74,106.68,196.45
262.37,247.67,242.75,228.47,201.51,155.48,115.72,74.16,59.77,76.69,151.47,268.43
209.36,234.39,264.71,246.22,200.63,149.02,111.66,68.79,52.73,70.26,145.65,274.31
205.98,230.63,263.49,251.53,222.17,191.92,166.78,140.72,104.36,66.84,49.51,72.28
226.53,256.49,293.05,267.09,222.33,192.29,177.98,169.92,158.38,122.46,73.54,48.66
240.67,278.53,287.93,250.31,215.64,205.13,207.02,202.11,149.35,78.12,48.81,45.53
231.11,268.51,279.55,262.78,250.03,244.58,227.37,159.9,79.01,45.54,41.0,78.21
227.64,250.53,268.97,275.59,288.71,270.08,181.98,82.97,43.55,39.18,78.89,189.71
243.25,266.0,281.8,292.16,296.42,225.64,118.33,48.08,34.55,46.81,131.24,272.5
282.16,308.68,328.19,318.29,240.87,127.82,49.78,34.9,46.87,136.03,297.09,329.03
357.2,344.14,334.61,223.7,108.55,42.15,32.34,58.23,196.32,288.47,351.68,406.4
353.7,255.12,166.43,83.78,42.85,36.91,72.11,202.93,263.14,350.47,439.65,467.49
271.99,134.64,65.21,38.17,40.69,117.5,213.6,287.16,380.4,456.95,437.86,298.94
132.41,66.35,43.44,53.09,127.97,203.44,320.49,423.87,453.1,371.12,296.15,264.82
39.18,36.77,61.42,149.53,247.95,345.28,439.04,451.09,297.26,243.59,218.41,224.11
45.65,58.81,112.6,178.78,275.93,381.7,430.32,355.9,313.53,316.01,322.75,317.9
82.84,122.13,213.56,304.58,398.74,449.23,412.66,307.06,278.18,244.83,231.05,231.46
97.42,206.98,309.87,384.39,428.2,369.46,287.71,247.59,225.82,225.01,227.2,234.27
169.44,325.11,405.91,451.6,403.05,289.42,248.27,218.63,210.81,220.11,235.92,250.71
324.13,390.38,447.14,406.04,306.79,248.43,212.92,212.15,226.23,242.2,256.06,266.11
431.35,487.83,394.13,305.73,254.08,228.12,225.82,241.0,258.88,273.61,283.67,299.26
424.63,360.35,300.22,256.61,221.77,204.41,204.12,221.78,245.72,272.31,306.27,349.6
345.79,271.51,243.85,214.6,203.14,206.23,226.91,255.96,289.79,331.58,370.28,387.74
279.31,232.63,215.45,210.55,214.2,224.77,248.2,287.33,337.07,375.4,389.75,393.32
249.17,226.46,223.85,226.14,241.76,274.0,307.11,340.33,371.75,388.05,389.62,357.86
255.56,228.8,223.05,229.99,255.56,308.48,367.73,400.31,413.57,409.03,353.99,234.52
223.52,239.16,247.8,250.92,281.35,340.75,382.49,397.47,399.69,330.75,207.27,120.7
248.39,261.5,266.52,285.06,338.48,389.47,404.63,405.12,327.83,187.0,104.45,55.15
252.66,257.35,279.63,321.76,379.94,408.28,405.74,328.5,185.33,99.6,48.26,34.15
250.1,286.81,311.2,356.89,388.43,370.5,324.11,224.76,121.67,51.46,36.91,44.7
284.5,317.51,343.89,381.18,382.16,331.26,244.54,140.95,54.73,36.35,43.31,98.61
299.82,341.87,376.85,390.34,340.73,242.8,136.77,52.0,35.07,45.05,116.6,228.9
338.02,364.05,370.03,325.28,236.58,136.85,53.69,35.5,45.28,119.4,227.46,349.88
327.95,352.61,341.19,273.94,159.61,65.16,35.3,38.23,88.98,194.01,325.18,372.47
372.2,319.97,242.96,155.09,71.72,33.66,32.6,76.85,192.05,325.72,377.07,415.37
288.52,190.42,120.57,67.84,42.31,45.48,120.18,220.25,308.8,393.4,437.95,387.28
203.47,115.55,68.46,43.74,47.24,137.28,258.75,349.84,414.9,456.13,326.26,271.31
161.81,83.71,42.23,45.03,75.49,175.41,262.65,369.33,423.89,440.52,310.41,267.68
100.93,38.78,35.62,68.2,173.2,269.69,371.28,419.03,407.48,292.93,253.06,235.72
75.42,37.91,38.45,101.87,234.72,349.61,390.19,447.89,324.84,268.38,237.89,231.92
24.18,61.65,191.26,329.47,409.64,443.81,281.64,207.23,202.39,223.96,220.87,197.79
74.74,158.07,342.31,368.3,391.69,309.84,262.36,231.24,230.52,238.98,247.5,258.69
163.3,363.77,438.15,436.74,307.65,266.97,231.33,224.58,227.46,240.74,252.79,263.43
373.55,448.51,441.58,327.22,278.7,237.65,221.88,232.35,251.86,276.64,306.63,351.97
411.05,445.57,342.63,297.78,254.6,239.01,240.87,261.31,289.73,323.03,364.83,422.65
459.14,382.08,304.57,268.64,245.08,239.17,253.03,277.02,307.26,343.23,401.45,461.82
398.65,302.56,263.75,229.94,223.18,229.89,251.92,276.34,301.16,334.41,396.63,459.67
329.4,279.12,239.09,212.95,218.34,237.73,271.22,302.66,328.31,364.77,423.25,440.97
284.21,254.23,221.84,223.15,242.64,261.24,283.27,310.9,349.49,399.92,425.6,325.07
262.31,233.54,224.25,233.95,260.47,292.74,306.49,314.71,332.79,341.76,315.86,244.23
237.91,240.2,257.55,281.46,317.77,339.85,345.77,344.03,314.29,255.47,197.18,153.62
277.32,261.38,257.21,277.95,316.17,365.13,404.5,380.23,262.9,198.61,163.96,147.35
276.72,267.22,266.82,299.4,358.05,414.18,404.54,285.82,196.09,157.99,146.42,122.76
263.56,303.08,317.26,336.64,369.77,387.34,336.05,226.99,152.95,104.48,63.24,44.12
286.14,313.84,342.39,367.41,381.51,346.64,244.17,163.51,99.77,49.44,38.34,51.03
282.06,318.06,361.67,390.06,364.56,267.89,173.62,95.22,41.71,36.6,54.9,151.27
315.38,334.15,366.05,363.79,280.25,189.96,106.57,46.53,39.25,56.6,159.32,216.98
333.43,355.62,353.87,293.74,198.99,112.48,46.57,37.84,54.31,160.02,218.03,289.62
351.81,357.24,318.7,221.04,125.68,48.52,35.21,49.68,160.53,224.51,295.71,369.04
361.85,321.93,243.47,140.8,55.02,34.28,43.82,144.15,227.51,300.26,376.57,418.17
343.45,225.48,130.39,51.78,32.45,43.28,148.69,228.32,299.79,377.7,424.02,395.28
200.62,116.46,55.67,36.98,49.83,176.87,262.48,349.62,415.48,440.91,314.7,267.71
125.94,62.06,40.39,48.61,148.3,257.21,365.45,421.12,430.89,306.33,266.31,245.81
57.08,35.58,53.63,171.17,337.52,411.02,466.4,334.61,276.42,247.75,238.97,239.14
31.17,52.19,120.27,269.02,347.18,412.83,432.98,278.15,224.68,216.52,224.32,218.07
86.1,174.46,408.1,346.59,418.16,373.47,334.82,302.57,276.37,265.5,268.86,288.64
109.72,236.66,319.65,393.61,436.51,339.79,282.61,238.46,228.59,237.77,248.29,254.72
283.83,395.12,460.0,466.73,356.32,302.7,264.91,244.5,248.28,279.71,332.28,394.01
372.18,485.66,451.38,376.62,313.35,273.75,255.14,261.94,302.88,375.0,443.03,460.22
456.47,491.42,396.04,331.97,290.77,264.51,261.59,290.41,351.63,427.2,461.54,434.79
466.06,383.96,309.77,276.25,260.67,268.49,308.84,384.66,450.01,439.89,348.56,298.95
395.21,293.66,266.43,255.6,261.84,289.07,352.65,431.75,458.34,384.51,307.01,231.37
335.19,294.24,260.29,262.01,296.28,348.27,395.74,432.85,429.34,321.88,224.11,162.64
305.63,285.54,271.47,286.36,337.76,404.42,440.97,422.07,300.52,202.93,156.46,148.37
259.32,276.02,287.93,305.84,347.25,386.48,398.26,344.67,234.56,168.31,149.37,153.83
271.27,267.39,291.2,330.68,384.15,410.41,359.59,223.65,166.0,153.0,159.25,160.49
287.91,294.68,342.86,373.44,368.09,314.92,217.43,168.3,167.18,190.63,179.31,129.88
172.3,229.66,280.22,322.26,296.1,241.46,203.17,187.89,165.63,103.78,60.45,45.95
291.54,304.88,303.6,285.48,262.6,251.78,257.74,246.63,165.74,83.95,45.96,35.87
291.87,288.27,287.32,279.96,272.18,265.62,244.8,166.06,81.79,47.31,41.59,70.2
340.74,300.41,263.06,230.28,223.53,230.38,187.64,108.33,52.86,42.97,57.96,162.5
396.29,350.1,250.24,188.56,167.21,147.48,94.63,52.0,45.58,68.08,177.07,242.6
358.79,253.65,169.85,134.2,115.88,73.6,45.75,50.43,117.67,201.78,298.06,390.15
306.94,231.66,159.01,107.27,55.48,36.79,46.94,150.3,232.3,320.45,404.74,441.0
265.61,180.61,108.15,50.35,34.54,44.97,144.83,224.49,304.07,389.07,430.91,360.05
220.16,118.12,57.96,39.17,44.9,125.92,211.05,298.04,391.42,438.4,393.61,292.65
138.87,58.7,39.53,51.32,115.35,175.76,286.35,399.79,439.39,410.99,302.61,268.65
95.95,39.86,34.85,54.71,178.84,315.13,391.33,449.82,374.08,283.12,253.6,244.6
33.4,37.24,68.8,176.78,282.43,358.09,446.28,429.27,302.78,268.61,249.01,233.27
67.69,98.73,270.83,272.63,325.76,398.14,442.87,348.64,279.92,254.96,247.46,244.17
107.64,183.76,269.9,339.56,439.13,445.65,361.69,311.94,288.98,271.6,278.28,292.01
345.14,488.35,465.78,427.14,351.29,316.67,298.48,288.32,294.87,339.5,428.17,441.22
388.82,460.83,448.5,405.45,350.97,321.47,305.64,297.91,300.46,329.35,397.68,475.37
453.95,460.99,383.1,340.96,313.43,302.27,304.71,316.46,348.68,388.59,422.06,444.96
469.71,406.14,326.45,305.39,295.47,303.75,324.64,361.84,400.91,424.38,443.58,444.88
437.35,361.46,300.0,283.67,284.23,301.9,342.38,405.96,450.67,445.03,433.23,371.76
375.87,340.37,297.36,281.93,279.55,297.48,346.09,425.95,479.29,456.45,394.96,279.57
337.84,339.06,296.49,285.99,278.91,293.51,342.99,437.28,499.32,449.01,323.17,198.93
348.01,325.65,288.61,281.51,289.19,316.85,385.47,480.75,491.39,381.65,226.98,140.47
336.82,303.62,279.15,276.36,295.58,353.7,457.89,497.51,407.01,279.81,198.71,138.04
297.93,263.38,267.1,298.82,359.91,454.85,473.02,376.26,264.5,205.5,163.67,128.28
310.3,273.93,285.58,349.72,455.45,481.08,381.52,269.02,205.87,158.54,105.17,60.84
346.07,326.9,362.52,449.0,447.55,337.85,250.11,198.39,148.29,88.61,53.48,50.53
382.92,360.93,367.58,385.47,320.08,244.22,200.25,151.03,86.47,54.24,50.84,152.01
405.73,342.05,270.45,237.95,234.24,244.49,223.3,141.56,64.39,42.03,55.14,238.23
295.57,212.2,169.47,177.92,220.99,235.27,158.69,75.4,47.74,49.52,178.42,515.42
234.86,229.61,258.04,283.48,224.25,124.49,51.81,38.54,52.62,230.02,497.35,418.38
271.97,238.99,222.13,185.22,107.47,49.83,40.01,59.72,263.62,488.6,422.97,430.24
267.25,259.43,187.22,94.58,39.08,32.31,59.22,261.89,468.15,414.41,438.11,338.14
243.47,155.12,73.88,36.34,33.49,83.43,304.72,437.12,445.01,437.06,321.9,280.76
151.14,69.27,38.07,35.86,92.95,302.5,423.08,448.68,449.56,326.77,279.1,268.24
41.33,37.95,67.09,177.13,291.63,354.75,440.43,398.11,280.99,247.61,238.49,230.24
53.5,53.81,106.64,249.05,365.22,436.57,488.45,398.76,358.21,371.94,358.9,340.95
40.52,56.92,119.3,210.04,360.25,494.88,519.04,449.38,360.42,339.71,322.2,318.88
112.93,181.3,264.62,402.64,502.34,482.02,373.36,325.56,301.76,279.68,277.19,286.93
224.64,284.12,394.56,500.28,462.11,365.89,305.96,268.93,250.34,253.89,289.08,358.6
397.61,450.88,403.95,335.48,297.87,272.07,267.72,288.44,347.74,431.41,462.34,394.09
515.15,473.05,358.95,309.76,276.19,267.39,276.09,318.08,395.44,455.7,427.44,322.81
485.77,367.34,297.21,273.48,262.02,277.86,322.61,405.97,463.65,421.56,305.24,219.91
401.55,328.75,262.35,256.08,279.71,328.87,404.45,463.58,449.73,320.11,225.39,163.83
335.71,308.09,279.43,289.92,338.61,406.13,435.17,435.25,320.36,228.1,170.47,157.37
271.69,298.89,315.34,332.88,360.06,396.53,418.21,392.22,282.93,191.56,156.43,152.56
295.32,329.81,345.63,352.79,359.76,369.23,367.76,314.37,226.81,160.49,140.06,141.1
320.91,347.36,361.83,371.34,378.5,355.56,285.45,218.57,181.08,181.34,185.35,173.57
345.4,361.4,391.68,431.59,400.51,258.25,190.66,169.91,182.3,198.55,180.84,133.37
343.47,373.12,407.27,402.35,281.83,202.2,177.36,185.26,197.25,174.8,121.11,69.36
315.4,355.37,386.63,331.24,233.49,185.84,183.65,194.09,162.27,98.66,54.17,41.97
344.61,350.03,325.17,244.78,186.13,175.68,185.53,156.15,94.52,51.81,42.72,60.84
394.14,345.17,237.06,173.38,160.26,179.05,159.7,100.23,52.65,43.22,60.74,165.87
390.68,231.67,157.07,133.31,147.55,141.82,90.24,49.81,45.23,76.96,184.08,254.62
346.09,199.58,133.6,105.42,84.83,58.89,54.67,76.5,138.96,212.42,318.7,405.31
297.5,187.12,116.44,67.69,40.58,46.43,100.29,151.93,225.46,322.74,395.2,439.01
186.12,118.12,75.55,45.8,50.94,100.42,142.86,215.4,352.85,427.8,451.04,355.58
174.52,111.22,64.92,43.77,49.79,117.91,204.68,306.88,414.38,450.98,373.02,281.05
113.37,64.8,43.41,52.28,111.23,179.84,298.84,435.88,481.54,455.32,351.94,286.36
90.03,54.46,48.48,76.07,206.36,324.96,415.25,484.43,463.78,452.77,405.43,337.13
89.18,56.98,56.62,102.26,188.48,272.91,370.6,465.55,373.61,236.24,174.92,176.58
73.54,143.17,304.42,333.87,411.92,348.74,276.13,246.85,222.96,214.23,216.62,231.64
189.01,445.49,307.37,310.69,288.13,260.79,262.94,281.46,315.11,342.43,325.23,271.12
228.83,357.4,365.08,322.15,284.57,268.4,277.63,326.52,401.72,391.32,321.53,286.35
210.36,312.25,347.84,313.08,289.91,265.39,253.6,271.22,340.76,443.8,433.35,357.33
339.4,461.25,474.37,419.24,327.42,286.94,268.69,276.67,322.44,414.5,446.45,381.58
393.52,467.96,378.86,312.81,287.4,271.69,288.27,341.61,420.91,422.55,357.34,308.82
442.27,404.94,299.02,268.79,260.23,277.03,323.12,395.33,414.19,357.16,308.39,282.3
403.95,323.34,276.19,254.85,256.3,280.41,335.03,406.39,407.85,350.1,316.96,291.01
360.87,317.59,272.9,259.55,256.69,277.39,334.6,421.12,431.43,381.31,331.06,255.84
290.27,283.86,281.95,281.97,288.18,305.42,346.67,406.4,428.39,385.69,292.3,204.43
288.49,260.44,259.87,281.25,311.56,350.74,396.84,436.96,400.21,292.28,203.76,160.67
310.16,273.16,265.91,278.32,301.19,337.91,391.06,426.14,317.51,213.76,163.95,132.88
312.29,276.02,270.25,288.2,328.52,401.35,440.95,326.41,215.03,159.36,122.34,89.46
317.2,303.95,312.75,349.58,397.41,410.4,308.08,220.09,174.7,132.87,93.12,56.69
326.16,338.02,353.84,375.06,347.68,268.79,230.21,204.14,150.18,85.2,48.23,45.94
325.98,345.46,370.87,359.72,276.54,218.16,187.23,140.37,78.9,46.75,48.04,177.53
356.59,339.21,343.13,308.46,226.92,169.94,104.31,52.25,40.67,71.51,306.91,490.17
361.36,339.3,289.16,214.11,157.12,93.15,48.58,40.8,96.95,419.67,427.51,419.54
313.29,324.31,289.5,204.63,110.81,44.23,33.96,75.27,348.36,482.35,425.08,354.48
330.88,275.63,196.12,110.61,44.41,33.35,65.23,306.87,517.59,440.33,348.11,299.43
294.99,301.93,197.9,87.88,37.23,35.95,156.19,526.85,438.7,394.77,324.83,303.02
94.84,58.67,66.11,178.3,389.02,369.38,494.32,394.41,270.65,231.99,233.46,246.66
89.75,47.32,40.98,71.18,217.48,402.08,410.27,506.16,436.76,318.65,290.22,282.96
26.48,50.81,97.72,180.65,322.02,488.48,527.42,443.9,339.44,312.08,284.8,261.93
55.2,119.02,256.96,356.35,466.96,460.59,313.64,276.96,235.64,216.26,209.73,212.62
108.23,232.61,328.72,404.09,434.05,305.34,262.38,224.32,213.62,225.24,239.37,249.19
302.87,398.33,411.3,391.33,306.3,260.26,231.8,224.57,244.2,271.96,308.18,357.38
428.61,493.16,388.78,312.75,269.93,249.69,249.18,276.35,322.42,370.55,399.99,400.29
489.33,475.24,345.5,298.67,262.25,254.19,260.3,293.81,344.51,388.11,408.66,398.1
459.18,345.56,276.66,256.73,249.64,265.29,307.52,365.95,405.45,410.67,372.69,338.47
403.78,326.04,261.6,245.58,265.68,300.46,345.65,387.64,416.9,416.98,366.51,301.33
300.95,258.59,239.28,253.29,288.41,334.92,366.27,388.44,398.57,372.99,307.79,219.18
268.33,258.78,258.25,279.77,325.03,377.73,402.69,397.49,359.1,296.08,211.1,156.95
240.46,250.14,261.34,282.92,320.67,359.41,382.36,398.46,401.24,327.94,203.38,116.22
243.49,266.39,291.01,308.45,327.52,355.41,391.77,424.01,345.99,192.51,115.29,67.17
280.75,280.56,315.06,370.36,406.62,430.75,413.89,277.83,169.62,104.02,60.72,40.8
302.03,301.41,324.78,372.63,405.5,391.03,283.91,177.67,105.81,52.98,38.19,48.31
301.64,300.12,317.82,362.82,390.64,348.89,217.43,122.55,54.39,36.75,45.15,131.67
296.5,302.3,324.51,355.96,340.23,248.74,140.29,59.95,37.9,43.46,115.98,192.15
331.15,330.59,304.5,274.05,216.03,136.04,66.27,42.6,45.99,109.11,181.68,264.31
354.03,344.17,270.0,186.36,119.54,60.48,38.67,45.28,121.97,189.75,269.18,354.6
403.31,314.24,195.2,123.3,58.17,34.25,40.49,121.89,203.78,281.77,363.69,409.96
387.18,239.9,135.83,55.14,29.56,35.2,120.77,231.63,312.27,390.0,424.36,345.86
278.95,145.3,67.21,35.37,34.75,96.48,220.84,293.65,384.95,428.37,363.21,280.13
109.9,55.06,37.12,50.07,154.49,223.11,295.83,404.09,444.54,389.32,290.9,255.33
67.66,36.13,51.17,126.49,209.92,305.65,404.28,455.96,350.87,268.02,225.18,219.07
53.26,38.8,60.75,152.08,236.65,313.6,423.77,470.12,389.61,290.84,261.17,244.47
54.86,49.2,63.0,129.95,231.23,370.29,488.4,486.83,412.57,324.52,303.53,290.89
62.12,73.66,145.4,202.69,249.76,357.84,482.13,492.98,395.26,325.28,312.39,294.91
150.15,316.63,305.49,381.1,416.11,401.85,347.35,312.26,288.09,273.13,275.45,296.41
279.47,384.81,462.47,461.89,397.57,337.96,314.03,292.43,283.75,291.26,330.19,399.18
357.7,464.53,480.66,432.98,352.84,314.2,290.72,280.69,291.45,337.56,412.76,459.85
436.78,475.81,409.05,352.9,317.04,295.93,289.92,298.61,339.1,405.16,458.27,463.93
446.99,442.38,347.21,320.55,297.31,290.3,296.05,329.19,392.63,452.03,467.18,456.48
426.17,359.03,301.45,281.07,274.66,290.64,341.27,431.62,479.16,449.24,434.84,422.32
368.17,323.01,288.43,279.51,282.39,313.8,387.87,470.44,486.01,453.38,423.17,344.21
330.17,346.19,305.73,292.37,285.79,292.28,335.03,444.49,510.4,467.5,377.15,241.94
342.25,313.62,291.88,291.18,308.62,352.11,439.88,508.21,478.48,403.26,262.4,163.89
313.29,352.5,331.73,297.39,285.56,320.28,416.57,494.4,433.66,281.36,176.05,104.78
303.48,343.7,322.61,289.72,282.79,328.5,422.26,442.21,292.79,173.32,97.54,53.41
315.45,359.73,345.69,306.61,312.7,358.76,398.06,290.58,167.56,84.49,39.16,40.14
318.17,352.38,340.09,329.37,343.95,364.73,309.94,182.32,92.31,40.59,36.51,123.9
323.73,319.65,354.6,428.45,452.63,300.82,168.09,81.9,37.42,36.6,136.72,507.38
365.31,369.09,415.61,432.73,279.95,159.64,73.92,36.26,38.26,151.87,508.82,396.11
443.34,421.99,326.56,218.98,136.63,63.59,36.69,41.5,166.02,489.6,406.58,453.86
458.97,337.5,195.43,117.3,50.07,32.0,40.73,154.08,398.94,418.31,470.89,362.41
267.68,149.18,80.6,34.96,30.42,58.09,214.86,326.22,424.32,469.68,360.81,281.5
184.78,106.68,48.89,32.56,41.9,155.5,360.22,419.43,468.2,362.19,279.77,263.51
148.33,80.24,38.98,35.47,85.77,301.31,431.28,447.04,443.99,323.75,279.66,268.28
74.69,34.26,40.76,120.71,299.86,361.78,434.3,438.69,292.08,240.36,221.95,232.02
41.0,50.28,88.8,167.46,241.3,300.98,379.98,456.81,374.18,270.57,230.83,219.65
54.81,97.87,206.7,254.74,337.67,422.03,416.9,281.76,245.99,231.02,222.21,212.23
88.76,183.57,293.91,363.88,420.84,367.72,288.78,249.3,231.31,236.19,243.57,247.43
182.79,371.9,408.73,434.01,313.84,267.18,229.99,220.59,221.56,234.82,249.55,266.83
357.04,430.78,450.04,352.09,291.48,249.15,230.87,237.77,259.96,289.81,325.29,372.36
444.45,504.15,410.4,314.79,271.82,249.23,246.79,270.85,311.63,355.43,387.32,422.85
446.36,381.46,300.38,261.13,237.38,233.9,242.82,271.87,312.7,355.12,401.71,455.37
395.94,282.79,259.0,233.42,228.35,237.55,254.25,289.33,334.55,383.63,432.32,466.72
319.66,257.41,229.21,224.22,237.21,258.22,290.5,324.77,365.2,407.74,442.63,437.31
282.97,248.27,235.33,234.65,252.85,284.63,316.8,348.76,392.3,431.55,432.46,322.91
251.83,228.72,238.23,251.32,279.47,323.12,366.09,394.97,413.7,400.76,294.69,179.36
252.8,248.25,265.33,289.56,328.8,375.79,415.23,435.05,395.11,250.97,165.03,123.88
223.18,261.46,268.86,264.81,288.37,351.54,386.44,360.86,303.74,185.89,101.08,58.5
215.2,255.38,249.52,237.45,268.42,341.4,353.62,271.09,153.24,61.81,28.07,26.15
252.27,256.52,268.61,290.06,350.99,394.96,351.93,244.81,136.4,58.06,29.89,31.14
226.1,244.49,283.41,342.32,406.01,385.45,308.61,172.58,76.3,34.8,30.71,57.16
272.17,306.33,371.07,408.3,369.67,282.71,166.35,70.02,37.49,36.87,76.35,177.6
269.86,319.46,381.52,389.67,312.86,191.97,89.33,39.56,35.05,59.4,167.05,253.95
331.37,359.27,358.37,299.9,184.45,92.02,40.06,35.12,57.07,164.9,251.69,350.5
362.39,367.34,304.58,183.16,94.48,37.27,30.1,54.08,172.72,273.66,363.17,405.13
375.89,302.27,184.34,99.61,39.02,28.47,49.62,167.66,269.52,360.92,404.34,427.14
267.23,146.46,83.65,40.95,33.62,61.59,199.85,259.41,342.85,415.03,436.68,325.18
154.59,89.65,47.0,39.44,64.27,199.64,267.6,343.3,411.58,433.17,314.66,267.4
109.39,48.32,35.78,57.53,146.17,225.03,307.96,391.75,426.75,327.57,271.09,236.97
70.74,38.43,41.02,101.02,214.86,357.12,414.48,468.5,353.46,287.01,260.44,248.99
21.65,59.01,170.73,307.14,413.86,497.58,370.15,248.73,204.1,228.4,241.51,226.96
76.59,191.98,348.57,355.07,391.95,304.25,256.89,223.87,225.15,238.14,251.74,267.48
158.87,315.22,401.09,437.07,357.5,285.76,239.13,222.27,222.76,240.51,262.44,274.18
310.64,390.17,452.68,403.5,313.37,265.21,233.65,225.49,231.85,230.99,226.57,226.46
437.91,487.09,404.78,321.97,276.27,251.13,248.07,273.01,319.5,377.34,360.59,256.53
455.81,376.59,313.88,278.7,258.66,258.71,277.29,322.48,388.54,445.34,380.33,265.69
401.33,305.45,268.51,245.98,251.97,265.01,288.55,331.82,382.23,423.58,366.07,246.36
335.97,281.5,255.47,241.49,250.73,269.67,311.16,363.21,406.01,415.4,299.63,184.23
293.34,268.4,249.4,256.3,278.27,313.69,357.17,398.94,421.78,368.31,232.88,150.15
275.99,244.01,243.3,264.69,302.19,345.43,367.97,379.16,353.57,256.17,168.73,135.47
234.52,227.45,255.22,290.56,348.44,391.57,395.74,333.58,229.85,170.11,151.4,160.21
198.66,236.21,283.87,300.33,314.82,335.18,343.14,315.81,254.38,198.22,163.69,136.6
267.44,272.58,314.43,361.19,381.22,361.32,268.73,194.29,174.7,185.84,170.56,121.85
293.1,297.38,335.83,387.93,391.77,277.95,194.06,170.6,183.2,174.32,123.24,70.98
322.05,332.28,358.24,354.31,266.24,200.52,185.69,201.09,188.42,129.01,66.09,46.31
316.07,331.46,353.24,319.34,239.1,197.7,185.78,165.76,108.77,57.56,46.4,61.86
364.16,370.72,330.18,249.62,197.74,178.57,165.31,115.75,62.16,48.33,63.03,152.08
419.68,348.61,234.16,178.25,158.29,156.66,119.02,66.13,48.79,61.99,146.69,208.15
363.48,248.35,168.22,127.72,106.51,74.34,53.23,66.09,126.32,180.98,269.28,357.27
345.99,209.86,140.34,89.57,45.61,40.44,67.87,175.02,234.84,317.55,386.82,426.1
280.79,168.62,103.34,46.32,34.83,53.78,175.18,233.0,308.01,382.98,423.17,380.47
248.35,132.35,62.42,37.76,43.82,136.19,230.08,305.52,382.56,428.48,392.62,294.45
119.24,49.53,36.76,56.4,159.74,250.24,333.05,402.19,425.38,300.57,255.78,232.16
38.47,36.8,62.98,166.85,297.25,386.49,456.4,397.46,291.91,251.01,236.23,234.98
44.77,56.8,99.64,201.04,263.56,311.23,381.35,407.04,280.63,209.97,177.24,193.38
100.01,115.72,156.81,237.71,346.64,457.9,470.85,376.44,317.71,301.42,287.55,287.06
51.47,67.29,161.31,263.1,391.83,503.43,479.09,371.89,313.78,285.34,266.83,274.53
206.73,287.64,405.96,493.25,441.15,370.35,316.22,290.49,271.89,272.29,308.53,396.59
296.39,445.42,473.03,444.53,368.11,318.46,294.1,276.67,277.76,313.88,393.38,478.86
437.68,498.04,419.7,351.92,312.87,288.1,282.42,291.22,335.98,414.71,475.97,478.35
515.12,463.22,373.64,317.3,292.01,282.7,290.04,321.18,389.07,457.04,475.49,450.63
483.04,344.24,292.09,273.4,268.41,290.41,346.42,437.51,473.36,423.94,398.0,375.13
360.55,314.48,263.49,263.32,296.2,366.57,455.83,477.36,424.18,383.34,355.04,289.25
334.35,296.45,281.65,284.55,311.15,365.35,428.51,453.59,435.23,393.42,311.25,228.23
300.95,299.09,303.88,313.22,329.76,361.54,407.2,458.12,444.87,338.27,239.82,176.27
324.04,319.92,321.82,322.8,327.62,353.09,408.24,450.75,363.05,245.06,177.19,137.08
343.72,334.34,315.39,303.33,303.69,330.17,380.59,392.28,293.48,198.68,136.78,94.74
352.3,324.46,293.54,286.61,302.87,346.54,386.39,323.98,214.87,138.17,79.7,50.62
369.54,362.92,354.2,319.35,278.33,260.91,258.55,236.73,163.14,88.05,54.4,47.11
371.59,357.66,338.28,293.54,254.83,233.93,204.97,140.95,72.24,49.67,50.02,125.25
282.06,228.21,206.76,232.96,279.65,269.45,172.03,80.89,47.45,43.91,85.15,267.9
271.21,250.17,278.15,313.21,271.86,165.72,73.49,43.34,42.95,92.23,257.48,387.52
245.64,217.77,224.51,236.58,177.61,96.68,49.31,43.41,61.25,193.48,299.76,404.96
260.79,195.3,149.36,108.97,59.44,40.34,47.53,147.06,284.57,401.78,441.98,445.37
189.61,121.79,61.94,35.21,37.52,91.76,182.0,268.82,379.72,437.2,414.3,297.14
161.18,94.22,46.95,38.01,53.35,170.28,314.42,397.3,470.17,412.37,295.03,270.47
119.89,55.49,35.94,42.9,133.27,281.83,365.43,450.03,444.44,309.88,269.42,259.06
104.18,46.1,33.08,55.7,203.21,369.97,363.67,452.78,339.39,257.3,224.9,228.8
36.98,37.71,67.84,171.95,276.43,361.12,449.6,435.61,309.19,275.06,261.04,244.42
57.65,82.95,171.96,231.59,278.22,374.3,468.01,457.88,331.82,295.44,274.76,266.62
77.8,153.34,295.49,379.88,452.32,414.13,298.77,269.63,242.7,245.69,259.25,271.04
70.96,128.89,219.2,255.77,341.34,425.07,428.98,310.35,277.5,244.79,249.97,264.05
281.4,376.33,449.24,424.39,340.56,298.7,265.25,259.11,265.27,301.37,365.88,440.71
340.98,405.36,457.84,406.82,344.96,303.18,276.5,277.46,300.79,358.21,438.62,422.65
411.42,452.17,389.65,333.75,295.11,273.92,280.88,308.48,374.41,449.77,388.69,257.39
