235.66,458.44,612.34,627.04,633.51,635.33,635.67,635.8,635.89,635.96,636.02,636.07
300.2,541.39,623.78,632.32,635.39,635.98,636.15,636.24,636.32,636.38,636.44,636.49
530.73,610.39,629.32,636.18,639.54,640.11,640.14,640.17,640.21,640.25,640.29,640.33
543.12,608.3,626.03,635.87,639.75,640.19,640.13,640.13,640.15,640.18,640.22,640.25
543.02,607.07,622.06,632.34,638.64,640.0,640.17,640.16,640.16,640.16,640.18,640.21
535.44,601.09,621.88,633.24,639.1,640.12,640.19,640.16,640.16,640.17,640.19,640.21
542.83,607.02,620.8,626.04,622.68,609.9,605.07,610.53,622.64,634.66,639.41,640.43
538.01,605.39,620.06,624.93,617.94,579.24,519.09,445.33,375.93,347.61,346.77,398.11
535.81,604.03,619.92,624.93,617.62,575.8,495.81,396.03,353.97,345.63,348.16,408.17
535.51,603.78,619.96,624.99,617.44,574.84,490.24,382.53,343.13,335.81,340.35,393.29
542.57,609.28,623.54,627.89,617.03,568.96,473.05,372.28,339.23,327.97,325.99,370.56
538.95,606.32,621.91,624.41,603.75,550.52,450.35,355.9,324.22,310.78,312.68,337.15
536.64,605.33,622.51,622.81,594.49,535.75,434.51,344.65,316.64,307.59,308.99,316.65
534.4,604.76,623.15,608.6,557.41,457.43,355.32,319.71,309.6,306.48,309.94,316.04
546.12,613.69,613.61,567.67,472.58,357.53,317.44,312.39,307.39,306.44,309.87,315.51
541.28,606.13,599.91,547.08,440.84,336.18,312.7,306.73,305.74,309.74,315.5,329.82
533.33,574.09,529.15,405.63,313.76,303.56,299.07,300.47,318.32,352.02,427.76,540.47
507.49,528.0,453.67,322.72,290.31,288.54,286.47,302.64,330.48,401.74,530.33,620.33
391.99,246.85,199.26,208.83,246.56,291.66,340.89,457.38,577.21,607.18,617.14,627.93
424.1,355.47,231.62,231.42,230.4,263.41,294.63,332.11,454.14,600.14,614.74,621.9
370.98,193.94,167.87,176.51,200.47,253.68,352.62,529.73,609.43,615.52,620.68,630.38
322.4,163.95,157.92,187.72,257.05,396.67,565.79,616.34,624.63,632.11,635.72,636.42
336.13,177.17,174.43,231.44,344.12,543.84,615.03,625.05,633.74,636.27,636.7,636.83
268.19,200.58,227.61,306.18,488.8,618.15,631.36,634.75,635.35,635.52,635.62,635.69
331.04,388.11,489.43,550.63,537.32,477.69,400.95,345.82,335.95,324.99,313.3,309.2
203.68,312.37,485.2,602.8,615.16,620.98,621.03,608.07,571.76,511.53,423.73,357.37
306.3,429.56,570.45,619.27,615.49,587.08,537.36,444.58,358.81,341.68,338.19,342.01
393.65,546.59,606.79,616.13,622.79,610.34,566.41,480.66,378.4,342.82,343.38,341.31
431.62,569.52,606.02,610.48,617.4,622.02,605.32,558.39,465.23,368.0,344.38,347.98
541.99,606.46,618.64,621.21,624.51,621.2,587.43,521.47,420.16,347.52,335.06,327.84
542.59,606.94,619.07,621.68,624.98,621.06,585.58,516.42,413.94,345.96,334.1,324.18
543.92,608.28,620.46,623.58,626.58,616.12,569.12,474.88,372.63,340.67,333.28,319.36
548.74,613.18,625.63,629.78,627.05,591.32,518.68,414.06,348.29,329.93,316.41,314.85
543.46,610.07,625.92,626.59,597.85,537.12,435.35,347.24,319.55,311.39,312.73,317.15
529.4,594.89,618.84,596.63,540.12,436.36,338.09,312.02,306.22,308.45,313.97,321.88
526.29,583.51,580.78,525.07,418.79,326.58,305.98,301.19,304.5,311.14,324.11,355.08
530.15,573.52,532.09,414.72,318.18,303.38,298.97,300.12,314.57,345.46,413.4,523.18
513.57,560.1,526.3,414.31,310.16,293.4,287.44,287.84,305.12,351.9,469.82,599.3
518.24,563.17,527.86,412.4,308.76,294.23,288.88,289.63,306.7,351.18,463.04,594.11
530.82,574.04,529.94,403.03,304.24,298.29,297.26,299.42,317.63,351.96,429.42,542.9
516.96,566.67,539.82,434.04,312.59,283.02,278.87,279.79,288.03,312.28,373.38,499.16
495.84,549.76,520.02,410.48,297.83,273.13,267.26,271.5,289.22,323.64,424.92,558.44
504.29,548.33,507.77,385.48,284.04,269.75,263.55,269.26,290.98,325.11,432.11,572.03
468.35,513.38,467.5,331.61,271.61,261.46,261.77,280.51,310.41,400.21,539.2,613.27
408.9,344.86,254.19,240.4,251.4,271.72,311.23,382.71,518.6,605.93,615.65,626.22
189.54,175.34,187.82,198.53,232.19,280.22,366.22,532.09,611.67,615.16,617.52,623.78
389.72,304.1,228.78,229.17,294.73,337.31,491.47,614.41,626.75,633.89,635.56,635.87
146.5,172.21,221.62,334.81,536.33,612.71,620.7,629.65,635.07,636.31,636.53,636.61
157.24,229.83,357.12,541.97,618.6,629.11,634.08,635.21,635.39,635.46,635.51,635.56
209.12,382.63,550.45,609.42,623.45,629.89,634.02,635.2,635.45,635.57,635.66,635.73
308.71,543.91,621.8,627.2,632.47,635.7,636.48,636.69,636.8,636.88,636.94,637.0
370.91,562.44,626.46,629.72,633.08,637.97,640.07,640.49,640.63,640.71,640.77,640.83
534.99,613.53,628.07,629.86,631.06,635.01,639.21,640.35,640.43,640.47,640.52,640.56
544.2,611.34,627.53,630.05,631.06,634.95,639.14,640.27,640.35,640.39,640.44,640.48
543.69,608.22,624.34,629.9,631.31,634.99,639.13,640.25,640.33,640.36,640.41,640.45
550.02,613.48,626.22,632.34,637.69,641.94,645.74,646.57,646.45,646.39,646.39,646.41
547.81,611.11,622.9,625.64,631.05,639.24,643.89,644.58,644.43,644.35,644.35,644.36
544.7,607.98,619.78,621.65,623.82,630.94,637.99,640.63,641.33,641.44,641.43,641.42
543.34,606.68,618.57,620.62,623.11,625.6,615.64,594.45,580.05,567.99,549.92,518.99
541.89,606.31,618.55,620.71,623.39,624.44,605.44,559.78,491.64,421.18,367.38,358.58
540.01,605.95,618.59,621.06,624.24,622.24,591.95,531.29,432.68,356.66,345.19,353.21
520.57,602.46,620.58,625.46,615.0,569.29,478.16,372.83,336.17,322.85,310.72,314.06
529.6,593.63,620.46,616.21,574.38,490.88,378.96,326.73,313.39,307.41,314.26,347.52
530.0,586.53,581.17,522.26,415.4,326.61,307.52,303.66,307.25,313.47,326.57,357.7
531.45,573.86,535.33,423.07,322.56,305.58,300.89,301.62,310.13,335.64,393.78,516.97
501.63,507.53,409.42,304.84,287.3,288.45,311.45,364.27,516.36,621.89,625.92,630.94
491.3,476.24,337.94,265.7,263.04,271.2,307.81,431.86,601.04,616.69,624.16,631.55
493.67,483.54,351.39,265.2,265.05,303.78,426.34,600.48,622.83,630.12,634.69,636.0
485.09,455.73,289.76,254.72,267.87,313.69,465.9,611.93,622.68,632.32,635.62,636.2
342.67,193.74,178.46,193.04,253.94,408.16,583.01,616.93,624.73,632.05,635.76,636.62
200.14,167.67,181.83,231.04,327.08,527.13,611.11,617.07,624.16,632.04,635.83,636.56
158.56,264.88,427.77,582.27,602.77,618.71,631.86,634.65,635.25,635.47,635.59,635.67
221.37,394.37,576.2,616.54,626.89,633.02,635.24,635.68,635.83,635.92,635.99,636.06
313.42,545.81,622.76,629.93,634.74,636.21,636.52,636.65,636.73,636.8,636.87,636.92
546.98,615.98,629.07,633.49,638.31,640.08,640.24,640.27,640.32,640.36,640.4,640.44
544.84,612.0,628.41,633.48,638.19,640.0,640.17,640.19,640.23,640.28,640.32,640.35
543.99,608.48,625.29,633.32,638.43,640.06,640.15,640.15,640.18,640.22,640.26,640.29
543.76,607.19,621.34,630.62,638.25,640.16,640.2,640.14,640.14,640.16,640.19,640.22
541.88,606.53,619.5,625.59,633.98,638.33,639.82,640.15,640.18,640.17,640.17,640.19
531.92,599.48,617.84,623.4,626.43,620.57,618.3,627.57,636.7,639.54,640.03,640.11
520.36,592.25,609.16,618.59,624.56,609.29,567.73,516.6,453.26,385.68,353.23,343.63
525.0,592.66,607.61,612.93,618.98,610.25,564.37,479.03,390.05,358.62,351.69,347.9
517.65,591.47,607.62,612.67,614.55,603.02,561.44,469.39,372.52,346.31,341.68,343.19
521.31,591.62,607.91,613.19,612.9,594.8,548.34,452.66,359.58,332.83,322.93,346.84
531.28,593.88,608.2,613.47,611.79,589.73,537.46,436.91,351.09,325.42,312.77,317.91
523.58,592.65,608.4,613.81,611.17,586.71,531.92,428.47,343.25,321.74,309.93,308.91
532.0,595.74,612.47,610.15,583.59,526.24,419.62,329.51,310.11,306.45,307.49,312.39
551.21,618.53,619.74,573.37,476.79,363.27,322.52,316.55,311.75,312.06,315.18,319.35
537.35,589.55,567.11,479.0,357.82,314.01,312.21,312.07,328.18,402.87,545.77,605.48
526.78,566.1,526.34,415.15,319.96,304.73,300.5,303.93,327.77,445.31,597.29,612.98
488.47,475.31,348.22,278.16,274.84,291.47,325.61,436.54,602.29,625.01,630.91,634.39
476.95,450.98,294.45,251.76,259.98,286.48,372.06,545.69,616.94,627.39,634.27,636.05
443.9,413.71,280.74,263.84,276.7,364.63,543.99,620.97,631.99,635.54,636.15,636.3
273.54,187.31,201.25,291.47,487.33,618.12,631.68,634.86,635.39,635.54,635.63,635.71
156.28,261.13,428.3,602.96,620.59,630.92,634.89,635.59,635.73,635.81,635.88,635.94
218.48,402.06,585.56,621.44,632.91,635.24,635.56,635.64,635.7,635.76,635.82,635.87
351.6,558.03,628.34,635.35,637.4,637.79,637.92,638.01,638.08,638.13,638.19,638.24
336.95,531.97,624.2,632.37,637.36,638.9,639.22,639.34,639.43,639.49,639.55,639.6
543.13,613.88,628.88,633.49,638.26,640.04,640.2,640.23,640.27,640.32,640.36,640.39
544.14,610.69,627.85,633.72,638.36,640.01,640.14,640.16,640.2,640.25,640.29,640.32
544.24,608.51,624.52,633.72,639.42,640.88,640.89,640.86,640.88,640.92,640.95,640.98
542.37,606.82,621.67,631.32,638.51,640.18,640.19,640.14,640.14,640.16,640.19,640.22
533.32,604.78,628.16,634.06,638.56,640.07,640.18,640.2,640.24,640.28,640.32,640.35
535.53,602.75,622.32,632.49,638.78,640.18,640.17,640.13,640.14,640.17,640.2,640.24
523.3,597.82,624.53,633.63,638.71,640.09,640.14,640.13,640.16,640.2,640.24,640.27
514.6,594.33,616.44,623.35,624.26,602.16,549.67,456.67,373.36,352.62,351.64,396.8
520.2,592.23,610.22,620.59,623.44,598.53,542.78,443.48,356.77,336.71,333.46,370.68
527.07,592.77,608.33,615.89,621.46,600.79,546.75,446.98,356.32,331.87,320.66,335.93
531.37,593.9,608.26,615.44,620.81,600.45,546.46,446.62,355.78,330.01,315.07,313.81
531.74,594.72,611.87,621.93,614.68,568.83,476.41,371.44,334.96,320.95,309.1,307.82
532.73,600.08,620.06,608.95,558.73,458.94,354.67,319.04,310.37,306.28,308.78,314.24
548.05,614.31,610.13,560.08,458.2,348.78,316.77,311.11,306.84,308.23,312.22,319.94
539.85,599.68,587.75,523.84,410.59,324.87,312.88,307.92,308.73,319.44,360.09,506.61
531.35,571.73,528.15,411.15,318.13,304.49,299.58,301.09,323.01,403.07,546.34,610.94
477.06,451.28,292.17,250.85,257.01,272.07,310.86,440.19,605.21,617.08,626.07,633.84
469.21,437.34,275.85,246.1,263.45,317.66,502.98,614.88,625.83,632.65,635.38,635.87
445.1,398.27,262.53,262.93,296.01,436.42,605.41,625.14,633.48,635.53,635.88,636.0
261.14,185.72,197.13,271.71,433.15,606.87,626.44,633.63,635.55,635.92,636.06,636.15
154.13,190.16,260.47,425.52,603.72,622.89,628.41,633.65,635.65,635.98,636.07,636.12
230.9,293.77,470.63,615.63,631.2,634.65,635.23,635.38,635.48,635.55,635.62,635.68
215.52,408.42,596.02,619.11,628.21,634.05,635.96,636.33,636.46,636.55,636.62,636.68
311.96,546.63,623.9,629.89,635.01,636.8,637.15,637.28,637.36,637.43,637.49,637.54
534.15,613.41,628.22,631.01,635.26,639.25,640.23,640.3,640.34,640.38,640.43,640.47
544.52,610.77,627.38,631.27,635.33,639.22,640.16,640.22,640.25,640.3,640.34,640.38
543.88,607.71,623.15,630.51,635.63,639.3,640.11,640.14,640.16,640.2,640.25,640.28
543.43,606.85,619.9,626.67,635.09,639.55,640.22,640.15,640.13,640.15,640.18,640.22
534.38,599.71,620.01,628.63,635.83,639.57,640.19,640.15,640.15,640.18,640.22,640.25
522.43,591.99,618.12,626.91,635.39,639.62,640.22,640.15,640.14,640.16,640.19,640.22
519.5,595.71,617.76,621.48,626.56,630.67,634.16,638.38,639.9,640.17,640.18,640.17
515.12,591.79,611.39,619.61,624.84,621.8,590.79,537.4,459.92,386.87,358.65,356.63
529.93,593.38,607.22,611.38,619.84,621.39,590.69,529.57,434.35,362.32,352.16,355.55
523.52,592.41,607.11,610.65,614.99,612.76,586.1,524.8,424.83,351.5,340.97,336.72
529.01,593.26,607.76,612.68,613.51,598.12,553.15,460.43,363.65,332.92,318.38,313.6
530.34,593.65,608.35,613.67,611.27,587.41,533.45,431.85,348.3,324.04,310.31,308.25
532.31,595.56,612.18,612.42,592.1,542.79,444.61,347.74,316.47,307.91,307.86,312.51
545.42,613.11,615.1,571.34,480.74,362.93,317.77,312.25,307.21,306.56,310.21,315.83
540.13,586.81,554.85,445.8,337.86,314.14,309.2,310.03,313.13,325.0,355.15,457.26
516.46,547.54,488.69,358.66,302.52,296.35,290.96,307.63,353.69,506.75,609.34,625.33
487.39,458.55,301.84,266.06,263.44,275.19,303.72,384.07,545.63,614.9,622.1,630.06
488.73,457.1,289.16,254.25,267.39,295.31,385.71,550.4,617.72,628.99,634.98,636.56
488.84,460.12,302.19,270.31,281.87,338.81,517.98,619.53,630.88,635.01,635.75,635.92
369.65,218.37,202.91,243.53,344.29,527.67,613.78,625.15,633.52,635.76,636.14,636.27
337.12,200.24,211.16,313.78,522.32,621.26,632.51,635.29,635.77,635.92,636.01,636.09
177.98,193.49,258.6,406.8,589.17,623.97,629.1,634.1,635.83,636.11,636.19,636.25
248.74,295.97,410.19,558.64,623.39,628.3,633.27,634.9,635.12,635.18,635.22,635.27
351.03,490.95,605.88,622.0,611.02,573.74,523.57,460.46,400.19,357.16,348.22,360.21
521.34,601.89,621.5,623.84,600.95,547.29,451.48,365.16,339.1,344.78,406.45,558.44
540.81,607.06,622.02,623.66,600.14,545.56,446.43,357.11,330.83,338.12,398.85,552.21
545.94,612.17,626.82,627.44,598.5,537.32,435.77,349.14,325.26,327.72,374.84,530.47
539.41,606.5,622.0,623.51,599.36,544.19,443.8,351.21,321.88,315.93,346.52,483.57
535.18,602.42,625.97,626.98,596.29,532.42,429.83,346.3,324.3,325.84,370.56,524.98
530.09,597.77,620.73,623.12,599.79,545.13,444.69,352.35,324.33,319.19,358.68,512.92
494.53,596.66,621.35,625.34,608.96,560.03,464.08,365.3,334.94,321.02,311.29,320.81
489.23,589.91,620.08,625.09,608.31,558.28,460.78,363.33,333.48,318.64,311.74,329.32
523.13,602.86,621.67,624.1,601.9,547.9,447.67,353.81,322.1,309.21,308.48,314.48
540.97,607.39,622.61,622.68,594.13,535.11,433.8,344.24,316.46,307.55,308.74,314.17
540.88,607.58,623.06,620.88,586.44,519.22,415.33,335.95,314.76,307.16,308.38,313.56
541.25,609.58,623.47,607.79,556.35,456.1,354.51,319.14,308.96,306.78,310.71,317.0
528.17,609.45,615.01,572.48,483.9,365.53,318.06,312.77,307.75,306.13,309.37,314.53
535.41,594.5,577.25,503.07,386.67,318.24,311.56,306.8,304.34,306.17,314.76,337.94
531.47,580.89,552.63,448.65,335.62,310.77,306.65,302.16,302.19,308.75,331.51,376.36
529.83,576.27,542.12,432.27,326.24,306.68,301.44,301.41,306.31,326.7,366.88,461.22
523.89,559.28,502.26,375.4,311.49,304.96,298.44,308.74,335.9,421.46,567.4,619.53
496.16,476.56,335.85,278.84,278.89,292.05,314.4,370.9,520.56,617.94,625.14,630.37
469.04,463.78,339.71,276.88,275.16,309.48,427.07,600.01,623.58,632.22,635.36,635.99
300.37,202.85,210.87,264.98,333.75,490.96,614.5,626.38,633.55,635.5,635.87,636.01
193.16,198.9,243.15,312.16,451.33,607.37,620.1,629.13,634.45,635.68,635.9,635.98
190.87,344.85,537.25,614.48,624.2,629.28,633.99,635.67,636.02,636.17,636.26,636.33
243.31,490.47,612.16,623.46,629.64,634.39,635.94,636.25,636.38,636.47,636.54,636.6
301.28,534.64,621.25,628.05,633.5,635.68,636.12,636.27,636.37,636.44,636.5,636.56
532.31,608.62,626.94,631.39,635.67,639.34,640.15,640.2,640.23,640.28,640.32,640.36
543.74,607.52,622.62,630.42,636.14,639.52,640.13,640.13,640.15,640.19,640.23,640.27
542.77,606.67,619.58,625.89,635.04,639.67,640.25,640.17,640.14,640.15,640.18,640.21
529.44,591.33,617.34,627.67,636.4,639.91,640.24,640.16,640.14,640.16,640.19,640.22
525.06,581.59,609.06,623.92,635.58,639.94,640.37,640.25,640.2,640.2,640.22,640.25
517.79,588.59,615.91,621.44,627.22,630.74,634.73,638.72,639.98,640.18,640.18,640.18
538.15,603.66,618.3,621.52,624.95,618.09,581.63,530.63,463.86,394.32,358.68,350.28
532.24,597.39,616.4,622.76,624.55,605.5,553.22,454.37,363.51,342.92,342.24,366.04
523.81,593.04,610.51,620.49,624.42,604.61,551.73,452.09,359.59,336.43,328.36,345.19
531.55,595.33,614.32,623.4,622.48,592.38,531.78,431.23,349.11,327.0,313.5,318.07
530.25,594.25,613.69,623.15,622.21,591.65,530.49,429.8,348.43,326.43,311.64,310.33
531.84,594.74,611.02,613.71,600.37,557.73,463.26,360.7,323.27,312.6,306.88,308.19
532.58,598.02,612.5,601.35,558.63,471.17,360.49,318.08,312.36,307.28,306.91,311.22
543.71,612.08,613.05,567.25,472.18,357.1,317.07,311.91,306.91,306.15,309.68,315.46
534.66,577.25,536.26,419.78,321.25,305.18,301.0,302.15,315.14,343.97,405.45,512.75
509.03,536.33,472.32,333.6,289.35,287.38,284.29,300.25,328.95,408.58,546.2,621.88
427.96,367.33,235.02,232.1,232.36,268.3,302.75,368.08,529.59,611.06,617.18,625.92
411.97,305.38,217.62,213.91,227.97,275.3,334.87,513.68,609.65,620.03,628.9,634.48
358.47,180.82,166.36,182.97,215.14,301.51,502.91,606.4,616.54,626.11,633.82,635.78
251.79,154.05,156.98,195.84,271.28,409.06,570.66,616.14,625.38,632.44,635.28,635.79
279.53,164.93,175.02,237.49,356.09,550.14,616.11,626.3,634.4,636.51,636.86,636.98
255.02,206.07,238.32,330.26,536.24,621.6,632.53,635.35,635.83,635.98,636.07,636.15
182.63,284.42,424.4,565.25,612.64,620.61,621.87,614.95,610.88,623.19,633.81,635.11
240.99,405.25,551.66,608.56,621.78,631.45,634.68,635.17,635.26,635.32,635.38,635.44
339.56,520.34,614.34,623.74,629.98,634.21,637.3,637.94,638.04,638.06,638.09,638.13
445.85,587.36,617.51,621.52,626.86,633.08,637.27,639.56,640.02,640.08,640.1,640.11
521.92,603.18,618.43,621.21,624.72,626.58,620.67,621.56,632.3,638.74,640.01,640.17
527.28,603.53,618.43,621.1,624.28,623.2,599.16,557.66,506.02,443.41,379.61,355.56
547.48,610.71,622.48,624.74,627.69,625.39,593.16,533.44,450.13,379.33,359.78,364.69
547.18,611.36,623.78,626.18,629.16,625.11,586.92,510.21,406.5,357.29,354.57,359.53
539.49,604.68,619.35,622.31,625.67,620.37,581.43,504.76,398.08,345.15,341.17,339.85
541.03,606.18,618.65,621.34,624.68,620.33,584.09,513.69,410.75,345.64,337.12,331.06
544.21,608.28,621.24,625.84,622.46,587.31,518.25,415.43,345.16,326.14,312.38,313.2
537.98,605.19,622.43,621.58,590.22,527.8,425.33,339.81,315.17,306.99,308.3,313.61
530.84,595.27,615.35,583.16,512.99,402.07,323.23,310.4,305.69,307.54,312.76,320.21
530.63,581.48,556.94,456.59,342.51,310.31,303.31,297.28,301.52,323.11,365.02,462.13
536.43,577.73,532.06,406.43,313.21,304.84,301.45,303.08,320.5,351.55,417.65,524.99
506.49,543.29,495.46,371.7,294.0,286.45,280.92,296.34,330.42,424.83,554.54,615.86
519.1,551.46,491.97,357.63,291.73,286.7,287.15,298.89,322.01,377.33,491.72,602.37
481.28,506.32,444.42,305.87,266.03,254.74,250.08,260.56,287.73,339.1,474.56,598.62
432.9,404.81,282.32,242.57,247.72,256.18,279.04,306.91,366.41,505.36,602.25,611.18
407.13,324.05,233.04,230.62,250.49,269.17,295.86,333.48,444.23,581.5,612.24,617.54
336.05,190.02,182.75,190.94,203.3,246.53,295.31,376.36,524.25,609.74,615.15,619.89
321.93,173.99,169.27,182.24,201.25,250.49,318.59,463.19,607.93,614.56,617.71,625.54
324.99,170.84,161.53,186.4,231.46,318.6,517.69,610.52,617.02,625.61,633.79,636.09
279.75,177.26,175.77,201.87,259.33,344.75,528.82,612.26,617.22,625.1,633.66,636.39
175.83,187.53,224.56,272.61,342.01,490.69,609.11,616.28,623.12,630.48,635.0,636.05
199.23,346.81,529.01,608.63,622.72,629.99,634.11,635.22,635.46,635.58,635.67,635.74
335.38,544.13,625.83,634.39,637.58,638.21,638.38,638.48,638.55,638.61,638.67,638.72
298.23,527.68,623.02,628.08,633.52,636.53,637.22,637.4,637.51,637.58,637.65,637.7
460.34,610.65,626.96,629.43,631.85,636.77,639.62,640.23,640.39,640.48,640.55,640.6
543.67,611.88,627.8,630.26,632.33,637.13,639.89,640.29,640.33,640.37,640.42,640.46
543.28,608.66,625.05,630.66,633.05,637.64,640.34,640.72,640.74,640.77,640.82,640.86
549.1,613.31,626.29,632.73,638.96,644.09,646.42,646.51,646.37,646.34,646.35,646.36
549.11,613.14,624.99,627.88,634.24,643.26,646.52,646.65,646.48,646.41,646.39,646.39
546.53,610.54,622.36,624.32,626.95,632.13,633.92,638.22,642.33,643.69,643.96,643.99
542.52,606.61,618.87,622.29,625.13,613.36,568.86,496.34,419.49,365.67,356.23,352.24
542.48,606.82,620.17,624.9,617.53,575.2,490.84,381.65,339.21,330.27,328.86,372.77
537.48,606.15,623.34,613.2,565.57,470.3,364.62,324.46,313.01,307.54,313.28,341.97
517.33,588.68,610.36,578.81,506.23,393.86,320.54,310.57,305.2,304.52,308.78,315.06
517.71,569.85,557.14,485.33,372.36,307.36,298.29,292.83,293.03,299.78,320.39,371.75
527.92,570.56,530.79,417.58,320.06,304.2,299.98,301.24,312.48,340.18,399.05,506.38
504.31,531.6,469.97,336.72,295.82,289.71,285.25,301.17,332.58,414.25,541.58,621.33
519.76,552.26,494.15,360.65,292.51,283.49,283.05,294.09,315.12,358.32,478.04,607.32
510.46,523.33,427.03,309.27,283.35,275.65,282.08,306.6,374.25,529.43,613.67,624.52
497.9,508.22,409.87,292.72,273.62,276.38,313.3,462.48,616.53,627.5,633.34,635.46
439.79,409.81,271.21,235.83,249.8,294.53,414.92,588.54,617.01,626.1,634.18,636.35
352.19,200.23,180.86,193.54,247.3,382.9,558.7,615.13,620.68,629.81,635.74,637.22
146.12,161.27,201.63,274.84,432.42,595.63,617.18,623.7,627.81,632.94,635.59,636.07
162.51,287.29,464.15,585.38,604.72,612.63,617.17,625.89,633.15,634.77,635.2,635.38
233.75,407.04,559.08,599.14,611.74,627.06,633.69,634.93,635.28,635.44,635.54,635.62
293.74,530.79,619.4,627.68,633.03,635.16,635.6,635.75,635.84,635.92,635.98,636.04
517.5,613.65,628.12,630.8,634.91,639.04,640.2,640.36,640.44,640.5,640.55,640.6
546.0,614.07,628.42,631.17,635.4,639.31,640.23,640.3,640.33,640.38,640.42,640.46
544.52,610.06,626.91,631.52,635.66,639.44,640.33,640.38,640.41,640.46,640.5,640.54
545.52,609.16,624.13,631.82,637.41,641.02,641.74,641.72,641.72,641.75,641.79,641.82
542.99,606.76,619.58,625.75,634.68,639.55,640.24,640.17,640.14,640.15,640.18,640.21
526.01,601.75,618.38,622.01,628.34,635.03,638.5,639.87,640.16,640.18,640.17,640.18
521.23,596.17,616.45,621.25,625.27,624.27,613.62,610.05,618.3,631.18,638.1,639.72
522.64,593.0,610.67,619.03,624.69,621.12,589.1,539.25,469.81,398.44,359.88,351.83
525.11,592.7,607.81,614.18,623.26,620.34,583.86,515.01,420.11,359.96,354.03,355.38
532.75,595.63,612.82,623.03,623.42,594.06,533.98,433.68,351.18,330.67,321.69,349.84
531.7,594.06,608.81,616.92,620.19,592.51,532.76,432.33,349.24,326.17,311.93,313.5
531.74,595.01,611.62,612.7,595.09,549.07,451.3,351.47,318.11,308.55,306.87,311.23
533.89,600.76,614.9,597.97,544.23,437.58,334.93,313.03,307.3,307.26,311.78,318.39
549.41,612.99,603.95,551.4,445.89,339.24,314.0,308.24,305.5,308.48,313.3,324.91
535.7,586.76,564.31,474.71,353.9,313.59,314.55,318.52,352.87,494.45,608.67,620.33
508.31,522.77,438.68,322.52,300.21,293.59,296.64,330.03,469.06,609.65,626.74,633.79
485.92,455.17,290.84,257.11,262.93,276.53,308.18,424.99,595.62,616.36,623.89,631.66
483.0,452.01,284.82,251.48,266.1,305.63,447.04,607.79,620.31,630.1,634.91,635.94
471.62,444.58,295.87,256.75,270.13,344.18,530.77,617.83,629.4,634.7,635.81,636.01
317.48,189.01,192.28,267.35,441.55,607.66,627.42,634.02,635.35,635.6,635.71,635.78
147.61,174.91,244.96,383.87,568.68,620.59,626.34,631.4,635.39,636.36,636.52,636.58
185.01,305.46,529.93,617.58,631.31,634.94,635.52,635.65,635.74,635.8,635.87,635.93
238.18,476.2,611.38,623.84,632.03,635.49,636.22,636.4,636.5,636.58,636.64,636.7
317.29,550.72,624.41,630.49,635.47,637.12,637.44,637.56,637.65,637.71,637.77,637.82
546.61,615.81,628.77,632.57,637.55,639.96,640.26,640.29,640.33,640.38,640.42,640.45
545.36,613.04,628.53,632.71,637.56,639.91,640.2,640.22,640.27,640.31,640.35,640.39
543.42,608.96,626.18,632.79,637.72,639.91,640.13,640.14,640.18,640.22,640.26,640.3
541.12,607.51,625.63,632.87,637.9,639.95,640.14,640.14,640.18,640.22,640.26,640.29
533.3,601.43,626.01,633.08,637.95,639.96,640.14,640.15,640.19,640.23,640.27,640.3
531.56,602.08,618.69,623.62,630.28,634.36,638.12,639.8,640.15,640.18,640.17,640.17
527.01,594.27,613.18,621.61,625.52,614.79,584.12,555.88,519.39,463.21,393.32,348.08
529.38,593.35,607.66,613.59,622.11,614.24,570.67,498.09,419.75,365.44,355.85,349.51
495.13,589.11,606.9,611.68,617.48,618.02,597.78,550.96,465.89,385.93,361.73,362.95
531.51,593.83,607.61,612.3,613.97,601.03,559.22,469.98,369.67,339.61,331.74,334.14
531.67,593.93,608.02,613.18,612.46,592.82,542.71,444.01,354.92,327.29,313.84,317.64
532.7,594.94,609.1,614.33,612.63,590.21,538.92,441.55,353.89,326.16,311.63,309.61
531.93,595.11,611.68,612.23,592.58,541.63,438.34,341.36,313.72,307.09,307.66,312.55
533.68,600.22,609.32,585.92,530.17,421.52,328.22,311.8,306.81,306.8,311.22,317.49
534.98,584.05,559.3,463.32,344.68,311.24,308.96,306.69,313.92,362.49,514.62,603.67
530.79,570.55,529.46,416.73,321.05,305.76,301.42,304.73,330.24,450.35,599.72,614.68
488.29,458.06,296.8,263.53,268.22,281.33,312.01,419.21,588.16,617.88,625.4,631.85
474.4,445.87,285.04,246.34,258.67,293.4,410.28,580.83,618.07,627.94,634.5,636.16
420.01,335.24,219.4,229.23,285.09,394.49,565.4,619.7,629.83,635.13,636.38,636.63
389.74,238.34,202.74,251.65,378.51,552.78,617.11,627.94,634.8,636.4,636.69,636.8
252.17,191.71,214.5,316.59,526.51,621.0,632.37,635.3,635.81,635.97,636.06,636.13
250.4,226.67,313.32,506.94,624.19,633.18,635.07,635.45,635.59,635.68,635.76,635.83
233.08,297.88,413.74,561.0,622.06,625.87,631.01,634.55,635.09,635.17,635.21,635.25
317.31,401.76,542.1,618.71,629.79,635.21,636.53,636.72,636.77,636.81,636.85,636.9
518.45,600.71,620.17,626.09,622.04,614.01,617.87,629.9,637.71,639.68,640.03,640.1
541.82,606.85,620.74,625.19,615.3,579.2,537.91,480.3,412.05,351.55,341.08,348.78
541.59,606.76,620.71,625.01,613.5,568.44,491.2,408.29,358.97,346.33,348.62,405.6
541.25,606.62,620.69,624.97,613.09,565.84,475.43,380.76,352.36,344.44,350.19,419.48
541.03,606.53,620.67,624.95,613.05,565.31,471.24,372.92,344.96,339.17,347.11,414.8
533.24,600.36,619.51,624.51,614.88,570.05,485.05,388.44,354.23,345.95,348.88,409.71
528.03,597.37,619.04,624.66,618.92,586.99,547.49,496.39,432.44,362.48,341.34,343.67
535.35,605.36,620.86,625.02,611.7,562.63,465.8,366.14,334.24,320.32,314.55,341.45
435.47,578.95,620.06,626.29,616.96,579.93,514.34,418.37,346.78,332.49,321.88,338.13
532.9,605.8,622.58,622.74,594.29,535.51,434.43,344.67,316.69,307.84,310.16,323.42
542.09,609.41,623.73,610.39,560.43,461.9,359.33,322.07,311.14,306.71,309.43,315.23
543.51,612.85,616.72,576.02,492.86,374.04,318.75,312.28,307.2,306.98,311.04,317.12
546.72,612.06,601.98,548.73,442.1,336.63,313.65,308.04,305.68,308.92,314.02,326.74
541.37,605.81,591.24,531.17,419.19,325.85,312.45,307.34,305.68,308.85,314.28,332.03
532.37,584.51,560.52,464.26,346.13,312.67,309.25,304.43,303.1,306.25,323.38,356.06
524.59,568.73,528.13,414.49,319.26,304.14,300.08,302.14,320.08,382.96,526.67,609.73
502.19,503.42,392.25,293.02,281.25,290.17,311.31,360.23,516.34,618.82,626.11,631.09
496.17,479.23,338.86,277.02,279.73,294.83,324.07,445.58,604.94,623.17,630.88,634.81
480.18,475.38,352.84,276.84,276.33,310.14,436.99,608.79,625.84,632.85,635.4,635.93
424.98,416.54,304.36,268.28,292.39,378.65,552.07,624.24,633.35,635.8,636.25,636.39
189.2,197.03,240.04,346.63,534.83,616.92,625.02,631.23,635.38,636.36,636.53,636.6
187.64,280.05,450.19,617.32,632.07,634.98,635.46,635.6,635.69,635.76,635.82,635.88
213.04,396.13,581.89,617.61,630.29,635.08,636.04,636.22,636.32,636.39,636.45,636.51
323.23,540.67,623.77,631.99,635.55,636.32,636.51,636.62,636.69,636.76,636.82,636.87
542.76,612.38,628.77,634.03,638.57,640.05,640.16,640.19,640.23,640.28,640.32,640.35
543.93,608.65,625.86,634.35,639.04,640.12,640.13,640.13,640.16,640.2,640.23,640.27
543.73,607.22,621.49,631.32,638.66,640.17,640.22,640.18,640.17,640.19,640.21,640.24
543.42,607.01,620.04,626.55,632.72,636.68,639.39,640.19,640.31,640.31,640.31,640.32
536.58,603.05,619.6,626.28,630.22,633.71,638.22,639.87,640.16,640.18,640.17,640.18
522.34,587.4,616.29,626.77,633.97,638.08,639.79,640.16,640.19,640.18,640.18,640.19
522.84,593.9,618.81,627.42,635.31,638.85,639.96,640.17,640.18,640.17,640.17,640.19
520.33,591.8,610.58,621.27,622.19,592.11,531.97,435.25,359.59,343.19,346.24,406.41
531.58,593.99,608.62,616.68,621.06,596.35,539.7,440.15,354.35,333.77,327.86,361.96
531.68,594.22,609.66,618.98,619.33,584.47,515.04,411.94,342.9,325.57,315.61,333.89
531.7,594.38,610.17,616.68,612.07,570.78,482.08,374.31,333.22,319.38,309.81,312.01
531.64,594.52,610.5,614.21,603.7,564.12,475.04,369.0,327.77,315.76,308.3,307.25
532.18,597.41,613.09,605.63,569.34,489.2,374.73,321.25,313.7,308.21,306.48,310.23
547.13,613.67,610.84,562.27,462.64,351.13,316.52,311.55,306.65,306.39,309.93,316.45
521.13,573.83,566.19,503.71,392.81,312.83,302.07,297.06,294.47,300.22,326.34,456.67
522.07,561.61,517.09,402.43,313.34,300.58,295.52,297.44,318.28,380.66,524.81,611.87
452.98,419.0,271.91,243.9,245.95,270.09,310.05,413.87,579.87,618.46,628.11,634.21
444.01,398.72,241.14,223.61,231.22,252.76,293.75,433.46,592.43,610.39,621.6,630.18
451.81,412.85,259.39,239.59,256.38,310.79,487.91,605.8,616.58,626.91,633.57,634.99
396.35,307.19,223.7,231.11,275.31,370.96,541.98,615.24,629.46,634.35,635.13,635.25
136.6,226.33,352.39,508.1,596.78,610.27,615.56,616.69,616.86,617.93,626.21,633.22
190.28,362.66,545.64,616.29,626.79,632.86,635.04,635.47,635.61,635.71,635.78,635.85
270.03,540.37,621.34,629.77,634.82,636.25,636.53,636.65,636.73,636.8,636.86,636.91
366.82,563.84,626.42,633.74,637.16,637.9,638.08,638.17,638.25,638.31,638.36,638.41
358.78,548.12,624.39,630.19,635.56,638.63,639.34,639.52,639.62,639.69,639.75,639.8
442.93,591.79,625.33,629.3,631.76,636.64,639.48,640.09,640.25,640.34,640.41,640.46
534.34,606.18,623.39,629.74,632.35,636.84,639.73,640.18,640.21,640.25,640.3,640.34
543.52,606.84,619.8,625.86,632.03,637.18,639.8,640.14,640.14,640.16,640.2,640.24
549.01,612.76,624.95,628.24,635.09,643.51,646.57,646.64,646.45,646.38,646.37,646.37
543.29,608.55,624.2,627.14,632.87,642.48,646.32,646.62,646.5,646.44,646.41,646.4
550.25,613.27,624.81,626.56,628.47,631.86,626.79,617.82,618.62,627.46,638.25,644.12
550.28,613.27,624.8,626.55,628.42,630.5,615.51,571.68,511.77,445.22,384.2,364.66
550.25,613.27,624.83,626.64,628.73,629.98,609.31,555.96,463.51,382.38,361.04,372.89
547.38,610.55,622.42,625.11,628.21,620.88,577.13,488.16,382.18,347.62,346.28,348.56
543.23,606.72,618.95,622.41,625.09,612.02,563.11,466.41,367.12,338.97,333.04,324.42
549.79,613.54,627.34,629.62,606.86,550.75,449.87,357.56,324.79,314.32,314.9,320.05
549.91,615.13,629.14,615.48,563.53,462.75,362.47,324.25,313.84,313.15,316.72,321.49
542.15,610.23,609.87,561.57,461.78,350.61,316.2,310.86,306.08,306.43,310.26,317.37
536.14,584.38,555.69,450.99,338.4,312.36,306.9,304.2,305.98,316.19,341.25,391.39
519.93,569.13,545.56,453.1,340.41,304.18,295.81,288.02,290.52,313.01,366.11,487.75
455.57,482.22,413.65,293.59,263.02,258.59,269.49,297.62,365.23,524.26,615.64,626.23
330.88,180.46,169.51,170.13,176.56,191.93,218.42,281.94,452.14,595.92,611.63,615.31
399.57,284.38,209.61,200.77,208.83,252.95,352.58,530.08,608.63,618.34,625.25,631.09
324.56,168.55,163.64,179.91,213.96,303.37,500.86,608.02,616.09,624.29,632.97,635.64
274.47,157.62,162.99,195.4,258.44,368.6,545.2,612.35,617.35,625.54,633.87,636.31
195.66,165.99,172.22,208.93,292.88,442.8,604.28,616.31,623.32,630.47,635.03,636.12
240.14,201.27,227.54,285.0,413.09,587.8,622.3,632.02,635.24,635.84,636.0,636.1
170.7,243.95,316.07,450.46,578.16,609.98,621.42,617.85,605.66,599.05,611.27,630.34
191.1,272.22,375.53,521.88,603.16,616.9,619.18,604.22,562.91,489.49,398.28,346.26
386.39,534.31,604.07,610.25,615.87,616.25,592.26,540.58,444.7,356.39,337.23,331.56
508.57,587.7,606.15,609.98,615.52,614.97,577.18,497.01,387.99,340.02,332.63,319.56
540.83,606.19,618.61,621.31,624.66,620.43,584.43,514.47,411.55,344.87,333.06,320.3
548.64,613.06,624.93,627.4,630.34,623.54,579.54,488.9,383.07,345.63,338.13,324.25
543.05,607.52,619.86,623.42,625.78,610.79,560.28,461.79,365.18,337.95,327.65,313.88
548.69,613.4,626.78,630.5,615.8,563.92,463.92,368.44,334.86,319.28,314.38,316.94
542.45,608.74,623.85,615.63,570.3,479.08,370.14,325.95,313.98,307.31,307.75,312.44
550.88,619.47,618.6,569.29,468.38,358.92,322.6,315.94,312.3,314.12,317.39,322.14
538.47,600.61,588.36,528.1,415.71,323.94,311.11,306.02,304.32,307.42,313.15,332.03
535.8,592.68,574.67,498.78,381.53,316.23,310.5,305.9,302.97,304.46,313.5,337.24
532.49,580.49,551.62,447.14,334.41,310.23,306.27,301.66,301.38,307.82,330.51,375.12
522.41,567.71,533.02,422.24,317.56,299.05,293.21,292.89,305.9,339.99,421.42,541.97
530.2,574.31,530.49,405.3,310.03,301.78,298.36,299.9,317.38,350.79,425.84,538.09
521.58,567.1,530.05,407.8,296.11,278.2,272.41,272.18,283.69,306.01,352.91,474.37
528.7,571.87,526.46,398.48,297.98,284.53,280.28,284.36,298.27,321.5,377.35,490.08
442.89,482.59,415.75,296.49,266.25,256.77,259.67,280.83,312.13,406.42,544.36,612.23
314.9,200.37,202.63,231.0,262.6,312.15,370.35,504.2,601.27,608.35,616.82,627.83
358.31,209.71,194.93,206.68,249.24,302.16,367.62,503.17,603.48,614.84,623.97,629.88
272.94,176.57,181.63,199.8,243.97,289.88,364.5,511.83,610.84,618.15,623.83,627.88
382.06,300.41,223.91,220.7,281.71,321.2,406.6,562.21,616.56,626.81,633.95,635.7
145.95,199.59,271.0,418.31,583.9,615.72,624.77,631.06,634.86,635.69,635.83,635.89
177.36,298.97,504.31,598.98,613.34,623.04,632.07,634.75,635.2,635.33,635.41,635.47
249.3,501.24,611.26,623.01,625.93,629.69,633.91,635.28,635.58,635.71,635.8,635.87
299.56,549.63,622.5,625.51,627.74,632.53,635.84,636.64,636.84,636.95,637.03,637.09
395.44,589.8,627.32,629.57,631.0,634.99,639.27,640.61,640.87,640.97,641.05,641.11
422.51,602.25,626.89,629.06,629.62,630.79,634.76,639.04,640.38,640.64,640.75,640.83
527.8,607.74,626.99,629.81,630.06,631.17,635.17,639.32,640.41,640.48,640.52,640.56
545.84,612.45,627.0,633.95,637.77,641.36,645.35,646.34,646.26,646.2,646.21,646.22
541.72,606.81,619.25,622.04,627.31,634.13,638.1,640.17,640.72,640.8,640.79,640.78
543.33,606.69,618.71,621.18,624.57,623.96,607.72,586.88,573.46,557.26,530.6,480.65
546.11,611.89,627.47,628.62,600.81,540.38,438.76,350.58,324.02,322.17,357.28,499.12
531.32,595.0,607.54,563.18,465.71,353.52,316.15,309.75,305.31,306.89,312.14,325.45
370.33,485.43,540.48,511.64,432.1,339.58,318.59,307.9,293.57,285.58,299.16,336.12
492.04,566.5,560.39,498.0,391.64,312.38,296.28,289.36,289.35,298.5,324.63,394.57
488.12,562.47,559.62,503.11,397.47,310.91,293.83,287.31,285.38,292.99,312.54,371.54
505.1,561.67,548.17,475.88,364.58,304.64,293.75,287.76,284.93,292.0,316.27,380.94
524.62,568.59,532.35,413.57,310.43,297.53,292.98,294.36,311.57,354.51,459.95,589.31
493.81,517.15,447.43,309.65,274.24,263.08,256.38,259.68,271.27,296.39,348.4,483.54
437.34,468.16,397.36,267.3,254.58,254.35,247.26,260.33,298.56,398.5,562.98,614.38
487.97,460.56,304.0,258.14,256.88,260.89,271.41,303.94,423.69,593.85,614.36,616.87
485.52,455.32,291.4,250.71,246.31,259.73,295.14,410.12,579.27,614.46,620.47,629.36
436.72,386.96,239.22,218.35,222.68,272.06,348.15,527.55,610.9,619.79,626.71,632.82
296.47,179.91,173.08,179.2,216.45,312.24,518.58,608.73,616.88,625.76,633.78,635.96
176.99,167.0,187.43,253.58,365.77,546.35,613.16,619.52,625.93,631.87,635.86,636.78
159.01,187.34,252.52,365.03,554.46,619.59,625.98,631.09,635.14,636.13,636.29,636.35
204.19,237.86,351.07,541.59,615.56,628.35,634.44,635.72,635.93,636.01,636.07,636.13
350.78,485.41,587.64,602.66,614.62,629.65,637.39,638.94,639.33,639.5,639.59,639.66
532.35,611.46,628.77,632.99,637.79,639.98,640.23,640.25,640.3,640.34,640.38,640.42
541.17,606.52,619.88,627.31,636.57,639.83,640.21,640.19,640.17,640.17,640.19,640.21
542.61,607.78,620.47,625.15,629.45,629.55,634.59,639.62,641.14,641.4,641.43,641.43
541.95,607.15,619.98,624.63,625.54,613.58,600.62,597.49,600.11,606.89,619.39,632.83
541.48,606.75,619.84,624.62,621.93,593.8,551.88,497.52,432.52,365.0,342.34,344.98
541.09,606.5,619.67,624.44,620.97,587.49,528.12,445.43,373.02,348.47,350.18,415.51
538.76,605.73,619.58,624.42,620.88,587.06,526.43,442.06,370.41,348.11,350.42,417.49
484.22,587.11,625.66,634.62,639.05,640.1,640.15,640.18,640.22,640.27,640.3,640.34
374.42,524.83,617.75,632.22,638.13,639.53,639.74,639.82,639.88,639.94,639.99,640.03
533.86,602.0,619.34,626.89,634.52,638.37,639.83,640.15,640.18,640.17,640.17,640.19
493.15,599.01,622.09,625.88,612.55,569.89,493.22,405.8,358.12,350.99,348.01,394.13
541.32,609.22,623.7,610.68,560.85,462.47,359.68,322.38,312.19,311.34,334.82,433.1
544.15,613.6,615.6,571.88,481.28,363.54,318.26,312.77,307.83,307.99,317.49,351.39
551.56,617.91,604.3,546.17,435.73,336.51,318.0,312.72,312.87,318.06,333.74,397.23
534.72,596.78,585.98,523.79,411.06,323.36,311.17,306.27,307.45,322.5,381.66,525.18
530.14,580.45,549.18,439.95,332.03,309.52,305.17,309.1,330.71,440.48,595.68,613.07
501.84,509.28,397.54,294.92,286.28,293.31,323.7,449.36,613.12,624.42,629.62,634.06
497.55,492.13,365.13,282.12,287.58,318.22,444.12,608.12,625.17,632.4,635.36,636.01
493.77,501.38,399.35,305.47,297.0,356.84,533.06,627.32,633.28,634.98,635.36,635.51
454.13,513.28,490.2,403.65,327.28,337.32,436.19,609.05,631.89,634.87,635.4,635.56
266.87,268.22,382.74,564.16,629.47,634.52,635.41,635.62,635.72,635.8,635.87,635.93
204.45,386.28,580.78,620.96,629.45,635.12,637.07,637.43,637.56,637.64,637.71,637.76
306.4,551.22,628.07,634.97,636.71,637.02,637.13,637.21,637.28,637.33,637.38,637.43
479.25,614.97,629.87,636.6,639.45,640.02,640.17,640.26,640.33,640.38,640.43,640.47
546.78,615.37,631.14,637.43,639.87,640.14,640.16,640.2,640.24,640.28,640.32,640.35
544.3,611.19,630.25,637.92,640.02,640.14,640.12,640.14,640.18,640.21,640.24,640.28
540.74,607.47,625.55,636.17,639.67,640.14,640.16,640.15,640.16,640.18,640.2,640.23
537.76,605.82,623.34,632.72,637.41,639.53,640.09,640.17,640.17,640.17,640.19,640.21
518.37,586.2,621.32,636.27,640.09,640.35,640.26,640.2,640.19,640.19,640.21,640.24
507.02,579.56,618.73,635.4,639.93,640.34,640.27,640.21,640.19,640.19,640.21,640.23
506.43,581.22,619.14,632.33,637.83,639.71,640.14,640.18,640.17,640.17,640.18,640.2
515.77,589.36,612.08,621.55,610.38,561.37,466.23,372.1,344.94,338.76,350.22,432.06
487.27,579.55,609.53,620.39,617.5,583.12,525.96,448.29,377.76,351.92,345.64,380.65
531.59,594.34,610.01,614.16,604.34,565.99,490.09,383.24,332.3,320.74,317.14,344.17
531.67,594.4,610.07,614.09,603.72,563.39,482.98,375.93,329.65,317.52,310.5,315.94
531.83,595.2,611.85,611.87,590.93,539.01,435.07,339.39,313.24,307.07,307.93,313.62
537.88,603.06,617.55,605.28,558.92,462.78,356.74,320.59,313.57,311.74,314.91,319.54
545.8,613.59,611.59,563.7,465.18,352.8,316.85,312.02,307.08,306.33,309.76,315.91
556.76,616.79,594.83,526.77,412.59,329.41,318.92,314.58,315.89,336.88,420.87,566.36
547.4,608.82,593.73,535.53,424.34,327.14,312.73,309.45,314.06,351.38,497.08,604.6
520.49,555.85,507.47,393.37,313.24,302.15,298.37,316.84,414.66,572.07,612.59,627.49
470.22,447.71,312.08,262.95,261.11,291.82,357.13,527.38,615.61,626.75,633.86,635.68
440.21,405.65,275.88,253.82,288.1,384.45,558.64,623.89,633.36,635.95,636.4,636.54
288.64,196.08,214.29,312.5,521.89,621.21,632.55,635.33,635.82,635.97,636.06,636.13
152.02,191.06,258.1,414.52,595.46,622.0,627.06,632.31,635.31,635.89,636.0,636.06
211.65,360.63,548.65,620.03,632.02,635.29,635.82,635.95,636.04,636.11,636.17,636.23
269.44,497.08,614.56,628.63,634.69,635.87,636.1,636.18,636.25,636.3,636.36,636.41
307.53,539.89,623.14,629.85,634.85,636.43,636.75,636.88,636.96,637.03,637.09,637.14
531.47,611.59,628.0,630.99,635.09,639.15,640.19,640.27,640.31,640.36,640.4,640.44
543.97,609.17,626.02,631.2,635.28,639.17,640.14,640.2,640.23,640.27,640.32,640.36
543.31,607.14,621.37,629.13,635.54,639.37,640.14,640.14,640.15,640.18,640.22,640.26
540.98,606.23,619.13,624.18,633.28,639.26,640.24,640.2,640.15,640.15,640.17,640.2
544.25,608.94,622.03,625.97,634.2,641.51,643.34,643.57,643.57,643.55,643.54,643.55
522.99,584.83,613.21,622.99,633.65,639.45,640.3,640.22,640.17,640.16,640.18,640.2
508.01,592.71,617.33,621.49,626.17,629.16,631.21,636.89,639.62,640.15,640.2,640.19
490.06,589.29,609.25,617.94,624.84,625.17,608.48,565.71,501.03,433.86,374.9,363.67
519.41,591.72,607.22,611.81,620.57,620.92,587.78,522.71,424.02,355.81,347.84,351.08
520.81,592.11,607.7,612.86,615.47,604.43,558.63,461.37,364.05,335.67,324.78,322.62
530.57,593.66,607.91,613.02,613.07,595.96,550.45,454.73,359.8,330.06,314.64,311.41
531.68,594.7,610.92,613.39,598.66,552.66,458.5,359.23,322.31,310.96,306.56,309.66
533.61,603.65,620.45,597.62,541.11,435.87,335.53,312.45,306.6,307.51,312.45,319.62
544.35,610.18,602.9,550.39,444.72,338.73,313.61,307.56,305.87,309.48,314.74,327.38
533.07,577.47,543.23,433.44,326.73,306.68,301.45,301.48,306.49,327.76,376.55,503.26
501.4,515.45,432.35,312.99,290.29,285.89,290.06,318.42,422.99,589.83,622.33,630.27
487.25,456.36,289.84,257.59,262.73,273.32,298.51,364.56,531.72,613.67,620.51,629.2
483.44,453.11,284.79,250.76,264.75,289.49,372.5,540.95,616.52,627.97,634.45,636.12
463.32,430.62,276.76,257.23,268.7,336.57,527.1,617.07,627.24,633.72,635.81,636.17
250.82,183.55,190.7,249.46,382.32,556.15,616.28,626.08,634.22,636.43,636.8,636.92
372.94,233.24,228.6,332.45,529.27,622.08,632.75,635.27,635.71,635.85,635.94,636.01
365.71,294.97,301.85,374.76,555.44,631.57,634.54,635.11,635.31,635.41,635.5,635.57
466.12,567.34,602.16,598.0,567.16,502.32,417.62,347.29,329.52,325.95,324.37,335.12
436.39,571.13,614.88,610.05,579.26,523.26,441.04,360.68,334.92,330.2,325.57,324.95
539.72,612.12,619.37,592.0,539.48,446.03,355.44,331.63,326.46,323.53,331.95,353.96
542.53,612.82,619.16,591.23,537.77,444.15,354.33,331.44,326.11,323.64,332.79,355.88
541.4,612.34,618.38,589.4,533.88,439.89,351.87,331.02,325.51,323.74,333.93,358.66
525.0,584.95,590.57,553.14,464.75,366.97,329.92,323.08,320.14,329.78,354.44,421.42
519.99,581.78,590.33,553.96,465.85,368.17,330.12,323.49,328.42,375.08,521.78,613.92
523.97,590.71,608.22,578.08,509.86,411.46,340.74,328.27,323.51,332.79,383.7,525.13
529.8,599.65,613.92,583.97,522.96,427.69,345.79,329.62,323.9,323.43,335.41,363.43
511.22,594.04,616.21,596.65,551.54,459.72,363.11,331.7,328.53,324.24,323.06,333.95
542.2,612.75,619.01,590.85,536.98,443.28,353.82,331.36,326.0,323.66,333.02,356.43
542.64,612.98,618.53,589.4,533.69,439.68,351.88,331.15,325.65,323.85,333.97,358.59
543.55,613.37,616.46,584.16,521.08,424.98,345.58,330.77,325.23,323.99,334.87,360.8
545.37,613.13,611.74,574.99,496.99,392.81,337.36,330.51,326.34,323.14,330.82,351.97
546.98,612.79,607.95,568.48,481.42,376.59,334.14,330.62,327.58,323.6,328.64,346.49
539.06,603.34,597.43,552.71,456.68,360.27,331.92,329.51,325.87,323.19,331.68,354.02
534.15,593.18,586.17,534.07,436.8,347.5,329.45,325.78,321.5,325.77,343.19,384.85
530.75,580.26,562.8,483.16,380.82,330.88,325.26,320.96,319.83,331.98,361.66,443.28
529.55,575.78,545.26,434.69,330.26,316.95,316.51,317.2,337.82,385.18,491.14,599.07
515.74,551.6,507.52,399.38,321.67,315.48,313.89,330.73,370.09,475.88,605.3,626.95
514.35,550.38,507.53,404.79,330.2,319.0,316.16,330.44,372.01,499.62,609.36,626.16
494.16,544.39,525.03,441.48,339.37,311.43,309.01,318.28,391.48,544.84,615.05,630.11
254.22,236.76,293.34,360.96,501.56,619.6,631.97,634.54,634.97,635.11,635.19,635.26
199.03,271.11,353.96,495.21,618.79,631.92,634.57,635.02,635.12,635.19,635.24,635.3
215.49,377.59,562.36,621.05,631.1,634.94,635.74,635.93,636.03,636.11,636.18,636.23
353.9,542.78,625.81,635.16,637.88,638.39,638.54,638.63,638.7,638.75,638.81,638.86
527.55,606.64,626.21,633.4,638.26,639.98,640.13,640.15,640.2,640.24,640.28,640.32
543.55,607.27,621.85,631.3,638.4,640.17,640.19,640.14,640.15,640.17,640.2,640.23
543.52,606.89,619.67,626.22,635.06,639.05,640.04,640.2,640.2,640.19,640.2,640.22
544.29,607.65,620.04,624.58,628.68,628.02,632.75,638.66,640.61,640.95,640.99,640.99
547.79,612.31,625.24,629.3,629.87,611.65,580.93,551.36,503.12,438.2,366.37,346.86
536.15,601.7,618.44,623.1,624.24,607.48,573.37,540.21,490.08,427.16,360.76,342.55
540.55,606.15,619.11,623.24,624.19,603.2,550.74,456.09,371.51,351.51,351.8,396.19
536.2,604.32,618.93,623.23,624.21,603.17,549.97,450.94,361.63,341.34,341.61,374.25
532.52,599.36,617.69,623.11,624.25,603.31,550.07,450.35,358.53,335.62,327.7,346.87
540.2,608.18,622.45,626.65,626.66,600.72,543.18,443.16,356.42,332.01,319.64,325.41
545.42,610.41,623.83,628.2,618.42,571.3,476.56,374.15,338.94,324.25,312.67,314.45
538.22,606.0,621.79,624.09,602.69,549.08,448.8,354.59,322.94,309.43,308.13,312.93
524.16,604.86,623.73,609.55,558.62,459.14,357.18,321.01,310.43,306.54,309.53,315.2
525.92,607.31,614.14,571.82,483.01,364.67,317.64,312.55,307.63,305.56,308.54,313.45
508.81,580.58,591.46,549.36,448.98,339.59,309.21,305.09,300.61,297.86,300.74,309.29
499.76,557.74,547.43,475.91,364.02,302.94,293.56,287.98,286.84,294.71,318.07,381.08
465.52,518.94,476.12,350.75,287.89,279.23,275.69,296.83,344.37,476.15,611.82,627.84
391.54,278.51,202.38,198.73,200.77,245.34,307.87,427.0,597.17,615.56,621.64,629.98
386.76,258.24,194.63,196.37,206.44,283.7,458.53,611.68,623.86,629.91,634.42,635.61
383.45,249.93,198.36,205.92,239.87,332.3,518.36,612.53,624.04,630.42,634.68,635.72
398.07,350.87,264.89,271.84,323.04,409.25,568.77,621.87,631.79,634.72,635.22,635.33
442.89,511.5,510.64,465.48,423.52,398.4,386.02,421.05,533.36,616.15,632.67,634.99
511.87,579.81,593.75,565.96,492.92,391.89,331.98,324.39,322.36,318.55,317.94,330.79
555.66,617.21,602.59,551.08,453.37,362.73,338.45,335.04,330.36,331.22,342.66,367.46
536.49,607.41,606.25,568.32,483.48,378.27,333.55,329.91,328.27,324.33,323.29,334.41
536.59,607.49,606.42,568.55,483.98,378.73,333.65,329.94,328.29,324.35,323.3,334.39
555.46,617.33,602.88,551.61,453.89,363.05,338.48,335.14,330.47,331.07,342.25,366.57
555.45,617.31,602.81,551.48,453.76,362.97,338.48,335.14,330.46,331.08,342.27,366.62
555.45,617.28,602.73,551.34,453.62,362.88,338.47,335.13,330.45,331.07,342.27,366.62
552.52,614.67,602.33,554.42,457.24,363.23,335.89,333.5,329.81,326.86,334.18,353.65
551.21,613.46,602.15,555.85,459.28,363.57,334.63,332.49,329.54,325.65,330.71,347.92
538.05,607.63,605.49,566.99,480.56,375.74,333.12,329.88,328.31,324.39,323.32,334.38
547.76,610.49,601.62,558.4,464.03,364.64,332.07,330.0,328.1,323.87,325.27,339.28
545.21,608.64,599.61,555.38,459.95,362.01,331.67,329.67,327.46,323.25,326.13,341.82
529.41,577.96,558.79,475.39,371.57,328.12,323.73,319.54,319.15,332.73,365.96,457.42
529.89,578.84,560.53,478.93,375.81,329.26,324.35,320.12,319.35,332.24,363.73,450.67
530.8,580.19,562.44,482.05,379.45,330.68,325.31,321.02,319.91,332.07,361.79,443.47
531.06,580.28,562.03,480.45,377.41,330.49,325.49,321.22,320.21,332.47,362.42,444.51
531.93,584.67,571.86,504.18,405.48,336.91,327.3,322.65,320.52,330.84,356.71,426.87
531.71,584.66,572.26,505.62,407.11,337.01,327.1,322.45,320.26,330.52,356.28,426.23
531.63,584.86,572.9,507.34,409.01,337.35,327.11,322.46,320.2,330.33,355.87,425.18
514.27,575.57,582.63,549.76,464.07,362.48,324.4,320.97,319.02,315.06,317.94,335.99
528.98,586.12,584.81,539.13,443.49,350.52,328.35,325.46,321.18,321.85,335.7,368.41
524.44,594.3,603.51,570.94,494.45,391.42,334.97,328.35,326.48,322.71,321.11,331.7
539.18,607.38,604.44,565.33,477.18,373.1,332.72,329.83,328.25,324.28,323.5,334.96
501.48,599.96,612.54,586.88,536.12,445.06,354.07,331.33,329.53,327.68,323.47,325.21
235.36,295.47,394.54,533.25,614.74,610.48,600.04,604.66,624.21,634.18,635.03,635.12
227.69,390.24,584.7,631.62,635.17,635.75,635.91,636.0,636.08,636.14,636.2,636.25
251.31,478.74,615.53,630.66,635.4,636.19,636.36,636.45,636.51,636.57,636.63,636.68
422.76,607.46,628.49,634.45,638.8,640.05,640.29,640.4,640.47,640.53,640.58,640.63
547.42,615.74,629.53,634.88,639.07,640.13,640.2,640.23,640.28,640.32,640.36,640.4
545.25,612.87,629.51,635.51,639.57,640.55,640.59,640.61,640.65,640.69,640.73,640.77
548.46,613.57,631.07,639.74,644.09,644.81,644.7,644.65,644.65,644.67,644.7,644.71
544.56,614.43,634.87,641.92,645.87,646.58,646.45,646.38,646.38,646.39,646.41,646.42
550.09,613.52,626.5,633.83,640.78,644.33,645.89,646.34,646.42,646.42,646.41,646.41
550.1,613.46,626.0,631.03,631.52,626.1,629.54,638.75,644.31,645.95,646.31,646.38
549.04,612.44,624.98,629.49,626.34,599.88,567.02,528.97,469.15,393.69,348.01,345.09
544.32,607.69,620.42,625.09,622.08,590.49,538.47,465.16,391.18,351.41,346.01,387.23
546.36,609.71,622.34,626.87,622.94,586.22,515.74,420.24,360.17,347.76,352.08,419.27
543.55,606.91,619.69,624.4,621.0,586.67,520.0,419.21,349.78,335.34,339.33,396.24
543.55,606.93,619.75,624.48,620.67,585.32,516.65,414.06,344.25,328.16,320.39,352.73
543.61,607.42,621.72,624.33,604.51,551.68,451.6,356.72,325.17,310.7,309.49,322.51
543.85,608.51,623.63,619.1,579.61,502.06,391.85,329.43,314.44,307.31,308.22,313.87
545.85,613.36,615.37,572.07,482.62,364.28,317.8,312.21,307.16,306.51,310.2,315.87
537.03,590.32,568.43,482.7,361.62,313.85,310.81,306.79,304.94,317.46,380.12,525.77
512.3,542.03,490.09,376.16,308.68,299.89,298.39,327.71,472.38,609.77,627.46,634.14
445.05,424.65,301.34,264.62,267.11,305.03,411.51,581.25,618.6,629.0,634.94,636.23
441.22,407.64,272.26,257.57,272.75,345.83,533.68,618.91,629.71,634.94,636.05,636.26
258.33,188.14,195.55,244.51,363.8,546.05,616.84,627.16,634.52,636.41,636.75,636.87
155.63,255.14,406.5,570.81,610.67,627.69,633.98,635.27,635.54,635.65,635.74,635.8
192.37,360.38,545.34,612.54,624.24,630.67,634.71,635.82,636.07,636.18,636.27,636.34
313.38,549.11,625.37,633.18,635.91,636.44,636.6,636.7,636.77,636.83,636.89,636.95
534.45,614.74,629.06,634.29,638.8,640.11,640.23,640.27,640.32,640.37,640.41,640.45
545.77,613.86,629.2,634.5,638.85,640.09,640.18,640.21,640.25,640.3,640.33,640.37
544.26,609.79,627.36,634.65,639.0,640.1,640.14,640.16,640.2,640.24,640.27,640.31
543.82,607.61,623.22,633.29,639.12,640.2,640.16,640.13,640.14,640.17,640.2,640.23
544.05,607.31,620.74,629.23,637.5,640.01,640.4,640.43,640.42,640.42,640.43,640.45
543.74,606.93,619.7,625.48,630.57,633.76,638.06,639.83,640.16,640.19,640.19,640.19
522.32,599.52,618.66,624.21,623.6,602.92,569.54,536.18,482.99,415.97,351.31,341.63
529.59,596.13,616.01,623.67,622.89,595.24,541.91,458.61,381.19,351.7,349.27,403.15
532.29,597.28,616.58,623.74,622.69,593.88,535.32,438.2,359.87,342.72,347.32,411.76
533.26,600.33,618.4,624.06,622.35,592.23,531.66,431.46,350.61,331.99,326.4,364.5
532.02,596.24,615.85,624.38,619.01,579.29,501.66,393.49,338.59,324.5,313.64,325.88
523.75,593.7,613.11,620.98,605.18,553.32,453.36,356.72,323.6,310.21,307.5,313.8
528.17,594.69,612.61,613.35,593.14,540.33,438.96,343.33,315.77,307.68,307.46,312.2
536.99,603.12,618.97,606.85,555.64,451.04,345.98,317.45,311.15,311.02,314.94,320.28
544.02,616.1,620.43,574.61,478.36,364.16,323.12,317.57,312.64,312.39,315.28,319.0
543.89,607.76,597.19,540.71,431.31,331.6,313.8,310.16,318.51,360.04,507.19,606.8
493.62,506.37,428.59,314.01,289.31,281.7,300.7,385.75,553.22,624.27,631.88,634.99
479.88,458.45,317.36,266.91,265.77,291.91,353.44,525.08,617.32,627.8,633.97,635.61
433.47,369.48,238.39,239.22,280.28,376.05,551.19,620.74,631.73,635.63,636.31,636.47
397.76,260.6,207.51,259.11,397.74,569.98,622.32,631.17,635.25,636.18,636.41,636.52
229.44,194.57,228.14,334.71,538.38,620.95,632.22,635.52,636.08,636.24,636.33,636.4
177.71,297.05,528.74,616.52,627.95,633.85,635.56,635.9,636.03,636.12,636.19,636.26
268.34,477.07,621.51,633.2,635.45,635.84,635.96,636.04,636.11,636.17,636.22,636.28
288.27,503.09,617.3,630.71,635.22,635.99,636.17,636.26,636.33,636.39,636.45,636.5
539.67,612.52,629.05,634.6,638.91,640.09,640.17,640.2,640.24,640.28,640.32,640.36
542.85,609.27,627.05,634.74,639.08,640.1,640.12,640.14,640.17,640.21,640.25,640.28
544.69,609.37,624.58,634.86,641.2,642.32,642.25,642.2,642.2,642.22,642.24,642.26
548.5,612.84,625.97,633.47,641.16,644.54,645.66,645.93,645.97,645.96,645.96,645.96
535.69,603.04,623.53,634.1,639.37,640.22,640.16,640.14,640.15,640.18,640.21,640.24
541.63,606.53,619.51,624.25,623.1,601.53,568.65,535.45,481.98,414.09,349.81,341.54
539.03,605.92,619.47,624.17,622.05,591.94,536.78,454.77,379.11,350.13,349.77,410.05
535.04,604.13,619.31,624.19,621.86,590.35,528.71,432.26,359.03,343.55,348.23,415.55
483.75,593.41,617.72,625.24,624.34,604.52,556.87,463.19,367.94,346.44,349.12,350.24
513.82,592.24,615.1,624.5,613.62,565.99,471.4,369.03,335.38,322.87,315.89,341.44
528.23,594.11,612.7,620.78,606.56,555.45,455.89,358.62,325.51,311.47,308.35,319.73
538.07,607.26,623.68,618.23,576.99,495.31,383.3,327.96,314.42,307.39,308.19,314.69
546.49,613.85,612.42,565.13,467.59,354.43,317.15,312.2,307.23,306.5,309.99,316.47
547.84,613.8,608.09,557.37,454.51,345.77,315.76,310.18,306.13,307.87,312.18,321.57
546.98,610.83,599.77,545.59,437.68,333.57,312.93,307.5,305.27,308.54,313.9,329.95
535.48,590.47,571.25,489.82,369.99,315.06,310.87,306.76,308.03,331.19,446.16,595.53
498.74,475.81,334.4,280.94,281.11,294.38,318.57,378.07,530.37,623.48,629.06,633.79
485.89,458.73,298.74,263.4,269.37,284.95,322.12,465.14,611.35,623.14,631.66,635.24
474.54,455.5,314.89,266.87,277.67,357.36,540.96,622.63,632.78,635.55,636.04,636.19
470.59,459.89,356.9,294.06,322.39,499.83,624.25,633.42,635.24,635.57,635.7,635.78
167.56,284.41,502.79,614.68,630.76,634.57,635.13,635.25,635.33,635.39,635.45,635.51
193.0,306.67,515.18,621.51,632.73,634.98,635.36,635.48,635.56,635.63,635.69,635.75
233.68,444.62,610.31,629.33,635.04,635.91,636.07,636.14,636.2,636.26,636.31,636.36
253.68,514.58,614.88,623.95,627.63,632.59,635.79,636.34,636.39,636.44,636.5,636.55
532.9,614.42,628.35,632.03,637.02,639.8,640.25,640.32,640.38,640.43,640.47,640.51
543.1,612.69,628.41,632.34,637.18,639.83,640.19,640.22,640.26,640.31,640.35,640.39
543.97,609.01,626.06,632.72,637.68,639.9,640.13,640.14,640.18,640.22,640.26,640.3
549.43,612.91,627.15,636.35,643.71,645.75,645.7,645.56,645.53,645.53,645.54,645.56
543.53,606.83,619.67,626.36,635.68,639.53,640.16,640.2,640.19,640.18,640.2,640.22
518.75,581.76,615.4,631.01,638.56,640.26,640.23,640.16,640.15,640.18,640.2,640.23
508.89,581.85,621.54,632.5,637.99,640.01,640.16,640.15,640.18,640.22,640.26,640.29
492.83,590.85,617.43,623.76,629.61,632.49,637.38,639.72,640.09,640.13,640.13,640.14
504.99,590.6,611.11,620.94,626.12,616.07,575.11,503.28,417.59,363.05,358.63,355.4
530.71,593.61,607.53,612.76,620.13,612.84,566.58,473.05,372.55,345.74,344.61,343.3
531.61,593.81,607.37,611.59,614.87,607.3,571.33,490.34,382.1,340.44,335.16,326.85
531.84,594.04,607.92,613.01,615.11,602.88,556.59,458.65,362.25,333.24,318.32,311.89
531.74,594.14,608.96,614.19,609.22,580.25,522.83,423.29,344.97,322.68,309.65,307.52
531.61,594.15,609.21,614.22,607.72,574.55,508.4,403.92,337.38,320.83,309.25,307.12
532.25,596.88,612.91,606.08,569.86,497.3,383.67,313.24,305.41,305.08,306.47,311.02
543.98,606.16,592.18,532.87,421.33,326.53,312.27,307.05,305.82,309.33,316.14,341.94
535.79,576.28,539.01,427.48,327.79,313.33,320.08,366.73,518.75,622.5,636.95,640.72
487.35,459.22,303.04,266.81,270.09,289.65,344.64,519.5,616.32,627.73,634.07,635.74
434.73,372.02,235.49,235.48,261.6,337.49,524.45,614.57,625.23,631.95,635.25,635.9
393.08,250.64,204.94,244.32,357.1,537.51,614.75,626.36,634.06,635.92,636.23,636.34
171.75,175.13,198.76,285.48,490.32,614.66,624.66,630.76,635.03,636.08,636.26,636.33
159.76,224.84,339.83,546.6,618.6,629.2,634.83,636.1,636.32,636.41,636.47,636.53
198.47,372.17,552.08,612.03,623.56,629.41,634.02,635.57,635.89,636.02,636.11,636.18
322.56,540.85,624.64,632.93,635.76,636.31,636.47,636.57,636.64,636.71,636.76,636.82
508.21,608.73,627.58,632.9,637.73,639.67,640.03,640.15,640.22,640.29,640.34,640.38
543.93,608.69,625.72,633.46,638.43,640.04,640.13,640.13,640.17,640.21,640.24,640.28
543.62,607.15,621.29,630.63,638.31,640.18,640.21,640.16,640.16,640.18,640.21,640.23
540.37,605.36,620.17,628.77,637.54,640.04,640.26,640.24,640.22,640.22,640.24,640.27
532.62,588.81,616.41,632.39,643.14,645.46,645.53,645.43,645.38,645.37,645.36,645.37
517.13,576.91,612.41,631.24,638.73,640.3,640.24,640.17,640.16,640.18,640.21,640.24
534.51,600.16,618.37,623.56,626.86,624.15,628.3,636.33,639.5,640.08,640.15,640.16
516.11,597.57,618.11,623.5,624.66,604.73,553.09,457.22,370.25,351.2,350.8,375.17
519.72,593.12,613.14,622.3,624.44,603.47,550.22,450.82,360.11,339.06,334.48,360.23
531.51,594.06,609.16,618.51,623.76,603.61,550.41,450.64,358.39,334.19,324.02,332.83
530.97,594.12,609.82,615.55,611.1,574.16,492.3,382.3,334.23,320.01,309.95,311.63
531.77,594.94,611.86,616.37,602.92,553.15,453.08,354.35,320.54,309.42,306.83,310.99
532.76,599.25,617.02,607.09,557.62,456.84,350.63,317.21,310.06,306.24,308.73,314.18
548.34,614.15,609.72,559.75,458.01,348.4,316.45,310.98,306.55,307.67,311.62,319.33
530.53,578.59,556.86,465.29,344.79,308.27,305.06,300.32,298.18,301.83,322.12,380.79
523.54,561.27,512.9,394.3,311.84,300.95,294.45,298.81,321.09,366.55,483.06,610.33
485.39,459.48,309.03,267.94,264.43,277.55,305.17,365.39,518.35,614.65,622.87,629.7
480.07,451.42,289.22,258.04,263.43,278.63,316.07,453.77,609.74,620.51,630.03,634.87
434.27,376.9,242.43,239.19,263.46,323.37,511.61,615.31,625.52,632.22,635.38,635.98
392.31,251.56,201.04,228.16,327.94,520.46,614.05,626.96,634.06,635.67,635.95,636.05
181.72,175.95,197.01,274.91,436.17,605.8,621.44,628.23,633.81,635.81,636.15,636.24
160.43,239.15,365.5,549.48,616.56,627.82,634.12,635.51,635.74,635.83,635.89,635.95
206.66,385.45,568.26,616.08,627.92,633.86,635.56,635.88,636.0,636.08,636.15,636.21
356.9,544.58,626.13,635.32,637.83,638.29,638.43,638.52,638.59,638.65,638.7,638.75
543.99,609.67,628.89,637.79,640.07,640.17,640.13,640.13,640.16,640.19,640.22,640.26
542.63,607.52,624.07,634.4,638.88,639.97,640.15,640.16,640.16,640.17,640.19,640.21
543.59,607.4,622.0,628.04,628.43,633.05,638.29,639.91,640.17,640.2,640.2,640.21
543.17,607.29,621.68,625.37,613.78,588.02,567.92,543.22,499.71,431.33,355.06,341.57
529.13,590.21,617.85,625.08,622.07,624.12,633.74,639.01,640.16,640.33,640.35,640.35
515.53,578.34,611.79,623.38,618.78,614.41,622.6,634.16,638.99,639.94,640.09,640.12
524.27,595.65,620.17,624.38,607.48,560.41,484.19,405.58,355.2,342.72,350.53,421.69
541.79,606.86,621.45,624.48,606.26,554.25,454.64,359.55,330.71,320.72,345.51,470.37
536.34,605.01,621.45,624.4,605.21,552.72,452.8,357.67,326.6,313.54,319.43,366.44
532.06,600.09,620.62,624.24,603.67,550.47,450.31,355.72,324.15,310.28,310.36,327.48
532.26,598.41,619.73,623.96,602.33,548.53,448.22,354.05,322.41,309.2,308.18,314.42
538.54,608.84,623.49,606.33,554.02,452.93,351.55,317.44,308.15,307.21,311.6,318.33
544.93,613.34,612.51,565.55,468.58,354.93,317.05,312.17,307.2,306.19,309.52,315.27
546.79,611.31,600.98,546.74,439.14,335.21,313.53,307.81,306.7,310.42,315.65,329.1
533.68,577.91,544.8,436.09,328.0,307.46,302.02,300.84,304.36,321.53,356.11,436.05
514.5,554.37,512.3,398.68,306.51,293.33,288.39,292.45,314.54,369.32,503.45,617.0
467.45,446.45,312.82,261.81,251.77,266.5,304.17,366.63,508.43,610.33,617.98,627.66
433.13,385.02,248.86,236.95,249.31,277.19,316.7,423.41,585.92,616.17,625.17,633.39
446.93,412.79,276.83,260.88,267.45,320.72,500.25,616.24,625.97,632.63,635.58,636.13
280.41,173.06,180.75,207.21,296.41,488.54,610.78,623.98,632.89,635.34,635.75,635.89
235.14,175.86,193.16,262.28,390.23,564.78,616.62,626.16,634.16,636.33,636.71,636.83
165.92,209.88,279.84,405.57,581.11,623.24,630.71,634.85,635.77,635.94,636.01,636.07
197.0,322.74,497.54,602.08,621.16,628.47,633.23,634.84,635.16,635.29,635.38,635.46
241.94,445.71,603.52,620.96,626.9,632.27,634.87,635.44,635.61,635.71,635.79,635.85
273.75,489.86,613.51,623.31,625.84,630.27,634.21,635.34,635.6,635.72,635.81,635.88
357.6,530.99,618.52,627.32,631.05,635.86,638.36,638.9,639.06,639.15,639.22,639.28
530.52,604.7,619.49,625.15,630.23,633.42,637.91,639.95,640.17,640.19,640.24,640.28
541.3,605.62,618.67,622.3,628.05,633.57,638.23,640.03,640.16,640.16,640.2,640.24
