56.91,59.91,62.61,63.18,69.21,64.96,63.42,58.13,59.92,64.9,71.57,78.45
38.13,40.17,39.95,45.9,43.21,44.8,50.07,54.64,61.19,68.66,76.53,83.22
50.14,50.17,56.36,53.55,54.24,57.94,57.84,63.34,70.21,78.01,84.39,91.68
67.43,73.2,70.21,70.57,72.83,69.85,68.35,73.69,80.52,86.59,93.28,98.61
51.61,49.84,51.43,54.63,53.78,56.47,68.87,76.93,83.62,90.48,96.37,81.78
49.31,50.89,53.99,53.12,55.85,68.13,76.5,83.34,90.37,96.37,81.83,86.33
43.73,48.6,49.05,52.73,65.74,75.52,83.05,89.73,95.55,80.74,85.22,72.21
45.89,48.14,53.41,67.33,77.69,86.18,91.21,96.1,80.74,84.99,71.76,60.82
48.48,55.06,70.03,80.97,89.72,95.18,98.19,81.83,85.38,71.71,60.54,55.72
51.94,57.84,60.78,64.89,68.68,69.05,67.52,77.44,67.91,59.33,57.06,53.16
65.67,70.46,76.4,81.09,81.4,79.61,83.09,71.33,61.24,58.15,53.45,48.74
64.63,65.84,66.34,64.33,62.16,65.19,63.06,56.58,55.79,52.29,48.94,48.03
69.25,67.05,62.69,59.15,61.41,57.85,53.89,54.52,51.95,49.13,48.73,48.73
66.68,63.38,60.75,63.62,60.41,56.99,56.22,52.98,49.6,48.78,48.36,46.02
76.0,70.24,70.41,65.43,60.41,56.75,52.73,50.19,49.91,49.97,47.83,52.12
68.48,68.44,63.34,58.32,54.82,51.17,49.68,49.58,49.72,47.54,51.89,53.78
75.53,68.58,62.04,57.57,53.03,49.84,49.34,49.93,48.08,52.7,54.7,48.68
53.47,48.8,45.86,42.56,41.1,43.71,48.17,46.53,51.23,52.88,46.86,46.57
42.17,39.73,36.61,35.42,38.44,43.73,44.58,49.74,51.8,45.96,45.9,44.0
39.37,39.61,41.24,45.93,51.83,53.59,54.13,54.1,46.93,46.08,43.44,42.53
39.42,42.82,48.93,55.67,57.76,58.78,56.49,48.11,46.53,43.43,42.16,43.97
26.54,30.65,35.59,36.77,38.6,38.17,39.82,41.21,39.96,39.8,42.97,48.66
24.3,31.53,34.61,37.63,38.08,41.27,42.18,40.03,39.31,42.12,47.62,52.66
32.32,33.85,35.48,35.08,37.83,37.93,37.82,38.08,41.58,47.55,53.05,58.04
71.55,69.09,65.28,65.58,61.92,54.57,44.59,47.11,52.51,58.0,62.23,66.62
67.47,64.91,66.67,63.82,57.17,48.66,49.39,53.95,58.7,62.4,66.32,67.47
45.96,51.25,51.48,46.87,40.59,45.56,52.9,57.13,60.39,64.0,65.07,74.27
54.28,53.47,47.73,40.81,45.1,51.1,55.87,59.68,63.72,65.13,74.6,72.55
37.32,34.29,29.64,35.58,43.48,51.66,58.5,62.27,63.52,72.58,70.49,61.6
33.23,28.53,34.4,42.18,50.33,57.24,61.62,63.07,72.29,70.44,61.74,50.79
23.9,29.19,36.34,44.21,51.34,56.02,60.46,70.64,69.39,61.01,50.49,43.89
34.4,42.0,50.26,57.48,61.79,65.44,72.65,70.52,61.67,51.0,44.23,36.82
30.58,37.76,43.99,47.84,52.21,61.01,65.45,58.4,48.85,42.61,36.02,32.32
31.54,38.54,42.93,47.73,57.14,62.68,57.4,47.82,41.67,34.96,31.48,30.12
37.82,39.13,41.15,48.99,53.95,47.6,43.0,39.03,33.64,31.01,30.47,32.2
31.24,32.78,40.14,44.91,39.16,35.9,36.06,31.81,29.72,29.49,31.6,37.86
33.66,38.93,41.96,35.04,31.19,30.59,28.98,28.13,28.7,31.55,38.5,52.34
49.38,50.39,41.85,36.92,35.1,31.13,28.67,29.42,32.41,39.55,53.47,51.09
45.13,35.44,29.66,27.48,23.99,22.28,26.72,30.88,38.72,52.81,50.71,43.6
29.44,24.42,22.79,19.8,18.74,24.39,30.09,38.16,52.37,50.2,42.98,43.71
31.85,32.38,31.17,31.05,36.35,41.28,43.05,55.3,51.94,44.16,44.11,38.66
46.43,49.06,52.37,59.47,64.12,64.93,65.38,57.96,47.61,46.15,39.18,34.56
32.65,33.82,39.0,42.73,44.48,47.01,49.9,42.49,42.83,36.76,33.4,28.49
26.86,29.34,30.63,31.04,33.5,36.43,36.14,38.98,34.56,32.19,28.38,28.76
31.42,33.65,34.82,37.74,40.69,40.25,40.92,35.63,32.72,28.55,28.63,25.85
28.67,27.96,29.18,31.22,30.82,31.71,31.43,30.27,27.21,27.89,25.76,25.76
38.57,39.18,40.73,39.89,39.79,37.68,32.88,29.16,29.44,27.18,26.9,31.09
36.82,38.0,36.88,36.67,34.72,30.27,28.04,28.75,26.71,26.51,30.85,32.25
37.39,36.22,36.02,34.07,29.71,27.63,28.6,26.62,26.41,30.79,32.19,36.33
39.34,37.77,34.59,29.5,26.89,26.9,25.71,26.13,30.91,32.54,36.85,40.8
36.24,33.81,29.44,27.28,27.58,26.92,26.8,31.19,32.59,36.71,40.52,39.11
35.31,32.22,31.19,32.15,31.67,31.73,33.56,33.97,37.43,40.85,39.0,37.32
31.76,29.99,30.24,29.37,29.31,30.91,32.71,36.78,40.59,38.93,37.42,36.44
28.76,30.26,30.49,31.07,32.98,35.35,38.07,41.17,39.09,37.34,36.15,35.01
36.23,36.89,37.85,39.9,41.86,43.74,43.67,40.7,38.4,36.93,35.47,31.69
35.56,35.6,36.82,38.36,40.23,40.11,39.11,37.51,36.5,35.2,31.68,30.45
34.94,35.42,36.29,37.79,37.57,36.45,36.25,35.8,34.84,31.53,30.51,30.91
36.06,36.82,38.21,37.91,36.72,36.42,35.87,34.94,31.62,30.61,31.02,32.64
32.04,34.38,34.88,34.23,34.51,35.03,34.81,31.25,30.09,30.34,31.98,35.25
34.88,33.49,31.15,30.45,30.51,29.49,28.59,28.66,29.7,31.86,35.61,35.53
43.89,40.27,38.49,37.82,35.79,32.9,30.38,31.25,33.29,37.0,36.7,36.63
40.42,38.67,38.11,36.16,33.35,31.02,31.64,33.59,37.21,36.82,36.65,37.44
26.47,27.71,27.28,25.53,24.51,27.64,32.17,35.82,35.41,35.14,36.03,36.01
40.54,39.96,37.99,36.71,38.71,40.88,39.43,37.88,37.0,37.63,37.15,37.09
36.87,34.57,32.99,34.92,37.33,36.37,36.67,36.27,37.18,36.73,36.81,33.14
34.05,32.57,34.61,37.07,36.18,36.69,36.33,37.22,36.74,36.86,33.18,32.23
39.38,40.95,42.97,41.75,41.61,39.96,38.68,37.86,37.76,34.02,32.92,35.22
37.78,39.28,37.58,37.25,35.77,34.85,36.16,36.66,33.3,32.37,34.91,34.27
37.89,36.14,35.79,34.29,33.49,35.1,36.26,33.05,32.19,34.78,34.21,34.27
40.04,39.22,37.26,36.19,37.4,37.72,33.68,32.75,35.32,34.68,34.65,35.52
41.29,38.64,37.01,37.87,37.91,33.34,32.47,35.29,34.79,34.87,35.8,34.7
36.03,35.42,37.18,37.78,33.67,33.68,36.09,35.19,34.92,35.63,34.32,36.35
29.85,31.95,32.79,28.87,29.31,32.65,33.74,33.79,34.73,33.53,35.83,39.09
35.98,36.4,32.1,32.3,35.18,35.28,34.3,35.1,33.87,36.19,39.44,37.64
26.75,23.57,24.72,28.32,29.51,30.51,33.82,32.79,35.18,38.27,36.52,31.51
14.53,16.11,19.95,21.41,23.14,27.88,30.27,33.35,36.9,35.39,30.72,35.09
21.48,25.8,27.61,29.44,33.68,35.11,35.29,38.08,36.14,31.35,35.51,35.15
22.32,25.67,28.89,33.97,36.04,37.34,39.28,36.56,31.27,35.09,34.53,33.21
18.46,20.88,25.22,26.93,28.62,31.46,33.1,29.02,33.6,33.47,32.72,34.75
20.19,22.58,22.51,23.2,25.63,26.58,25.76,31.79,32.6,32.45,35.05,35.79
30.09,31.3,33.18,36.19,36.85,35.33,36.11,35.28,34.08,36.13,36.22,35.94
38.8,38.44,39.57,39.02,36.51,35.55,34.72,34.25,36.72,37.17,37.07,38.53
60.67,58.66,55.56,51.25,47.98,42.82,37.22,39.52,39.87,39.91,41.11,41.15
72.91,68.44,63.21,59.24,52.93,45.07,42.88,42.57,42.1,43.02,42.55,39.5
81.91,73.76,67.4,59.56,50.25,45.35,43.35,43.42,44.63,44.35,41.18,39.19
63.59,58.61,51.98,43.6,39.92,40.22,42.57,43.79,43.45,39.97,37.91,36.37
75.2,67.42,57.96,53.52,52.2,51.32,47.3,46.11,42.19,39.99,37.98,32.95
110.19,95.24,86.16,81.67,76.48,64.12,52.66,48.13,45.58,43.55,37.76,30.36
80.97,72.98,69.65,65.4,54.77,46.74,46.42,44.29,42.35,36.21,28.81,24.97
72.94,69.04,64.2,53.24,44.99,44.32,43.22,41.71,35.88,28.77,25.11,28.9
57.33,55.6,47.0,40.52,41.37,42.73,42.23,35.52,27.9,23.47,26.94,27.14
56.23,47.26,40.24,40.86,41.99,40.97,35.0,27.56,23.43,26.99,27.25,28.13
40.04,34.54,36.4,38.36,38.18,33.89,27.61,23.29,26.63,26.65,27.4,32.84
39.01,41.98,44.81,45.1,40.55,33.63,25.98,28.16,27.52,28.01,33.09,45.35
45.09,47.38,47.23,42.34,35.02,26.62,28.24,27.7,28.19,33.45,45.77,58.01
42.68,44.12,40.6,34.17,26.48,29.46,28.68,28.56,33.44,45.38,57.34,66.6
76.09,70.64,62.69,53.7,53.73,47.15,36.05,39.05,49.95,61.6,69.96,79.6
53.01,49.96,45.32,48.25,44.3,37.95,41.03,50.44,60.86,68.11,76.94,77.08
36.15,35.28,41.42,39.43,34.79,41.2,50.89,60.36,66.94,75.53,75.41,86.25
37.95,46.42,46.24,42.63,48.98,58.5,63.73,68.68,76.27,75.72,86.1,93.84
60.43,58.83,54.14,59.61,67.69,70.12,70.98,78.0,77.26,87.71,95.33,79.84
48.2,44.57,51.19,60.05,63.88,67.25,76.91,76.37,86.78,94.19,78.75,69.03
38.0,42.05,48.44,50.97,54.23,63.84,70.14,83.1,92.19,77.68,68.91,62.89
48.89,57.23,61.44,65.56,74.92,80.55,87.56,94.75,79.1,69.82,63.18,58.48
52.92,61.25,68.9,80.39,87.24,96.44,99.5,81.35,70.43,62.68,57.17,48.66
61.46,61.71,66.68,69.69,77.35,77.94,70.8,64.72,60.12,56.58,50.07,49.04
62.71,65.81,67.2,73.98,74.24,66.44,62.7,59.14,56.14,49.91,49.21,48.16
73.62,69.77,72.12,69.61,60.24,53.86,54.45,54.13,49.53,50.02,49.87,50.3
83.8,84.09,79.92,69.42,61.66,59.68,56.29,51.53,51.9,51.71,51.92,59.41
76.26,71.67,60.89,53.13,51.79,49.67,48.77,50.01,50.38,50.7,58.57,50.72
80.29,68.85,60.49,58.82,56.04,53.49,52.06,52.06,52.14,59.8,51.51,48.4
113.32,99.8,93.63,87.77,80.74,70.68,59.38,58.6,65.77,57.39,53.33,52.24
89.87,85.42,81.37,75.5,66.83,58.43,58.86,65.69,56.92,52.45,51.14,51.1
80.04,80.93,79.36,73.26,66.24,69.11,71.03,59.35,53.01,50.6,49.63,51.27
71.49,66.15,56.35,47.53,50.31,51.9,50.54,47.72,47.67,47.78,50.78,50.71
58.09,49.38,41.32,44.8,47.23,47.32,46.7,46.75,47.01,49.83,49.71,45.38
86.21,75.58,76.91,77.54,74.13,66.9,55.02,53.5,55.24,54.91,49.57,51.27
56.29,62.92,68.23,67.86,63.42,56.69,55.53,55.47,53.85,47.35,48.47,57.08
53.44,58.48,57.77,53.19,46.91,46.76,51.29,50.81,45.11,46.93,56.25,66.12
47.76,48.87,45.62,40.38,41.39,47.96,49.85,44.11,45.88,54.88,64.75,71.93
42.52,41.25,37.61,39.68,47.03,50.31,44.67,45.68,54.4,63.95,71.02,76.05
32.4,30.33,33.77,41.99,46.2,42.34,44.79,53.56,62.97,70.09,75.15,77.12
21.8,29.19,40.69,46.9,44.43,49.36,56.08,63.86,69.88,74.3,75.73,83.86
27.75,38.63,44.31,41.39,46.05,52.53,61.78,68.4,73.29,75.33,84.04,93.38
35.9,43.33,42.0,47.61,54.62,64.82,69.94,73.89,75.34,83.66,92.76,82.62
58.67,55.75,60.13,66.21,75.05,77.3,76.77,77.65,85.72,94.72,84.31,77.85
39.26,43.51,49.4,58.44,62.08,64.31,72.38,82.28,92.24,82.18,76.28,73.38
38.26,46.07,56.75,61.27,64.11,73.61,82.74,92.08,81.6,75.73,72.79,70.89
42.9,57.08,64.58,69.16,79.54,90.18,95.83,83.17,75.91,72.19,69.84,71.51
58.79,58.23,55.75,61.98,70.82,73.41,72.05,69.85,69.48,69.16,72.9,56.2
64.03,57.1,59.68,66.31,67.9,64.62,66.16,68.07,69.1,73.61,57.55,47.96
62.3,63.15,68.31,69.0,65.07,65.53,67.66,69.29,74.12,58.23,48.7,43.87
74.05,76.33,74.6,69.08,68.08,67.6,68.59,74.27,58.94,49.94,45.41,42.73
80.6,82.19,79.6,80.35,80.39,82.04,81.0,62.76,51.88,45.99,42.18,35.49
94.33,83.03,76.17,71.67,70.68,64.95,54.54,48.18,45.27,43.24,38.09,34.17
93.92,85.3,79.36,77.52,70.82,58.48,50.0,47.1,44.95,39.61,35.33,34.81
85.68,78.76,76.16,68.99,56.53,47.99,46.25,44.63,39.55,35.45,35.02,37.47
62.0,61.27,55.61,44.32,37.47,38.96,42.01,37.29,33.38,32.84,35.54,43.12
59.63,53.93,42.35,35.48,36.91,39.7,36.28,32.56,32.34,35.07,42.81,40.0
38.85,29.28,24.01,26.69,31.13,30.58,30.67,30.66,33.53,41.02,38.27,35.21
34.89,31.07,34.8,39.83,38.99,38.37,34.22,35.77,42.46,39.3,35.62,39.77
28.2,33.72,40.24,40.25,40.07,36.82,37.03,42.96,39.29,35.43,39.41,49.58
43.19,52.5,54.96,56.04,52.5,51.99,49.79,43.24,37.6,40.71,49.91,58.97
55.61,55.29,54.03,49.06,47.81,44.31,40.49,36.33,40.38,50.14,59.76,66.3
71.89,68.86,62.45,60.23,55.18,48.28,39.52,43.09,52.54,62.02,68.05,76.33
52.19,48.96,49.66,46.51,41.68,37.01,42.65,51.67,60.64,66.26,74.32,79.52
36.98,42.46,43.33,41.02,38.09,46.92,54.15,61.24,65.63,73.02,77.63,89.33
32.88,35.59,34.73,32.73,42.44,51.34,60.05,64.22,71.55,76.16,88.11,85.11
51.78,48.32,44.1,52.33,59.42,64.48,65.57,73.03,77.85,90.09,87.06,76.02
42.56,38.81,47.62,55.07,60.9,63.49,72.41,77.43,89.69,86.53,75.54,60.7
28.39,37.63,45.33,51.46,54.91,65.46,74.31,87.43,84.83,74.17,59.75,56.65
40.61,50.92,59.2,63.82,74.5,83.46,91.51,86.93,75.06,59.99,56.37,48.02
47.08,54.54,58.31,68.6,77.74,86.08,84.59,73.52,59.02,55.59,47.66,43.03
63.49,62.67,69.02,75.67,82.42,78.2,70.08,57.64,55.49,48.47,44.67,40.64
50.27,53.58,57.61,63.03,59.35,52.48,49.76,50.79,45.61,42.81,39.95,43.51
61.91,63.18,66.28,61.05,52.94,48.1,49.5,45.25,43.03,40.79,44.74,50.65
67.5,66.93,58.58,48.64,42.8,42.48,41.78,41.47,40.44,45.07,51.62,54.91
86.79,76.71,65.49,58.68,56.6,52.42,45.94,43.89,47.98,54.2,56.91,48.65
100.9,85.76,75.73,71.59,65.02,53.77,46.9,51.2,57.47,60.22,51.47,46.91
104.46,93.87,89.37,82.43,69.81,60.27,57.15,61.97,63.68,54.29,48.66,46.97
95.8,93.14,87.92,76.27,67.01,64.49,65.57,65.79,55.39,49.2,46.87,52.02
91.23,88.5,78.9,70.97,69.07,71.13,68.81,56.79,49.62,46.52,51.13,47.42
59.06,49.32,41.0,39.42,43.83,45.87,47.16,42.93,41.76,47.01,44.57,38.87
52.89,43.44,40.56,44.29,45.65,45.52,42.04,41.48,47.21,45.05,39.44,38.82
33.53,32.75,38.18,40.65,41.62,40.33,41.13,46.59,44.23,38.42,37.77,39.66
33.87,43.33,49.27,52.18,51.43,53.12,52.31,47.1,39.58,38.06,39.13,48.47
37.82,42.81,44.79,43.57,45.41,44.93,43.73,37.39,36.66,38.13,48.09,52.5
41.32,43.2,41.82,43.68,43.33,42.23,36.83,36.29,37.96,47.9,52.33,62.08
60.43,58.19,59.4,58.41,55.74,47.43,40.66,41.3,50.52,54.79,63.95,74.92
69.84,71.65,71.35,68.92,59.91,51.79,46.27,53.97,57.12,65.79,75.95,89.39
48.08,53.02,55.31,49.26,44.11,44.33,54.05,55.9,63.57,73.08,86.3,96.92
38.31,40.28,33.74,28.55,29.64,41.08,50.0,59.47,70.16,84.12,95.59,98.86
35.73,31.04,27.36,29.45,41.56,51.47,60.29,70.26,83.88,95.0,98.08,86.68
32.22,29.34,32.13,44.64,54.61,63.39,71.63,84.7,95.51,98.45,86.79,73.79
29.21,33.75,47.8,58.56,67.66,76.53,86.92,96.72,98.97,87.0,73.69,60.26
35.24,50.57,62.39,72.06,81.02,91.41,98.65,99.85,87.29,73.72,60.12,55.2
48.78,58.77,66.8,74.77,84.91,91.83,96.52,85.24,72.51,59.41,55.21,44.0
55.81,60.27,65.08,73.46,80.03,84.17,79.53,69.33,57.85,54.47,44.26,39.99
58.88,60.78,66.62,71.72,75.47,70.28,64.98,55.47,53.26,43.73,40.26,40.73
51.31,53.77,55.91,58.04,52.96,48.18,47.69,48.69,41.04,38.74,40.41,44.89
58.98,60.03,61.28,55.55,50.15,48.62,48.94,41.37,39.11,40.95,45.54,51.16
69.78,65.82,55.64,47.56,44.27,41.4,37.36,37.46,40.87,46.43,52.87,51.98
73.15,61.47,52.3,48.34,44.83,39.46,38.36,41.92,47.55,53.9,52.81,42.18
67.23,58.02,54.04,50.57,44.9,43.06,44.15,49.29,55.28,53.86,42.7,40.83
59.83,57.54,55.43,50.61,48.89,50.2,52.17,56.97,54.79,43.13,40.7,39.28
60.68,61.55,59.27,59.03,60.62,62.97,62.13,57.61,44.51,41.24,39.01,37.64
45.5,45.01,46.18,48.86,52.85,55.08,55.12,42.29,39.18,36.78,35.72,32.64
33.61,31.45,30.99,33.36,35.72,36.11,33.53,33.83,33.68,33.87,32.19,33.81
62.48,58.67,58.14,58.41,55.62,46.89,38.94,38.04,37.82,36.21,37.3,40.09
62.33,61.91,62.52,59.87,51.11,43.17,40.21,39.41,37.31,38.04,40.46,44.85
46.04,49.53,49.45,42.36,36.3,36.97,38.6,36.04,36.42,38.52,42.91,52.14
33.37,35.35,29.75,24.9,27.11,31.46,33.22,33.95,36.3,40.62,50.1,56.52
38.14,33.29,28.88,31.4,35.55,36.72,35.49,37.2,41.21,50.49,56.61,59.28
28.1,25.56,29.74,34.86,36.78,37.13,38.31,41.66,50.43,56.3,58.73,61.73
26.86,32.02,38.06,40.39,40.72,41.92,43.18,51.19,56.59,58.97,61.85,65.14
33.47,39.26,41.44,41.63,42.65,43.46,51.07,56.46,58.85,61.83,65.23,64.35
35.35,37.07,36.84,37.71,38.78,46.91,54.62,57.7,61.15,64.7,64.04,58.66
58.65,56.97,56.64,56.74,62.88,66.74,62.62,64.93,67.86,66.98,61.01,57.56
64.97,66.08,67.55,74.44,78.12,73.47,69.99,71.12,68.98,62.2,57.89,52.51
70.77,70.6,76.16,78.95,73.7,69.23,70.51,68.97,62.44,58.47,53.22,54.38
70.46,74.05,75.13,68.86,64.04,64.9,66.34,61.06,57.8,53.01,54.67,60.48
73.42,71.92,63.48,57.4,57.79,58.53,57.3,55.61,51.91,54.18,60.73,54.77
70.53,60.58,53.25,53.03,53.77,52.38,53.48,50.8,53.71,60.44,54.75,44.29
64.83,54.76,52.03,51.4,49.21,48.75,48.49,52.89,60.59,55.31,45.12,38.75
52.86,51.56,52.14,50.7,50.64,51.18,54.27,61.29,55.57,45.11,38.45,37.0
69.93,72.55,72.88,73.61,73.03,73.77,70.01,61.06,48.61,40.95,38.26,35.87
68.14,66.67,65.8,64.42,65.28,61.76,57.5,46.5,39.77,37.42,35.64,34.33
62.62,59.31,55.7,55.41,51.76,47.33,41.9,37.16,36.07,34.92,34.29,37.63
65.89,60.83,59.24,54.77,49.52,42.6,37.28,36.6,35.67,35.22,38.55,44.55
68.44,68.07,64.69,60.03,52.79,46.74,41.04,38.47,36.98,39.71,44.98,55.88
71.13,66.86,61.52,53.83,47.35,40.99,38.36,37.1,39.95,45.37,56.34,61.62
64.96,60.49,53.57,47.66,41.71,39.7,38.02,40.45,45.58,56.24,61.23,66.65
58.28,52.52,47.59,42.29,40.67,39.61,41.34,45.95,56.31,61.05,66.23,68.6
55.18,51.4,47.04,45.98,44.89,46.41,48.28,57.76,61.95,66.82,68.71,69.71
68.18,65.94,66.8,66.58,67.19,67.09,66.2,67.33,70.3,71.2,70.94,70.12
69.72,70.14,69.62,70.01,69.59,68.07,68.13,70.98,71.77,71.46,70.54,70.36
69.0,69.13,70.12,70.07,68.82,69.37,71.67,72.11,71.54,70.43,70.11,67.53
72.05,72.45,71.83,70.27,70.49,72.07,72.21,71.75,70.73,70.44,67.86,70.33
69.17,68.98,67.74,68.23,70.16,70.97,71.36,70.36,70.06,67.39,69.87,67.99
71.88,70.1,70.12,71.74,72.22,71.99,70.56,70.33,67.69,70.26,68.38,68.61
71.39,71.17,72.56,72.91,72.57,70.9,70.55,67.9,70.43,68.5,68.71,69.41
70.25,69.38,67.79,66.32,64.28,63.34,64.4,68.5,67.58,68.43,69.73,69.55
68.51,68.08,67.66,66.26,65.68,67.34,70.07,68.4,68.75,69.69,69.23,68.08
70.71,69.18,66.74,65.59,66.81,68.66,67.64,68.46,69.77,69.47,68.47,66.85
67.12,65.26,64.59,66.16,68.34,67.85,68.72,69.85,69.41,68.24,66.52,64.19
70.38,69.72,71.27,73.38,72.48,72.54,71.53,70.61,69.11,67.25,64.66,65.27
71.61,72.53,74.1,72.85,72.64,71.19,70.4,69.11,67.36,64.86,65.57,68.0
69.15,70.74,69.52,69.38,68.22,68.0,68.15,66.63,64.27,65.03,67.61,68.22
72.59,69.96,68.58,66.7,66.08,65.46,65.28,63.66,64.89,67.74,68.61,68.41
65.72,64.31,62.34,61.8,61.56,62.05,62.4,64.06,67.18,68.06,67.97,68.9
75.12,72.15,70.76,69.87,69.27,67.54,66.03,68.79,69.47,69.41,70.12,69.79
67.84,68.36,69.17,69.65,68.73,68.69,70.43,70.22,69.51,69.72,69.02,69.63
76.94,76.22,75.33,73.52,72.44,72.23,70.67,70.12,70.49,70.01,70.67,71.71
92.77,89.08,84.9,82.27,80.28,75.29,71.72,72.31,71.95,72.77,73.67,72.64
68.8,67.79,67.98,67.94,65.38,66.42,70.89,70.28,70.83,71.23,70.15,68.13
61.05,61.18,60.92,58.33,59.73,64.92,67.54,68.89,69.84,69.16,67.57,71.52
74.9,73.8,70.32,71.13,74.98,74.81,71.83,72.07,71.01,69.21,72.77,70.1
77.64,73.53,73.94,77.47,77.02,73.52,72.87,71.71,69.85,73.38,70.62,67.71
66.07,66.81,70.67,70.48,67.69,68.55,70.08,68.69,72.43,69.76,67.06,68.69
62.08,65.8,65.33,62.5,63.62,65.55,66.6,70.93,68.7,66.21,68.18,70.1
65.26,65.62,63.42,64.98,67.11,68.35,71.8,69.08,66.29,68.04,69.78,69.37
61.46,59.12,60.49,62.57,64.11,68.26,67.69,65.44,67.5,69.35,69.12,67.95
58.94,61.03,63.72,65.62,69.9,69.52,66.32,67.9,69.46,69.1,67.86,71.83
61.37,63.69,65.22,69.29,68.78,65.29,67.3,69.11,68.85,67.75,71.82,71.19
61.36,61.8,64.93,63.88,60.41,62.56,66.94,67.62,67.1,71.52,71.25,74.12
61.19,64.67,63.93,60.65,62.88,67.48,67.96,67.18,71.49,71.13,74.01,76.83
63.46,62.47,58.97,61.13,65.78,66.26,66.34,70.93,70.77,73.73,76.68,69.91
61.51,59.24,62.43,67.75,68.67,69.35,72.55,71.68,74.13,76.68,69.54,68.31
60.56,61.68,65.11,64.91,64.97,67.28,69.0,72.8,76.19,69.65,68.9,71.46
76.42,79.47,79.06,78.75,79.78,79.11,76.98,79.12,71.8,70.82,72.93,71.44
98.03,95.93,94.35,94.41,92.14,86.81,83.27,75.01,73.43,75.23,73.26,68.48
114.04,105.09,98.88,92.79,84.8,76.37,71.05,72.5,76.2,75.38,71.35,69.05
113.44,106.81,100.55,92.41,83.48,77.23,75.4,78.46,77.12,72.69,69.83,69.09
103.11,99.51,93.69,86.23,80.88,80.66,81.36,78.53,73.1,69.51,68.16,68.71
114.3,106.22,96.66,90.01,88.14,85.53,80.01,74.63,71.14,69.88,70.28,68.96
189.91,168.49,151.81,143.1,131.69,109.29,85.42,81.48,80.09,81.01,78.63,73.79
127.41,115.61,111.63,103.59,86.19,72.07,77.75,76.72,77.39,74.02,69.1,63.56
90.9,90.09,84.46,68.85,57.03,67.11,72.48,73.57,70.57,65.86,60.76,72.23
84.9,81.24,66.64,55.82,66.34,71.95,73.51,70.02,65.19,59.62,70.97,69.9
109.85,93.78,81.55,91.05,94.07,90.37,77.26,70.53,64.05,74.87,72.76,64.94
109.5,95.97,104.68,106.9,101.93,86.74,74.92,67.73,77.87,75.52,67.16,70.36
93.67,103.68,107.0,102.78,88.07,77.01,68.93,78.39,75.55,66.87,69.8,87.03
100.56,104.65,101.09,86.78,76.02,68.45,78.0,74.96,66.14,69.13,86.45,100.64
97.84,96.42,83.72,74.19,67.6,78.86,76.16,66.58,69.16,85.81,99.52,110.73
92.12,81.9,74.55,69.29,81.3,79.96,68.71,69.99,85.98,99.16,110.06,114.81
68.82,65.94,64.4,78.91,79.5,71.4,71.88,86.45,98.49,108.67,112.69,117.52
65.93,65.28,80.46,81.28,73.18,73.83,87.09,98.85,108.76,112.97,117.71,127.28
77.31,92.59,93.58,85.32,84.8,96.06,102.5,111.1,114.62,119.32,128.63,144.02
93.33,96.6,90.64,91.36,103.06,110.22,114.74,116.35,119.95,128.54,143.53,120.0
78.18,73.06,74.44,86.98,96.17,103.86,112.09,116.92,126.25,141.16,117.94,108.28
58.64,60.27,72.54,81.87,90.53,100.79,111.92,122.95,138.88,116.1,106.95,104.31
73.8,87.96,98.88,108.12,117.32,126.68,129.05,142.64,118.41,108.98,105.63,110.12
86.89,105.31,121.29,134.25,145.27,150.58,153.36,123.74,110.79,105.43,108.46,102.99
69.19,73.07,75.32,80.57,86.38,90.77,94.78,93.26,95.19,102.34,101.64,95.36
61.1,59.93,62.05,66.27,70.98,75.61,84.43,89.9,99.28,99.71,94.76,88.25
86.37,84.87,85.95,88.49,90.24,93.66,93.1,102.42,102.9,98.26,91.45,87.12
125.23,125.42,127.58,128.51,128.76,122.08,114.87,111.79,104.85,96.99,91.02,85.66
96.73,101.5,104.89,106.98,103.46,102.34,107.32,101.13,93.52,87.26,82.32,77.54
110.46,107.98,104.75,98.08,94.96,96.24,95.16,90.64,86.42,82.9,79.25,82.56
139.5,130.44,118.65,112.32,110.06,102.17,92.92,89.45,86.44,83.1,86.22,82.31
112.01,102.31,98.11,97.31,91.65,86.86,87.77,84.85,81.41,84.17,80.29,72.64
86.26,82.91,82.69,77.61,74.2,77.75,80.74,78.36,81.73,78.15,71.03,73.08
68.3,67.97,62.3,58.96,63.44,67.94,72.71,77.75,75.38,68.65,71.45,68.03
57.7,54.15,52.48,58.1,63.71,70.54,77.17,74.43,67.59,70.22,66.81,61.7
47.2,48.11,55.8,62.69,70.46,78.92,75.81,67.99,70.05,66.17,60.85,58.42
30.98,40.53,48.81,57.66,67.7,67.43,64.55,67.08,63.59,58.36,56.48,61.56
38.09,46.19,54.69,64.55,64.26,61.33,65.39,62.43,57.49,55.96,61.33,68.66
34.29,43.43,53.75,53.81,51.89,58.17,59.53,55.38,54.33,59.92,67.7,82.38
55.74,65.99,66.1,63.96,69.08,68.31,58.94,56.57,61.46,69.13,83.57,98.39
71.87,69.89,66.12,70.24,68.74,57.9,55.76,61.46,69.45,84.18,99.12,97.41
50.9,48.97,54.77,54.5,45.79,47.71,58.52,67.18,82.12,97.0,95.43,105.65
44.26,50.62,50.74,42.24,44.3,55.77,65.67,80.91,96.01,94.83,105.34,113.86
40.62,46.44,42.92,48.01,61.29,74.34,85.33,97.61,94.69,104.1,111.84,96.69
35.34,34.42,41.71,56.45,70.99,84.43,97.66,93.99,102.99,110.32,95.1,78.97
12.62,15.48,26.02,38.44,52.56,67.5,80.09,94.47,105.23,91.9,77.92,63.6
39.92,50.74,63.43,77.26,90.16,98.73,102.08,110.32,95.54,81.13,65.96,53.74
49.94,64.16,79.48,93.16,102.28,106.64,112.7,96.71,81.42,65.69,53.25,42.03
55.99,64.32,71.83,77.45,81.12,86.29,84.23,74.24,61.92,51.43,42.4,37.5
81.4,83.11,83.7,84.25,87.03,80.48,71.72,61.47,52.29,44.13,39.9,40.63
80.13,78.05,76.37,77.94,71.34,62.7,57.51,50.24,43.12,39.35,40.62,40.27
76.0,71.61,70.94,62.99,54.05,48.65,46.11,40.89,38.23,40.27,40.64,49.04
73.59,70.99,61.31,51.43,45.49,41.94,38.9,37.24,39.92,40.61,49.34,52.55
107.25,90.65,74.96,65.2,57.51,46.53,39.37,42.98,44.4,53.83,57.01,49.24
114.38,96.9,85.94,77.35,64.62,53.91,49.59,49.69,58.16,60.59,51.68,44.85
81.35,73.05,66.83,55.76,46.99,46.39,49.07,57.24,59.44,50.04,42.97,39.22
73.01,71.22,63.72,57.18,57.29,60.86,62.92,62.32,51.22,43.08,38.27,39.54
59.91,55.92,52.02,54.02,59.08,63.68,63.45,51.18,42.37,36.78,37.65,32.88
47.88,42.99,43.92,48.47,53.36,53.88,46.99,39.66,35.1,36.58,32.53,36.48
40.91,42.42,47.37,52.51,53.2,46.64,39.67,34.98,36.32,32.24,36.25,40.37
42.4,45.38,48.78,48.43,41.46,33.68,31.97,34.64,31.43,36.05,40.74,51.34
32.38,38.05,39.65,33.97,27.65,28.8,33.76,30.32,34.74,39.19,49.8,63.18
31.89,35.4,31.27,25.95,27.79,34.06,30.67,34.5,38.69,49.09,62.37,71.75
37.95,38.11,36.49,40.51,47.41,44.75,41.22,42.36,50.82,62.93,71.14,78.26
55.95,51.97,53.95,59.42,54.85,47.71,44.64,53.11,65.14,73.61,80.41,87.18
50.49,54.11,61.28,57.56,50.94,49.17,55.34,66.43,74.12,80.65,87.07,98.11
52.87,62.76,61.58,56.37,55.14,62.38,69.71,75.56,80.94,86.88,97.49,100.16
40.29,40.01,35.53,35.08,44.33,55.3,69.43,76.39,83.34,94.24,97.74,84.07
32.31,28.51,28.39,38.09,49.8,65.0,74.57,81.96,93.26,96.75,83.17,71.05
26.58,27.07,37.16,49.08,64.4,74.32,81.72,93.06,96.58,83.09,71.03,57.59
37.64,50.48,64.82,81.32,90.89,97.45,100.08,100.71,85.39,72.51,58.14,50.39
56.01,66.73,80.17,87.75,93.2,93.94,97.39,83.72,71.87,58.29,51.43,43.95
64.71,70.73,71.88,73.63,73.21,74.79,72.93,66.02,55.59,50.49,44.91,41.13
54.56,55.12,56.41,55.94,58.85,59.69,60.47,51.84,47.82,42.59,39.61,34.87
64.85,62.58,58.85,59.85,59.19,57.07,49.77,47.24,42.96,40.63,36.26,39.26
92.35,84.46,81.94,78.85,73.64,60.53,51.28,46.83,44.32,40.08,42.66,43.3
66.78,65.12,63.01,58.58,47.31,41.85,43.36,41.78,37.92,40.56,41.55,46.41
92.14,85.34,76.92,62.92,54.3,49.87,43.65,40.19,43.19,44.78,49.7,51.2
139.87,122.86,101.61,88.28,78.15,60.69,46.38,49.6,51.43,56.56,57.38,51.34
86.82,71.58,63.79,57.47,44.64,39.19,48.41,49.5,53.88,53.46,46.9,37.22
89.74,81.75,74.99,61.73,54.5,60.26,54.33,57.35,56.2,49.54,39.14,48.44
63.04,63.75,56.59,53.44,62.11,61.11,61.73,57.48,48.85,36.68,44.94,41.12
59.09,51.26,47.34,55.62,54.69,55.48,54.61,46.86,35.41,44.24,40.89,39.62
39.52,35.76,44.0,43.18,44.89,45.98,43.53,33.24,42.7,39.55,38.81,42.89
37.57,44.62,42.6,43.64,44.16,40.46,31.5,41.53,39.02,38.7,43.2,51.99
40.58,40.84,43.97,45.69,42.79,35.25,43.44,39.88,38.73,42.83,51.25,53.31
33.96,39.09,42.31,40.47,33.87,43.76,40.62,38.92,42.72,50.69,52.42,67.55
42.73,47.76,47.53,41.73,51.45,48.06,42.1,44.34,51.44,52.87,67.7,82.16
46.71,49.59,46.47,57.85,55.19,50.3,48.39,53.65,53.7,67.76,81.33,83.62
37.74,36.06,48.76,46.88,43.29,44.02,52.03,52.3,66.39,80.03,82.54,95.2
26.96,38.42,35.33,31.16,32.07,40.75,46.93,62.87,77.71,81.12,94.67,107.22
42.53,41.85,39.99,42.07,50.83,57.04,67.24,80.06,82.24,95.22,107.21,88.06
49.71,48.96,52.06,61.43,67.53,76.93,84.63,85.2,97.18,108.42,88.48,83.05
39.97,39.54,45.74,50.09,59.39,67.41,77.02,92.43,105.84,87.12,82.96,66.11
37.15,48.51,57.41,69.33,78.58,90.2,98.73,109.0,88.25,83.01,65.1,59.17
46.73,58.93,73.59,84.4,96.76,106.55,112.91,89.95,83.32,64.56,58.15,48.11
33.53,39.36,42.24,50.34,60.32,67.63,68.93,70.65,57.27,53.89,47.31,41.12
32.35,36.96,46.55,57.44,65.69,68.74,70.97,56.96,53.14,46.26,40.07,32.38
26.44,29.78,35.08,40.21,42.79,44.51,44.46,45.89,42.34,38.14,32.54,31.88
35.62,39.86,44.1,46.06,47.11,45.82,46.27,42.77,38.62,33.13,32.55,32.11
32.63,35.64,36.57,37.09,36.19,37.55,38.91,36.2,31.6,31.48,31.65,31.16
32.18,33.1,33.58,32.72,34.37,36.27,35.12,30.81,30.89,31.11,30.8,31.2
38.98,37.24,34.38,34.86,35.84,32.9,29.46,30.48,31.31,31.38,32.03,33.12
50.3,45.97,45.28,45.4,41.22,35.45,32.88,33.4,33.22,33.84,34.6,34.63
32.12,33.54,35.6,32.68,28.54,29.2,32.38,32.05,32.47,32.99,33.05,37.06
35.38,36.64,32.96,28.35,28.56,30.88,31.09,31.86,32.69,33.04,37.3,38.08
31.08,27.33,22.58,22.89,25.7,26.66,30.02,31.45,32.19,36.47,37.43,31.29
44.82,38.09,36.7,38.31,37.52,37.5,34.38,34.73,38.86,39.84,33.32,30.43
37.52,36.76,39.01,38.59,38.82,36.28,35.79,39.56,40.22,33.47,30.38,28.74
38.26,42.54,43.88,45.12,42.86,42.73,42.83,41.94,34.21,30.59,28.43,29.28
39.4,39.61,39.79,36.96,36.85,37.02,39.28,32.61,29.64,27.81,29.11,30.44
35.76,34.98,31.22,30.69,30.96,33.48,30.1,28.11,26.96,28.52,30.21,31.15
25.84,23.53,24.28,25.38,28.9,27.46,27.25,26.01,27.49,29.08,30.11,29.79
29.96,29.83,30.06,33.03,30.86,29.1,26.62,28.14,29.76,30.9,30.48,33.53
27.76,27.46,30.01,27.57,25.88,23.66,26.77,28.94,30.41,30.21,33.51,35.9
24.17,28.1,26.89,25.94,24.22,28.32,29.87,30.7,30.1,33.18,35.4,38.59
27.38,26.83,26.45,25.06,29.32,31.08,31.29,30.31,33.19,35.24,38.37,34.96
13.3,14.25,13.89,19.04,22.19,24.82,27.82,31.18,33.52,36.61,33.37,34.28
19.4,18.65,23.37,26.15,28.14,30.06,31.88,34.14,37.18,34.11,34.98,34.94
36.16,40.24,42.56,44.01,44.42,43.32,38.92,40.65,36.76,37.36,36.74,40.96
45.78,47.71,49.07,49.28,47.79,42.73,42.3,37.9,38.13,37.36,41.44,38.17
32.82,32.27,30.85,28.63,24.51,26.0,30.69,33.62,34.48,39.36,37.11,37.27
29.85,29.41,27.91,24.3,26.12,31.34,34.04,34.53,39.23,36.76,36.78,36.76
18.98,18.69,16.01,18.56,24.76,29.32,32.63,37.63,35.37,35.42,35.58,32.2
22.73,22.01,26.23,33.32,37.9,41.11,41.59,37.64,36.62,36.24,32.27,27.11
22.59,24.16,28.92,32.1,34.74,34.23,34.01,34.7,35.41,32.13,27.68,27.22
26.32,29.56,31.49,33.33,32.36,31.36,33.25,34.7,31.9,27.8,27.67,24.53
30.17,31.54,32.96,31.72,30.64,32.4,34.31,31.75,27.8,27.73,24.69,23.0
29.98,31.5,30.27,29.29,31.23,33.4,31.49,27.58,27.56,24.41,22.72,23.15
29.14,27.3,25.74,27.41,29.62,27.83,25.88,26.55,23.81,22.34,23.01,22.11
33.23,32.32,34.54,37.0,34.89,32.28,29.49,25.76,23.6,23.92,22.55,26.44
37.56,37.58,38.18,34.88,31.39,27.17,24.4,23.14,24.01,23.1,27.35,32.17
25.8,26.77,23.87,20.75,17.59,16.94,20.06,21.75,21.31,25.75,30.99,31.21
23.37,20.54,17.45,14.38,14.0,17.55,20.68,20.5,25.17,30.46,30.83,28.65
18.07,14.5,10.88,10.32,13.95,17.12,18.9,24.23,30.0,30.49,28.48,25.73
24.24,21.92,22.5,26.66,29.29,29.91,29.12,33.15,32.56,30.0,26.48,22.27
22.32,25.07,31.16,34.87,35.93,35.93,36.5,34.42,30.84,26.75,22.0,22.65
18.87,24.95,28.58,29.66,30.08,31.54,32.24,29.24,25.51,20.99,22.02,24.73
28.61,29.78,28.7,27.81,28.45,27.66,26.77,24.31,20.62,22.23,25.46,26.28
24.57,23.83,23.24,24.17,23.96,24.17,23.46,19.98,21.69,24.81,25.69,25.48
20.1,18.71,18.93,18.34,18.66,18.26,17.57,20.21,23.91,25.17,25.35,27.65
20.36,21.35,21.41,22.1,21.69,20.89,21.72,24.81,25.65,25.6,27.63,29.21
22.29,22.66,23.66,23.39,22.58,23.38,25.56,26.06,25.82,27.78,29.26,29.86
21.44,22.24,21.82,20.93,21.78,24.13,25.44,25.42,27.52,29.09,29.83,29.81
21.89,21.44,20.51,21.37,23.75,25.05,25.24,27.38,29.0,29.72,29.74,25.48
20.83,19.95,20.83,23.26,24.66,24.94,27.25,28.93,29.67,29.67,25.39,23.82
19.99,20.86,23.23,24.6,24.83,27.15,28.88,29.68,29.7,25.44,23.86,22.96
26.69,28.95,30.27,30.37,32.17,32.96,31.37,30.85,26.28,24.61,23.56,24.01
29.92,31.2,31.29,33.1,33.86,32.18,31.27,26.54,24.74,23.58,23.99,21.75
51.96,46.69,43.9,41.71,37.39,31.52,25.75,25.47,25.31,26.5,24.59,23.98
36.56,35.11,34.23,30.82,26.25,22.99,24.84,24.67,25.71,23.47,22.76,23.61
29.66,29.55,26.77,22.62,19.86,22.72,23.79,24.86,22.67,22.04,22.98,24.81
29.86,27.75,24.05,21.62,24.55,25.55,25.74,23.12,22.23,22.93,24.6,23.62
25.77,21.63,18.74,21.48,22.56,22.86,21.9,21.48,22.53,24.3,23.47,20.21
23.08,19.44,21.58,22.23,22.25,20.9,20.93,22.39,24.38,23.79,20.66,19.74
29.37,31.71,32.53,32.55,30.46,28.91,25.88,26.74,25.46,21.98,20.57,21.6
35.88,35.46,34.49,31.76,29.69,25.68,26.44,25.5,22.25,21.01,22.16,22.12
41.04,39.73,36.72,34.47,30.03,29.94,27.14,23.54,22.05,23.0,22.65,24.47
36.96,34.76,33.22,29.25,29.59,27.58,23.98,22.18,22.93,22.35,24.07,26.93
39.81,38.2,34.11,34.38,31.93,27.37,23.62,23.96,23.1,24.71,27.31,31.79
40.79,36.25,36.14,33.43,28.61,24.43,24.31,23.52,25.11,27.73,32.15,33.89
38.11,37.58,34.57,29.54,25.15,24.68,23.69,25.3,27.95,32.44,34.19,40.52
41.49,38.06,32.74,28.12,27.25,25.48,25.98,28.49,32.9,34.64,40.91,36.02
40.29,35.21,30.82,30.14,28.38,28.61,29.79,33.82,35.33,41.32,36.12,33.35
33.73,30.75,31.23,30.21,30.83,32.73,35.39,36.16,41.69,36.11,32.98,31.6
38.38,38.97,37.98,38.53,39.74,41.08,38.52,43.33,37.34,34.08,32.37,32.7
46.37,47.83,50.58,52.96,54.26,51.43,49.39,40.92,36.08,33.43,32.86,32.14
36.94,37.22,37.39,37.58,35.14,34.09,34.03,31.86,30.88,31.2,31.54,33.84
40.1,39.01,38.06,34.93,33.35,32.37,30.91,30.5,31.21,31.84,34.35,36.81
50.91,48.85,44.79,42.56,40.45,36.75,32.89,33.13,33.49,35.88,38.03,39.73
68.38,62.02,57.98,54.56,48.98,41.54,36.58,36.48,38.57,40.67,41.93,41.36
75.8,70.48,66.15,59.89,51.3,44.16,39.77,41.27,42.91,43.93,42.84,45.63
79.41,74.95,68.7,60.04,52.28,46.67,44.35,45.12,45.54,44.1,46.38,48.44
82.22,75.51,66.5,58.51,52.33,48.81,47.1,47.07,45.33,47.39,49.07,49.46
95.6,84.97,75.62,68.48,63.14,57.84,51.63,48.92,50.41,51.77,51.5,49.78
104.18,92.16,82.84,76.05,68.88,59.05,51.93,53.24,54.46,54.13,51.98,49.48
78.68,72.27,68.09,62.67,54.69,51.0,53.67,54.19,53.28,50.52,47.67,45.68
59.81,57.41,53.3,46.32,43.84,48.71,52.33,51.53,48.91,46.01,44.18,47.06
67.32,62.81,55.22,52.39,56.22,57.63,53.72,50.47,47.35,45.33,47.93,45.98
54.16,48.71,47.71,52.78,55.38,53.62,51.08,47.32,44.91,47.03,44.85,41.22
33.06,34.47,41.49,45.42,45.31,45.92,45.57,43.16,45.25,42.99,39.52,46.45
31.05,38.4,42.34,42.31,43.01,42.77,41.76,44.14,42.13,38.88,46.08,56.71
38.04,43.44,44.64,46.04,46.03,45.41,45.89,42.92,39.11,46.03,56.42,64.47
71.26,69.16,67.85,65.85,62.38,57.5,47.41,43.02,49.61,60.12,67.74,75.54
37.64,40.3,41.89,40.95,39.6,36.25,39.22,46.17,56.68,63.88,71.92,78.38
36.05,39.41,39.87,39.37,36.48,40.22,46.45,56.41,63.27,71.37,77.7,88.19
35.89,38.36,39.46,37.56,41.85,49.05,57.73,63.81,71.35,77.34,87.54,90.62
35.46,38.88,39.07,44.56,52.38,62.24,66.04,72.21,77.45,87.27,90.05,86.57
43.94,43.04,47.71,54.89,64.13,66.78,72.17,77.66,87.59,90.65,87.34,75.5
56.12,58.1,62.93,70.71,71.93,74.37,78.14,88.61,92.02,88.93,77.05,68.17
59.18,63.2,70.43,71.22,73.5,77.21,88.0,91.79,88.89,77.22,68.51,62.72
54.87,64.53,67.39,70.99,75.84,88.84,92.64,88.88,76.63,67.46,61.46,54.08
61.93,64.43,67.61,72.27,85.41,89.3,87.35,75.43,66.57,60.65,53.66,45.68
65.58,62.73,61.97,72.07,74.73,70.55,67.32,62.38,58.89,53.3,46.62,41.44
64.55,60.24,67.35,68.15,63.2,59.0,58.35,57.02,52.69,46.87,42.45,40.19
81.16,85.68,84.39,77.92,71.59,66.95,60.34,55.47,49.35,45.02,42.55,50.22
73.21,70.3,62.5,55.61,51.81,46.89,49.63,45.61,42.54,40.53,49.06,38.49
102.53,88.64,76.48,69.33,60.81,56.44,47.67,45.47,44.15,53.18,42.43,43.4
100.49,88.11,80.87,72.28,67.17,57.0,49.98,47.59,55.84,44.33,44.44,41.81
107.22,99.55,90.76,85.31,73.61,63.64,53.45,60.07,47.53,47.26,43.71,48.22
102.39,97.58,95.66,86.02,76.79,67.75,67.26,51.65,49.24,44.32,47.57,52.43
63.19,59.75,48.46,38.88,32.2,36.4,38.32,40.28,38.2,42.71,49.39,54.97
63.26,53.15,44.43,38.23,42.18,43.44,42.56,39.45,43.44,49.88,55.16,54.08
42.44,36.58,32.62,38.2,40.9,42.39,40.15,43.39,49.38,54.0,52.52,49.19
38.38,35.48,41.92,45.03,46.44,44.03,45.04,50.27,54.5,52.97,49.45,53.61
42.23,50.73,55.52,57.83,55.18,55.59,55.1,57.46,54.7,50.56,53.96,63.05
44.47,52.56,57.77,56.82,58.34,59.93,60.06,55.59,50.44,53.19,61.91,68.18
65.76,68.83,66.01,66.31,66.39,63.55,56.7,51.67,54.52,63.48,69.72,81.08
54.1,52.39,53.67,54.56,53.24,49.35,48.92,52.5,61.77,67.92,79.48,82.31
47.21,50.37,52.91,52.56,49.38,50.31,53.23,61.83,67.52,79.03,81.68,98.37
44.87,49.65,51.19,49.13,50.76,55.1,62.82,67.67,78.56,80.95,97.46,98.84
48.42,49.4,46.93,48.3,52.62,60.21,66.28,77.59,80.37,97.19,98.88,95.9
76.54,71.59,70.98,73.78,78.81,79.86,82.99,84.69,100.87,102.4,98.81,86.8
37.54,38.57,42.81,49.18,53.5,62.94,76.56,95.03,97.87,94.56,83.44,68.8
38.59,47.92,58.56,65.31,75.55,90.4,101.43,100.97,95.67,83.56,67.94,64.67
39.35,49.05,54.62,64.37,79.52,91.16,96.25,92.56,81.49,66.35,63.86,52.43
65.03,67.52,74.65,88.0,97.8,99.43,93.4,82.6,67.76,65.66,54.45,45.99
82.04,82.42,90.09,96.33,95.67,85.67,78.42,66.48,66.05,56.01,48.51,45.62
65.97,70.01,73.16,70.94,61.73,56.33,56.59,60.03,52.33,46.02,44.63,45.55
98.38,97.49,91.86,80.29,71.85,66.27,63.4,55.49,49.12,48.05,48.75,57.19
93.63,86.42,73.48,64.47,59.13,56.76,52.9,47.82,47.49,48.18,56.84,51.23
89.0,76.13,67.31,62.07,59.65,55.61,49.19,48.41,48.87,57.35,51.49,51.64
95.03,84.18,77.08,73.48,67.57,57.41,51.74,51.84,59.98,53.99,53.58,53.13
98.67,88.88,83.03,75.64,63.91,55.32,53.05,61.54,55.79,55.58,54.97,54.1
76.85,75.9,72.93,63.91,57.37,58.99,65.25,57.2,55.46,53.79,52.17,55.43
67.47,63.72,53.73,46.87,48.84,55.65,52.94,52.59,51.97,50.75,54.63,47.53
64.95,56.22,50.26,52.94,59.97,57.09,54.69,53.16,51.47,54.79,47.23,44.56
53.15,48.39,51.9,59.53,57.06,55.54,53.92,51.92,54.99,47.18,44.18,45.69
49.71,54.94,64.06,62.29,60.84,59.56,54.52,56.4,47.86,44.65,45.9,59.58
60.7,72.88,73.79,73.82,72.61,67.41,62.44,51.08,46.13,46.45,59.31,71.2
60.34,56.39,52.18,48.68,43.56,39.02,40.24,39.73,42.83,57.25,70.85,73.26
71.44,66.42,62.25,56.62,50.82,49.5,43.77,45.97,59.84,73.13,74.88,88.08
45.68,46.01,44.34,41.11,42.31,41.46,45.75,58.73,71.34,72.49,85.44,88.58
49.93,52.3,52.55,55.69,55.19,59.79,65.1,74.8,74.1,86.23,88.29,94.03
45.23,48.03,53.28,54.09,59.7,66.86,75.99,74.33,85.82,87.4,92.9,92.78
34.14,38.04,37.64,42.68,50.52,61.22,67.54,81.3,84.44,90.9,91.9,87.1
66.95,66.41,71.49,78.9,87.28,88.9,90.27,90.67,95.42,95.75,89.82,77.67
44.59,49.99,57.65,66.55,70.23,75.46,84.62,91.23,92.64,86.92,75.48,67.77
53.88,60.37,68.22,71.12,75.63,83.65,90.25,92.13,86.77,75.85,68.48,66.73
50.08,60.36,65.24,71.09,80.42,89.4,92.27,86.29,74.9,67.03,65.2,60.13
63.92,66.36,70.04,78.04,86.25,87.64,83.83,73.52,66.46,65.19,60.74,56.24
76.36,72.72,74.37,78.76,78.01,70.44,66.65,63.51,64.59,61.68,58.44,56.03
98.39,95.16,95.54,92.09,81.72,72.78,65.51,67.15,64.58,61.74,59.25,59.03
102.18,100.61,95.83,84.55,74.92,66.51,67.48,65.25,62.51,60.13,59.95,62.95
100.55,94.66,82.42,72.37,63.89,64.65,64.12,62.01,60.01,59.82,62.85,56.44
110.53,95.95,83.85,74.12,73.3,69.49,64.11,62.06,61.93,64.9,58.17,55.79
121.69,107.47,95.9,93.85,87.7,77.75,67.91,66.68,68.9,61.73,58.38,52.67
106.41,95.49,94.2,88.47,78.95,70.04,68.02,69.83,62.26,58.63,52.62,50.36
105.92,105.43,100.34,91.14,81.56,78.04,74.44,65.18,60.52,53.94,51.01,59.04
75.73,70.11,60.2,50.73,49.43,50.19,54.85,53.43,48.95,46.77,56.22,49.75
76.42,67.88,59.37,58.71,59.18,62.85,57.23,51.25,48.32,57.21,50.08,52.98
53.01,47.2,48.62,50.61,55.92,53.39,50.3,47.18,55.91,48.34,51.18,51.06
53.35,55.56,58.09,63.65,60.59,56.37,49.7,57.48,49.39,52.16,51.67,64.22
59.52,65.8,74.66,73.37,69.53,63.52,64.1,53.1,53.92,52.41,63.99,76.64
42.74,51.33,49.7,45.98,41.66,45.67,45.18,48.38,48.44,60.78,74.6,89.15
69.19,67.36,63.54,58.89,61.34,57.67,53.51,51.96,63.36,76.89,90.85,98.49
65.97,62.35,57.87,60.59,57.26,53.51,52.23,63.73,77.21,90.91,98.24,102.57
46.57,47.19,54.47,53.86,52.36,55.47,65.85,77.57,90.04,96.72,100.51,108.96
53.26,62.81,64.07,63.54,66.34,76.06,81.96,92.52,97.98,101.38,109.19,116.03
63.93,66.66,67.49,71.03,80.96,87.07,94.81,99.07,101.77,109.17,115.75,104.23
75.73,73.1,73.76,81.88,86.73,92.05,97.34,101.38,109.64,116.85,105.71,96.42
45.95,48.52,58.28,64.42,72.38,82.86,95.61,105.32,113.3,102.28,93.66,78.97
48.79,60.01,67.25,75.84,86.4,99.05,106.6,113.66,102.21,93.52,78.72,76.1
46.79,55.84,65.8,77.34,91.31,101.42,111.71,100.35,91.65,76.7,74.38,60.03
63.23,67.24,73.51,84.29,92.59,99.7,94.15,88.59,75.78,74.87,61.83,56.86
81.27,83.44,90.82,96.91,102.24,93.48,87.78,76.13,75.86,63.32,58.78,53.02
81.65,83.05,84.03,86.44,76.86,69.85,67.57,71.35,61.28,58.18,53.78,52.21
87.09,87.46,89.48,79.57,72.26,69.52,72.24,62.01,58.74,54.28,52.64,59.77
99.32,96.84,82.94,73.31,68.72,68.04,59.6,58.08,54.81,53.83,61.43,62.38
86.26,74.69,67.22,64.09,64.96,59.31,58.68,54.72,53.22,60.2,60.87,53.36
65.56,58.18,54.89,55.94,51.04,51.73,51.95,51.39,58.91,59.75,52.43,55.6
57.04,52.08,51.5,45.66,45.89,45.46,48.12,57.06,58.86,52.18,55.93,54.98
62.43,64.68,61.35,62.93,62.22,64.06,64.43,63.22,54.72,57.48,55.42,55.02
57.21,54.0,55.7,55.14,57.66,59.36,61.25,53.28,56.4,54.37,54.32,45.28
43.15,44.15,42.75,45.07,47.51,50.59,48.66,53.39,52.47,52.8,44.35,48.04
66.89,65.4,67.55,69.61,70.74,64.96,60.22,57.27,56.36,47.39,50.12,51.73
46.71,52.27,57.3,60.41,56.9,56.58,56.56,55.21,45.78,48.04,49.52,60.07
52.59,59.42,64.06,61.33,61.14,61.48,57.48,46.72,48.19,49.44,59.81,72.44
43.42,45.2,39.85,38.43,39.42,36.74,37.28,42.28,45.71,57.25,71.33,76.5
70.85,62.96,59.45,58.89,53.72,49.39,47.02,49.59,60.68,74.73,79.33,80.68
49.17,46.43,46.73,42.21,39.3,39.88,46.9,58.85,73.27,77.92,79.5,81.83
48.18,52.86,52.17,51.45,52.63,60.55,65.2,76.56,79.35,79.94,81.22,79.06
57.21,57.7,57.94,59.68,67.49,71.56,79.34,80.98,80.86,81.71,79.12,73.41
58.93,58.59,59.7,67.21,71.11,78.54,80.68,80.83,81.89,79.29,73.56,65.58
62.91,62.73,69.25,72.38,79.21,80.45,80.44,81.91,79.56,74.17,66.44,61.96
46.59,56.12,61.79,70.36,73.55,77.06,81.09,78.23,72.4,64.22,59.71,55.64
54.3,55.37,59.82,60.57,63.19,65.76,70.6,68.04,62.01,58.92,56.27,53.58
27.84,34.32,36.66,40.64,45.83,55.74,62.27,57.56,55.24,52.63,50.63,50.15
48.47,47.83,49.17,52.55,60.53,63.49,57.28,55.55,53.53,52.16,52.07,46.62
39.36,41.28,45.17,53.64,57.59,53.06,54.07,52.47,51.19,50.95,45.61,44.38
41.94,43.62,50.1,52.84,47.74,47.97,49.39,49.54,50.22,45.57,44.89,46.7
43.79,49.25,51.15,45.51,45.49,46.62,48.12,49.48,45.22,44.89,47.05,55.53
47.68,52.26,48.94,50.35,52.16,54.73,52.88,46.8,45.36,46.73,54.64,50.72
45.23,38.55,37.03,37.23,39.78,37.94,39.8,41.32,44.53,53.52,50.71,49.86
33.66,33.77,35.23,38.68,37.57,40.7,42.15,44.86,53.45,50.25,49.06,50.48
39.8,39.98,42.37,40.43,42.68,42.67,44.54,53.47,50.54,49.81,51.49,52.42
41.67,47.52,48.66,52.69,53.32,56.13,59.18,53.66,51.22,51.84,51.82,49.65
49.47,46.04,46.11,44.37,46.13,47.38,47.76,48.11,50.6,51.69,50.64,44.11
47.12,46.63,44.41,45.97,47.15,47.26,47.95,50.7,51.92,50.82,44.24,43.47
45.73,44.65,47.17,48.92,49.32,50.6,52.04,52.62,51.09,44.22,43.18,37.32
44.03,47.14,49.35,50.04,51.49,53.17,53.2,51.35,44.26,43.12,37.18,42.71
51.95,53.29,53.16,54.08,55.14,54.06,51.6,44.55,43.46,37.57,43.15,40.11
49.47,46.28,44.61,44.2,42.92,40.21,39.22,40.48,36.06,42.5,40.36,40.58
43.78,43.31,43.92,43.31,41.1,40.99,41.62,36.58,42.58,40.07,40.05,40.25
44.9,42.03,38.33,34.31,33.31,32.4,31.89,40.15,39.13,40.05,41.06,41.27
51.12,50.37,48.98,49.44,48.48,47.58,47.54,43.6,42.64,42.51,41.49,40.85
49.16,46.33,45.53,43.86,42.79,42.57,41.29,41.4,41.95,41.3,41.04,40.32
49.25,49.1,47.99,47.24,46.94,45.4,43.33,43.14,42.02,41.47,40.44,42.8
50.79,49.38,48.34,47.88,46.15,43.7,43.28,42.18,41.64,40.6,42.93,42.68
44.21,43.09,42.53,40.83,38.8,39.24,40.52,40.53,39.82,42.3,42.26,45.13
48.76,48.13,46.32,44.18,44.1,44.37,42.18,40.94,43.14,42.98,45.66,46.61
49.63,47.1,44.35,43.93,43.99,41.33,40.5,43.01,43.05,45.81,46.84,45.48
49.56,47.34,47.38,47.71,45.02,44.06,44.74,44.17,46.52,47.28,45.59,45.92
43.1,43.12,43.38,40.72,40.06,41.4,42.75,45.58,46.63,45.07,45.6,47.89
50.81,51.91,49.97,49.65,50.51,50.79,49.13,48.85,46.49,46.61,48.39,48.96
52.42,50.15,49.57,50.29,50.53,48.77,48.74,46.51,46.68,48.44,49.02,47.1
48.86,47.52,47.56,47.45,45.68,45.67,45.16,45.95,48.09,48.86,47.14,49.01
49.61,49.48,49.22,47.32,47.08,46.16,46.31,48.39,49.11,47.4,49.25,50.19
46.74,47.59,46.64,47.02,46.56,47.51,49.14,49.36,47.32,48.92,49.68,49.54
40.25,39.82,40.59,40.47,42.08,45.0,47.7,46.03,47.86,48.69,48.77,48.35
41.41,41.3,40.31,41.44,43.99,45.97,45.09,47.41,48.6,48.9,48.66,48.48
43.91,43.42,45.0,47.79,49.68,48.58,49.01,49.59,49.5,49.04,48.63,46.27
53.43,53.46,54.94,55.93,53.75,52.17,50.71,50.65,50.21,49.94,47.5,48.96
52.24,53.58,54.51,52.31,50.86,49.73,50.31,50.02,49.79,47.33,48.86,49.22
58.4,58.59,55.77,53.92,52.29,51.86,50.56,50.3,47.84,49.41,49.73,50.95
49.1,47.25,46.2,45.21,45.8,46.41,48.83,46.63,48.31,48.5,49.82,48.32
43.11,41.86,40.59,41.1,41.93,44.79,44.84,47.1,47.7,49.24,47.99,49.64
43.12,42.32,43.21,44.24,47.03,46.95,48.05,48.24,49.52,48.15,49.7,48.34
42.54,43.04,43.74,46.34,46.18,47.1,47.8,49.27,48.06,49.69,48.43,46.84
43.36,43.4,45.47,44.97,45.75,46.24,48.51,47.65,49.52,48.41,47.02,45.61
43.06,44.52,43.44,43.94,44.35,46.41,46.68,48.99,48.19,46.91,45.64,44.18
46.14,45.79,46.93,47.69,49.79,50.06,50.58,49.12,47.43,45.89,44.19,42.8
44.4,45.77,46.67,48.91,49.34,50.15,49.05,47.36,45.79,44.03,42.6,44.79
45.21,45.9,47.95,48.25,49.04,47.97,46.84,45.45,43.79,42.47,44.8,46.46
44.56,46.25,46.23,46.85,45.83,44.79,44.54,43.21,42.08,44.54,46.36,49.7
48.86,47.08,46.19,44.24,42.66,41.45,41.6,41.35,44.37,46.57,50.24,49.46
62.37,58.78,54.58,51.51,48.63,45.57,42.64,45.93,48.32,52.21,51.34,51.79
77.04,71.56,67.57,63.94,59.34,53.42,50.51,51.87,55.08,53.85,53.64,49.9
70.01,66.57,63.54,59.35,53.85,51.7,52.69,55.61,54.12,53.63,49.63,49.48
70.73,68.68,65.29,60.26,57.96,58.57,58.35,55.79,54.62,50.21,49.58,50.22
108.46,99.39,89.47,83.88,80.23,71.8,60.61,59.31,54.91,54.58,54.77,52.88
92.87,84.42,80.36,77.74,70.52,61.64,60.62,55.62,54.72,54.24,51.92,47.02
104.17,95.7,89.31,79.63,68.31,62.77,55.82,55.89,56.08,54.43,49.67,53.52
110.28,102.57,91.77,79.77,72.97,63.4,59.2,58.78,56.71,51.53,54.84,53.67
118.81,106.88,94.02,86.62,75.72,68.84,63.04,59.95,54.2,57.11,55.23,53.43
78.83,70.17,66.37,58.02,54.34,54.69,57.56,51.74,54.44,51.97,50.16,50.98
54.18,53.67,47.7,45.8,47.79,53.45,50.42,52.65,50.06,47.97,48.79,54.39
62.84,56.62,54.27,55.93,60.59,55.45,54.57,51.42,49.07,49.87,55.28,56.13
55.69,54.22,56.58,61.7,56.86,56.56,52.77,49.91,50.38,55.48,56.04,60.22
52.3,55.22,60.95,56.34,56.22,52.96,50.0,50.23,55.22,55.87,60.23,69.79
56.42,63.26,59.5,59.99,56.82,53.67,51.92,56.13,56.28,60.27,69.47,76.8
76.31,71.89,71.83,68.18,63.91,59.95,59.46,58.8,62.33,71.31,78.15,84.92
53.27,57.64,57.82,56.07,54.51,58.69,59.5,61.94,70.08,76.21,82.56,97.6
65.01,67.06,66.93,66.12,69.82,69.73,66.26,72.52,77.5,83.52,98.02,101.78
58.9,60.43,61.07,65.79,66.8,65.09,72.33,77.01,82.7,96.94,100.58,104.97
72.25,68.64,69.71,68.35,64.77,68.8,74.64,82.04,97.42,102.01,106.95,104.15
65.46,67.07,66.43,63.24,67.73,74.54,82.09,97.39,101.88,106.77,103.98,98.65
53.88,60.01,62.68,70.82,80.07,91.78,102.68,103.84,106.63,102.35,95.97,80.74
43.44,43.72,49.44,57.56,70.0,82.29,94.4,100.67,98.64,93.46,79.64,69.66
46.63,54.47,64.18,77.54,89.89,102.0,104.28,100.63,94.51,80.08,69.55,63.15
79.8,84.63,93.92,103.37,112.43,109.21,101.71,96.23,82.28,72.53,66.52,60.09
78.86,86.8,95.28,103.83,101.15,94.71,93.41,80.62,71.37,65.51,59.56,56.12
84.13,84.55,86.09,79.33,71.57,68.21,68.41,64.67,62.32,58.52,57.21,60.8
108.99,105.39,94.2,83.66,77.44,72.21,65.57,64.22,61.05,60.19,63.79,67.51
119.13,108.16,98.06,91.99,86.01,77.87,69.98,65.07,63.06,65.82,68.57,62.31
92.96,83.89,78.77,73.62,67.1,62.3,62.29,61.02,64.07,66.78,60.69,64.57
95.1,87.76,80.44,72.63,66.34,63.44,61.05,64.64,67.73,61.96,65.85,66.68
113.81,103.59,93.38,85.4,79.94,72.56,69.19,71.57,65.45,69.28,69.58,67.73
100.26,92.47,86.78,82.74,76.36,74.86,74.98,67.3,70.09,69.49,66.96,58.86
77.33,71.05,66.34,59.87,59.45,61.57,61.51,66.22,66.91,64.89,57.58,55.1
57.45,57.6,54.92,57.13,61.17,64.26,68.23,67.21,64.14,55.86,52.73,53.31
53.9,52.26,55.04,59.49,62.82,67.34,66.9,63.72,55.46,52.36,52.96,55.72
54.74,60.59,67.65,72.41,77.23,77.33,68.85,58.26,53.7,53.52,55.6,66.33
51.67,57.9,61.9,66.36,66.92,59.42,54.01,50.8,51.45,54.08,65.59,72.18
54.12,55.44,57.54,56.78,49.08,43.32,45.69,48.57,52.54,64.93,72.32,84.35
73.47,74.04,72.0,63.31,55.8,54.9,52.3,55.56,67.54,74.83,86.37,99.46
57.89,60.4,55.88,50.98,52.32,54.05,57.15,67.61,73.86,84.62,97.26,102.1
56.67,57.29,56.81,60.83,63.82,68.91,73.38,76.65,85.47,97.0,100.75,101.96
52.11,50.38,53.08,55.44,60.59,65.18,72.74,83.15,95.65,99.96,101.72,102.79
51.79,55.71,59.19,64.89,69.49,77.24,85.1,96.7,100.45,102.08,102.9,99.75
91.58,92.55,96.39,99.28,103.69,105.21,104.73,106.51,106.96,107.57,103.63,92.45
50.48,57.71,63.6,70.41,76.32,84.07,98.64,100.69,102.17,98.02,87.71,74.66
54.02,56.33,59.71,63.69,70.75,84.15,93.38,97.8,95.69,86.76,74.97,67.7
55.75,60.63,65.64,73.43,87.14,96.78,99.59,96.69,87.23,74.9,67.3,58.55
88.05,90.48,96.14,108.17,115.12,112.84,101.93,91.25,78.31,70.67,61.51,55.49
94.81,94.44,101.48,105.38,101.83,88.92,84.93,75.42,69.68,61.76,56.96,54.21
105.32,106.65,105.67,99.18,84.47,77.23,71.37,68.15,61.82,57.97,56.0,60.98
87.52,85.17,77.59,62.52,56.66,53.73,60.52,56.81,54.53,53.26,59.35,63.4
106.05,96.61,79.76,72.8,67.8,70.42,60.91,57.82,56.18,62.03,65.42,61.32
87.1,72.15,66.88,63.11,67.11,60.01,58.16,56.11,61.61,64.42,60.06,55.45
92.63,84.93,78.91,81.45,72.16,66.06,59.1,64.36,67.02,62.84,57.74,60.52
112.53,103.86,104.31,93.34,84.61,72.77,69.84,71.56,66.74,61.53,63.72,63.04
96.35,100.49,92.85,86.27,76.01,75.82,75.26,68.35,61.82,62.91,61.46,67.56
68.11,61.01,54.71,45.07,47.45,51.99,58.44,54.77,57.68,56.97,64.45,56.9
57.92,54.16,46.18,49.91,55.1,62.04,56.84,58.62,57.34,64.14,55.96,62.5
52.76,47.26,52.95,59.28,66.61,62.23,61.28,58.67,64.63,55.98,62.08,62.15
47.97,54.68,61.89,69.63,65.27,64.52,60.18,65.53,56.4,62.53,62.41,76.02
61.12,70.74,80.7,77.41,76.57,72.0,70.95,59.37,63.96,63.11,76.15,84.49
61.9,65.58,56.8,52.96,47.89,46.0,47.52,57.13,59.52,74.41,84.65,92.59
82.18,74.61,71.98,67.4,64.57,64.12,64.6,64.56,77.9,87.21,93.94,92.39
57.01,58.36,57.22,56.71,58.56,63.29,64.86,77.35,86.03,92.11,90.16,99.64
45.17,50.68,55.83,61.09,67.93,73.38,81.76,87.47,91.59,88.62,97.24,97.28
87.83,87.76,88.42,92.08,93.41,93.8,91.42,95.51,92.62,101.84,101.66,104.27
59.02,62.54,68.92,72.15,75.68,79.55,91.37,89.05,98.47,98.0,101.1,92.1
57.19,59.42,59.05,60.46,63.76,74.79,80.83,93.58,95.34,100.05,92.54,85.62
53.39,56.53,60.78,65.98,78.29,86.15,96.52,96.6,100.22,91.67,84.11,69.7
66.45,66.63,68.12,78.2,84.4,91.64,93.65,99.06,91.85,85.16,71.32,63.97
49.46,55.32,69.27,77.82,87.33,93.97,100.14,91.7,84.01,69.47,61.86,54.71
84.58,94.31,99.07,106.01,109.35,109.11,94.65,86.75,72.3,65.12,57.97,60.69
80.78,80.98,84.09,85.36,85.57,72.21,76.58,66.27,61.49,55.6,59.98,55.89
84.9,82.23,78.46,75.71,60.99,63.12,59.74,58.38,54.64,60.35,57.3,61.96
80.67,77.38,75.17,60.75,63.16,60.45,58.91,54.88,60.39,57.1,61.78,65.62
111.74,105.44,87.43,87.54,81.31,72.69,60.11,64.92,61.32,65.99,69.1,65.53
114.58,95.22,94.48,87.61,78.41,64.82,67.18,63.5,67.88,70.7,66.69,59.4
93.89,93.77,87.37,78.61,65.33,68.31,64.46,68.5,71.1,66.83,59.18,72.37
111.26,103.94,94.45,80.45,81.67,74.52,72.36,73.86,68.98,61.23,74.09,65.56
102.04,95.23,83.49,86.35,80.25,79.33,77.9,71.25,62.34,74.04,64.51,61.7
77.92,64.96,66.58,59.98,60.13,61.15,64.04,57.68,71.03,62.25,60.49,56.84
57.26,60.07,54.18,55.01,56.65,60.58,56.3,69.87,61.3,59.6,56.02,63.88
65.06,65.94,72.61,77.54,82.31,79.22,80.8,67.14,62.27,56.82,63.01,58.13
40.54,44.34,46.51,50.09,48.4,52.89,54.8,54.43,51.82,59.48,56.43,68.64
48.73,52.32,57.02,55.86,60.04,61.45,57.38,53.44,60.37,56.99,68.9,72.7
53.59,57.96,56.53,60.58,61.85,57.29,53.28,60.34,57.04,69.05,72.88,82.9
74.49,74.0,78.98,80.53,74.9,68.77,67.22,61.66,72.15,75.25,84.23,89.7
60.71,64.38,64.87,58.77,53.49,53.88,55.75,68.48,72.89,82.61,88.93,104.25
70.42,76.03,74.47,71.72,72.54,75.01,77.45,77.79,84.92,89.88,103.79,107.81
90.15,84.12,77.54,75.99,76.51,75.17,75.95,84.72,90.72,105.41,109.84,107.14
61.36,59.14,61.46,64.57,66.14,72.37,84.26,89.5,103.55,107.22,104.24,98.31
45.97,48.23,51.16,52.72,59.72,73.31,84.36,99.94,104.65,102.46,97.35,91.89
61.24,66.75,70.41,78.52,91.5,100.89,107.28,109.05,105.08,98.97,92.46,79.19
42.68,46.85,55.32,68.82,80.31,90.77,102.15,100.08,95.2,89.11,76.83,61.54
44.44,50.36,61.5,71.56,81.56,92.31,95.26,92.4,87.64,76.3,61.96,55.1
59.2,68.78,77.37,86.44,96.16,97.04,92.86,88.22,77.02,62.74,56.02,50.47
80.13,84.27,89.58,96.93,96.15,88.98,85.85,76.31,63.06,57.13,52.18,51.58
81.2,82.99,87.38,84.88,77.44,74.22,71.06,60.34,55.82,51.67,51.94,56.41
95.05,95.6,89.85,80.37,75.48,69.26,58.98,55.65,52.31,53.16,58.06,67.16
80.29,74.79,65.61,61.18,56.39,48.85,51.58,49.46,50.91,55.91,65.43,64.26
77.82,66.52,60.16,54.28,46.09,47.63,47.52,50.15,55.93,65.9,64.96,66.97
70.35,64.62,59.28,51.4,52.73,52.2,52.36,57.35,66.86,65.6,67.26,68.73
73.8,68.83,61.33,62.8,61.6,60.32,60.78,69.12,67.18,68.52,69.46,58.63
66.55,61.09,64.38,64.28,63.78,65.45,71.69,68.58,69.13,69.42,58.1,52.25
50.31,53.8,53.6,53.3,55.75,63.49,65.14,66.68,67.7,56.57,51.16,51.76
65.23,64.92,64.46,66.65,73.3,72.82,69.73,69.8,58.15,52.61,52.88,48.2
64.66,67.57,72.65,81.07,81.45,79.67,75.03,61.04,53.92,53.06,47.43,50.63
53.64,55.24,60.52,59.21,57.73,54.16,51.46,48.03,49.5,45.27,50.07,59.01
53.69,58.74,57.16,55.56,51.98,49.26,46.97,48.8,44.75,49.77,58.89,69.63
63.3,62.05,60.81,57.35,54.37,51.5,50.86,46.03,50.57,59.44,69.92,73.73
46.6,44.54,40.37,37.21,35.46,37.07,40.09,46.7,56.84,67.92,72.52,78.14
75.13,69.62,65.35,62.56,61.39,58.94,54.38,62.51,72.41,76.64,81.24,79.89
76.55,73.64,72.24,71.83,69.35,64.51,67.29,75.56,78.64,82.48,80.26,79.61
60.05,62.33,65.16,64.7,61.7,68.05,76.58,78.5,81.52,78.75,77.75,76.56
41.76,46.69,47.84,46.07,54.3,66.38,74.28,78.04,75.76,74.93,74.31,73.56
64.46,64.86,62.22,69.82,80.2,84.49,82.13,78.61,77.18,76.31,75.08,66.84
52.88,48.09,53.89,63.34,68.32,67.52,72.18,73.34,73.99,73.52,66.26,56.0
48.04,54.29,64.12,69.26,68.53,73.42,73.97,74.3,73.63,66.36,56.07,58.53
35.2,45.85,51.57,51.42,57.87,61.47,68.87,69.52,63.08,53.18,56.53,55.53
35.93,42.2,42.29,49.1,53.52,62.31,66.73,60.88,51.44,54.95,54.33,52.04
34.49,33.24,38.74,42.48,51.58,56.75,56.46,48.7,53.3,53.21,51.68,50.09
23.3,28.98,32.78,42.06,47.99,49.18,45.57,51.07,51.55,50.31,49.17,52.24
