101.63,208.21,384.6,407.13,445.26,442.22,386.47,320.02,287.47,277.22,294.22,321.14
176.87,291.58,403.47,471.52,457.71,377.79,307.99,269.36,252.13,247.12,254.09,269.07
288.36,387.04,431.26,429.93,358.86,301.06,268.29,253.98,253.65,266.04,294.87,321.39
335.43,429.75,448.17,408.07,335.8,296.37,272.72,266.19,280.21,305.78,340.09,351.6
397.54,430.69,389.23,330.76,282.78,257.36,250.23,263.59,278.37,296.85,327.21,342.47
403.79,419.86,373.07,312.04,266.88,252.38,262.33,292.11,330.18,358.16,365.07,359.73
391.74,344.49,300.67,274.99,259.79,253.89,278.33,325.16,363.85,366.83,362.86,359.35
299.4,265.09,260.46,266.08,263.22,266.81,299.07,346.07,367.58,362.9,361.44,357.85
299.41,258.92,256.53,263.82,264.74,304.69,365.01,379.91,367.64,356.02,337.62,278.0
325.13,278.56,259.27,268.92,290.76,336.05,369.16,372.03,362.81,332.58,255.18,185.73
300.08,298.23,322.58,358.4,364.73,366.55,363.23,347.92,285.51,205.04,153.47,133.85
307.31,309.79,341.96,368.96,358.87,335.2,266.92,198.28,154.19,136.2,129.38,106.06
382.08,395.8,358.33,343.04,324.27,252.86,185.44,155.26,154.91,143.41,105.54,70.19
367.98,387.72,336.38,285.74,234.82,182.81,162.2,165.49,149.38,109.01,74.44,66.05
324.09,344.52,349.71,306.17,233.65,179.11,165.53,161.58,132.48,88.53,67.46,77.52
368.64,370.85,296.07,218.2,176.97,155.97,160.06,140.22,90.88,65.98,72.06,108.43
330.62,319.25,252.88,184.88,158.06,140.74,113.97,75.48,57.73,65.46,126.32,238.26
159.67,172.79,169.0,142.5,104.22,67.37,45.94,48.87,76.84,142.79,247.51,409.02
172.11,165.4,146.04,113.92,75.86,55.29,54.55,62.05,86.24,121.12,176.39,281.82
169.63,175.39,148.46,106.45,72.27,63.12,63.69,98.36,152.65,233.64,379.16,550.96
232.36,177.46,127.39,77.1,58.03,63.09,97.73,146.02,245.52,374.01,472.07,488.07
214.21,132.11,99.67,76.45,88.06,156.59,277.08,407.16,493.17,483.41,439.09,411.62
79.72,46.09,55.66,84.82,144.28,195.97,272.44,423.27,500.84,457.85,410.87,352.6
72.72,38.93,63.46,115.11,186.56,286.12,462.38,507.59,480.04,442.4,387.45,320.06
92.68,112.79,178.17,228.06,332.29,485.71,482.96,445.43,399.43,343.47,316.82,320.73
105.0,188.3,250.93,308.76,410.57,515.89,491.17,458.49,426.25,385.67,335.72,303.91
123.93,199.08,275.34,382.12,523.73,495.27,445.57,398.33,356.8,315.71,289.69,270.02
241.43,350.71,483.86,507.69,458.1,382.6,334.96,306.84,292.32,285.8,318.01,354.36
244.28,410.65,508.45,506.45,455.22,383.16,338.8,314.86,305.46,314.12,341.38,370.26
353.73,468.48,479.57,444.12,362.44,321.85,299.65,289.34,300.05,344.35,370.05,371.04
369.91,465.56,467.6,429.99,351.82,313.69,291.74,282.13,294.71,339.37,365.3,365.55
397.14,441.23,407.47,363.69,318.11,287.24,285.62,308.98,343.38,362.48,346.36,281.76
372.44,361.3,324.53,300.35,280.45,299.42,349.66,371.09,357.07,300.73,219.95,166.45
296.62,283.83,293.52,342.18,362.22,369.39,367.53,361.02,323.39,241.78,175.77,146.88
264.02,256.47,299.82,355.85,367.14,368.05,360.71,340.83,265.95,189.66,149.15,137.34
295.44,319.43,366.02,380.37,364.04,342.73,280.11,204.82,155.72,142.82,140.49,116.38
372.81,400.66,366.37,357.28,319.88,237.99,177.61,167.58,161.17,135.71,93.88,60.85
344.93,379.4,348.51,303.43,248.95,200.77,176.15,167.31,146.0,105.94,79.05,77.84
375.99,393.88,316.96,228.79,175.5,166.57,176.76,162.73,118.29,77.65,67.15,81.54
319.89,270.46,222.37,210.26,197.41,193.5,175.56,131.36,87.38,67.56,75.1,96.21
265.75,226.74,219.48,212.6,190.97,172.21,125.58,67.14,47.37,68.15,115.55,169.57
235.56,215.62,200.39,146.41,93.72,45.67,31.63,24.51,78.13,200.56,396.37,367.61
183.37,174.86,169.94,131.06,83.38,48.3,37.76,59.33,96.12,165.69,266.85,370.03
196.68,173.68,145.58,95.0,64.08,61.65,63.66,84.45,110.16,184.35,317.12,461.7
195.08,174.99,122.5,62.61,47.01,57.76,101.97,147.37,232.74,399.23,484.65,455.13
158.88,130.95,84.27,50.19,51.69,85.36,130.14,179.95,292.96,480.6,477.91,433.41
109.47,57.87,45.29,59.11,107.83,154.4,236.77,402.75,507.32,485.13,446.79,399.03
57.03,43.34,71.38,125.36,186.09,294.93,469.94,478.84,455.15,395.08,339.16,332.66
39.85,70.2,138.54,236.7,314.35,437.04,440.63,402.16,361.46,340.65,338.23,335.37
115.66,186.39,339.0,489.76,468.2,427.24,362.96,324.42,304.3,299.3,304.62,311.46
135.82,265.35,412.87,506.81,497.07,419.1,343.18,299.3,266.11,261.15,269.55,278.79
256.92,360.48,483.17,497.33,441.83,368.97,323.36,295.15,278.31,277.27,312.48,348.71
340.4,443.47,484.83,457.44,379.04,326.85,295.97,280.06,280.45,306.03,349.5,362.75
361.51,454.51,471.99,433.69,350.79,311.98,287.84,277.05,285.9,319.09,356.07,360.96
408.02,444.87,411.42,357.18,305.68,271.87,268.8,291.52,314.44,333.0,348.96,351.57
388.73,388.13,344.83,292.86,262.4,251.41,261.97,293.49,331.86,357.52,362.79,360.37
333.81,307.85,290.43,284.22,272.54,299.35,344.31,366.95,361.66,358.25,354.03,319.81
292.92,270.13,279.86,312.09,321.09,357.5,373.52,373.26,366.01,349.99,287.09,209.42
296.61,279.01,309.01,361.55,371.59,372.5,369.53,364.17,339.75,268.03,195.21,154.01
298.84,302.82,360.19,383.13,370.54,367.1,361.07,336.78,261.77,188.51,148.57,135.55
290.47,314.67,364.23,378.96,369.25,361.67,339.56,270.37,187.47,121.34,78.16,55.3
340.83,383.69,402.06,392.07,377.45,341.83,258.51,171.37,109.48,63.87,48.88,62.92
341.89,381.7,390.72,380.21,350.24,276.3,188.91,122.73,68.46,50.94,55.91,98.3
380.79,395.76,342.76,280.25,205.48,156.21,148.03,130.97,85.95,57.16,59.25,96.66
368.82,356.58,284.05,194.5,153.9,129.24,96.62,54.55,47.46,79.52,137.86,201.06
276.35,230.9,205.73,180.8,156.53,123.68,72.2,41.94,53.77,99.03,167.36,252.01
262.54,250.21,198.26,126.74,71.71,39.16,43.8,107.44,221.89,331.83,382.02,473.0
237.85,181.45,128.21,66.2,39.46,46.29,80.67,151.63,266.77,385.76,472.61,482.55
204.36,130.27,85.75,55.88,56.61,89.87,131.35,211.59,341.02,484.41,489.1,447.71
58.06,34.59,51.73,91.95,136.89,207.24,316.59,485.88,449.69,390.33,342.5,334.96
75.53,44.78,62.74,147.15,238.13,341.53,433.31,447.55,322.75,273.67,246.83,245.38
60.04,77.09,166.93,249.0,350.88,474.02,471.33,388.44,327.65,286.73,270.81,278.65
70.58,141.19,248.05,351.24,470.72,489.43,383.34,308.63,260.37,244.37,243.46,241.53
135.42,201.04,333.62,475.82,483.03,419.35,335.99,286.2,257.72,249.66,250.87,251.69
336.71,426.14,451.4,414.41,322.32,281.9,255.77,244.57,247.92,259.88,275.6,298.07
355.78,451.91,453.9,394.54,319.67,283.69,265.19,253.83,258.12,278.39,310.77,343.49
402.06,438.48,384.6,300.01,256.81,248.31,250.35,253.42,257.57,268.2,299.17,343.89
402.96,393.29,325.9,269.44,246.36,239.51,241.76,254.7,272.96,306.81,348.52,343.18
396.94,352.84,299.64,252.49,242.0,241.4,249.45,273.36,309.7,347.82,316.68,229.38
324.38,288.93,264.93,251.99,250.35,253.36,276.63,312.83,348.87,354.83,303.71,216.33
300.79,273.59,265.43,258.71,252.06,271.36,327.53,366.41,360.09,327.38,241.6,175.92
255.69,236.97,252.1,255.13,251.11,270.72,325.47,363.66,357.92,306.35,221.98,160.82
275.7,272.12,311.64,338.84,341.55,348.84,352.94,344.35,277.57,193.59,137.01,111.32
265.55,281.55,306.41,327.69,348.09,356.92,347.03,301.99,208.37,128.01,69.25,49.9
285.73,327.01,364.89,378.46,377.1,365.52,335.54,255.39,158.6,87.12,58.85,60.1
283.68,337.7,377.64,379.44,370.16,338.82,257.18,160.74,91.18,53.34,44.89,68.21
321.02,371.76,391.81,376.82,348.22,268.97,172.66,100.71,60.33,53.03,75.33,187.73
365.32,387.25,374.28,334.93,257.79,160.02,88.36,46.97,42.65,83.13,194.43,361.63
319.42,349.91,350.17,273.29,159.91,71.98,45.97,41.86,95.99,212.38,369.0,395.01
361.33,318.75,213.39,144.68,74.43,31.85,33.49,82.07,210.02,359.14,360.3,358.31
320.08,291.74,179.77,105.09,57.85,34.81,67.51,186.33,318.4,366.41,417.85,477.18
298.53,167.88,84.13,50.54,37.27,61.72,182.53,305.4,360.21,416.07,467.54,329.27
151.6,76.74,38.63,41.35,84.68,204.25,343.84,399.21,453.78,433.78,321.75,290.63
112.94,66.64,60.16,83.44,190.58,309.94,392.15,450.14,470.33,332.54,296.4,276.15
32.0,44.38,95.15,242.37,375.92,401.99,475.2,370.59,297.13,259.44,256.51,259.78
72.73,110.9,257.44,369.14,393.52,469.15,389.27,298.14,260.4,246.26,247.8,249.13
130.64,240.23,370.28,408.41,478.68,412.88,313.89,273.49,253.05,245.12,252.62,262.15
182.68,337.75,399.69,432.16,392.73,298.66,258.0,237.35,233.88,237.72,240.13,240.16
356.86,440.55,444.6,379.95,305.43,267.99,245.82,242.6,254.97,272.16,294.87,319.34
396.4,434.32,390.56,313.61,266.08,247.86,246.09,252.01,267.23,289.45,325.02,336.98
400.12,425.48,368.14,296.1,260.28,250.0,266.95,287.48,305.89,333.58,354.2,347.08
365.24,330.27,281.23,258.24,250.72,247.44,268.62,298.23,331.37,360.02,357.88,324.13
374.6,314.42,269.03,257.47,253.38,260.69,295.98,338.09,359.1,356.46,324.62,240.43
299.29,261.55,257.09,265.28,269.38,296.91,340.9,362.64,358.76,345.09,280.33,204.32
265.98,242.15,251.74,265.13,275.71,326.57,370.14,368.74,347.26,275.09,200.38,165.1
266.73,247.3,264.78,296.08,324.73,357.71,365.46,359.36,325.61,242.22,172.55,142.21
281.29,276.77,313.14,356.86,365.24,364.1,352.8,311.94,228.71,164.66,132.38,117.0
257.13,267.63,286.79,315.73,350.77,356.65,340.37,282.48,190.86,114.98,64.42,43.77
307.3,358.51,381.87,383.33,377.85,359.12,301.54,208.08,126.92,69.51,49.79,56.51
333.75,381.44,386.84,379.94,364.32,305.9,209.99,130.99,74.45,49.25,48.62,80.92
339.28,383.36,388.07,370.71,337.53,262.35,180.82,116.98,67.93,53.77,62.52,146.25
386.02,390.68,341.96,300.61,240.35,178.83,154.81,130.27,84.45,54.87,58.46,118.63
364.09,365.5,280.35,200.06,176.05,166.43,160.49,126.48,80.49,62.03,76.92,123.13
275.63,256.59,241.47,208.19,178.14,164.65,123.42,71.67,60.04,80.85,137.01,217.96
343.0,326.63,228.05,149.28,84.17,45.27,50.7,155.32,333.42,419.66,458.75,496.96
261.94,181.38,118.5,78.83,68.27,103.6,216.0,359.58,464.16,503.51,461.62,375.93
187.53,88.6,48.01,55.71,84.07,210.34,337.47,399.58,438.53,468.48,370.48,328.22
105.7,57.1,49.92,76.85,176.47,354.36,392.45,425.81,447.39,319.67,279.8,259.16
53.63,44.43,87.33,206.58,324.77,385.99,434.86,462.59,321.19,284.8,255.76,258.58
76.69,152.33,325.28,398.38,443.8,463.43,353.76,292.58,258.93,247.61,251.94,254.49
130.35,238.47,361.53,409.67,474.4,392.36,296.33,257.89,236.7,234.87,238.51,240.65
170.49,293.19,380.62,441.55,435.83,317.41,269.38,241.2,232.56,236.16,239.16,239.87
333.92,422.15,445.72,399.5,312.03,273.37,249.35,243.04,255.18,273.29,296.85,320.44
380.71,437.77,417.3,331.86,279.93,254.0,245.63,252.29,270.4,294.94,325.48,334.88
405.91,428.95,373.16,300.7,261.7,248.92,265.19,293.78,317.02,341.47,350.13,342.19
389.59,352.66,298.25,260.29,250.41,245.94,266.61,296.49,329.43,357.9,356.26,318.53
357.57,304.2,265.69,256.57,254.74,268.21,305.64,344.84,360.98,355.49,319.75,235.68
278.06,250.84,254.2,265.92,267.98,289.59,333.6,361.97,359.97,354.25,316.97,235.06
285.09,253.98,257.55,272.73,282.46,332.23,370.23,367.35,345.82,273.61,195.93,160.29
267.76,248.39,263.57,296.3,327.81,358.7,364.44,357.48,317.37,234.05,168.64,140.69
249.73,249.64,264.26,296.14,337.89,362.51,358.69,335.75,259.08,166.24,100.18,61.18
267.35,285.56,323.26,356.18,368.09,362.69,345.67,287.99,188.11,104.29,55.36,42.18
328.63,378.0,392.16,387.42,381.73,362.37,303.54,206.89,124.44,68.35,51.35,63.87
316.8,373.85,386.9,385.16,375.83,343.43,261.68,169.47,102.69,58.0,46.02,62.96
301.04,361.49,382.29,371.43,342.24,268.68,179.05,109.2,58.89,47.31,56.83,150.71
316.22,366.96,382.71,356.96,297.0,204.42,126.96,67.55,43.07,59.72,166.32,294.91
327.57,369.11,364.87,308.8,211.8,128.7,69.65,40.84,52.99,120.49,235.97,356.16
336.98,355.22,327.85,228.87,138.68,62.28,39.25,47.22,123.69,248.76,382.66,426.99
279.79,282.02,254.94,180.34,117.01,68.67,51.63,94.23,220.09,424.89,432.37,479.94
304.94,195.32,102.51,60.2,55.43,113.65,218.6,315.91,411.43,483.62,451.87,341.66
123.2,61.74,38.96,47.52,112.24,224.82,352.42,392.39,461.93,374.02,306.28,268.84
121.98,67.23,54.66,76.53,183.02,316.75,389.69,442.3,470.72,337.38,301.64,272.74
49.9,42.28,88.58,208.71,315.7,384.12,459.39,427.53,305.84,271.75,255.45,259.11
91.78,146.56,258.67,358.54,438.62,493.89,444.69,378.06,331.28,294.48,284.24,288.45
80.47,170.94,303.32,376.46,475.14,480.21,420.54,366.78,321.1,300.36,311.91,336.74
149.89,281.69,361.64,493.03,489.63,432.88,365.11,328.19,300.57,284.0,293.35,339.36
312.1,389.23,432.34,450.8,366.93,308.95,274.76,255.02,251.21,268.12,293.89,318.99
348.53,440.76,451.09,394.41,320.37,284.14,264.51,258.91,274.52,309.79,337.25,341.73
401.1,434.95,381.38,312.27,270.83,252.55,258.94,277.52,297.23,313.84,330.76,330.06
404.46,411.41,350.04,285.84,257.63,247.13,263.44,292.04,324.13,354.65,362.99,351.21
398.88,352.33,298.57,270.13,257.41,252.65,280.95,325.14,356.71,360.68,353.74,320.5
361.08,306.31,267.03,258.47,262.62,302.48,348.38,363.34,356.91,350.18,305.33,227.43
293.5,258.67,258.42,281.08,301.48,349.21,372.85,370.84,361.38,328.15,247.43,182.32
264.45,244.35,255.62,284.98,327.8,362.76,365.43,358.41,318.78,236.62,172.47,145.24
250.59,245.96,259.93,291.06,333.41,360.57,359.39,341.67,275.46,186.54,119.81,74.52
289.54,323.36,362.56,380.24,377.79,371.35,356.85,305.62,212.43,129.87,75.78,56.06
337.68,382.64,392.22,386.67,381.64,366.8,321.51,229.44,149.3,89.56,56.63,52.49
314.66,371.09,382.66,379.51,364.78,312.0,217.08,136.11,77.32,50.29,46.92,69.93
334.36,380.62,386.63,371.4,340.68,265.62,183.0,120.53,67.37,50.97,57.3,104.06
353.38,381.87,341.38,292.2,229.87,173.79,161.56,144.18,97.85,63.64,59.34,94.2
293.53,331.78,330.01,265.94,181.6,119.37,65.09,39.1,49.33,91.27,188.16,320.23
315.38,314.18,273.84,190.74,141.7,82.87,44.17,42.69,95.36,200.58,327.14,362.7
249.51,245.85,216.77,156.44,99.27,60.82,54.75,121.38,241.74,368.71,425.5,491.26
303.87,204.54,112.81,60.61,50.89,78.46,164.78,271.96,380.99,444.52,490.81,387.53
218.22,105.29,54.28,47.5,70.68,169.86,276.0,365.39,415.93,479.1,350.26,305.86
77.39,37.11,33.26,61.26,166.2,285.94,355.98,405.73,473.01,340.24,289.34,258.78
39.26,36.47,73.0,181.35,324.24,380.63,450.87,443.97,307.09,267.74,244.47,242.63
44.27,72.13,206.89,329.53,391.86,470.13,441.43,308.5,268.08,242.46,238.36,231.54
91.3,193.33,336.46,380.61,448.24,443.31,314.98,260.86,238.96,236.09,232.26,227.58
173.04,397.51,434.04,453.65,385.18,309.41,275.33,252.86,258.42,294.9,329.61,335.18
365.23,442.55,443.21,381.83,307.15,269.81,247.48,244.92,258.47,277.13,300.15,321.42
337.38,421.88,442.91,390.19,317.79,282.43,263.03,257.61,275.31,310.4,337.16,340.92
387.67,434.56,406.61,323.42,272.4,250.29,251.16,257.92,276.47,303.49,335.1,336.4
404.14,424.07,369.58,301.65,266.09,251.59,263.27,276.81,285.52,306.21,333.19,333.14
384.87,334.66,285.38,261.51,252.73,250.92,280.05,317.41,344.45,348.61,337.18,330.16
351.37,299.74,265.25,258.5,261.79,289.88,335.07,361.1,361.52,356.25,333.85,297.09
295.41,260.5,259.52,275.99,290.49,341.95,372.3,369.05,353.57,300.34,224.86,181.02
324.02,283.38,263.22,289.73,321.9,358.61,365.33,355.79,304.27,223.56,167.9,158.34
301.29,293.51,318.28,359.84,362.68,355.54,327.68,249.99,183.1,148.12,141.11,148.55
306.69,308.41,341.29,370.86,362.72,346.86,295.71,220.81,168.19,143.54,142.37,138.07
330.02,335.48,354.08,367.59,352.75,308.66,227.56,171.3,152.58,148.24,129.61,97.27
328.29,347.03,359.48,362.41,336.59,266.06,194.72,154.83,149.74,141.38,109.83,75.79
371.89,393.27,341.14,288.95,233.94,184.12,166.34,168.1,149.87,108.38,74.81,68.12
325.54,350.5,347.71,298.89,220.58,164.31,158.13,153.33,118.91,75.81,58.91,71.16
315.44,339.59,331.22,266.36,183.43,117.55,62.06,36.18,49.64,92.59,184.32,311.35
280.36,284.45,272.61,197.7,138.96,65.73,39.13,38.62,95.89,197.73,315.4,377.87
202.66,190.74,173.08,123.14,77.47,49.9,50.86,94.36,189.91,281.57,373.98,432.13
164.3,176.3,149.8,98.13,53.62,55.43,71.32,119.69,191.64,316.56,476.47,510.53
182.99,157.44,102.74,59.1,57.42,82.02,128.27,174.98,283.24,448.89,504.04,470.47
154.87,96.51,43.27,34.73,64.78,129.6,218.97,330.17,440.44,489.05,448.98,393.53
113.26,64.31,56.32,68.34,130.28,196.29,317.66,466.91,517.48,494.08,432.41,383.63
59.66,53.4,88.71,160.06,231.72,359.35,522.87,500.58,462.84,419.28,378.8,347.06
100.66,155.11,212.1,259.3,368.07,478.68,467.68,430.09,382.97,336.42,318.87,333.02
107.06,168.03,255.58,334.6,456.41,511.68,479.22,434.57,388.59,340.86,301.6,279.34
153.06,226.13,332.39,470.29,507.31,464.27,412.61,366.92,326.21,290.6,270.45,257.29
233.83,393.43,505.17,501.15,443.06,377.82,332.98,306.76,293.6,292.95,325.73,361.86
233.57,409.69,508.82,500.59,443.05,379.35,336.74,312.5,302.06,311.17,339.68,369.88
329.84,433.4,485.01,466.63,397.1,340.2,306.89,288.9,285.17,303.14,346.9,368.51
405.94,447.9,420.2,361.66,306.02,269.69,254.83,260.36,268.84,289.89,319.14,335.64
406.24,421.55,381.85,335.35,282.48,258.05,259.39,287.84,326.02,353.64,361.73,360.23
361.5,319.88,296.32,279.71,264.18,283.34,326.17,361.2,363.26,358.06,353.18,319.4
330.93,302.84,286.36,298.77,299.37,332.97,367.09,375.04,366.8,351.55,291.03,212.29
298.07,271.9,287.12,331.35,356.87,370.94,369.04,363.45,338.23,265.67,193.0,152.3
281.06,278.97,336.73,375.48,369.16,365.45,359.2,334.62,259.84,186.0,144.45,127.95
325.91,341.39,375.11,382.23,369.52,361.81,340.01,268.38,196.25,148.17,122.4,102.73
329.94,358.31,383.85,379.75,359.45,320.89,237.37,168.3,141.29,116.88,81.37,55.37
385.44,396.21,352.89,341.65,297.73,220.24,171.82,159.39,133.37,90.4,65.3,60.27
365.95,383.17,332.81,261.44,196.87,165.03,169.86,162.58,116.5,72.05,58.69,74.55
283.62,239.01,217.28,203.0,183.44,160.63,109.0,57.82,47.34,78.69,131.3,184.62
185.96,175.21,167.14,127.44,81.18,53.0,39.96,54.88,93.36,171.52,281.57,385.61
143.47,163.11,153.27,108.8,53.48,35.02,39.67,54.95,76.83,116.55,184.2,273.93
192.1,193.48,147.42,91.14,49.71,48.98,55.25,81.9,106.56,156.58,273.26,440.0
195.94,183.07,119.77,68.44,52.69,58.22,86.19,121.41,144.65,221.29,359.26,507.31
167.28,135.5,88.27,52.04,49.62,78.63,116.68,150.42,238.92,414.92,462.81,418.98
125.27,93.05,56.36,49.22,76.18,101.11,129.38,179.3,279.77,432.22,402.92,378.02
89.85,53.5,62.56,90.23,126.09,155.91,215.64,336.85,368.11,335.69,326.39,313.38
42.51,51.4,75.64,137.8,176.97,254.84,433.34,465.66,459.24,426.51,370.77,357.0
90.62,134.46,211.18,265.91,313.92,340.53,316.73,250.92,239.59,229.06,192.71,180.6
171.76,207.85,251.03,279.14,288.9,323.48,308.39,293.9,275.35,248.25,235.19,223.77
210.26,294.65,398.22,482.32,497.36,481.53,452.31,413.14,372.84,337.41,320.75,316.18
334.76,450.46,481.97,440.02,358.16,324.08,311.06,296.35,308.85,348.06,367.43,370.04
359.0,468.25,471.81,424.91,344.12,318.61,304.53,291.74,314.08,354.06,368.78,369.98
398.56,444.19,403.0,327.49,275.57,259.45,272.73,304.63,349.09,336.88,260.84,193.93
365.14,379.87,336.65,290.97,255.99,281.28,329.82,362.25,340.83,257.15,185.41,150.97
390.13,367.1,318.15,281.93,266.17,300.4,348.65,340.49,267.67,202.15,164.89,156.71
340.01,324.46,298.83,307.81,316.02,332.63,326.91,265.37,208.13,168.34,156.57,155.05
338.4,314.29,293.51,314.12,313.89,290.1,237.19,193.34,174.35,162.62,153.51,139.59
267.32,268.4,332.65,349.09,293.96,216.88,166.63,166.35,166.91,150.95,111.76,77.03
276.24,324.89,353.44,329.2,259.15,188.48,149.81,126.48,88.27,58.79,52.71,78.81
309.78,362.66,370.1,337.85,265.76,179.14,113.42,64.72,44.0,46.95,90.37,187.3
332.56,372.52,356.98,309.59,223.97,149.9,102.03,60.19,40.96,47.28,91.73,176.77
378.06,354.79,276.39,203.81,169.47,141.31,100.02,51.74,41.85,74.84,145.6,224.41
267.81,217.44,202.01,193.97,178.11,157.76,102.59,52.42,47.38,76.5,134.74,220.89
287.22,247.06,195.46,156.88,126.47,80.66,48.83,44.28,87.93,166.51,237.38,306.75
292.2,281.12,205.01,123.74,66.77,34.3,44.91,120.27,232.76,322.89,374.11,471.03
264.03,189.11,116.77,57.58,36.72,51.08,107.05,223.92,345.26,431.19,478.75,359.0
157.92,86.24,36.1,28.47,70.67,139.95,250.81,344.87,445.42,481.42,395.76,340.44
87.95,43.86,36.44,62.27,149.91,257.74,351.96,437.31,482.58,382.91,308.35,275.2
65.92,38.81,71.81,167.85,257.61,354.74,406.29,452.87,312.64,271.57,250.06,250.88
49.87,54.69,133.68,237.64,343.18,457.75,474.08,392.1,315.99,276.22,261.0,261.63
94.3,151.51,228.86,336.68,435.39,483.41,393.12,309.79,260.52,242.31,243.54,243.75
131.72,235.11,376.81,464.62,470.89,371.09,304.45,261.89,243.34,247.26,253.4,259.71
281.73,339.92,397.86,456.69,404.07,315.99,277.35,252.82,243.29,244.18,250.35,255.4
371.06,452.52,439.82,364.18,302.09,269.33,255.14,246.49,245.9,249.15,248.61,245.89
405.78,425.68,359.58,273.91,241.84,234.52,235.04,234.41,227.4,216.7,207.68,188.67
394.95,358.4,296.54,242.98,235.54,231.89,232.84,232.25,224.63,213.27,201.14,162.18
360.39,306.02,259.82,229.36,232.71,231.82,231.09,225.02,219.93,203.4,160.6,147.55
326.15,284.51,255.66,238.75,240.35,237.2,237.67,235.98,243.02,230.02,179.54,147.17
284.33,254.64,250.74,244.25,241.72,245.09,271.65,302.31,283.01,209.9,138.19,123.56
262.97,236.84,242.63,239.15,231.77,230.35,242.6,260.85,259.06,206.87,154.27,121.38
289.89,291.59,320.52,316.88,275.7,221.93,174.04,141.15,116.75,111.86,97.36,97.24
266.18,264.26,287.73,289.01,260.25,227.33,177.14,140.36,110.0,87.13,73.38,76.45
291.88,332.79,358.49,365.55,355.99,313.13,220.58,137.48,83.39,61.95,82.77,179.21
348.8,384.6,380.72,364.1,328.58,239.2,147.62,85.14,59.58,74.91,143.55,420.22
263.26,323.78,346.07,325.32,264.07,169.17,92.34,47.46,40.53,71.51,171.76,322.25
308.17,355.85,363.89,323.0,246.02,152.6,84.95,47.55,52.34,109.45,239.7,426.48
330.64,364.41,354.8,278.98,165.89,80.07,46.63,44.94,103.73,239.3,434.26,425.35
355.16,341.43,262.06,163.8,85.28,40.75,39.92,77.79,186.81,292.28,384.62,433.24
293.45,287.69,207.31,125.01,68.64,41.31,66.34,185.48,335.45,381.83,425.4,479.65
313.76,174.68,81.38,48.42,38.34,60.02,183.69,331.02,367.06,422.02,466.99,329.55
222.2,114.66,65.83,56.56,75.19,206.24,340.84,395.78,447.27,479.65,376.1,331.63
84.02,47.25,45.26,96.9,220.65,349.99,414.33,476.8,437.28,313.4,282.36,258.06
57.69,43.62,91.07,209.64,315.1,388.82,441.07,464.96,326.52,287.62,255.48,257.19
73.46,140.42,323.13,407.62,437.89,465.91,396.47,321.33,282.66,270.44,272.34,276.15
96.03,214.59,442.7,469.56,464.65,373.12,303.43,256.43,240.77,241.03,239.28,235.51
177.07,269.35,359.79,450.69,488.91,413.72,320.76,275.58,251.58,241.12,247.79,255.92
318.38,406.12,437.76,419.05,333.98,288.23,262.02,246.94,254.26,272.47,294.9,315.48
369.2,448.41,441.04,376.51,311.39,275.26,258.8,256.74,271.86,303.45,331.17,338.07
402.98,431.87,381.26,307.71,266.69,249.8,260.1,278.44,297.6,322.43,354.1,346.69
387.88,379.47,318.76,272.15,260.29,252.95,259.94,277.34,297.03,316.42,344.31,354.77
395.5,344.25,294.6,268.5,257.24,251.67,277.74,320.74,357.0,364.02,355.37,347.72
327.58,283.68,265.63,264.7,262.33,271.11,309.0,352.22,365.7,361.4,360.24,352.66
296.89,263.95,262.34,272.65,276.58,324.51,373.5,378.01,367.24,355.2,325.76,259.69
256.04,243.73,258.11,279.02,298.56,343.6,370.16,371.09,362.68,343.55,275.74,199.05
255.57,260.28,280.08,313.12,354.06,371.44,370.27,361.95,334.51,266.19,177.23,107.04
303.92,343.91,378.29,388.49,386.47,381.17,373.26,353.35,292.45,189.48,108.19,67.64
270.11,292.58,326.57,358.2,371.75,369.0,356.74,316.72,226.79,136.1,72.84,50.07
284.56,321.53,358.35,376.73,375.49,362.24,324.75,237.16,150.12,84.44,50.77,47.46
291.43,351.44,373.52,371.08,351.41,284.07,187.76,111.8,56.53,40.97,52.66,109.4
382.89,399.31,383.5,353.09,290.98,198.02,122.87,64.42,40.04,60.05,159.3,275.01
369.2,382.6,354.01,279.97,172.9,89.17,51.98,39.78,71.16,182.61,384.4,377.95
374.98,337.01,257.03,174.04,100.26,50.77,37.74,66.12,170.16,285.23,382.22,441.69
307.56,243.67,147.38,89.6,54.19,39.98,74.34,186.35,302.85,373.7,429.26,472.58
243.29,155.37,91.9,54.48,41.52,69.4,178.57,292.95,373.49,437.78,477.91,345.39
213.09,101.93,49.94,43.33,58.6,165.34,282.0,365.8,409.64,477.54,351.98,307.98
110.38,58.54,46.89,69.25,158.15,277.65,366.39,417.64,475.73,340.37,295.15,262.71
74.68,42.87,58.48,152.52,276.83,374.82,412.08,474.83,326.13,284.62,257.39,258.18
33.17,61.9,172.3,368.18,413.5,481.99,416.01,303.14,268.11,253.75,256.3,258.48
91.74,196.73,379.67,411.12,489.26,425.79,319.68,280.49,253.08,252.11,254.45,255.79
201.05,465.85,483.74,451.82,374.17,316.33,283.1,263.58,272.8,321.01,348.32,349.71
362.33,438.16,440.69,389.04,316.54,274.8,252.66,244.02,255.52,272.73,292.88,313.0
363.61,430.7,418.72,349.12,293.48,262.83,254.21,257.35,275.46,306.68,332.6,337.45
370.46,399.79,344.59,289.88,261.04,249.02,261.79,279.49,289.48,305.39,328.62,330.82
406.32,410.68,348.8,286.44,259.17,247.96,261.3,290.2,324.06,354.2,365.3,351.73
368.09,313.72,273.02,261.78,257.58,257.27,286.42,328.79,359.02,361.55,359.52,354.53
334.3,289.53,266.81,262.68,262.59,278.49,319.9,358.62,364.6,358.93,358.02,349.44
276.6,252.18,260.15,271.77,277.88,326.38,373.97,376.68,367.1,354.77,301.64,220.07
272.75,257.67,272.06,306.18,338.52,365.28,370.41,369.21,361.41,328.23,249.93,181.94
261.39,257.41,272.66,304.6,344.9,367.22,368.46,361.01,333.9,262.89,178.28,115.72
303.69,339.24,374.6,385.6,382.77,376.65,365.66,331.06,245.35,152.99,89.54,61.26
313.94,360.34,385.73,386.84,382.67,368.31,328.45,239.31,155.26,91.16,56.99,55.44
322.21,376.74,387.46,384.62,373.89,335.62,249.6,160.43,95.1,55.84,47.53,65.78
329.93,377.88,385.04,369.78,334.33,258.57,177.96,117.94,67.2,52.45,56.47,111.8
339.45,375.47,352.83,310.07,241.28,173.27,138.74,104.22,65.8,50.75,74.09,158.41
337.12,372.44,345.12,277.51,190.79,128.5,75.4,44.95,47.61,89.34,180.53,306.56
351.03,342.92,257.98,171.83,104.44,47.54,31.75,49.84,134.97,257.35,357.73,401.66
321.13,328.42,260.0,170.96,105.65,56.53,40.89,48.82,136.14,249.11,350.17,411.66
272.61,183.73,104.86,61.69,56.87,88.45,162.84,278.87,411.12,502.56,494.08,419.01
204.08,95.19,45.63,44.37,67.2,172.55,278.96,367.95,414.46,482.1,360.48,313.2
126.72,66.31,45.2,59.44,135.78,263.75,372.11,426.06,490.7,379.73,313.37,285.94
51.86,40.66,71.83,181.68,301.66,370.05,399.33,454.36,319.46,278.19,252.86,254.14
89.74,132.97,224.99,314.0,370.01,452.07,435.25,311.48,269.34,240.29,237.15,236.61
76.46,193.78,390.42,420.79,454.0,418.06,333.51,291.11,276.27,285.29,305.52,330.01
167.7,241.47,340.06,448.69,500.45,443.21,363.65,312.13,276.1,256.12,250.04,264.32
311.16,399.13,442.09,436.71,352.82,301.03,269.77,252.62,251.57,269.06,294.72,319.33
336.54,427.67,448.92,405.69,328.23,290.3,268.27,261.47,270.71,304.34,336.96,344.52
401.32,439.31,391.98,317.06,272.1,253.89,255.89,264.6,272.31,292.25,321.56,335.58
404.25,426.79,369.72,300.62,262.7,251.02,263.73,285.04,304.06,325.95,350.05,351.71
396.63,354.14,301.33,268.5,255.91,249.02,271.29,310.16,348.36,363.15,360.44,351.54
374.08,318.31,272.51,261.67,262.51,300.6,350.46,364.82,357.25,355.11,329.19,257.64
267.89,246.01,254.54,271.23,282.34,330.95,373.43,375.54,365.65,346.95,280.73,203.17
274.71,252.73,262.68,294.15,331.04,363.64,370.07,367.79,357.26,307.54,226.06,167.09
287.02,287.07,320.97,362.95,367.35,368.86,363.94,349.76,287.46,207.22,156.5,139.73
275.01,276.73,308.42,348.23,363.34,363.97,356.82,328.76,248.74,169.84,120.31,82.29
341.63,374.77,378.15,375.89,363.05,341.36,270.95,195.27,147.96,121.63,90.64,64.36
317.53,358.44,358.36,353.67,320.76,241.88,176.26,153.41,138.7,102.97,67.16,51.2
255.37,307.28,340.23,338.89,289.36,213.33,155.89,113.31,67.25,46.76,40.71,73.24
323.8,364.5,358.23,321.83,255.9,183.41,128.9,81.35,51.27,52.42,101.92,194.27
342.0,371.63,336.62,256.57,176.81,116.38,66.58,41.14,51.88,96.59,192.83,316.52
282.03,270.92,239.34,179.68,132.32,69.91,39.13,41.99,115.14,239.89,361.79,381.94
274.88,280.51,247.91,178.28,120.44,68.91,47.69,63.95,183.49,340.4,397.32,436.92
281.66,197.44,118.72,67.73,55.05,79.06,164.53,282.32,395.22,459.93,487.08,388.32
250.94,133.99,73.76,59.73,71.32,172.97,289.98,384.1,445.01,489.18,386.54,335.3
106.25,58.09,52.56,97.37,205.42,306.32,388.58,456.23,466.02,329.21,292.58,269.11
66.1,42.63,90.11,214.17,316.78,396.71,452.79,468.19,336.27,295.15,270.33,266.95
87.96,90.13,182.29,287.78,395.51,435.06,490.51,389.53,329.59,300.79,297.46,304.25
118.33,231.84,374.23,423.17,459.36,421.26,358.27,309.26,287.09,286.47,303.45,325.22
213.26,373.59,446.37,445.56,395.82,327.76,292.21,275.76,284.6,305.52,330.32,342.29
174.16,321.44,412.84,434.82,419.78,354.99,304.8,281.49,281.75,301.17,328.0,344.71
223.51,381.13,446.8,442.87,391.91,324.03,289.99,274.65,286.27,308.87,333.55,341.41
302.08,411.91,452.96,444.54,399.47,337.01,304.15,292.04,308.87,343.86,372.09,378.61
386.45,444.22,449.35,409.66,344.12,305.11,290.66,304.77,336.5,362.12,364.06,356.46
394.61,410.28,402.27,388.28,369.14,373.85,381.45,385.0,385.08,383.85,380.95,377.35
389.24,365.92,342.96,365.45,381.92,391.09,390.8,390.97,390.32,388.26,384.49,377.03
389.46,373.64,351.47,370.77,389.33,395.76,393.62,384.83,375.78,357.65,314.44,237.52
383.8,372.28,354.32,373.97,386.57,390.25,385.17,372.07,335.13,254.78,158.73,97.79
289.91,304.97,338.54,377.4,385.69,384.4,377.43,361.25,310.25,212.22,123.82,75.77
296.7,334.27,376.06,389.67,388.0,381.91,370.15,337.11,253.15,154.89,87.1,63.95
331.94,365.2,386.53,385.78,380.63,366.96,324.09,232.01,150.6,92.09,58.45,53.38
350.59,385.68,374.75,368.71,347.67,281.71,197.1,136.19,88.26,54.98,46.79,55.33
359.64,387.85,339.28,270.89,197.22,154.46,152.9,144.04,100.68,67.99,65.56,93.18
365.55,384.02,311.08,216.38,151.32,110.27,73.43,48.5,51.16,76.93,199.6,409.31
266.76,292.96,275.44,202.13,137.72,64.02,38.39,38.52,77.22,176.99,329.17,387.16
303.68,323.69,297.32,196.94,112.98,53.91,39.29,51.18,125.94,215.39,314.06,403.92
194.77,196.13,187.41,140.56,95.36,61.25,50.71,60.27,134.99,232.26,343.8,421.54
185.87,173.16,156.5,106.13,70.81,65.76,72.82,118.05,178.76,299.36,463.77,526.14
192.53,167.07,125.27,68.74,52.61,59.57,111.61,174.83,273.36,426.26,489.3,460.78
160.13,97.38,49.86,36.45,61.26,123.11,205.42,309.93,420.79,476.12,451.1,401.31
97.67,52.88,49.13,71.94,131.45,184.79,284.55,461.28,512.75,495.81,461.78,425.57
96.67,56.12,66.64,113.53,193.98,283.32,473.69,518.44,501.18,474.18,449.92,409.64
28.08,53.32,104.13,185.37,251.7,380.33,511.94,488.08,455.71,412.38,372.34,341.21
110.43,166.75,280.98,444.51,509.57,514.31,476.09,394.15,355.32,319.3,300.72,305.32
177.32,278.37,407.94,512.51,488.34,420.97,361.69,319.59,290.49,266.47,273.97,288.16
245.06,397.88,492.22,482.71,417.87,356.06,314.63,289.31,275.55,275.41,305.15,346.66
324.16,423.82,471.51,454.37,384.88,328.0,294.15,275.82,271.23,284.0,325.27,355.81
319.3,412.68,469.16,460.98,399.71,341.05,303.87,281.81,272.91,280.6,312.2,352.05
405.78,446.16,405.4,335.2,284.18,259.09,252.71,260.08,267.13,285.33,313.27,332.37
407.65,426.33,376.38,314.9,267.59,251.3,255.46,282.31,317.95,348.55,362.22,359.69
397.25,364.45,314.83,274.67,256.41,272.66,329.44,368.19,361.35,355.92,339.57,280.38
353.79,319.68,282.69,274.13,277.84,317.5,361.81,371.88,362.92,329.65,251.71,183.09
364.76,326.42,286.71,278.61,283.5,332.59,367.78,367.61,355.06,301.49,220.32,163.1
346.13,319.73,301.51,320.92,340.69,359.94,355.37,325.97,247.22,181.05,146.31,132.92
333.91,327.65,348.27,365.69,348.09,294.7,217.66,168.01,153.67,150.91,133.34,97.03
394.98,379.78,320.58,305.58,293.61,235.14,177.68,162.58,164.18,158.91,130.04,90.21
374.1,349.33,290.32,231.27,189.42,174.71,180.91,164.3,118.63,79.72,71.08,85.25
297.03,277.02,283.39,235.52,178.81,169.16,178.83,154.16,101.24,68.19,68.47,90.81
270.28,232.05,219.69,190.52,157.38,120.22,70.28,44.96,59.0,129.12,198.62,259.53
263.61,231.69,204.75,188.5,170.79,145.6,91.63,50.18,48.49,81.2,140.55,203.42
165.83,162.67,160.66,127.63,78.58,52.32,45.32,54.89,89.54,152.84,243.88,360.3
190.12,169.48,152.34,105.5,74.26,65.44,67.96,105.42,149.74,256.92,383.05,525.35
211.87,176.79,120.05,64.45,48.2,55.83,88.18,133.51,214.05,349.64,479.79,479.06
130.86,95.2,53.36,46.82,76.63,113.71,152.93,240.99,424.75,477.21,445.5,390.8
92.84,51.52,52.36,76.5,129.7,170.72,250.06,415.56,491.81,463.66,439.33,404.72
76.48,37.08,52.86,89.43,150.09,208.3,309.16,475.31,484.29,462.39,398.24,324.39
31.94,52.51,97.54,158.88,232.3,360.88,510.78,487.24,454.9,383.09,344.56,346.17
75.49,145.13,235.52,314.59,431.96,494.26,463.09,397.93,350.0,308.74,288.1,291.45
148.18,214.85,349.65,509.16,497.81,436.07,371.18,326.04,284.78,260.07,261.65,267.27
197.03,321.91,462.87,524.84,490.51,421.2,365.29,327.06,306.49,297.54,301.03,327.81
294.26,408.02,491.26,487.85,439.96,370.05,327.16,301.39,288.68,292.72,327.28,364.12
382.57,469.78,473.85,436.85,360.19,319.36,295.06,283.11,290.7,329.16,363.57,367.21
408.7,438.87,405.77,363.41,317.64,282.65,275.26,295.47,326.85,353.47,364.27,357.47
400.45,382.09,333.41,306.33,279.86,266.53,283.86,327.13,360.2,361.79,359.46,355.56
395.02,358.74,319.1,293.57,288.11,315.37,360.24,376.5,364.4,350.36,311.76,243.97
311.98,288.89,285.97,329.69,360.24,371.87,369.8,365.9,347.81,283.28,206.45,158.32
275.34,262.98,307.47,366.54,370.28,368.69,363.65,348.23,286.41,207.61,158.03,142.43
194.47,253.11,262.86,281.43,266.57,231.69,180.56,144.5,101.0,61.35,40.77,34.22
226.9,221.01,222.92,234.34,204.31,161.16,112.71,59.18,39.91,35.32,45.28,56.72
183.29,178.23,174.52,178.89,167.8,136.78,91.78,60.16,46.07,47.74,55.1,62.79
261.14,315.55,347.38,331.39,277.68,202.86,142.08,79.49,46.18,45.01,87.19,168.41
258.24,310.1,341.95,311.61,226.04,138.32,69.0,40.82,39.02,76.6,166.58,283.67
233.31,259.97,278.11,226.1,176.26,109.92,57.54,40.44,67.98,153.94,250.22,318.04
261.59,270.68,266.5,194.59,121.36,61.97,42.31,45.81,99.86,195.58,282.45,355.57
291.88,282.6,207.69,126.3,67.2,35.64,49.94,124.58,231.05,315.59,383.37,458.45
287.93,190.43,96.56,38.49,26.26,48.24,130.71,248.72,327.18,399.63,434.42,319.89
143.53,71.99,31.48,28.21,64.45,158.88,264.97,318.7,387.23,432.7,328.29,283.93
99.3,49.26,32.45,46.37,143.59,252.56,319.94,398.21,431.09,319.37,277.49,254.26
23.46,41.17,73.49,149.08,229.86,320.88,455.2,434.39,341.69,298.86,272.04,273.15
42.77,58.35,137.99,232.34,320.44,416.86,451.08,393.53,302.86,265.95,249.41,252.11
93.69,162.72,267.5,353.31,414.6,406.34,300.83,251.48,228.47,228.46,228.4,229.13
162.02,253.64,375.31,473.09,466.86,356.6,306.97,268.81,260.99,268.05,274.82,280.33
309.94,398.57,444.33,415.9,304.66,271.33,252.74,258.08,272.4,287.78,306.04,320.81
324.61,408.04,444.34,412.31,330.31,294.32,272.6,266.44,278.23,316.93,346.13,347.88
381.45,436.55,405.52,323.46,272.99,251.14,251.95,258.41,276.46,303.18,332.57,335.48
407.53,425.75,369.1,299.1,261.09,248.27,263.99,292.52,324.33,354.49,361.75,346.08
397.87,353.37,301.01,268.73,255.67,250.31,278.14,320.78,353.72,361.16,352.29,311.8
287.14,257.54,255.52,266.1,264.74,280.2,321.68,358.27,363.29,358.1,346.56,288.8
253.92,232.03,251.0,263.1,272.12,322.55,372.3,375.08,364.72,336.18,251.43,187.6
242.17,216.63,238.37,255.51,262.88,307.28,364.52,374.49,364.41,332.86,247.08,183.86
246.78,224.03,251.12,280.81,305.87,347.61,368.51,368.74,357.56,308.93,226.98,167.01
234.55,236.35,265.46,303.08,349.01,370.45,369.68,360.32,326.84,246.74,155.71,90.88
251.9,274.73,302.44,333.24,362.02,365.22,352.58,307.09,206.08,115.53,59.5,43.26
251.14,285.42,313.21,341.54,359.65,348.77,300.95,207.19,125.19,63.47,40.74,42.74
261.8,321.25,358.58,367.44,352.07,289.96,191.31,114.8,59.41,39.66,42.86,73.53
293.88,350.71,379.15,359.85,304.0,211.37,132.9,72.68,44.63,53.48,151.89,285.8
309.92,354.8,359.7,298.23,194.37,113.81,63.51,39.12,59.87,163.4,318.44,371.39
324.24,339.59,308.73,204.11,116.98,55.67,41.1,62.9,165.31,282.82,372.35,415.28
361.16,309.2,185.99,108.1,59.9,36.8,70.26,175.1,272.37,348.24,403.96,477.94
282.5,181.97,96.17,58.72,54.67,102.91,197.31,282.12,381.01,444.93,479.54,365.97
142.78,73.76,46.16,56.63,117.33,235.38,332.8,412.1,482.32,410.19,313.19,281.06
62.13,37.44,68.12,172.68,261.12,354.41,392.42,462.83,324.38,279.75,254.23,255.38
48.06,52.69,150.06,256.37,344.6,421.31,475.65,378.86,298.91,266.49,256.09,258.4
87.1,186.82,331.19,402.64,480.58,470.82,409.33,348.47,305.18,282.89,284.7,289.88
118.96,218.91,381.48,425.28,488.36,419.33,311.16,267.79,242.21,236.52,238.4,238.93
166.43,365.41,401.72,441.61,410.93,303.29,262.81,243.35,236.44,246.75,252.56,254.59
340.56,425.33,450.08,411.63,322.62,282.81,258.31,247.21,259.72,281.31,306.43,323.96
334.02,414.57,438.89,390.06,318.31,282.48,263.09,257.86,274.32,309.09,336.34,340.64
403.31,433.62,386.69,311.84,269.25,252.74,260.88,268.25,278.31,305.26,338.56,338.55
398.59,404.29,344.07,282.13,260.39,252.55,262.67,280.14,298.88,325.79,358.06,352.18
385.78,329.48,281.52,262.77,254.37,253.07,283.31,325.26,356.67,359.6,350.95,338.48
316.95,273.82,261.61,266.85,264.78,282.36,325.88,360.05,362.41,359.35,350.85,318.25
275.0,250.44,256.14,268.61,281.05,334.83,375.2,365.64,355.56,345.13,285.99,213.13
236.86,233.89,256.52,273.51,288.69,338.73,369.28,366.98,353.17,298.09,215.58,159.38
253.68,259.97,288.28,329.35,360.24,372.05,370.5,362.41,335.35,263.26,167.9,96.92
267.83,288.54,327.81,360.88,373.91,374.04,366.08,344.09,274.82,167.15,87.79,52.22
254.44,276.71,302.62,334.49,362.47,361.73,342.24,281.08,183.2,101.16,52.1,41.86
261.62,297.32,330.17,357.98,365.27,351.28,302.59,207.68,128.3,66.9,41.26,43.55
295.93,354.8,378.36,375.03,355.23,288.38,190.51,113.31,59.89,44.69,52.78,120.14
376.73,399.07,384.59,352.72,285.58,185.43,108.29,54.75,38.12,64.37,170.14,313.23
311.28,359.8,365.47,312.85,208.7,112.08,57.12,37.1,60.57,157.81,298.25,356.52
326.07,343.16,302.73,200.97,118.27,58.29,44.12,56.05,142.7,252.35,351.28,406.6
312.77,305.54,202.08,116.61,60.94,33.04,57.86,164.52,272.12,349.7,402.95,479.32
260.18,174.78,99.32,45.91,34.84,60.23,159.06,267.89,356.18,416.42,479.18,345.87
232.75,116.55,60.75,41.72,54.99,150.72,259.57,344.93,395.09,472.1,351.87,300.88
98.83,48.17,32.81,57.9,167.43,290.36,363.91,417.54,475.47,336.77,293.48,261.85
95.71,61.11,63.11,142.61,275.68,381.43,415.27,469.36,324.89,289.46,265.23,266.08
32.89,64.53,181.88,313.09,407.95,491.72,479.34,398.08,338.25,296.94,287.57,291.16
76.86,167.34,319.54,391.22,472.38,463.88,392.11,328.03,293.99,270.14,271.89,284.33
182.69,354.6,404.63,453.82,426.39,320.46,274.27,249.68,240.52,247.12,253.91,258.43
332.77,417.35,441.61,416.75,340.94,292.26,263.6,248.18,252.19,269.31,291.23,312.68
327.59,408.14,435.17,404.28,335.48,293.19,267.49,259.94,265.95,291.34,325.12,339.44
402.98,432.67,381.61,308.64,269.3,252.98,253.08,261.47,269.86,291.38,318.46,332.61
404.29,419.96,360.03,294.46,263.37,254.02,260.86,277.38,296.6,315.33,340.63,353.71
382.72,334.06,286.19,263.23,256.04,250.2,270.99,306.05,343.02,361.76,363.67,357.78
315.19,271.78,264.7,265.59,261.53,259.53,288.22,332.55,363.6,363.83,361.87,360.86
316.19,275.66,264.54,269.43,270.98,314.87,370.29,378.19,369.91,359.71,332.16,268.72
270.53,251.44,261.36,289.17,323.52,360.32,371.26,371.36,364.53,345.48,278.92,202.91
274.11,265.7,288.22,328.31,357.06,370.76,370.22,364.35,342.29,275.31,198.49,152.02
269.87,276.55,308.23,345.41,367.83,368.07,362.91,348.0,297.45,206.73,125.57,72.42
255.09,275.57,303.3,334.9,363.99,367.94,358.34,328.42,253.36,160.2,88.25,51.93
266.59,293.57,330.24,359.94,367.97,357.62,322.73,238.29,150.09,83.56,47.13,40.02
272.16,327.89,356.24,363.01,344.93,278.92,185.38,111.09,54.34,37.22,45.9,83.9
308.38,361.99,384.45,364.48,312.57,223.41,144.52,81.6,45.63,46.35,107.33,222.88
280.36,327.23,342.81,276.63,172.43,90.38,52.48,42.7,85.54,203.53,384.85,392.59
267.09,277.19,273.18,199.93,128.11,68.66,52.13,68.59,182.97,330.97,413.73,469.0
317.6,322.81,249.3,158.84,88.08,51.07,54.43,103.54,211.27,325.1,426.77,506.15
314.89,179.31,79.52,42.71,47.52,87.76,193.41,282.75,371.76,434.13,476.0,355.28
195.03,92.18,49.61,55.96,97.14,205.87,308.37,402.44,462.87,481.27,396.3,352.82
116.59,64.64,54.61,86.97,185.87,292.35,389.04,450.38,485.98,376.51,312.97,291.92
93.38,65.18,76.64,182.76,309.33,395.12,467.58,472.34,351.36,317.59,303.27,305.16
60.97,65.17,153.93,261.68,365.74,417.87,488.53,396.99,330.37,300.66,299.15,305.19
108.17,190.23,315.29,402.57,469.32,456.04,398.13,336.21,295.65,276.95,280.28,283.3
131.1,261.67,407.59,436.4,472.14,425.61,344.79,293.97,263.54,252.14,254.61,272.77
252.68,345.3,417.27,462.38,390.02,309.77,266.54,243.9,235.45,242.75,251.54,260.76
344.09,433.73,441.46,388.9,313.83,274.47,254.8,246.57,257.96,280.46,307.65,327.32
401.92,431.2,378.7,310.94,268.97,255.57,255.65,265.51,274.01,283.09,303.69,326.7
397.83,410.76,354.55,291.91,260.17,249.3,258.91,285.81,319.87,353.29,362.85,350.73
398.4,358.13,306.29,273.03,257.45,250.21,271.47,313.57,354.78,365.22,361.46,354.76
367.45,313.56,273.6,263.5,262.65,287.17,329.14,363.26,363.3,357.8,351.83,314.23
277.42,254.74,259.49,272.86,278.62,325.03,372.14,376.73,367.46,354.71,302.35,217.55
249.46,241.9,255.21,279.35,303.9,345.69,368.41,370.3,362.16,340.24,270.99,191.51
271.5,283.2,319.77,359.25,372.91,374.39,368.97,355.42,306.61,214.11,132.16,76.11
274.93,296.96,333.09,364.4,373.75,370.55,361.86,335.38,259.7,157.17,82.87,54.03
238.38,276.41,302.94,337.97,366.83,360.55,322.57,242.36,158.25,88.46,48.15,39.3
329.72,380.63,390.4,384.59,371.84,324.09,229.31,141.77,81.53,52.55,49.12,77.85
352.11,387.46,387.68,367.67,326.22,241.57,157.16,93.98,61.49,54.86,83.85,202.7
391.24,372.59,335.61,278.21,199.43,113.03,60.98,46.72,71.06,190.89,499.81,443.49
328.41,357.24,348.67,275.04,174.65,92.04,51.98,45.61,83.05,210.19,451.75,407.14
316.76,327.09,280.62,185.23,111.76,59.63,43.1,54.96,166.5,312.81,395.48,440.8
271.57,266.29,226.87,162.82,98.94,61.88,58.75,117.67,253.4,401.62,454.18,494.68
234.07,163.82,113.16,67.09,55.11,81.59,163.85,278.81,417.4,485.17,480.76,381.8
270.49,151.75,83.78,62.22,59.76,110.54,222.5,374.54,428.87,492.23,416.45,342.15
119.59,64.33,47.34,66.48,156.89,285.62,380.18,432.24,481.94,349.94,304.76,274.28
104.47,64.08,63.26,113.75,238.27,424.44,421.16,456.97,332.0,298.06,267.21,265.84
65.79,57.26,137.72,248.66,364.56,416.01,492.48,447.09,342.37,304.66,281.21,277.4
105.17,177.87,303.66,396.59,479.13,469.21,409.8,352.36,308.79,289.12,296.31,308.92
169.98,326.92,455.62,455.66,424.68,369.12,322.47,301.58,302.26,330.73,367.68,384.29
302.9,422.01,460.81,451.1,408.08,349.93,318.33,309.87,329.85,368.71,393.04,391.16
326.01,433.96,463.9,443.77,397.07,341.61,314.73,309.92,335.58,376.38,395.64,389.56
373.84,443.1,455.55,422.32,360.32,318.71,301.27,307.29,339.18,375.38,385.67,375.4
398.17,428.12,419.51,380.71,344.75,329.53,342.02,364.5,373.04,372.17,370.5,371.13
384.26,358.43,335.25,334.73,310.3,310.68,344.37,384.69,389.78,388.06,385.23,381.39
328.98,325.85,313.76,336.77,344.04,372.4,387.04,390.79,389.91,387.45,383.05,375.43
304.19,308.39,321.72,366.19,384.21,391.79,390.65,387.32,377.24,353.76,294.85,191.39
297.19,300.41,323.33,367.99,386.91,391.25,386.28,375.42,346.44,274.65,170.49,100.14
313.31,304.55,299.75,333.94,365.23,375.87,375.81,367.78,340.07,269.42,178.5,107.62
327.57,351.86,372.76,382.02,379.62,373.01,357.54,302.37,208.71,128.59,75.97,58.03
376.15,391.23,371.85,364.71,353.37,303.71,215.06,145.31,95.1,65.04,67.45,94.34
360.76,377.08,344.79,321.27,265.95,184.94,118.7,73.63,61.42,78.6,177.51,508.37
386.71,362.75,301.63,244.94,190.42,139.06,101.8,71.24,69.32,158.37,481.59,478.18
380.02,342.47,282.47,215.33,164.27,93.8,54.07,63.94,153.76,456.24,487.53,475.25
340.11,294.55,217.88,165.81,101.73,57.91,50.34,102.74,257.32,512.82,476.18,479.57
260.0,256.18,246.42,187.27,121.27,74.63,57.89,94.8,250.29,529.26,484.29,479.86
299.86,325.26,292.31,194.09,120.39,71.77,57.41,70.75,181.65,406.29,462.69,485.84
209.55,142.77,108.18,76.45,81.82,140.83,256.21,371.39,463.49,497.47,446.23,407.88
209.95,109.25,67.9,57.04,82.38,182.86,311.22,432.94,494.93,493.12,427.16,383.65
180.01,96.61,65.28,71.31,142.33,298.95,426.17,460.79,492.31,437.21,393.94,358.39
67.89,41.37,62.98,149.67,251.73,364.37,423.35,493.72,433.05,315.81,285.09,263.63
104.73,113.99,207.41,335.51,428.22,483.15,461.64,365.16,324.94,301.87,297.71,307.25
87.54,178.16,307.24,373.64,454.82,490.38,449.24,403.45,353.42,317.62,305.7,324.81
172.99,255.53,345.8,442.82,486.28,418.5,334.6,292.1,265.76,251.6,267.24,293.24
283.52,356.85,412.93,446.15,360.74,298.75,264.07,244.1,241.42,252.48,267.46,286.58
405.51,423.46,367.73,295.31,255.11,243.0,256.14,278.97,295.09,321.02,347.46,342.29
402.07,386.45,319.23,273.6,252.45,243.82,259.46,289.41,323.85,353.74,352.51,300.21
398.4,358.89,297.85,263.24,258.11,270.48,304.43,346.96,359.57,329.37,245.75,179.13
354.01,300.32,264.06,256.22,257.18,279.5,322.26,355.5,360.3,346.22,283.78,205.5
265.56,243.39,254.56,265.06,271.91,301.61,343.8,363.57,358.45,347.93,290.47,212.27
250.37,241.89,259.07,270.41,275.46,321.87,366.96,368.33,352.18,291.02,208.8,158.06
247.57,249.25,265.57,298.15,330.36,361.12,366.38,359.92,330.2,248.97,157.35,90.35
267.67,286.75,324.45,358.42,373.87,373.63,364.81,340.35,265.24,157.31,80.4,50.21
290.33,324.69,362.71,380.06,378.82,368.4,343.79,271.08,171.11,92.95,58.23,54.48
290.98,340.26,369.37,378.8,374.22,354.6,296.9,198.51,112.73,59.83,44.4,58.05
299.43,360.96,378.81,370.96,350.8,280.87,187.99,113.91,60.95,46.16,59.56,157.74
309.85,365.31,382.77,362.67,315.73,228.77,147.31,88.84,58.35,56.23,110.21,239.62
316.78,361.48,366.71,327.12,258.16,162.66,92.8,56.2,67.04,164.58,430.14,460.46
356.4,378.98,358.99,296.99,203.39,114.11,63.44,49.0,81.94,208.59,477.72,426.87
355.88,360.59,328.93,234.55,142.41,66.32,45.45,76.21,201.69,511.22,448.34,432.35
290.13,311.34,284.24,196.75,130.46,75.56,61.39,96.82,246.33,534.08,469.19,446.81
225.21,184.19,153.58,118.95,93.58,100.58,152.87,234.54,410.34,488.11,495.72,424.77
228.84,138.52,98.87,76.91,99.43,214.99,359.11,446.23,492.0,462.36,401.27,363.05
119.46,74.19,66.5,119.22,235.91,381.8,453.66,509.47,457.32,362.54,326.34,306.38
185.74,115.97,104.67,142.31,266.68,459.12,478.82,485.08,414.25,370.99,340.52,323.77
111.06,92.85,131.16,292.24,492.96,491.57,483.91,397.85,355.59,324.4,317.43,327.04
58.63,108.74,244.65,318.46,342.24,429.03,459.77,404.07,353.04,331.56,344.72,368.66
161.98,328.01,415.25,430.26,396.94,348.04,324.46,331.32,358.47,371.38,371.58,367.97
206.55,322.58,418.45,491.15,446.25,371.16,315.44,279.14,257.02,251.25,268.02,291.0
222.15,370.82,446.78,441.14,353.18,293.88,259.41,242.51,242.45,252.45,263.69,275.39
340.4,429.46,446.99,396.04,316.77,279.19,258.33,249.73,264.36,292.48,322.86,336.08
395.56,429.29,383.25,308.02,267.65,250.66,251.96,257.7,269.45,293.28,326.38,337.17
403.6,391.45,329.72,278.09,256.15,246.49,264.84,298.47,335.17,359.83,359.07,339.69
397.37,348.43,292.23,266.98,261.04,270.01,305.22,347.48,360.85,355.65,322.89,242.19
394.68,351.35,291.96,259.52,263.85,303.28,340.92,310.14,233.88,180.11,160.28,155.47
368.69,327.6,277.04,264.91,278.26,326.37,339.73,283.13,209.81,162.32,150.45,144.53
332.93,296.12,270.06,294.7,321.33,330.85,273.54,202.44,158.31,149.84,145.05,129.42
369.61,336.0,288.07,276.81,274.84,256.17,198.07,162.25,163.03,157.06,139.95,105.1
345.94,326.23,300.14,276.58,235.61,186.25,162.12,167.29,161.06,127.69,84.44,66.69
285.39,279.6,305.78,259.6,195.28,144.8,132.56,113.67,83.0,81.14,140.44,319.67
271.31,289.41,295.08,218.76,161.72,117.35,79.67,60.55,51.05,95.48,275.7,525.91
277.6,300.88,295.59,214.37,150.19,88.83,49.09,42.98,70.37,180.04,409.21,451.88
352.31,354.43,294.23,191.85,116.65,57.5,36.52,57.37,177.72,382.25,408.26,431.68
342.08,333.75,247.08,155.73,81.19,43.23,46.29,86.72,191.18,304.25,404.44,469.44
258.31,259.72,232.59,167.26,100.69,59.72,52.82,75.94,181.95,303.58,413.41,483.77
290.43,215.49,141.8,100.02,73.85,70.57,107.82,197.64,317.21,426.73,497.01,471.43
172.78,110.5,69.88,69.36,98.27,179.29,299.11,412.85,503.16,500.82,441.05,404.35
63.36,35.39,60.53,129.7,219.7,321.77,414.18,470.7,416.31,315.13,276.36,263.9
93.63,66.58,84.98,198.91,314.0,396.85,489.16,436.52,319.34,291.91,280.79,291.04
48.91,52.93,131.21,237.12,352.17,475.82,486.41,404.28,324.12,282.51,271.38,268.0
63.43,139.76,287.67,367.49,429.29,481.3,364.08,290.66,250.6,238.46,234.63,230.96
112.82,247.15,372.19,406.66,479.47,408.98,298.28,251.89,235.48,234.37,231.33,227.32
245.39,324.68,413.63,473.54,402.8,316.71,274.04,248.47,240.12,248.46,259.66,272.96
345.78,431.45,439.62,388.1,315.48,276.78,257.72,251.02,264.29,289.76,316.92,330.72
381.33,420.49,376.63,305.34,265.71,250.15,250.98,256.89,271.47,295.12,321.92,331.56
402.29,416.71,357.78,296.07,265.24,250.72,255.95,274.39,294.66,313.28,338.53,353.8
391.77,344.39,295.42,265.2,256.16,249.98,271.89,309.62,346.49,354.7,350.22,346.71
340.11,291.86,268.66,263.42,259.4,257.66,287.41,332.19,363.06,364.35,361.18,352.75
289.52,257.51,259.88,265.48,269.96,306.42,350.94,368.03,361.36,358.75,359.54,348.24
261.89,243.1,258.07,271.67,278.48,322.94,371.16,376.1,366.88,355.55,305.63,227.74
246.86,245.63,261.27,291.43,334.29,366.25,372.56,370.02,360.55,328.14,255.91,179.15
291.73,321.09,361.21,383.27,384.03,380.41,374.7,359.66,311.58,221.31,133.39,78.07
291.64,321.6,360.54,382.94,384.34,379.1,368.35,341.35,270.11,170.56,97.64,63.88
287.51,319.99,358.25,379.55,380.29,373.45,357.32,300.77,197.38,118.14,64.99,51.93
303.65,358.29,383.06,382.11,367.34,316.24,219.22,133.21,72.22,45.27,46.82,74.18
315.1,364.98,381.5,354.93,291.82,197.91,118.23,59.31,36.17,55.71,148.77,281.96
326.05,366.55,368.87,316.3,215.58,118.94,58.14,35.3,58.25,152.15,283.7,357.03
350.33,342.09,263.33,172.57,96.7,41.26,30.02,56.97,146.04,254.87,344.86,398.59
364.64,302.34,177.05,99.9,54.49,33.79,70.03,191.23,334.25,351.51,404.3,465.45
268.8,163.68,84.25,51.37,39.41,64.37,180.95,290.08,356.56,414.98,473.92,339.36
115.52,58.98,38.53,45.94,120.45,238.72,336.77,396.32,480.03,399.7,310.49,280.46
74.88,38.97,49.76,115.23,214.19,317.41,398.7,476.21,431.91,303.75,271.68,253.02
82.16,49.64,92.61,216.37,320.79,388.69,469.03,439.82,308.75,276.5,256.5,259.49
109.43,140.94,193.62,285.1,390.22,495.43,462.97,368.7,320.21,291.94,286.3,301.04
90.72,172.32,276.68,354.16,462.02,490.97,456.72,426.26,368.77,316.56,292.55,293.64
156.21,269.39,418.36,460.3,455.23,410.63,347.89,302.29,281.14,282.26,301.83,327.66
303.49,414.79,454.63,442.79,395.18,331.95,299.49,286.61,301.65,333.74,362.9,370.83
334.94,439.82,461.45,435.48,383.2,330.17,306.18,304.2,333.31,373.11,388.84,385.2
370.0,431.8,443.94,405.08,342.92,305.99,292.99,308.12,340.51,364.42,365.11,357.71
373.09,405.78,404.92,374.7,340.47,329.96,348.28,373.62,380.03,380.67,377.2,370.58
385.95,365.02,345.68,335.2,305.53,305.32,340.39,382.66,386.65,383.67,381.0,379.58
348.2,330.81,308.75,325.0,315.63,328.73,367.36,390.73,389.84,388.29,385.16,380.78
278.4,279.93,289.36,319.12,344.17,381.11,386.34,385.77,383.74,379.97,375.62,363.64
313.67,307.17,312.26,353.68,375.2,388.69,389.1,386.52,377.62,357.32,300.33,204.74
253.79,272.92,296.6,330.24,364.73,377.44,376.56,370.19,354.51,308.44,220.84,130.49
245.49,272.27,298.96,329.4,360.84,372.74,370.3,359.0,324.03,246.97,150.18,78.94
266.5,294.72,333.42,365.08,374.45,371.52,360.33,328.88,250.56,152.37,81.47,54.67
292.64,337.56,369.15,381.26,378.63,364.62,325.26,234.74,147.23,82.98,54.26,52.45
346.13,386.44,381.15,368.09,337.05,257.12,165.53,97.73,58.26,48.16,69.97,177.46
380.44,396.48,371.39,328.29,245.04,137.37,72.81,43.91,60.33,158.03,409.07,445.36
367.77,380.68,347.55,262.64,156.26,72.83,47.15,39.51,77.1,187.64,338.34,393.76
366.78,306.13,207.85,144.21,77.9,42.71,46.1,77.19,189.96,290.29,375.38,426.66
265.13,226.46,159.38,102.14,61.83,40.25,76.25,191.3,307.05,370.26,421.31,479.65
279.18,174.24,90.7,52.25,35.93,59.42,173.56,279.46,351.87,414.06,468.87,329.55
192.31,95.67,53.38,45.86,64.64,185.5,300.38,377.78,431.44,489.15,386.75,333.77
69.67,34.58,46.27,100.33,212.99,333.15,405.74,469.99,472.21,349.17,303.58,278.46
75.51,51.84,99.06,225.49,338.71,411.18,483.77,452.25,331.22,293.82,271.65,268.23
44.84,73.97,216.59,356.69,395.7,465.36,410.2,293.0,258.27,241.83,240.25,237.99
103.35,203.29,362.44,391.13,473.81,424.95,306.26,263.5,240.1,238.07,238.59,236.08
174.99,349.37,403.0,465.7,425.69,320.04,277.37,248.56,244.93,255.22,266.67,276.29
338.8,425.69,448.9,408.26,321.6,281.14,257.3,246.66,258.92,279.6,303.77,321.93
331.19,411.06,438.37,396.71,323.19,286.04,265.25,259.03,271.94,306.23,335.36,341.12
376.75,424.53,384.57,310.32,267.67,250.52,253.47,259.98,277.18,304.51,334.08,336.06
408.48,417.98,358.69,293.69,259.66,247.67,263.69,293.02,325.67,354.93,362.11,349.85
384.85,326.89,278.92,264.14,256.33,255.01,285.16,328.0,357.32,360.73,355.27,332.41
336.17,290.52,265.83,262.1,263.39,287.08,331.92,361.88,360.4,356.43,342.55,281.74
335.28,292.83,265.21,266.98,274.84,322.81,370.44,373.06,361.81,329.59,246.51,182.53
269.93,244.81,253.05,282.25,323.16,361.22,368.87,365.4,349.06,284.13,205.3,156.23
234.26,242.28,265.52,300.43,342.05,364.14,362.15,343.05,277.51,189.21,118.82,70.34
237.25,254.91,280.22,316.02,355.33,360.28,338.81,274.14,182.5,104.02,54.53,39.32
266.41,294.83,339.53,368.73,370.73,357.28,316.26,227.0,144.23,80.22,47.02,43.38
269.1,321.18,351.17,369.45,365.42,339.33,266.1,171.04,97.41,50.17,39.15,48.51
287.31,352.43,378.51,363.51,322.05,244.43,164.34,98.82,52.79,41.93,62.77,173.93
276.8,342.56,373.5,352.2,285.89,187.36,107.09,50.63,32.69,56.14,151.41,288.63
338.87,372.39,360.72,292.84,179.45,90.52,54.37,38.44,70.24,177.65,341.13,371.78
295.98,317.89,307.73,219.23,130.41,59.87,44.84,47.49,108.27,211.73,316.15,389.4
339.4,321.26,203.97,117.67,62.11,35.37,61.26,155.97,258.05,335.78,397.53,481.16
301.71,180.23,81.46,39.64,33.98,53.41,157.88,266.78,336.08,390.23,468.92,337.61
183.05,86.43,39.21,37.87,63.43,168.09,273.03,346.61,398.17,479.82,365.38,307.65
102.38,53.59,45.39,72.88,163.78,267.98,359.74,426.52,486.61,369.26,303.63,279.43
102.48,69.88,72.41,151.13,282.53,388.68,466.02,479.43,367.23,324.97,311.26,315.1
37.06,61.17,175.48,283.39,388.27,488.45,489.65,423.65,366.23,320.12,297.83,304.18
79.19,190.84,392.43,429.87,482.93,429.55,330.26,289.89,259.64,251.42,257.29,261.85
184.04,293.53,379.25,464.03,471.85,378.45,304.24,264.68,245.69,242.15,249.71,257.05
307.41,392.52,428.23,427.06,351.4,297.28,264.86,249.25,249.37,264.47,284.79,306.22
348.48,432.92,437.07,380.9,314.74,278.2,260.46,258.34,270.78,302.8,331.94,339.47
404.83,433.64,384.37,309.85,268.2,251.64,260.12,271.28,279.68,294.42,320.75,333.81
402.73,396.89,334.73,278.43,258.33,249.31,263.2,285.34,304.8,324.5,346.19,350.63
390.11,335.07,288.3,267.14,257.68,252.39,277.2,319.61,357.62,364.29,355.33,348.45
334.0,289.29,267.31,264.2,261.81,266.73,301.49,347.09,366.8,362.9,359.7,352.24
317.02,272.36,260.0,262.78,264.85,307.3,368.46,380.74,363.1,355.75,348.58,312.17
263.64,228.85,243.79,269.15,296.44,341.41,371.83,374.4,366.81,354.46,299.47,221.51
240.11,243.71,261.36,291.98,337.78,366.14,369.76,364.44,345.39,288.5,201.86,129.67
262.87,279.6,319.5,356.52,372.24,370.18,361.73,339.45,277.54,181.01,103.97,60.75
313.49,358.43,388.27,390.9,388.01,381.24,368.02,325.2,229.83,142.93,82.28,61.59
295.43,344.47,372.23,380.25,375.43,355.03,291.45,191.97,112.49,58.25,44.12,58.51
320.64,373.94,387.2,376.16,350.64,278.42,185.28,112.94,60.21,45.12,60.13,139.5
351.54,383.86,376.14,345.42,282.63,189.62,115.22,63.46,45.49,69.7,182.78,345.14
349.03,373.06,334.43,236.49,151.81,74.55,46.95,54.55,138.31,342.77,434.48,436.14
287.82,292.27,261.99,186.24,132.28,70.41,41.15,48.96,142.78,271.88,369.35,411.4
345.34,335.35,243.37,157.36,91.23,53.29,55.9,148.8,277.96,396.22,461.32,503.49
262.66,184.08,119.89,82.74,70.35,98.79,197.11,318.75,449.5,510.49,487.67,410.63
225.1,118.34,79.52,74.32,99.95,209.0,332.92,446.51,495.06,482.03,428.66,387.95
105.07,56.24,50.69,83.45,187.88,302.91,390.36,440.16,477.28,337.16,294.03,268.32
76.35,43.81,64.15,173.61,293.87,374.11,415.47,470.46,320.69,282.78,258.51,259.7
76.56,67.86,157.26,277.93,386.95,429.41,500.9,406.88,332.02,300.4,279.93,286.77
164.57,312.23,430.15,466.04,450.86,410.27,350.03,318.58,309.93,326.93,355.0,372.65
128.94,284.32,437.43,438.47,447.78,417.55,355.0,306.39,284.38,287.67,309.58,335.03
259.57,374.2,440.49,452.22,408.64,345.41,300.84,280.91,283.86,304.81,332.92,348.48
320.08,422.81,458.11,440.38,392.31,332.78,303.73,295.03,316.26,353.66,376.66,380.22
375.1,438.4,451.97,418.07,355.38,313.92,297.21,309.29,342.19,368.46,371.46,364.98
398.06,424.85,419.71,384.61,351.33,348.62,362.96,374.88,376.88,375.73,374.0,374.05
382.6,353.54,331.9,327.73,304.02,308.2,346.71,386.15,388.12,385.85,382.99,380.65
272.39,274.93,292.63,325.07,318.39,337.8,374.19,390.33,389.52,387.93,385.44,382.71
272.06,275.35,293.65,332.48,360.73,389.37,391.51,391.55,386.46,376.96,360.87,323.25
261.41,275.38,307.47,354.45,379.43,385.84,384.87,380.95,370.26,342.94,276.79,176.21
270.05,295.44,338.92,373.91,384.3,383.44,376.41,363.24,323.25,240.95,147.58,81.6
297.26,331.03,369.62,387.41,387.6,385.17,378.15,362.15,313.18,218.13,128.1,76.24
342.6,383.02,397.94,392.11,388.69,381.79,369.72,331.51,235.88,137.45,79.4,62.43
344.27,386.11,389.58,383.41,372.66,334.82,249.35,162.31,99.03,57.76,47.44,68.98
361.54,391.58,357.15,327.39,271.58,200.8,157.93,139.02,103.68,72.39,56.6,72.08
341.47,372.01,346.17,291.94,216.2,157.15,142.98,119.47,80.4,64.35,80.7,142.39
358.29,381.0,329.6,240.28,170.15,104.84,58.22,41.04,52.48,105.18,242.5,444.64
290.26,312.0,297.25,210.72,130.9,65.41,45.75,53.62,137.8,270.67,411.66,443.54
288.54,303.93,265.99,178.83,112.95,69.38,55.9,75.16,192.81,362.52,424.56,474.76
207.42,179.96,149.24,109.86,83.0,85.75,123.17,182.87,285.31,436.01,515.1,490.63
237.02,168.47,118.22,71.27,60.72,96.94,200.36,332.1,456.29,505.37,482.41,422.88
183.29,103.63,68.38,67.79,107.84,194.94,309.2,442.3,506.67,490.96,442.49,412.42
124.41,91.05,83.36,127.49,229.92,347.67,499.34,504.01,458.46,405.66,358.42,328.74
80.75,69.48,145.55,256.77,379.73,432.09,502.7,455.01,378.1,344.22,315.93,315.95
69.18,92.89,192.27,236.86,326.86,458.8,498.59,456.55,383.62,340.56,313.74,317.93
122.59,242.81,384.94,466.75,500.59,445.57,375.5,333.83,302.73,284.76,282.9,314.57
151.13,299.86,359.61,468.66,458.49,376.35,318.56,289.5,268.8,277.05,322.85,346.63
295.34,372.16,422.38,453.74,365.89,305.08,271.2,250.82,247.66,262.48,285.41,312.28
307.65,395.37,441.13,417.33,327.31,288.77,265.85,255.06,265.35,296.1,329.34,342.08
393.66,445.48,416.8,330.35,278.7,253.24,247.33,253.69,272.01,297.44,328.23,335.98
