530.0,590.26,629.81,637.09,641.38,644.45,648.3,659.13,673.91,679.46,683.73,698.04
528.55,589.73,629.74,637.14,641.47,644.5,648.12,658.24,673.29,678.91,680.32,683.55
571.79,626.03,641.83,646.08,647.04,647.55,649.43,658.33,673.1,678.88,680.28,683.21
576.99,627.06,642.05,646.2,647.08,647.46,648.72,655.39,670.4,678.28,680.17,683.07
552.26,613.7,635.11,644.04,646.46,647.02,647.24,647.69,650.29,661.3,675.2,681.26
577.03,626.85,642.02,646.23,647.22,648.41,654.19,668.95,677.85,679.68,680.11,681.36
426.5,435.58,437.76,441.41,453.85,476.34,510.35,543.49,582.58,611.37,616.78,620.84
380.32,398.15,400.67,401.0,401.17,402.1,407.71,426.3,452.6,481.69,513.58,553.51
405.58,425.54,429.61,430.17,430.24,430.25,430.26,430.32,430.72,433.5,446.85,472.48
426.46,435.46,437.09,437.28,437.3,437.3,437.31,437.33,437.52,438.85,446.9,470.63
386.47,412.82,426.17,429.34,429.82,429.88,429.9,429.94,430.21,432.14,442.83,467.96
377.7,397.9,400.61,400.96,401.01,401.02,401.02,401.06,401.35,403.37,414.35,438.51
377.54,397.87,400.61,400.96,401.01,401.02,401.02,401.06,401.31,403.13,413.33,437.16
374.47,396.7,400.41,400.93,401.0,401.01,401.02,401.05,401.3,403.03,412.87,436.57
374.47,396.69,400.41,400.93,401.0,401.01,401.02,401.05,401.3,403.07,413.02,436.58
377.46,397.83,400.6,400.96,401.01,401.02,401.02,401.08,401.52,404.46,417.89,440.12
371.07,395.84,400.28,400.91,401.0,401.01,401.02,401.05,401.3,403.05,412.93,436.58
370.96,395.82,400.28,400.91,401.0,401.01,401.02,401.04,401.24,402.64,411.04,434.32
374.47,396.69,400.41,400.93,401.0,401.01,401.02,401.05,401.31,403.12,413.3,436.95
375.63,397.08,400.47,400.94,401.0,401.01,401.02,401.05,401.26,402.8,411.58,433.92
370.39,395.71,400.26,400.91,401.0,401.01,401.02,401.04,401.19,402.27,409.03,431.49
403.83,444.65,477.96,502.91,514.25,521.17,537.78,581.47,608.53,618.63,624.12,637.47
439.51,500.34,529.46,547.78,577.32,603.15,621.71,629.56,633.93,637.1,640.04,645.74
378.56,408.2,449.39,509.18,540.42,564.09,605.29,610.52,611.8,612.52,613.29,614.95
370.39,395.71,400.27,401.02,401.8,406.68,433.61,501.14,555.35,584.24,609.43,611.52
373.26,396.35,400.36,400.97,401.36,403.62,417.99,471.37,538.4,571.67,607.06,610.34
376.35,397.35,400.52,400.95,401.01,401.02,401.07,401.45,404.18,421.49,481.71,543.73
374.45,396.69,400.41,400.93,401.0,401.01,401.01,401.02,401.09,401.56,404.9,424.02
371.06,395.84,400.28,400.91,401.0,401.01,401.01,401.01,401.01,401.02,401.05,401.27
372.11,396.07,400.31,400.92,401.0,401.01,401.01,401.01,401.01,401.01,401.01,401.01
377.7,397.9,400.61,400.96,401.01,401.01,401.01,401.01,401.01,401.01,401.01,401.01
374.47,396.69,400.41,400.93,401.0,401.01,401.01,401.01,401.01,401.01,401.01,401.01
411.89,427.27,430.57,431.02,431.08,431.09,431.09,431.09,431.09,431.09,431.09,431.09
377.65,397.89,400.61,400.96,401.01,401.01,401.01,401.01,401.01,401.01,401.01,401.01
375.71,397.11,400.48,400.94,401.0,401.01,401.01,401.01,401.01,401.01,401.01,401.01
377.66,397.89,400.61,400.96,401.01,401.01,401.01,401.01,401.01,401.01,401.01,401.01
377.87,397.92,400.62,400.96,401.01,401.01,401.01,401.01,401.01,401.01,401.01,401.01
377.62,397.89,400.61,400.96,401.01,401.01,401.01,401.01,401.01,401.01,401.01,401.01
377.74,397.91,400.61,400.96,401.01,401.01,401.01,401.01,401.01,401.01,401.01,401.01
377.74,397.91,400.61,400.96,401.01,401.01,401.01,401.01,401.01,401.01,401.01,401.01
370.44,395.72,400.26,400.91,401.0,401.01,401.01,401.01,401.01,401.01,401.01,401.01
380.58,398.14,400.65,400.97,401.01,401.02,401.02,401.02,401.02,401.02,401.02,401.02
377.61,397.89,400.61,400.96,401.01,401.01,401.01,401.01,401.01,401.01,401.01,401.01
372.03,396.05,400.31,400.92,401.0,401.01,401.01,401.01,401.01,401.01,401.01,401.01
379.71,398.12,400.64,400.97,401.01,401.01,401.01,401.01,401.01,401.01,401.01,401.01
385.11,410.22,424.9,429.06,429.72,429.81,429.82,429.82,429.82,429.82,429.82,429.82
377.2,397.71,400.58,400.96,401.01,401.01,401.01,401.01,401.01,401.01,401.01,401.01
377.37,397.79,400.59,400.96,401.01,401.01,401.01,401.01,401.01,401.01,401.01,401.01
377.62,397.89,400.61,400.96,401.01,401.01,401.01,401.01,401.01,401.01,401.01,401.01
377.66,397.89,400.61,400.96,401.01,401.01,401.01,401.01,401.01,401.01,401.01,401.01
380.3,398.14,400.65,400.97,401.01,401.01,401.02,401.02,401.02,401.02,401.02,401.04
379.37,398.09,400.64,400.97,401.01,401.01,401.01,401.01,401.01,401.02,401.03,401.1
377.38,397.8,400.6,400.96,401.01,401.02,401.02,401.02,401.02,401.02,401.03,401.1
377.79,398.07,400.79,401.14,401.18,401.19,401.19,401.19,401.2,401.28,401.86,405.59
377.89,397.97,400.66,401.01,401.06,401.06,401.06,401.06,401.06,401.07,401.12,401.46
381.63,398.47,401.05,401.97,405.8,417.92,427.46,429.68,430.06,430.51,433.16,443.11
377.88,398.22,400.95,401.3,401.35,401.35,401.36,401.36,401.43,401.9,404.92,416.24
378.22,398.42,401.12,401.47,401.51,401.52,401.52,401.55,401.74,403.08,409.83,424.09
380.83,398.91,401.41,401.72,401.77,401.8,402.04,403.64,410.7,420.82,430.1,444.61
381.3,399.08,401.57,401.88,401.98,402.38,404.87,413.56,422.09,429.95,444.12,453.18
378.75,399.07,401.76,402.12,402.25,402.89,406.64,416.35,423.22,430.78,445.3,456.54
376.16,399.41,403.49,404.5,407.35,416.24,423.32,425.41,428.72,440.42,454.07,468.17
403.54,429.15,431.74,430.15,428.65,428.73,434.24,449.6,465.23,476.79,483.75,500.78
404.47,430.57,433.73,434.24,441.92,457.81,472.78,483.13,494.57,512.7,540.55,559.8
483.37,567.6,645.06,681.74,700.54,714.63,722.33,723.96,724.2,724.23,724.23,724.23
551.03,636.54,673.45,678.96,679.79,679.92,680.0,680.47,683.45,693.58,706.34,718.44
566.63,650.69,675.23,679.35,679.97,680.06,680.07,680.08,680.12,680.42,682.43,691.97
579.28,654.92,676.1,679.49,679.99,680.06,680.07,680.07,680.07,680.08,680.13,680.52
556.4,642.72,674.6,679.14,679.82,679.91,679.93,679.93,679.93,679.94,679.97,680.24
609.94,667.18,678.31,679.83,680.04,680.07,680.07,680.07,680.09,680.19,680.96,685.76
579.95,652.88,675.7,679.43,679.98,680.06,680.07,680.08,680.1,680.27,681.46,688.55
568.8,652.77,675.66,679.42,679.98,680.06,680.07,680.07,680.08,680.13,680.52,683.17
563.3,649.98,675.47,679.36,679.95,680.03,680.04,680.04,680.05,680.06,680.19,681.07
619.74,670.16,678.71,679.89,680.05,680.07,680.07,680.07,680.07,680.08,680.16,680.69
562.62,651.45,675.51,679.39,679.98,680.06,680.07,680.07,680.08,680.1,680.27,681.5
614.02,668.49,678.48,679.86,680.04,680.07,680.07,680.08,680.16,680.71,684.39,699.43
616.02,669.11,678.57,679.87,680.04,680.07,680.08,680.1,680.29,681.59,688.99,707.84
616.87,669.36,678.6,679.87,680.05,680.07,680.08,680.13,680.5,682.97,694.19,712.85
618.9,669.94,678.68,679.88,680.05,680.07,680.08,680.1,680.27,681.5,688.09,703.5
615.32,668.88,678.54,679.86,680.05,680.09,680.19,680.95,685.71,701.91,718.37,723.33
617.4,669.5,678.62,679.87,680.05,680.09,680.22,681.15,686.75,703.81,719.16,723.47
619.1,669.97,678.68,679.88,680.05,680.11,680.37,682.13,690.95,708.83,720.8,723.74
618.5,669.83,678.67,679.88,680.05,680.11,680.38,682.23,691.52,710.2,721.37,723.83
605.82,664.25,677.69,679.75,680.08,680.49,683.0,694.56,713.65,722.35,723.98,724.22
584.97,654.15,675.89,679.59,680.96,686.21,702.91,718.8,723.41,724.14,724.24,724.25
563.99,652.01,675.62,679.42,680.06,680.67,684.07,696.81,714.08,722.34,723.98,724.22
562.29,650.74,675.42,679.39,680.04,680.55,683.36,695.26,713.46,722.23,723.96,724.22
561.88,649.06,675.37,679.37,680.01,680.41,682.53,692.16,709.23,720.76,723.72,724.17
559.72,649.08,675.12,679.34,680.06,680.75,684.57,698.68,716.14,722.87,724.06,724.23
464.15,544.54,580.4,623.26,667.42,692.45,714.35,722.53,723.92,724.11,724.14,724.14
559.52,647.35,674.98,679.31,680.0,680.39,682.46,692.36,710.85,721.51,723.85,724.19
558.0,646.62,674.8,679.28,679.97,680.16,680.87,685.28,700.88,717.8,723.22,724.11
516.12,593.93,654.72,675.7,679.13,679.66,679.86,680.81,686.17,700.5,715.64,722.39
549.33,630.3,673.0,678.86,679.74,679.87,679.96,680.43,683.57,696.82,715.39,722.59
558.76,646.98,674.9,679.29,679.96,680.06,680.11,680.37,682.19,691.64,710.98,721.68
557.69,645.15,674.61,679.15,679.84,679.94,679.97,680.07,680.75,685.16,701.19,718.15
609.16,665.25,677.83,679.76,680.03,680.07,680.08,680.15,680.67,684.06,697.82,716.04
615.47,668.55,678.48,679.85,680.04,680.07,680.09,680.24,681.27,687.57,706.27,720.41
566.78,653.38,675.91,679.46,679.98,680.06,680.07,680.09,680.17,680.78,684.65,698.58
621.17,670.46,678.75,679.89,680.05,680.07,680.07,680.08,680.14,680.58,683.45,695.14
621.29,670.49,678.75,679.89,680.05,680.07,680.07,680.08,680.14,680.57,683.38,694.93
621.34,670.5,678.75,679.89,680.05,680.07,680.07,680.08,680.14,680.57,683.43,695.07
620.52,670.31,678.73,679.89,680.05,680.07,680.07,680.08,680.15,680.66,683.94,696.62
619.49,670.05,678.69,679.88,680.05,680.07,680.07,680.09,680.17,680.79,684.71,698.75
622.06,670.69,678.78,679.9,680.05,680.07,680.07,680.08,680.14,680.55,683.28,694.66
620.58,670.34,678.73,679.89,680.05,680.07,680.07,680.09,680.17,680.77,684.63,698.63
436.87,454.44,463.55,465.84,467.99,475.94,486.32,493.84,510.16,531.94,553.54,587.64
432.37,455.36,461.46,462.73,465.33,474.66,485.66,498.8,518.98,541.89,573.64,604.97
405.99,432.62,436.1,435.94,439.4,451.04,466.21,487.14,509.26,538.04,578.61,636.67
406.24,432.88,437.15,442.0,461.59,487.3,512.13,531.98,552.42,594.91,656.62,680.65
406.71,435.68,448.7,461.53,478.56,501.88,524.33,544.04,582.64,648.86,674.66,696.47
442.37,463.7,479.5,498.34,525.21,549.84,571.6,613.03,651.71,678.11,702.0,711.0
407.54,437.92,458.74,490.13,520.99,547.79,591.55,660.42,694.18,713.99,718.72,719.44
412.15,455.18,487.43,518.56,542.72,575.46,642.2,690.44,715.01,719.88,720.6,720.7
421.48,484.52,523.34,546.3,575.94,638.55,693.77,718.37,722.53,723.13,723.21,723.22
454.8,526.85,564.84,598.67,650.93,691.77,716.63,722.93,723.9,724.03,724.05,724.05
515.24,597.65,657.56,676.32,680.44,685.95,701.61,717.68,723.17,724.1,724.23,724.25
546.53,640.25,671.9,678.83,679.96,680.58,683.69,696.28,714.38,722.46,724.0,724.22
551.12,638.85,673.38,679.06,679.94,680.19,681.1,686.51,702.97,718.6,723.36,724.13
556.85,647.62,674.4,679.22,679.95,680.07,680.2,681.03,686.01,701.62,717.71,723.18
557.07,647.36,674.74,679.27,679.96,680.06,680.11,680.38,682.2,691.32,709.72,721.18
575.86,647.23,674.25,679.21,679.95,680.06,680.09,680.19,680.96,685.72,701.74,718.18
602.98,663.75,677.69,679.74,680.03,680.07,680.08,680.12,680.45,682.64,692.8,710.84
623.2,670.96,678.82,679.9,680.05,680.07,680.07,680.08,680.15,680.62,683.66,695.0
617.81,669.57,678.63,679.88,680.05,680.07,680.08,680.1,680.28,681.53,688.33,704.56
620.34,670.27,678.72,679.89,680.05,680.07,680.07,680.09,680.21,681.05,686.02,700.36
616.3,669.1,678.56,679.87,680.04,680.07,680.08,680.11,680.32,681.84,689.65,706.66
614.6,668.53,678.48,679.86,680.04,680.07,680.08,680.11,680.37,682.13,690.87,708.41
617.29,669.42,678.61,679.87,680.05,680.07,680.08,680.1,680.3,681.67,688.88,705.07
611.0,667.12,678.28,679.83,680.04,680.07,680.08,680.14,680.59,683.55,695.72,713.66
436.0,451.81,462.47,465.79,467.72,475.67,495.8,513.42,520.91,532.46,551.31,582.21
451.43,464.28,466.21,467.13,471.86,487.28,507.79,521.65,536.4,553.42,593.9,648.19
452.27,464.09,465.97,470.72,488.89,510.93,523.42,540.37,568.62,625.69,662.12,676.58
433.2,457.73,463.73,479.48,502.56,516.98,532.83,553.12,601.74,647.95,671.56,687.85
435.79,457.01,460.0,465.43,484.76,506.13,519.06,539.12,576.33,631.56,661.0,675.42
438.72,457.82,463.05,477.57,501.2,516.57,536.15,572.54,629.9,660.65,675.83,685.27
442.33,461.17,477.38,502.34,517.61,537.18,572.18,627.0,659.39,675.04,682.88,693.84
446.28,471.76,498.92,519.87,540.07,573.47,631.15,663.8,677.82,683.0,690.76,705.69
448.88,484.86,513.43,537.75,578.56,636.01,666.21,680.34,685.2,693.31,708.15,714.69
478.39,519.95,547.88,586.1,643.1,675.1,687.41,690.7,699.78,714.23,719.71,720.64
476.51,534.81,576.66,628.69,663.53,686.44,692.71,700.21,715.08,722.44,723.82,724.01
521.74,592.96,654.49,684.98,692.64,699.65,714.44,722.43,723.98,724.2,724.23,724.23
592.48,660.74,687.59,695.19,707.75,720.25,723.65,724.17,724.24,724.25,724.25,724.25
631.36,682.76,696.3,711.36,721.61,723.87,724.2,724.25,724.25,724.26,724.26,724.26
619.55,684.62,714.08,722.62,724.03,724.22,724.25,724.26,724.26,724.26,724.26,724.26
636.03,696.79,718.35,723.37,724.13,724.24,724.25,724.26,724.26,724.26,724.26,724.26
636.99,700.58,719.94,723.64,724.17,724.24,724.25,724.26,724.26,724.26,724.26,724.26
641.44,708.51,721.99,723.95,724.21,724.25,724.26,724.26,724.26,724.26,724.26,724.26
642.13,705.39,721.06,723.8,724.19,724.25,724.25,724.26,724.26,724.26,724.26,724.26
641.71,708.66,722.01,723.95,724.21,724.25,724.26,724.26,724.26,724.26,724.26,724.26
642.23,699.81,717.99,723.24,724.11,724.24,724.25,724.26,724.26,724.26,724.26,724.26
642.1,701.49,719.24,723.49,724.15,724.24,724.25,724.26,724.26,724.26,724.26,724.26
641.86,699.61,717.87,723.22,724.11,724.24,724.25,724.26,724.26,724.26,724.26,724.26
640.92,705.44,721.14,723.82,724.2,724.25,724.25,724.26,724.26,724.26,724.26,724.26
635.62,693.69,716.48,723.02,724.08,724.23,724.25,724.26,724.26,724.26,724.26,724.26
501.92,562.99,596.28,611.3,623.43,633.13,655.08,678.99,689.86,691.27,691.45,691.48
495.93,562.87,594.43,609.41,621.8,635.23,659.92,683.0,690.87,691.82,691.95,691.97
492.92,560.23,596.03,614.48,622.83,638.56,665.01,686.03,691.25,691.89,691.97,691.99
617.65,676.15,699.77,716.91,723.05,724.09,724.23,724.25,724.26,724.26,724.26,724.26
595.84,666.64,700.28,718.2,723.31,724.13,724.24,724.25,724.26,724.26,724.26,724.26
575.71,651.12,691.52,714.37,722.57,724.02,724.22,724.25,724.26,724.26,724.26,724.26
561.15,632.98,676.54,707.14,720.84,723.76,724.19,724.25,724.25,724.26,724.26,724.26
501.39,590.04,654.98,683.3,691.04,692.08,692.23,692.26,692.27,692.36,693.02,697.16
561.41,612.49,642.71,682.41,714.2,722.71,724.04,724.23,724.25,724.26,724.26,724.26
538.38,610.07,633.18,657.04,695.73,718.25,723.37,724.13,724.24,724.25,724.26,724.26
538.03,610.41,631.0,643.23,666.27,701.47,719.51,723.55,724.16,724.24,724.25,724.26
543.77,610.58,630.44,639.57,648.73,672.39,704.97,720.39,723.69,724.18,724.24,724.25
566.64,616.44,633.94,642.71,655.68,677.63,698.93,716.19,722.85,724.06,724.23,724.25
552.56,610.78,630.4,639.25,646.2,660.51,681.2,701.11,717.23,723.07,724.09,724.23
570.4,619.18,636.87,643.98,649.67,663.49,680.73,697.54,714.18,722.31,723.97,724.22
562.12,609.11,629.26,638.99,644.92,654.97,674.21,692.76,709.83,720.82,723.73,724.18
579.26,619.63,638.32,646.11,649.87,660.56,677.4,692.56,708.82,720.34,723.65,724.17
579.46,620.21,639.12,648.81,661.05,675.1,680.26,685.84,698.57,712.3,721.53,723.85
579.47,620.26,639.2,649.11,661.88,675.52,680.28,685.55,698.07,711.77,721.32,723.81
579.25,619.6,638.25,645.77,647.61,650.2,662.46,688.6,709.97,721.1,723.78,724.19
579.27,619.68,638.33,645.86,648.07,652.91,669.17,690.47,708.51,720.29,723.64,724.17
579.35,619.9,638.55,646.34,650.91,663.36,677.43,687.6,701.99,715.75,722.64,724.02
579.14,619.28,637.98,645.71,647.67,650.62,663.29,686.43,706.43,719.48,723.49,724.15
433.96,444.08,450.56,464.05,473.39,480.02,497.45,514.4,522.56,537.2,560.62,591.18
391.37,415.34,436.48,457.01,466.2,471.32,486.39,505.33,514.45,529.37,555.68,580.76
382.87,403.74,407.76,415.57,429.33,436.17,444.12,463.97,478.19,487.52,508.11,535.76
386.73,404.35,409.24,421.09,440.84,459.08,473.2,494.45,507.59,516.93,537.07,563.92
379.62,400.38,403.84,408.1,420.74,431.62,440.09,459.3,474.8,484.78,503.56,529.3
379.14,399.71,402.68,404.24,410.88,425.39,437.06,454.19,471.47,482.53,501.83,529.09
372.63,396.61,400.93,402.02,405.29,418.07,436.64,452.39,466.8,479.29,499.55,529.24
416.26,457.49,469.31,478.75,502.38,527.22,559.0,592.16,629.83,647.25,674.46,687.99
425.62,463.48,477.14,500.37,526.99,560.01,591.8,628.37,636.77,650.26,674.82,688.34
377.74,398.05,400.78,401.21,401.82,405.45,417.86,430.26,442.56,464.29,493.44,522.08
370.42,395.73,400.29,400.95,401.15,401.93,406.6,420.39,433.86,451.09,479.75,524.82
370.4,395.71,400.27,400.93,401.09,401.6,404.91,418.2,440.69,474.37,512.71,564.46
471.12,537.26,561.79,600.22,613.51,627.75,636.2,640.7,643.85,650.2,667.51,684.36
503.84,568.39,597.84,607.85,618.98,632.94,640.98,644.33,645.83,647.65,655.01,673.51
502.55,554.18,595.94,605.89,612.33,624.28,637.12,643.31,645.47,646.56,649.29,661.34
503.9,566.92,594.11,604.56,609.62,615.65,628.32,639.99,644.68,646.04,646.83,649.58
520.2,575.9,592.85,603.84,608.87,612.55,618.87,631.91,642.16,645.52,646.36,646.99
502.62,564.22,590.6,602.52,608.12,611.45,614.91,622.01,635.25,643.69,645.98,646.51
499.86,557.99,586.98,599.6,606.76,610.42,613.27,616.58,623.88,636.86,644.33,646.14
412.62,430.76,434.62,436.64,444.5,458.83,469.92,498.58,549.01,579.74,596.33,610.48
380.72,398.27,400.77,401.09,401.13,401.15,401.23,401.8,405.46,418.0,431.15,450.99
377.71,397.92,400.64,400.99,401.03,401.04,401.04,401.05,401.1,401.49,404.08,414.7
378.9,398.06,400.64,400.97,401.01,401.02,401.02,401.02,401.02,401.02,401.02,401.03
381.16,398.16,400.67,400.99,401.08,401.4,403.53,412.89,425.12,429.03,429.66,429.75
377.83,397.92,400.62,400.96,401.01,401.01,401.01,401.01,401.01,401.01,401.01,401.02
377.87,397.93,400.62,400.96,401.01,401.01,401.01,401.01,401.01,401.01,401.01,401.01
381.07,398.16,400.66,400.98,401.02,401.03,401.07,401.32,403.03,411.27,424.11,428.84
400.31,423.99,429.21,429.96,430.06,430.08,430.08,430.08,430.08,430.08,430.08,430.09
380.08,398.15,400.66,400.98,401.02,401.03,401.03,401.03,401.03,401.03,401.03,401.05
382.67,401.54,414.82,426.24,429.29,429.76,429.82,429.83,429.83,429.84,429.85,429.95
378.39,398.02,400.65,400.99,401.03,401.04,401.04,401.04,401.04,401.04,401.06,401.17
377.66,397.93,400.65,401.0,401.05,401.06,401.06,401.06,401.06,401.06,401.06,401.1
377.71,397.98,400.7,401.05,401.1,401.1,401.11,401.11,401.11,401.11,401.11,401.16
377.65,397.94,400.67,401.02,401.06,401.07,401.07,401.07,401.07,401.07,401.08,401.17
381.2,398.55,401.04,401.36,401.4,401.41,401.41,401.41,401.42,401.49,402.03,405.47
427.48,436.48,438.11,438.3,438.32,438.33,438.34,438.43,439.07,443.05,455.61,465.32
378.76,399.11,401.81,402.15,402.2,402.21,402.29,402.82,406.23,418.12,428.71,431.33
379.25,399.33,401.99,402.33,402.37,402.41,402.66,404.37,412.67,425.98,430.98,431.83
379.23,399.49,402.17,402.51,402.56,402.67,403.38,407.71,420.59,429.78,431.8,432.11
382.89,400.02,402.47,402.78,402.89,403.36,406.62,422.48,448.69,459.06,460.88,461.36
391.6,420.17,429.94,431.69,432.01,432.58,436.02,447.96,458.53,461.37,463.36,470.52
406.37,427.64,431.85,432.49,432.98,435.76,446.65,458.65,464.09,472.72,480.89,484.15
380.46,400.86,403.51,403.94,404.82,409.75,423.07,431.85,435.99,444.71,452.62,456.53
384.33,401.61,404.05,404.75,407.5,418.66,433.62,447.45,462.17,477.22,484.97,496.74
384.86,402.35,404.99,407.19,417.13,437.66,451.5,455.09,456.14,459.62,474.61,495.58
382.29,402.5,405.8,410.79,426.99,445.96,454.14,455.88,457.41,465.02,484.87,498.19
382.49,403.23,407.59,417.9,440.61,453.44,456.15,457.27,462.05,478.83,495.71,501.69
383.29,404.96,415.19,432.19,449.13,455.68,458.43,466.46,480.69,494.0,500.43,504.27
397.01,424.81,430.82,439.42,452.29,457.83,464.69,481.32,496.37,501.57,505.13,514.72
405.68,433.72,451.95,477.8,491.69,505.42,519.4,530.05,538.78,549.66,555.46,566.77
405.83,436.37,454.27,471.96,489.72,505.43,518.53,532.39,551.87,588.22,638.46,685.28
408.73,445.77,468.49,487.87,505.69,523.18,553.01,599.81,669.86,709.55,719.3,720.61
423.35,471.47,499.26,534.41,589.64,661.67,712.68,722.09,723.35,723.52,723.54,723.54
486.54,550.57,624.69,684.06,716.79,722.87,723.78,723.91,723.92,723.93,723.93,723.93
555.81,643.67,701.85,720.64,723.72,724.15,724.21,724.22,724.22,724.22,724.22,724.22
573.3,649.3,682.14,702.01,717.49,723.11,724.08,724.22,724.24,724.24,724.24,724.24
569.06,652.55,675.66,679.6,681.28,688.07,707.12,720.68,723.73,724.18,724.25,724.25
591.65,657.89,676.6,679.58,680.04,680.34,682.02,691.04,710.7,721.66,723.88,724.2
593.51,659.19,676.85,679.61,680.01,680.06,680.07,680.09,680.21,681.08,686.03,698.8
576.61,653.87,675.87,679.45,680.0,680.19,681.04,686.31,704.15,719.72,723.58,724.16
572.06,653.68,675.85,679.45,679.99,680.08,680.21,681.08,686.47,703.94,719.46,723.53
590.5,656.98,676.41,679.54,680.0,680.07,680.14,680.58,683.51,696.45,715.4,722.76
593.06,658.47,676.69,679.59,680.0,680.06,680.08,680.16,680.68,684.03,695.99,712.11
590.0,657.79,676.61,679.57,680.0,680.06,680.08,680.11,680.34,681.91,689.39,702.74
593.7,658.86,676.76,679.6,680.01,680.06,680.07,680.07,680.08,680.14,680.58,683.38
601.7,661.45,676.97,679.62,680.01,680.06,680.08,680.1,680.3,681.7,688.97,705.09
622.31,670.73,678.79,679.9,680.05,680.07,680.07,680.08,680.13,680.5,682.94,692.6
622.37,670.72,678.79,679.9,680.05,680.07,680.08,680.12,680.39,682.24,690.43,703.51
613.11,667.75,678.32,679.83,680.04,680.07,680.1,680.31,681.71,688.75,703.0,716.68
621.1,670.34,678.73,679.89,680.05,680.09,680.26,681.37,687.49,702.41,717.06,723.0
622.01,670.58,678.76,679.89,680.05,680.09,680.25,681.34,687.34,702.05,716.73,722.92
623.01,670.84,678.8,679.9,680.06,680.12,680.47,682.76,692.18,706.51,718.83,723.35
622.81,670.78,678.79,679.9,680.06,680.15,680.69,684.03,695.57,710.69,721.03,723.77
606.75,663.14,677.3,679.69,680.15,681.01,685.81,699.49,714.82,722.44,723.99,724.22
607.75,663.7,677.44,679.75,680.4,682.65,692.05,707.13,719.4,723.47,724.15,724.24
606.09,662.7,677.24,680.11,683.01,693.07,707.67,719.55,723.49,724.15,724.24,724.25
608.19,663.9,677.45,679.72,680.16,681.07,685.94,697.47,708.26,719.12,723.39,724.13
594.63,659.23,676.8,679.61,680.09,680.64,683.78,694.05,705.33,716.78,722.85,724.05
588.27,656.4,676.34,679.57,680.33,682.31,690.57,702.87,714.83,722.3,723.97,724.22
452.81,501.11,530.96,558.06,580.58,617.08,650.47,693.46,719.01,723.47,724.12,724.2
460.49,513.47,540.07,561.39,577.79,616.07,670.66,712.53,722.47,723.91,724.1,724.13
468.36,531.39,562.66,578.23,617.41,667.2,709.55,721.81,723.87,724.15,724.19,724.2
486.57,555.06,599.34,656.31,679.93,697.57,716.39,722.96,724.07,724.23,724.25,724.25
385.86,416.17,438.84,456.4,462.52,468.57,482.23,498.04,527.59,556.78,571.76,588.96
394.01,426.9,462.17,484.72,492.39,502.16,516.59,536.7,572.38,593.74,608.1,631.13
595.3,657.88,676.26,680.23,684.63,697.01,712.12,721.57,723.86,724.2,724.25,724.25
588.26,655.22,676.16,680.62,686.67,700.77,715.51,722.6,724.02,724.22,724.25,724.26
560.99,650.75,675.29,679.53,681.24,687.29,701.7,716.26,722.8,724.05,724.23,724.25
563.82,651.88,675.47,679.41,680.12,681.1,686.21,699.21,713.28,721.9,723.91,724.21
612.44,666.88,678.14,679.81,680.05,680.2,681.01,685.58,696.5,705.01,715.23,722.37
623.37,670.95,678.82,679.91,680.08,680.31,681.74,688.58,700.0,709.91,720.06,723.58
621.64,670.51,678.76,679.9,680.11,680.54,683.15,692.78,704.84,716.65,722.82,724.05
624.5,671.21,678.85,679.91,680.07,680.2,681.04,685.7,696.67,705.26,715.61,722.49
623.86,671.07,678.83,679.91,680.07,680.22,681.16,686.26,697.48,706.63,717.4,722.99
625.32,671.39,678.88,679.91,680.06,680.14,680.59,683.41,692.97,702.29,710.82,720.45
622.78,670.82,678.8,679.9,680.06,680.15,680.66,683.85,694.11,704.96,716.2,722.69
619.83,670.02,678.69,679.89,680.09,680.37,682.12,690.12,703.75,716.66,722.85,724.06
619.97,670.06,678.69,679.89,680.08,680.33,681.89,689.38,703.28,716.54,722.83,724.05
609.3,665.84,677.99,679.79,680.1,680.53,683.18,693.71,709.58,720.69,723.71,724.18
408.6,439.22,455.88,472.49,490.23,508.08,527.92,549.51,574.91,599.14,638.87,688.25
412.43,453.61,484.03,504.37,514.61,521.12,540.07,574.27,604.72,628.78,667.71,704.44
445.67,474.92,498.09,511.14,517.69,534.05,565.48,598.28,622.75,658.55,695.23,711.8
415.29,460.51,484.94,495.87,510.35,533.9,576.21,623.17,663.5,705.24,720.55,722.94
440.5,490.65,512.78,527.27,552.65,596.27,671.48,713.05,722.58,723.96,724.15,724.18
435.95,489.17,517.36,541.67,575.03,643.86,690.2,716.41,722.94,723.97,724.12,724.14
553.36,642.97,673.2,681.27,691.82,710.49,721.43,723.84,724.2,724.25,724.25,724.25
539.91,625.51,667.07,692.28,712.57,722.03,723.93,724.21,724.25,724.25,724.25,724.25
468.62,529.35,598.75,678.17,715.82,723.03,724.08,724.23,724.25,724.25,724.25,724.25
483.19,560.11,623.84,694.72,719.48,723.58,724.16,724.24,724.25,724.25,724.25,724.25
540.09,634.23,670.03,682.46,696.28,713.26,722.08,723.94,724.21,724.25,724.25,724.26
585.32,650.62,674.94,682.21,693.28,709.46,720.68,723.71,724.18,724.25,724.25,724.26
604.66,664.24,678.18,682.24,691.82,707.64,719.84,723.56,724.16,724.24,724.25,724.26
579.23,649.1,674.94,680.41,686.4,699.32,712.84,721.71,723.88,724.2,724.25,724.25
605.79,664.63,677.97,680.31,683.48,693.58,705.4,717.07,722.93,724.07,724.23,724.25
611.29,667.05,678.26,679.96,681.02,685.78,696.78,705.36,715.74,722.53,724.01,724.22
616.87,668.88,678.51,679.87,680.13,680.67,683.87,693.73,701.73,707.52,717.61,723.03
613.82,667.95,678.38,679.9,680.44,682.75,691.46,701.07,708.22,718.5,723.25,724.11
616.31,668.74,678.49,679.87,680.17,680.94,685.26,695.82,702.83,709.79,719.68,723.5
616.72,668.86,678.5,679.87,680.14,680.73,684.22,694.33,702.05,708.19,718.32,723.2
616.66,668.83,678.5,679.87,680.12,680.63,683.64,693.33,701.64,707.72,717.86,723.09
606.22,664.79,677.93,679.89,680.86,685.08,696.32,707.38,718.52,723.27,724.12,724.24
437.23,474.99,505.99,516.24,518.12,519.63,526.68,543.42,566.47,590.64,621.3,656.42
449.13,487.02,508.66,514.74,516.36,521.43,536.42,558.48,590.54,633.01,664.43,679.7
596.98,660.85,677.47,680.65,685.83,700.16,715.91,722.75,724.04,724.23,724.25,724.26
458.63,498.53,515.84,520.06,525.53,540.33,562.49,601.52,647.41,673.94,685.0,689.87
436.19,497.57,518.38,524.93,537.67,558.99,594.04,637.58,670.94,688.15,692.04,699.0
433.03,481.03,495.11,507.88,526.28,565.77,625.65,675.45,689.59,692.35,696.15,708.76
464.36,512.39,530.01,551.88,592.53,645.97,677.03,689.51,691.71,695.23,707.54,719.64
474.23,520.16,547.33,586.2,635.19,669.89,688.59,693.24,701.78,716.49,722.6,723.67
491.52,538.31,577.21,631.04,668.03,688.22,692.81,699.42,714.15,722.26,723.83,724.06
478.44,551.41,605.88,659.29,684.98,692.33,698.8,713.4,722.18,723.96,724.21,724.25
504.88,582.77,652.28,683.57,695.38,709.48,720.97,723.77,724.19,724.25,724.25,724.26
564.74,621.52,657.53,699.75,719.66,723.59,724.17,724.24,724.25,724.26,724.26,724.26
550.02,629.17,668.22,693.68,712.97,722.06,723.94,724.21,724.25,724.25,724.26,724.26
553.84,622.63,657.44,681.2,700.39,717.26,723.1,724.09,724.23,724.25,724.26,724.26
563.94,631.08,667.13,678.88,685.02,698.97,714.99,722.52,724.01,724.22,724.25,724.25
587.46,653.1,675.66,679.64,681.39,687.7,700.46,713.2,721.79,723.89,724.21,724.25
616.91,669.33,678.6,679.89,680.18,681.06,685.84,696.73,704.72,714.55,722.14,723.94
609.01,666.41,678.19,679.88,680.5,683.12,692.51,703.27,714.0,721.98,723.92,724.21
596.89,657.72,676.78,679.88,681.84,689.37,702.89,715.95,722.67,724.03,724.22,724.25
592.58,651.54,675.24,679.84,683.06,693.45,708.73,720.22,723.62,724.17,724.24,724.25
617.77,669.58,678.63,679.89,680.16,680.86,684.86,695.44,703.63,712.69,721.39,723.82
618.73,669.85,678.67,679.89,680.12,680.59,683.41,692.94,702.01,709.86,719.81,723.53
596.89,657.81,676.8,679.79,681.23,686.96,699.69,712.72,721.63,723.86,724.2,724.25
585.65,633.15,658.11,675.02,681.19,690.15,707.01,719.87,723.57,724.16,724.24,724.25
577.09,630.68,660.69,677.05,684.17,697.98,714.63,722.45,724.0,724.22,724.25,724.25
571.61,623.8,649.74,671.96,680.96,691.19,708.47,720.51,723.68,724.18,724.24,724.25
389.14,417.15,434.17,447.31,468.16,480.97,485.71,495.72,511.73,533.33,555.82,588.63
388.11,415.16,432.11,445.28,465.49,480.11,485.32,495.15,513.36,538.62,566.6,616.48
411.08,450.14,471.56,486.98,498.49,517.26,553.69,616.02,670.74,687.25,690.26,690.68
412.88,454.46,476.72,491.56,505.79,530.15,580.29,655.57,682.5,689.89,690.89,691.03
433.9,488.59,513.63,529.47,549.12,582.67,626.78,661.62,682.97,687.9,688.51,688.6
425.54,475.42,499.48,520.66,550.14,587.76,649.53,680.73,690.38,691.73,691.92,691.94
436.52,486.2,514.27,548.16,601.51,638.91,667.35,686.07,691.21,692.02,692.13,692.16
451.58,506.89,542.94,573.36,618.8,649.55,677.16,689.52,691.84,692.18,692.23,692.26
477.4,545.44,575.12,612.98,633.17,658.77,680.92,690.17,691.96,692.25,692.52,694.19
521.08,583.04,627.5,636.6,641.51,645.16,651.32,664.88,682.89,707.74,721.08,723.8
533.82,597.33,630.52,638.01,642.28,645.45,650.82,668.25,695.5,715.02,722.6,724.02
554.98,612.0,630.94,639.05,643.65,649.12,662.66,676.9,686.0,701.99,717.51,723.12
554.29,609.82,629.8,638.74,644.12,652.24,668.38,677.99,680.82,686.47,701.51,716.96
579.76,622.46,640.29,646.44,649.04,657.12,672.15,678.83,680.79,685.66,699.8,715.65
579.76,622.46,640.29,646.43,649.01,657.0,672.04,678.81,680.78,685.62,699.73,715.59
579.77,622.48,640.29,646.32,648.25,653.47,667.87,677.75,680.65,685.79,700.12,715.91
579.77,622.48,640.29,646.35,648.44,654.41,669.21,678.12,680.65,685.47,699.43,715.34
579.77,622.48,640.29,646.36,648.54,654.91,669.86,678.29,680.64,685.3,699.06,715.04
579.8,622.53,640.35,646.55,649.71,659.61,674.03,679.15,680.37,683.0,693.25,709.03
566.73,614.37,633.5,641.6,645.59,651.05,665.07,676.8,679.88,682.07,690.4,705.52
431.86,440.88,442.55,443.09,445.51,455.74,469.45,480.49,497.93,512.86,523.03,542.71
431.85,440.87,442.56,443.27,446.76,460.9,481.42,493.86,505.19,516.23,528.96,552.93
383.18,403.5,406.09,407.05,411.37,426.42,445.14,456.19,465.24,477.58,490.45,513.5
383.68,403.55,406.09,406.89,410.39,424.36,444.31,455.54,463.18,476.0,490.32,512.04
383.37,403.54,406.08,406.76,409.49,421.94,443.14,454.86,460.63,472.54,488.84,511.06
383.7,403.61,406.12,406.73,409.04,420.46,442.31,454.46,458.89,468.12,485.19,513.17
384.2,403.8,406.29,406.96,409.7,422.32,443.78,454.87,458.66,466.83,483.62,508.24
384.19,404.15,406.68,407.61,411.89,427.54,447.16,455.93,459.33,468.11,486.11,511.97
384.48,405.07,408.04,411.94,426.71,447.27,457.15,463.66,481.38,501.92,515.81,544.72
407.6,440.25,463.28,493.6,528.22,560.83,596.58,624.91,659.64,682.93,688.11,688.78
414.57,458.72,484.95,516.9,554.82,581.07,610.03,629.09,663.94,686.08,690.38,690.97
433.86,483.35,519.17,558.24,592.32,608.33,614.44,631.03,663.95,686.49,691.19,691.86
512.73,577.1,606.84,614.89,619.19,626.31,643.75,664.68,680.71,689.64,691.69,692.0
516.96,588.63,607.67,616.48,630.76,641.28,645.56,648.04,654.67,668.54,682.6,690.33
527.25,595.15,607.74,613.74,624.78,638.38,644.91,647.05,649.72,659.55,676.54,688.86
517.19,573.69,606.47,611.33,617.71,630.94,642.12,646.1,647.42,649.94,660.07,677.93
515.33,583.31,606.2,610.83,614.91,623.23,637.03,644.87,646.91,647.67,649.98,660.07
513.18,580.28,605.58,610.35,613.72,618.41,629.16,641.52,646.24,647.24,647.77,650.04
541.23,592.61,605.74,610.56,613.75,616.78,621.67,633.06,643.61,646.78,647.4,647.91
507.15,563.62,602.62,608.87,612.26,615.09,617.83,622.26,633.15,643.64,646.81,647.41
377.81,398.07,400.79,401.13,401.18,401.2,401.26,401.71,404.7,416.72,434.58,462.44
377.75,398.01,400.73,401.07,401.12,401.13,401.13,401.15,401.31,402.43,408.65,422.56
375.66,397.1,400.49,400.96,401.03,401.03,401.04,401.04,401.1,401.5,404.15,415.25
418.4,432.08,435.06,435.46,435.52,435.52,435.52,435.53,435.55,435.68,436.63,442.1
377.66,397.9,400.61,400.96,401.01,401.01,401.02,401.02,401.02,401.02,401.05,401.27
377.7,397.9,400.61,400.96,401.01,401.01,401.01,401.02,401.02,401.02,401.02,401.08
377.74,397.91,400.62,400.96,401.01,401.01,401.01,401.01,401.01,401.02,401.02,401.03
373.42,396.39,400.36,400.93,401.0,401.01,401.01,401.01,401.01,401.01,401.01,401.02
377.62,397.89,400.61,400.96,401.01,401.01,401.01,401.01,401.01,401.01,401.01,401.01
377.67,397.9,400.61,400.96,401.01,401.01,401.01,401.01,401.01,401.01,401.01,401.01
377.66,397.89,400.61,400.96,401.01,401.01,401.01,401.01,401.01,401.01,401.01,401.01
377.74,397.91,400.61,400.96,401.01,401.01,401.01,401.01,401.01,401.01,401.01,401.01
377.62,397.89,400.61,400.96,401.01,401.01,401.01,401.01,401.01,401.01,401.01,401.02
377.61,397.89,400.61,400.96,401.01,401.01,401.01,401.01,401.01,401.01,401.01,401.02
378.19,397.96,400.63,400.97,401.01,401.02,401.02,401.02,401.02,401.02,401.02,401.04
411.81,427.2,430.49,430.94,431.0,431.01,431.01,431.01,431.01,431.01,431.01,431.01
377.62,397.89,400.61,400.96,401.01,401.01,401.02,401.02,401.02,401.02,401.02,401.02
378.05,397.94,400.62,400.96,401.01,401.02,401.02,401.02,401.02,401.02,401.02,401.04
379.75,398.12,400.65,400.97,401.01,401.02,401.02,401.02,401.02,401.02,401.04,401.2
377.66,397.9,400.62,400.97,401.01,401.02,401.02,401.02,401.02,401.03,401.05,401.26
377.73,397.91,400.62,400.97,401.02,401.02,401.02,401.02,401.02,401.03,401.09,401.55
379.04,398.07,400.65,400.98,401.02,401.03,401.03,401.03,401.04,401.14,401.83,406.16
380.94,398.18,400.68,401.0,401.04,401.05,401.06,401.11,401.47,403.85,412.68,423.84
377.94,398.06,400.76,401.11,401.15,401.16,401.18,401.31,402.2,407.46,422.98,441.84
377.94,398.14,400.84,401.19,401.24,401.26,401.35,402.02,406.14,420.03,439.23,449.66
377.97,398.15,400.86,401.2,401.25,401.26,401.29,401.5,402.99,410.72,428.65,445.77
377.95,398.19,400.91,401.25,401.3,401.31,401.33,401.45,402.36,407.72,423.86,443.15
419.75,432.19,434.63,434.94,435.01,435.17,436.27,441.84,451.95,459.1,471.81,485.96
380.36,399.89,402.47,402.83,403.14,404.95,412.47,422.25,431.18,445.73,455.7,469.44
380.06,400.43,403.11,403.68,405.3,412.29,422.08,429.82,443.58,452.62,457.77,472.75
383.56,402.13,407.63,417.1,423.82,426.21,431.91,445.54,454.0,460.25,477.72,494.42
404.33,430.86,438.28,450.83,462.22,474.72,490.4,502.0,506.85,515.9,539.36,571.01
409.2,447.82,467.49,482.9,498.11,515.06,548.08,601.98,661.36,701.95,717.66,720.23
428.1,474.94,507.58,550.85,618.79,689.23,718.32,722.89,723.54,723.63,723.64,723.64
460.54,540.33,610.41,690.88,718.98,723.44,724.08,724.17,724.18,724.18,724.18,724.18
554.38,631.31,667.07,678.69,684.2,695.14,706.75,718.47,723.24,724.08,724.2,724.22
575.36,647.54,674.44,679.26,680.18,681.69,688.57,701.61,715.04,722.44,723.98,724.21
564.12,650.93,675.6,679.4,679.97,680.06,680.08,680.21,681.07,686.51,704.69,719.95
591.48,658.17,676.67,679.58,680.0,680.06,680.07,680.07,680.07,680.08,680.12,680.45
586.81,655.69,676.2,679.51,679.99,680.06,680.07,680.08,680.12,680.43,682.55,693.56
564.1,651.56,675.61,679.41,679.98,680.06,680.07,680.07,680.09,680.17,680.8,684.92
586.84,656.32,676.34,679.53,680.0,680.06,680.07,680.07,680.08,680.09,680.2,680.98
589.62,656.53,676.34,679.53,680.0,680.06,680.07,680.07,680.08,680.15,680.61,683.73
591.71,657.45,676.46,679.55,680.0,680.06,680.07,680.07,680.08,680.13,680.46,682.76
595.51,659.33,676.73,679.59,680.01,680.06,680.07,680.07,680.08,680.11,680.35,682.0
607.9,663.83,677.46,679.7,680.02,680.07,680.07,680.07,680.08,680.09,680.23,681.17
621.18,670.37,678.74,679.89,680.05,680.07,680.07,680.08,680.11,680.37,682.15,690.83
621.11,670.34,678.73,679.89,680.05,680.07,680.08,680.1,680.26,681.41,687.81,704.0
621.21,670.37,678.74,679.89,680.05,680.07,680.09,680.18,680.81,684.8,698.32,714.93
621.4,670.4,678.74,679.89,680.05,680.09,680.23,681.21,686.89,702.6,717.89,723.2
611.89,666.17,677.98,679.78,680.03,680.07,680.07,680.09,680.23,681.17,686.4,698.55
622.2,670.61,678.77,679.89,680.05,680.08,680.12,680.42,682.48,691.73,707.97,720.1
621.29,670.36,678.73,679.89,680.05,680.12,680.43,682.54,692.33,710.02,721.15,723.79
622.91,670.8,678.8,679.9,680.05,680.1,680.29,681.58,688.44,704.09,718.23,723.25
602.92,661.8,677.02,679.63,680.04,680.25,681.37,687.54,702.85,717.56,723.12,724.1
590.18,656.48,676.26,679.54,680.12,680.98,685.75,700.51,716.65,722.94,724.07,724.23
565.24,652.58,675.64,679.42,680.02,680.33,681.96,689.66,703.66,716.87,722.91,724.07
591.55,657.07,676.32,679.62,680.66,684.29,696.45,712.2,721.65,723.87,724.2,724.25
572.58,653.79,675.87,679.46,680.04,680.46,682.77,692.15,706.22,718.56,723.29,724.12
563.8,650.9,675.57,679.4,680.02,680.37,682.21,690.43,704.22,717.1,722.96,724.07
462.43,520.87,557.78,576.43,603.51,671.98,714.51,722.84,724.04,724.2,724.22,724.23
480.02,549.91,575.06,598.18,653.77,694.92,717.52,723.22,724.1,724.22,724.24,724.24
491.54,562.1,603.03,658.17,678.94,692.13,711.06,721.59,723.86,724.2,724.24,724.25
502.31,586.86,649.52,675.37,681.53,690.98,706.95,719.55,723.49,724.13,724.22,724.23
537.66,617.68,670.28,678.65,680.06,681.56,688.31,701.89,715.33,722.49,723.98,724.2
559.75,647.98,675.08,679.32,679.97,680.12,680.57,683.41,694.79,711.85,721.66,723.87
561.25,648.48,675.19,679.32,679.94,680.05,680.19,681.14,686.77,703.43,718.78,723.37
561.65,649.46,675.3,679.36,679.97,680.06,680.09,680.22,681.13,686.6,703.06,718.62
604.17,662.09,677.07,679.64,680.01,680.07,680.08,680.15,680.62,683.71,695.79,713.11
568.28,654.37,676.07,679.48,679.99,680.06,680.07,680.07,680.09,680.18,680.88,685.04
617.66,669.46,678.61,679.87,680.05,680.07,680.07,680.08,680.1,680.28,681.51,688.03
619.93,670.06,678.69,679.88,680.05,680.07,680.07,680.07,680.09,680.17,680.76,684.42
619.88,670.05,678.69,679.88,680.05,680.07,680.07,680.07,680.09,680.17,680.78,684.51
614.05,668.4,678.46,679.85,680.04,680.07,680.07,680.08,680.15,680.61,683.62,695.45
612.5,667.31,678.23,679.82,680.04,680.07,680.07,680.07,680.09,680.17,680.74,684.3
623.7,671.08,678.83,679.9,680.05,680.07,680.07,680.07,680.08,680.16,680.7,684.09
622.74,670.86,678.81,679.9,680.05,680.07,680.07,680.07,680.09,680.19,680.94,685.45
435.28,447.03,457.7,467.0,477.0,488.5,500.43,520.25,538.12,547.54,565.22,617.04
613.12,668.11,678.43,679.85,680.04,680.07,680.08,680.1,680.31,681.74,689.77,709.15
389.29,407.59,412.43,422.46,435.78,449.16,460.15,480.54,508.84,536.94,564.26,588.28
387.76,407.16,410.76,418.34,435.57,451.14,463.97,478.91,490.53,509.73,534.7,554.95
382.5,405.29,410.3,417.63,431.14,446.13,459.83,475.95,488.84,508.18,533.83,553.86
378.95,404.34,411.61,421.45,430.52,440.89,455.29,472.62,490.1,511.08,536.39,558.39
414.0,451.72,462.57,474.32,493.48,516.68,534.79,553.4,588.34,652.01,694.02,713.27
414.52,453.59,470.43,491.16,516.14,535.95,555.01,586.51,645.59,693.67,715.0,718.54
416.01,460.4,490.0,519.23,542.68,569.59,616.19,649.82,686.47,711.76,719.65,720.96
416.86,471.64,512.23,543.21,574.57,625.48,653.67,674.78,691.83,711.46,718.47,719.66
434.89,507.35,546.2,578.15,629.49,659.65,676.48,682.83,697.03,715.97,722.61,723.72
487.68,568.38,618.25,661.09,676.33,679.08,679.57,680.12,683.44,697.74,716.43,722.58
544.71,622.95,669.56,678.43,679.81,680.02,680.07,680.28,681.75,690.03,709.81,721.44
547.38,629.38,671.58,678.75,679.84,680.01,680.04,680.16,680.96,686.03,703.2,719.17
546.91,634.04,671.93,678.83,679.89,680.04,680.07,680.14,680.61,683.76,697.67,716.6
549.99,638.25,673.2,679.03,679.92,680.05,680.07,680.08,680.14,680.61,683.74,697.61
585.53,653.55,675.75,679.44,679.98,680.06,680.07,680.07,680.08,680.16,680.72,684.4
612.95,667.67,678.33,679.83,680.04,680.07,680.07,680.07,680.08,680.12,680.43,682.58
615.27,668.39,678.43,679.85,680.04,680.07,680.07,680.07,680.08,680.11,680.34,681.95
613.76,667.94,678.37,679.84,680.04,680.07,680.07,680.07,680.08,680.12,680.41,682.4
598.81,660.74,677.36,679.7,680.02,680.06,680.07,680.07,680.09,680.22,681.12,686.73
607.77,666.22,678.1,679.8,680.03,680.07,680.07,680.07,680.08,680.11,680.37,682.16
616.29,669.1,678.56,679.86,680.04,680.07,680.07,680.07,680.08,680.11,680.39,682.28
611.58,667.55,678.34,679.83,680.04,680.07,680.07,680.07,680.08,680.14,680.6,683.67
429.45,438.46,440.09,440.29,440.45,441.4,446.41,456.29,461.83,469.51,490.51,519.55
383.94,401.34,403.74,404.04,404.14,404.58,407.37,416.52,425.64,438.0,462.01,485.28
415.11,430.41,433.68,434.16,434.44,435.96,442.87,453.61,465.8,489.31,509.43,535.14
381.28,401.33,403.93,404.28,404.57,406.27,414.12,429.28,453.38,473.87,486.74,515.87
381.46,401.99,404.62,404.97,405.31,407.33,415.87,430.61,454.25,474.97,489.89,521.21
382.05,402.94,405.75,406.15,406.6,409.17,418.39,430.44,450.95,474.5,492.29,525.09
383.29,403.98,406.52,406.88,407.42,410.58,420.49,432.11,453.29,476.11,493.49,526.33
382.65,404.14,407.25,407.79,408.86,414.24,425.45,438.56,463.26,481.22,498.54,528.73
407.04,438.37,455.79,477.67,509.41,531.26,544.2,563.73,609.67,634.97,663.27,680.46
410.25,450.51,485.48,522.89,551.88,581.73,622.65,630.48,639.56,660.85,683.46,696.44
416.09,475.21,526.65,566.92,600.31,627.84,633.83,639.07,648.18,671.64,699.53,716.75
494.31,561.52,611.58,631.19,640.6,644.59,646.64,653.36,679.92,711.58,721.16,722.68
492.02,571.61,618.7,633.28,639.62,647.92,664.95,678.98,692.5,712.61,721.7,723.38
534.88,592.75,632.63,649.17,669.98,678.3,679.81,680.66,684.85,700.48,717.81,723.14
536.07,593.89,635.05,656.38,674.45,679.15,679.96,680.61,684.32,699.42,717.51,723.13
557.67,617.93,645.04,669.42,678.28,679.78,680.01,680.14,680.82,685.21,701.29,718.29
536.01,597.75,648.08,672.07,678.77,679.85,680.01,680.04,680.12,680.65,684.18,698.29
585.12,635.22,662.52,676.55,679.53,679.97,680.03,680.05,680.12,680.63,683.99,697.68
593.69,655.58,676.39,679.55,679.98,680.04,680.05,680.06,680.09,680.33,682.0,690.29
590.29,650.28,674.96,679.33,679.95,680.04,680.05,680.05,680.09,680.38,682.37,691.81
584.21,631.82,652.99,671.24,678.53,679.82,680.0,680.04,680.14,680.81,685.11,701.05
589.45,651.28,675.3,679.38,679.96,680.04,680.05,680.06,680.09,680.35,682.11,690.79
586.43,639.97,668.99,678.27,679.79,680.01,680.04,680.05,680.1,680.45,682.83,693.8
426.51,435.51,437.14,437.34,437.44,437.94,441.01,450.26,457.73,464.9,487.69,522.69
426.57,435.74,438.54,444.5,454.06,457.81,458.93,462.43,479.01,509.25,537.64,577.65
426.57,435.9,439.71,448.01,455.98,458.08,458.53,459.51,465.65,489.44,525.68,572.43
423.23,434.29,438.5,446.94,454.83,456.97,458.08,463.42,484.61,516.26,555.96,593.66
380.13,398.6,403.39,411.95,419.83,422.12,424.32,434.44,458.47,489.84,531.49,562.06
381.43,398.76,403.95,413.37,423.17,436.03,454.99,476.09,499.99,536.15,571.19,593.9
398.84,423.01,424.52,423.39,424.26,433.19,462.65,502.34,540.04,569.06,614.94,647.83
399.11,423.41,425.11,425.0,432.16,458.38,495.33,533.53,572.22,621.34,646.15,662.04
401.51,427.14,433.28,448.65,478.8,511.05,549.59,595.79,637.22,651.62,666.56,674.53
435.23,466.96,503.8,555.97,589.49,605.48,631.96,657.28,673.29,679.06,680.08,680.22
462.97,525.42,577.56,600.63,613.85,644.54,677.22,687.52,688.93,689.13,689.22,689.7
408.47,448.7,493.61,546.13,579.74,631.89,654.21,670.3,683.56,687.87,688.57,688.67
424.6,492.35,545.71,575.42,619.47,646.51,669.38,685.16,690.14,690.96,691.08,691.15
475.33,555.45,596.29,612.45,632.54,667.29,687.51,691.45,692.05,692.4,694.28,703.33
537.95,598.93,619.12,633.88,643.71,657.83,678.72,694.07,709.84,721.13,723.76,724.15
559.97,606.42,626.7,637.86,644.47,655.33,682.05,707.26,720.29,723.64,724.16,724.23
578.35,617.24,636.11,645.95,652.81,671.03,695.84,714.36,722.4,723.98,724.21,724.24
578.71,617.76,636.62,645.93,651.74,668.04,692.73,712.16,721.79,723.89,724.21,724.25
578.87,617.9,636.81,646.58,654.95,673.08,692.74,710.11,720.94,723.75,724.19,724.25
571.31,615.41,635.8,645.24,649.96,663.16,688.74,709.42,720.84,723.74,724.18,724.25
578.95,618.22,637.03,645.79,650.07,662.85,688.36,709.13,720.73,723.72,724.18,724.24
578.93,618.16,636.96,645.64,649.17,659.46,686.5,710.36,721.39,723.83,724.2,724.25
579.09,618.67,637.54,646.53,653.53,669.42,685.38,700.07,712.9,721.68,723.87,724.2
578.94,618.23,637.01,645.5,648.06,653.35,673.85,704.92,720.46,723.7,724.18,724.24
578.84,617.89,636.67,645.37,647.81,651.87,668.15,698.83,718.9,723.47,724.15,724.24
427.02,456.34,472.14,487.48,507.47,530.2,539.8,549.85,578.75,620.28,652.93,671.36
385.71,407.8,416.92,430.89,437.85,442.6,453.34,463.06,480.18,524.07,563.09,575.35
402.15,432.75,450.35,463.51,468.82,477.11,487.43,493.87,511.33,547.19,580.25,599.27
423.64,442.63,458.99,468.71,474.42,485.23,493.23,502.52,528.41,570.91,599.85,607.48
382.29,404.54,415.11,429.09,435.92,443.8,455.65,467.52,491.99,534.06,565.03,573.26
384.75,404.79,414.75,428.64,434.82,439.17,450.34,465.34,500.46,550.03,569.95,575.32
383.22,404.15,412.58,426.51,433.93,436.52,443.05,456.96,480.45,530.38,564.23,572.94
382.63,404.17,412.82,426.78,434.02,436.63,443.32,456.22,473.59,509.0,547.16,568.12
382.89,404.27,412.96,426.93,434.07,436.47,442.42,454.38,466.73,493.02,535.87,565.41
385.62,404.81,413.49,427.44,434.33,436.45,441.53,453.87,468.38,492.06,525.09,555.14
377.61,398.8,403.58,412.26,425.73,431.44,436.33,449.6,468.62,492.24,528.05,567.67
519.9,591.51,607.73,615.38,628.95,640.68,646.17,652.31,667.48,684.07,690.78,692.01
522.06,593.14,607.51,613.16,623.27,637.27,644.76,648.47,657.83,677.66,689.37,692.04
519.88,591.63,606.97,611.61,617.08,629.04,641.34,646.24,648.97,658.18,678.06,689.85
529.36,593.93,606.7,611.19,614.84,621.28,634.33,644.05,647.01,649.23,658.42,678.4
532.84,593.58,606.4,610.95,614.13,617.76,625.52,638.61,645.6,647.38,649.42,658.88
531.91,592.77,606.08,610.74,613.84,616.68,620.54,630.03,641.95,646.48,647.57,649.55
529.7,591.75,605.71,610.52,613.63,616.29,618.85,623.45,634.73,644.32,646.97,647.68
545.89,594.08,606.54,611.03,614.04,616.63,619.1,623.72,635.04,644.44,646.97,647.45
546.35,594.22,606.7,611.18,614.19,616.76,619.23,623.98,635.45,644.6,646.99,647.4
521.73,589.29,605.08,610.15,613.32,615.97,618.2,620.47,626.01,637.98,645.47,647.14
548.09,595.38,609.21,614.29,617.15,619.02,620.25,621.55,625.83,637.09,645.18,647.1
378.01,398.09,400.79,401.13,401.17,401.18,401.18,401.18,401.19,401.23,401.5,403.4
378.06,398.11,400.8,401.14,401.19,401.19,401.19,401.19,401.2,401.21,401.33,402.18
377.89,398.06,400.77,401.11,401.16,401.17,401.17,401.17,401.17,401.17,401.21,401.49
377.73,398.0,400.72,401.07,401.12,401.12,401.12,401.12,401.12,401.13,401.15,401.31
375.75,397.14,400.5,400.96,401.02,401.03,401.03,401.03,401.03,401.03,401.04,401.09
377.68,397.91,400.63,400.97,401.02,401.03,401.03,401.03,401.03,401.03,401.03,401.05
380.94,398.16,400.67,400.99,401.03,401.03,401.03,401.03,401.03,401.04,401.06,401.19
372.24,396.1,400.32,400.92,401.0,401.01,401.02,401.02,401.02,401.02,401.02,401.02
377.66,397.9,400.62,400.97,401.01,401.02,401.02,401.02,401.02,401.02,401.02,401.02
372.08,396.06,400.31,400.92,401.0,401.01,401.01,401.01,401.01,401.01,401.02,401.02
377.87,397.93,400.62,400.96,401.01,401.01,401.02,401.02,401.02,401.02,401.02,401.02
377.54,397.87,400.61,400.96,401.01,401.01,401.02,401.02,401.02,401.02,401.02,401.02
376.94,397.6,400.56,400.96,401.01,401.02,401.02,401.02,401.02,401.02,401.02,401.03
377.6,397.89,400.61,400.96,401.01,401.02,401.02,401.02,401.02,401.02,401.02,401.05
373.41,396.39,400.37,400.93,401.01,401.02,401.02,401.02,401.02,401.02,401.02,401.04
377.6,397.89,400.62,400.97,401.01,401.02,401.02,401.02,401.02,401.02,401.02,401.06
374.6,396.74,400.42,400.94,401.01,401.02,401.02,401.02,401.02,401.02,401.02,401.03
375.61,397.08,400.48,400.95,401.01,401.02,401.02,401.02,401.02,401.02,401.02,401.02
381.06,398.16,400.67,400.99,401.03,401.04,401.05,401.19,402.15,407.63,420.79,428.11
376.44,397.39,400.53,400.96,401.01,401.02,401.02,401.02,401.02,401.02,401.02,401.03
377.67,397.9,400.62,400.97,401.02,401.02,401.03,401.03,401.03,401.03,401.03,401.03
373.43,396.4,400.38,400.94,401.02,401.03,401.03,401.03,401.03,401.03,401.03,401.03
372.11,396.08,400.33,400.94,401.02,401.03,401.03,401.03,401.03,401.03,401.03,401.03
375.76,397.14,400.5,400.97,401.03,401.04,401.04,401.04,401.04,401.04,401.04,401.04
379.07,398.11,400.68,401.01,401.05,401.06,401.06,401.06,401.06,401.06,401.06,401.06
373.63,396.57,400.53,401.09,401.17,401.18,401.18,401.18,401.18,401.18,401.18,401.18
373.64,396.58,400.54,401.1,401.17,401.18,401.18,401.19,401.19,401.19,401.19,401.19
373.72,396.65,400.6,401.16,401.24,401.25,401.25,401.25,401.25,401.25,401.25,401.25
375.52,397.53,401.15,401.66,401.73,401.73,401.74,401.74,401.74,401.74,401.74,401.74
374.09,397.65,401.78,402.37,402.45,402.46,402.46,402.46,402.46,402.46,402.46,402.46
374.83,399.04,403.33,403.94,404.02,404.03,404.04,404.04,404.04,404.04,404.04,404.04
384.08,404.68,407.12,407.39,407.42,407.42,407.42,407.42,407.43,407.46,407.68,409.21
379.93,403.42,407.44,408.0,408.07,408.08,408.08,408.08,408.08,408.1,408.18,408.8
381.91,405.13,409.0,409.53,409.6,409.61,409.62,409.73,410.49,415.37,433.92,462.73
554.95,641.9,674.48,679.17,679.88,679.98,679.99,680.0,680.0,680.0,680.0,680.0
532.56,614.4,668.32,678.17,679.56,679.77,679.8,679.8,679.8,679.8,679.8,679.8
556.32,643.48,674.67,679.2,679.89,679.98,680.0,680.0,680.0,680.0,680.0,680.0
499.43,573.66,618.65,659.78,676.45,679.08,679.46,679.52,679.52,679.53,679.53,679.53
549.57,631.85,673.36,679.0,679.84,679.96,679.97,679.98,679.98,679.98,679.98,679.98
557.18,644.55,674.67,679.16,679.83,679.93,679.94,679.95,679.95,679.95,679.95,679.95
558.53,646.25,674.95,679.29,679.94,680.04,680.05,680.05,680.05,680.05,680.05,680.05
560.72,648.61,675.31,679.36,679.97,680.05,680.07,680.07,680.07,680.07,680.07,680.07
588.78,654.71,675.65,679.41,679.98,680.06,680.07,680.07,680.07,680.07,680.07,680.07
583.99,651.1,675.9,679.51,679.99,680.06,680.07,680.07,680.07,680.07,680.07,680.07
601.9,663.58,677.94,679.78,680.03,680.07,680.07,680.07,680.07,680.07,680.07,680.07
613.12,668.04,678.43,679.85,680.04,680.07,680.07,680.07,680.07,680.07,680.07,680.07
614.66,668.55,678.5,679.86,680.04,680.07,680.07,680.07,680.07,680.07,680.07,680.08
598.79,661.15,677.64,679.74,680.03,680.07,680.07,680.07,680.07,680.07,680.08,680.12
580.85,650.71,675.9,679.52,679.99,680.06,680.07,680.07,680.07,680.09,680.23,681.24
589.62,656.39,677.06,679.66,680.02,680.06,680.07,680.07,680.08,680.17,680.8,684.96
550.13,618.75,652.2,674.91,679.31,679.94,680.03,680.05,680.18,681.06,686.6,704.87
579.45,649.51,675.56,679.47,679.99,680.06,680.07,680.11,680.35,682.07,691.53,711.9
597.35,658.76,676.33,679.52,680.0,680.06,680.09,680.19,680.96,685.87,703.34,719.45
407.92,434.25,440.26,451.69,473.37,488.49,512.51,554.41,590.3,625.05,675.33,707.13
511.62,595.52,656.42,676.28,679.52,680.05,680.47,682.88,694.4,713.89,722.43,724.0
444.49,469.8,486.8,500.96,511.04,535.82,578.06,610.85,654.09,696.4,711.49,713.23
410.01,447.32,469.38,482.9,498.22,537.58,580.81,638.74,699.99,717.25,719.29,719.57
412.13,454.04,479.56,498.3,540.38,598.35,657.36,705.76,719.29,721.07,721.31,721.34
416.31,465.49,493.94,530.72,578.11,640.03,705.0,720.4,722.28,722.53,722.57,722.57
463.09,509.41,552.96,602.38,656.78,702.79,715.62,717.16,717.37,717.4,717.4,717.4
472.94,546.96,607.28,665.43,711.88,721.64,723.0,723.18,723.21,723.21,723.21,723.21
490.42,581.02,658.81,708.42,721.67,723.89,724.2,724.25,724.25,724.25,724.25,724.25
545.29,644.21,675.42,688.47,705.95,719.48,723.5,724.15,724.24,724.25,724.25,724.26
576.93,650.95,675.74,683.06,696.04,713.63,722.23,723.96,724.22,724.25,724.25,724.26
588.67,655.1,676.35,682.66,694.51,712.1,721.79,723.9,724.21,724.25,724.25,724.26
594.31,658.53,676.61,680.05,683.21,693.63,708.3,719.88,723.56,724.16,724.24,724.25
594.29,659.15,676.82,679.62,680.11,680.79,684.55,695.41,706.31,717.57,723.04,724.08
616.8,669.07,678.55,679.88,680.15,680.86,684.91,696.01,706.93,718.12,723.17,724.1
618.94,669.68,678.63,679.88,680.08,680.32,681.78,688.73,700.2,710.31,720.31,723.63
618.83,669.65,678.63,679.88,680.08,680.33,681.89,689.12,700.57,710.78,720.57,723.67
617.81,669.37,678.59,679.88,680.11,680.55,683.24,692.84,703.87,714.99,722.33,723.97
619.09,669.75,678.64,679.88,680.08,680.33,681.86,689.0,700.47,710.68,720.52,723.66
619.28,669.8,678.65,679.88,680.08,680.29,681.61,688.1,699.64,709.72,719.96,723.56
618.55,669.6,678.62,679.88,680.1,680.44,682.55,691.14,702.58,713.65,721.87,723.9
616.66,669.05,678.54,679.87,680.09,680.42,682.48,691.25,704.99,717.61,723.08,724.09
606.75,665.9,678.15,679.84,680.27,681.67,688.6,702.64,716.28,722.77,724.04,724.23
598.45,660.27,676.85,679.75,681.03,686.25,700.89,716.44,722.87,724.06,724.23,724.25
595.44,658.43,676.7,681.9,691.31,706.48,719.07,723.41,724.14,724.24,724.25,724.26
606.38,663.26,677.4,679.96,681.91,689.67,703.82,717.08,722.97,724.07,724.23,724.25
473.48,513.7,525.16,539.99,566.92,622.65,669.24,705.85,720.16,722.92,723.31,723.37
603.73,661.69,678.57,688.53,704.46,718.32,723.27,724.12,724.24,724.25,724.26,724.26
590.26,656.69,679.92,694.78,710.72,721.1,723.78,724.19,724.25,724.25,724.26,724.26
459.34,510.27,543.52,593.07,671.52,713.94,722.73,724.04,724.22,724.24,724.24,724.24
499.36,540.94,574.07,623.62,673.05,710.77,721.69,723.58,723.85,723.89,723.89,723.89
504.54,564.72,621.67,671.05,712.6,722.44,723.95,724.16,724.19,724.2,724.2,724.2
545.49,627.54,685.11,717.24,723.23,724.11,724.23,724.24,724.25,724.25,724.25,724.25
563.71,659.64,711.81,722.48,724.01,724.22,724.25,724.26,724.26,724.26,724.26,724.26
583.35,669.9,713.05,722.54,724.02,724.22,724.25,724.26,724.26,724.26,724.26,724.26
568.9,660.33,706.85,721.12,723.81,724.19,724.25,724.25,724.26,724.26,724.26,724.26
594.95,665.57,701.31,718.43,723.33,724.13,724.24,724.25,724.26,724.26,724.26,724.26
591.41,658.01,680.99,695.01,706.45,717.79,723.1,724.09,724.23,724.25,724.26,724.26
613.37,668.55,682.35,694.22,705.04,716.21,722.69,724.03,724.22,724.25,724.26,724.26
617.23,669.21,679.67,686.25,697.14,703.47,711.01,720.48,723.65,724.17,724.24,724.25
617.57,669.28,679.51,685.5,696.3,702.79,709.15,719.16,723.39,724.13,724.24,724.25
612.25,668.36,683.32,696.13,707.7,718.85,723.34,724.13,724.24,724.25,724.26,724.26
617.71,669.36,679.57,685.7,696.54,702.97,709.65,719.56,723.47,724.15,724.24,724.25
617.52,669.32,679.66,686.11,696.99,703.36,710.73,720.31,723.62,724.17,724.24,724.25
617.29,669.28,679.74,686.5,697.42,703.9,712.16,721.12,723.77,724.19,724.25,724.25
608.83,667.25,684.18,698.3,711.73,721.28,723.8,724.19,724.25,724.25,724.26,724.26
483.21,516.63,526.37,531.5,548.97,579.0,597.88,615.37,643.99,672.61,686.31,688.8
593.98,662.12,691.06,711.02,721.5,723.85,724.2,724.25,724.25,724.26,724.26,724.26
585.89,654.34,687.45,709.41,721.08,723.79,724.19,724.25,724.25,724.26,724.26,724.26
458.28,511.69,552.82,604.41,637.74,668.62,697.06,716.86,723.06,724.08,724.22,724.24
455.43,514.41,550.09,590.12,634.43,664.41,685.66,691.91,696.62,709.83,721.02,723.72
588.43,655.05,689.83,711.63,721.78,723.9,724.21,724.25,724.25,724.26,724.26,724.26
566.68,642.85,683.58,706.72,719.98,723.6,724.16,724.24,724.25,724.26,724.26,724.26
567.46,639.93,674.98,693.76,711.63,721.59,723.86,724.2,724.25,724.25,724.26,724.26
546.48,638.86,672.59,681.03,690.58,706.43,719.28,723.45,724.14,724.24,724.25,724.26
501.92,551.49,594.76,636.22,675.38,690.82,698.42,713.18,721.93,723.69,723.95,723.98
512.14,584.2,615.21,652.27,684.35,699.69,715.64,722.74,724.03,724.22,724.24,724.24
516.16,581.84,637.75,673.61,708.1,721.4,723.85,724.2,724.25,724.25,724.26,724.26
545.49,618.21,647.02,677.74,701.28,717.14,723.03,724.08,724.23,724.25,724.26,724.26
561.64,620.86,655.07,677.98,693.22,711.18,721.49,723.85,724.2,724.25,724.25,724.26
587.5,645.25,673.68,680.97,689.57,705.15,718.58,723.32,724.12,724.24,724.25,724.26
592.65,654.09,676.23,680.45,685.57,698.26,712.34,721.57,723.85,724.2,724.25,724.25
613.5,667.94,678.39,679.92,680.62,683.77,693.84,703.9,714.41,722.11,723.94,724.21
612.54,667.59,678.34,679.93,680.71,684.25,694.74,704.79,715.63,722.51,724.0,724.22
613.4,667.9,678.38,679.92,680.63,683.82,693.93,703.99,714.54,722.16,723.95,724.21
579.51,641.76,672.62,680.41,687.87,702.44,716.58,722.87,724.06,724.23,724.25,724.25
605.9,665.65,678.03,679.86,680.56,683.49,693.23,703.09,712.95,721.54,723.85,724.2
611.86,667.6,678.36,679.94,680.75,684.45,695.05,704.9,715.67,722.52,724.0,724.22
607.78,665.89,678.13,679.92,680.87,685.12,696.19,706.4,717.45,723.01,724.08,724.23
577.03,628.48,653.34,673.16,684.1,699.07,715.29,722.6,724.02,724.22,724.25,724.25
436.32,451.89,469.89,487.02,500.53,515.83,539.53,571.94,594.89,608.96,611.83,613.18
435.78,452.66,471.9,489.48,502.19,521.52,556.37,590.34,608.18,611.46,611.88,613.45
391.01,417.83,437.24,454.11,468.08,492.52,530.49,557.78,576.22,601.78,604.4,605.33
451.89,492.13,517.14,537.35,558.98,595.08,637.72,668.51,683.32,686.15,686.47,686.52
415.74,461.64,487.22,508.29,533.71,565.54,607.32,667.04,686.61,690.78,691.33,691.41
432.35,485.2,512.72,538.74,587.79,654.49,682.65,690.81,691.92,692.07,692.1,692.1
456.4,511.66,548.51,596.07,652.96,680.94,690.58,692.01,692.21,692.24,692.3,692.66
494.19,564.47,616.16,642.01,670.23,687.49,691.66,693.09,698.08,712.18,721.83,723.9
491.59,542.44,582.57,626.83,663.59,686.53,691.32,691.98,692.07,692.09,692.13,692.39
522.52,589.93,623.07,660.25,685.46,691.27,692.11,692.24,692.34,692.95,696.78,709.82
554.63,608.83,630.44,646.6,667.46,684.97,692.34,699.91,714.81,722.54,724.01,724.22
551.97,609.61,630.19,642.27,659.75,683.69,705.36,719.85,723.59,724.16,724.24,724.25
565.17,614.27,632.8,641.96,654.81,683.83,713.07,722.47,724.01,724.22,724.25,724.25
572.44,621.44,639.02,646.29,655.94,681.47,711.17,722.08,723.95,724.21,724.25,724.25
569.93,619.04,636.03,643.8,654.35,681.01,710.67,721.91,723.92,724.21,724.25,724.25
583.24,627.87,643.07,648.52,658.61,686.22,711.36,721.79,723.9,724.21,724.25,724.25
583.17,627.78,642.98,648.11,656.33,681.72,710.12,721.67,723.89,724.2,724.25,724.25
582.88,627.4,642.77,647.66,653.6,671.82,701.41,719.63,723.58,724.16,724.24,724.25
582.84,627.34,642.74,647.6,653.17,668.45,690.35,712.2,722.06,723.94,724.21,724.25
582.85,627.36,642.75,647.63,653.44,671.02,699.8,719.05,723.49,724.15,724.24,724.25
581.44,627.08,642.64,647.5,652.86,667.6,688.2,709.51,721.3,723.83,724.2,724.25
575.35,624.17,641.52,646.74,650.09,660.52,677.56,692.76,708.66,720.76,723.73,724.18
583.1,627.7,642.87,647.54,652.68,666.96,686.14,705.74,719.88,723.59,724.16,724.24
582.8,627.4,642.72,647.33,651.7,664.73,682.11,694.61,709.46,720.99,723.77,724.19
402.49,444.58,464.01,470.2,479.63,488.79,493.38,507.0,544.59,577.11,594.62,603.86
413.93,455.11,467.87,476.65,487.08,490.96,494.06,508.89,548.66,576.44,585.98,596.67
441.33,465.66,472.27,479.84,490.38,495.54,505.54,535.3,559.99,572.64,590.96,606.39
440.06,464.59,472.52,483.23,491.66,499.98,525.17,553.52,565.99,581.33,599.69,607.75
408.63,439.11,445.53,453.76,462.76,470.37,493.97,524.18,538.93,554.95,571.6,588.71
399.78,434.59,441.43,446.13,457.63,470.98,496.15,522.68,539.05,555.15,569.65,578.82
406.22,437.0,444.12,455.84,480.13,498.06,523.79,550.41,565.0,579.92,595.08,605.32
401.58,435.48,441.62,445.18,455.51,465.77,484.92,516.04,531.95,541.34,556.94,572.58
383.51,416.77,430.38,435.51,445.08,457.63,477.19,507.92,525.73,538.28,551.63,567.34
387.2,415.69,429.61,434.09,441.01,456.78,485.07,529.19,562.88,581.76,605.93,640.51
505.41,566.93,607.58,623.86,653.05,679.57,689.95,691.87,692.15,692.18,692.19,692.19
563.3,607.33,621.85,637.87,655.18,674.86,688.07,691.58,692.13,692.21,692.22,692.22
554.0,599.17,611.22,624.48,642.41,664.61,684.26,690.91,692.04,692.2,692.23,692.32
557.04,600.16,612.35,625.31,639.98,654.26,674.8,688.35,691.64,692.15,692.28,692.7
545.82,597.03,608.1,614.83,627.56,642.06,656.71,677.09,689.08,691.76,692.18,692.35
557.85,600.94,611.42,617.95,630.42,642.98,652.07,668.93,685.68,691.16,692.08,692.25
544.68,596.6,607.54,612.15,618.06,630.75,643.43,653.78,672.08,687.19,691.44,692.12
551.64,597.95,608.14,612.17,616.2,624.82,638.54,646.96,656.15,674.8,688.26,691.63
383.98,407.97,422.44,433.2,435.81,436.35,437.51,444.91,475.83,526.14,559.63,603.49
