109.64,188.04,236.01,307.89,377.17,399.15,346.56,293.72,214.43,176.36,192.27,213.41
173.17,226.83,303.61,376.25,400.4,348.31,293.77,211.87,171.63,188.28,210.25,229.25
218.1,296.59,373.0,399.23,350.84,297.62,214.95,172.88,186.39,209.41,228.12,321.57
287.43,369.63,397.6,351.62,296.61,212.89,169.34,181.47,205.16,222.53,317.65,374.8
396.11,414.6,359.85,298.63,210.43,165.62,180.48,207.58,230.48,324.39,380.15,428.45
449.74,382.58,309.36,213.53,161.97,174.73,205.01,230.23,335.0,388.75,435.11,431.3
413.02,325.85,221.44,162.71,174.45,204.95,234.07,344.51,399.59,446.01,439.29,395.76
269.45,184.44,144.41,169.15,210.46,243.13,348.9,400.78,430.02,425.15,384.22,324.68
230.3,174.01,183.2,213.69,238.22,341.75,398.04,430.33,438.68,396.26,334.32,304.86
263.86,243.84,243.31,247.27,331.2,380.8,420.81,438.04,421.12,354.12,321.67,242.21
271.21,265.78,258.25,336.8,374.63,409.55,427.84,413.42,359.12,322.57,244.52,150.98
288.68,276.01,345.24,378.35,405.02,419.98,406.62,353.2,327.46,246.85,153.77,129.0
351.81,394.55,402.66,411.74,413.15,395.21,348.29,330.6,268.76,172.81,144.75,114.77
402.07,415.36,417.76,418.55,388.24,335.66,316.35,253.79,170.27,137.22,111.08,132.66
376.4,394.32,407.23,385.97,338.0,319.77,252.99,165.17,124.64,99.38,123.83,176.38
411.77,418.94,391.91,339.52,317.77,249.84,163.31,123.8,104.14,128.51,180.36,243.42
399.97,376.37,332.21,314.43,254.41,170.88,130.14,108.53,125.05,179.93,242.12,311.98
253.18,246.6,272.99,240.86,187.79,157.87,126.55,133.04,147.43,217.49,290.3,377.69
206.37,242.08,226.0,181.31,165.79,140.42,144.58,154.86,208.67,286.03,372.49,426.59
208.81,202.56,170.16,161.75,145.13,152.42,160.14,211.03,277.68,366.82,421.23,358.43
208.38,168.71,160.99,142.47,155.99,166.71,219.52,287.51,371.81,428.93,363.12,373.99
189.92,174.05,148.73,157.38,165.28,217.41,288.05,377.18,435.4,368.41,378.21,388.61
144.06,129.27,147.92,162.54,220.58,293.25,380.27,439.38,359.76,369.9,381.97,347.07
116.78,137.43,157.34,218.24,296.3,385.55,443.85,360.5,367.91,381.73,345.87,342.32
112.21,144.47,212.27,296.85,386.04,443.51,356.85,360.39,371.77,334.62,334.19,374.23
112.39,194.67,288.19,385.04,444.17,357.56,357.62,365.86,323.13,321.78,364.94,349.72
170.68,272.06,377.14,441.44,360.19,362.11,368.4,322.93,315.38,360.0,345.4,319.52
248.59,363.46,434.87,359.38,363.55,370.27,322.04,310.34,352.45,337.54,313.36,335.53
305.33,396.8,341.09,358.5,376.56,332.02,315.39,354.06,320.77,298.71,323.58,290.39
377.99,321.99,349.03,370.35,338.85,327.83,366.82,334.29,297.93,327.49,291.54,201.98
288.86,316.73,354.63,329.92,340.05,387.79,354.73,317.09,324.63,295.65,202.2,186.28
354.07,380.77,342.72,344.08,382.48,345.98,311.28,322.97,305.3,209.74,193.19,159.72
413.28,363.68,354.13,384.92,342.65,306.14,321.16,308.99,219.41,201.49,166.74,179.9
325.9,324.68,370.5,336.86,313.92,334.22,319.55,226.07,193.81,162.85,175.14,178.2
287.06,344.09,324.44,309.8,339.97,328.66,231.96,196.27,152.93,168.31,172.14,136.5
343.73,325.51,310.37,340.58,327.52,229.93,193.44,147.92,167.52,171.33,136.16,121.78
350.16,322.99,346.6,327.41,229.96,194.1,151.59,174.33,180.66,146.71,129.47,110.47
320.38,341.43,325.1,227.47,197.35,157.35,180.98,191.21,148.26,132.98,112.63,103.59
376.43,350.11,239.6,201.59,151.68,171.63,184.16,143.26,141.95,119.4,109.84,100.96
363.7,244.82,204.28,150.94,173.44,187.4,148.53,149.94,125.57,117.61,106.39,150.49
232.24,188.84,143.67,168.49,194.91,161.25,163.13,139.78,118.22,111.54,152.69,166.18
179.73,141.87,167.45,196.47,158.76,158.61,133.31,109.12,106.13,145.49,161.52,233.07
139.19,167.75,196.79,159.65,157.35,131.04,105.9,101.0,143.44,158.83,231.33,269.03
181.56,209.41,165.97,160.73,126.88,98.62,94.03,136.62,160.48,230.65,269.53,323.15
190.91,155.06,155.37,126.09,99.55,95.4,136.14,157.69,224.72,263.33,318.22,350.1
139.02,140.27,118.9,95.59,101.14,145.91,167.38,235.11,261.42,319.19,349.46,326.07
145.18,122.36,97.21,101.61,145.16,166.21,234.32,260.88,320.59,350.37,326.76,299.14
87.36,75.6,91.05,142.88,168.86,238.29,261.56,318.66,339.34,316.13,290.92,301.92
45.48,72.53,133.78,166.55,240.4,265.23,319.84,338.56,306.67,281.67,294.67,334.94
79.9,138.86,169.18,241.16,264.29,318.39,337.83,306.12,283.64,296.23,336.16,315.94
120.79,158.78,236.18,264.02,319.53,339.07,305.17,279.06,290.15,329.66,310.82,331.74
165.29,239.26,265.61,319.8,339.78,306.13,280.79,292.06,332.07,313.32,333.29,323.62
251.13,275.77,324.56,342.13,303.14,275.64,287.69,330.19,315.33,332.8,323.94,296.27
264.63,317.24,338.27,302.0,276.65,289.46,330.93,314.66,329.99,321.02,293.69,246.46
373.76,377.97,321.22,283.0,281.25,317.48,305.68,326.14,335.7,304.57,256.29,217.86
373.73,319.16,281.9,281.28,317.28,305.19,325.3,336.64,303.06,254.08,216.48,181.14
302.65,265.86,273.32,312.54,310.79,335.22,346.43,312.67,252.65,218.75,181.52,143.39
277.13,277.05,314.51,309.68,337.19,350.06,318.07,259.48,224.31,188.89,148.39,139.69
303.26,334.06,319.33,341.26,345.76,310.41,253.1,218.61,194.88,152.08,143.43,122.5
328.54,317.73,340.45,346.36,309.26,250.88,215.31,191.21,149.31,139.96,120.36,91.64
287.12,316.62,334.96,304.28,257.25,225.96,199.84,156.39,133.61,117.73,88.49,70.54
331.31,345.67,309.53,259.02,223.44,195.73,153.02,130.39,121.37,91.43,73.33,91.91
346.41,307.11,258.13,221.74,198.08,157.12,135.3,128.66,93.5,77.39,94.62,103.31
346.13,279.46,232.08,199.12,156.41,134.77,132.54,101.76,91.21,109.27,114.16,157.79
318.31,255.98,210.81,159.21,132.22,128.42,101.35,94.96,121.3,125.34,166.56,213.38
250.68,207.92,157.96,132.33,128.8,101.53,94.4,121.03,123.32,164.42,211.92,244.85
216.98,166.52,136.27,131.12,98.32,89.06,115.74,116.42,165.35,211.01,244.71,332.16
164.33,136.89,131.54,99.41,87.83,113.48,113.57,162.03,209.02,241.5,330.01,343.78
150.55,142.65,104.82,90.22,110.3,108.25,157.46,205.11,244.09,330.77,344.92,328.02
108.22,84.59,80.36,108.64,109.83,159.6,203.59,238.57,319.49,333.79,319.51,304.88
83.73,78.4,107.76,108.82,161.06,206.27,241.83,324.07,334.28,320.62,305.4,317.98
67.47,100.22,105.21,159.86,207.87,244.54,326.18,336.58,317.76,302.72,315.61,298.73
83.0,95.77,155.3,207.57,245.01,326.51,334.9,313.69,296.61,308.98,293.78,273.55
92.98,154.12,207.06,245.39,326.68,334.88,313.17,294.83,307.59,291.88,272.08,305.36
220.55,253.67,268.1,334.4,325.7,297.82,284.67,303.24,308.94,284.58,316.56,315.85
257.11,272.63,336.32,327.55,295.82,280.99,299.48,306.09,284.29,313.77,314.22,355.12
329.65,375.06,346.23,301.86,274.08,288.17,299.41,281.25,329.4,326.18,365.1,365.46
470.03,414.72,334.98,286.3,273.32,274.47,263.29,319.96,349.67,380.55,380.03,332.19
456.19,362.53,299.29,277.34,269.74,255.46,315.66,349.69,392.48,389.25,339.88,285.06
301.95,260.97,258.42,264.96,260.36,323.4,351.97,391.07,370.98,322.97,271.84,222.93
273.88,268.18,269.66,261.59,320.72,348.13,388.18,368.65,326.07,274.14,225.2,195.69
244.46,255.56,254.95,319.48,349.29,389.73,367.48,321.61,266.58,218.33,190.52,112.66
271.52,261.56,322.97,348.54,391.41,370.53,326.78,273.31,225.25,199.53,119.02,98.56
241.25,307.04,341.1,388.49,375.26,334.18,279.26,230.88,195.14,116.98,96.31,75.27
307.9,341.43,388.83,375.07,334.61,279.82,231.31,196.21,117.44,97.3,76.16,87.8
308.05,364.5,363.4,330.37,285.44,240.48,202.65,120.74,89.33,71.15,83.01,139.53
353.63,357.65,327.8,285.39,240.81,202.88,119.5,86.59,66.98,78.82,136.61,234.21
374.1,336.88,289.78,241.06,202.21,118.92,87.94,70.24,84.62,142.96,238.86,283.97
321.81,274.11,233.64,197.63,125.36,98.91,81.25,95.82,142.18,242.16,285.01,359.08
331.25,271.03,215.54,130.53,92.83,71.67,91.28,140.89,258.63,298.83,370.13,457.87
284.1,224.33,134.91,94.4,70.66,89.46,140.68,262.55,302.3,371.99,459.48,471.39
300.1,186.86,119.15,78.5,79.11,124.11,252.17,296.97,392.71,475.28,484.65,387.76
147.62,95.39,66.91,77.12,126.98,256.09,297.01,390.2,462.63,471.83,377.97,341.03
115.13,85.87,86.16,131.66,248.78,284.87,378.54,451.99,473.8,375.93,341.17,266.03
51.47,65.14,121.46,246.3,287.21,382.35,452.93,473.87,365.03,330.61,258.08,251.06
69.59,124.55,247.96,287.83,381.88,452.18,473.12,361.87,332.02,259.35,251.86,214.34
116.83,244.62,286.74,382.99,452.61,472.68,360.05,329.41,255.5,247.33,211.33,225.02
211.44,267.81,373.93,451.52,474.25,361.77,327.06,248.62,236.15,200.05,216.51,222.21
293.04,387.13,457.82,474.58,362.07,327.92,252.48,242.56,209.19,226.3,229.25,295.86
398.89,468.72,479.93,365.07,324.56,246.55,236.91,204.74,228.0,228.0,295.68,357.04
442.67,466.88,358.58,324.6,245.67,234.85,199.39,220.03,218.03,284.43,349.06,335.59
440.06,336.51,313.65,240.21,240.86,210.25,229.87,226.01,279.82,348.2,333.4,392.55
359.1,319.26,243.03,237.57,215.25,239.19,239.68,297.56,360.35,349.79,403.21,353.75
288.86,223.46,227.85,212.63,242.1,244.49,300.05,361.95,340.93,394.72,346.95,359.06
209.28,216.12,206.86,239.24,247.5,305.43,366.58,343.54,392.38,346.75,357.96,237.81
233.94,220.01,245.75,249.87,302.75,362.0,340.29,391.38,350.9,360.55,240.53,208.62
239.46,257.52,255.65,303.95,360.66,338.13,390.86,351.71,367.03,246.84,213.45,105.38
232.4,239.64,296.29,358.72,340.74,394.68,353.44,369.73,239.05,206.33,100.22,94.6
265.2,312.1,366.38,342.31,392.73,350.66,369.06,239.13,214.58,108.06,100.6,103.42
332.44,380.93,349.86,395.66,348.16,364.16,235.45,213.73,112.78,104.24,107.18,123.53
372.49,345.2,393.3,348.08,364.4,235.64,212.56,109.05,101.48,104.23,121.27,223.1
383.96,415.85,359.19,366.5,234.2,210.36,110.83,107.12,116.7,133.9,232.69,298.08
417.04,363.32,368.43,236.16,207.65,106.09,101.7,111.53,132.49,229.01,295.94,349.32
306.36,328.17,216.61,201.09,114.2,114.98,120.15,134.92,214.43,285.59,339.82,345.77
374.63,249.65,216.93,119.3,107.68,108.71,127.35,210.29,297.45,348.48,353.52,405.33
239.38,203.96,113.16,103.23,114.95,138.18,222.08,312.29,349.45,357.83,407.04,322.55
216.64,122.59,107.52,116.33,135.46,217.88,309.15,347.39,360.95,409.04,324.54,279.15
118.72,102.69,114.14,134.01,220.44,313.39,351.85,365.92,409.28,326.0,279.71,260.99
76.83,100.97,127.81,220.47,313.56,351.37,362.32,404.07,315.95,268.41,253.01,243.34
87.51,119.39,216.31,312.4,352.22,363.86,404.26,313.44,264.42,249.55,240.46,224.02
105.17,207.64,308.57,351.91,365.71,406.53,313.92,262.41,244.78,235.88,220.46,263.07
173.04,292.42,344.15,366.6,405.13,310.52,254.08,231.16,221.82,204.18,251.54,280.3
316.04,357.33,373.14,405.63,309.95,253.58,233.48,227.44,212.42,260.44,286.97,320.56
346.61,364.15,401.06,308.2,256.5,238.36,231.79,215.64,258.86,285.94,318.9,384.79
387.52,415.23,315.14,258.01,237.05,229.78,216.13,262.57,293.26,325.55,389.86,379.83
428.12,324.77,262.43,238.6,227.05,211.77,259.34,292.56,328.8,391.66,381.69,341.37
318.93,253.89,234.11,223.79,216.03,266.98,300.83,336.63,392.98,385.42,342.92,355.4
218.95,211.99,213.04,213.08,269.86,305.61,338.57,393.67,374.89,333.24,347.77,301.21
251.93,239.57,225.97,273.3,300.99,331.42,390.09,374.45,344.67,357.55,309.29,251.56
235.01,224.34,272.44,301.71,330.81,388.63,371.9,339.79,355.58,306.54,249.57,182.24
209.92,259.54,295.88,327.67,393.57,379.86,347.26,364.59,304.32,250.07,181.93,111.44
259.49,298.38,328.76,394.88,377.67,343.43,359.93,299.05,248.62,179.15,110.02,90.97
325.2,345.56,403.15,379.55,341.49,356.87,298.36,250.51,187.43,117.79,97.22,107.84
325.18,388.95,372.96,339.43,360.05,303.22,253.59,190.22,112.41,93.18,104.51,124.28
343.91,345.28,326.06,357.19,306.38,258.27,190.1,106.71,79.01,91.76,114.45,191.29
324.78,307.4,348.21,301.39,264.58,201.17,117.14,87.54,89.08,116.05,190.93,272.42
318.26,348.94,302.09,262.02,205.66,125.09,97.97,101.76,123.05,201.2,278.87,344.18
360.72,313.69,267.4,209.1,120.43,89.95,93.75,114.15,202.32,277.06,343.63,369.5
280.45,242.27,196.92,115.52,96.33,104.48,123.05,210.6,269.57,339.01,364.69,365.22
309.26,239.2,135.9,100.89,98.33,113.8,207.81,272.95,359.52,383.48,380.0,311.84
184.06,99.93,83.34,93.68,119.55,216.85,277.38,361.48,367.54,365.51,300.23,292.55
119.93,95.45,99.4,120.34,215.23,275.45,361.79,369.43,371.89,306.34,297.16,256.38
68.15,83.31,112.82,213.93,277.2,364.13,369.15,370.88,297.2,288.1,249.72,217.34
82.37,113.3,214.2,277.92,363.44,367.75,368.58,291.23,287.27,248.61,216.51,207.75
91.89,200.63,271.64,362.29,370.34,372.14,292.77,287.36,241.7,210.11,202.8,253.96
163.87,251.09,352.45,369.19,373.53,294.38,284.75,235.21,197.5,189.51,243.98,249.25
269.84,364.23,374.8,374.88,292.73,282.21,234.23,196.39,195.25,249.33,253.3,266.05
344.5,361.98,368.88,291.24,284.61,237.75,198.07,196.05,243.77,248.31,262.01,289.13
366.07,370.39,291.74,284.18,237.99,198.75,197.57,246.83,250.1,264.01,290.5,307.46
418.34,319.6,297.45,239.67,196.27,194.67,249.56,259.23,280.33,306.52,319.48,343.41
391.42,340.13,260.38,200.45,190.85,243.75,260.78,289.58,329.98,341.84,360.42,305.83
342.29,267.08,203.44,194.42,239.4,252.81,280.55,320.67,339.11,353.89,302.12,321.26
254.99,196.17,190.78,238.44,253.18,281.2,320.15,337.82,350.07,298.59,318.55,216.71
194.87,189.65,237.81,252.66,281.67,321.17,338.83,350.87,298.43,318.55,216.65,206.68
186.26,238.98,253.38,283.35,318.62,334.17,344.64,289.38,315.71,212.54,204.2,106.84
281.07,283.43,298.19,323.71,328.1,334.36,282.39,314.36,222.84,211.7,114.17,100.87
311.86,314.25,331.52,329.23,333.51,281.25,316.03,227.31,221.81,124.43,108.48,81.59
298.94,318.86,323.44,331.0,285.63,322.73,233.13,229.03,121.35,107.63,80.57,96.94
322.44,326.69,332.54,286.56,321.78,231.53,227.13,117.78,108.21,80.48,97.03,203.53
336.87,341.15,290.97,324.08,229.14,222.66,113.54,104.43,81.82,97.22,204.4,252.2
297.86,263.04,310.43,225.36,226.74,120.26,107.21,80.35,84.68,193.44,243.21,335.71
285.14,322.01,231.12,227.12,120.19,107.48,83.02,87.48,201.42,252.5,342.28,394.68
291.59,215.25,219.39,119.86,107.55,82.65,83.82,195.96,241.34,329.58,385.41,449.4
269.86,246.81,133.12,107.42,83.51,86.7,205.86,257.09,350.62,408.65,465.62,405.58
263.7,147.43,114.2,87.08,82.42,198.32,250.56,347.06,411.55,465.19,406.27,356.03
82.6,70.98,65.97,76.25,205.78,262.61,353.58,413.36,447.02,390.62,342.96,277.03
55.17,58.84,72.71,205.54,261.19,351.38,409.41,442.07,383.91,335.65,272.19,244.86
52.16,68.28,203.53,260.5,352.32,411.11,443.25,383.83,333.96,270.7,243.53,260.69
55.7,196.14,257.21,352.34,412.32,444.57,383.58,331.11,266.19,238.85,257.06,262.36
182.93,251.75,349.99,413.25,443.85,381.56,326.99,260.28,233.04,250.17,257.64,252.52
293.61,374.95,425.34,446.56,379.66,323.85,260.98,236.02,263.7,270.51,262.16,290.92
328.5,397.24,432.85,377.1,327.24,265.8,236.25,261.01,255.8,247.23,279.4,317.49
386.84,426.87,374.03,326.32,265.8,236.53,260.41,255.05,243.91,276.02,314.96,293.56
426.51,374.59,326.29,265.89,235.43,258.99,253.52,241.43,275.71,314.14,293.01,320.99
390.61,329.58,267.67,232.54,262.97,260.93,252.13,290.17,323.33,305.89,329.47,265.74
337.0,268.1,232.62,261.06,263.73,257.26,297.41,334.0,310.68,336.04,270.04,294.85
256.89,223.82,256.62,261.97,259.53,301.34,337.22,312.36,333.93,268.79,293.19,245.57
296.57,303.4,284.85,265.45,294.81,326.74,308.53,337.35,290.2,312.16,260.91,179.51
319.12,300.1,272.83,299.41,321.23,298.48,326.96,279.54,313.86,259.03,179.49,109.54
298.41,275.23,300.43,322.97,295.73,321.94,273.5,308.31,256.15,174.86,107.14,80.6
311.4,321.78,333.46,297.01,320.08,271.23,310.04,263.65,186.92,119.28,90.07,96.79
332.91,342.25,301.54,322.28,268.99,305.76,259.47,182.72,121.62,91.5,98.6,96.39
369.01,319.55,331.09,271.98,302.89,254.61,179.8,119.52,98.74,104.55,101.42,217.0
302.32,316.47,265.35,299.9,259.69,187.81,126.61,106.32,101.31,100.94,215.77,225.94
310.54,263.95,298.96,260.4,186.25,123.93,102.29,94.71,97.78,211.65,223.17,305.2
253.58,290.03,256.2,184.21,126.84,107.26,99.04,99.86,210.04,223.36,304.49,365.33
253.2,237.77,175.43,126.83,106.67,97.3,93.82,201.75,209.08,288.44,354.0,387.94
183.91,136.76,107.81,99.46,104.95,107.26,211.46,213.54,275.38,345.12,379.3,371.83
126.54,93.29,92.74,99.49,114.86,224.73,227.98,290.89,346.92,386.24,375.18,344.94
124.58,112.86,109.24,117.6,222.1,223.78,289.69,348.91,395.42,382.65,350.87,370.83
130.58,122.86,124.15,224.94,220.42,283.88,344.54,394.26,386.34,352.11,372.54,336.57
94.54,107.06,216.48,218.79,285.91,347.61,394.66,384.78,343.18,363.15,329.23,331.58
90.0,208.05,214.83,286.34,347.54,393.88,381.41,335.13,356.41,321.61,325.92,328.79
169.86,197.08,277.79,348.34,392.1,377.43,326.11,342.91,306.02,307.89,316.2,319.0
157.33,247.03,333.33,385.73,385.42,339.81,354.34,314.08,299.45,311.79,313.78,329.59
222.77,318.2,378.43,383.64,341.73,357.32,314.76,297.49,304.46,307.06,324.19,296.06
267.06,342.91,366.57,336.05,364.56,326.54,305.25,308.72,293.79,314.05,287.13,272.22
312.67,342.72,324.38,359.42,332.69,315.84,317.62,300.11,308.01,284.64,268.88,246.89
378.08,341.26,367.58,331.93,317.25,320.99,308.52,322.58,298.84,284.86,258.18,224.59
407.46,407.13,351.04,321.01,317.24,302.88,323.7,307.67,306.42,278.6,240.27,179.52
390.18,343.68,317.26,317.98,301.49,320.64,302.14,300.18,271.48,231.54,173.78,143.55
343.89,314.84,316.7,299.74,322.54,305.82,304.51,276.32,233.26,177.08,145.58,161.54
320.13,319.22,301.09,322.48,306.1,305.1,277.49,234.76,179.23,148.22,163.44,147.32
294.65,285.12,314.83,304.08,307.54,281.24,235.96,177.24,141.2,157.73,142.66,97.45
311.5,330.38,311.77,308.88,279.93,233.96,177.63,143.14,166.3,151.79,104.48,90.85
334.02,314.65,310.47,280.47,233.34,176.34,141.97,167.21,152.61,105.17,91.83,76.17
365.62,339.39,294.49,235.04,174.56,139.9,170.75,162.4,122.76,109.92,89.81,110.92
346.13,298.72,237.23,175.39,139.62,170.03,162.2,124.25,112.0,91.45,112.37,145.33
294.43,235.11,174.48,139.8,170.08,161.98,123.22,110.46,89.6,110.54,144.12,165.54
182.85,138.59,122.46,164.4,168.66,134.18,117.03,91.29,96.38,133.65,156.53,219.87
106.2,100.09,153.68,165.03,138.53,124.32,95.89,96.78,124.89,150.29,214.34,310.96
119.3,167.79,171.99,141.16,121.27,91.01,93.39,122.03,154.73,217.03,313.38,400.15
169.7,175.04,142.89,122.75,89.6,90.63,119.02,151.77,216.57,311.7,399.1,366.66
162.01,132.98,117.81,87.93,93.24,123.2,155.05,218.27,308.81,397.04,364.37,367.48
115.73,104.68,81.55,90.64,126.72,160.95,223.34,314.04,393.13,361.72,364.72,353.55
93.1,75.92,87.7,126.4,160.4,222.55,312.35,392.6,357.19,359.04,349.57,320.66
47.23,70.17,117.66,158.39,224.29,315.34,392.94,353.84,350.17,340.78,313.65,326.94
72.16,121.52,160.52,226.12,313.29,389.1,349.57,345.07,339.56,311.09,325.58,303.89
129.56,166.06,228.89,314.41,388.46,348.29,344.48,339.58,313.11,326.78,304.89,331.68
148.82,216.0,308.08,386.37,351.64,349.77,343.6,314.98,322.85,302.04,328.66,304.42
237.92,323.95,394.01,354.59,346.78,338.47,311.49,321.26,307.44,331.59,307.15,301.99
319.12,396.11,355.51,349.47,334.69,304.51,312.35,296.88,327.22,299.66,297.31,213.63
427.39,377.76,359.99,337.97,299.34,304.08,291.15,325.03,307.76,303.29,219.24,172.32
360.5,342.73,329.49,294.16,310.54,302.54,336.59,320.99,302.25,221.87,172.89,159.16
428.92,384.55,320.87,317.1,294.46,324.01,316.5,306.54,247.56,196.04,177.92,141.1
377.27,314.44,314.0,293.2,326.3,320.09,309.76,251.47,195.16,177.82,140.66,129.42
335.34,325.23,298.77,327.06,320.14,309.78,253.36,197.49,185.2,148.97,135.51,106.32
267.12,264.1,310.25,316.97,313.24,258.26,196.27,178.82,130.09,117.27,92.54,101.38
251.31,300.04,312.18,310.65,260.93,201.02,182.51,131.38,114.88,92.67,100.88,74.54
306.22,318.16,313.64,262.37,198.59,178.47,127.34,110.92,93.35,100.8,75.17,99.73
334.08,319.74,265.75,197.58,180.61,131.2,117.1,102.87,108.14,84.65,106.37,112.57
382.57,303.51,215.9,184.27,127.29,111.2,103.37,116.08,104.75,125.86,127.73,149.25
277.98,193.59,173.62,122.2,118.97,116.2,127.91,117.02,121.97,127.58,147.61,213.63
211.34,186.6,128.39,121.45,113.22,122.92,113.06,117.99,131.56,150.15,216.06,273.21
220.57,155.88,134.81,119.2,115.31,100.25,107.06,122.54,156.57,218.12,276.39,366.85
177.86,152.69,127.82,119.45,95.02,98.07,114.5,148.59,222.26,277.59,368.67,365.0
162.07,137.23,123.96,97.8,94.63,108.56,142.93,217.01,278.12,366.69,364.28,434.6
127.96,119.51,95.7,94.88,108.28,142.19,215.1,275.14,363.14,359.9,431.27,379.82
104.32,86.36,90.23,107.29,143.53,217.25,276.1,363.37,355.07,426.12,375.71,375.84
64.36,75.92,100.32,141.6,219.35,279.55,364.83,353.87,419.93,370.14,371.06,286.92
77.91,104.77,143.82,221.3,277.11,360.35,349.08,416.52,368.41,367.32,285.06,270.51
101.61,143.9,221.19,277.84,358.75,346.48,413.17,363.85,365.34,281.8,268.34,268.05
179.13,243.58,288.98,361.72,343.88,408.75,362.9,368.95,292.08,277.41,275.5,294.94
280.57,316.35,374.86,349.48,402.8,352.7,361.09,285.42,286.3,280.08,299.32,357.64
405.84,434.88,378.72,412.1,342.74,344.22,275.9,284.42,304.71,319.11,374.25,319.03
459.05,399.84,421.92,348.07,337.56,264.25,273.61,296.22,323.03,373.18,319.73,328.51
372.19,405.32,339.72,335.87,265.64,275.64,295.31,319.2,364.35,310.99,321.81,287.04
384.59,331.72,331.74,266.17,272.7,290.58,311.82,355.78,301.85,310.59,279.63,274.92
302.74,306.68,254.16,266.42,298.19,325.18,367.93,311.39,306.34,280.41,273.62,202.45
290.48,241.32,260.36,295.48,328.56,373.57,316.06,309.77,277.05,272.77,201.22,147.47
268.34,269.39,300.19,326.02,378.18,324.46,322.54,294.73,285.9,218.33,159.03,115.72
250.26,287.62,320.03,376.72,326.87,325.92,296.19,287.09,212.78,154.17,111.99,85.88
287.61,320.23,376.83,326.83,325.87,296.2,286.84,212.0,154.23,112.05,86.0,119.59
343.58,393.62,335.31,329.09,292.91,280.98,207.52,151.5,117.67,90.11,123.57,146.62
317.37,288.32,306.31,287.91,286.53,215.86,152.15,111.19,66.36,101.55,129.57,190.27
282.36,294.21,282.16,280.93,222.83,164.81,125.22,79.89,104.8,138.6,195.18,273.6
319.67,297.9,288.78,224.74,163.33,122.89,80.14,107.78,146.46,202.39,279.2,391.25
347.82,320.62,240.13,167.54,118.46,73.08,105.33,148.04,217.37,292.07,401.26,415.39
301.13,227.29,161.23,116.91,75.29,108.68,149.91,219.23,286.5,395.92,410.99,397.54
333.51,231.14,150.52,84.72,97.13,131.59,210.18,285.39,426.42,436.62,418.38,381.51
220.57,147.54,83.15,98.54,129.68,206.33,280.13,423.52,431.04,410.08,376.19,330.28
107.65,59.82,86.93,127.2,207.68,282.47,421.95,426.02,397.09,363.17,320.46,274.35
47.18,81.1,124.41,207.92,281.78,420.74,423.15,391.25,357.84,314.44,270.1,279.34
81.21,125.91,209.19,282.89,420.21,421.71,389.19,354.7,313.57,268.82,278.63,226.27
102.42,192.76,275.05,417.99,425.39,394.68,358.1,314.34,262.42,273.78,222.05,227.17
169.1,261.05,411.26,424.4,396.54,360.64,314.25,259.25,266.05,214.12,220.98,274.68
264.19,414.74,426.27,397.69,359.57,312.12,257.0,264.76,214.12,219.87,274.18,254.08
407.79,424.22,396.61,360.27,310.72,254.43,260.85,208.58,216.69,269.89,251.26,295.34
404.94,381.24,352.66,307.54,258.47,267.68,214.4,221.29,266.01,249.47,293.07,326.9
374.17,343.06,302.88,254.59,272.54,223.25,231.32,279.16,250.47,296.85,328.63,375.26
416.36,347.29,275.96,276.7,217.88,223.47,278.62,255.83,320.54,351.5,392.73,336.75
308.9,250.35,264.19,214.84,228.43,286.18,260.16,322.33,340.62,382.68,328.44,387.59
254.45,267.71,216.46,229.08,284.82,258.13,320.49,338.38,383.4,328.52,387.65,288.94
243.37,202.16,222.13,283.27,259.26,322.15,337.77,382.33,320.58,379.91,283.28,197.7
190.62,212.08,278.25,256.66,325.09,343.0,386.58,320.87,378.6,284.07,197.3,126.03
259.07,310.63,272.82,330.13,337.23,376.79,315.18,380.44,296.1,206.9,134.97,97.71
283.71,256.42,322.13,335.38,378.54,317.88,380.46,295.43,198.85,127.07,91.75,68.06
249.63,310.25,329.78,373.91,324.8,392.3,308.0,210.47,129.52,99.14,71.99,97.7
299.64,323.77,371.48,324.83,393.51,309.3,210.24,128.07,95.41,68.37,95.1,187.72
389.53,416.03,346.48,400.5,301.38,197.0,119.87,91.17,86.04,109.45,199.91,253.69
411.92,345.64,399.85,301.97,195.85,117.87,88.52,83.72,107.33,196.51,251.43,338.91
376.01,416.34,310.13,196.73,117.62,88.44,86.91,113.24,207.37,262.98,347.25,364.6
411.02,315.04,198.84,121.93,81.94,75.49,99.51,191.87,256.35,335.81,357.67,424.65
295.04,178.1,111.85,75.45,83.39,113.64,206.4,271.46,335.02,361.94,425.71,352.2
192.36,117.48,78.03,82.37,115.07,209.46,277.02,343.3,368.23,433.15,357.2,334.42
120.67,83.03,84.84,117.01,206.73,272.16,337.93,362.43,432.38,354.7,333.17,246.67
79.61,84.46,116.92,207.38,271.19,336.03,360.06,431.57,352.27,329.87,244.86,225.09
58.7,100.84,199.6,269.42,338.24,363.59,432.53,349.66,322.17,237.53,219.17,239.96
88.97,193.52,266.85,338.64,364.14,432.66,348.13,319.0,232.71,213.89,236.19,220.19
164.96,250.7,330.98,363.34,434.06,349.73,317.08,226.35,204.14,226.18,212.58,247.01
286.65,355.08,375.14,437.76,345.66,310.08,222.04,201.61,235.97,220.97,254.06,266.98
339.01,365.78,433.09,344.9,311.23,223.74,201.96,237.07,215.7,247.92,262.38,379.1
344.95,417.7,337.39,308.3,227.06,207.69,241.41,218.36,243.2,259.34,375.92,367.7
480.44,380.13,328.82,233.39,199.61,228.55,210.91,240.55,276.54,389.4,379.11,430.24
360.7,310.01,224.29,194.87,235.71,222.87,252.16,287.86,387.68,380.89,429.73,372.82
308.35,223.78,194.29,235.45,222.18,251.25,287.14,388.7,379.9,428.42,372.12,327.52
213.61,185.68,231.01,219.72,253.56,291.64,392.97,383.49,427.14,372.03,326.68,286.61
208.94,248.87,228.58,257.18,287.28,385.48,377.38,422.74,377.03,329.35,289.66,204.04
249.32,231.45,258.61,288.75,383.28,373.5,418.29,372.63,328.12,286.96,202.65,138.81
263.27,275.88,297.35,384.32,373.41,418.17,375.87,334.96,298.14,214.74,147.86,78.71
291.74,308.76,389.88,375.47,416.09,372.13,332.22,297.85,218.69,150.36,81.27,92.4
309.79,389.91,375.8,415.99,372.91,333.11,298.6,220.17,150.99,82.57,93.53,101.2
372.27,370.67,413.35,375.14,329.76,292.32,210.53,137.46,73.5,81.59,93.39,213.29
359.38,401.65,369.81,326.37,297.23,218.93,145.64,80.58,80.96,96.12,214.13,257.54
388.47,360.75,322.1,295.85,220.61,148.24,81.96,81.05,92.54,211.85,255.59,302.52
364.15,320.2,294.79,218.58,151.15,87.34,87.57,98.28,215.5,261.38,305.79,394.46
307.22,284.36,213.63,148.85,90.4,92.77,103.24,222.41,258.74,304.44,392.84,387.11
297.91,221.23,152.32,90.48,92.04,102.74,223.67,261.73,309.49,397.78,390.57,366.06
218.78,149.57,89.07,91.33,103.76,225.38,263.44,310.58,397.8,391.16,366.12,311.31
155.43,92.92,93.28,104.13,225.02,262.91,310.95,401.15,392.66,367.13,312.34,288.47
55.38,68.95,92.24,221.68,266.41,316.64,403.6,392.51,356.17,302.69,280.7,237.62
78.24,100.17,225.57,268.24,314.4,399.85,389.12,351.94,304.2,280.89,238.25,270.65
73.97,209.84,261.03,313.55,402.23,392.15,351.99,300.96,272.29,229.67,263.95,266.84
198.34,258.64,312.51,404.37,389.46,346.65,293.13,261.68,223.02,255.11,261.1,267.22
254.48,307.06,401.61,387.57,349.4,297.92,266.64,227.19,255.74,263.13,267.88,301.34
286.86,387.65,381.0,347.38,301.17,271.63,230.58,258.82,257.7,263.36,297.49,318.8
410.41,399.93,356.23,305.11,265.45,220.52,249.98,250.07,267.71,298.51,320.74,336.33
408.91,357.05,305.48,263.35,223.73,255.87,258.23,278.81,304.32,328.59,341.29,353.99
405.67,334.84,277.42,226.56,252.63,253.48,279.09,309.76,344.23,355.93,365.17,329.47
363.54,294.77,234.9,254.43,251.75,276.34,310.07,348.92,365.04,373.51,336.02,307.65
238.42,200.36,237.41,248.14,280.15,315.85,349.08,359.72,355.99,319.09,294.44,250.27
232.8,258.24,258.27,282.4,312.72,344.48,358.15,356.51,328.65,303.31,257.36,218.2
284.36,279.07,292.69,317.26,338.87,348.38,347.97,321.98,308.75,259.79,221.36,131.5
262.35,281.48,311.85,337.41,350.51,351.09,323.44,309.14,255.07,217.5,128.47,95.19
323.78,337.86,350.19,353.04,348.09,318.9,308.7,259.56,230.77,141.4,105.47,90.89
317.74,336.25,346.57,346.21,322.22,313.59,262.65,234.07,136.04,101.23,87.51,113.11
274.16,305.58,326.26,316.6,320.24,273.4,238.98,133.37,83.61,72.9,100.94,175.54
329.05,339.5,323.43,321.07,272.92,238.45,135.33,87.62,80.68,109.79,182.25,245.14
343.04,326.48,322.57,273.88,237.68,133.81,85.99,78.42,110.39,182.18,245.19,323.38
296.66,299.96,262.93,233.25,139.28,95.15,85.68,115.46,175.47,241.66,319.51,364.42
289.3,254.76,229.3,137.54,97.32,89.57,119.0,179.14,239.4,318.08,362.81,431.37
271.04,239.05,142.17,98.31,88.55,117.68,179.52,240.41,323.46,367.55,434.64,414.93
294.94,177.44,115.37,92.53,112.75,171.89,238.43,328.4,384.54,449.9,427.04,341.95
130.94,84.07,77.17,108.39,177.6,247.45,333.63,387.46,436.99,415.68,332.52,307.83
60.54,66.42,102.96,177.71,245.79,330.77,381.66,428.36,405.91,321.24,300.0,279.83
89.31,116.95,184.79,246.94,329.39,379.84,429.15,409.97,328.55,307.07,285.36,269.18
101.06,177.14,243.36,330.4,379.78,428.07,406.27,320.1,300.73,277.65,263.49,269.46
179.94,248.64,333.12,382.35,425.45,401.19,314.3,294.24,276.0,259.76,267.41,256.41
198.41,298.58,365.83,420.14,408.28,325.51,301.27,280.41,246.35,256.93,247.43,226.39
256.22,339.96,407.26,405.43,328.13,305.42,280.03,239.09,243.82,235.07,216.61,277.13
302.06,380.65,392.76,323.56,311.03,289.49,246.02,249.37,225.3,209.31,270.66,312.92
392.43,399.01,326.61,311.03,289.19,245.96,250.85,228.52,213.79,275.5,316.38,284.53
526.02,403.94,348.28,296.93,237.03,237.48,227.79,224.24,315.92,354.9,314.22,299.45
425.47,356.26,300.96,236.1,241.04,233.48,233.53,332.85,364.75,325.41,307.2,296.16
439.71,360.99,264.58,251.27,220.03,211.58,317.21,355.96,346.17,320.7,308.81,311.33
401.96,295.33,265.99,225.84,204.0,304.61,346.16,340.18,330.37,314.08,316.79,240.69
258.76,245.18,215.82,202.87,306.09,347.71,337.17,322.28,301.62,304.16,231.31,148.22
268.93,237.83,213.46,311.48,339.39,323.2,308.61,287.0,306.85,230.58,149.66,118.59
293.03,247.41,328.28,342.7,319.5,302.99,287.05,315.15,247.87,166.29,131.92,102.37
294.22,356.47,356.47,322.55,300.46,283.05,315.56,252.84,181.45,146.15,113.34,118.16
384.92,379.6,334.19,306.21,277.04,304.52,242.73,173.29,151.46,115.16,121.21,122.09
374.47,331.9,305.22,277.69,304.78,242.47,171.84,149.47,112.78,118.29,120.15,179.98
274.79,266.1,258.7,298.57,249.71,183.72,156.45,114.45,102.79,108.48,169.94,235.66
292.74,277.18,307.6,252.23,179.92,150.59,110.79,100.75,115.41,175.88,240.88,359.68
218.77,273.37,235.75,177.44,153.7,115.15,98.92,106.75,156.48,221.31,344.66,488.36
251.9,221.08,170.52,151.23,117.54,103.13,109.39,156.48,215.54,340.81,484.74,487.12
189.35,140.03,136.55,109.48,114.76,129.31,176.1,233.8,337.73,487.86,486.49,540.37
141.78,136.43,109.3,114.53,130.41,177.89,235.99,339.05,489.09,487.6,540.5,492.39
134.68,111.17,115.25,131.48,175.59,232.19,335.28,489.27,485.17,535.72,489.56,416.13
108.84,116.01,131.49,176.35,230.18,332.15,485.51,480.25,534.04,486.17,413.86,364.12
72.92,108.01,164.93,229.12,332.86,485.99,476.08,526.1,470.64,397.14,351.97,343.57
113.67,165.59,229.75,331.52,488.25,480.27,531.82,478.12,400.65,356.91,346.67,335.15
146.22,217.87,325.72,487.67,481.95,533.86,477.91,396.55,350.69,340.33,330.05,309.91
205.83,317.48,483.77,481.01,536.17,481.29,398.69,350.59,337.06,327.08,307.15,318.72
298.48,474.71,476.78,536.62,480.85,397.05,346.21,330.82,319.46,298.37,312.58,261.76
400.7,433.76,515.34,477.02,399.96,350.51,327.28,307.99,274.15,288.15,243.28,275.07
428.58,502.27,470.74,393.4,358.47,341.95,324.73,292.31,292.95,254.06,280.91,227.38
529.13,485.07,400.56,358.84,341.84,324.95,295.94,302.13,263.96,291.61,235.48,202.22
501.82,404.76,360.57,339.39,328.15,302.05,311.19,275.4,300.92,247.77,210.29,162.52
386.56,339.9,329.53,321.47,311.43,327.27,292.32,321.41,247.73,215.77,164.85,171.35
370.06,349.76,331.15,314.23,323.52,286.44,317.77,245.17,224.47,172.1,177.31,150.49
364.83,343.43,320.28,326.45,283.07,311.75,239.63,219.2,174.84,178.31,152.15,138.85
350.34,325.34,329.05,283.94,310.57,237.55,217.27,173.15,180.12,153.81,140.42,91.43
389.81,371.1,304.44,316.11,230.97,206.59,168.03,181.25,172.29,156.87,105.15,105.04
395.07,320.35,323.86,233.14,203.97,163.74,178.95,173.59,163.96,111.08,110.11,119.54
300.65,307.18,225.31,200.33,169.23,187.95,181.62,172.31,107.54,109.52,118.22,148.59
304.59,227.5,201.38,171.21,184.94,176.4,165.64,98.23,106.43,113.45,145.75,205.9
213.86,188.67,165.41,181.77,181.24,173.6,105.66,113.32,111.53,147.04,205.94,232.7
155.87,144.96,171.86,178.86,176.19,109.73,114.13,108.34,136.87,196.86,225.53,325.86
155.97,179.86,182.88,177.64,108.01,111.36,106.42,135.0,199.37,227.35,327.46,406.37
183.16,186.86,179.7,109.55,109.98,103.95,132.64,197.67,227.19,325.54,405.14,465.39
167.75,165.8,102.86,107.81,107.12,137.72,201.28,228.36,320.97,401.82,461.95,428.51
149.95,93.3,103.03,106.29,138.89,203.0,228.72,320.26,396.57,456.37,424.11,445.3
79.05,93.4,101.47,137.23,204.73,231.79,322.5,398.7,452.45,420.34,441.99,417.09
72.74,91.42,132.21,204.5,230.89,320.9,394.96,447.83,412.27,432.55,410.46,388.79
67.58,117.94,197.49,229.62,322.33,397.25,447.76,408.19,425.02,402.71,382.57,402.39
112.13,194.87,228.63,322.91,397.43,447.52,407.2,423.21,400.03,379.21,399.91,365.58
180.46,218.31,317.87,395.74,449.98,411.12,426.12,401.94,375.75,397.11,362.88,315.37
201.73,304.9,389.32,447.58,414.85,432.08,406.72,378.31,393.66,360.79,312.89,283.28
328.63,409.97,457.5,419.71,425.65,395.75,368.36,385.98,364.58,312.43,284.44,259.55
481.6,505.65,442.97,432.43,387.04,354.32,378.12,364.28,332.58,300.73,273.39,203.86
518.74,451.08,436.09,388.0,353.13,376.15,363.59,334.23,305.08,276.91,206.79,187.57
461.78,437.71,388.82,351.01,379.49,369.61,342.46,316.35,283.32,215.68,193.43,168.09
383.24,353.01,333.65,374.51,375.33,351.59,320.6,283.74,200.12,180.42,157.6,135.51
305.03,298.76,357.52,368.79,359.03,333.33,292.65,202.53,168.97,150.84,128.78,122.77
210.07,296.67,339.7,349.59,345.03,311.69,214.17,172.96,126.89,110.83,107.35,100.41
271.36,322.06,341.31,341.73,314.93,219.77,176.32,127.06,104.39,103.76,97.13,64.7
273.7,301.71,322.81,305.98,231.22,195.73,144.0,119.14,94.89,95.33,61.01,61.69
313.38,321.34,305.62,227.0,202.24,155.63,133.91,113.3,104.42,75.03,70.58,97.52
291.2,282.53,215.94,197.88,161.74,143.9,121.45,112.68,68.31,66.76,93.64,133.17
259.92,197.48,188.92,157.46,149.14,130.53,120.55,74.59,62.55,92.69,131.31,192.87
213.32,196.34,161.13,148.91,131.3,122.21,78.28,67.26,98.84,138.69,198.03,290.67
237.56,191.37,163.64,136.97,115.5,67.03,58.95,93.31,148.4,204.08,296.52,396.3
241.83,198.57,153.72,121.21,60.12,47.65,86.22,145.3,217.41,306.16,404.54,431.66
184.8,145.83,117.34,59.89,48.54,87.29,144.99,216.06,301.57,399.09,427.32,430.57
131.91,111.37,56.79,49.16,86.02,142.56,211.56,294.05,393.22,419.95,425.18,346.36
63.59,27.1,34.66,82.36,146.21,217.47,295.77,392.11,405.22,411.27,335.49,283.55
21.12,30.67,80.26,145.08,217.62,296.56,392.64,405.25,409.8,334.39,282.55,182.93
48.95,93.05,151.46,219.58,294.24,388.81,403.17,410.92,339.02,285.94,186.2,169.7
111.22,164.3,226.03,296.69,386.46,398.91,407.85,337.27,290.68,189.57,172.77,142.32
218.93,260.84,313.74,391.32,394.78,400.78,335.16,293.84,205.55,186.61,153.52,209.93
246.94,306.32,387.74,395.2,401.55,335.53,292.16,201.74,181.63,147.34,205.21,222.14
323.68,403.59,402.8,405.83,330.35,282.93,192.64,172.16,149.33,203.95,222.43,248.38
462.43,447.98,427.45,339.07,271.04,172.92,155.92,135.81,217.12,229.48,255.96,292.9
475.27,445.51,347.78,273.5,169.82,150.85,133.35,219.38,237.25,262.24,298.32,291.77
346.76,281.64,241.09,159.85,161.75,151.53,229.53,240.39,235.14,275.76,272.83,277.78
242.85,206.89,143.45,152.91,162.35,248.51,258.04,249.64,270.11,274.55,276.45,212.04
204.0,137.55,150.19,159.75,252.19,264.57,256.85,277.29,276.27,280.73,214.29,177.53
159.85,160.02,164.69,251.44,266.18,259.88,283.36,285.81,290.01,225.57,185.48,90.35
178.23,179.83,258.7,269.49,255.48,275.8,279.28,286.86,228.78,185.93,92.0,86.94
185.36,262.7,271.66,256.29,275.26,278.16,285.8,228.09,187.43,93.12,88.03,84.92
259.84,272.59,256.99,276.88,276.47,282.35,223.46,182.11,90.44,84.19,82.8,122.99
252.82,241.44,269.43,273.58,286.86,230.87,188.09,93.78,80.02,80.8,120.49,202.86
240.83,268.82,273.39,286.82,231.27,188.54,94.05,79.93,80.43,120.52,202.83,231.51
296.79,292.65,296.16,234.04,184.84,88.09,76.17,78.67,128.13,209.07,236.85,306.91
315.21,312.32,241.79,187.88,84.61,70.26,74.36,124.86,214.73,240.54,310.26,382.43
375.22,284.28,208.33,90.85,62.72,62.41,118.72,215.7,257.92,323.49,393.54,429.12
305.91,219.46,96.17,63.09,62.57,119.26,219.02,265.08,331.81,401.92,434.95,322.84
177.0,70.54,50.35,60.11,121.78,222.63,264.26,326.29,388.35,421.68,312.63,267.6
32.91,26.15,48.31,118.24,225.98,269.95,328.78,387.95,410.44,302.95,259.89,233.54
34.52,57.15,122.6,228.1,266.25,322.87,382.49,406.76,303.25,258.15,233.28,216.65
63.03,127.34,230.48,267.47,321.57,380.29,404.65,299.39,259.56,233.86,217.14,189.13
111.44,220.11,263.07,321.07,382.96,407.91,300.77,259.23,228.86,212.91,185.8,170.57
181.79,239.53,309.72,380.76,411.09,305.21,259.55,225.11,200.84,174.39,161.67,181.82
262.12,320.14,385.73,410.4,306.58,262.43,231.05,209.53,183.6,172.3,189.19,234.72
288.44,367.84,401.67,305.52,263.66,232.55,207.59,179.38,161.58,177.47,225.96,274.28
394.69,423.72,316.14,268.39,225.76,196.29,169.31,152.02,182.46,227.69,276.97,301.86
425.31,314.96,267.74,224.43,197.56,171.84,155.49,187.56,229.71,280.24,303.92,331.34
352.59,281.34,230.98,194.62,176.99,165.34,203.59,251.48,297.93,325.8,345.9,366.55
261.87,219.28,188.74,176.09,166.55,205.32,251.49,297.26,319.56,338.99,361.15,335.61
215.36,187.91,175.6,167.03,204.24,249.67,294.62,315.74,336.94,358.25,333.6,238.66
156.32,157.33,158.06,202.66,250.73,296.04,313.61,330.71,347.78,323.35,230.96,147.68
190.66,179.5,213.2,253.04,292.82,308.66,328.91,349.8,333.23,240.22,155.36,98.65
193.93,222.46,257.58,293.95,307.4,326.87,349.31,336.52,244.5,158.82,101.73,74.28
218.71,253.74,292.35,306.43,328.74,352.22,339.18,247.46,158.7,102.67,74.77,57.98
246.55,286.62,303.93,328.0,354.25,342.01,249.34,158.95,101.06,74.34,57.43,89.73
283.88,302.03,327.3,354.33,343.0,250.52,159.5,100.43,73.37,56.78,89.21,187.0
361.56,367.49,373.71,348.86,243.21,147.66,93.52,71.24,73.09,102.47,198.19,245.17
323.88,346.83,335.84,240.48,151.14,98.65,72.1,70.8,88.97,185.17,235.05,320.77
349.69,340.44,242.56,152.76,95.58,67.1,65.16,80.43,184.48,233.23,319.79,349.06
338.75,237.49,150.45,93.04,70.64,71.56,88.14,194.9,235.17,323.87,351.27,395.49
229.48,138.96,87.26,66.28,77.09,98.13,205.8,246.28,325.7,356.45,397.59,320.83
200.69,126.32,85.1,81.6,92.78,197.55,244.2,330.63,374.87,413.99,333.96,293.66
107.94,77.05,77.72,93.55,196.4,241.56,325.39,368.92,406.41,324.45,287.15,206.24
97.04,93.85,101.22,199.66,236.87,317.64,362.38,401.3,328.11,288.38,208.33,208.68
59.07,79.52,189.28,234.53,320.69,367.12,402.77,326.54,277.86,198.32,200.73,204.27
67.89,183.18,231.92,321.04,367.76,403.05,324.99,273.55,193.66,195.88,200.73,181.92
166.25,225.28,317.87,368.92,401.33,321.43,267.04,182.85,188.3,191.71,175.7,207.08
243.06,326.63,373.48,401.49,322.47,268.64,186.53,194.47,198.4,183.45,212.69,242.3
293.41,354.86,392.17,321.33,269.64,187.86,192.28,193.49,172.12,200.11,232.84,330.92
388.45,411.5,330.83,270.89,186.36,190.43,195.34,177.5,211.63,244.65,339.67,308.53
415.34,333.53,272.01,187.02,189.91,194.36,176.87,211.74,245.76,339.9,308.76,340.81
354.91,280.94,191.21,188.81,196.0,180.27,218.26,254.85,349.22,319.97,348.4,315.22
264.23,179.83,183.09,193.91,182.18,221.61,257.5,354.23,315.35,344.29,312.03,296.62
233.72,217.36,210.28,186.09,216.56,250.05,351.71,315.45,360.81,326.66,307.96,288.94
224.59,220.36,191.21,220.66,245.21,342.7,305.77,351.92,325.3,303.2,286.81,192.66
242.39,205.81,227.76,247.26,340.46,302.09,349.99,325.09,309.55,292.12,197.05,154.47
203.75,226.63,246.68,340.56,302.11,349.67,324.29,308.61,291.26,196.23,154.01,83.02
220.04,242.9,338.93,301.6,350.4,325.36,309.01,292.88,194.09,151.93,81.72,92.15
234.52,335.31,299.94,350.88,324.62,307.4,289.61,188.17,148.37,77.84,89.57,96.76
317.94,291.76,347.14,324.96,306.94,288.3,184.49,142.95,70.76,81.83,91.56,176.85
283.49,333.98,318.8,301.92,295.57,197.11,156.4,83.95,84.23,98.91,180.44,213.41
318.35,308.3,296.99,294.26,199.28,159.61,85.7,84.56,94.38,176.95,210.57,304.77
287.28,281.54,286.62,196.48,163.06,91.63,88.94,96.04,172.1,207.29,301.29,357.91
311.24,304.4,205.21,164.63,90.07,86.79,97.24,177.39,216.72,310.33,364.8,398.44
376.69,254.86,188.39,97.62,76.84,81.25,167.34,212.31,330.15,379.93,411.26,360.75
211.97,157.28,82.5,71.63,88.54,179.09,221.29,338.72,369.22,403.18,353.48,340.83
156.44,84.57,72.33,89.36,176.42,217.27,334.26,364.11,401.54,350.49,339.03,284.29
85.66,71.15,88.95,175.4,218.99,337.29,367.98,407.1,351.81,341.21,285.66,267.5
56.52,82.84,172.41,219.88,336.07,365.49,402.19,342.82,335.02,277.92,261.94,221.85
87.05,176.87,222.4,337.7,364.19,399.41,339.98,332.97,277.62,260.77,221.62,194.83
146.28,206.23,329.87,363.82,399.76,339.82,328.86,269.3,249.79,209.6,186.02,194.69
204.04,325.71,361.97,398.13,342.59,333.44,274.15,254.44,210.52,188.71,196.1,212.62
333.6,369.6,401.9,344.77,330.94,269.75,250.18,207.21,189.63,194.95,212.41,265.98
382.71,409.97,348.62,332.02,268.82,248.57,206.73,190.21,199.01,215.94,268.68,266.05
411.32,348.05,331.6,267.82,249.43,208.46,192.6,202.92,217.39,270.87,267.47,294.19
425.24,377.23,289.9,253.41,204.33,186.68,205.02,227.1,296.18,292.27,313.05,330.72
374.78,292.39,254.32,206.66,183.7,199.62,220.83,290.75,289.05,306.63,326.75,365.76
250.61,224.6,192.18,178.41,205.58,230.98,297.87,293.07,296.27,319.39,358.88,270.95
198.49,176.09,170.6,203.75,232.75,300.64,293.07,291.99,311.27,351.72,265.31,224.55
207.42,190.96,213.75,235.31,297.49,288.07,289.58,310.38,360.93,273.76,231.34,164.51
204.61,221.49,239.23,297.87,287.82,289.19,311.92,367.99,278.27,235.81,168.27,111.43
188.71,218.16,287.57,285.07,292.23,316.8,369.71,277.09,226.47,159.88,104.7,89.42
280.69,327.48,304.81,297.39,311.57,361.13,273.91,228.14,178.32,121.68,103.14,108.62
359.11,326.54,308.25,315.48,357.72,267.66,224.16,178.09,130.07,109.45,114.3,168.93
384.37,346.19,333.64,363.15,261.54,214.09,172.87,129.2,125.79,127.99,180.22,241.95
323.15,321.59,357.27,261.35,214.41,172.83,126.49,121.99,119.41,170.39,234.87,335.71
328.07,365.43,265.39,217.19,168.81,119.52,114.21,108.98,169.93,232.52,334.72,361.43
344.23,255.19,212.08,169.03,118.51,112.3,104.44,161.77,224.19,325.21,354.59,444.23
223.14,183.8,155.41,111.44,121.57,120.54,177.06,238.59,320.57,355.07,442.21,391.64
257.93,203.06,134.43,127.25,113.29,165.85,234.51,324.17,376.98,461.53,407.17,330.98
182.96,121.54,121.0,111.83,167.85,237.34,325.09,377.4,455.89,401.72,326.67,250.8
123.49,122.96,112.69,168.31,236.69,324.02,376.63,456.85,401.54,325.72,250.5,250.98
102.57,101.6,162.97,235.98,324.39,377.22,455.44,399.34,318.58,242.56,245.17,238.08
90.74,155.99,232.84,323.87,378.59,457.22,399.67,315.93,239.19,242.41,235.79,197.18
144.33,228.7,322.04,379.99,456.1,396.94,310.85,229.92,236.66,228.82,192.42,272.91
237.78,330.1,384.21,458.39,394.79,306.63,225.88,233.66,229.83,192.03,273.32,303.61
308.83,371.26,451.79,393.37,308.14,228.41,234.31,228.82,185.54,266.33,297.99,388.14
367.71,446.61,391.01,306.34,231.17,239.04,233.68,189.11,267.39,300.73,389.2,355.26
489.25,422.43,321.49,237.06,231.83,221.51,179.97,262.16,310.79,395.22,361.28,366.88
431.46,322.3,237.12,229.39,224.21,185.28,269.79,321.75,401.23,369.34,371.95,318.95
300.87,218.42,220.07,219.11,190.93,279.83,331.69,413.82,366.06,371.88,317.86,280.82
247.33,239.12,228.18,193.34,276.57,326.92,411.58,364.63,380.43,324.92,286.41,301.72
290.63,266.54,212.27,284.17,318.04,396.24,352.6,372.23,336.69,293.68,309.17,214.94
321.49,247.2,301.06,322.5,391.66,345.16,369.78,339.49,310.24,323.68,226.54,189.33
274.74,319.24,331.35,394.68,342.56,364.9,336.51,309.47,331.35,232.77,194.6,125.48
384.87,382.63,419.54,352.9,351.67,314.06,290.82,318.95,246.58,201.0,133.48,140.85
389.34,426.65,356.38,353.94,311.14,285.57,313.28,241.03,201.46,132.11,140.66,138.03
463.22,384.52,367.6,316.76,278.32,301.07,230.92,193.61,139.97,145.01,143.02,199.41
406.44,377.47,321.81,277.92,302.71,233.94,199.44,148.93,154.01,153.75,206.92,240.89
387.68,329.3,281.69,304.27,232.37,196.41,146.31,152.02,155.98,208.76,242.81,291.75
292.05,256.62,291.97,228.74,200.86,153.66,156.15,155.91,198.5,234.29,284.41,395.28
276.24,304.89,235.3,202.72,151.92,153.38,154.91,198.93,239.7,289.07,398.97,431.72
281.5,225.23,197.73,152.85,151.34,150.99,191.69,229.16,279.33,387.08,423.33,394.99
244.14,205.23,156.55,150.17,152.99,195.58,235.84,287.77,395.49,433.92,402.11,385.13
223.35,170.45,156.88,155.71,192.17,230.07,283.53,395.22,437.77,403.58,387.12,387.41
116.72,120.62,138.08,186.67,236.71,294.46,402.05,442.42,388.82,374.53,376.87,377.78
115.01,135.76,185.46,236.9,293.77,401.05,440.58,384.11,372.14,373.96,375.55,383.44
101.38,164.45,227.15,292.24,404.35,445.08,384.99,369.04,362.83,364.75,374.97,400.81
142.78,216.23,286.9,404.41,444.72,383.82,365.0,354.84,356.33,365.67,393.98,383.48
222.65,289.81,405.79,444.41,384.45,366.25,357.24,360.07,368.33,396.85,385.38,430.57
425.2,496.94,488.54,398.08,350.48,331.5,345.68,364.72,434.52,415.21,455.47,454.06
582.72,551.09,428.3,362.27,317.83,322.25,347.61,427.28,436.04,467.77,466.22,423.52
580.19,448.07,371.33,320.84,318.32,341.13,423.27,435.9,476.04,471.91,428.43,355.26
360.79,313.07,292.25,309.88,351.07,439.39,444.7,478.66,447.36,407.56,338.03,328.04
242.88,248.01,288.38,345.01,444.7,453.7,481.05,441.93,386.5,319.83,313.58,263.08
224.38,272.65,337.54,442.11,456.04,485.23,444.07,384.73,313.16,308.97,259.23,251.84
260.62,327.66,437.7,454.02,488.38,449.24,389.02,315.24,306.9,259.23,251.09,207.39
320.37,426.77,449.26,484.52,455.59,399.39,326.23,320.15,260.8,256.81,210.48,127.89
404.83,430.72,475.61,451.42,405.47,336.21,328.75,268.26,253.41,210.22,126.48,134.5
357.88,423.58,426.29,396.69,347.66,347.44,281.36,262.2,191.85,113.33,122.66,132.66
368.56,389.63,378.97,341.77,353.46,291.64,267.93,194.07,97.97,110.44,122.65,178.08
342.77,345.53,325.65,347.41,298.11,278.96,201.33,99.66,98.71,115.53,171.46,226.33
333.18,311.16,340.66,293.27,285.59,212.99,111.87,110.44,115.72,176.4,228.53,397.15
343.8,354.44,300.24,284.45,216.01,117.66,121.1,130.73,190.42,245.29,408.42,479.4
382.8,317.51,292.7,218.33,116.24,118.72,131.27,193.73,254.32,415.89,484.83,515.79
267.98,258.98,201.77,111.52,125.08,141.37,199.48,254.79,402.68,473.48,505.66,410.54
217.46,179.23,100.42,123.53,141.63,199.47,250.24,395.15,458.55,490.09,399.33,310.15
196.8,113.91,129.54,143.13,194.92,243.84,390.42,455.82,494.37,401.87,312.82,261.41
109.84,122.61,140.0,191.74,247.71,397.49,464.29,507.21,403.32,316.68,263.71,209.49
205.24,194.56,218.37,255.44,388.61,449.96,500.05,402.69,340.33,283.67,225.96,203.84
174.69,203.45,248.7,387.12,454.86,506.78,407.54,343.72,278.67,222.33,200.46,199.61
131.68,201.93,364.44,449.11,514.8,419.81,349.03,276.01,201.32,182.04,184.46,211.62
162.52,341.48,438.0,512.88,421.88,351.92,274.37,193.55,168.75,171.49,201.71,252.81
285.81,412.53,500.49,422.93,348.64,267.83,179.19,145.86,148.98,175.7,234.6,270.34
328.31,442.49,394.97,339.03,278.38,196.93,156.99,153.43,153.41,218.19,256.06,277.99
409.43,363.4,323.89,269.28,207.97,176.57,172.83,172.38,215.13,260.55,278.72,316.54
355.07,302.05,258.79,198.02,190.98,198.24,201.32,247.74,268.37,295.41,325.25,337.4
437.78,339.24,237.01,198.2,191.12,191.04,251.78,287.34,339.75,368.11,369.93,315.64
412.84,289.23,223.16,200.51,180.36,233.43,274.56,335.29,386.79,381.91,326.87,265.59
369.84,283.6,229.24,191.7,218.62,249.86,315.91,373.58,400.38,337.05,276.29,261.27
318.09,259.49,206.27,225.75,239.77,298.79,357.94,388.7,342.32,275.79,263.42,208.91
293.93,234.24,239.19,245.99,290.76,344.41,376.64,330.28,282.5,265.63,212.26,215.84
305.91,288.73,270.2,298.95,334.94,360.79,319.78,276.16,284.52,227.03,228.64,158.47
332.45,300.33,314.01,340.06,355.83,310.79,270.41,284.82,238.51,237.63,166.66,94.27
282.55,305.29,335.54,356.09,310.18,268.75,280.22,230.19,230.83,158.93,88.84,92.29
288.04,325.85,351.75,309.35,269.7,281.5,229.6,230.38,152.84,83.04,88.36,138.56
303.19,339.34,303.52,269.02,281.88,229.99,227.95,147.59,75.16,80.33,132.72,173.98
389.61,335.42,284.67,285.8,225.46,220.78,144.77,74.66,95.28,147.04,185.39,261.17
339.69,282.65,285.18,223.53,224.82,151.35,82.74,106.5,151.0,191.78,265.16,349.82
240.93,256.41,209.54,220.56,157.22,92.19,112.58,153.8,180.39,255.94,341.81,477.31
299.66,240.72,235.45,162.43,85.02,101.25,145.8,173.76,266.83,349.18,483.74,551.3
207.01,212.79,151.69,82.35,106.06,153.17,178.38,269.3,339.72,474.97,543.73,557.4
145.68,114.99,64.14,104.09,153.55,178.27,261.44,322.47,451.25,518.73,538.7,466.67
121.59,64.44,104.23,151.03,180.59,266.33,329.68,462.05,523.04,545.3,470.99,439.16
37.8,84.65,141.47,176.93,270.96,337.61,468.48,528.71,539.23,466.31,434.58,402.54
76.9,138.47,175.53,271.49,336.82,466.99,526.44,536.85,462.7,429.75,399.24,353.82
119.86,163.4,265.78,335.63,469.47,530.09,538.8,462.87,424.41,394.03,349.44,307.09
168.45,268.9,337.25,470.34,530.33,538.55,462.6,422.73,395.32,350.48,307.79,263.92
293.92,356.35,479.53,533.99,533.97,454.7,416.46,391.73,356.02,310.6,267.15,280.49
352.3,480.04,534.1,535.61,452.89,412.94,387.09,351.18,307.51,261.64,276.99,329.93
481.05,541.17,538.8,456.42,407.3,377.49,340.16,294.73,258.31,269.82,325.77,329.93
543.6,534.05,454.41,403.9,382.43,348.79,304.98,270.29,274.7,334.45,335.17,280.9
450.05,395.41,375.02,372.95,360.62,324.33,282.88,279.61,312.83,319.02,266.46,273.33
338.99,329.87,350.99,350.15,336.45,304.09,298.23,329.56,307.89,262.73,267.91,219.46
292.37,321.51,335.97,329.66,311.68,311.56,340.97,318.2,255.34,265.31,215.97,150.17
278.86,306.82,315.57,307.2,316.69,349.44,322.72,253.5,254.08,207.77,142.98,116.81
325.51,321.69,310.67,314.75,352.71,328.69,262.77,268.22,216.74,155.27,125.38,87.06
307.64,294.48,307.09,347.59,336.16,275.4,281.22,231.84,155.63,130.1,89.08,68.01
273.42,289.42,338.95,332.15,280.75,290.16,239.39,160.59,126.49,88.74,66.59,88.06
279.96,332.33,329.36,279.81,292.12,242.32,162.64,128.72,86.06,64.84,86.73,164.7
318.25,324.92,277.63,293.64,239.72,157.84,121.23,75.19,57.81,77.9,158.86,220.61
333.63,279.56,294.55,238.05,159.71,125.06,80.8,64.3,82.8,165.93,225.19,293.46
317.42,314.11,247.83,160.37,125.8,82.43,70.47,93.44,180.02,240.56,304.42,351.09
373.68,291.54,181.37,134.01,72.4,53.59,80.73,171.84,254.75,313.03,359.46,390.65
298.52,183.38,134.79,71.48,54.88,83.28,176.02,262.3,316.78,363.6,393.24,362.0
124.83,96.34,52.66,49.68,89.48,186.02,267.21,316.88,346.81,378.4,349.76,313.11
83.7,50.26,48.37,91.27,182.11,260.61,307.78,333.9,371.16,340.23,306.91,269.42
65.86,57.87,96.15,182.84,259.65,306.44,334.42,374.56,345.04,311.8,273.38,234.12
82.85,113.11,191.07,262.38,303.51,329.54,371.75,344.02,318.62,278.51,238.48,243.36
99.8,183.34,258.92,303.42,330.82,373.12,343.9,317.99,273.89,233.47,239.62,234.2
170.11,252.09,300.29,331.11,373.67,344.08,316.2,269.82,228.49,233.91,229.97,243.8
252.79,302.7,332.21,375.1,342.62,313.35,266.2,222.71,232.86,227.68,242.35,267.7
283.76,321.26,369.76,341.73,314.35,267.56,222.19,231.71,221.27,235.58,262.66,295.25
320.89,371.37,342.32,315.01,265.7,219.3,228.46,217.69,234.46,260.53,294.01,318.74
371.63,342.22,314.94,265.34,219.21,228.57,218.07,235.15,261.0,294.76,319.26,347.03
402.44,347.85,281.33,220.94,227.71,217.64,241.79,274.19,316.23,341.47,363.16,379.08
348.25,279.84,220.13,227.18,219.27,244.3,277.33,321.43,342.64,364.33,379.52,325.54
246.86,198.0,216.18,215.88,247.99,283.38,324.66,343.28,355.31,371.9,319.07,221.41
266.42,262.41,238.2,254.45,274.87,311.07,335.28,352.05,390.77,334.73,234.68,182.68
227.47,221.52,246.45,275.34,309.78,332.14,344.43,381.46,320.93,218.66,171.75,124.36
206.72,235.27,269.85,307.17,334.52,348.92,385.15,323.8,215.39,170.25,122.79,108.61
248.69,275.61,310.41,334.18,350.33,387.57,327.83,220.48,176.04,130.25,113.86,95.3
285.19,314.59,336.63,350.66,389.07,329.67,222.99,178.81,134.11,118.71,98.76,108.23
342.4,354.19,359.16,391.32,327.49,219.32,177.56,135.44,126.92,106.24,114.29,183.77
388.58,383.48,403.11,331.58,214.57,169.59,130.13,125.96,115.03,120.31,189.36,244.84
377.33,402.41,331.1,215.95,167.46,126.31,120.59,107.83,116.66,183.88,241.22,297.8
450.48,364.13,232.09,172.48,119.73,109.9,100.93,112.81,196.82,252.01,307.08,337.26
317.83,199.46,156.54,114.57,116.73,112.11,120.7,202.57,239.99,297.59,328.86,392.86
260.57,191.21,131.23,118.59,109.69,118.15,206.99,250.18,318.54,350.39,408.64,377.44
196.83,136.74,121.39,111.44,116.34,203.5,246.93,317.55,350.92,407.5,377.18,324.17
89.7,95.02,98.47,114.98,204.94,248.52,313.56,339.82,391.23,359.99,311.2,313.77
101.49,105.27,118.4,206.54,245.59,308.85,335.5,388.51,360.07,310.0,313.64,255.82
79.43,99.48,197.59,242.19,313.63,343.36,394.61,365.29,303.99,309.49,251.85,227.9
75.3,184.05,235.58,313.17,344.03,395.09,362.56,295.54,300.98,243.16,221.29,221.8
170.04,228.06,310.04,343.78,395.98,363.45,295.06,301.73,237.82,215.82,218.12,264.13
248.97,322.63,349.75,397.38,362.22,293.21,301.72,238.12,222.64,224.29,268.63,313.02
298.41,333.72,389.62,360.28,296.25,306.35,240.68,223.2,217.4,262.38,307.79,373.21
330.71,387.0,359.1,295.78,307.48,242.43,224.78,218.82,261.94,307.52,372.65,384.65
471.08,418.33,324.13,317.16,229.97,204.43,205.0,253.74,329.18,388.27,398.53,429.32
417.9,320.59,315.26,227.93,206.96,209.53,259.43,338.33,390.54,401.87,431.12,365.98
295.91,296.75,218.71,203.34,213.94,266.98,344.53,396.08,396.18,427.15,362.11,352.37
337.04,250.77,218.64,220.33,257.53,329.11,382.92,384.26,435.58,365.88,356.93,271.63
229.31,198.84,211.04,252.43,336.46,395.18,396.16,449.36,363.19,358.2,271.24,165.67
158.78,185.28,239.75,333.12,398.64,401.71,450.85,358.89,346.52,261.2,157.52,106.75
185.26,240.9,334.05,399.21,401.15,449.61,357.38,346.18,260.19,156.47,106.57,73.46
265.28,349.19,406.8,402.8,448.11,355.0,345.86,262.13,164.24,113.93,79.27,78.45
322.41,389.0,394.44,446.06,358.24,350.44,263.86,162.98,106.31,73.32,73.7,87.48
345.76,365.09,431.97,354.01,356.28,273.2,168.55,108.44,61.39,64.13,79.42,193.06
317.89,396.63,337.11,349.51,281.77,182.86,119.37,68.45,53.19,73.47,186.82,225.34
411.56,345.23,353.41,281.73,182.29,119.01,69.79,55.15,79.0,193.33,230.12,316.19
295.45,315.18,263.24,175.07,129.02,86.49,68.77,88.89,182.42,223.87,309.26,413.5
349.53,287.26,186.69,132.52,81.33,60.73,83.99,181.49,232.77,316.06,419.44,410.88
328.73,207.34,142.38,81.11,61.44,86.26,189.29,246.3,332.41,437.26,423.37,383.47
175.58,119.68,69.97,58.06,91.4,197.39,251.91,335.3,429.23,416.9,377.54,348.61
118.67,73.7,59.69,93.35,193.71,245.85,328.68,424.06,413.74,371.73,345.26,285.49
103.59,79.76,103.07,196.25,242.2,323.06,421.17,414.09,380.22,352.22,291.36,211.22
36.62,78.16,184.15,240.62,324.95,423.43,411.37,371.46,337.78,276.69,200.18,170.68
74.44,182.76,240.42,325.39,423.62,411.25,370.73,337.04,274.59,198.02,169.42,191.54
168.41,234.74,322.72,424.69,410.0,367.97,331.94,267.33,191.61,161.41,186.07,190.17
239.6,321.32,424.09,408.0,371.61,338.21,274.79,198.58,165.75,192.69,194.03,228.25
313.7,420.5,406.53,372.24,338.44,274.36,196.83,163.28,189.5,190.2,225.59,253.37
436.78,422.8,379.87,342.94,267.98,185.94,152.52,179.5,191.44,222.83,252.8,310.79
444.96,388.65,346.94,266.14,187.74,156.7,187.39,203.49,233.12,265.22,319.18,319.42
418.59,362.23,273.6,188.01,157.23,188.76,208.72,242.99,276.59,331.35,328.2,347.71
325.0,252.79,177.6,156.16,189.42,209.34,239.45,268.6,318.48,314.37,337.32,329.32
290.39,197.39,165.8,189.46,209.13,240.19,274.19,329.35,328.17,352.7,340.49,267.79
199.86,165.65,189.29,208.46,241.39,276.24,331.9,330.92,354.73,343.05,269.29,206.21
143.36,178.74,203.39,241.87,275.49,329.89,325.8,346.69,333.99,258.94,199.03,152.16
216.75,231.26,255.52,280.13,323.42,315.25,338.98,330.68,268.11,205.34,158.39,97.34
275.25,282.7,293.52,326.62,312.36,334.2,329.84,271.43,219.14,171.3,107.56,85.21
267.64,284.61,322.4,312.02,335.34,331.01,270.67,217.03,166.28,102.49,81.52,103.31
292.43,327.08,314.59,335.89,331.09,270.61,217.69,168.93,104.7,83.9,105.39,178.15
348.41,332.0,344.19,334.98,265.46,208.97,160.91,96.12,88.03,106.85,180.23,247.75
343.0,348.8,337.42,265.19,210.32,163.2,99.86,92.77,111.51,185.95,251.64,343.57
310.24,315.84,254.72,209.28,164.27,100.91,89.42,103.73,172.51,237.57,333.04,392.9
354.9,280.55,221.62,167.5,96.32,82.5,100.43,171.88,248.72,342.56,400.54,430.98
273.31,211.53,162.64,92.59,87.59,109.36,181.69,260.25,344.07,404.9,432.82,381.43
238.11,180.37,101.05,90.15,106.32,176.79,257.76,344.22,412.29,438.56,386.23,361.44
153.81,87.35,83.28,105.9,176.34,256.76,340.4,407.39,428.68,374.81,353.23,299.0
78.3,74.08,101.59,173.31,260.45,346.93,414.15,436.52,374.23,355.01,299.6,227.56
79.36,107.75,176.27,262.63,344.21,409.32,431.27,366.86,354.89,297.75,226.76,234.24
127.54,192.07,270.68,348.08,405.8,424.68,361.26,351.03,301.31,227.75,236.04,252.4
142.72,241.49,333.94,403.43,427.58,365.22,349.78,295.68,211.6,219.79,239.99,238.69
247.64,337.07,405.06,427.68,365.53,350.27,296.47,210.35,222.2,243.07,240.73,274.68
307.62,388.62,419.82,364.99,351.53,297.7,208.08,216.65,232.78,229.64,266.39,322.42
386.36,417.77,363.96,350.71,298.29,209.36,218.12,235.23,229.39,266.5,322.33,335.15
448.85,381.5,358.9,299.02,207.76,216.35,237.18,235.15,277.55,333.52,343.41,325.67
401.9,366.71,302.86,206.6,219.1,242.16,243.31,289.36,342.9,354.51,333.14,350.34
283.16,249.83,180.74,212.65,249.18,254.32,292.77,340.29,329.43,310.34,332.29,286.43
264.12,185.02,214.55,246.87,256.57,297.83,348.16,338.78,317.73,342.27,292.98,290.22
192.2,216.87,248.1,256.13,299.19,350.48,342.08,320.97,345.94,297.41,292.95,213.32
244.53,269.53,266.78,303.6,345.24,332.83,313.28,341.29,303.16,296.01,217.07,145.67
286.72,280.31,309.97,347.98,328.92,306.69,335.57,298.81,299.73,218.76,147.85,121.5
317.21,331.31,358.54,330.63,305.73,334.21,301.4,307.81,231.1,160.05,130.89,137.1
340.24,365.33,334.02,307.25,332.64,298.52,305.25,229.66,162.21,131.96,138.35,120.27
370.69,339.75,310.14,334.71,296.42,301.18,225.11,156.78,131.91,137.14,120.11,172.81
313.54,293.65,326.65,294.45,303.29,228.42,157.4,129.53,129.11,113.0,167.16,219.54
325.75,343.78,303.06,303.63,228.39,157.96,133.91,137.6,124.51,180.22,229.21,290.96
312.45,286.5,295.41,228.14,157.83,133.14,132.91,114.8,169.0,216.73,281.71,357.17
282.9,289.56,225.54,155.64,136.73,139.16,121.67,176.11,217.68,284.72,358.45,384.85
240.28,192.65,139.74,131.91,144.58,130.47,180.77,218.97,271.14,347.28,375.41,299.74
207.23,144.32,133.99,142.79,132.86,185.48,226.13,279.26,354.55,385.03,306.07,308.37
148.97,137.72,144.57,133.52,184.46,224.52,278.35,356.4,385.91,305.85,308.52,294.14
140.98,148.13,135.38,185.34,223.19,276.12,354.56,387.0,305.85,307.35,293.85,270.85
123.33,121.12,178.21,222.28,276.82,355.49,384.99,298.57,299.2,285.45,264.3,276.88
97.26,159.38,213.74,273.47,361.64,394.66,306.71,305.69,280.11,261.83,273.96,303.3
123.16,194.02,263.8,360.89,395.28,307.04,301.72,271.23,248.84,259.97,292.86,305.93
154.62,237.59,348.14,391.43,311.59,309.14,275.28,248.61,248.91,283.68,298.14,321.63
237.93,349.75,392.26,312.35,308.06,273.44,246.42,245.77,283.13,296.66,320.62,320.94
309.29,366.92,300.19,305.22,276.86,251.58,247.2,282.07,284.35,309.19,312.01,312.86
380.57,304.46,306.95,274.92,253.3,251.14,288.66,293.18,316.37,321.11,318.79,288.21
