558.34,546.74,556.35,532.07,541.71,535.02,515.04,470.68,420.71,337.45,271.42,217.4
527.63,531.67,504.13,511.45,514.38,513.29,500.0,475.65,411.12,348.3,289.32,273.39
616.39,583.59,582.7,557.53,541.58,524.01,523.08,482.66,460.75,428.4,420.57,426.39
602.15,594.82,562.35,537.57,519.32,521.78,496.92,487.49,468.63,466.59,471.04,511.17
632.34,605.17,581.71,548.44,543.36,518.52,529.03,533.99,565.62,591.57,640.51,658.83
691.53,664.57,622.3,599.46,553.08,538.29,523.47,540.43,565.04,620.65,644.5,671.98
745.36,687.06,648.79,588.24,558.49,524.69,526.19,532.18,578.27,599.31,623.82,620.96
683.07,656.89,606.05,572.74,537.71,541.43,560.92,628.39,671.24,709.41,714.55,703.87
821.18,744.87,684.94,622.91,591.87,568.06,588.76,582.82,595.22,595.78,584.16,551.16
383.9,346.46,322.0,367.87,426.37,533.29,584.75,646.23,630.59,583.17,528.83,513.49
162.31,147.3,211.57,313.61,462.36,555.93,630.29,619.52,553.42,479.56,454.2,429.35
191.81,275.21,382.54,515.43,590.65,650.94,635.69,575.02,524.96,523.61,515.42,543.16
215.3,328.62,470.18,563.49,635.01,622.92,547.2,482.04,455.86,432.35,455.7,484.06
203.31,360.5,474.45,577.41,590.12,535.06,471.14,447.5,407.82,416.11,440.43,489.8
426.95,539.05,640.31,645.22,572.47,483.14,426.41,357.92,351.52,376.44,431.71,510.18
569.16,661.92,661.02,588.29,492.89,420.35,326.81,295.73,295.6,339.25,414.84,531.7
780.37,765.34,676.24,557.38,461.41,342.22,296.21,282.17,327.65,409.76,529.29,617.95
729.5,638.45,518.62,430.55,320.27,281.0,274.8,327.85,405.22,517.42,600.91,688.65
673.9,539.98,439.96,324.99,281.62,267.37,314.84,381.63,486.74,566.52,649.86,680.12
462.22,392.17,301.35,270.79,266.28,326.82,410.68,545.6,647.85,744.9,787.19,773.68
401.13,299.73,261.45,272.82,327.36,386.88,457.42,493.74,522.83,531.74,509.17,438.89
323.01,280.41,285.41,337.23,390.08,450.31,471.2,484.19,478.31,448.7,375.57,301.96
406.78,407.47,450.77,472.7,505.09,501.5,508.51,501.01,493.3,440.81,376.98,286.6
522.26,557.93,569.72,576.45,547.42,529.81,508.67,491.17,446.02,392.97,308.49,250.81
690.73,676.67,660.35,602.55,562.45,520.23,493.78,434.33,382.89,302.4,242.08,209.24
807.69,775.88,699.26,619.54,555.25,518.54,485.53,459.4,422.29,388.6,361.08,371.63
691.12,609.56,531.2,477.59,467.81,472.64,495.65,498.8,487.36,459.79,461.2,480.62
584.73,513.83,464.51,450.26,462.03,502.2,540.56,565.1,574.07,594.54,619.36,650.58
619.63,568.76,543.89,529.44,544.3,558.94,575.48,580.58,618.59,662.39,703.49,718.25
577.95,564.21,556.09,568.0,576.36,585.01,585.9,627.43,677.3,725.32,746.68,736.85
467.81,459.05,478.52,518.26,547.58,559.23,581.46,608.02,613.39,604.92,583.02,549.22
451.37,475.64,520.9,554.04,565.07,584.7,602.03,600.77,587.17,564.95,533.89,513.74
373.38,422.43,465.93,504.4,546.61,581.95,575.97,554.67,506.44,455.35,427.22,429.04
228.05,282.7,340.73,427.84,506.95,544.4,540.1,502.88,430.97,378.82,368.49,393.82
282.74,344.44,432.19,509.43,545.52,540.88,503.55,431.64,384.68,379.82,408.16,469.88
235.45,338.12,431.78,490.07,507.84,492.53,436.35,405.67,401.85,425.68,486.08,571.08
184.46,300.59,385.97,442.16,456.28,424.08,393.67,393.94,401.27,448.01,532.02,612.22
141.26,238.77,313.81,376.09,373.71,358.81,330.13,307.92,299.34,347.71,418.23,515.02
113.87,196.47,272.01,306.62,316.5,300.85,259.01,228.72,235.19,278.21,366.53,468.57
202.13,287.47,328.03,341.22,319.06,263.5,211.17,202.08,233.96,321.64,429.41,523.31
286.81,329.75,345.19,332.46,272.65,204.13,161.67,164.14,220.6,314.16,407.21,482.9
373.92,382.02,363.34,302.93,223.09,157.42,125.46,149.24,213.85,294.97,368.89,423.88
772.84,728.73,627.94,465.37,311.31,185.07,150.19,168.15,265.99,376.1,452.93,471.63
669.39,560.27,397.52,262.16,152.24,127.56,145.1,239.82,322.83,374.95,380.32,367.9
539.48,356.75,210.79,110.43,97.45,124.86,219.8,292.77,325.02,312.7,286.71,226.96
545.54,392.71,271.93,207.05,192.34,256.14,336.76,382.4,418.1,431.21,387.85,326.92
545.25,412.96,329.15,275.82,307.51,360.02,402.3,437.55,473.24,450.52,397.07,299.37
444.07,354.86,295.14,316.31,364.24,407.22,454.03,499.93,489.29,440.42,340.99,220.61
536.0,462.78,464.8,467.1,471.98,488.04,531.65,520.99,503.87,432.19,322.27,205.57
675.97,659.18,636.97,588.42,561.12,567.67,553.38,535.03,495.06,413.46,306.95,226.56
476.71,456.88,423.69,431.92,486.61,530.31,562.58,563.37,486.44,363.52,267.7,201.26
652.64,601.79,584.22,587.28,591.47,594.66,598.0,523.65,439.49,376.63,321.28,305.52
443.24,426.41,436.39,465.05,510.68,567.55,553.52,517.56,472.49,409.46,379.73,413.72
517.93,544.74,579.67,590.2,625.53,604.7,602.26,601.92,611.86,633.14,690.88,711.51
510.93,551.76,566.38,614.87,596.66,589.96,568.85,560.61,556.96,601.22,619.87,664.13
427.64,444.62,504.96,520.23,542.13,542.13,530.97,519.69,533.94,528.42,561.75,593.93
316.46,392.94,427.48,480.18,505.48,516.92,510.03,529.96,512.13,533.7,563.43,609.75
399.96,440.35,497.12,526.82,532.14,512.88,506.61,466.89,471.59,497.75,548.19,590.75
278.16,340.78,383.98,432.71,448.03,465.58,416.51,407.7,388.97,404.84,433.03,503.45
214.34,267.34,331.72,378.39,423.79,400.45,399.12,384.46,386.9,400.78,465.13,511.42
117.49,211.55,287.61,367.71,369.17,388.49,374.21,385.43,389.52,446.77,497.12,574.64
92.04,163.23,248.51,293.11,337.9,331.19,301.52,256.44,242.46,247.89,308.43,375.47
154.93,262.32,321.85,366.76,354.53,318.48,269.4,263.05,281.29,355.08,434.92,511.54
159.16,216.55,267.92,293.08,278.07,233.7,192.07,170.68,183.11,223.49,285.74,351.98
348.66,395.06,409.57,368.29,292.14,213.28,163.72,154.2,196.24,270.86,346.83,412.46
862.98,848.16,758.94,581.98,397.36,235.93,160.11,150.6,249.08,370.18,462.39,503.05
862.77,754.97,567.09,385.22,226.01,145.4,129.46,218.39,315.06,386.41,414.16,419.38
770.65,558.99,362.47,202.83,127.49,117.31,213.26,307.42,370.63,387.68,381.14,334.73
573.48,376.28,212.09,125.09,113.52,218.35,340.89,432.3,480.27,490.44,447.92,395.71
562.74,386.43,276.41,218.66,282.89,369.67,451.33,493.16,529.78,514.59,473.94,373.18
310.76,208.34,156.75,232.69,335.86,439.73,504.94,563.76,555.51,510.96,405.13,281.09
540.92,468.07,509.85,534.98,565.4,561.92,591.76,560.83,554.0,491.33,387.06,243.48
337.33,388.27,430.33,484.65,512.25,578.9,582.87,608.38,551.7,438.36,287.17,192.64
475.18,506.05,553.08,561.66,613.53,607.57,627.81,564.37,461.99,322.25,231.97,146.37
448.49,489.63,494.65,554.48,565.05,608.3,566.3,478.21,337.99,239.13,144.23,168.47
511.12,499.92,546.63,541.37,590.91,567.82,523.57,415.42,352.51,272.02,291.5,339.28
552.02,621.1,624.39,642.07,605.33,566.12,512.54,515.85,519.69,591.27,661.28,755.93
763.84,758.13,762.14,698.39,626.21,533.61,505.6,482.86,552.68,633.33,736.34,800.19
730.34,738.14,679.28,617.61,528.83,496.39,461.16,522.8,585.61,678.01,740.09,807.91
838.56,762.44,685.09,583.76,530.73,466.43,492.88,519.29,588.66,643.88,710.14,715.72
455.17,402.77,336.88,353.48,354.7,444.13,500.47,598.23,626.49,658.66,649.13,666.67
136.22,71.72,106.29,178.46,329.54,438.38,533.73,543.84,514.43,454.13,446.69,425.04
130.09,195.25,279.58,408.33,492.59,570.31,581.07,569.27,551.51,582.64,586.92,596.37
116.53,201.92,336.6,450.57,542.42,552.33,502.84,444.46,419.52,389.97,388.12,382.9
113.95,264.09,396.59,510.15,535.94,498.81,439.18,416.34,377.28,367.22,361.58,377.35
216.19,351.08,473.74,518.56,490.32,431.71,387.35,326.29,287.8,266.11,278.64,325.71
372.31,492.49,536.69,508.54,444.58,388.37,306.64,249.56,211.71,219.03,267.18,366.42
555.93,584.49,541.4,467.42,400.82,304.87,233.52,177.83,172.59,214.92,310.01,414.98
591.93,548.54,471.94,398.76,302.85,234.5,197.33,211.85,272.37,375.81,481.87,589.85
832.03,731.8,624.13,465.44,335.81,234.57,219.56,255.33,380.42,516.29,638.05,701.77
646.58,556.56,415.9,303.96,218.45,218.68,271.62,421.61,564.92,686.14,752.17,761.12
496.32,348.14,237.11,181.22,193.45,243.13,350.07,447.27,507.86,538.42,535.27,470.87
472.93,347.77,270.96,259.5,279.67,352.93,417.45,445.7,462.48,460.31,397.74,323.08
288.08,216.08,211.56,240.72,328.72,412.24,461.81,498.42,504.83,441.36,363.44,260.13
337.14,328.54,347.85,407.01,462.64,487.83,513.23,512.44,465.39,405.43,311.17,207.2
398.6,409.77,460.05,498.29,509.34,523.73,520.66,470.59,417.68,329.92,227.43,158.0
437.97,479.37,512.56,513.06,526.61,527.63,492.35,450.88,377.12,280.83,209.99,180.89
517.94,544.8,538.78,537.51,534.67,505.3,486.34,432.13,361.8,304.11,276.41,282.31
509.0,504.16,505.02,502.39,484.27,484.23,460.59,418.72,383.19,363.43,368.61,421.98
563.17,552.57,536.84,501.63,493.16,464.61,433.29,403.83,400.07,415.24,468.63,532.56
749.55,742.13,698.86,636.0,559.89,490.03,467.42,485.81,562.41,666.26,756.32,806.04
670.22,622.05,561.55,511.5,457.54,438.43,435.34,487.92,547.33,606.88,643.97,669.52
789.36,711.59,640.52,553.64,498.52,455.33,478.84,510.93,569.94,617.43,648.72,636.65
638.51,577.57,502.38,462.75,434.08,472.38,515.53,589.0,635.88,662.47,649.36,629.15
616.57,525.07,472.89,443.47,475.56,505.61,551.89,566.72,564.46,537.07,509.97,459.17
360.24,321.35,308.8,373.08,439.74,528.17,576.16,603.47,577.66,539.37,480.53,445.91
165.34,165.85,249.34,349.71,472.6,556.84,602.67,591.55,547.32,477.45,437.01,400.72
81.75,182.39,297.88,438.49,536.56,596.83,588.05,548.32,476.05,433.7,399.72,403.47
180.74,305.44,453.38,553.74,610.52,595.15,540.89,458.15,410.25,377.74,386.5,409.93
219.98,373.62,484.51,565.18,567.26,523.46,431.08,372.63,314.05,303.9,320.75,390.1
402.42,509.96,589.33,588.22,538.82,437.86,368.96,299.8,285.29,302.24,372.85,459.08
691.75,764.46,748.44,658.75,515.56,401.06,306.92,276.89,308.32,401.28,501.81,623.74
638.04,612.88,526.28,419.47,338.17,268.79,239.94,263.26,316.46,381.47,484.04,582.34
674.45,589.51,479.26,382.35,298.17,255.55,278.84,337.96,421.24,540.11,647.3,719.6
472.76,362.56,270.52,219.05,201.82,242.31,295.35,367.52,451.01,530.56,590.21,628.64
669.45,571.21,495.4,408.95,375.98,353.82,385.02,443.06,554.45,657.96,723.07,694.73
430.6,360.49,286.18,293.75,299.89,349.01,393.8,490.55,546.6,574.7,531.47,463.94
329.29,248.7,257.75,278.27,335.45,382.62,462.04,496.92,498.28,438.63,364.03,254.47
268.06,276.95,295.47,347.7,389.17,464.52,494.52,491.46,431.71,359.32,251.59,183.84
423.65,431.74,469.07,475.0,519.83,523.62,512.01,445.83,392.73,305.01,245.89,183.51
345.92,381.75,390.95,450.96,477.65,493.44,452.25,418.2,329.77,259.51,186.66,177.63
645.35,630.43,658.44,618.72,582.03,498.12,465.25,377.48,355.06,322.59,327.02,330.54
577.3,619.37,592.49,555.56,484.4,474.46,432.86,461.28,469.79,491.86,500.74,557.25
444.03,416.43,392.94,367.31,401.01,399.75,438.79,447.91,439.39,417.96,457.97,481.44
604.54,580.8,538.94,526.32,478.2,473.06,462.94,445.94,453.02,526.24,569.1,628.6
701.54,638.88,602.93,530.97,502.38,463.01,425.7,409.06,472.02,513.44,569.87,597.57
887.07,851.13,764.68,673.04,576.21,487.09,466.19,540.74,637.38,741.93,794.22,781.44
801.63,703.53,610.31,535.94,459.55,441.31,494.59,565.13,625.22,646.06,618.93,572.09
458.68,371.02,318.58,300.53,340.15,448.94,541.8,614.9,604.08,542.06,476.37,430.8
206.99,164.15,160.48,236.72,382.25,515.42,605.63,605.05,530.59,449.12,395.05,354.86
101.9,117.76,205.92,358.49,500.26,604.93,617.99,561.12,495.05,450.7,416.74,406.1
54.48,146.08,302.74,459.15,577.05,600.21,541.95,470.07,411.77,366.46,349.57,356.29
142.72,325.06,501.95,614.59,632.44,573.71,514.52,480.37,469.51,477.42,500.54,523.63
280.02,463.43,588.97,629.83,575.99,506.99,430.42,381.73,344.33,345.03,366.52,430.46
423.71,534.0,570.12,538.74,481.39,403.01,319.94,240.56,185.5,172.06,221.35,322.77
708.42,730.84,678.34,578.71,464.18,347.45,261.67,203.74,214.89,287.76,398.92,525.99
704.15,643.36,538.04,427.81,321.74,246.42,206.34,230.68,304.93,409.83,528.98,648.02
728.71,623.31,507.48,379.04,284.79,227.69,257.68,343.26,475.89,617.01,746.35,811.33
452.91,354.76,248.35,198.29,174.06,229.11,312.89,446.37,558.26,663.76,722.22,737.65
319.71,213.9,166.42,162.96,221.11,294.34,384.43,453.78,511.43,546.36,557.21,506.53
400.33,344.36,320.56,342.16,368.46,404.76,425.65,442.21,467.26,488.24,447.61,375.16
284.28,260.48,287.69,329.99,380.45,412.6,429.61,452.7,456.82,400.43,319.62,220.72
313.86,336.25,375.35,414.63,435.78,442.93,458.72,456.22,403.44,328.02,231.73,146.65
355.53,387.91,423.19,439.33,444.69,461.91,461.91,408.76,334.88,238.95,152.45,114.14
413.68,440.56,450.0,444.72,461.28,466.38,428.49,366.38,284.74,204.95,165.5,173.43
500.76,499.1,480.12,475.62,473.01,436.93,398.64,335.97,283.99,258.79,266.65,305.24
790.25,760.29,728.57,647.85,548.69,458.69,404.46,370.61,415.7,480.88,543.59,598.13
461.43,442.62,390.68,358.13,338.56,354.03,365.82,447.51,492.02,518.8,551.74,596.44
498.9,454.14,424.76,394.28,393.72,389.62,457.49,495.47,534.2,583.96,641.5,647.99
556.34,519.04,472.88,456.75,424.97,454.85,447.01,444.1,465.79,517.55,526.61,552.71
713.44,645.57,602.88,529.65,519.72,468.46,440.96,438.68,494.2,515.04,545.01,515.38
618.03,584.26,519.5,511.47,465.52,447.75,465.75,546.11,584.62,620.52,592.72,552.13
590.44,512.17,498.61,458.5,442.27,456.56,519.6,535.57,547.58,506.01,458.53,402.11
384.56,379.8,353.5,363.65,406.95,501.65,538.02,567.97,522.39,464.62,402.44,381.89
160.24,145.68,176.48,269.37,414.39,503.89,558.16,528.61,452.25,365.47,331.24,304.31
71.28,114.7,216.02,372.44,475.26,546.41,529.42,465.33,384.77,352.41,326.13,354.37
86.07,195.2,357.91,463.7,540.43,530.65,477.03,405.76,384.22,363.77,394.16,433.32
218.5,411.15,538.81,606.9,582.69,515.09,439.89,432.36,439.99,496.55,557.16,615.18
544.59,648.13,695.43,662.42,563.45,434.84,344.13,268.2,256.39,289.29,341.72,409.38
691.15,724.14,680.87,575.45,441.28,340.02,256.18,234.51,255.72,300.4,362.8,458.52
762.95,704.96,588.74,446.28,342.7,257.16,243.36,268.3,317.89,380.9,472.7,549.55
520.79,418.43,295.07,229.57,185.52,216.53,277.21,360.31,424.37,503.96,572.98,639.68
909.12,752.2,630.04,478.61,398.81,344.13,357.79,363.71,470.72,591.05,685.78,699.59
371.82,278.15,167.23,170.65,199.52,296.17,355.74,511.78,607.11,658.56,649.19,618.95
515.02,390.59,373.84,357.91,399.06,396.82,496.94,543.92,594.94,607.1,592.76,471.58
391.96,375.33,356.44,401.08,393.77,483.65,509.98,542.13,529.95,502.38,378.05,304.58
412.98,382.98,423.65,410.02,496.86,520.02,547.47,527.35,497.12,372.2,296.51,177.05
266.55,313.8,309.88,419.61,469.03,528.66,530.57,518.61,390.09,301.97,174.01,128.21
459.23,432.99,519.5,531.54,565.82,550.0,542.45,411.6,347.84,239.72,197.04,175.31
373.22,474.69,498.67,530.58,529.77,550.24,473.84,467.22,407.76,386.5,370.13,431.44
555.94,574.49,599.71,580.2,585.28,498.01,492.05,433.14,430.33,429.15,496.6,521.66
547.31,584.09,571.99,580.01,494.37,488.57,432.51,439.83,442.97,513.85,543.21,639.05
530.5,495.05,492.45,429.01,443.37,398.44,394.43,370.12,398.6,395.44,471.06,517.4
685.4,712.53,655.86,612.82,515.11,470.42,457.86,525.68,605.84,749.7,835.98,891.87
866.51,766.29,684.99,576.27,500.52,432.15,413.41,397.93,456.97,502.35,541.18,547.49
688.26,616.01,518.9,453.37,404.37,411.01,433.93,533.07,601.42,644.59,649.34,638.8
624.5,520.67,452.26,406.73,412.76,432.53,519.43,573.45,604.02,602.69,589.76,534.57
180.22,136.76,127.77,210.5,303.62,463.43,549.96,607.23,574.76,523.87,450.92,421.79
92.66,83.27,167.16,273.82,443.17,536.77,581.31,530.71,460.96,378.24,345.19,302.35
137.68,241.52,353.76,502.43,576.28,607.43,561.33,507.18,457.51,451.75,425.54,426.4
124.56,241.46,403.97,509.86,566.96,539.18,478.4,418.11,381.35,330.59,320.91,324.83
230.03,401.58,517.86,579.25,551.31,488.24,420.86,381.32,330.32,323.13,332.04,383.2
451.2,562.7,621.23,588.87,514.04,428.45,362.12,286.5,262.46,267.52,321.03,405.75
608.13,652.34,607.6,527.06,434.43,354.52,261.94,218.79,205.17,249.07,328.76,449.51
598.38,545.68,461.69,379.78,317.7,245.11,224.91,226.61,271.75,342.97,453.83,555.77
766.38,681.92,584.06,465.1,340.57,272.88,270.17,324.2,446.23,603.33,728.99,810.96
746.63,637.79,506.94,376.09,293.49,265.39,290.15,384.04,516.92,632.5,711.9,730.65
577.79,458.36,340.74,275.92,257.54,287.29,374.56,507.04,610.65,682.11,701.34,646.47
251.32,131.59,78.03,120.34,195.38,314.7,424.96,495.8,493.83,458.56,379.52,296.49
435.06,366.86,378.6,382.64,432.44,476.47,514.33,487.3,484.4,446.88,385.52,291.37
456.84,467.81,465.01,490.08,513.44,534.17,508.21,511.69,491.95,444.44,356.38,271.33
650.07,622.94,623.8,607.51,593.15,533.68,521.02,483.38,444.29,367.95,284.97,190.15
528.57,525.84,514.67,514.74,482.56,505.95,509.71,504.4,440.59,351.82,246.93,218.91
801.9,767.06,735.98,634.12,602.92,563.07,558.81,497.56,461.17,401.62,390.54,379.32
706.51,680.62,582.43,554.58,531.07,553.82,534.74,539.77,506.4,501.36,487.73,523.73
652.72,540.99,504.84,485.0,521.4,520.13,546.16,523.51,522.6,504.46,530.64,541.45
453.07,438.05,434.32,477.77,493.9,548.25,571.96,620.94,644.35,689.47,706.88,745.47
443.85,453.33,507.15,524.24,572.49,587.24,622.87,640.04,687.86,713.98,762.44,756.03
282.88,356.27,396.96,493.17,538.02,591.31,584.11,611.3,587.39,602.64,588.55,598.62
494.96,512.66,585.93,612.14,635.21,585.81,557.0,473.42,450.8,425.4,432.68,424.61
435.59,524.59,566.58,600.77,566.69,556.43,497.62,504.44,494.79,505.97,499.87,541.2
506.66,539.2,572.53,550.32,547.44,490.24,482.16,452.22,439.39,418.09,452.35,472.55
377.03,430.1,430.49,462.02,437.6,463.2,452.65,461.52,435.63,459.37,476.69,552.0
183.74,184.32,231.54,270.97,354.91,394.33,407.58,371.49,341.99,312.86,364.25,429.7
93.61,171.89,234.1,330.75,382.9,414.03,399.25,400.11,397.4,465.03,542.26,631.35
127.09,198.19,303.05,374.66,409.57,386.14,352.71,318.36,350.33,410.79,498.81,564.43
103.75,227.01,318.37,381.77,372.05,340.49,283.59,299.63,330.3,401.64,467.18,533.01
309.57,394.22,451.69,438.1,384.22,289.65,247.84,224.58,255.68,308.47,376.19,416.67
242.56,309.25,313.8,302.5,238.95,217.34,181.98,201.25,211.22,246.73,276.43,340.14
544.47,515.93,468.94,362.87,292.59,199.06,164.6,118.46,133.63,166.24,232.14,274.7
630.48,581.77,464.88,361.19,242.33,188.57,156.02,191.84,259.9,350.43,402.98,454.99
634.59,498.03,379.55,252.87,193.22,150.91,179.76,235.65,315.78,361.24,406.12,398.92
850.9,714.23,551.32,407.45,285.88,240.72,274.11,343.42,437.45,532.34,549.33,517.89
594.35,429.14,292.49,199.68,184.77,246.99,333.17,438.86,515.4,509.41,463.83,382.09
356.2,216.34,126.23,129.14,210.16,316.3,429.03,507.1,489.62,431.62,341.48,229.21
420.05,319.0,297.99,327.86,387.83,462.38,529.94,505.24,478.32,419.47,320.97,214.16
457.0,430.37,447.11,467.51,512.74,557.87,540.81,526.01,501.31,429.16,332.08,239.5
713.91,704.33,690.88,669.24,656.46,587.79,559.31,522.31,482.92,417.25,335.36,236.16
482.17,482.44,487.17,515.37,500.55,537.07,562.21,579.83,529.4,435.93,324.94,277.28
620.46,596.61,599.34,554.38,568.39,573.28,579.98,510.19,421.3,319.41,271.15,260.61
666.23,675.88,626.65,608.65,599.45,609.89,584.34,544.46,505.59,494.97,497.76,540.78
655.33,601.71,581.08,572.67,591.82,577.76,555.17,530.22,527.74,530.96,569.62,603.77
253.94,252.41,276.29,369.95,435.56,496.01,526.78,567.7,555.88,560.2,572.24,621.99
424.4,468.18,565.87,587.18,600.54,588.82,615.49,607.85,663.94,728.53,811.81,841.72
705.34,792.82,791.25,765.2,692.0,638.11,543.9,526.65,553.31,637.26,679.28,723.25
472.25,470.59,468.66,480.53,503.13,472.93,463.56,483.1,492.27,464.8,473.06,467.88
275.55,286.7,321.42,388.25,401.21,435.24,475.41,500.96,461.49,452.35,438.46,468.92
158.81,202.85,283.16,327.01,388.07,453.59,483.3,443.18,417.97,390.82,416.7,473.55
150.28,260.12,325.71,395.72,464.43,496.6,454.39,440.14,423.9,461.9,532.41,599.91
134.4,194.7,266.59,379.0,437.35,404.77,352.12,288.37,252.47,273.22,319.75,376.21
171.75,258.73,383.74,443.14,411.94,360.88,306.95,286.81,325.59,384.39,448.72,523.01
264.9,396.21,463.97,439.75,383.38,313.51,264.03,279.07,317.87,376.6,455.34,524.27
368.59,446.24,433.79,395.17,325.31,264.16,241.35,250.44,273.81,336.77,407.85,467.15
402.71,365.73,312.73,269.47,221.04,192.6,155.17,120.76,106.33,128.42,164.94,235.21
517.93,448.98,382.92,293.46,236.14,176.29,154.43,150.93,208.55,270.51,346.99,401.28
838.32,768.15,651.17,496.28,346.03,241.79,224.55,289.94,429.4,577.6,669.1,683.73
917.97,773.11,592.06,420.39,285.27,224.11,242.95,335.66,447.68,524.0,532.41,487.56
678.49,487.41,317.52,206.48,172.39,217.99,326.68,446.83,505.9,492.27,432.03,338.02
538.16,358.12,236.01,188.02,225.2,331.36,457.29,519.29,517.33,465.59,372.41,264.12
446.03,318.2,257.03,266.9,354.89,471.7,545.04,554.55,529.75,456.06,353.54,243.99
423.86,357.17,354.43,410.19,505.53,566.75,589.71,579.44,538.77,459.04,355.99,239.6
471.12,462.1,506.62,568.72,606.71,615.73,618.5,592.01,546.77,467.39,358.18,258.21
550.81,590.59,647.45,659.46,651.53,644.65,630.38,599.32,550.01,461.7,369.14,306.99
587.13,637.34,648.04,639.31,637.82,633.13,613.49,572.03,488.56,395.53,330.26,312.82
671.25,671.58,653.21,639.45,632.47,617.65,592.04,520.11,442.42,384.36,365.45,395.46
557.21,537.41,526.99,537.03,554.07,568.91,543.28,502.41,459.65,436.48,456.01,529.15
828.47,811.94,797.44,736.96,687.22,608.4,572.58,545.53,595.79,677.27,778.34,844.64
951.09,939.93,872.38,789.57,675.69,603.22,563.33,613.22,715.76,839.44,920.23,970.93
426.56,376.73,342.6,357.78,402.21,465.27,539.81,650.91,687.22,682.85,692.26,694.24
327.78,303.33,327.83,389.21,457.93,533.87,623.26,639.45,617.18,621.7,627.2,628.99
82.04,130.09,217.45,339.22,457.76,583.61,599.3,575.74,544.75,521.95,515.32,544.04
94.3,191.76,322.13,453.46,582.93,595.0,549.06,498.3,455.42,440.76,470.39,480.02
175.04,317.33,457.0,593.54,602.99,549.54,481.48,426.13,399.51,424.8,437.26,474.15
154.79,307.07,468.45,521.34,502.27,458.73,397.77,364.8,357.3,344.2,373.07,434.72
385.0,541.86,590.52,563.82,500.67,410.27,335.4,290.06,253.94,279.42,346.12,437.57
543.71,589.72,561.29,503.53,411.85,329.53,265.68,212.73,216.54,271.63,360.57,472.97
830.38,764.47,664.59,523.6,393.82,274.74,185.52,149.47,196.01,290.99,402.67,515.94
671.94,579.73,448.49,329.87,235.62,180.67,200.53,301.0,430.74,549.75,659.79,728.95
480.8,372.9,278.77,207.9,169.21,202.94,307.86,451.77,574.34,687.16,763.69,772.29
382.25,274.12,190.54,168.57,196.1,275.32,351.98,403.35,441.98,481.3,478.86,451.12
424.24,341.71,309.14,301.34,342.97,382.03,413.48,442.03,498.14,518.1,504.42,427.81
267.85,231.45,225.84,289.99,345.85,387.55,405.78,446.94,432.9,392.5,302.46,206.29
377.52,362.3,413.85,435.16,445.57,437.04,470.3,450.38,432.09,363.64,276.92,177.0
630.32,667.39,664.4,611.1,543.13,520.23,478.34,447.28,410.12,358.75,277.03,228.59
570.84,550.57,494.18,449.88,458.5,449.97,439.42,409.02,336.4,226.9,157.5,119.73
411.46,359.17,325.15,353.27,382.16,423.88,453.74,433.37,353.41,286.54,241.02,253.1
342.03,303.88,326.39,349.46,399.75,448.63,463.33,410.66,372.86,340.37,351.52,402.24
626.69,658.58,664.87,626.98,598.61,548.99,499.07,485.17,542.94,631.95,722.88,769.5
979.29,963.35,890.41,798.08,674.4,539.68,462.35,467.68,550.54,658.66,718.43,725.84
822.85,738.91,652.45,567.85,470.38,422.39,435.12,515.96,584.07,604.41,588.83,566.49
861.5,759.87,661.44,537.26,465.94,457.39,531.41,592.87,628.01,628.14,611.98,574.95
686.2,593.01,475.44,419.15,427.0,520.7,595.55,643.88,642.12,620.11,580.22,554.2
548.64,420.66,356.98,376.18,483.62,571.72,620.79,611.56,571.21,515.79,478.4,432.79
299.44,246.18,274.43,398.53,514.83,602.87,639.47,639.16,606.46,571.06,519.83,486.46
94.65,156.56,314.31,455.2,572.1,645.79,684.45,696.55,693.74,657.07,632.32,597.12
117.75,293.21,450.87,585.3,658.64,686.76,659.94,626.1,559.75,525.57,496.49,491.72
193.51,355.79,502.03,609.94,656.75,636.2,567.83,465.41,376.9,314.41,299.98,330.05
233.42,377.24,492.45,571.61,580.71,535.46,430.53,331.84,235.23,192.37,207.86,302.59
510.45,617.38,682.99,657.91,585.64,458.13,362.49,270.01,257.39,297.75,402.34,530.74
460.55,550.64,553.2,511.99,416.78,354.23,291.74,315.01,365.7,468.3,597.96,752.75
590.11,577.69,524.84,435.27,364.13,277.58,253.35,253.7,309.88,418.18,566.79,685.65
605.71,560.75,471.75,395.01,297.34,258.0,248.71,303.22,413.66,568.24,693.94,795.25
513.85,421.16,345.73,269.25,239.41,225.97,253.54,335.82,449.72,550.82,643.43,671.62
423.11,354.95,282.79,258.39,239.09,254.1,314.16,411.86,497.92,586.06,617.54,595.55
386.47,312.5,286.22,269.63,273.32,311.3,369.18,419.32,475.36,494.84,473.13,409.43
353.26,315.46,289.04,291.26,320.13,360.84,380.39,404.07,393.06,356.48,287.31,211.91
473.28,434.95,420.01,411.49,418.71,409.06,423.76,406.22,388.85,338.85,271.24,186.12
429.71,408.04,396.24,401.26,396.5,419.91,416.93,410.93,366.57,297.67,207.83,157.37
426.35,401.92,398.63,385.54,411.9,419.36,434.59,403.86,350.69,265.92,211.35,174.72
520.44,521.21,502.21,489.78,470.93,472.98,465.44,442.99,413.49,398.16,378.39,381.95
364.42,341.48,335.5,352.8,394.89,426.83,424.88,404.56,366.42,319.02,304.28,320.54
589.26,576.87,572.69,549.86,526.53,478.74,457.84,427.75,437.32,472.27,511.19,532.33
717.53,708.04,672.04,614.76,534.74,482.01,443.16,450.47,503.96,561.68,592.36,615.88
930.62,873.54,791.24,664.56,564.98,475.37,453.46,482.41,547.94,595.55,627.38,614.24
879.43,786.29,653.11,554.41,467.0,446.53,477.79,543.02,582.57,605.33,585.3,563.29
719.69,579.1,480.99,408.46,407.99,461.29,542.81,592.01,609.53,579.14,547.95,508.48
428.99,338.31,277.06,306.02,394.46,516.76,596.81,638.96,608.81,566.98,518.74,487.71
235.71,191.99,236.12,341.51,484.17,591.49,657.66,651.88,625.03,581.84,552.82,509.76
158.33,216.02,330.01,479.0,588.38,655.25,643.34,614.08,568.88,541.4,502.2,480.79
96.63,225.82,394.52,533.24,623.55,631.88,603.21,558.37,515.63,463.07,438.11,422.44
175.36,361.36,518.89,624.42,638.05,609.44,548.09,496.21,431.96,403.88,393.95,424.54
266.1,416.22,525.53,573.15,566.86,515.41,434.9,334.07,249.21,201.41,216.48,296.59
437.42,547.73,595.37,581.67,526.6,443.98,348.95,271.74,236.33,260.34,344.57,472.67
851.47,873.77,822.58,699.8,551.78,389.12,279.25,216.15,260.94,375.17,517.27,655.93
655.95,618.09,518.48,416.68,305.08,246.34,226.86,312.32,423.01,544.56,669.99,787.64
857.7,741.57,615.14,456.88,343.47,261.67,299.82,370.9,495.88,643.04,775.6,826.86
606.92,491.0,345.59,268.31,212.2,267.96,333.99,455.38,569.38,675.53,717.82,736.79
372.72,228.38,160.66,141.38,222.85,303.82,405.78,496.72,558.4,570.58,577.78,509.57
420.06,345.05,304.49,345.85,378.46,429.18,479.23,506.93,519.87,543.43,487.23,406.22
494.02,446.49,475.38,473.79,490.45,505.88,516.38,517.88,553.41,513.73,441.64,332.56
415.97,438.87,438.79,465.32,490.41,508.57,508.48,539.2,483.99,397.75,280.38,180.67
609.94,591.99,598.52,583.69,567.7,540.37,563.53,500.25,435.08,338.12,245.7,167.54
551.62,550.02,532.04,517.95,505.9,551.11,518.0,476.81,390.77,296.52,210.82,215.82
493.89,465.09,446.52,438.82,506.94,509.4,515.52,463.73,393.84,310.59,305.99,315.63
540.56,543.5,541.65,573.9,555.72,559.46,550.95,537.48,533.83,582.32,616.28,673.14
536.23,519.45,541.18,530.94,539.47,527.19,496.85,468.14,485.97,500.25,545.82,594.82
594.38,635.09,633.52,617.03,583.33,538.36,523.57,569.38,631.61,713.28,782.81,812.91
763.77,750.41,719.93,670.25,593.01,531.91,519.07,528.16,574.33,635.46,668.42,677.05
743.39,696.38,637.37,569.95,513.79,496.52,485.9,506.41,530.79,539.03,534.82,540.79
609.45,553.68,495.47,456.59,461.87,477.86,523.07,569.03,583.39,574.86,575.83,562.67
444.13,395.71,369.04,398.66,437.53,506.65,562.8,586.38,570.71,562.6,545.75,542.97
252.42,231.19,271.24,344.04,445.06,530.76,561.16,545.68,514.98,477.21,463.65,465.72
233.28,290.19,372.41,467.92,548.36,577.19,567.72,549.96,534.06,537.92,551.04,555.38
136.72,236.78,354.72,474.54,532.55,545.68,522.09,501.4,476.94,468.09,466.52,480.23
160.98,285.37,417.24,500.13,527.15,508.22,465.65,419.15,378.27,358.05,367.66,403.23
205.34,346.08,441.86,492.0,488.22,454.93,397.35,346.12,303.72,298.94,331.81,403.53
295.58,394.38,451.14,464.11,440.91,386.87,321.75,265.58,238.38,257.75,326.15,422.17
531.04,573.16,566.59,516.46,432.65,332.22,248.86,195.53,209.46,283.51,383.08,495.82
642.28,633.34,577.42,476.0,360.98,262.81,213.06,234.7,325.34,437.36,555.49,651.48
507.99,459.05,372.18,290.56,219.93,191.06,215.32,308.21,397.98,495.84,583.79,641.14
475.25,385.57,300.9,235.39,200.05,209.1,271.39,332.22,403.9,481.77,538.87,556.1
436.53,349.73,277.52,235.46,229.79,270.43,304.58,353.53,415.2,469.26,488.78,477.22
500.16,414.02,352.26,316.98,323.85,319.43,337.88,371.58,419.78,445.25,437.55,374.73
575.18,504.95,454.41,423.81,382.83,366.07,386.48,427.5,470.35,481.57,427.98,343.34
365.95,312.14,291.79,285.22,303.66,357.53,412.28,460.71,447.86,367.61,267.08,177.91
366.54,341.16,329.26,333.09,376.95,427.7,479.35,469.17,403.96,315.7,231.12,160.05
557.21,528.66,504.87,494.92,499.35,511.21,490.45,417.34,356.59,299.96,240.04,209.92
362.63,337.05,335.07,368.99,425.85,458.07,437.5,417.24,366.47,290.55,242.74,232.75
349.55,355.72,394.55,436.81,468.25,460.89,480.23,470.35,446.29,428.19,428.03,428.3
618.27,654.15,677.32,645.63,575.28,534.3,499.42,463.85,484.31,527.95,553.6,586.15
705.36,715.61,673.77,597.84,547.94,496.44,440.2,439.28,461.37,475.62,503.04,523.7
649.08,603.76,530.89,497.33,464.17,426.76,438.11,468.24,474.34,488.83,500.32,505.44
533.57,458.55,427.56,409.34,389.83,420.35,464.39,479.21,490.01,493.67,492.24,513.26
794.26,746.93,695.23,595.81,551.22,523.43,511.43,505.43,553.16,600.98,646.78,658.21
532.21,500.05,426.64,429.31,448.13,483.22,506.7,583.96,619.31,642.11,642.37,625.94
365.07,288.05,298.13,356.09,422.53,469.7,535.54,550.82,530.15,497.62,465.26,425.41
142.51,166.52,240.71,336.64,414.3,513.31,549.84,546.7,512.23,471.42,427.02,427.41
115.87,215.74,333.89,420.03,524.3,568.06,568.68,547.47,522.44,491.86,504.91,497.92
111.5,236.01,331.77,470.86,532.51,538.37,481.68,420.13,333.98,312.67,295.34,323.65
146.31,240.04,384.65,470.11,497.72,458.17,395.73,301.42,256.5,219.19,236.65,291.45
147.13,311.4,418.12,462.08,441.0,399.1,326.24,307.1,286.03,310.02,369.82,471.7
252.3,368.55,425.21,425.54,393.16,322.04,281.99,242.95,242.12,289.15,391.35,494.29
348.77,404.36,404.27,385.31,315.32,263.75,191.34,158.88,167.46,250.07,348.78,480.48
527.7,505.7,463.01,371.43,295.74,191.37,132.09,109.95,177.56,273.1,401.88,502.01
790.45,750.17,642.36,495.79,323.26,199.57,165.45,241.07,395.12,578.45,708.76,771.05
1126.45,975.96,779.57,537.96,331.92,198.42,190.6,266.92,422.85,559.89,629.33,617.49
1050.8,834.05,576.4,357.09,212.33,190.47,262.76,413.56,543.18,605.88,587.45,513.52
890.02,608.63,371.12,216.14,189.05,257.93,409.35,532.78,590.35,566.63,484.62,349.24
495.0,256.27,103.62,94.51,193.09,385.18,549.95,640.23,627.2,539.08,393.29,248.63
358.26,203.04,182.01,246.04,417.12,574.91,686.34,694.83,652.21,538.6,404.44,239.06
471.34,445.22,485.06,583.99,679.92,741.83,748.23,713.01,656.93,572.69,429.54,281.34
703.12,724.6,797.95,830.03,837.89,797.14,754.22,694.86,648.66,539.5,404.13,268.39
618.28,688.33,730.76,758.08,748.42,743.94,722.69,707.22,604.78,459.02,311.64,237.03
909.69,926.51,926.41,861.98,816.19,764.41,750.11,646.66,538.57,423.39,359.06,346.05
648.45,655.81,610.98,616.01,634.38,702.82,675.1,629.56,523.14,437.87,404.41,488.15
501.74,460.38,474.26,516.4,626.93,654.5,668.66,609.74,552.19,520.93,595.87,682.83
350.11,403.61,472.26,591.49,635.32,678.26,667.94,669.35,692.92,798.5,901.62,1029.56
479.62,558.38,680.43,715.4,733.07,683.83,637.69,624.21,713.54,822.38,962.92,1041.74
416.91,565.97,630.37,693.34,664.17,619.84,567.38,628.59,685.46,795.91,873.21,933.55
501.69,558.89,626.96,636.92,603.05,535.86,524.44,506.42,526.85,554.34,600.63,626.79
415.28,484.45,505.4,513.93,477.56,484.39,447.52,444.59,419.17,427.71,439.09,512.02
239.39,271.43,304.36,327.13,390.68,408.01,425.01,410.69,389.91,369.1,425.91,483.48
146.92,203.75,247.26,337.7,375.92,412.64,402.42,391.1,366.06,419.37,480.15,572.29
77.11,122.42,219.83,295.19,358.52,363.68,334.77,284.81,292.47,321.52,400.4,481.61
110.17,238.58,336.02,398.53,396.85,360.18,309.6,332.42,385.03,485.38,584.92,659.45
206.11,303.9,371.79,396.79,361.13,290.29,249.94,241.56,273.18,337.45,405.21,454.41
291.51,358.21,386.15,364.68,293.33,238.53,191.75,187.6,210.36,257.18,302.65,359.54
589.49,589.48,536.26,422.06,317.96,212.46,157.8,131.1,161.79,212.14,273.22,318.51
629.98,572.11,452.42,336.7,224.45,165.13,149.0,192.61,255.72,322.75,368.82,405.43
762.4,613.76,467.13,315.37,219.19,163.56,185.35,224.4,292.95,348.07,385.74,384.65
697.97,544.36,380.65,259.08,187.32,199.95,257.28,345.8,430.97,487.03,490.68,464.67
649.69,477.97,344.74,247.64,238.31,276.19,361.9,447.51,520.24,539.36,519.63,436.15
605.19,457.01,339.55,302.35,312.79,371.5,441.28,498.45,519.11,506.22,424.57,317.66
698.92,562.35,496.94,447.65,455.49,481.28,531.31,548.26,570.58,521.34,426.46,291.34
538.98,469.53,419.93,427.26,462.62,529.57,573.23,618.91,584.05,490.25,350.1,224.68
447.3,392.26,399.43,435.04,512.24,575.89,646.49,630.41,552.82,416.86,288.01,172.35
773.47,758.14,752.66,733.97,714.5,713.38,681.8,597.02,521.23,450.66,360.53,310.35
719.39,701.5,676.46,657.12,674.41,671.22,630.82,589.27,537.19,444.49,382.41,356.78
761.41,737.46,716.4,706.52,694.82,662.11,664.65,658.76,626.62,599.4,583.96,576.07
615.0,595.37,593.01,605.77,603.38,640.36,662.25,650.37,621.85,595.18,577.7,614.09
607.17,614.51,633.25,621.74,655.64,680.01,683.97,675.93,678.65,682.14,728.92,768.7
426.93,462.42,471.27,550.43,613.16,651.59,649.52,656.59,632.92,654.3,684.25,729.6
298.83,321.27,419.45,522.84,594.76,620.72,627.93,601.74,597.1,605.55,642.85,681.93
351.47,458.26,565.14,633.02,646.66,635.2,586.25,564.75,567.59,609.87,656.85,717.76
409.5,533.64,619.38,650.14,643.43,591.61,550.66,542.09,567.93,608.39,674.05,718.4
445.55,532.15,571.78,599.98,564.1,521.77,469.54,451.82,429.38,457.65,491.18,553.82
180.82,223.96,277.54,330.69,370.57,390.91,388.14,362.57,322.74,292.03,321.36,401.37
152.83,233.57,309.12,358.37,389.13,401.8,395.55,383.56,381.91,431.19,524.88,625.59
99.25,187.46,251.05,322.04,358.4,362.89,323.82,294.89,295.57,358.82,451.75,557.37
148.14,224.83,307.01,358.0,365.16,319.04,266.84,250.12,292.91,377.74,485.96,569.52
232.43,316.53,369.36,385.57,332.66,259.46,202.56,208.96,258.01,350.57,433.3,505.63
741.76,773.31,752.06,611.71,439.33,272.98,202.8,192.2,296.93,419.08,518.97,558.48
750.48,714.05,568.44,413.31,254.7,178.29,141.38,217.55,289.94,355.2,379.38,403.58
720.5,548.26,377.85,225.01,156.14,123.58,194.82,251.16,292.01,296.03,305.13,278.7
588.85,414.29,251.98,164.99,125.71,200.19,283.17,350.39,386.45,413.72,391.15,378.91
982.88,780.69,627.71,454.27,405.16,371.08,395.6,399.67,491.43,540.93,560.88,486.83
604.99,467.17,312.82,293.92,300.54,374.25,433.94,581.03,645.98,655.72,570.97,462.09
46.56,-96.68,-76.91,30.08,202.75,360.69,547.92,633.94,594.32,451.74,309.96,147.51
289.1,303.57,379.31,457.61,522.16,624.92,671.81,608.57,523.72,449.44,325.11,235.68
372.15,444.25,515.21,561.59,650.04,684.52,617.81,531.19,461.7,342.41,254.83,182.57
414.17,477.99,523.38,615.93,662.77,612.8,543.85,486.64,369.67,275.07,193.6,147.6
574.82,599.58,672.94,691.06,627.28,554.87,520.61,417.73,353.33,288.23,241.22,266.43
707.07,789.27,810.11,705.58,611.73,570.6,510.2,498.3,509.98,514.4,561.83,646.91
707.09,726.08,626.01,557.02,536.57,493.09,477.57,481.94,460.26,486.15,561.54,634.18
574.55,477.96,416.64,430.79,421.61,439.32,458.13,445.03,450.71,503.73,563.32,648.83
716.69,630.18,608.1,542.46,510.38,478.27,447.47,433.65,508.67,594.89,689.03,761.54
356.23,390.07,380.4,397.96,419.0,451.26,504.24,659.4,787.93,893.0,974.56,986.99
233.09,237.56,279.0,360.47,416.79,467.89,546.64,603.22,612.93,643.0,646.2,610.61
69.14,99.65,181.8,295.68,382.27,475.46,480.7,424.84,354.02,290.81,227.34,227.86
94.51,196.63,325.65,404.7,496.45,507.52,472.81,431.02,405.62,367.61,381.88,379.96
116.84,255.63,346.37,462.44,486.76,458.29,398.14,355.84,287.97,283.02,276.59,309.57
187.35,275.77,397.24,442.36,430.11,380.21,329.36,247.92,217.53,192.71,217.47,277.9
339.83,462.42,505.74,477.9,413.1,346.07,258.8,227.39,214.58,252.57,321.32,426.05
538.44,577.34,542.79,464.87,380.69,273.03,224.64,198.36,233.97,306.7,415.82,504.63
683.89,636.2,541.96,437.98,306.8,227.5,175.98,189.44,251.3,360.56,450.57,544.3
469.77,367.01,267.58,178.1,142.41,130.2,163.73,232.15,311.65,367.62,439.2,487.54
932.89,825.61,694.77,523.19,377.51,285.14,308.7,372.83,520.41,689.09,791.45,788.22
518.66,384.06,228.65,167.92,145.75,221.46,276.64,401.78,475.47,497.89,455.97,411.0
325.57,166.81,110.4,103.54,195.72,268.58,400.28,475.2,491.94,442.9,392.12,272.99
473.64,407.09,369.14,387.89,387.11,450.21,492.85,488.25,474.26,466.74,371.29,287.74
387.14,344.13,362.65,364.21,435.86,488.72,496.59,491.67,484.03,383.18,293.41,185.85
194.62,220.25,237.43,339.79,428.77,478.67,503.71,520.35,418.17,314.65,196.58,110.28
438.38,439.03,516.64,552.04,555.25,541.85,548.36,436.85,366.15,280.7,207.88,168.23
394.48,475.58,516.27,519.65,519.86,546.94,470.8,434.44,373.09,308.03,267.56,303.42
519.58,552.88,549.93,537.67,560.26,486.63,464.35,413.59,368.07,338.04,374.85,392.6
514.49,524.22,520.47,544.22,476.45,465.71,437.03,418.81,410.77,458.63,481.48,563.6
564.85,535.2,539.5,468.46,456.13,418.64,386.51,352.6,376.95,385.26,455.73,522.94
698.49,728.82,664.15,600.84,519.66,457.06,444.24,512.58,602.41,735.26,837.07,887.62
840.04,751.01,665.62,578.38,489.84,430.45,426.04,442.68,510.36,583.29,625.54,633.61
818.11,709.96,603.05,503.31,434.23,415.07,420.74,471.33,528.61,560.63,559.69,549.78
599.69,507.57,426.93,376.16,382.88,423.09,514.5,614.02,671.6,676.95,667.81,615.05
257.43,192.45,167.66,236.65,329.66,468.78,571.7,628.09,590.98,545.32,477.9,429.62
12.25,-7.99,72.06,209.44,388.47,528.36,586.4,540.24,458.32,360.61,297.1,259.54
35.78,138.37,285.0,443.58,567.15,617.32,583.58,524.8,470.04,440.03,421.38,411.45
112.13,266.11,432.48,566.47,618.68,580.67,503.34,432.02,383.06,354.68,343.97,351.56
220.26,394.66,541.79,608.37,578.41,503.79,422.43,366.16,324.55,306.05,313.75,360.86
455.55,592.6,652.78,617.09,529.72,427.7,341.5,270.14,230.39,231.3,278.45,370.02
707.13,753.6,702.37,591.25,466.4,354.98,268.91,216.05,218.15,271.82,366.6,488.92
657.53,597.14,484.6,381.99,298.16,238.22,205.11,218.26,258.0,332.68,439.82,559.85
547.1,439.55,341.19,263.51,216.24,200.21,240.81,307.03,401.98,516.63,637.13,723.25
694.57,595.99,499.63,394.39,314.79,289.37,320.73,396.6,540.86,701.38,813.09,847.75
514.38,423.35,327.04,277.0,265.32,296.26,343.39,461.68,575.13,656.8,682.75,642.87
326.92,230.46,188.6,210.8,261.15,316.32,406.78,489.74,521.66,514.97,463.18,361.89
220.37,175.95,196.94,254.22,309.67,396.65,461.39,473.34,445.32,382.61,278.01,186.53
357.18,368.43,408.74,421.31,468.17,495.4,489.79,448.83,405.73,325.1,245.77,163.85
574.4,598.23,586.85,584.39,568.19,523.61,470.61,418.88,360.21,302.97,229.54,171.97
406.57,390.62,399.24,422.03,428.95,433.82,430.16,405.79,342.58,244.26,165.32,141.67
480.29,481.57,494.83,471.38,461.64,455.81,459.43,422.5,371.58,323.61,309.09,330.29
709.4,719.31,677.02,606.43,549.2,511.41,477.21,439.07,446.09,478.56,522.25,571.33
567.91,527.93,467.76,445.42,444.33,444.35,424.4,444.34,456.42,475.06,509.2,548.1
651.11,574.44,531.74,503.05,478.61,434.94,445.96,446.39,474.66,520.14,561.26,580.05
550.77,526.63,511.66,484.4,442.46,461.25,487.45,549.9,629.47,690.79,720.44,738.17
712.87,685.02,640.15,566.34,541.3,512.8,519.64,550.76,594.61,630.86,658.09,630.98
868.53,805.08,706.0,645.77,575.71,535.49,527.37,535.71,559.23,589.2,565.27,528.61
751.85,636.94,571.43,514.04,493.25,503.92,527.13,556.01,572.45,530.23,478.06,428.46
272.18,226.02,205.5,260.49,357.43,476.28,575.94,650.1,605.34,524.16,453.55,414.23
88.13,97.39,179.9,302.18,445.7,578.09,673.77,655.16,592.35,532.22,501.98,481.84
34.34,123.44,248.89,411.57,552.52,648.25,602.0,510.37,413.69,364.4,339.68,370.7
116.23,250.8,418.93,558.48,654.16,609.24,522.99,432.96,394.09,375.8,409.91,436.9
249.56,438.04,594.65,689.34,638.06,543.56,449.33,417.74,412.76,459.65,498.64,563.94
389.43,537.64,636.26,611.75,528.34,428.59,356.12,306.15,296.09,301.67,356.16,444.29
671.19,765.17,732.03,623.01,491.95,383.01,303.24,272.02,278.01,344.77,444.2,562.61
693.69,641.22,522.31,417.04,329.62,261.43,217.08,198.97,216.41,277.66,374.91,492.24
976.84,831.84,684.5,514.38,375.52,266.1,239.38,253.57,367.18,512.69,648.5,736.41
575.29,449.52,308.84,222.14,170.47,204.66,273.9,440.47,591.01,709.59,785.79,819.82
490.66,359.26,278.77,225.91,244.37,290.19,421.39,546.35,654.1,735.94,781.24,721.68
336.22,254.27,198.26,236.11,279.68,392.87,462.81,516.65,535.88,548.94,481.75,410.57
274.03,210.03,242.29,285.91,395.78,457.66,493.44,491.86,485.35,408.1,332.01,212.57
381.92,408.45,437.02,504.5,526.66,527.37,514.46,502.7,450.56,399.34,291.86,195.62
416.75,437.68,503.6,522.62,525.61,518.5,516.42,470.26,423.47,315.32,215.53,141.11
397.84,460.21,482.31,490.6,497.21,513.88,487.84,457.13,356.87,256.3,177.83,167.34
494.53,505.88,504.0,498.18,512.97,494.18,482.26,394.54,312.44,242.66,230.88,256.53
548.8,548.62,538.04,530.79,504.67,495.78,440.05,392.22,364.95,378.3,411.3,493.15
640.29,614.5,589.42,539.3,515.46,447.98,409.28,386.28,418.02,462.82,544.61,609.23
623.63,625.87,594.02,557.53,482.19,444.12,449.84,525.95,623.56,740.2,824.74,875.05
783.79,727.03,665.9,572.97,498.53,448.45,449.56,472.67,535.4,602.3,650.25,662.25
726.5,663.53,569.45,497.53,447.5,445.7,464.37,524.15,582.03,623.35,632.8,623.06
536.29,442.26,379.95,363.17,391.74,437.01,500.84,557.46,572.35,557.43,535.02,492.77
354.03,293.46,281.36,330.36,395.46,479.71,543.2,559.7,532.71,497.95,448.45,415.15
318.17,315.78,368.63,422.81,499.0,559.27,582.86,567.68,555.53,524.01,500.46,469.06
251.51,313.47,377.34,469.59,541.44,573.9,554.29,538.85,494.24,461.16,427.42,407.65
186.98,258.89,366.03,469.19,529.16,534.81,523.24,478.86,426.26,374.14,346.21,340.65
111.12,232.12,355.55,449.28,486.2,504.21,469.83,425.55,360.71,318.95,308.41,355.77
202.91,331.82,432.24,478.57,501.64,469.53,416.34,342.91,292.13,278.08,326.74,402.26
423.01,525.78,567.23,570.79,514.82,434.36,340.27,276.54,266.31,326.56,411.88,520.22
579.36,603.63,592.44,530.97,441.72,330.08,245.2,209.61,246.36,318.69,419.68,524.89
754.12,740.24,669.01,542.48,397.23,280.46,243.84,288.35,394.07,523.8,643.41,727.8
577.98,512.62,402.47,302.1,221.03,210.8,252.83,354.0,445.69,533.45,605.05,653.64
533.87,416.34,309.4,232.84,216.55,243.37,312.11,371.27,428.83,487.79,533.93,539.19
579.37,460.89,362.11,311.11,299.48,326.46,356.38,388.97,448.0,505.67,518.07,495.01
612.4,503.51,435.55,388.53,382.22,378.88,399.75,451.49,524.05,552.86,536.7,459.73
333.54,274.63,246.66,279.68,314.9,374.33,446.67,536.0,549.54,511.29,422.17,320.95
221.5,196.08,237.21,287.49,358.24,441.72,526.01,532.57,482.52,386.11,283.0,187.82
346.27,377.15,409.61,445.95,495.36,546.86,530.9,460.87,371.02,283.08,196.4,152.11
496.8,514.39,531.96,548.88,578.85,548.0,485.82,401.46,335.16,263.07,220.3,195.72
585.54,595.4,602.76,606.43,565.17,503.39,450.89,415.11,383.69,362.5,340.96,351.32
558.55,565.23,573.22,533.77,485.15,453.52,452.36,451.81,455.93,442.85,452.11,485.11
578.36,595.84,563.43,508.32,472.37,470.61,478.54,497.62,506.1,531.9,575.08,623.66
587.33,546.0,483.11,456.24,456.74,459.8,456.35,438.77,432.35,456.7,497.38,542.09
488.81,426.25,400.12,410.67,428.03,439.97,438.25,444.13,469.23,504.54,543.27,579.25
541.49,516.64,520.2,507.66,492.22,465.6,469.8,499.44,563.73,628.27,677.13,687.04
835.8,833.78,799.28,714.02,610.17,533.39,514.83,549.04,639.67,729.35,766.49,748.15
792.54,743.07,654.11,573.55,508.12,486.36,487.28,540.27,571.13,568.93,533.52,490.44
341.44,257.59,208.25,237.97,312.87,409.3,505.51,560.04,506.65,410.22,331.39,285.03
230.46,189.62,223.87,297.05,398.85,510.58,586.78,554.02,484.95,423.82,384.44,376.88
86.22,139.93,227.83,346.12,477.18,577.23,565.14,518.03,467.61,431.28,425.83,449.78
79.61,185.18,318.28,461.97,570.91,566.82,519.99,474.12,438.9,434.44,461.97,475.11
186.37,327.54,477.61,591.13,581.21,521.46,451.83,397.37,377.36,400.34,416.56,459.98
388.41,536.46,650.35,633.67,558.64,464.44,379.85,334.2,342.43,357.71,405.91,471.45
701.27,803.38,772.27,668.3,536.62,406.21,318.17,291.15,295.04,349.15,422.92,504.79
744.68,695.89,584.4,474.15,362.41,285.42,249.89,236.45,250.36,291.77,355.37,443.9
665.51,539.65,419.68,311.32,248.68,230.47,242.61,272.67,320.22,379.52,458.13,542.72
592.54,483.61,376.2,291.08,259.8,269.09,328.58,412.55,523.61,636.41,736.0,778.98
614.66,514.21,424.06,366.56,338.88,355.23,403.97,493.97,610.43,727.47,786.6,768.75
475.49,373.87,310.7,306.49,330.17,370.07,417.15,485.9,539.6,559.73,526.16,451.31
296.67,242.11,250.75,292.52,348.28,411.36,486.49,547.14,562.5,522.19,444.93,339.61
423.75,420.56,444.46,463.27,483.96,513.95,536.41,518.42,477.3,414.32,319.37,228.39
613.62,617.49,611.32,587.9,578.04,562.63,526.95,469.18,416.81,336.97,251.42,185.3
701.94,677.46,637.73,602.71,576.63,538.37,501.09,464.5,407.63,332.5,263.5,224.2
507.39,466.49,441.99,444.74,453.36,475.76,502.53,496.37,440.29,362.82,308.74,307.6
552.1,531.53,530.9,507.88,512.77,535.72,558.89,536.26,515.78,501.28,516.19,547.99
460.02,468.68,453.2,471.3,509.01,548.74,539.2,532.05,519.31,531.53,562.03,609.58
615.02,594.14,597.79,602.38,607.99,563.34,536.49,509.55,534.59,583.72,641.57,663.52
513.08,521.94,534.54,559.37,531.75,518.29,497.18,527.09,564.12,608.7,624.04,650.75
744.16,748.54,758.26,683.42,618.9,543.76,540.74,554.53,617.64,661.79,706.65,698.68
702.13,714.14,645.29,598.67,531.37,527.91,522.18,568.73,581.43,606.27,593.13,599.65
649.8,561.57,507.8,464.65,481.72,489.0,521.21,507.56,487.49,440.94,428.5,412.0
474.54,427.13,390.06,417.99,446.5,508.66,532.58,546.6,520.45,511.75,492.1,512.04
172.63,158.6,217.45,297.96,416.97,503.45,562.78,576.64,571.34,538.49,549.83,553.53
77.1,163.4,265.72,402.6,498.06,564.61,571.87,568.82,535.9,551.59,564.75,588.17
124.38,230.83,372.48,487.43,557.32,555.37,512.63,440.0,411.36,402.07,421.19,446.28
126.37,286.05,422.03,518.39,534.86,503.95,424.88,394.66,368.56,375.86,400.46,452.02
234.15,367.19,468.43,508.03,487.99,408.65,349.34,290.71,256.18,255.58,298.94,363.89
691.11,779.42,791.56,699.85,545.2,407.21,302.92,236.87,261.04,343.66,433.15,536.16
752.58,743.54,640.66,500.5,375.2,273.61,196.78,201.4,244.62,302.86,387.64,485.78
1076.89,950.41,773.96,569.39,397.38,255.52,246.93,285.29,393.34,525.25,643.59,698.82
623.62,455.69,275.81,178.32,112.98,178.72,261.63,402.92,501.32,573.37,601.23,638.01
344.53,173.03,88.54,49.49,140.13,248.14,399.77,505.85,573.93,596.33,630.81,587.59
330.54,257.24,209.06,264.28,325.78,429.41,497.81,542.93,576.36,636.24,613.8,557.49
262.55,208.03,258.34,326.96,427.68,482.22,494.29,493.16,514.26,470.6,406.35,296.18
190.67,244.67,319.35,424.16,481.79,497.01,496.44,518.83,474.02,407.21,295.78,188.84
492.66,554.4,640.07,642.8,602.23,548.26,540.55,472.98,428.92,348.29,258.92,177.96
624.48,692.14,681.57,626.68,562.27,542.44,465.66,409.94,319.83,225.44,140.0,137.37
477.82,453.96,404.64,385.41,427.0,420.44,419.75,363.47,258.13,140.9,110.38,129.26
520.73,478.74,455.7,462.06,442.81,450.5,449.36,402.91,364.94,383.05,418.48,504.54
535.26,504.73,498.34,460.17,458.49,451.77,420.45,394.13,434.39,484.02,572.2,662.11
626.57,644.69,615.14,576.29,535.22,476.57,460.74,531.71,641.69,778.08,896.36,937.29
502.43,472.74,444.41,454.68,423.37,413.82,437.34,496.9,550.99,615.88,638.14,641.45
446.33,410.91,420.38,404.53,400.67,419.51,452.12,475.87,504.22,505.92,501.87,488.95
374.85,394.45,388.35,393.53,417.57,454.44,475.83,505.77,505.03,500.36,490.45,476.15
483.29,469.24,463.36,473.31,488.78,483.41,480.61,449.57,428.36,416.81,404.87,383.47
406.06,391.43,398.03,428.75,440.98,453.77,429.07,406.16,375.84,344.72,309.97,313.37
487.44,493.3,519.04,501.76,495.46,460.48,456.34,447.83,459.79,454.96,469.86,467.33
310.17,358.21,368.58,402.22,404.89,439.24,452.42,488.5,478.24,480.59,474.45,496.16
197.84,207.36,251.53,300.33,371.21,411.73,433.38,399.64,351.01,307.47,312.72,334.59
107.24,166.38,228.14,318.11,377.86,420.68,400.72,366.21,324.71,327.6,349.22,408.92
93.25,167.9,270.67,347.18,403.39,394.62,361.67,323.05,321.69,339.77,400.09,453.7
167.25,283.33,369.26,428.91,413.91,368.38,310.0,296.73,307.2,368.88,429.52,495.33
298.06,381.65,441.73,434.28,382.69,305.81,254.94,229.76,256.79,301.86,365.92,423.03
720.08,758.5,717.28,596.03,441.75,304.84,218.89,196.89,247.17,338.63,414.54,474.63
692.03,634.83,508.91,376.86,260.81,188.53,165.52,206.48,262.52,306.5,347.83,388.21
897.7,747.64,583.98,406.61,280.27,206.64,234.15,280.95,357.88,432.48,486.09,494.49
964.71,776.0,564.97,387.23,269.31,255.38,294.32,364.16,459.77,533.8,547.76,534.58
784.28,570.23,390.26,264.37,252.87,301.05,398.8,522.71,621.8,646.18,633.08,547.56
651.94,460.45,319.44,290.1,321.0,403.29,518.48,607.94,634.39,626.03,540.88,417.15
485.03,342.28,308.93,329.19,406.86,524.04,626.53,665.31,673.77,598.42,476.5,333.86
605.13,557.65,551.98,565.58,624.7,674.76,695.3,692.47,652.3,567.61,442.2,300.2
684.25,664.81,661.86,688.26,713.93,717.81,719.68,683.49,619.43,508.25,368.72,241.68
698.99,683.39,702.23,712.86,716.58,727.67,718.43,676.44,589.22,459.32,329.45,253.73
664.0,669.41,673.0,672.6,697.78,715.38,715.23,658.47,554.09,429.87,346.88,329.99
589.47,612.6,629.69,655.7,693.11,731.92,739.04,701.32,637.67,583.64,575.88,611.69
564.02,575.58,597.51,645.65,697.86,717.98,684.39,617.81,552.51,534.36,562.19,635.86
746.21,769.98,805.4,808.95,789.9,725.69,669.5,622.54,657.97,728.35,821.1,898.29
765.26,814.29,828.82,810.38,743.1,680.19,631.75,674.92,752.87,852.57,936.99,1001.93
679.34,695.99,691.69,669.27,634.93,600.29,616.25,663.95,707.19,753.17,804.69,836.41
327.1,348.71,368.6,426.03,469.64,554.48,611.71,659.45,648.0,647.83,659.59,703.79
224.72,248.22,314.18,395.93,505.59,576.76,597.06,552.58,502.69,484.26,518.42,567.11
135.45,225.85,326.68,459.16,548.58,586.57,548.93,510.52,491.02,522.77,574.25,640.96
123.22,239.97,390.54,508.96,564.33,534.57,479.82,446.7,452.17,487.65,552.2,606.5
217.2,379.85,510.58,579.7,548.1,480.06,414.05,393.16,402.49,457.29,515.25,584.85
404.86,537.27,610.96,586.24,508.14,417.68,350.43,319.48,337.7,382.24,454.27,529.99
542.47,603.12,571.43,505.42,414.34,331.93,260.09,235.25,229.28,273.11,339.1,431.37
838.77,778.17,677.21,535.84,405.49,283.19,231.51,198.53,248.87,330.02,427.26,508.98
629.58,534.6,405.65,303.02,217.7,206.66,217.85,308.61,398.31,485.53,557.01,626.65
745.89,603.55,478.94,347.7,289.8,253.53,319.82,390.74,498.25,597.05,681.12,680.31
550.41,438.0,315.58,270.84,241.02,310.47,377.91,488.24,577.54,655.05,654.94,629.58
440.43,303.4,249.85,230.37,300.93,358.88,436.43,487.32,522.65,498.75,462.77,364.11
350.02,301.78,280.7,337.08,381.39,449.66,501.78,543.11,535.0,511.88,420.12,324.44
436.55,403.85,446.3,461.39,500.58,523.41,545.32,519.53,501.53,421.56,331.74,224.9
555.92,584.58,581.84,584.38,575.78,569.54,535.38,510.9,446.6,372.55,271.37,203.03
549.55,537.86,539.2,534.38,543.18,532.1,536.32,493.21,430.02,326.1,249.74,200.31
309.85,320.03,335.7,387.71,432.89,502.71,515.26,497.93,401.15,310.28,246.86,266.92
528.53,530.42,557.44,547.96,574.56,554.09,539.07,444.86,399.44,375.47,410.86,454.67
662.06,702.11,689.62,673.59,619.87,580.77,504.38,491.15,524.37,602.55,667.73,741.74
522.71,503.88,496.89,492.99,498.46,456.53,443.59,465.19,493.51,514.4,564.41,595.88
786.56,778.18,756.3,694.08,584.32,507.1,505.4,526.27,595.53,696.69,757.31,789.25
908.6,870.12,790.37,660.61,554.13,511.55,489.64,519.36,594.18,648.37,680.92,697.21
843.59,754.07,621.53,526.44,493.69,477.18,501.89,568.54,601.39,616.41,622.85,596.24
571.79,438.72,353.21,362.76,390.25,460.23,549.98,595.44,588.02,566.08,521.29,490.23
221.59,151.63,183.48,253.72,373.07,517.93,604.57,631.34,612.66,556.95,517.15,497.03
169.76,222.71,303.43,413.7,547.67,628.05,655.01,645.61,615.05,598.56,594.49,570.13
145.99,245.49,372.1,528.23,617.52,646.38,614.97,568.62,526.56,509.16,485.62,470.68
105.97,230.31,396.15,527.03,587.37,575.13,509.39,439.29,367.68,304.56,271.77,285.62
293.81,468.26,604.54,647.64,619.16,540.42,470.95,406.68,369.29,358.65,385.98,440.65
430.99,574.38,628.15,613.7,540.62,469.84,388.37,338.52,308.06,325.37,380.85,481.46
518.52,553.03,529.48,479.96,426.8,351.77,280.22,216.88,183.08,202.59,284.4,406.2
703.48,673.65,607.66,512.48,405.81,309.54,258.91,242.27,305.6,420.43,554.98,682.27
689.42,626.27,531.24,419.48,319.26,262.93,252.5,326.29,452.17,593.92,724.81,816.33
593.35,503.86,398.86,313.2,260.97,246.22,302.5,414.93,536.8,657.36,748.48,769.95
573.61,465.73,373.41,316.1,280.26,303.5,368.67,449.48,539.1,622.18,646.91,618.88
578.28,468.96,392.72,340.81,338.35,367.37,404.8,451.34,503.99,518.9,488.62,417.0
367.63,295.98,254.4,274.65,327.3,389.52,451.13,516.22,523.02,479.16,399.25,298.16
393.25,343.41,353.14,384.43,425.25,467.19,518.54,512.53,474.41,404.85,308.78,210.2
465.76,463.08,477.92,487.87,504.86,535.37,525.7,483.66,428.94,347.01,252.8,192.43
412.34,427.57,442.5,464.19,510.98,526.25,517.33,491.95,429.14,338.13,273.96,230.49
460.27,469.92,485.62,519.89,531.0,525.3,515.19,465.25,393.83,340.54,298.36,296.38
419.08,435.05,471.92,487.56,496.9,508.78,489.41,443.81,408.33,370.31,365.38,405.52
629.86,664.01,665.41,623.82,592.21,535.78,489.22,461.46,469.41,504.98,564.69,613.02
742.23,739.37,689.25,641.27,566.66,499.85,460.53,460.99,498.19,562.96,614.76,660.21
569.08,518.85,483.42,451.34,425.82,422.43,435.54,477.75,512.81,533.93,562.25,593.1
894.74,837.78,767.24,656.86,568.93,498.27,498.88,502.58,560.07,636.1,692.2,706.12
800.82,736.46,632.29,552.03,488.41,494.98,506.14,575.49,649.95,701.34,713.94,711.03
649.75,531.74,449.66,414.87,445.57,472.63,530.06,582.84,591.15,570.73,549.7,500.15
294.93,230.25,219.43,298.73,378.3,494.91,589.69,633.36,610.97,572.77,511.87,478.28
92.34,103.85,206.89,314.39,457.75,581.42,639.41,633.31,598.59,537.68,506.94,476.88
116.15,227.98,337.75,482.22,596.85,640.88,606.85,548.17,470.91,437.49,411.85,405.43
192.81,313.41,468.27,592.07,640.24,607.6,541.5,460.24,419.28,389.74,384.59,394.15
237.44,391.61,523.09,593.96,578.89,522.46,431.19,376.43,318.78,292.96,293.6,352.83
309.1,451.06,538.31,542.74,504.67,432.31,388.06,341.26,316.24,313.78,373.39,459.51
566.69,651.35,647.72,588.35,486.92,406.67,324.82,273.27,264.29,332.86,429.43,559.27
645.26,616.54,538.34,447.25,374.62,290.29,220.73,181.78,207.3,272.85,383.9,507.57
802.6,726.92,624.62,498.68,372.52,270.34,249.86,306.06,437.29,597.75,743.62,831.64
997.14,873.24,715.7,535.93,372.18,280.59,287.04,376.55,535.32,698.14,797.77,827.91
423.49,291.8,160.79,105.14,113.68,212.81,339.59,527.9,635.83,673.59,674.51,633.92
330.49,192.81,130.32,142.78,229.48,333.61,470.77,527.67,526.18,514.56,474.24,384.84
388.15,315.25,302.03,344.59,400.91,489.31,512.4,481.87,473.56,449.71,370.45,295.14
497.98,474.03,499.14,509.07,559.22,547.72,513.53,506.38,512.22,458.73,393.07,282.03
415.97,441.13,457.65,519.39,523.46,509.51,521.81,543.71,492.96,419.95,301.86,205.03
679.48,676.4,714.97,663.26,599.48,566.9,572.37,508.76,465.34,379.55,297.39,243.62
589.13,617.2,564.28,517.31,512.02,548.65,511.98,485.53,392.85,294.31,226.17,241.21
540.65,488.59,445.9,447.63,508.4,511.06,535.99,487.73,422.58,363.41,374.5,389.52
476.95,436.46,434.11,486.71,492.82,529.87,511.75,474.79,444.45,469.92,486.62,566.01
875.06,851.15,860.16,758.82,699.64,592.08,535.03,495.24,591.84,677.83,788.84,830.18
849.2,887.49,808.38,744.58,629.66,566.71,539.12,667.84,784.59,916.25,974.09,987.53
959.51,840.15,750.44,646.92,572.02,507.16,551.09,572.36,607.39,613.24,605.24,557.23
1015.5,907.0,778.42,659.91,559.21,571.29,589.86,623.73,652.23,664.84,623.39,609.43
572.97,455.64,367.26,337.91,431.92,538.8,635.86,714.1,714.95,639.15,601.04,547.21
215.58,152.6,151.82,295.13,452.27,606.71,718.88,750.92,674.97,625.37,565.78,527.16
106.1,111.13,255.91,422.66,583.94,702.55,728.98,643.52,584.63,521.32,481.65,470.77
148.85,321.03,503.36,647.21,749.77,764.39,686.39,649.24,625.61,618.25,627.96,632.96
271.14,464.31,622.86,748.21,767.98,683.5,609.85,554.32,508.05,497.04,500.24,506.38
296.62,458.39,601.81,671.14,622.89,571.95,495.38,423.48,354.87,316.69,307.26,382.51
351.2,486.61,560.54,542.97,521.03,467.33,393.44,312.38,241.94,206.22,267.62,394.0
662.9,743.44,717.56,648.82,552.63,442.89,360.13,301.55,313.64,417.77,567.97,723.44
684.95,645.11,567.76,493.02,399.11,319.9,245.27,233.83,293.13,410.4,548.46,699.98
625.31,550.08,477.5,385.27,312.28,244.47,252.24,330.49,464.24,609.0,761.09,855.83
567.18,518.19,441.66,366.8,285.42,275.05,337.88,472.47,627.74,795.86,907.85,945.96
399.07,321.94,255.65,224.06,234.19,292.25,360.72,448.76,522.94,580.03,602.09,576.77
401.56,323.03,277.0,280.35,318.13,354.82,393.76,419.13,437.41,444.8,416.63,351.23
397.38,345.43,339.44,360.2,380.03,402.12,418.79,429.84,440.08,417.04,353.52,275.43
353.12,343.81,364.48,381.54,404.04,422.88,439.57,454.31,435.83,373.5,294.14,215.46
324.44,345.84,366.89,392.58,417.07,443.23,466.19,454.89,397.27,318.72,239.63,184.87
618.76,617.23,610.54,571.86,539.54,507.12,469.71,389.77,334.42,285.52,244.44,227.88
509.09,495.16,457.17,442.97,442.66,444.03,406.27,382.45,337.89,283.28,251.12,267.73
559.7,520.57,502.08,476.12,467.56,433.17,444.74,436.19,433.66,432.84,458.72,473.81
555.84,540.99,513.24,491.86,448.3,454.6,455.25,465.54,485.21,525.88,547.88,592.59
435.4,414.14,404.81,386.75,417.17,439.36,457.46,483.0,511.41,520.46,559.26,576.08
455.59,450.19,430.61,454.2,463.16,465.07,471.95,486.92,491.99,534.8,557.3,567.87
601.85,568.24,572.15,551.26,518.56,485.23,467.54,442.22,477.93,506.73,521.91,521.32
620.25,621.59,597.57,552.24,508.19,478.74,452.74,491.12,528.15,550.09,552.47,544.25
710.4,677.22,623.03,562.98,514.88,468.74,490.88,513.6,534.12,540.68,535.43,502.42
307.72,268.71,242.96,280.8,318.91,422.73,480.82,525.53,488.0,431.72,371.94,369.85
249.58,216.24,248.75,292.11,403.31,469.99,513.95,467.52,404.75,341.27,334.97,335.07
145.51,209.52,273.31,387.78,463.26,526.79,514.65,495.81,473.54,490.84,504.22,540.67
131.78,199.63,322.53,422.82,501.51,494.65,455.15,410.13,393.2,385.35,414.66,434.26
164.82,301.34,413.79,502.08,497.92,457.58,404.62,384.6,372.23,400.6,424.15,469.5
457.52,566.64,647.58,615.56,536.53,436.16,371.29,323.72,345.71,381.35,439.99,489.05
598.87,665.23,623.51,548.27,441.9,358.3,274.66,259.28,252.84,288.28,328.93,404.23
686.87,627.48,540.32,432.02,350.11,267.13,253.28,241.65,268.55,300.37,367.14,424.66
871.31,767.6,630.51,487.31,352.09,290.9,274.97,303.9,377.18,481.51,554.47,620.4
810.84,662.59,508.29,361.96,295.57,275.69,315.4,397.07,510.66,586.84,650.13,657.78
292.53,172.08,72.19,87.13,147.17,268.67,398.95,559.59,621.08,653.62,646.82,606.52
433.68,310.89,291.41,303.94,363.09,421.01,506.84,496.19,506.05,509.84,480.44,403.61
376.81,366.38,377.77,415.91,454.66,524.03,515.22,535.64,559.85,547.39,480.38,410.3
381.53,384.57,420.74,461.74,530.4,516.77,522.51,529.66,499.8,421.89,346.14,229.53
497.82,525.59,555.08,597.15,558.26,542.48,540.73,504.08,438.01,375.01,264.16,203.88
617.14,625.38,651.0,589.45,561.07,549.72,517.27,449.58,395.77,291.46,229.11,212.53
503.09,534.23,484.06,473.82,495.79,508.77,493.34,486.39,406.39,344.54,321.45,345.02
537.04,484.21,469.46,484.67,500.0,495.69,510.47,448.85,408.72,396.56,420.94,465.18
610.59,586.51,583.01,561.78,531.18,523.9,470.46,439.16,457.86,506.65,558.55,641.11
496.35,513.72,513.15,495.74,507.73,479.99,485.88,546.24,625.88,689.83,777.55,808.03
490.25,508.69,507.55,532.69,500.53,492.49,519.07,577.56,621.09,704.88,744.08,758.0
393.2,373.07,393.04,407.3,426.14,457.97,464.95,443.17,432.5,410.34,397.42,409.84
648.4,666.64,662.79,612.34,580.46,529.99,495.89,487.38,520.16,559.76,599.84,602.19
647.51,638.23,585.69,564.14,518.16,482.23,459.64,477.38,490.16,511.12,505.05,501.66
579.91,517.28,495.1,465.17,447.13,440.3,463.49,474.22,478.97,456.53,441.69,431.27
351.43,341.19,329.49,344.63,376.04,442.44,487.33,521.79,503.28,479.58,462.48,475.6
248.11,253.86,286.0,336.97,420.67,484.94,527.68,520.27,499.39,483.21,499.83,508.01
155.84,195.13,253.4,363.76,446.03,499.83,477.73,440.29,391.63,386.74,387.47,419.45
91.84,160.53,283.89,389.15,464.74,463.29,435.38,393.66,382.2,373.79,401.32,427.53
139.83,286.08,410.24,489.73,485.52,452.85,405.41,399.37,401.41,440.86,479.67,527.21
217.02,341.73,429.64,455.9,435.37,384.3,335.77,294.39,276.88,283.08,322.17,377.91
419.57,500.93,519.5,488.32,418.36,342.51,267.38,219.86,207.01,242.84,301.38,382.83
615.04,611.28,557.57,466.82,369.72,267.88,199.21,161.55,184.19,238.64,316.12,400.52
