49.0,72.0,95.0,155.0,185.0,229.0,349.0,349.0,290.0,245.0,379.0,289.0,
72.0,95.0,155.0,185.0,229.0,349.0,349.0,290.0,245.0,379.0,289.0,326.0,
95.0,155.0,185.0,229.0,349.0,349.0,290.0,245.0,379.0,289.0,326.0,245.0,
155.0,185.0,229.0,349.0,349.0,290.0,245.0,379.0,289.0,326.0,245.0,372.0,
185.0,229.0,349.0,349.0,290.0,245.0,379.0,289.0,326.0,245.0,372.0,327.0,
229.0,349.0,349.0,290.0,245.0,379.0,289.0,326.0,245.0,372.0,327.0,154.0,
349.0,349.0,290.0,245.0,379.0,289.0,326.0,245.0,372.0,327.0,154.0,56.0,
349.0,290.0,245.0,379.0,289.0,326.0,245.0,372.0,327.0,154.0,56.0,56.0,
290.0,245.0,379.0,289.0,326.0,245.0,372.0,327.0,154.0,56.0,56.0,72.0,
245.0,379.0,289.0,326.0,245.0,372.0,327.0,154.0,56.0,56.0,72.0,57.0,
379.0,289.0,326.0,245.0,372.0,327.0,154.0,56.0,56.0,72.0,57.0,64.0,
289.0,326.0,245.0,372.0,327.0,154.0,56.0,56.0,72.0,57.0,64.0,49.0,
326.0,245.0,372.0,327.0,154.0,56.0,56.0,72.0,57.0,64.0,49.0,65.0,
245.0,372.0,327.0,154.0,56.0,56.0,72.0,57.0,64.0,49.0,65.0,49.0,
372.0,327.0,154.0,56.0,56.0,72.0,57.0,64.0,49.0,65.0,49.0,72.0,
327.0,154.0,56.0,56.0,72.0,57.0,64.0,49.0,65.0,49.0,72.0,178.0,
154.0,56.0,56.0,72.0,57.0,64.0,49.0,65.0,49.0,72.0,178.0,177.0,
56.0,56.0,72.0,57.0,64.0,49.0,65.0,49.0,72.0,178.0,177.0,297.0,
56.0,72.0,57.0,64.0,49.0,65.0,49.0,72.0,178.0,177.0,297.0,223.0,
72.0,57.0,64.0,49.0,65.0,49.0,72.0,178.0,177.0,297.0,223.0,364.0,
57.0,64.0,49.0,65.0,49.0,72.0,178.0,177.0,297.0,223.0,364.0,253.0,
64.0,49.0,65.0,49.0,72.0,178.0,177.0,297.0,223.0,364.0,253.0,297.0,
49.0,65.0,49.0,72.0,178.0,177.0,297.0,223.0,364.0,253.0,297.0,215.0,
65.0,49.0,72.0,178.0,177.0,297.0,223.0,364.0,253.0,297.0,215.0,304.0,
49.0,72.0,178.0,177.0,297.0,223.0,364.0,253.0,297.0,215.0,304.0,184.0,
72.0,178.0,177.0,297.0,223.0,364.0,253.0,297.0,215.0,304.0,184.0,274.0,
178.0,177.0,297.0,223.0,364.0,253.0,297.0,215.0,304.0,184.0,274.0,282.0,
177.0,297.0,223.0,364.0,253.0,297.0,215.0,304.0,184.0,274.0,282.0,230.0,
297.0,223.0,364.0,253.0,297.0,215.0,304.0,184.0,274.0,282.0,230.0,95.0,
223.0,364.0,253.0,297.0,215.0,304.0,184.0,274.0,282.0,230.0,95.0,57.0,
364.0,253.0,297.0,215.0,304.0,184.0,274.0,282.0,230.0,95.0,57.0,72.0,
253.0,297.0,215.0,304.0,184.0,274.0,282.0,230.0,95.0,57.0,72.0,64.0,
297.0,215.0,304.0,184.0,274.0,282.0,230.0,95.0,57.0,72.0,64.0,64.0,
215.0,304.0,184.0,274.0,282.0,230.0,95.0,57.0,72.0,64.0,64.0,72.0,
304.0,184.0,274.0,282.0,230.0,95.0,57.0,72.0,64.0,64.0,72.0,110.0,
184.0,274.0,282.0,230.0,95.0,57.0,72.0,64.0,64.0,72.0,110.0,79.0,
274.0,282.0,230.0,95.0,57.0,72.0,64.0,64.0,72.0,110.0,79.0,49.0,
282.0,230.0,95.0,57.0,72.0,64.0,64.0,72.0,110.0,79.0,49.0,49.0,
230.0,95.0,57.0,72.0,64.0,64.0,72.0,110.0,79.0,49.0,49.0,35.0,
95.0,57.0,72.0,64.0,64.0,72.0,110.0,79.0,49.0,49.0,35.0,36.0,
57.0,72.0,64.0,64.0,72.0,110.0,79.0,49.0,49.0,35.0,36.0,184.0,
72.0,64.0,64.0,72.0,110.0,79.0,49.0,49.0,35.0,36.0,184.0,140.0,
64.0,64.0,72.0,110.0,79.0,49.0,49.0,35.0,36.0,184.0,140.0,200.0,
64.0,72.0,110.0,79.0,49.0,49.0,35.0,36.0,184.0,140.0,200.0,304.0,
72.0,110.0,79.0,49.0,49.0,35.0,36.0,184.0,140.0,200.0,304.0,215.0,
110.0,79.0,49.0,49.0,35.0,36.0,184.0,140.0,200.0,304.0,215.0,244.0,
79.0,49.0,49.0,35.0,36.0,184.0,140.0,200.0,304.0,215.0,244.0,275.0,
49.0,49.0,35.0,36.0,184.0,140.0,200.0,304.0,215.0,244.0,275.0,245.0,
49.0,35.0,36.0,184.0,140.0,200.0,304.0,215.0,244.0,275.0,245.0,177.0,
35.0,36.0,184.0,140.0,200.0,304.0,215.0,244.0,275.0,245.0,177.0,275.0,
36.0,184.0,140.0,200.0,304.0,215.0,244.0,275.0,245.0,177.0,275.0,335.0,
184.0,140.0,200.0,304.0,215.0,244.0,275.0,245.0,177.0,275.0,335.0,281.0,
140.0,200.0,304.0,215.0,244.0,275.0,245.0,177.0,275.0,335.0,281.0,79.0,
200.0,304.0,215.0,244.0,275.0,245.0,177.0,275.0,335.0,281.0,79.0,42.0,
304.0,215.0,244.0,275.0,245.0,177.0,275.0,335.0,281.0,79.0,42.0,49.0,
215.0,244.0,275.0,245.0,177.0,275.0,335.0,281.0,79.0,42.0,49.0,57.0,
244.0,275.0,245.0,177.0,275.0,335.0,281.0,79.0,42.0,49.0,57.0,64.0,
275.0,245.0,177.0,275.0,335.0,281.0,79.0,42.0,49.0,57.0,64.0,80.0,
245.0,177.0,275.0,335.0,281.0,79.0,42.0,49.0,57.0,64.0,80.0,94.0,
177.0,275.0,335.0,281.0,79.0,42.0,49.0,57.0,64.0,80.0,94.0,56.0,
275.0,335.0,281.0,79.0,42.0,49.0,57.0,64.0,80.0,94.0,56.0,42.0,
335.0,281.0,79.0,42.0,49.0,57.0,64.0,80.0,94.0,56.0,42.0,28.0,
281.0,79.0,42.0,49.0,57.0,64.0,80.0,94.0,56.0,42.0,28.0,43.0,
79.0,42.0,49.0,57.0,64.0,80.0,94.0,56.0,42.0,28.0,43.0,35.0,
42.0,49.0,57.0,64.0,80.0,94.0,56.0,42.0,28.0,43.0,35.0,139.0,
49.0,57.0,64.0,80.0,94.0,56.0,42.0,28.0,43.0,35.0,139.0,155.0,
57.0,64.0,80.0,94.0,56.0,42.0,28.0,43.0,35.0,139.0,155.0,245.0,
64.0,80.0,94.0,56.0,42.0,28.0,43.0,35.0,139.0,155.0,245.0,289.0,
80.0,94.0,56.0,42.0,28.0,43.0,35.0,139.0,155.0,245.0,289.0,229.0,
94.0,56.0,42.0,28.0,43.0,35.0,139.0,155.0,245.0,289.0,229.0,244.0,
56.0,42.0,28.0,43.0,35.0,139.0,155.0,245.0,289.0,229.0,244.0,192.0,
42.0,28.0,43.0,35.0,139.0,155.0,245.0,289.0,229.0,244.0,192.0,312.0,
28.0,43.0,35.0,139.0,155.0,245.0,289.0,229.0,244.0,192.0,312.0,305.0,
43.0,35.0,139.0,155.0,245.0,289.0,229.0,244.0,192.0,312.0,305.0,244.0,
35.0,139.0,155.0,245.0,289.0,229.0,244.0,192.0,312.0,305.0,244.0,328.0,
139.0,155.0,245.0,289.0,229.0,244.0,192.0,312.0,305.0,244.0,328.0,253.0,
155.0,245.0,289.0,229.0,244.0,192.0,312.0,305.0,244.0,328.0,253.0,57.0,
245.0,289.0,229.0,244.0,192.0,312.0,305.0,244.0,328.0,253.0,57.0,57.0,
289.0,229.0,244.0,192.0,312.0,305.0,244.0,328.0,253.0,57.0,57.0,79.0,
229.0,244.0,192.0,312.0,305.0,244.0,328.0,253.0,57.0,57.0,79.0,87.0,
244.0,192.0,312.0,305.0,244.0,328.0,253.0,57.0,57.0,79.0,87.0,80.0,
192.0,312.0,305.0,244.0,328.0,253.0,57.0,57.0,79.0,87.0,80.0,49.0,
312.0,305.0,244.0,328.0,253.0,57.0,57.0,79.0,87.0,80.0,49.0,64.0,
305.0,244.0,328.0,253.0,57.0,57.0,79.0,87.0,80.0,49.0,64.0,35.0,
244.0,328.0,253.0,57.0,57.0,79.0,87.0,80.0,49.0,64.0,35.0,65.0,
328.0,253.0,57.0,57.0,79.0,87.0,80.0,49.0,64.0,35.0,65.0,42.0,
253.0,57.0,57.0,79.0,87.0,80.0,49.0,64.0,35.0,65.0,42.0,57.0,
57.0,57.0,79.0,87.0,80.0,49.0,64.0,35.0,65.0,42.0,57.0,245.0,
57.0,79.0,87.0,80.0,49.0,64.0,35.0,65.0,42.0,57.0,245.0,222.0,
79.0,87.0,80.0,49.0,64.0,35.0,65.0,42.0,57.0,245.0,222.0,169.0,
87.0,80.0,49.0,64.0,35.0,65.0,42.0,57.0,245.0,222.0,169.0,229.0,
80.0,49.0,64.0,35.0,65.0,42.0,57.0,245.0,222.0,169.0,229.0,349.0,
49.0,64.0,35.0,65.0,42.0,57.0,245.0,222.0,169.0,229.0,349.0,349.0,
64.0,35.0,65.0,42.0,57.0,245.0,222.0,169.0,229.0,349.0,349.0,343.0,
35.0,65.0,42.0,57.0,245.0,222.0,169.0,229.0,349.0,349.0,343.0,335.0,
65.0,42.0,57.0,245.0,222.0,169.0,229.0,349.0,349.0,343.0,335.0,267.0,
42.0,57.0,245.0,222.0,169.0,229.0,349.0,349.0,343.0,335.0,267.0,252.0,
57.0,245.0,222.0,169.0,229.0,349.0,349.0,343.0,335.0,267.0,252.0,296.0,
245.0,222.0,169.0,229.0,349.0,349.0,343.0,335.0,267.0,252.0,296.0,289.0,
222.0,169.0,229.0,349.0,349.0,343.0,335.0,267.0,252.0,296.0,289.0,237.0,
169.0,229.0,349.0,349.0,343.0,335.0,267.0,252.0,296.0,289.0,237.0,116.0,
229.0,349.0,349.0,343.0,335.0,267.0,252.0,296.0,289.0,237.0,116.0,49.0,
349.0,349.0,343.0,335.0,267.0,252.0,296.0,289.0,237.0,116.0,49.0,57.0,
349.0,343.0,335.0,267.0,252.0,296.0,289.0,237.0,116.0,49.0,57.0,56.0,
343.0,335.0,267.0,252.0,296.0,289.0,237.0,116.0,49.0,57.0,56.0,103.0,
335.0,267.0,252.0,296.0,289.0,237.0,116.0,49.0,57.0,56.0,103.0,64.0,
267.0,252.0,296.0,289.0,237.0,116.0,49.0,57.0,56.0,103.0,64.0,64.0,
252.0,296.0,289.0,237.0,116.0,49.0,57.0,56.0,103.0,64.0,64.0,42.0,
296.0,289.0,237.0,116.0,49.0,57.0,56.0,103.0,64.0,64.0,42.0,42.0,
289.0,237.0,116.0,49.0,57.0,56.0,103.0,64.0,64.0,42.0,42.0,42.0,
237.0,116.0,49.0,57.0,56.0,103.0,64.0,64.0,42.0,42.0,42.0,57.0,
116.0,49.0,57.0,56.0,103.0,64.0,64.0,42.0,42.0,42.0,57.0,147.0,
49.0,57.0,56.0,103.0,64.0,64.0,42.0,42.0,42.0,57.0,147.0,207.0,
57.0,56.0,103.0,64.0,64.0,42.0,42.0,42.0,57.0,147.0,207.0,335.0,
56.0,103.0,64.0,64.0,42.0,42.0,42.0,57.0,147.0,207.0,335.0,275.0,
103.0,64.0,64.0,42.0,42.0,42.0,57.0,147.0,207.0,335.0,275.0,342.0,
64.0,64.0,42.0,42.0,42.0,57.0,147.0,207.0,335.0,275.0,342.0,439.0,
64.0,42.0,42.0,42.0,57.0,147.0,207.0,335.0,275.0,342.0,439.0,738.0,
42.0,42.0,42.0,57.0,147.0,207.0,335.0,275.0,342.0,439.0,738.0,709.0,
42.0,42.0,57.0,147.0,207.0,335.0,275.0,342.0,439.0,738.0,709.0,612.0,
42.0,57.0,147.0,207.0,335.0,275.0,342.0,439.0,738.0,709.0,612.0,731.0,
57.0,147.0,207.0,335.0,275.0,342.0,439.0,738.0,709.0,612.0,731.0,709.0,
147.0,207.0,335.0,275.0,342.0,439.0,738.0,709.0,612.0,731.0,709.0,665.0,
207.0,335.0,275.0,342.0,439.0,738.0,709.0,612.0,731.0,709.0,665.0,612.0,
335.0,275.0,342.0,439.0,738.0,709.0,612.0,731.0,709.0,665.0,612.0,117.0,
275.0,342.0,439.0,738.0,709.0,612.0,731.0,709.0,665.0,612.0,117.0,49.0,
342.0,439.0,738.0,709.0,612.0,731.0,709.0,665.0,612.0,117.0,49.0,57.0,
439.0,738.0,709.0,612.0,731.0,709.0,665.0,612.0,117.0,49.0,57.0,71.0,
738.0,709.0,612.0,731.0,709.0,665.0,612.0,117.0,49.0,57.0,71.0,102.0,
709.0,612.0,731.0,709.0,665.0,612.0,117.0,49.0,57.0,71.0,102.0,43.0,
612.0,731.0,709.0,665.0,612.0,117.0,49.0,57.0,71.0,102.0,43.0,64.0,
731.0,709.0,665.0,612.0,117.0,49.0,57.0,71.0,102.0,43.0,64.0,57.0,
709.0,665.0,612.0,117.0,49.0,57.0,71.0,102.0,43.0,64.0,57.0,64.0,
665.0,612.0,117.0,49.0,57.0,71.0,102.0,43.0,64.0,57.0,64.0,42.0,
612.0,117.0,49.0,57.0,71.0,102.0,43.0,64.0,57.0,64.0,42.0,50.0,
117.0,49.0,57.0,71.0,102.0,43.0,64.0,57.0,64.0,42.0,50.0,132.0,
49.0,57.0,71.0,102.0,43.0,64.0,57.0,64.0,42.0,50.0,132.0,214.0,
57.0,71.0,102.0,43.0,64.0,57.0,64.0,42.0,50.0,132.0,214.0,244.0,
71.0,102.0,43.0,64.0,57.0,64.0,42.0,50.0,132.0,214.0,244.0,425.0,
102.0,43.0,64.0,57.0,64.0,42.0,50.0,132.0,214.0,244.0,425.0,357.0,
43.0,64.0,57.0,64.0,42.0,50.0,132.0,214.0,244.0,425.0,357.0,350.0,
64.0,57.0,64.0,42.0,50.0,132.0,214.0,244.0,425.0,357.0,350.0,335.0,
57.0,64.0,42.0,50.0,132.0,214.0,244.0,425.0,357.0,350.0,335.0,297.0,
64.0,42.0,50.0,132.0,214.0,244.0,425.0,357.0,350.0,335.0,297.0,274.0,
42.0,50.0,132.0,214.0,244.0,425.0,357.0,350.0,335.0,297.0,274.0,289.0,
50.0,132.0,214.0,244.0,425.0,357.0,350.0,335.0,297.0,274.0,289.0,266.0,
132.0,214.0,244.0,425.0,357.0,350.0,335.0,297.0,274.0,289.0,266.0,417.0,
214.0,244.0,425.0,357.0,350.0,335.0,297.0,274.0,289.0,266.0,417.0,312.0,
244.0,425.0,357.0,350.0,335.0,297.0,274.0,289.0,266.0,417.0,312.0,140.0,
425.0,357.0,350.0,335.0,297.0,274.0,289.0,266.0,417.0,312.0,140.0,102.0,
357.0,350.0,335.0,297.0,274.0,289.0,266.0,417.0,312.0,140.0,102.0,56.0,
350.0,335.0,297.0,274.0,289.0,266.0,417.0,312.0,140.0,102.0,56.0,71.0,
335.0,297.0,274.0,289.0,266.0,417.0,312.0,140.0,102.0,56.0,71.0,57.0,
297.0,274.0,289.0,266.0,417.0,312.0,140.0,102.0,56.0,71.0,57.0,42.0,
274.0,289.0,266.0,417.0,312.0,140.0,102.0,56.0,71.0,57.0,42.0,79.0,
289.0,266.0,417.0,312.0,140.0,102.0,56.0,71.0,57.0,42.0,79.0,57.0,
266.0,417.0,312.0,140.0,102.0,56.0,71.0,57.0,42.0,79.0,57.0,65.0,
417.0,312.0,140.0,102.0,56.0,71.0,57.0,42.0,79.0,57.0,65.0,42.0,
312.0,140.0,102.0,56.0,71.0,57.0,42.0,79.0,57.0,65.0,42.0,50.0,
140.0,102.0,56.0,71.0,57.0,42.0,79.0,57.0,65.0,42.0,50.0,102.0,
102.0,56.0,71.0,57.0,42.0,79.0,57.0,65.0,42.0,50.0,102.0,102.0,
56.0,71.0,57.0,42.0,79.0,57.0,65.0,42.0,50.0,102.0,102.0,282.0,
71.0,57.0,42.0,79.0,57.0,65.0,42.0,50.0,102.0,102.0,282.0,409.0,
57.0,42.0,79.0,57.0,65.0,42.0,50.0,102.0,102.0,282.0,409.0,386.0,
42.0,79.0,57.0,65.0,42.0,50.0,102.0,102.0,282.0,409.0,386.0,334.0,
79.0,57.0,65.0,42.0,50.0,102.0,102.0,282.0,409.0,386.0,334.0,319.0,
57.0,65.0,42.0,50.0,102.0,102.0,282.0,409.0,386.0,334.0,319.0,244.0,
65.0,42.0,50.0,102.0,102.0,282.0,409.0,386.0,334.0,319.0,244.0,342.0,
42.0,50.0,102.0,102.0,282.0,409.0,386.0,334.0,319.0,244.0,342.0,304.0,
50.0,102.0,102.0,282.0,409.0,386.0,334.0,319.0,244.0,342.0,304.0,380.0,
102.0,102.0,282.0,409.0,386.0,334.0,319.0,244.0,342.0,304.0,380.0,371.0,
102.0,282.0,409.0,386.0,334.0,319.0,244.0,342.0,304.0,380.0,371.0,357.0,
282.0,409.0,386.0,334.0,319.0,244.0,342.0,304.0,380.0,371.0,357.0,95.0,
409.0,386.0,334.0,319.0,244.0,342.0,304.0,380.0,371.0,357.0,95.0,56.0,
386.0,334.0,319.0,244.0,342.0,304.0,380.0,371.0,357.0,95.0,56.0,50.0,
334.0,319.0,244.0,342.0,304.0,380.0,371.0,357.0,95.0,56.0,50.0,57.0,
319.0,244.0,342.0,304.0,380.0,371.0,357.0,95.0,56.0,50.0,57.0,50.0,
244.0,342.0,304.0,380.0,371.0,357.0,95.0,56.0,50.0,57.0,50.0,49.0,
342.0,304.0,380.0,371.0,357.0,95.0,56.0,50.0,57.0,50.0,49.0,57.0,
304.0,380.0,371.0,357.0,95.0,56.0,50.0,57.0,50.0,49.0,57.0,49.0,
380.0,371.0,357.0,95.0,56.0,50.0,57.0,50.0,49.0,57.0,49.0,57.0,
371.0,357.0,95.0,56.0,50.0,57.0,50.0,49.0,57.0,49.0,57.0,42.0,
357.0,95.0,56.0,50.0,57.0,50.0,49.0,57.0,49.0,57.0,42.0,72.0,
95.0,56.0,50.0,57.0,50.0,49.0,57.0,49.0,57.0,42.0,72.0,222.0,
56.0,50.0,57.0,50.0,49.0,57.0,49.0,57.0,42.0,72.0,222.0,230.0,
50.0,57.0,50.0,49.0,57.0,49.0,57.0,42.0,72.0,222.0,230.0,305.0,
57.0,50.0,49.0,57.0,49.0,57.0,42.0,72.0,222.0,230.0,305.0,342.0,
50.0,49.0,57.0,49.0,57.0,42.0,72.0,222.0,230.0,305.0,342.0,506.0,
49.0,57.0,49.0,57.0,42.0,72.0,222.0,230.0,305.0,342.0,506.0,350.0,
57.0,49.0,57.0,42.0,72.0,222.0,230.0,305.0,342.0,506.0,350.0,260.0,
49.0,57.0,42.0,72.0,222.0,230.0,305.0,342.0,506.0,350.0,260.0,260.0,
57.0,42.0,72.0,222.0,230.0,305.0,342.0,506.0,350.0,260.0,260.0,200.0,
42.0,72.0,222.0,230.0,305.0,342.0,506.0,350.0,260.0,260.0,200.0,313.0,
72.0,222.0,230.0,305.0,342.0,506.0,350.0,260.0,260.0,200.0,313.0,244.0,
222.0,230.0,305.0,342.0,506.0,350.0,260.0,260.0,200.0,313.0,244.0,364.0,
230.0,305.0,342.0,506.0,350.0,260.0,260.0,200.0,313.0,244.0,364.0,305.0,
305.0,342.0,506.0,350.0,260.0,260.0,200.0,313.0,244.0,364.0,305.0,124.0,
342.0,506.0,350.0,260.0,260.0,200.0,313.0,244.0,364.0,305.0,124.0,50.0,
506.0,350.0,260.0,260.0,200.0,313.0,244.0,364.0,305.0,124.0,50.0,49.0,
350.0,260.0,260.0,200.0,313.0,244.0,364.0,305.0,124.0,50.0,49.0,49.0,
260.0,260.0,200.0,313.0,244.0,364.0,305.0,124.0,50.0,49.0,49.0,64.0,
260.0,200.0,313.0,244.0,364.0,305.0,124.0,50.0,49.0,49.0,64.0,64.0,
200.0,313.0,244.0,364.0,305.0,124.0,50.0,49.0,49.0,64.0,64.0,102.0,
313.0,244.0,364.0,305.0,124.0,50.0,49.0,49.0,64.0,64.0,102.0,80.0,
244.0,364.0,305.0,124.0,50.0,49.0,49.0,64.0,64.0,102.0,80.0,57.0,
364.0,305.0,124.0,50.0,49.0,49.0,64.0,64.0,102.0,80.0,57.0,35.0,
305.0,124.0,50.0,49.0,49.0,64.0,64.0,102.0,80.0,57.0,35.0,43.0,
124.0,50.0,49.0,49.0,64.0,64.0,102.0,80.0,57.0,35.0,43.0,72.0,
50.0,49.0,49.0,64.0,64.0,102.0,80.0,57.0,35.0,43.0,72.0,170.0,
49.0,49.0,64.0,64.0,102.0,80.0,57.0,35.0,43.0,72.0,170.0,192.0,
49.0,64.0,64.0,102.0,80.0,57.0,35.0,43.0,72.0,170.0,192.0,260.0,
64.0,64.0,102.0,80.0,57.0,35.0,43.0,72.0,170.0,192.0,260.0,222.0,
64.0,102.0,80.0,57.0,35.0,43.0,72.0,170.0,192.0,260.0,222.0,282.0,
102.0,80.0,57.0,35.0,43.0,72.0,170.0,192.0,260.0,222.0,282.0,207.0,
80.0,57.0,35.0,43.0,72.0,170.0,192.0,260.0,222.0,282.0,207.0,312.0,
57.0,35.0,43.0,72.0,170.0,192.0,260.0,222.0,282.0,207.0,312.0,229.0,
35.0,43.0,72.0,170.0,192.0,260.0,222.0,282.0,207.0,312.0,229.0,199.0,
43.0,72.0,170.0,192.0,260.0,222.0,282.0,207.0,312.0,229.0,199.0,275.0,
72.0,170.0,192.0,260.0,222.0,282.0,207.0,312.0,229.0,199.0,275.0,341.0,
170.0,192.0,260.0,222.0,282.0,207.0,312.0,229.0,199.0,275.0,341.0,274.0,
192.0,260.0,222.0,282.0,207.0,312.0,229.0,199.0,275.0,341.0,274.0,95.0,
260.0,222.0,282.0,207.0,312.0,229.0,199.0,275.0,341.0,274.0,95.0,49.0,
222.0,282.0,207.0,312.0,229.0,199.0,275.0,341.0,274.0,95.0,49.0,50.0,
282.0,207.0,312.0,229.0,199.0,275.0,341.0,274.0,95.0,49.0,50.0,72.0,
207.0,312.0,229.0,199.0,275.0,341.0,274.0,95.0,49.0,50.0,72.0,72.0,
312.0,229.0,199.0,275.0,341.0,274.0,95.0,49.0,50.0,72.0,72.0,80.0,
229.0,199.0,275.0,341.0,274.0,95.0,49.0,50.0,72.0,72.0,80.0,73.0,
199.0,275.0,341.0,274.0,95.0,49.0,50.0,72.0,72.0,80.0,73.0,117.0,
275.0,341.0,274.0,95.0,49.0,50.0,72.0,72.0,80.0,73.0,117.0,42.0,
341.0,274.0,95.0,49.0,50.0,72.0,72.0,80.0,73.0,117.0,42.0,35.0,
274.0,95.0,49.0,50.0,72.0,72.0,80.0,73.0,117.0,42.0,35.0,35.0,
95.0,49.0,50.0,72.0,72.0,80.0,73.0,117.0,42.0,35.0,35.0,49.0,
49.0,50.0,72.0,72.0,80.0,73.0,117.0,42.0,35.0,35.0,49.0,147.0,
50.0,72.0,72.0,80.0,73.0,117.0,42.0,35.0,35.0,49.0,147.0,94.0,
72.0,72.0,80.0,73.0,117.0,42.0,35.0,35.0,49.0,147.0,94.0,170.0,
72.0,80.0,73.0,117.0,42.0,35.0,35.0,49.0,147.0,94.0,170.0,193.0,
80.0,73.0,117.0,42.0,35.0,35.0,49.0,147.0,94.0,170.0,193.0,214.0,
73.0,117.0,42.0,35.0,35.0,49.0,147.0,94.0,170.0,193.0,214.0,215.0,
117.0,42.0,35.0,35.0,49.0,147.0,94.0,170.0,193.0,214.0,215.0,274.0,
42.0,35.0,35.0,49.0,147.0,94.0,170.0,193.0,214.0,215.0,274.0,252.0,
35.0,35.0,49.0,147.0,94.0,170.0,193.0,214.0,215.0,274.0,252.0,230.0,
35.0,49.0,147.0,94.0,170.0,193.0,214.0,215.0,274.0,252.0,230.0,252.0,
49.0,147.0,94.0,170.0,193.0,214.0,215.0,274.0,252.0,230.0,252.0,350.0,
147.0,94.0,170.0,193.0,214.0,215.0,274.0,252.0,230.0,252.0,350.0,259.0,
94.0,170.0,193.0,214.0,215.0,274.0,252.0,230.0,252.0,350.0,259.0,64.0,
170.0,193.0,214.0,215.0,274.0,252.0,230.0,252.0,350.0,259.0,64.0,42.0,
193.0,214.0,215.0,274.0,252.0,230.0,252.0,350.0,259.0,64.0,42.0,50.0,
214.0,215.0,274.0,252.0,230.0,252.0,350.0,259.0,64.0,42.0,50.0,42.0,
215.0,274.0,252.0,230.0,252.0,350.0,259.0,64.0,42.0,50.0,42.0,102.0,
274.0,252.0,230.0,252.0,350.0,259.0,64.0,42.0,50.0,42.0,102.0,72.0,
252.0,230.0,252.0,350.0,259.0,64.0,42.0,50.0,42.0,102.0,72.0,42.0,
230.0,252.0,350.0,259.0,64.0,42.0,50.0,42.0,102.0,72.0,42.0,42.0,
252.0,350.0,259.0,64.0,42.0,50.0,42.0,102.0,72.0,42.0,42.0,35.0,
350.0,259.0,64.0,42.0,50.0,42.0,102.0,72.0,42.0,42.0,35.0,57.0,
259.0,64.0,42.0,50.0,42.0,102.0,72.0,42.0,42.0,35.0,57.0,58.0,
64.0,42.0,50.0,42.0,102.0,72.0,42.0,42.0,35.0,57.0,58.0,109.0,
42.0,50.0,42.0,102.0,72.0,42.0,42.0,35.0,57.0,58.0,109.0,199.0,
50.0,42.0,102.0,72.0,42.0,42.0,35.0,57.0,58.0,109.0,199.0,229.0,
42.0,102.0,72.0,42.0,42.0,35.0,57.0,58.0,109.0,199.0,229.0,342.0,
102.0,72.0,42.0,42.0,35.0,57.0,58.0,109.0,199.0,229.0,342.0,365.0,
72.0,42.0,42.0,35.0,57.0,58.0,109.0,199.0,229.0,342.0,365.0,440.0,
42.0,42.0,35.0,57.0,58.0,109.0,199.0,229.0,342.0,365.0,440.0,387.0,
42.0,35.0,57.0,58.0,109.0,199.0,229.0,342.0,365.0,440.0,387.0,455.0,
35.0,57.0,58.0,109.0,199.0,229.0,342.0,365.0,440.0,387.0,455.0,282.0,
57.0,58.0,109.0,199.0,229.0,342.0,365.0,440.0,387.0,455.0,282.0,297.0,
58.0,109.0,199.0,229.0,342.0,365.0,440.0,387.0,455.0,282.0,297.0,297.0,
109.0,199.0,229.0,342.0,365.0,440.0,387.0,455.0,282.0,297.0,297.0,305.0,
199.0,229.0,342.0,365.0,440.0,387.0,455.0,282.0,297.0,297.0,305.0,342.0,
229.0,342.0,365.0,440.0,387.0,455.0,282.0,297.0,297.0,305.0,342.0,124.0,
342.0,365.0,440.0,387.0,455.0,282.0,297.0,297.0,305.0,342.0,124.0,50.0,
365.0,440.0,387.0,455.0,282.0,297.0,297.0,305.0,342.0,124.0,50.0,49.0,
440.0,387.0,455.0,282.0,297.0,297.0,305.0,342.0,124.0,50.0,49.0,56.0,
387.0,455.0,282.0,297.0,297.0,305.0,342.0,124.0,50.0,49.0,56.0,87.0,
455.0,282.0,297.0,297.0,305.0,342.0,124.0,50.0,49.0,56.0,87.0,35.0,
282.0,297.0,297.0,305.0,342.0,124.0,50.0,49.0,56.0,87.0,35.0,64.0,
297.0,297.0,305.0,342.0,124.0,50.0,49.0,56.0,87.0,35.0,64.0,80.0,
297.0,305.0,342.0,124.0,50.0,49.0,56.0,87.0,35.0,64.0,80.0,64.0,
305.0,342.0,124.0,50.0,49.0,56.0,87.0,35.0,64.0,80.0,64.0,43.0,
342.0,124.0,50.0,49.0,56.0,87.0,35.0,64.0,80.0,64.0,43.0,42.0,
124.0,50.0,49.0,56.0,87.0,35.0,64.0,80.0,64.0,43.0,42.0,95.0,
50.0,49.0,56.0,87.0,35.0,64.0,80.0,64.0,43.0,42.0,95.0,154.0,
49.0,56.0,87.0,35.0,64.0,80.0,64.0,43.0,42.0,95.0,154.0,275.0,
56.0,87.0,35.0,64.0,80.0,64.0,43.0,42.0,95.0,154.0,275.0,237.0,
87.0,35.0,64.0,80.0,64.0,43.0,42.0,95.0,154.0,275.0,237.0,507.0,
35.0,64.0,80.0,64.0,43.0,42.0,95.0,154.0,275.0,237.0,507.0,410.0,
64.0,80.0,64.0,43.0,42.0,95.0,154.0,275.0,237.0,507.0,410.0,327.0,
80.0,64.0,43.0,42.0,95.0,154.0,275.0,237.0,507.0,410.0,327.0,372.0,
64.0,43.0,42.0,95.0,154.0,275.0,237.0,507.0,410.0,327.0,372.0,492.0,
43.0,42.0,95.0,154.0,275.0,237.0,507.0,410.0,327.0,372.0,492.0,499.0,
42.0,95.0,154.0,275.0,237.0,507.0,410.0,327.0,372.0,492.0,499.0,507.0,
95.0,154.0,275.0,237.0,507.0,410.0,327.0,372.0,492.0,499.0,507.0,402.0,
154.0,275.0,237.0,507.0,410.0,327.0,372.0,492.0,499.0,507.0,402.0,357.0,
275.0,237.0,507.0,410.0,327.0,372.0,492.0,499.0,507.0,402.0,357.0,170.0,
237.0,507.0,410.0,327.0,372.0,492.0,499.0,507.0,402.0,357.0,170.0,124.0,
507.0,410.0,327.0,372.0,492.0,499.0,507.0,402.0,357.0,170.0,124.0,79.0,
410.0,327.0,372.0,492.0,499.0,507.0,402.0,357.0,170.0,124.0,79.0,49.0,
327.0,372.0,492.0,499.0,507.0,402.0,357.0,170.0,124.0,79.0,49.0,79.0,
372.0,492.0,499.0,507.0,402.0,357.0,170.0,124.0,79.0,49.0,79.0,28.0,
492.0,499.0,507.0,402.0,357.0,170.0,124.0,79.0,49.0,79.0,28.0,80.0,
499.0,507.0,402.0,357.0,170.0,124.0,79.0,49.0,79.0,28.0,80.0,65.0,
507.0,402.0,357.0,170.0,124.0,79.0,49.0,79.0,28.0,80.0,65.0,49.0,
402.0,357.0,170.0,124.0,79.0,49.0,79.0,28.0,80.0,65.0,49.0,49.0,
357.0,170.0,124.0,79.0,49.0,79.0,28.0,80.0,65.0,49.0,49.0,57.0,
170.0,124.0,79.0,49.0,79.0,28.0,80.0,65.0,49.0,49.0,57.0,80.0,
124.0,79.0,49.0,79.0,28.0,80.0,65.0,49.0,49.0,57.0,80.0,161.0,
79.0,49.0,79.0,28.0,80.0,65.0,49.0,49.0,57.0,80.0,161.0,252.0,
49.0,79.0,28.0,80.0,65.0,49.0,49.0,57.0,80.0,161.0,252.0,289.5,
79.0,28.0,80.0,65.0,49.0,49.0,57.0,80.0,161.0,252.0,289.5,327.0,
28.0,80.0,65.0,49.0,49.0,57.0,80.0,161.0,252.0,289.5,327.0,365.0,
80.0,65.0,49.0,49.0,57.0,80.0,161.0,252.0,289.5,327.0,365.0,492.0,
65.0,49.0,49.0,57.0,80.0,161.0,252.0,289.5,327.0,365.0,492.0,327.0,
49.0,49.0,57.0,80.0,161.0,252.0,289.5,327.0,365.0,492.0,327.0,312.0,
49.0,57.0,80.0,161.0,252.0,289.5,327.0,365.0,492.0,327.0,312.0,290.0,
57.0,80.0,161.0,252.0,289.5,327.0,365.0,492.0,327.0,312.0,290.0,305.0,
80.0,161.0,252.0,289.5,327.0,365.0,492.0,327.0,312.0,290.0,305.0,334.0,
161.0,252.0,289.5,327.0,365.0,492.0,327.0,312.0,290.0,305.0,334.0,387.0,
252.0,289.5,327.0,365.0,492.0,327.0,312.0,290.0,305.0,334.0,387.0,118.0,
289.5,327.0,365.0,492.0,327.0,312.0,290.0,305.0,334.0,387.0,118.0,49.0,
327.0,365.0,492.0,327.0,312.0,290.0,305.0,334.0,387.0,118.0,49.0,65.0,
365.0,492.0,327.0,312.0,290.0,305.0,334.0,387.0,118.0,49.0,65.0,57.0,
492.0,327.0,312.0,290.0,305.0,334.0,387.0,118.0,49.0,65.0,57.0,110.0,
327.0,312.0,290.0,305.0,334.0,387.0,118.0,49.0,65.0,57.0,110.0,36.0,
312.0,290.0,305.0,334.0,387.0,118.0,49.0,65.0,57.0,110.0,36.0,72.0,
290.0,305.0,334.0,387.0,118.0,49.0,65.0,57.0,110.0,36.0,72.0,42.0,
305.0,334.0,387.0,118.0,49.0,65.0,57.0,110.0,36.0,72.0,42.0,57.0,
334.0,387.0,118.0,49.0,65.0,57.0,110.0,36.0,72.0,42.0,57.0,42.0,
387.0,118.0,49.0,65.0,57.0,110.0,36.0,72.0,42.0,57.0,42.0,56.0,
118.0,49.0,65.0,57.0,110.0,36.0,72.0,42.0,57.0,42.0,56.0,207.0,
49.0,65.0,57.0,110.0,36.0,72.0,42.0,57.0,42.0,56.0,207.0,245.0,
65.0,57.0,110.0,36.0,72.0,42.0,57.0,42.0,56.0,207.0,245.0,296.0,
57.0,110.0,36.0,72.0,42.0,57.0,42.0,56.0,207.0,245.0,296.0,320.0,
110.0,36.0,72.0,42.0,57.0,42.0,56.0,207.0,245.0,296.0,320.0,334.0,
36.0,72.0,42.0,57.0,42.0,56.0,207.0,245.0,296.0,320.0,334.0,380.0,
72.0,42.0,57.0,42.0,56.0,207.0,245.0,296.0,320.0,334.0,380.0,342.0,
42.0,57.0,42.0,56.0,207.0,245.0,296.0,320.0,334.0,380.0,342.0,425.0,
57.0,42.0,56.0,207.0,245.0,296.0,320.0,334.0,380.0,342.0,425.0,320.0,
42.0,56.0,207.0,245.0,296.0,320.0,334.0,380.0,342.0,425.0,320.0,282.0,
56.0,207.0,245.0,296.0,320.0,334.0,380.0,342.0,425.0,320.0,282.0,312.0,
207.0,245.0,296.0,320.0,334.0,380.0,342.0,425.0,320.0,282.0,312.0,319.0,
245.0,296.0,320.0,334.0,380.0,342.0,425.0,320.0,282.0,312.0,319.0,357.0,
296.0,320.0,334.0,380.0,342.0,425.0,320.0,282.0,312.0,319.0,357.0,139.0,
320.0,334.0,380.0,342.0,425.0,320.0,282.0,312.0,319.0,357.0,139.0,64.0,
334.0,380.0,342.0,425.0,320.0,282.0,312.0,319.0,357.0,139.0,64.0,49.0,
380.0,342.0,425.0,320.0,282.0,312.0,319.0,357.0,139.0,64.0,49.0,49.0,
342.0,425.0,320.0,282.0,312.0,319.0,357.0,139.0,64.0,49.0,49.0,87.0,
425.0,320.0,282.0,312.0,319.0,357.0,139.0,64.0,49.0,49.0,87.0,118.0,
320.0,282.0,312.0,319.0,357.0,139.0,64.0,49.0,49.0,87.0,118.0,50.0,
282.0,312.0,319.0,357.0,139.0,64.0,49.0,49.0,87.0,118.0,50.0,35.0,
312.0,319.0,357.0,139.0,64.0,49.0,49.0,87.0,118.0,50.0,35.0,49.0,
319.0,357.0,139.0,64.0,49.0,49.0,87.0,118.0,50.0,35.0,49.0,51.0,
357.0,139.0,64.0,49.0,49.0,87.0,118.0,50.0,35.0,49.0,51.0,49.0,
139.0,64.0,49.0,49.0,87.0,118.0,50.0,35.0,49.0,51.0,49.0,117.0,
64.0,49.0,49.0,87.0,118.0,50.0,35.0,49.0,51.0,49.0,117.0,200.0,
49.0,49.0,87.0,118.0,50.0,35.0,49.0,51.0,49.0,117.0,200.0,439.0,
49.0,87.0,118.0,50.0,35.0,49.0,51.0,49.0,117.0,200.0,439.0,297.0,
87.0,118.0,50.0,35.0,49.0,51.0,49.0,117.0,200.0,439.0,297.0,627.0,
118.0,50.0,35.0,49.0,51.0,49.0,117.0,200.0,439.0,297.0,627.0,575.0,
50.0,35.0,49.0,51.0,49.0,117.0,200.0,439.0,297.0,627.0,575.0,680.0,
35.0,49.0,51.0,49.0,117.0,200.0,439.0,297.0,627.0,575.0,680.0,551.0,
49.0,51.0,49.0,117.0,200.0,439.0,297.0,627.0,575.0,680.0,551.0,544.0,
51.0,49.0,117.0,200.0,439.0,297.0,627.0,575.0,680.0,551.0,544.0,522.0,
49.0,117.0,200.0,439.0,297.0,627.0,575.0,680.0,551.0,544.0,522.0,560.0,
117.0,200.0,439.0,297.0,627.0,575.0,680.0,551.0,544.0,522.0,560.0,650.0,
200.0,439.0,297.0,627.0,575.0,680.0,551.0,544.0,522.0,560.0,650.0,515.0,
439.0,297.0,627.0,575.0,680.0,551.0,544.0,522.0,560.0,650.0,515.0,193.0,
297.0,627.0,575.0,680.0,551.0,544.0,522.0,560.0,650.0,515.0,193.0,49.0,
627.0,575.0,680.0,551.0,544.0,522.0,560.0,650.0,515.0,193.0,49.0,42.0,
575.0,680.0,551.0,544.0,522.0,560.0,650.0,515.0,193.0,49.0,42.0,42.0,
680.0,551.0,544.0,522.0,560.0,650.0,515.0,193.0,49.0,42.0,42.0,65.0,
551.0,544.0,522.0,560.0,650.0,515.0,193.0,49.0,42.0,42.0,65.0,72.0,
544.0,522.0,560.0,650.0,515.0,193.0,49.0,42.0,42.0,65.0,72.0,87.0,
522.0,560.0,650.0,515.0,193.0,49.0,42.0,42.0,65.0,72.0,87.0,117.0,
560.0,650.0,515.0,193.0,49.0,42.0,42.0,65.0,72.0,87.0,117.0,94.0,
650.0,515.0,193.0,49.0,42.0,42.0,65.0,72.0,87.0,117.0,94.0,50.0,
515.0,193.0,49.0,42.0,42.0,65.0,72.0,87.0,117.0,94.0,50.0,64.0,
193.0,49.0,42.0,42.0,65.0,72.0,87.0,117.0,94.0,50.0,64.0,72.0,
49.0,42.0,42.0,65.0,72.0,87.0,117.0,94.0,50.0,64.0,72.0,154.0,
42.0,42.0,65.0,72.0,87.0,117.0,94.0,50.0,64.0,72.0,154.0,139.0,
42.0,65.0,72.0,87.0,117.0,94.0,50.0,64.0,72.0,154.0,139.0,215.0,
65.0,72.0,87.0,117.0,94.0,50.0,64.0,72.0,154.0,139.0,215.0,237.0,
72.0,87.0,117.0,94.0,50.0,64.0,72.0,154.0,139.0,215.0,237.0,222.0,
87.0,117.0,94.0,50.0,64.0,72.0,154.0,139.0,215.0,237.0,222.0,274.0,
117.0,94.0,50.0,64.0,72.0,154.0,139.0,215.0,237.0,222.0,274.0,343.0,
94.0,50.0,64.0,72.0,154.0,139.0,215.0,237.0,222.0,274.0,343.0,245.0,
50.0,64.0,72.0,154.0,139.0,215.0,237.0,222.0,274.0,343.0,245.0,237.0,
64.0,72.0,154.0,139.0,215.0,237.0,222.0,274.0,343.0,245.0,237.0,237.0,
72.0,154.0,139.0,215.0,237.0,222.0,274.0,343.0,245.0,237.0,237.0,358.0,
154.0,139.0,215.0,237.0,222.0,274.0,343.0,245.0,237.0,237.0,358.0,266.0,
139.0,215.0,237.0,222.0,274.0,343.0,245.0,237.0,237.0,358.0,266.0,57.0,
215.0,237.0,222.0,274.0,343.0,245.0,237.0,237.0,358.0,266.0,57.0,42.0,
237.0,222.0,274.0,343.0,245.0,237.0,237.0,358.0,266.0,57.0,42.0,49.0,
222.0,274.0,343.0,245.0,237.0,237.0,358.0,266.0,57.0,42.0,49.0,64.0,
274.0,343.0,245.0,237.0,237.0,358.0,266.0,57.0,42.0,49.0,64.0,49.0,
343.0,245.0,237.0,237.0,358.0,266.0,57.0,42.0,49.0,64.0,49.0,170.0,
245.0,237.0,237.0,358.0,266.0,57.0,42.0,49.0,64.0,49.0,170.0,125.0,
237.0,237.0,358.0,266.0,57.0,42.0,49.0,64.0,49.0,170.0,125.0,170.0,
237.0,358.0,266.0,57.0,42.0,49.0,64.0,49.0,170.0,125.0,170.0,57.0,
358.0,266.0,57.0,42.0,49.0,64.0,49.0,170.0,125.0,170.0,57.0,43.0,
266.0,57.0,42.0,49.0,64.0,49.0,170.0,125.0,170.0,57.0,43.0,43.0,
57.0,42.0,49.0,64.0,49.0,170.0,125.0,170.0,57.0,43.0,43.0,49.0,
42.0,49.0,64.0,49.0,170.0,125.0,170.0,57.0,43.0,43.0,49.0,169.0,
49.0,64.0,49.0,170.0,125.0,170.0,57.0,43.0,43.0,49.0,169.0,154.0,
64.0,49.0,170.0,125.0,170.0,57.0,43.0,43.0,49.0,169.0,154.0,207.0,
49.0,170.0,125.0,170.0,57.0,43.0,43.0,49.0,169.0,154.0,207.0,207.0,
170.0,125.0,170.0,57.0,43.0,43.0,49.0,169.0,154.0,207.0,207.0,215.0,
125.0,170.0,57.0,43.0,43.0,49.0,169.0,154.0,207.0,207.0,215.0,229.0,
170.0,57.0,43.0,43.0,49.0,169.0,154.0,207.0,207.0,215.0,229.0,298.0,
57.0,43.0,43.0,49.0,169.0,154.0,207.0,207.0,215.0,229.0,298.0,523.0,
43.0,43.0,49.0,169.0,154.0,207.0,207.0,215.0,229.0,298.0,523.0,154.0,
43.0,49.0,169.0,154.0,207.0,207.0,215.0,229.0,298.0,523.0,154.0,184.0,
49.0,169.0,154.0,207.0,207.0,215.0,229.0,298.0,523.0,154.0,184.0,244.0,
169.0,154.0,207.0,207.0,215.0,229.0,298.0,523.0,154.0,184.0,244.0,207.0,
154.0,207.0,207.0,215.0,229.0,298.0,523.0,154.0,184.0,244.0,207.0,64.0,
207.0,207.0,215.0,229.0,298.0,523.0,154.0,184.0,244.0,207.0,64.0,50.0,
207.0,215.0,229.0,298.0,523.0,154.0,184.0,244.0,207.0,64.0,50.0,42.0,
215.0,229.0,298.0,523.0,154.0,184.0,244.0,207.0,64.0,50.0,42.0,139.0,
229.0,298.0,523.0,154.0,184.0,244.0,207.0,64.0,50.0,42.0,139.0,170.0,
298.0,523.0,154.0,184.0,244.0,207.0,64.0,50.0,42.0,139.0,170.0,50.0,
523.0,154.0,184.0,244.0,207.0,64.0,50.0,42.0,139.0,170.0,50.0,42.0,
154.0,184.0,244.0,207.0,64.0,50.0,42.0,139.0,170.0,50.0,42.0,35.0,
184.0,244.0,207.0,64.0,50.0,42.0,139.0,170.0,50.0,42.0,35.0,64.0,
244.0,207.0,64.0,50.0,42.0,139.0,170.0,50.0,42.0,35.0,64.0,42.0,
207.0,64.0,50.0,42.0,139.0,170.0,50.0,42.0,35.0,64.0,42.0,50.0,
64.0,50.0,42.0,139.0,170.0,50.0,42.0,35.0,64.0,42.0,50.0,132.0,
50.0,42.0,139.0,170.0,50.0,42.0,35.0,64.0,42.0,50.0,132.0,507.0,
42.0,139.0,170.0,50.0,42.0,35.0,64.0,42.0,50.0,132.0,507.0,506.0,
139.0,170.0,50.0,42.0,35.0,64.0,42.0,50.0,132.0,507.0,506.0,297.0,
170.0,50.0,42.0,35.0,64.0,42.0,50.0,132.0,507.0,506.0,297.0,395.0,
50.0,42.0,35.0,64.0,42.0,50.0,132.0,507.0,506.0,297.0,395.0,425.0,
42.0,35.0,64.0,42.0,50.0,132.0,507.0,506.0,297.0,395.0,425.0,350.0,
35.0,64.0,42.0,50.0,132.0,507.0,506.0,297.0,395.0,425.0,350.0,327.0,
64.0,42.0,50.0,132.0,507.0,506.0,297.0,395.0,425.0,350.0,327.0,334.0,
42.0,50.0,132.0,507.0,506.0,297.0,395.0,425.0,350.0,327.0,334.0,311.0,
50.0,132.0,507.0,506.0,297.0,395.0,425.0,350.0,327.0,334.0,311.0,259.0,
132.0,507.0,506.0,297.0,395.0,425.0,350.0,327.0,334.0,311.0,259.0,387.0,
507.0,506.0,297.0,395.0,425.0,350.0,327.0,334.0,311.0,259.0,387.0,275.0,
506.0,297.0,395.0,425.0,350.0,327.0,334.0,311.0,259.0,387.0,275.0,79.0,
297.0,395.0,425.0,350.0,327.0,334.0,311.0,259.0,387.0,275.0,79.0,57.0,
395.0,425.0,350.0,327.0,334.0,311.0,259.0,387.0,275.0,79.0,57.0,49.0,
425.0,350.0,327.0,334.0,311.0,259.0,387.0,275.0,79.0,57.0,49.0,56.0,
350.0,327.0,334.0,311.0,259.0,387.0,275.0,79.0,57.0,49.0,56.0,139.0,
327.0,334.0,311.0,259.0,387.0,275.0,79.0,57.0,49.0,56.0,139.0,65.0,
334.0,311.0,259.0,387.0,275.0,79.0,57.0,49.0,56.0,139.0,65.0,87.0,
311.0,259.0,387.0,275.0,79.0,57.0,49.0,56.0,139.0,65.0,87.0,49.0,
259.0,387.0,275.0,79.0,57.0,49.0,56.0,139.0,65.0,87.0,49.0,64.0,
387.0,275.0,79.0,57.0,49.0,56.0,139.0,65.0,87.0,49.0,64.0,42.0,
275.0,79.0,57.0,49.0,56.0,139.0,65.0,87.0,49.0,64.0,42.0,49.0,
79.0,57.0,49.0,56.0,139.0,65.0,87.0,49.0,64.0,42.0,49.0,110.0,
57.0,49.0,56.0,139.0,65.0,87.0,49.0,64.0,42.0,49.0,110.0,409.0,
49.0,56.0,139.0,65.0,87.0,49.0,64.0,42.0,49.0,110.0,409.0,805.0,
56.0,139.0,65.0,87.0,49.0,64.0,42.0,49.0,110.0,409.0,805.0,865.0,
139.0,65.0,87.0,49.0,64.0,42.0,49.0,110.0,409.0,805.0,865.0,896.0,
65.0,87.0,49.0,64.0,42.0,49.0,110.0,409.0,805.0,865.0,896.0,537.0,
87.0,49.0,64.0,42.0,49.0,110.0,409.0,805.0,865.0,896.0,537.0,394.0,
49.0,64.0,42.0,49.0,110.0,409.0,805.0,865.0,896.0,537.0,394.0,402.0,
64.0,42.0,49.0,110.0,409.0,805.0,865.0,896.0,537.0,394.0,402.0,312.0,
42.0,49.0,110.0,409.0,805.0,865.0,896.0,537.0,394.0,402.0,312.0,379.0,
49.0,110.0,409.0,805.0,865.0,896.0,537.0,394.0,402.0,312.0,379.0,319.0,
110.0,409.0,805.0,865.0,896.0,537.0,394.0,402.0,312.0,379.0,319.0,342.0,
409.0,805.0,865.0,896.0,537.0,394.0,402.0,312.0,379.0,319.0,342.0,237.0,
805.0,865.0,896.0,537.0,394.0,402.0,312.0,379.0,319.0,342.0,237.0,80.0,
865.0,896.0,537.0,394.0,402.0,312.0,379.0,319.0,342.0,237.0,80.0,57.0,
896.0,537.0,394.0,402.0,312.0,379.0,319.0,342.0,237.0,80.0,57.0,57.0,
537.0,394.0,402.0,312.0,379.0,319.0,342.0,237.0,80.0,57.0,57.0,57.0,
394.0,402.0,312.0,379.0,319.0,342.0,237.0,80.0,57.0,57.0,57.0,102.0,
402.0,312.0,379.0,319.0,342.0,237.0,80.0,57.0,57.0,57.0,102.0,50.0,
312.0,379.0,319.0,342.0,237.0,80.0,57.0,57.0,57.0,102.0,50.0,72.0,
379.0,319.0,342.0,237.0,80.0,57.0,57.0,57.0,102.0,50.0,72.0,42.0,
319.0,342.0,237.0,80.0,57.0,57.0,57.0,102.0,50.0,72.0,42.0,42.0,
342.0,237.0,80.0,57.0,57.0,57.0,102.0,50.0,72.0,42.0,42.0,57.0,
237.0,80.0,57.0,57.0,57.0,102.0,50.0,72.0,42.0,42.0,57.0,57.0,
80.0,57.0,57.0,57.0,102.0,50.0,72.0,42.0,42.0,57.0,57.0,87.0,
57.0,57.0,57.0,102.0,50.0,72.0,42.0,42.0,57.0,57.0,87.0,177.0,
57.0,57.0,102.0,50.0,72.0,42.0,42.0,57.0,57.0,87.0,177.0,492.0,
57.0,102.0,50.0,72.0,42.0,42.0,57.0,57.0,87.0,177.0,492.0,642.0,
102.0,50.0,72.0,42.0,42.0,57.0,57.0,87.0,177.0,492.0,642.0,799.0,
50.0,72.0,42.0,42.0,57.0,57.0,87.0,177.0,492.0,642.0,799.0,851.0,
72.0,42.0,42.0,57.0,57.0,87.0,177.0,492.0,642.0,799.0,851.0,888.0,
42.0,42.0,57.0,57.0,87.0,177.0,492.0,642.0,799.0,851.0,888.0,574.0,
42.0,57.0,57.0,87.0,177.0,492.0,642.0,799.0,851.0,888.0,574.0,320.0,
57.0,57.0,87.0,177.0,492.0,642.0,799.0,851.0,888.0,574.0,320.0,229.0,
57.0,87.0,177.0,492.0,642.0,799.0,851.0,888.0,574.0,320.0,229.0,417.0,
87.0,177.0,492.0,642.0,799.0,851.0,888.0,574.0,320.0,229.0,417.0,334.0,
177.0,492.0,642.0,799.0,851.0,888.0,574.0,320.0,229.0,417.0,334.0,327.0,
492.0,642.0,799.0,851.0,888.0,574.0,320.0,229.0,417.0,334.0,327.0,169.0,
642.0,799.0,851.0,888.0,574.0,320.0,229.0,417.0,334.0,327.0,169.0,56.0,
799.0,851.0,888.0,574.0,320.0,229.0,417.0,334.0,327.0,169.0,56.0,57.0,
851.0,888.0,574.0,320.0,229.0,417.0,334.0,327.0,169.0,56.0,57.0,73.0,
888.0,574.0,320.0,229.0,417.0,334.0,327.0,169.0,56.0,57.0,73.0,110.0,
574.0,320.0,229.0,417.0,334.0,327.0,169.0,56.0,57.0,73.0,110.0,57.0,
320.0,229.0,417.0,334.0,327.0,169.0,56.0,57.0,73.0,110.0,57.0,177.0,
229.0,417.0,334.0,327.0,169.0,56.0,57.0,73.0,110.0,57.0,177.0,50.0,
417.0,334.0,327.0,169.0,56.0,57.0,73.0,110.0,57.0,177.0,50.0,71.0,
334.0,327.0,169.0,56.0,57.0,73.0,110.0,57.0,177.0,50.0,71.0,58.0,
327.0,169.0,56.0,57.0,73.0,110.0,57.0,177.0,50.0,71.0,58.0,49.0,
169.0,56.0,57.0,73.0,110.0,57.0,177.0,50.0,71.0,58.0,49.0,124.0,
56.0,57.0,73.0,110.0,57.0,177.0,50.0,71.0,58.0,49.0,124.0,169.0,
57.0,73.0,110.0,57.0,177.0,50.0,71.0,58.0,49.0,124.0,169.0,440.0,
73.0,110.0,57.0,177.0,50.0,71.0,58.0,49.0,124.0,169.0,440.0,567.0,
110.0,57.0,177.0,50.0,71.0,58.0,49.0,124.0,169.0,440.0,567.0,327.0,
57.0,177.0,50.0,71.0,58.0,49.0,124.0,169.0,440.0,567.0,327.0,417.0,
177.0,50.0,71.0,58.0,49.0,124.0,169.0,440.0,567.0,327.0,417.0,327.0,
50.0,71.0,58.0,49.0,124.0,169.0,440.0,567.0,327.0,417.0,327.0,619.0,
71.0,58.0,49.0,124.0,169.0,440.0,567.0,327.0,417.0,327.0,619.0,686.0,
58.0,49.0,124.0,169.0,440.0,567.0,327.0,417.0,327.0,619.0,686.0,701.0,
49.0,124.0,169.0,440.0,567.0,327.0,417.0,327.0,619.0,686.0,701.0,515.0,
124.0,169.0,440.0,567.0,327.0,417.0,327.0,619.0,686.0,701.0,515.0,447.0,
169.0,440.0,567.0,327.0,417.0,327.0,619.0,686.0,701.0,515.0,447.0,454.0,
440.0,567.0,327.0,417.0,327.0,619.0,686.0,701.0,515.0,447.0,454.0,214.0,
567.0,327.0,417.0,327.0,619.0,686.0,701.0,515.0,447.0,454.0,214.0,162.0,
327.0,417.0,327.0,619.0,686.0,701.0,515.0,447.0,454.0,214.0,162.0,56.0,
417.0,327.0,619.0,686.0,701.0,515.0,447.0,454.0,214.0,162.0,56.0,64.0,
327.0,619.0,686.0,701.0,515.0,447.0,454.0,214.0,162.0,56.0,64.0,132.0,
619.0,686.0,701.0,515.0,447.0,454.0,214.0,162.0,56.0,64.0,132.0,49.0,
686.0,701.0,515.0,447.0,454.0,214.0,162.0,56.0,64.0,132.0,49.0,57.0,
701.0,515.0,447.0,454.0,214.0,162.0,56.0,64.0,132.0,49.0,57.0,42.0,
515.0,447.0,454.0,214.0,162.0,56.0,64.0,132.0,49.0,57.0,42.0,57.0,
447.0,454.0,214.0,162.0,56.0,64.0,132.0,49.0,57.0,42.0,57.0,50.0,
454.0,214.0,162.0,56.0,64.0,132.0,49.0,57.0,42.0,57.0,50.0,80.0,
214.0,162.0,56.0,64.0,132.0,49.0,57.0,42.0,57.0,50.0,80.0,140.0,
162.0,56.0,64.0,132.0,49.0,57.0,42.0,57.0,50.0,80.0,140.0,237.0,
56.0,64.0,132.0,49.0,57.0,42.0,57.0,50.0,80.0,140.0,237.0,499.0,
64.0,132.0,49.0,57.0,42.0,57.0,50.0,80.0,140.0,237.0,499.0,253.0,
132.0,49.0,57.0,42.0,57.0,50.0,80.0,140.0,237.0,499.0,253.0,335.0,
49.0,57.0,42.0,57.0,50.0,80.0,140.0,237.0,499.0,253.0,335.0,252.0,
57.0,42.0,57.0,50.0,80.0,140.0,237.0,499.0,253.0,335.0,252.0,282.0,
42.0,57.0,50.0,80.0,140.0,237.0,499.0,253.0,335.0,252.0,282.0,469.0,
57.0,50.0,80.0,140.0,237.0,499.0,253.0,335.0,252.0,282.0,469.0,702.0,
50.0,80.0,140.0,237.0,499.0,253.0,335.0,252.0,282.0,469.0,702.0,551.0,
80.0,140.0,237.0,499.0,253.0,335.0,252.0,282.0,469.0,702.0,551.0,537.0,
140.0,237.0,499.0,253.0,335.0,252.0,282.0,469.0,702.0,551.0,537.0,342.0,
237.0,499.0,253.0,335.0,252.0,282.0,469.0,702.0,551.0,537.0,342.0,252.0,
499.0,253.0,335.0,252.0,282.0,469.0,702.0,551.0,537.0,342.0,252.0,200.0,
253.0,335.0,252.0,282.0,469.0,702.0,551.0,537.0,342.0,252.0,200.0,327.0,
335.0,252.0,282.0,469.0,702.0,551.0,537.0,342.0,252.0,200.0,327.0,245.0,
252.0,282.0,469.0,702.0,551.0,537.0,342.0,252.0,200.0,327.0,245.0,49.0,
282.0,469.0,702.0,551.0,537.0,342.0,252.0,200.0,327.0,245.0,49.0,72.0,
469.0,702.0,551.0,537.0,342.0,252.0,200.0,327.0,245.0,49.0,72.0,95.0,
702.0,551.0,537.0,342.0,252.0,200.0,327.0,245.0,49.0,72.0,95.0,102.0,
551.0,537.0,342.0,252.0,200.0,327.0,245.0,49.0,72.0,95.0,102.0,387.0,
537.0,342.0,252.0,200.0,327.0,245.0,49.0,72.0,95.0,102.0,387.0,462.0,
342.0,252.0,200.0,327.0,245.0,49.0,72.0,95.0,102.0,387.0,462.0,395.0,
252.0,200.0,327.0,245.0,49.0,72.0,95.0,102.0,387.0,462.0,395.0,387.0,
200.0,327.0,245.0,49.0,72.0,95.0,102.0,387.0,462.0,395.0,387.0,96.0,
327.0,245.0,49.0,72.0,95.0,102.0,387.0,462.0,395.0,387.0,96.0,139.0,
245.0,49.0,72.0,95.0,102.0,387.0,462.0,395.0,387.0,96.0,139.0,425.0,
49.0,72.0,95.0,102.0,387.0,462.0,395.0,387.0,96.0,139.0,425.0,724.0,
72.0,95.0,102.0,387.0,462.0,395.0,387.0,96.0,139.0,425.0,724.0,687.0,
95.0,102.0,387.0,462.0,395.0,387.0,96.0,139.0,425.0,724.0,687.0,222.0,
102.0,387.0,462.0,395.0,387.0,96.0,139.0,425.0,724.0,687.0,222.0,214.0,
387.0,462.0,395.0,387.0,96.0,139.0,425.0,724.0,687.0,222.0,214.0,387.0,
462.0,395.0,387.0,96.0,139.0,425.0,724.0,687.0,222.0,214.0,387.0,245.0,
395.0,387.0,96.0,139.0,425.0,724.0,687.0,222.0,214.0,387.0,245.0,222.0,
387.0,96.0,139.0,425.0,724.0,687.0,222.0,214.0,387.0,245.0,222.0,222.0,
96.0,139.0,425.0,724.0,687.0,222.0,214.0,387.0,245.0,222.0,222.0,320.0,
139.0,425.0,724.0,687.0,222.0,214.0,387.0,245.0,222.0,222.0,320.0,206.0,
425.0,724.0,687.0,222.0,214.0,387.0,245.0,222.0,222.0,320.0,206.0,102.0,
724.0,687.0,222.0,214.0,387.0,245.0,222.0,222.0,320.0,206.0,102.0,102.0,
687.0,222.0,214.0,387.0,245.0,222.0,222.0,320.0,206.0,102.0,102.0,57.0,
222.0,214.0,387.0,245.0,222.0,222.0,320.0,206.0,102.0,102.0,57.0,79.0,
214.0,387.0,245.0,222.0,222.0,320.0,206.0,102.0,102.0,57.0,79.0,177.0,
387.0,245.0,222.0,222.0,320.0,206.0,102.0,102.0,57.0,79.0,177.0,87.0,
245.0,222.0,222.0,320.0,206.0,102.0,102.0,57.0,79.0,177.0,87.0,552.0,
222.0,222.0,320.0,206.0,102.0,102.0,57.0,79.0,177.0,87.0,552.0,169.0,
222.0,320.0,206.0,102.0,102.0,57.0,79.0,177.0,87.0,552.0,169.0,65.0,
320.0,206.0,102.0,102.0,57.0,79.0,177.0,87.0,552.0,169.0,65.0,42.0,
206.0,102.0,102.0,57.0,79.0,177.0,87.0,552.0,169.0,65.0,42.0,50.0,
102.0,102.0,57.0,79.0,177.0,87.0,552.0,169.0,65.0,42.0,50.0,50.0,
102.0,57.0,79.0,177.0,87.0,552.0,169.0,65.0,42.0,50.0,50.0,102.0,
57.0,79.0,177.0,87.0,552.0,169.0,65.0,42.0,50.0,50.0,102.0,177.0,
79.0,177.0,87.0,552.0,169.0,65.0,42.0,50.0,50.0,102.0,177.0,574.0,
177.0,87.0,552.0,169.0,65.0,42.0,50.0,50.0,102.0,177.0,574.0,289.0,
87.0,552.0,169.0,65.0,42.0,50.0,50.0,102.0,177.0,574.0,289.0,267.0,
552.0,169.0,65.0,42.0,50.0,50.0,102.0,177.0,574.0,289.0,267.0,245.0,
169.0,65.0,42.0,50.0,50.0,102.0,177.0,574.0,289.0,267.0,245.0,275.0,
65.0,42.0,50.0,50.0,102.0,177.0,574.0,289.0,267.0,245.0,275.0,229.0,
42.0,50.0,50.0,102.0,177.0,574.0,289.0,267.0,245.0,275.0,229.0,222.0,
50.0,50.0,102.0,177.0,574.0,289.0,267.0,245.0,275.0,229.0,222.0,214.0,
50.0,102.0,177.0,574.0,289.0,267.0,245.0,275.0,229.0,222.0,214.0,327.0,
102.0,177.0,574.0,289.0,267.0,245.0,275.0,229.0,222.0,214.0,327.0,305.0,
177.0,574.0,289.0,267.0,245.0,275.0,229.0,222.0,214.0,327.0,305.0,64.0,
574.0,289.0,267.0,245.0,275.0,229.0,222.0,214.0,327.0,305.0,64.0,132.0,
289.0,267.0,245.0,275.0,229.0,222.0,214.0,327.0,305.0,64.0,132.0,57.0,
267.0,245.0,275.0,229.0,222.0,214.0,327.0,305.0,64.0,132.0,57.0,49.0,
245.0,275.0,229.0,222.0,214.0,327.0,305.0,64.0,132.0,57.0,49.0,184.0,
275.0,229.0,222.0,214.0,327.0,305.0,64.0,132.0,57.0,49.0,184.0,455.0,
229.0,222.0,214.0,327.0,305.0,64.0,132.0,57.0,49.0,184.0,455.0,335.0,
222.0,214.0,327.0,305.0,64.0,132.0,57.0,49.0,184.0,455.0,335.0,49.0,
214.0,327.0,305.0,64.0,132.0,57.0,49.0,184.0,455.0,335.0,49.0,64.0,
327.0,305.0,64.0,132.0,57.0,49.0,184.0,455.0,335.0,49.0,64.0,42.0,
305.0,64.0,132.0,57.0,49.0,184.0,455.0,335.0,49.0,64.0,42.0,56.0,
64.0,132.0,57.0,49.0,184.0,455.0,335.0,49.0,64.0,42.0,56.0,124.0,
132.0,57.0,49.0,184.0,455.0,335.0,49.0,64.0,42.0,56.0,124.0,147.0,
57.0,49.0,184.0,455.0,335.0,49.0,64.0,42.0,56.0,124.0,147.0,410.0,
49.0,184.0,455.0,335.0,49.0,64.0,42.0,56.0,124.0,147.0,410.0,887.0,
184.0,455.0,335.0,49.0,64.0,42.0,56.0,124.0,147.0,410.0,887.0,932.0,
455.0,335.0,49.0,64.0,42.0,56.0,124.0,147.0,410.0,887.0,932.0,859.0,
335.0,49.0,64.0,42.0,56.0,124.0,147.0,410.0,887.0,932.0,859.0,334.0,
49.0,64.0,42.0,56.0,124.0,147.0,410.0,887.0,932.0,859.0,334.0,304.0,
64.0,42.0,56.0,124.0,147.0,410.0,887.0,932.0,859.0,334.0,304.0,298.0,
42.0,56.0,124.0,147.0,410.0,887.0,932.0,859.0,334.0,304.0,298.0,335.0,
56.0,124.0,147.0,410.0,887.0,932.0,859.0,334.0,304.0,298.0,335.0,304.0,
124.0,147.0,410.0,887.0,932.0,859.0,334.0,304.0,298.0,335.0,304.0,282.0,
147.0,410.0,887.0,932.0,859.0,334.0,304.0,298.0,335.0,304.0,282.0,304.0,
410.0,887.0,932.0,859.0,334.0,304.0,298.0,335.0,304.0,282.0,304.0,102.0,
887.0,932.0,859.0,334.0,304.0,298.0,335.0,304.0,282.0,304.0,102.0,64.0,
932.0,859.0,334.0,304.0,298.0,335.0,304.0,282.0,304.0,102.0,64.0,109.0,
859.0,334.0,304.0,298.0,335.0,304.0,282.0,304.0,102.0,64.0,109.0,110.0,
334.0,304.0,298.0,335.0,304.0,282.0,304.0,102.0,64.0,109.0,110.0,103.0,
304.0,298.0,335.0,304.0,282.0,304.0,102.0,64.0,109.0,110.0,103.0,50.0,
298.0,335.0,304.0,282.0,304.0,102.0,64.0,109.0,110.0,103.0,50.0,57.0,
335.0,304.0,282.0,304.0,102.0,64.0,109.0,110.0,103.0,50.0,57.0,42.0,
304.0,282.0,304.0,102.0,64.0,109.0,110.0,103.0,50.0,57.0,42.0,65.0,
282.0,304.0,102.0,64.0,109.0,110.0,103.0,50.0,57.0,42.0,65.0,35.0,
304.0,102.0,64.0,109.0,110.0,103.0,50.0,57.0,42.0,65.0,35.0,57.0,
102.0,64.0,109.0,110.0,103.0,50.0,57.0,42.0,65.0,35.0,57.0,139.0,
64.0,109.0,110.0,103.0,50.0,57.0,42.0,65.0,35.0,57.0,139.0,222.0,
109.0,110.0,103.0,50.0,57.0,42.0,65.0,35.0,57.0,139.0,222.0,252.0,
110.0,103.0,50.0,57.0,42.0,65.0,35.0,57.0,139.0,222.0,252.0,312.0,
103.0,50.0,57.0,42.0,65.0,35.0,57.0,139.0,222.0,252.0,312.0,357.0,
50.0,57.0,42.0,65.0,35.0,57.0,139.0,222.0,252.0,312.0,357.0,312.0,
57.0,42.0,65.0,35.0,57.0,139.0,222.0,252.0,312.0,357.0,312.0,470.0,
42.0,65.0,35.0,57.0,139.0,222.0,252.0,312.0,357.0,312.0,470.0,267.0,
65.0,35.0,57.0,139.0,222.0,252.0,312.0,357.0,312.0,470.0,267.0,259.0,
35.0,57.0,139.0,222.0,252.0,312.0,357.0,312.0,470.0,267.0,259.0,394.0,
57.0,139.0,222.0,252.0,312.0,357.0,312.0,470.0,267.0,259.0,394.0,395.0,
139.0,222.0,252.0,312.0,357.0,312.0,470.0,267.0,259.0,394.0,395.0,342.0,
222.0,252.0,312.0,357.0,312.0,470.0,267.0,259.0,394.0,395.0,342.0,342.0,
252.0,312.0,357.0,312.0,470.0,267.0,259.0,394.0,395.0,342.0,342.0,109.0,
312.0,357.0,312.0,470.0,267.0,259.0,394.0,395.0,342.0,342.0,109.0,49.0,
357.0,312.0,470.0,267.0,259.0,394.0,395.0,342.0,342.0,109.0,49.0,49.0,
312.0,470.0,267.0,259.0,394.0,395.0,342.0,342.0,109.0,49.0,49.0,49.0,
470.0,267.0,259.0,394.0,395.0,342.0,342.0,109.0,49.0,49.0,49.0,86.0,
267.0,259.0,394.0,395.0,342.0,342.0,109.0,49.0,49.0,49.0,86.0,64.0,
259.0,394.0,395.0,342.0,342.0,109.0,49.0,49.0,49.0,86.0,64.0,57.0,
394.0,395.0,342.0,342.0,109.0,49.0,49.0,49.0,86.0,64.0,57.0,42.0,
395.0,342.0,342.0,109.0,49.0,49.0,49.0,86.0,64.0,57.0,42.0,49.0,
342.0,342.0,109.0,49.0,49.0,49.0,86.0,64.0,57.0,42.0,49.0,42.0,
342.0,109.0,49.0,49.0,49.0,86.0,64.0,57.0,42.0,49.0,42.0,50.0,
109.0,49.0,49.0,49.0,86.0,64.0,57.0,42.0,49.0,42.0,50.0,146.0,
49.0,49.0,49.0,86.0,64.0,57.0,42.0,49.0,42.0,50.0,146.0,320.0,
49.0,49.0,86.0,64.0,57.0,42.0,49.0,42.0,50.0,146.0,320.0,672.0,
49.0,86.0,64.0,57.0,42.0,49.0,42.0,50.0,146.0,320.0,672.0,827.0,
86.0,64.0,57.0,42.0,49.0,42.0,50.0,146.0,320.0,672.0,827.0,1008.0,
64.0,57.0,42.0,49.0,42.0,50.0,146.0,320.0,672.0,827.0,1008.0,925.0,
57.0,42.0,49.0,42.0,50.0,146.0,320.0,672.0,827.0,1008.0,925.0,843.0,
42.0,49.0,42.0,50.0,146.0,320.0,672.0,827.0,1008.0,925.0,843.0,365.0,
49.0,42.0,50.0,146.0,320.0,672.0,827.0,1008.0,925.0,843.0,365.0,335.0,
42.0,50.0,146.0,320.0,672.0,827.0,1008.0,925.0,843.0,365.0,335.0,335.0,
50.0,146.0,320.0,672.0,827.0,1008.0,925.0,843.0,365.0,335.0,335.0,334.0,
146.0,320.0,672.0,827.0,1008.0,925.0,843.0,365.0,335.0,335.0,334.0,403.0,
320.0,672.0,827.0,1008.0,925.0,843.0,365.0,335.0,335.0,334.0,403.0,432.0,
672.0,827.0,1008.0,925.0,843.0,365.0,335.0,335.0,334.0,403.0,432.0,342.0,
827.0,1008.0,925.0,843.0,365.0,335.0,335.0,334.0,403.0,432.0,342.0,140.0,
1008.0,925.0,843.0,365.0,335.0,335.0,334.0,403.0,432.0,342.0,140.0,94.0,
925.0,843.0,365.0,335.0,335.0,334.0,403.0,432.0,342.0,140.0,94.0,49.0,
843.0,365.0,335.0,335.0,334.0,403.0,432.0,342.0,140.0,94.0,49.0,117.0,
365.0,335.0,335.0,334.0,403.0,432.0,342.0,140.0,94.0,49.0,117.0,42.0,
335.0,335.0,334.0,403.0,432.0,342.0,140.0,94.0,49.0,117.0,42.0,64.0,
335.0,334.0,403.0,432.0,342.0,140.0,94.0,49.0,117.0,42.0,64.0,42.0,
334.0,403.0,432.0,342.0,140.0,94.0,49.0,117.0,42.0,64.0,42.0,64.0,
403.0,432.0,342.0,140.0,94.0,49.0,117.0,42.0,64.0,42.0,64.0,50.0,
432.0,342.0,140.0,94.0,49.0,117.0,42.0,64.0,42.0,64.0,50.0,49.0,
342.0,140.0,94.0,49.0,117.0,42.0,64.0,42.0,64.0,50.0,49.0,110.0,
140.0,94.0,49.0,117.0,42.0,64.0,42.0,64.0,50.0,49.0,110.0,200.0,
94.0,49.0,117.0,42.0,64.0,42.0,64.0,50.0,49.0,110.0,200.0,485.0,
49.0,117.0,42.0,64.0,42.0,64.0,50.0,49.0,110.0,200.0,485.0,260.0,
117.0,42.0,64.0,42.0,64.0,50.0,49.0,110.0,200.0,485.0,260.0,312.0,
42.0,64.0,42.0,64.0,50.0,49.0,110.0,200.0,485.0,260.0,312.0,372.0,
64.0,42.0,64.0,50.0,49.0,110.0,200.0,485.0,260.0,312.0,372.0,305.0,
42.0,64.0,50.0,49.0,110.0,200.0,485.0,260.0,312.0,372.0,305.0,237.0,
64.0,50.0,49.0,110.0,200.0,485.0,260.0,312.0,372.0,305.0,237.0,357.0,
50.0,49.0,110.0,200.0,485.0,260.0,312.0,372.0,305.0,237.0,357.0,372.0,
49.0,110.0,200.0,485.0,260.0,312.0,372.0,305.0,237.0,357.0,372.0,342.0,
110.0,200.0,485.0,260.0,312.0,372.0,305.0,237.0,357.0,372.0,342.0,372.0,
200.0,485.0,260.0,312.0,372.0,305.0,237.0,357.0,372.0,342.0,372.0,424.0,
485.0,260.0,312.0,372.0,305.0,237.0,357.0,372.0,342.0,372.0,424.0,185.0,
260.0,312.0,372.0,305.0,237.0,357.0,372.0,342.0,372.0,424.0,185.0,72.0,
312.0,372.0,305.0,237.0,357.0,372.0,342.0,372.0,424.0,185.0,72.0,42.0,
372.0,305.0,237.0,357.0,372.0,342.0,372.0,424.0,185.0,72.0,42.0,65.0,
305.0,237.0,357.0,372.0,342.0,372.0,424.0,185.0,72.0,42.0,65.0,132.0,
237.0,357.0,372.0,342.0,372.0,424.0,185.0,72.0,42.0,65.0,132.0,297.0,
357.0,372.0,342.0,372.0,424.0,185.0,72.0,42.0,65.0,132.0,297.0,529.0,
372.0,342.0,372.0,424.0,185.0,72.0,42.0,65.0,132.0,297.0,529.0,537.0,
342.0,372.0,424.0,185.0,72.0,42.0,65.0,132.0,297.0,529.0,537.0,507.0,
372.0,424.0,185.0,72.0,42.0,65.0,132.0,297.0,529.0,537.0,507.0,94.0,
424.0,185.0,72.0,42.0,65.0,132.0,297.0,529.0,537.0,507.0,94.0,64.0,
185.0,72.0,42.0,65.0,132.0,297.0,529.0,537.0,507.0,94.0,64.0,124.0,
72.0,42.0,65.0,132.0,297.0,529.0,537.0,507.0,94.0,64.0,124.0,184.0,
42.0,65.0,132.0,297.0,529.0,537.0,507.0,94.0,64.0,124.0,184.0,215.0,
65.0,132.0,297.0,529.0,537.0,507.0,94.0,64.0,124.0,184.0,215.0,162.0,
132.0,297.0,529.0,537.0,507.0,94.0,64.0,124.0,184.0,215.0,162.0,387.0,
297.0,529.0,537.0,507.0,94.0,64.0,124.0,184.0,215.0,162.0,387.0,289.0,
529.0,537.0,507.0,94.0,64.0,124.0,184.0,215.0,162.0,387.0,289.0,297.0,
537.0,507.0,94.0,64.0,124.0,184.0,215.0,162.0,387.0,289.0,297.0,267.0,
507.0,94.0,64.0,124.0,184.0,215.0,162.0,387.0,289.0,297.0,267.0,304.0,
94.0,64.0,124.0,184.0,215.0,162.0,387.0,289.0,297.0,267.0,304.0,192.0,
64.0,124.0,184.0,215.0,162.0,387.0,289.0,297.0,267.0,304.0,192.0,221.0,
124.0,184.0,215.0,162.0,387.0,289.0,297.0,267.0,304.0,192.0,221.0,326.0,
184.0,215.0,162.0,387.0,289.0,297.0,267.0,304.0,192.0,221.0,326.0,260.0,
215.0,162.0,387.0,289.0,297.0,267.0,304.0,192.0,221.0,326.0,260.0,72.0,
162.0,387.0,289.0,297.0,267.0,304.0,192.0,221.0,326.0,260.0,72.0,42.0,
387.0,289.0,297.0,267.0,304.0,192.0,221.0,326.0,260.0,72.0,42.0,42.0,
289.0,297.0,267.0,304.0,192.0,221.0,326.0,260.0,72.0,42.0,42.0,42.0,
297.0,267.0,304.0,192.0,221.0,326.0,260.0,72.0,42.0,42.0,42.0,35.0,
267.0,304.0,192.0,221.0,326.0,260.0,72.0,42.0,42.0,42.0,35.0,49.0,
304.0,192.0,221.0,326.0,260.0,72.0,42.0,42.0,42.0,35.0,49.0,49.0,
192.0,221.0,326.0,260.0,72.0,42.0,42.0,42.0,35.0,49.0,49.0,79.0,
