1.633321e+02 1.974449e+02 2.620334e+02 1.634779e+02 1.554509e+02 1.849248e+02 1.337643e+02 1.550932e+02 1.538335e+02 
8.192461e+01 1.084641e+02 1.365394e+02 8.176139e+01 9.078647e+01 1.027424e+02 7.033149e+01 9.047239e+01 8.852824e+01 
1.132461e+02 1.719105e+02 1.855843e+02 1.078599e+02 1.497166e+02 1.514400e+02 1.029745e+02 1.531137e+02 1.470463e+02 
1.738605e+02 2.190104e+02 2.723118e+02 1.736469e+02 1.909359e+02 2.081664e+02 1.515183e+02 1.908091e+02 1.850209e+02 
1.663581e+02 2.102074e+02 2.649326e+02 1.663523e+02 1.728384e+02 1.985206e+02 1.416651e+02 1.735985e+02 1.687837e+02 
6.205931e+01 7.632897e+01 7.983848e+01 6.119627e+01 7.114558e+01 7.159991e+01 5.892653e+01 7.163715e+01 6.949926e+01 
5.271273e+01 6.548480e+01 7.273019e+01 5.152550e+01 5.931970e+01 6.049948e+01 4.871850e+01 5.887304e+01 5.787759e+01 
1.282950e+02 1.530627e+02 1.640773e+02 1.246661e+02 1.405482e+02 1.414293e+02 1.197763e+02 1.411992e+02 1.375738e+02 
1.550864e+02 2.140805e+02 2.843393e+02 1.527659e+02 1.689856e+02 1.945981e+02 1.276330e+02 1.690842e+02 1.626461e+02 
8.459027e+01 1.297244e+02 1.360226e+02 8.471700e+01 1.247153e+02 1.186063e+02 8.176893e+01 1.274071e+02 1.168459e+02 
1.946347e+02 2.427481e+02 3.123997e+02 1.929294e+02 1.953239e+02 2.256286e+02 1.618863e+02 1.957001e+02 1.887935e+02 
2.044138e+01 2.668625e+01 2.887034e+01 2.003387e+01 2.462869e+01 2.422484e+01 1.884952e+01 2.466920e+01 2.334781e+01 
2.220117e+02 2.801521e+02 3.167554e+02 2.115657e+02 2.523389e+02 2.493500e+02 1.977706e+02 2.514146e+02 2.394982e+02 
1.132045e+02 1.321724e+02 1.308504e+02 1.137117e+02 1.271229e+02 1.251227e+02 1.125020e+02 1.268389e+02 1.240394e+02 
