115.77,155.54,172.47,167.56,206.56,228.59,230.85,222.11,212.87,209.72,222.16,260.54
276.7,303.2,313.44,347.41,341.75,328.62,316.15,300.97,276.35,235.66,190.51,168.41
224.39,273.9,299.98,322.86,336.96,331.79,324.31,318.47,313.25,308.66,310.25,326.34
382.02,369.06,333.99,315.38,296.84,281.42,248.1,203.74,176.98,168.73,169.73,176.19
228.29,276.13,297.84,308.73,317.11,314.62,308.48,300.19,290.94,286.19,300.01,320.58
241.53,277.51,290.42,305.85,308.93,299.12,284.83,264.63,236.0,202.4,182.72,194.1
291.46,289.26,261.21,245.8,206.43,155.32,128.51,113.29,99.81,87.94,88.03,105.95
359.07,341.21,292.91,275.54,231.79,170.79,130.34,112.14,100.99,97.72,106.18,127.38
308.41,299.08,268.36,267.66,230.93,170.59,125.88,99.34,87.7,89.15,100.43,120.11
293.52,289.36,256.73,250.32,210.57,149.37,104.93,75.32,66.47,74.31,91.3,119.9
330.9,317.97,275.63,259.45,217.47,160.16,116.64,89.32,78.15,81.67,99.38,123.06
335.81,320.25,271.25,249.01,205.02,150.42,107.97,87.45,86.05,96.59,116.69,139.87
351.64,317.31,255.42,224.79,178.58,128.8,98.36,84.84,89.47,103.17,114.59,123.75
304.67,247.6,178.4,116.25,84.55,74.95,65.62,68.69,86.77,115.13,144.47,177.02
200.18,162.95,119.96,78.93,88.8,90.45,109.49,148.39,200.91,241.83,231.11,200.63
247.43,199.62,138.26,77.51,61.62,57.69,52.6,61.9,88.29,117.52,138.2,152.4
156.76,101.17,69.77,59.92,74.12,81.16,104.22,147.63,201.53,241.27,235.13,206.92
196.58,150.69,111.26,75.31,95.53,116.41,150.21,191.26,228.24,228.43,198.33,175.77
172.7,120.48,95.03,92.06,137.57,167.1,203.15,232.34,235.16,218.91,207.82,200.57
60.42,33.8,47.19,117.89,199.27,307.1,332.0,291.8,264.04,254.83,249.99,236.27
57.61,47.53,80.89,160.66,258.82,339.07,322.12,293.29,283.12,280.85,276.41,259.64
79.65,68.63,85.65,126.21,146.55,207.39,277.71,297.39,309.26,324.56,329.5,324.26
206.85,275.05,363.04,410.59,416.48,404.18,400.67,398.98,393.29,401.75,452.38,538.33
202.07,240.1,303.1,358.89,398.57,419.76,458.61,519.47,553.17,561.93,567.05,574.57
200.01,231.38,277.77,313.64,353.54,366.86,377.6,386.7,398.18,425.31,477.37,526.96
158.7,250.18,255.92,229.09,266.81,293.94,306.44,309.73,307.66,305.82,308.96,322.79
163.42,243.94,253.54,225.33,265.34,286.56,292.66,293.03,292.39,292.03,292.69,297.86
145.8,235.42,305.22,279.94,274.96,260.31,258.78,272.7,284.91,289.29,291.47,299.48
145.54,188.44,299.42,310.7,295.42,264.51,244.49,233.08,230.82,243.08,269.32,293.21
132.03,168.34,248.5,291.73,305.97,279.97,246.22,217.5,200.42,202.94,226.5,254.65
172.22,226.17,299.48,359.05,375.4,353.54,336.34,338.09,350.11,356.85,357.47,356.01
248.21,272.62,317.08,365.27,347.17,325.83,312.83,301.07,284.33,255.47,211.67,167.47
222.87,258.22,285.07,341.26,337.01,316.59,301.58,287.81,268.31,237.3,194.24,155.15
177.5,229.19,252.85,271.83,301.31,294.89,271.98,240.67,211.15,190.03,176.53,169.21
228.73,252.37,258.88,287.19,292.13,274.12,244.62,207.36,167.38,136.74,116.97,106.89
302.01,277.14,222.72,172.88,114.37,94.29,94.08,93.13,85.14,76.44,73.18,74.42
184.31,195.45,177.96,138.35,122.9,100.72,86.39,90.63,105.37,114.66,119.33,119.83
222.4,208.51,160.14,93.89,62.01,53.23,39.82,43.47,54.49,67.52,79.94,88.06
248.31,232.51,181.62,121.67,82.08,69.0,54.46,50.13,55.44,65.18,74.97,84.21
24.13,29.94,26.45,35.23,34.49,27.27,29.86,32.78,33.94,36.46,43.3,58.05
52.16,61.52,44.52,48.14,46.65,39.5,34.23,32.65,32.23,32.27,33.75,39.59
81.05,85.14,51.58,37.2,36.88,39.19,41.28,44.52,49.07,54.8,61.19,71.65
106.62,94.66,90.33,69.13,82.26,79.63,76.61,73.95,77.84,91.94,117.24,138.01
172.03,165.83,148.48,111.19,120.96,128.67,131.52,137.18,158.28,198.41,225.47,227.15
127.29,120.03,114.49,93.78,116.64,128.34,140.7,159.75,194.69,232.67,238.4,228.83
68.45,46.06,32.98,40.91,47.28,45.04,49.31,55.35,67.24,86.31,110.75,163.29
33.26,61.91,40.62,52.64,63.88,70.58,77.4,87.93,106.69,131.53,157.48,165.03
76.53,123.83,125.2,93.22,94.78,94.68,91.25,91.06,95.64,102.34,110.39,128.19
83.8,127.38,188.17,221.4,254.03,267.44,284.85,301.97,309.27,308.03,296.72,289.68
67.38,82.56,83.94,97.38,84.61,75.1,73.72,80.95,103.34,134.05,143.89,149.56
108.78,151.3,172.69,183.9,220.44,235.83,222.31,195.18,174.68,175.96,213.46,264.53
115.28,171.78,229.97,239.65,257.6,262.04,270.5,281.07,285.14,285.78,273.28,255.26
94.48,122.15,152.77,159.89,174.92,170.31,154.71,128.75,105.49,105.74,111.13,122.37
163.05,181.81,212.81,207.81,204.4,179.98,148.82,121.69,104.51,102.76,114.46,122.25
142.03,157.4,147.2,123.92,149.41,157.6,146.16,126.74,115.06,115.87,129.37,143.02
142.34,162.31,151.54,116.67,142.32,155.58,145.78,125.05,111.63,108.32,108.06,101.46
165.7,176.67,167.71,138.29,154.46,162.04,142.72,103.08,78.4,75.15,74.86,64.72
245.1,225.56,182.42,131.82,99.93,86.12,75.99,71.41,71.06,75.25,84.95,92.08
214.84,203.59,149.38,88.8,64.58,45.9,43.76,49.64,60.78,72.35,82.52,80.49
165.11,166.31,130.89,71.14,58.63,44.01,37.61,45.49,59.94,78.55,99.54,98.01
256.17,230.14,183.54,126.7,94.57,82.26,66.44,60.09,61.88,69.82,83.24,91.8
179.32,178.25,138.01,74.99,56.44,45.1,36.39,42.35,49.73,56.75,62.37,64.89
149.48,146.63,119.93,73.11,79.13,69.88,66.88,70.65,75.77,77.64,82.16,98.75
31.37,43.43,45.47,53.35,45.75,41.55,36.24,33.38,36.07,42.39,52.88,75.99
40.4,45.44,43.07,49.82,42.06,38.67,35.2,38.73,54.45,74.7,96.31,125.47
38.19,66.97,46.09,49.85,39.38,33.68,33.92,35.26,38.09,45.07,61.08,87.46
177.05,165.01,120.13,67.53,57.77,47.43,45.87,46.8,55.85,63.15,67.65,63.27
179.65,151.02,109.97,62.11,59.31,49.31,55.46,67.39,73.06,74.99,77.34,72.04
105.74,79.93,73.78,56.07,68.71,69.11,71.8,79.13,88.95,99.87,107.09,121.18
29.2,36.25,21.14,36.35,45.96,39.54,40.67,40.93,57.55,91.1,148.64,233.42
60.18,108.85,109.02,81.83,138.92,271.41,352.84,319.26,300.6,312.3,323.23,324.54
100.39,149.34,201.0,195.19,202.06,202.31,201.27,195.8,187.4,182.2,196.28,256.19
123.2,194.92,256.96,259.5,253.88,234.59,211.25,185.42,169.93,199.66,282.51,313.09
173.7,170.51,144.61,103.87,122.28,130.03,130.51,126.03,119.06,113.92,111.25,110.25
236.12,219.16,174.73,115.21,83.77,76.6,75.12,71.54,69.22,70.09,71.54,71.0
341.18,289.41,215.11,159.8,106.88,93.13,95.01,96.04,95.31,92.44,93.96,109.82
296.2,258.63,203.23,147.98,101.78,89.99,89.81,89.24,84.56,79.99,84.6,103.29
364.55,323.18,250.68,212.77,160.83,115.34,102.13,88.83,83.84,85.36,88.49,94.88
548.8,523.25,471.17,455.62,417.16,367.71,321.71,290.46,282.66,291.25,301.76,310.26
528.91,461.57,365.48,300.33,228.05,165.77,129.67,112.56,101.62,100.16,101.6,103.7
337.55,313.62,270.99,252.72,202.92,148.07,117.43,110.77,104.59,97.31,96.74,105.72
351.89,326.99,276.85,265.67,219.45,160.53,123.99,112.56,101.57,91.09,95.6,111.9
238.58,259.8,258.54,273.07,256.74,197.23,127.26,85.0,72.43,58.43,57.52,69.08
296.0,235.26,162.79,99.19,78.14,73.76,63.86,60.05,64.9,71.33,81.01,96.38
314.57,237.37,163.33,105.36,88.33,84.09,75.68,72.47,77.99,90.15,102.1,130.31
299.79,235.09,160.66,97.76,76.47,69.7,57.56,59.55,72.32,85.82,105.92,136.88
355.25,290.46,210.55,142.29,101.07,91.82,80.63,81.66,91.55,112.27,140.6,166.94
241.65,190.92,131.08,71.6,60.18,60.74,67.4,85.97,115.25,142.82,165.74,172.11
202.58,137.26,91.56,49.31,54.14,49.8,57.64,64.37,81.5,109.01,145.95,164.0
248.69,198.05,136.77,76.06,60.86,57.64,49.58,51.63,62.09,73.87,92.44,112.28
116.54,57.8,39.82,31.43,43.77,49.61,57.87,75.18,95.26,121.43,161.6,198.66
82.03,39.01,41.94,71.43,84.27,99.25,124.03,148.09,174.7,208.19,243.13,257.4
90.73,52.89,51.51,82.39,91.88,101.66,126.23,156.07,217.21,266.73,257.85,250.16
98.21,127.24,200.65,240.86,273.51,268.39,265.51,276.08,294.83,318.12,341.77,361.67
51.33,54.52,79.86,163.8,234.67,240.79,238.89,248.76,266.92,287.31,301.45,306.66
93.46,107.94,174.15,195.37,226.76,237.65,235.91,228.51,222.9,230.39,260.63,297.93
201.1,215.97,252.25,265.71,279.03,252.25,202.86,162.81,139.85,129.85,134.21,155.2
276.74,339.23,393.43,390.21,354.77,326.73,306.62,286.82,261.35,225.78,182.97,159.06
246.2,290.19,309.13,333.39,320.93,293.92,263.07,224.02,174.99,138.51,116.76,108.8
385.18,382.27,354.22,346.87,333.85,319.4,295.03,254.93,204.94,170.19,149.6,135.89
211.45,220.87,215.05,173.48,170.47,184.59,195.95,195.61,185.29,172.42,161.49,158.3
344.64,347.21,317.32,305.15,266.63,222.82,185.19,162.88,143.04,125.04,106.02,92.5
204.6,226.76,235.75,206.64,200.73,180.56,149.95,135.84,138.73,150.75,163.84,175.0
274.59,277.52,256.56,247.81,210.99,152.89,116.3,102.36,90.66,77.06,72.15,69.91
228.08,258.54,261.06,277.42,262.06,210.74,149.88,104.86,95.65,86.5,70.63,64.67
292.87,285.5,254.42,251.02,212.38,150.97,105.96,76.61,67.15,71.51,77.1,81.99
284.7,275.46,246.32,242.61,202.97,141.17,97.19,67.93,57.17,60.52,66.21,72.3
235.45,257.87,250.9,261.83,237.95,178.9,117.84,77.06,59.39,55.46,57.58,63.21
329.85,312.4,271.74,262.78,222.74,166.03,126.44,93.67,80.46,77.07,77.4,82.24
319.32,241.58,175.69,115.26,91.48,86.3,77.09,64.86,63.72,69.74,74.95,78.34
271.57,214.4,144.65,83.49,65.15,58.96,46.76,46.87,53.48,58.59,62.5,69.21
237.32,183.12,119.98,65.55,57.27,51.57,45.16,47.5,53.6,58.45,63.64,76.26
332.78,254.5,182.29,117.04,90.88,85.54,80.24,69.8,68.65,73.78,84.16,94.55
180.15,130.17,91.74,62.19,75.77,70.41,71.7,78.19,90.61,115.32,149.43,183.35
124.23,68.49,54.96,62.38,94.76,118.45,152.81,208.87,265.45,279.29,270.17,257.07
31.79,49.53,60.57,92.41,96.76,103.66,115.77,131.25,142.62,157.02,198.13,234.82
71.52,55.2,77.85,115.49,111.73,119.4,139.29,175.72,236.68,256.47,240.83,234.77
56.79,61.79,113.85,211.25,258.39,255.39,272.99,295.74,307.7,314.18,315.26,308.96
87.21,115.4,172.59,182.98,212.08,222.19,226.29,229.06,245.52,283.35,311.19,323.9
121.4,173.38,194.67,180.56,214.94,233.66,237.54,231.57,230.03,249.14,280.45,292.13
131.83,196.67,220.56,217.28,248.91,258.17,254.03,241.73,230.42,228.23,244.85,280.83
186.29,205.02,233.3,242.27,258.92,245.12,215.31,186.76,168.0,161.54,175.97,216.89
265.43,258.48,235.58,236.09,214.35,180.56,153.48,132.22,110.8,94.57,86.72,88.78
302.0,284.79,262.65,287.29,294.31,276.44,237.98,196.49,171.56,157.61,154.59,162.17
260.07,257.87,236.91,235.12,197.65,143.65,113.87,100.79,88.76,75.17,68.23,68.71
197.04,215.91,205.86,183.16,165.03,141.45,126.7,135.04,149.39,161.73,170.38,178.61
178.46,181.5,171.6,136.47,132.63,133.01,134.27,148.06,164.9,176.52,183.34,198.5
366.37,334.92,281.17,271.1,230.1,169.66,129.94,110.8,99.59,94.07,94.14,100.94
373.14,341.3,286.62,275.09,233.29,171.28,127.52,102.84,94.31,93.2,98.84,108.38
277.44,273.41,247.9,245.53,208.34,144.86,96.82,66.11,58.1,64.35,73.46,89.15
220.0,247.86,251.82,266.53,254.74,206.21,145.65,92.68,63.72,57.87,63.44,76.35
262.14,257.59,235.7,232.47,191.39,130.4,84.32,57.23,51.88,54.76,59.09,68.02
481.32,393.74,311.89,262.15,197.42,148.31,109.49,94.25,89.59,88.96,92.62,106.57
378.72,310.0,231.9,187.95,134.11,104.4,85.77,72.56,69.39,69.49,71.53,80.77
374.97,308.94,224.48,169.05,114.05,95.33,77.96,67.07,64.67,65.57,70.24,82.65
285.19,227.13,155.43,93.18,72.68,65.63,53.96,51.07,57.43,62.41,65.74,69.67
156.2,99.17,69.76,59.12,71.49,70.28,73.68,81.52,91.59,102.98,102.34,101.41
210.71,152.69,105.28,55.58,55.31,46.91,51.88,58.08,67.55,74.37,82.97,103.69
49.31,27.34,14.37,30.47,47.43,28.22,23.84,32.55,50.83,73.83,98.02,140.87
53.29,42.17,40.96,73.05,89.11,96.51,110.72,128.02,153.22,182.97,226.32,242.73
73.28,47.95,59.75,97.51,102.6,111.31,144.84,200.17,260.01,267.06,257.37,250.41
75.79,39.86,46.65,71.27,76.38,85.74,145.35,230.81,299.58,291.41,287.44,280.98
58.2,40.19,48.82,70.43,69.32,59.47,73.6,104.65,143.37,171.32,191.58,226.57
88.21,73.23,98.35,116.61,136.2,145.0,145.18,163.95,214.53,256.52,282.41,300.8
97.86,122.77,159.92,154.88,180.64,191.36,194.21,196.7,200.01,199.49,200.77,216.86
266.44,281.11,304.61,338.54,328.14,311.31,297.16,279.48,250.05,206.9,165.7,138.07
200.52,218.27,220.75,214.53,237.39,233.72,209.35,184.29,166.38,155.14,149.28,147.15
265.64,257.52,233.41,243.18,240.12,208.58,169.41,142.22,121.59,105.48,91.84,81.47
289.59,273.7,234.55,224.89,204.94,176.68,152.29,130.05,107.83,95.16,90.49,85.94
233.63,256.23,250.0,250.07,238.45,210.83,181.42,153.75,131.3,115.04,102.09,94.95
219.63,229.77,203.23,173.88,113.9,67.81,66.0,75.23,84.83,91.65,87.96,73.82
241.87,249.02,230.73,224.73,181.83,122.2,82.53,67.41,64.62,66.48,65.09,63.98
462.92,388.47,297.47,233.23,169.35,123.71,92.68,80.99,82.63,86.07,88.92,93.2
284.12,275.6,243.38,232.83,186.82,125.54,87.01,60.98,54.57,60.96,66.88,75.36
296.0,279.77,241.04,227.97,177.95,123.63,91.66,68.58,61.78,66.14,77.54,96.59
383.97,347.73,270.82,222.05,167.02,123.7,92.49,79.38,76.49,77.53,84.58,97.71
389.78,333.87,250.12,197.34,147.46,113.25,87.05,77.39,75.63,77.25,84.43,95.48
334.24,253.88,180.42,115.66,90.55,85.01,74.59,63.46,63.83,73.02,80.22,84.66
268.64,211.06,141.95,80.55,62.32,56.24,43.89,45.06,51.7,56.94,60.83,67.15
216.89,159.78,110.41,59.86,57.34,49.2,52.01,55.9,65.78,77.48,97.23,131.96
296.82,231.52,158.92,97.24,76.78,69.7,59.61,55.21,64.6,79.76,102.99,126.51
98.58,46.97,28.01,39.94,44.01,47.82,57.9,77.08,102.37,137.99,177.22,202.24
99.47,54.17,48.42,59.24,85.6,108.8,136.97,166.85,197.81,227.83,251.24,253.68
42.23,47.11,61.53,91.64,93.76,101.58,115.19,136.52,173.38,219.67,240.3,235.72
71.07,39.77,54.65,91.56,95.14,104.56,135.39,192.73,267.31,269.85,253.26,247.0
62.93,58.38,78.84,122.73,133.04,162.64,201.68,231.21,252.11,277.3,296.65,303.51
71.72,54.75,44.05,72.21,105.66,138.02,199.57,254.57,278.27,289.97,286.66,282.5
82.57,105.99,127.99,141.24,160.57,179.7,191.37,199.18,218.89,254.98,271.17,271.91
98.1,99.52,106.33,120.94,154.22,174.53,181.65,172.84,156.73,141.26,128.06,123.14
91.2,81.03,112.77,171.99,188.37,185.3,177.62,167.15,141.39,107.51,92.77,94.36
142.58,123.47,114.38,98.71,124.07,133.96,135.01,130.72,126.53,123.63,120.23,113.46
319.03,299.13,272.87,292.96,293.8,271.94,226.75,181.15,155.55,137.77,118.33,103.96
290.96,274.08,228.33,210.88,192.92,167.79,143.99,119.46,95.26,78.36,73.86,81.33
223.51,235.14,216.66,202.07,191.4,175.62,151.63,125.73,99.59,82.43,76.77,74.3
531.04,465.55,354.58,273.25,204.67,164.46,142.74,129.51,121.99,118.42,113.87,112.25
236.51,243.98,228.53,207.53,146.34,92.77,83.05,81.25,80.86,80.16,80.75,84.12
325.54,287.14,230.27,192.76,137.29,109.26,108.59,112.43,115.12,112.69,110.76,119.25
274.0,252.4,207.61,169.72,113.25,84.75,72.36,63.09,62.3,65.36,73.37,84.81
291.9,263.19,211.32,172.2,115.39,87.83,73.67,63.56,64.21,69.39,76.98,87.35
311.39,265.29,204.36,146.92,101.03,89.24,80.63,74.0,73.03,79.59,90.85,100.74
316.12,260.32,190.74,125.23,92.66,84.79,73.3,67.47,70.46,77.29,85.69,93.84
214.49,203.12,162.98,101.94,68.56,52.24,45.59,41.44,49.92,58.52,58.23,62.91
184.54,153.61,113.15,69.39,77.32,69.39,68.19,71.94,79.71,85.69,82.06,79.08
147.43,108.54,85.54,68.24,77.48,74.02,73.66,78.89,87.76,99.53,104.71,98.84
158.18,134.03,109.52,76.21,85.92,79.07,75.77,77.25,84.05,95.39,112.07,127.52
141.32,106.29,84.85,68.73,78.54,74.61,74.0,79.01,87.87,100.96,113.8,127.39
97.28,65.11,57.16,43.51,65.88,90.02,113.04,145.34,179.5,220.76,257.99,274.69
54.09,45.69,65.88,100.03,104.07,112.58,110.84,118.8,133.91,178.92,248.85,278.05
34.36,61.2,80.27,113.19,113.97,123.23,160.37,230.52,285.07,280.16,267.33,272.49
48.64,74.47,110.3,171.68,200.41,220.39,224.11,224.04,249.72,297.16,319.1,323.63
63.32,87.04,103.51,124.28,147.55,191.28,223.32,231.07,238.47,259.43,272.42,275.52
100.9,121.77,186.07,232.6,312.36,335.14,319.9,314.33,332.95,354.14,368.89,380.86
109.7,158.98,213.51,228.67,262.96,271.76,272.35,271.82,271.35,279.26,299.9,317.78
131.84,210.53,265.77,261.5,286.73,288.94,290.71,292.14,292.69,292.82,292.87,292.98
135.35,267.25,345.78,332.15,325.25,311.97,301.12,295.56,291.79,284.2,271.51,260.02
186.06,339.59,378.95,345.81,311.71,290.47,277.49,265.97,256.66,244.5,229.41,208.95
202.32,263.25,337.3,393.7,379.97,345.82,323.96,313.76,308.59,304.82,300.0,279.21
128.69,176.32,224.61,255.35,276.17,253.51,213.96,173.91,144.14,128.23,119.92,102.25
151.0,201.03,247.85,289.39,307.92,273.07,216.21,166.32,134.13,121.13,117.01,101.19
178.7,210.11,223.7,229.6,259.56,257.37,230.4,197.44,165.31,141.51,124.93,104.02
264.16,242.47,202.32,157.03,114.44,96.92,87.53,81.28,77.11,76.02,79.74,85.11
264.98,239.75,195.36,141.34,101.55,90.3,82.15,76.49,74.18,75.83,83.73,91.24
223.45,212.26,164.87,103.33,71.88,56.23,51.78,55.43,65.11,75.33,82.91,82.74
186.51,185.29,151.18,88.8,61.2,45.41,36.57,43.28,59.25,85.27,106.51,103.91
202.7,190.19,139.74,77.6,58.43,45.32,37.77,44.41,55.56,69.4,85.32,87.21
170.43,173.06,141.19,81.12,64.55,48.08,42.29,42.02,54.66,71.99,91.92,103.54
159.39,160.09,135.86,85.74,85.64,74.92,68.04,69.28,74.97,80.26,88.01,93.17
29.97,56.38,42.52,38.61,31.75,29.3,30.66,31.1,31.13,32.23,33.71,29.99
57.9,72.0,43.81,35.73,32.54,31.74,31.79,31.81,32.66,32.29,24.05,22.62
57.08,51.7,30.55,31.05,33.73,33.32,33.06,32.98,33.36,33.43,25.8,21.68
64.03,53.75,31.35,26.79,30.8,28.18,31.52,35.16,42.19,54.86,66.72,67.12
124.84,124.72,104.07,64.45,69.12,62.24,60.52,65.4,74.9,83.18,90.58,103.37
131.81,135.92,111.9,73.03,82.04,70.72,62.73,63.94,72.02,81.4,88.87,97.82
163.88,135.99,108.88,73.57,83.18,77.68,82.71,96.56,114.4,129.95,145.61,162.86
94.89,65.22,62.81,48.23,56.45,58.81,64.02,75.57,89.26,102.58,103.42,103.25
25.31,57.7,53.07,80.61,87.27,97.39,115.5,130.28,138.99,143.17,190.13,269.44
70.36,113.24,130.66,108.95,130.96,170.9,209.16,228.07,225.07,232.41,261.26,285.89
101.24,151.07,225.78,272.84,290.09,284.28,273.57,265.3,261.29,262.77,277.51,305.27
130.62,187.3,242.25,259.81,261.25,237.83,203.66,172.63,154.09,149.35,165.88,216.78
128.34,169.68,211.16,231.87,248.16,234.92,202.13,173.54,156.61,150.09,146.16,156.38
90.48,112.45,147.74,176.21,198.27,197.67,189.68,162.56,110.64,64.91,52.68,53.2
102.6,122.98,180.72,210.72,226.91,221.96,207.83,177.35,121.2,77.26,61.49,55.99
165.77,183.96,214.69,205.63,199.94,177.88,149.5,113.99,78.86,60.16,52.04,51.36
83.15,89.02,109.9,111.63,146.18,161.68,163.97,135.8,88.93,58.07,53.41,58.87
167.18,176.55,165.32,123.69,109.83,99.64,97.62,80.03,53.63,46.03,47.14,48.02
170.82,185.81,175.36,136.35,117.73,87.49,70.55,64.27,50.85,47.11,47.92,49.29
145.6,169.8,160.42,107.64,98.89,88.41,80.6,84.92,90.31,75.0,59.58,55.49
161.57,175.54,169.43,133.15,123.0,103.05,84.4,73.06,71.23,66.08,55.49,49.54
299.73,262.8,204.33,146.84,101.13,81.41,65.16,61.09,65.93,74.5,83.79,89.98
168.19,172.7,144.21,83.88,65.59,48.28,40.95,43.93,55.63,68.4,80.43,82.89
120.6,117.82,98.95,65.4,75.6,72.19,70.69,70.37,77.38,96.32,124.56,137.61
57.56,71.4,80.44,61.38,72.32,90.4,109.27,127.24,152.97,185.12,201.98,193.02
68.52,81.39,84.93,80.22,95.59,107.14,115.84,125.17,148.37,190.06,230.4,227.56
66.21,85.4,72.2,48.02,49.9,45.0,42.11,45.19,51.91,67.66,104.92,161.24
119.38,123.44,102.86,64.57,76.94,74.27,73.07,76.21,83.03,90.17,104.54,109.34
127.09,136.05,115.31,77.27,87.53,81.61,78.93,80.14,85.89,94.2,104.01,104.94
46.0,75.93,68.67,48.23,68.76,85.87,103.51,122.34,138.2,143.87,132.13,143.63
63.0,82.25,78.33,53.14,58.21,59.32,60.96,66.8,77.21,89.59,107.58,141.41
82.46,122.3,121.49,105.45,129.79,162.65,193.95,207.27,190.58,171.91,178.24,211.03
155.95,277.46,340.22,288.56,234.17,192.52,164.25,153.64,163.3,203.26,242.75,256.08
105.92,122.1,109.38,79.33,89.93,101.43,124.61,162.1,225.56,254.81,252.14,243.75
76.25,97.41,105.56,121.27,163.59,195.72,202.6,188.92,166.61,149.5,142.73,162.51
115.04,115.25,106.18,82.05,113.48,126.71,128.26,124.62,118.15,113.13,110.84,111.37
475.19,429.73,305.76,204.41,133.57,112.02,106.99,101.47,99.79,104.23,109.46,113.2
278.12,261.83,226.84,189.88,138.28,108.97,100.65,99.2,98.47,97.66,100.77,107.81
212.57,219.41,194.53,157.54,107.6,77.16,64.57,58.05,55.24,58.56,66.22,77.68
288.15,288.46,284.01,297.25,268.5,210.96,162.97,136.96,119.92,107.55,101.39,99.93
266.74,275.96,261.29,265.03,231.06,170.48,121.63,97.41,87.92,82.84,81.11,81.75
360.62,350.94,306.09,272.46,211.72,149.61,112.1,102.82,101.46,102.03,102.71,105.13
282.14,286.78,272.13,275.67,243.67,183.31,127.91,99.82,96.18,95.97,96.73,98.26
332.67,316.47,272.1,254.18,208.33,152.14,102.25,85.04,85.7,93.54,98.27,101.54
268.91,241.9,195.52,146.33,101.17,86.16,72.3,61.58,61.14,68.15,80.13,91.91
363.35,302.13,217.76,150.03,103.58,88.31,70.31,63.95,63.76,67.66,79.64,98.61
283.17,227.22,158.5,96.22,75.34,65.9,53.06,52.99,59.39,64.41,68.52,75.78
344.18,277.59,200.36,138.34,100.89,90.46,73.71,64.98,64.35,69.3,79.49,96.19
405.09,327.53,220.66,145.91,102.45,90.29,72.8,65.61,68.66,83.53,103.5,123.32
290.61,230.47,158.1,95.65,74.78,67.51,56.14,53.29,62.75,76.31,92.25,112.22
106.41,52.34,35.04,34.9,43.63,48.75,57.74,75.26,96.26,123.6,161.41,193.06
103.83,52.81,36.78,35.34,44.48,49.98,61.95,92.92,138.04,181.59,218.27,232.58
57.68,32.91,29.42,54.36,75.68,78.78,81.01,86.09,112.41,182.01,261.48,274.73
60.66,33.46,31.1,47.52,49.82,44.32,55.76,75.29,119.32,221.12,284.15,271.65
68.57,34.8,39.91,67.05,77.91,74.87,79.26,92.72,121.1,177.27,260.1,276.46
77.02,54.89,70.69,120.01,137.75,158.68,161.69,160.72,173.04,218.11,255.13,250.63
76.19,70.47,86.62,168.63,237.39,250.0,260.13,285.28,305.99,313.39,315.64,309.75
74.16,92.85,161.6,218.03,255.35,271.02,276.39,272.94,274.12,289.51,304.91,313.52
91.43,102.36,139.32,154.58,195.67,234.19,265.86,278.62,276.04,274.94,285.83,302.67
337.48,338.63,314.8,325.67,326.39,321.66,305.03,258.48,195.76,162.04,148.27,148.77
574.41,546.52,473.55,450.51,474.82,508.81,519.04,518.37,516.77,515.88,515.51,515.43
377.38,370.81,325.53,277.05,233.68,195.63,168.07,150.96,135.19,126.42,128.87,138.97
264.35,300.07,296.09,290.09,250.13,189.67,145.59,121.56,108.33,101.27,102.55,109.96
371.97,366.81,319.83,274.42,215.12,174.41,155.71,142.46,129.45,123.62,123.78,125.48
398.63,388.59,323.48,255.6,188.36,144.55,125.03,110.61,103.83,102.77,108.38,117.96
362.84,353.35,292.25,231.98,170.82,126.88,102.52,97.37,98.58,100.32,104.26,114.3
261.95,281.54,263.48,244.19,190.09,123.07,73.54,64.77,68.45,73.23,79.42,87.75
272.4,252.37,209.85,174.26,113.04,73.62,51.5,46.58,52.74,60.09,69.64,86.46
259.29,232.35,179.34,116.15,72.91,58.14,43.92,42.58,46.94,58.15,71.59,88.85
308.28,238.98,165.08,101.75,79.02,69.55,57.58,57.58,65.49,74.61,89.33,112.72
354.99,291.56,211.69,143.74,101.83,88.46,70.88,64.52,64.93,72.08,89.71,113.19
315.95,238.14,163.97,106.08,88.49,83.0,70.74,62.55,65.64,74.39,89.59,109.13
313.5,236.95,162.77,104.44,87.61,82.8,71.64,63.01,66.03,74.85,90.08,109.73
300.27,234.63,160.39,97.87,76.82,69.29,58.09,54.82,64.52,81.53,107.17,131.75
178.46,113.92,72.62,56.48,68.67,68.0,71.89,82.97,105.91,148.14,185.36,201.92
134.52,70.3,47.75,40.78,60.22,83.53,126.87,179.95,217.16,228.65,218.49,203.28
61.61,39.32,34.93,61.13,80.09,89.24,119.59,197.96,277.51,268.58,249.19,243.61
132.34,70.22,49.2,41.16,55.28,60.86,70.9,92.21,125.3,165.79,203.09,225.12
82.56,51.06,45.01,59.25,54.05,54.3,68.81,87.56,119.19,181.01,261.7,288.74
69.72,53.32,77.55,120.57,121.35,136.35,160.64,204.65,232.3,243.73,262.14,288.61
79.63,88.46,139.6,189.81,237.58,256.05,265.81,275.4,292.12,306.06,312.54,317.49
126.22,179.25,217.79,201.69,225.75,230.02,234.32,239.19,252.13,279.05,307.05,325.91
122.43,134.23,188.03,204.66,247.39,256.44,249.59,240.4,242.15,263.67,293.63,316.88
326.55,343.95,347.52,365.71,354.16,340.94,330.21,319.06,303.3,277.23,240.02,213.85
363.17,369.16,353.12,358.96,354.86,341.57,321.82,291.94,248.33,199.22,170.85,164.08
381.11,386.47,359.29,335.53,309.75,290.78,259.09,211.52,174.71,153.03,140.51,134.52
204.57,222.37,228.26,197.27,193.71,190.68,180.15,169.03,160.67,158.52,162.94,175.24
225.68,252.95,241.71,210.73,189.01,162.08,138.39,123.08,106.55,93.04,86.76,89.06
303.4,311.0,286.27,279.09,241.87,183.63,143.71,125.75,112.49,95.52,81.72,79.52
357.97,350.86,298.88,263.76,205.64,151.15,112.44,93.76,90.0,90.71,91.65,95.51
302.4,299.61,268.48,263.92,227.18,164.14,114.09,83.46,74.76,79.88,86.07,89.78
215.88,234.45,218.07,203.74,162.5,107.1,62.83,55.21,52.43,60.9,69.43,76.31
357.38,346.49,292.41,257.57,200.26,145.3,102.93,84.59,78.81,79.48,84.43,89.55
331.14,316.37,272.76,254.51,202.27,146.09,102.8,84.22,77.96,76.75,78.5,84.9
330.14,302.44,241.25,201.77,147.15,110.39,90.05,75.08,71.28,71.07,72.25,77.99
306.41,234.75,160.93,99.14,79.72,73.87,63.46,60.84,67.23,73.25,76.95,84.22
307.27,234.12,162.71,106.83,89.19,83.88,72.5,62.95,64.85,71.49,77.68,89.81
177.73,117.36,74.76,55.95,68.27,67.36,70.44,77.64,86.15,91.17,99.14,114.73
70.98,28.88,19.58,31.88,38.85,37.79,46.72,63.75,91.28,124.19,157.36,213.01
69.15,42.75,45.9,74.02,86.47,96.94,111.2,130.22,136.82,121.2,115.96,145.16
67.04,34.18,29.66,45.61,43.52,28.19,31.48,48.64,76.79,123.58,202.99,273.62
53.55,35.83,40.53,59.5,47.88,32.42,42.83,63.5,94.67,173.03,268.67,279.59
138.29,94.7,71.34,61.94,75.19,72.08,74.72,84.91,107.24,150.64,199.14,249.52
67.32,52.88,43.47,63.84,88.73,107.19,126.91,168.66,206.99,241.3,272.36,290.37
139.55,134.95,135.89,114.87,128.12,140.46,141.71,135.98,134.63,150.9,195.2,257.98
152.0,241.1,267.07,234.32,239.25,230.43,221.78,218.96,219.09,226.45,252.23,293.1
145.34,197.47,308.56,341.83,353.26,335.11,322.37,320.39,314.52,308.96,314.31,334.42
226.39,266.84,326.98,394.57,405.62,385.81,361.24,343.55,334.03,329.67,328.83,336.58
317.18,283.47,229.25,198.54,162.78,138.68,121.76,114.22,109.72,106.01,104.18,104.6
225.19,236.69,220.33,220.7,235.79,227.19,200.51,170.41,144.59,127.78,127.01,147.03
261.54,253.39,221.85,205.26,164.7,135.93,114.85,96.2,85.08,81.58,80.05,77.25
373.98,322.49,237.94,186.53,129.73,105.15,103.63,106.26,105.41,104.24,105.37,112.18
376.73,321.85,232.36,176.55,117.84,94.9,96.28,97.95,93.67,91.19,97.92,110.33
334.78,285.53,210.0,148.06,99.77,87.32,85.45,82.97,77.81,79.56,94.97,125.11
286.27,253.21,192.09,133.11,88.97,76.67,71.21,67.6,68.0,76.61,93.78,121.27
256.32,229.2,175.54,110.16,70.5,60.29,54.04,44.68,47.48,59.35,74.74,102.5
282.35,244.71,180.99,116.29,81.8,72.17,62.45,53.13,56.87,64.67,74.62,89.01
230.38,195.24,139.84,77.35,59.5,53.84,44.53,43.96,51.67,60.53,71.25,93.57
250.15,199.95,136.53,76.28,60.85,55.7,43.66,46.65,55.95,72.69,98.84,128.99
137.52,85.94,58.95,50.69,61.84,67.01,76.53,86.85,103.52,127.49,160.64,192.56
66.65,45.53,32.75,38.99,39.36,36.74,41.16,50.05,67.74,106.87,188.51,259.09
61.59,38.04,33.82,40.93,42.47,46.83,60.04,72.83,95.27,147.3,230.18,277.34
139.63,118.95,107.63,77.97,88.64,82.18,80.72,91.41,115.28,151.86,194.91,253.73
36.39,59.43,76.83,107.31,114.37,128.03,156.28,171.95,175.85,173.73,184.87,227.08
54.95,47.85,65.33,98.7,102.46,113.1,129.14,150.65,156.49,155.27,152.01,157.19
44.68,49.34,47.74,60.72,56.99,51.82,53.91,64.26,85.06,133.87,235.16,306.3
47.76,42.69,48.49,66.29,56.92,37.34,33.48,40.41,55.93,78.52,127.21,244.18
63.25,56.31,42.41,55.35,63.89,56.55,65.24,104.56,187.93,297.97,316.32,301.78
64.29,58.75,59.8,98.08,137.32,180.53,193.44,181.65,170.18,179.74,205.49,220.83
112.19,163.39,237.63,248.73,253.27,243.07,234.7,220.22,203.14,190.41,182.39,178.19
118.86,189.95,273.93,292.6,300.38,283.84,261.23,236.78,215.34,199.11,187.72,162.97
123.11,172.89,243.33,271.05,286.16,276.18,258.16,239.09,221.8,185.42,138.13,103.22
145.69,187.92,283.73,294.44,287.89,263.24,241.59,208.86,166.4,129.95,101.62,83.92
118.01,151.86,220.8,233.33,226.17,178.6,127.52,93.85,76.46,70.23,69.95,71.7
89.92,97.41,160.16,189.34,189.93,145.89,95.68,64.04,58.55,58.98,61.59,68.9
128.0,143.16,157.45,146.29,142.21,113.01,74.22,55.97,55.61,56.35,56.72,56.79
136.36,156.76,170.34,163.39,160.68,118.46,75.52,55.52,55.31,56.5,57.02,57.12
226.62,203.07,153.32,100.01,76.87,61.35,57.27,58.5,62.51,68.08,72.22,74.03
216.15,191.54,138.33,80.67,65.69,54.02,52.16,55.9,61.58,65.74,67.55,68.48
146.22,174.52,169.01,117.26,89.08,64.3,59.72,54.7,53.15,53.14,53.55,54.88
208.76,184.13,128.7,73.37,60.0,45.39,48.0,53.82,61.44,64.95,65.77,66.45
197.41,175.91,123.86,70.4,57.6,40.88,42.07,51.01,57.43,62.56,63.56,63.86
152.74,155.53,129.97,83.39,84.38,58.18,47.91,49.12,52.76,61.54,65.32,66.66
36.93,53.8,44.9,30.58,39.56,40.35,37.3,34.87,31.8,32.0,39.36,44.19
88.97,61.57,60.92,48.82,60.82,63.88,62.1,57.12,60.27,69.73,73.68,78.46
173.42,164.58,126.82,70.16,58.83,46.93,44.64,47.54,56.92,64.59,72.89,85.3
141.48,148.65,124.13,76.69,85.43,78.17,73.51,75.32,82.26,91.54,100.82,112.01
134.93,132.23,105.88,65.21,75.67,68.85,68.2,72.65,80.06,83.52,84.62,89.93
50.06,73.86,82.55,56.89,62.04,66.68,77.11,91.41,107.13,124.95,148.9,164.61
57.85,85.61,78.61,69.56,92.29,114.03,133.38,159.44,182.65,185.58,169.92,142.91
87.3,124.42,136.44,130.33,152.03,194.63,233.16,230.79,213.63,205.37,219.13,235.59
142.82,201.42,236.77,236.46,225.7,203.43,180.54,165.77,159.73,165.12,198.86,242.24
67.34,105.76,144.51,211.29,277.53,281.43,268.31,260.67,269.0,293.46,300.58,296.35
108.73,132.61,143.2,123.58,165.28,213.59,244.24,250.89,258.0,260.7,260.97,260.65
106.31,128.88,139.65,105.69,111.91,122.63,143.45,164.69,174.47,172.26,167.5,164.86
92.49,113.21,127.38,126.66,170.37,216.78,227.27,214.71,196.94,181.97,168.96,146.64
132.51,172.41,201.3,219.6,226.96,219.85,206.38,194.27,184.14,166.09,126.23,88.28
92.54,113.99,170.49,205.07,222.65,200.9,168.93,139.7,116.35,88.76,61.76,52.01
134.68,153.21,161.75,150.44,165.09,167.78,146.66,117.72,100.38,84.1,63.46,55.93
132.85,152.04,161.63,159.54,176.82,166.36,140.12,119.46,109.37,92.64,68.32,57.36
153.09,164.88,153.24,113.61,129.26,130.8,120.47,108.97,100.49,82.74,59.87,51.65
228.79,215.89,164.49,104.84,74.17,58.76,56.74,61.94,71.68,77.08,76.52,76.18
201.51,191.51,145.06,81.78,57.58,44.89,45.62,54.99,68.61,71.77,65.69,64.51
286.44,257.9,205.28,149.02,101.52,83.67,72.28,71.03,75.46,79.54,82.5,86.6
230.42,215.09,161.11,101.7,74.37,55.94,49.56,57.01,69.47,77.86,78.97,78.7
299.98,263.62,205.23,147.89,100.55,85.62,70.44,63.67,70.54,79.34,88.19,97.21
231.98,218.86,166.59,106.05,75.55,60.64,48.57,51.07,61.1,70.43,74.17,77.25
163.53,168.31,145.2,94.62,88.63,77.84,68.53,67.77,72.13,67.49,61.38,64.01
2.47,16.2,25.84,42.44,39.13,31.64,33.09,33.69,33.24,33.8,36.2,37.16
33.29,65.62,45.39,44.33,38.75,33.21,32.33,32.95,32.36,23.17,16.92,19.68
50.08,55.51,30.91,30.37,32.38,32.91,33.79,30.58,19.34,14.45,14.9,19.38
145.58,152.93,125.71,70.79,76.76,71.68,64.96,67.69,75.33,70.43,58.45,57.64
208.61,190.57,132.55,69.92,50.8,45.63,44.59,50.53,55.97,60.39,64.69,66.27
136.95,122.73,101.67,66.74,69.82,58.9,57.19,62.7,72.08,79.96,85.39,92.62
178.51,145.5,117.44,81.72,86.56,73.1,60.29,62.24,69.89,76.4,83.18,102.29
189.59,151.89,113.66,66.05,61.08,50.08,53.87,66.84,81.59,102.08,137.4,167.09
39.0,47.49,31.92,38.95,44.12,32.28,24.8,27.69,45.62,88.41,174.97,277.75
47.76,54.4,38.62,43.29,45.27,42.67,38.03,37.43,55.44,99.67,175.69,286.87
52.79,53.38,42.73,42.64,35.75,31.81,34.73,41.58,52.38,72.24,109.47,190.2
80.52,82.46,68.06,82.06,101.16,138.58,154.06,152.77,150.33,148.1,146.75,146.29
83.54,72.93,44.17,59.08,71.2,81.97,116.61,151.42,152.51,150.95,154.52,173.43
79.07,50.71,55.22,90.92,103.22,113.54,136.71,148.48,150.36,153.32,175.64,226.91
188.48,165.49,127.41,76.4,81.71,84.52,96.19,103.34,104.72,107.0,108.76,102.25
149.15,120.85,102.06,82.05,90.85,89.07,100.75,115.86,124.4,123.53,120.27,117.71
125.41,108.26,102.48,88.43,100.84,98.87,107.79,119.39,122.37,120.18,117.67,116.51
286.73,255.67,206.18,151.47,101.8,84.24,79.55,76.7,74.65,74.73,79.4,88.82
165.39,174.61,151.17,94.14,87.03,78.14,66.47,61.88,69.79,92.82,119.45,115.77
172.63,172.94,151.91,99.88,91.6,82.73,71.43,63.85,64.34,80.23,112.31,144.53
87.61,97.43,73.31,40.29,50.9,48.68,41.24,42.14,46.4,52.8,59.82,69.93
76.86,87.96,99.12,75.9,72.53,68.38,65.88,68.76,76.62,89.88,108.12,139.06
157.5,166.46,154.06,111.1,107.65,96.75,79.8,66.31,61.01,64.34,81.52,114.49
123.99,125.94,113.04,81.34,90.89,85.95,83.43,85.62,94.57,122.36,160.99,215.3
87.15,111.85,127.23,123.8,151.63,197.45,244.56,250.67,245.03,263.88,293.69,321.83
83.75,136.03,162.1,172.57,204.12,226.33,224.73,224.9,234.3,240.96,222.74,192.65
118.44,160.42,205.44,205.94,224.25,222.22,210.04,186.02,146.36,118.76,106.11,106.86
143.74,166.71,162.74,143.12,175.06,218.72,259.12,258.7,237.36,202.26,165.11,138.23
159.5,176.96,170.52,135.21,132.28,131.08,131.55,135.82,140.06,138.36,142.25,140.71
134.92,157.63,150.11,113.14,129.52,141.56,151.49,162.9,163.61,149.82,139.53,138.15
114.88,120.73,127.68,130.02,158.06,182.73,210.89,233.25,234.54,222.17,200.33,175.95
129.99,258.61,338.4,304.46,258.63,227.41,205.94,194.13,198.6,230.58,274.33,315.03
245.17,454.52,402.05,339.64,325.54,333.36,335.35,334.89,334.74,334.76,335.08,336.89
168.2,318.47,371.33,322.42,265.47,246.75,258.92,273.02,279.47,281.64,285.23,292.28
222.22,224.01,178.42,127.64,98.38,86.4,82.32,80.56,81.93,94.39,121.31,161.37
195.76,195.89,163.42,94.33,54.33,47.32,46.77,53.28,68.36,84.88,97.15,103.84
269.88,248.62,204.28,164.0,129.23,108.07,93.27,86.41,88.68,102.71,120.67,148.43
260.94,246.74,203.29,154.4,110.45,95.09,92.98,103.91,125.23,155.62,214.72,334.75
132.82,124.23,121.22,122.75,155.03,196.68,290.69,351.11,363.29,354.79,347.65,346.03
182.96,192.39,202.19,222.76,289.23,330.56,346.87,349.62,351.47,360.13,368.29,371.46
280.71,254.4,205.48,150.36,100.88,84.29,71.44,63.19,64.77,73.71,91.07,118.18
290.32,261.86,210.69,156.7,104.06,86.77,73.41,63.38,63.97,74.42,94.18,125.07
231.32,215.43,168.38,104.51,69.57,58.11,46.84,53.95,71.32,99.83,126.15,152.3
275.5,222.55,166.11,107.99,89.23,84.01,75.97,79.41,96.49,125.45,167.18,219.18
311.42,245.75,178.64,115.25,90.67,86.87,84.47,84.84,96.17,116.63,145.3,190.1
283.39,223.12,152.73,91.52,72.58,69.54,65.74,74.02,94.53,116.49,134.24,153.35
144.26,100.26,74.07,63.41,81.05,91.97,120.99,166.59,215.63,244.7,232.64,204.24
315.54,253.02,186.39,131.8,117.4,130.86,152.71,187.85,274.36,373.99,393.93,350.63
273.85,220.18,153.11,94.53,81.5,87.95,102.26,118.52,133.09,150.14,174.8,199.92
192.13,141.2,103.02,64.71,74.72,69.74,77.81,103.68,150.77,200.48,222.32,210.6
139.33,80.18,61.68,58.07,76.16,87.55,117.16,169.65,222.53,267.48,275.79,256.68
119.67,65.35,46.06,36.46,59.59,92.92,165.56,251.58,290.26,271.19,256.15,245.29
64.44,42.37,50.48,79.99,115.69,179.11,273.61,304.18,264.57,245.6,245.3,247.82
119.56,79.31,77.3,97.33,176.81,279.33,354.09,325.18,291.27,282.46,284.56,280.55
199.21,344.64,384.32,339.91,301.22,289.3,291.78,303.57,337.63,395.46,421.71,416.51
134.69,261.42,382.95,401.31,411.02,388.99,356.51,333.3,324.0,325.2,339.94,362.82
140.25,155.48,228.04,266.79,304.19,300.69,296.81,308.12,335.06,361.48,382.76,403.56
106.09,177.55,254.15,275.07,296.54,293.7,292.76,292.02,290.17,288.86,289.04,293.14
116.37,208.34,318.79,336.59,329.93,309.42,300.63,298.45,298.28,298.47,298.74,299.64
209.32,257.39,321.63,395.98,421.79,427.7,430.65,432.35,433.19,435.47,443.91,459.29
286.52,284.32,270.55,319.02,331.01,321.95,304.82,274.87,228.75,187.59,164.32,150.28
165.86,164.98,155.5,157.15,216.74,261.86,260.28,240.74,221.87,219.42,236.7,259.55
249.01,258.07,250.7,286.96,296.48,280.49,251.57,211.55,171.77,142.1,123.48,115.75
302.45,294.51,270.7,279.76,267.32,236.97,199.19,174.01,159.12,146.77,132.2,114.4
336.45,324.09,281.59,275.64,231.79,175.24,151.49,134.88,114.66,98.69,92.46,91.75
310.88,302.53,273.03,269.45,232.41,176.4,143.24,131.94,123.76,107.35,95.62,93.21
250.66,258.59,238.0,234.48,194.54,132.66,90.93,70.1,64.62,67.02,68.8,69.73
237.63,249.42,232.67,230.2,191.92,131.04,84.04,57.8,55.42,63.22,69.98,70.34
278.49,272.49,240.42,231.98,186.47,130.52,93.94,68.13,63.08,68.76,73.98,80.78
326.93,312.42,273.78,267.74,220.8,157.16,113.39,88.47,79.78,79.45,84.11,88.22
319.82,289.1,236.66,204.48,151.3,108.77,96.56,83.22,76.55,73.86,74.07,78.63
299.5,236.81,167.77,106.35,81.53,74.48,65.92,59.53,65.26,73.23,79.36,89.88
163.42,117.92,83.77,61.78,75.84,71.48,72.28,77.94,86.94,97.45,101.68,101.07
198.73,142.17,100.45,63.24,74.81,67.95,68.13,73.39,82.4,89.52,92.71,105.02
231.54,179.04,122.36,67.87,58.28,52.07,49.57,49.21,57.87,73.0,97.77,126.2
97.22,52.58,37.85,35.41,50.3,69.41,97.28,132.47,159.9,188.95,225.04,255.8
337.34,272.35,196.49,131.5,99.29,92.82,84.98,75.96,80.14,90.83,105.71,125.92
85.23,62.89,73.85,101.63,108.57,118.82,146.77,177.79,227.77,263.72,270.68,257.8
88.8,57.95,90.43,134.5,135.81,158.7,174.75,182.42,206.09,247.05,271.68,266.93
185.07,184.92,202.29,243.51,357.82,412.27,425.54,429.79,437.77,457.11,494.78,536.9
66.25,57.24,87.26,131.31,174.6,250.49,277.16,298.94,314.78,319.27,322.86,325.08
119.39,197.62,277.1,275.6,292.67,292.12,290.71,297.28,313.67,334.27,349.91,359.48
150.52,201.24,287.5,298.03,307.89,302.2,307.91,325.99,344.78,357.18,364.31,368.4
225.76,250.25,314.62,378.7,416.2,430.5,457.3,513.95,552.37,561.19,567.75,579.21
315.76,309.06,286.12,295.52,289.63,268.14,227.42,180.7,156.28,152.64,166.17,192.6
224.65,253.73,273.2,303.98,346.67,363.04,368.98,373.49,386.07,416.21,461.37,505.19
228.44,271.49,361.06,427.04,449.67,448.54,448.94,457.8,481.44,530.94,569.47,584.16
260.06,280.52,314.52,386.42,413.0,407.86,402.61,407.91,436.38,504.24,565.5,587.14
371.48,344.85,277.79,273.26,260.51,222.78,181.97,167.45,180.56,240.0,336.75,408.3
379.71,349.49,271.59,249.24,228.28,191.75,166.11,163.63,190.84,278.77,387.28,422.99
228.83,252.3,282.21,344.84,394.88,411.39,425.08,462.24,537.53,582.01,596.64,603.49
298.24,276.77,216.68,176.33,143.14,139.07,152.18,167.79,199.71,282.27,386.38,461.67
265.44,235.72,185.04,128.98,85.68,76.93,85.54,108.07,160.1,282.25,430.19,468.88
289.32,255.25,194.87,132.56,94.38,85.94,84.99,86.98,97.08,121.94,162.44,233.96
314.87,255.49,184.38,119.67,91.47,86.2,85.89,87.56,99.14,125.27,169.33,258.23
218.34,181.06,151.53,140.46,167.61,199.24,239.08,262.61,263.72,272.87,296.32,314.81
224.81,192.51,182.32,198.16,256.84,311.2,336.26,344.0,353.13,384.81,434.97,483.67
227.51,192.83,178.12,186.66,231.46,284.22,316.28,322.94,325.68,345.56,389.16,430.92
131.94,95.73,89.97,92.98,136.11,212.6,335.08,380.09,416.63,469.75,508.21,516.78
54.57,53.74,77.13,108.51,104.43,113.89,153.98,226.41,275.9,258.64,238.77,234.95
39.61,56.73,60.43,90.93,95.75,106.57,122.38,133.36,123.13,119.54,141.39,202.31
48.88,49.94,68.56,113.86,125.56,138.79,151.95,152.28,137.15,124.48,143.77,200.56
55.0,41.41,46.65,67.89,63.32,44.59,34.94,31.87,43.16,73.86,128.95,210.65
64.83,50.2,37.12,52.36,59.36,40.47,30.7,35.45,67.09,165.41,295.41,295.29
95.7,60.77,58.53,79.89,125.84,168.95,211.0,219.66,217.43,226.46,260.42,288.78
105.99,157.63,220.27,218.1,235.24,237.22,238.18,234.67,230.19,235.72,257.14,279.21
252.6,280.45,320.34,364.75,351.05,330.18,319.93,309.45,289.32,259.44,215.72,164.06
119.69,92.8,77.46,71.84,112.93,148.05,166.64,167.77,165.59,163.18,161.49,160.7
322.41,317.42,290.48,299.72,295.9,281.16,249.77,206.85,173.73,153.88,143.23,139.19
300.05,300.61,277.81,279.51,267.17,239.84,200.27,165.83,141.83,125.85,115.51,102.93
215.21,236.91,219.33,200.01,175.44,151.56,130.48,120.1,120.66,113.97,98.27,87.37
316.06,303.79,271.38,267.16,230.57,174.04,140.81,127.83,117.41,102.53,92.41,91.07
314.97,279.75,227.44,189.38,131.52,97.47,89.32,83.78,77.17,75.57,77.53,80.66
296.76,269.42,217.82,182.95,124.12,86.26,72.31,66.9,63.34,65.01,69.65,76.57
315.58,290.09,250.27,237.72,189.88,137.14,107.81,87.13,77.92,80.1,83.77,86.62
325.69,304.36,262.87,245.78,201.27,146.35,111.08,87.56,76.44,78.14,86.33,89.88
379.16,336.19,248.36,191.95,141.65,109.55,85.72,76.68,74.81,74.96,77.42,84.75
321.43,256.96,186.16,120.61,91.57,85.02,73.97,62.82,62.05,67.79,73.69,78.64
222.83,180.61,125.99,68.3,58.05,49.02,46.04,47.37,57.4,65.99,70.91,75.11
352.06,285.8,205.68,144.37,103.35,92.43,77.81,66.21,63.97,67.82,79.54,95.95
286.15,225.96,154.15,91.97,71.96,64.86,53.79,50.83,58.25,68.82,86.72,114.02
235.51,183.7,123.62,68.61,59.57,54.7,49.21,53.65,72.24,102.17,130.42,157.71
127.57,69.58,51.09,43.14,54.36,58.1,69.24,91.75,136.44,179.36,212.33,226.61
61.95,30.93,24.39,41.2,58.04,62.49,67.48,81.41,126.02,225.42,283.88,268.88
189.64,139.95,101.48,66.26,78.29,71.4,70.81,77.35,95.62,129.6,180.38,212.82
71.56,37.99,53.33,86.96,96.75,122.74,183.24,265.24,285.8,264.04,247.44,234.8
199.34,163.28,151.07,156.64,206.8,293.6,350.35,352.01,345.24,346.17,365.53,381.89
106.33,106.78,94.93,77.45,118.89,211.49,340.54,378.89,370.87,370.17,392.1,426.55
174.99,191.78,255.85,300.48,363.37,405.6,431.67,449.94,470.49,488.93,500.16,509.56
173.38,271.27,319.92,294.28,304.33,308.45,319.67,338.73,357.16,374.46,386.99,395.0
560.47,566.61,553.14,544.29,540.25,536.99,532.72,529.17,527.06,526.08,525.72,525.63
556.91,513.95,417.78,347.65,289.98,246.91,215.89,207.21,215.77,243.83,277.59,310.43
332.45,321.31,248.5,190.82,149.48,127.65,121.06,128.29,159.03,247.85,441.93,524.56
236.54,274.42,310.62,373.29,443.8,496.77,529.42,548.84,566.85,581.34,592.92,603.81
191.05,189.41,190.01,172.16,231.9,298.88,316.26,327.2,368.79,429.45,478.92,518.99
223.71,254.05,308.98,346.34,400.12,434.32,474.78,529.36,569.24,584.24,594.79,606.71
375.27,352.68,291.98,292.9,316.8,343.35,361.05,384.87,438.7,506.03,552.71,566.05
406.08,371.31,309.49,292.67,287.51,292.39,300.87,322.58,372.81,447.96,503.22,528.58
269.04,294.91,309.4,341.04,377.74,396.38,418.28,469.94,544.72,584.7,596.3,587.25
295.7,292.56,283.3,307.24,344.6,368.82,391.5,431.78,506.7,558.58,581.64,587.18
422.23,377.96,290.55,231.7,200.58,181.21,165.49,157.84,182.46,306.75,466.41,482.22
269.3,264.32,256.81,297.91,355.68,391.43,421.55,467.68,527.97,570.06,586.2,586.64
208.06,195.82,162.82,112.5,87.48,74.13,72.45,91.18,125.66,167.13,230.39,293.97
194.77,154.1,115.81,79.12,94.4,106.49,136.84,179.88,222.03,240.76,225.29,218.97
299.34,237.6,174.35,120.68,107.69,119.3,139.59,165.63,226.49,323.04,384.22,383.76
160.1,118.21,96.26,96.23,149.28,208.24,299.14,334.51,302.96,277.06,271.08,282.81
47.83,60.0,89.23,151.33,246.07,347.68,348.52,318.78,302.71,308.37,319.12,319.78
75.4,52.62,80.94,163.82,248.94,321.2,300.76,273.79,265.84,262.88,265.25,281.69
56.8,63.98,94.26,143.88,184.33,260.02,308.16,323.78,334.8,335.42,330.46,328.11
72.1,70.52,96.35,153.19,202.81,258.34,283.59,290.35,300.51,312.08,315.51,317.86
141.65,129.25,175.66,233.21,318.49,351.43,370.46,386.46,399.1,410.14,420.37,429.07
64.09,66.69,132.39,256.07,305.28,316.55,318.77,316.18,316.28,319.13,316.0,310.55
145.95,156.99,223.67,242.32,284.22,294.9,293.96,290.78,289.0,288.56,288.63,288.76
125.76,187.14,223.28,207.61,236.28,259.05,283.35,291.9,291.77,290.48,290.02,290.74
120.81,171.52,238.24,265.55,284.72,286.04,285.62,279.33,267.69,261.18,272.87,290.63
125.8,209.44,300.99,317.35,317.84,302.59,283.86,264.98,244.1,221.43,203.68,197.92
132.05,180.24,225.49,248.02,264.08,260.82,241.77,209.61,178.21,161.93,170.37,214.24
143.5,183.61,266.84,283.87,291.0,270.36,240.6,209.52,188.65,177.33,172.91,176.32
121.77,173.72,283.07,308.15,298.59,268.77,241.88,208.58,169.9,140.02,125.69,123.05
157.37,212.87,279.36,302.67,297.29,266.17,224.64,180.01,144.12,124.89,118.01,116.98
153.22,194.97,232.51,235.68,222.84,179.13,139.54,115.21,101.22,93.26,94.18,100.53
230.42,222.04,199.5,194.19,160.4,116.52,79.77,61.33,57.95,60.29,61.88,63.5
186.99,195.9,179.87,151.99,149.12,116.45,69.81,52.35,51.04,53.96,60.75,69.93
140.19,160.02,147.42,102.24,104.81,101.63,104.88,116.0,120.0,118.64,116.36,114.33
261.32,234.51,186.87,127.6,94.23,77.61,70.58,70.22,72.89,78.58,85.68,93.24
137.09,145.22,122.69,78.51,85.37,79.83,83.53,97.21,120.0,127.51,121.44,114.49
145.74,158.52,137.96,90.09,95.3,87.1,80.96,83.81,94.99,112.84,121.13,121.37
51.07,55.05,56.82,58.32,49.51,47.0,42.03,40.82,37.7,39.93,49.61,63.91
48.93,56.32,59.17,55.34,47.48,43.25,36.5,32.95,33.65,39.23,50.75,64.44
69.74,94.7,66.77,27.7,34.88,37.86,36.56,36.94,39.15,47.17,68.07,94.69
178.12,238.19,179.88,126.97,78.61,71.45,76.91,83.54,96.61,134.58,228.61,315.62
108.2,100.65,92.9,65.84,75.76,74.64,72.89,73.13,77.98,98.41,147.32,220.7
211.08,201.5,152.94,83.54,57.35,48.67,48.47,53.56,62.03,73.51,89.19,106.46
134.37,151.14,139.37,99.81,98.76,84.89,76.22,73.33,76.47,87.8,108.95,131.17
163.54,168.92,149.41,106.14,104.33,90.4,69.09,61.05,62.51,79.39,117.66,172.97
105.16,104.25,106.44,98.95,127.3,142.86,153.91,157.96,154.57,158.13,197.88,298.23
57.03,96.51,101.92,92.11,103.59,116.33,129.39,153.77,181.7,235.35,280.91,302.98
79.99,122.57,132.63,115.12,121.32,148.97,182.54,224.8,244.72,255.31,275.82,299.58
100.65,162.06,194.6,199.84,228.1,256.54,280.43,287.27,295.67,312.9,323.7,320.92
192.48,262.47,223.89,198.08,152.47,127.56,152.74,220.82,266.5,280.64,297.7,315.55
146.09,193.33,188.54,166.28,160.9,172.09,182.27,202.69,250.88,304.56,319.14,316.41
126.54,155.3,170.21,164.33,203.2,227.05,218.66,197.8,176.38,148.02,113.84,98.48
139.68,165.62,165.98,126.23,142.67,154.67,157.28,140.87,113.84,85.9,62.03,56.86
153.98,191.46,190.37,138.29,118.38,110.36,109.28,113.65,114.12,97.98,72.99,66.55
91.48,118.5,137.28,108.8,112.04,122.06,136.42,134.97,122.48,100.66,74.6,70.64
146.48,169.27,166.98,122.93,114.7,110.86,125.57,154.69,181.65,181.31,159.12,136.67
168.64,184.8,178.34,144.06,133.8,110.94,89.43,92.18,97.54,85.05,61.29,50.62
227.0,217.61,169.66,108.95,74.31,51.31,47.4,51.01,61.63,71.32,74.95,77.32
322.41,275.26,206.87,146.96,101.25,85.01,70.74,65.61,69.35,77.65,88.19,96.78
170.04,175.31,148.13,88.31,68.59,50.08,41.73,43.66,56.0,60.7,54.28,53.54
156.19,162.03,140.87,93.25,93.95,84.03,73.87,71.32,71.22,64.14,57.86,61.23
162.33,159.9,129.92,74.95,66.28,50.25,48.33,51.99,62.81,72.62,82.11,92.28
96.32,72.03,71.84,55.49,67.48,69.23,70.57,73.09,75.19,82.32,98.38,126.76
112.81,101.58,96.45,68.69,81.94,78.23,77.16,83.58,100.02,125.18,144.68,170.69
38.42,69.54,51.45,55.27,73.68,89.76,101.84,110.92,121.86,134.47,136.49,156.64
174.42,170.39,124.62,67.53,57.02,47.28,42.76,44.52,53.33,60.97,67.09,68.02
13.99,28.9,35.6,46.25,43.62,34.28,33.41,33.61,33.21,33.11,33.7,37.16
55.41,84.66,62.95,32.3,45.29,47.25,39.13,37.16,39.64,43.26,48.06,50.1
67.77,83.21,81.98,51.57,57.09,62.22,67.26,72.27,71.44,67.71,71.54,84.62
35.79,76.76,71.3,75.71,58.73,48.14,47.9,61.49,82.89,108.28,136.05,176.81
63.76,94.13,75.11,49.55,57.67,62.77,66.24,79.76,106.93,144.26,196.53,234.25
104.27,154.93,203.84,197.34,213.13,211.1,201.56,190.53,180.53,174.69,184.52,240.97
154.59,173.92,192.77,184.47,190.31,184.61,162.93,135.33,117.85,124.84,153.62,208.05
164.72,173.25,169.47,140.28,158.95,199.75,236.06,238.38,228.5,219.21,212.2,207.13
257.51,244.66,223.39,226.39,205.51,164.7,128.81,104.47,93.75,97.26,111.59,131.12
214.69,213.14,178.07,126.5,94.18,80.62,74.87,69.66,66.57,66.24,68.35,73.51
206.12,200.24,171.61,118.55,91.03,81.13,76.5,70.97,69.15,71.36,77.26,87.54
278.78,258.9,213.11,177.74,119.93,87.1,80.22,80.57,81.01,74.31,69.57,72.41
282.92,261.22,214.71,180.49,122.18,86.01,75.63,74.65,71.21,68.97,70.04,75.36
333.68,297.9,237.79,201.91,145.34,104.51,94.05,83.28,78.38,79.55,82.0,83.53
294.67,270.43,222.35,192.62,136.54,96.35,83.93,70.64,66.54,70.86,75.08,79.89
264.09,233.82,174.89,108.73,75.58,65.99,51.05,47.99,53.47,59.64,65.47,72.91
157.41,144.91,116.64,76.48,85.7,78.18,74.66,76.13,80.8,84.26,91.85,100.31
279.19,231.2,166.4,103.87,84.07,79.35,67.41,61.82,66.48,74.45,84.79,98.2
249.28,203.12,139.25,78.93,61.92,55.41,43.25,47.01,59.62,81.11,110.2,137.83
199.67,157.1,115.57,67.68,65.57,56.37,63.18,85.31,117.97,159.36,186.73,200.85
192.9,150.84,113.43,73.99,84.08,87.21,108.03,147.78,196.71,230.97,234.09,210.22
185.42,137.27,102.78,70.65,87.01,99.46,129.91,169.19,214.42,238.91,223.66,198.79
182.84,143.21,106.41,71.9,90.6,104.76,137.9,180.28,222.54,240.2,220.08,200.59
149.22,112.23,87.12,66.36,86.65,101.88,145.2,223.38,313.21,309.84,279.12,264.61
54.7,39.9,51.4,86.39,94.69,105.25,140.24,229.34,305.63,286.44,258.63,246.44
57.06,45.98,60.75,95.99,110.93,158.44,259.24,302.87,279.59,268.78,270.57,274.83
54.34,57.26,84.22,125.94,132.65,160.82,199.19,247.82,259.07,250.89,252.24,263.99
64.45,52.05,42.48,61.31,72.36,74.76,83.47,95.77,114.1,163.06,218.07,253.71
110.87,93.38,114.87,116.52,147.61,160.45,161.73,185.78,249.07,296.41,312.87,313.38
108.33,160.19,200.65,180.89,202.82,214.66,224.4,228.1,224.27,219.1,218.93,231.56
119.02,142.12,199.39,205.49,233.11,239.02,238.58,232.47,226.07,224.61,234.64,258.3
198.41,224.97,252.75,269.1,291.32,281.37,256.26,223.03,196.56,179.05,168.55,163.0
360.96,363.65,370.77,377.98,362.36,349.63,340.02,329.84,314.62,286.89,242.26,198.57
258.63,297.62,324.84,358.54,347.37,329.08,317.69,308.83,297.68,279.81,250.36,209.14
203.93,235.14,235.75,229.07,247.08,244.1,220.16,195.91,178.95,168.41,162.63,159.79
382.35,359.48,312.15,302.12,284.21,261.19,222.67,187.17,167.09,155.76,145.5,126.76
350.75,323.23,262.54,235.32,188.22,138.24,114.84,108.91,100.12,91.66,87.8,86.58
350.0,306.2,227.44,174.71,116.6,92.71,88.35,86.65,81.13,76.49,75.45,78.07
282.4,253.31,196.79,142.85,93.16,76.22,68.08,61.92,60.54,67.14,78.35,87.39
320.35,271.43,205.67,146.47,99.75,87.79,84.26,76.06,67.27,70.33,78.63,87.57
374.33,311.15,221.58,158.96,106.66,92.82,82.58,68.83,64.53,67.54,78.1,88.81
234.34,218.17,170.51,104.54,67.59,57.83,51.81,45.04,45.67,53.34,61.6,71.36
260.18,207.37,140.95,79.88,62.06,57.88,47.73,44.86,51.53,56.84,60.42,64.51
274.84,215.81,145.91,84.02,65.02,59.19,46.42,46.34,52.98,58.09,61.45,64.89
204.92,141.51,91.66,46.85,50.9,41.78,45.4,55.85,66.43,72.76,76.5,82.72
274.57,216.43,148.47,87.05,68.28,62.05,50.62,48.83,55.45,61.25,69.31,85.75
154.7,97.61,68.29,59.46,71.7,70.59,73.94,81.85,92.71,109.65,126.18,150.79
113.82,60.16,43.46,36.2,58.78,83.76,111.5,145.21,181.74,226.85,259.28,266.56
69.52,56.78,67.83,97.3,97.02,100.16,109.97,120.15,134.25,145.89,180.29,236.67
74.5,55.61,76.8,114.27,111.15,121.75,136.48,149.52,171.33,218.28,258.7,276.87
62.81,53.44,78.24,127.89,138.7,152.42,155.39,154.17,164.38,218.21,280.39,299.96
61.21,51.28,56.81,97.25,123.3,144.64,187.17,244.47,278.6,280.34,276.94,276.06
44.48,55.55,70.29,147.68,228.06,260.91,261.66,261.99,268.7,280.59,286.72,289.1
103.1,148.48,196.39,187.88,221.81,235.64,239.42,231.15,218.84,210.93,207.35,207.52
100.42,133.81,190.29,200.64,242.34,255.44,256.39,248.95,236.91,226.69,221.83,210.57
282.41,297.26,321.2,355.41,345.46,330.66,318.68,306.16,288.1,257.91,213.54,165.13
332.54,327.74,313.77,339.74,347.83,344.84,335.77,319.11,291.02,247.75,203.31,175.06
215.63,248.93,250.16,244.94,263.35,256.07,230.65,203.96,184.47,172.17,165.08,152.45
383.04,366.82,326.72,314.31,300.86,287.51,255.61,211.03,180.08,164.48,155.41,144.92
238.67,267.28,274.84,289.58,278.85,247.95,218.36,187.72,159.51,140.77,130.7,118.99
318.48,298.35,266.43,263.02,225.68,169.64,134.8,122.05,111.07,99.23,95.77,95.31
333.08,308.51,265.31,252.7,212.6,157.12,119.97,100.89,92.77,92.42,94.99,96.37
226.66,251.76,254.74,270.82,257.06,206.64,145.4,94.42,74.24,74.3,75.83,73.88
283.58,240.71,178.16,113.82,81.71,70.85,56.51,55.26,62.48,73.9,85.85,92.0
299.55,248.26,186.04,122.35,92.08,84.24,70.23,61.61,62.59,70.71,84.0,92.54
263.59,224.15,159.87,92.98,69.27,59.11,46.42,47.75,54.28,60.53,67.48,72.14
297.06,231.87,158.84,97.09,76.62,67.24,54.43,54.22,60.72,66.31,71.9,75.56
244.33,195.51,130.34,72.04,58.93,52.02,41.23,46.27,52.34,57.85,63.23,68.0
179.54,124.99,84.42,58.32,71.45,68.43,70.5,76.64,83.54,87.27,93.8,92.21
144.36,96.75,69.04,59.5,71.65,70.62,73.8,81.55,91.63,103.42,106.94,109.59
142.9,100.86,74.07,62.08,74.06,71.74,73.47,80.3,90.13,103.35,111.84,123.1
173.58,137.16,101.42,65.87,76.93,69.46,68.8,73.32,81.78,90.76,98.08,110.51
48.8,48.24,39.81,48.63,48.92,47.22,54.16,64.79,79.48,108.59,146.74,189.32
51.01,44.13,45.24,56.17,50.06,48.17,53.97,65.13,86.82,143.86,239.74,282.47
68.86,51.58,62.41,88.96,97.46,107.91,135.5,207.39,298.35,303.8,294.29,297.92
45.16,62.1,81.55,144.41,221.64,254.26,256.07,271.41,292.48,301.22,303.54,306.6
128.2,104.17,116.6,141.38,205.09,251.65,263.77,267.91,267.52,265.15,263.54,265.1
72.2,101.23,186.1,238.84,263.61,265.94,268.4,268.68,267.61,266.94,267.17,270.07
475.71,435.86,369.87,337.33,295.14,246.07,194.91,164.27,149.21,136.73,126.64,126.98
548.8,495.8,393.19,325.62,274.33,224.93,181.44,158.03,143.72,130.33,123.59,127.71
332.0,315.26,255.35,209.27,179.49,149.84,129.11,121.86,120.37,118.8,117.44,121.86
181.88,175.28,148.77,102.27,113.68,120.65,129.08,119.35,108.31,109.85,130.2,168.45
375.92,349.06,270.75,218.65,169.67,142.17,131.68,125.52,120.04,117.0,115.72,114.8
555.38,512.42,406.53,305.68,216.81,160.84,139.95,130.72,121.83,117.75,118.29,121.61
561.23,530.14,453.76,415.62,398.36,385.21,374.24,388.75,427.11,463.29,486.07,497.46
311.74,307.24,247.14,185.37,122.03,96.48,93.25,94.95,98.91,106.95,116.63,122.33
315.27,297.46,237.33,189.09,132.79,105.93,100.92,100.41,101.99,106.54,113.8,116.13
277.06,248.74,196.03,144.87,92.95,75.51,69.19,63.8,63.37,66.23,70.72,79.64
287.01,253.15,193.96,141.42,101.92,94.24,94.28,90.8,85.92,83.38,90.82,101.61
209.89,200.41,164.68,116.33,92.77,77.1,65.79,57.5,52.01,55.71,66.54,91.19
265.54,215.44,150.21,85.75,64.22,59.57,52.79,48.98,54.99,59.03,68.74,89.95
347.73,283.06,203.8,141.8,102.28,92.99,84.68,71.71,72.23,85.82,106.17,133.35
199.9,146.47,105.31,67.98,78.93,72.06,72.34,78.74,94.53,128.75,173.03,208.02
178.13,123.01,86.84,63.51,79.43,81.18,97.31,126.96,187.02,281.92,314.91,284.86
62.18,31.62,25.21,47.38,71.47,81.75,105.4,165.08,247.64,265.33,242.9,237.16
211.51,166.64,123.71,76.36,70.6,60.31,64.31,91.86,139.77,191.89,229.66,237.93
65.25,46.63,66.01,105.57,117.08,149.13,210.56,275.19,279.4,277.47,292.63,311.79
78.57,70.38,93.93,114.65,133.71,199.35,290.22,313.22,306.2,306.75,318.77,330.19
103.54,87.33,125.0,153.45,248.65,320.49,343.52,352.12,349.26,347.39,347.35,346.57
114.02,149.95,205.19,228.73,270.07,302.04,336.72,358.17,371.34,379.4,385.68,390.92
134.65,217.35,340.59,382.31,404.49,387.34,350.73,326.91,322.51,333.86,359.12,390.29
141.07,204.6,282.56,310.01,334.48,319.68,305.55,300.26,300.97,309.98,328.61,348.98
123.83,135.33,183.82,197.75,237.13,247.47,242.91,231.93,224.17,228.45,262.39,306.54
155.68,137.4,136.63,128.34,161.34,184.12,185.83,180.06,175.15,174.71,187.29,228.86
227.83,270.82,331.61,383.85,379.21,356.1,341.41,335.35,329.26,314.59,300.23,286.14
216.58,246.74,263.33,308.71,331.7,322.89,311.22,302.28,293.23,280.95,259.26,216.59
188.32,198.22,187.23,161.36,168.23,191.21,199.64,193.25,180.4,166.39,155.93,153.09
139.25,124.97,107.49,85.81,98.31,113.57,144.02,162.78,165.99,164.74,164.25,167.3
312.99,305.49,290.03,299.64,265.87,210.59,172.33,155.58,141.67,125.53,109.45,96.39
293.35,288.41,274.72,284.54,250.51,188.72,144.69,122.55,106.64,95.04,90.37,89.14
214.42,245.7,249.97,263.73,244.63,189.88,127.31,79.01,67.07,68.15,66.2,66.56
360.49,343.04,291.67,259.61,200.5,143.74,101.3,84.93,82.46,85.99,88.96,90.42
303.67,297.69,285.06,288.25,248.22,182.17,127.99,92.11,81.99,86.14,89.33,90.78
207.69,228.63,219.13,207.91,164.76,102.34,58.57,42.42,43.05,45.98,51.69,61.5
187.22,172.77,139.1,78.91,63.46,48.75,45.65,47.95,57.63,68.22,74.64,79.53
220.27,172.25,116.24,66.04,56.93,49.23,42.55,47.93,53.36,57.03,58.93,61.09
98.15,59.76,58.31,42.92,50.25,52.72,60.38,73.18,84.13,96.16,97.7,93.16
258.64,208.94,150.28,92.08,74.51,66.84,55.57,54.82,60.95,65.26,67.61,69.14
118.77,80.88,69.54,58.15,70.9,70.15,73.1,80.7,90.62,101.92,101.08,94.17
118.56,83.58,71.25,59.99,73.02,71.46,75.3,89.28,114.24,147.03,179.29,221.66
45.28,41.16,51.23,86.6,94.4,94.94,95.74,101.09,115.35,137.09,149.32,145.73
96.45,65.07,73.55,79.27,104.66,122.4,147.93,178.12,199.49,194.89,187.21,207.66
61.85,48.94,59.79,81.67,84.71,92.34,101.34,111.69,125.5,156.43,188.65,254.14
70.46,60.03,84.34,101.7,99.24,102.1,109.45,132.92,221.56,348.44,354.88,337.43
93.91,91.41,112.3,120.2,176.52,250.08,279.87,280.49,288.51,313.87,338.33,349.68
63.96,79.7,84.88,130.67,191.48,249.98,254.94,255.72,258.19,258.86,264.67,284.54
112.86,197.26,305.11,331.37,326.89,311.22,303.37,300.85,300.39,300.51,301.24,305.24
112.92,169.7,281.96,359.41,361.29,339.61,329.44,326.64,327.83,331.27,326.31,318.46
136.97,255.04,382.87,359.51,328.92,312.61,304.09,301.02,300.33,300.19,299.69,298.09
117.58,180.84,304.4,343.69,331.56,311.85,299.48,292.04,289.17,286.95,281.73,281.78
117.81,210.99,380.63,445.36,450.14,426.63,402.04,379.15,358.79,345.61,336.51,325.28
