162.89,408.25,404.03,513.72,603.11,726.08,652.38,534.47,471.51,490.75,432.46,506.86
400.42,403.97,514.77,600.71,721.3,647.87,533.13,471.17,492.1,430.32,501.96,505.28
270.68,444.02,578.46,714.32,649.2,532.2,465.36,475.71,421.26,477.34,473.76,517.14
483.67,604.81,721.96,645.53,523.83,458.62,473.17,420.42,475.23,477.43,524.03,519.33
575.42,702.7,635.99,521.22,459.44,474.84,425.74,475.4,478.77,516.22,511.76,580.51
743.7,660.47,528.33,458.89,470.87,423.01,476.75,479.11,513.32,518.2,590.51,509.83
735.48,562.87,469.89,481.67,434.77,487.76,489.05,521.32,519.13,603.3,532.11,537.16
433.5,396.82,457.77,431.24,488.71,485.35,515.53,500.9,608.9,511.51,515.91,545.38
498.63,509.28,444.98,494.35,488.19,520.61,508.49,617.51,515.33,531.9,571.3,395.4
627.88,513.67,512.97,485.7,513.39,508.14,626.8,529.2,523.07,582.51,410.75,302.56
510.27,505.86,483.85,519.94,516.89,633.45,531.16,516.53,586.27,414.5,311.17,221.24
533.78,500.51,525.45,517.36,631.7,530.89,517.46,585.41,408.49,315.4,227.35,99.38
589.49,571.9,531.02,634.2,533.43,523.06,592.93,415.94,312.49,241.56,120.79,105.31
586.83,541.36,637.78,532.78,519.72,589.9,414.95,310.77,237.64,123.51,108.29,136.83
475.32,602.44,523.56,520.7,593.47,412.76,301.98,219.13,115.27,97.42,123.58,266.6
661.31,553.68,527.6,593.71,411.32,299.49,222.75,120.99,101.66,131.52,283.15,368.43
483.21,487.64,581.97,410.49,305.74,227.73,120.76,97.83,127.89,271.37,351.96,458.49
492.35,582.37,405.23,297.22,223.7,123.33,104.99,132.09,274.26,348.59,458.19,660.06
441.04,341.88,282.92,206.06,104.24,86.79,127.64,307.41,368.4,431.52,599.85,727.22
289.31,247.09,186.1,96.28,86.42,124.18,328.45,376.4,450.22,573.65,716.68,562.94
217.3,165.18,82.34,78.74,126.5,335.44,386.49,446.76,572.89,706.17,557.69,575.18
203.78,97.14,81.56,133.15,340.63,390.5,454.54,575.29,713.42,562.82,591.51,610.08
132.42,98.63,136.13,341.97,392.11,457.68,582.37,717.62,563.48,594.69,619.85,539.3
86.3,135.25,342.07,388.99,452.33,576.45,710.13,548.24,584.7,614.81,534.46,502.45
111.49,325.43,379.89,451.49,579.55,712.94,554.12,579.56,615.41,526.58,501.05,574.89
323.03,376.85,450.08,582.69,715.69,554.99,581.68,611.88,533.59,502.1,580.95,534.4
198.72,361.28,556.62,704.94,550.77,574.28,595.07,501.37,482.57,548.69,489.67,461.53
329.04,541.12,699.88,549.14,569.97,587.58,495.07,470.32,550.12,484.59,461.68,477.47
406.0,629.25,526.58,562.42,585.42,491.25,463.56,534.8,475.97,438.33,444.47,532.34
593.4,508.34,555.79,581.8,486.65,457.81,533.09,469.95,439.07,439.96,528.72,431.5
532.72,556.08,581.72,502.01,477.26,546.32,480.85,443.69,454.16,536.54,452.83,374.01
751.81,686.82,530.26,480.97,542.49,485.34,461.0,477.14,530.36,479.94,413.35,364.51
690.07,532.34,481.5,543.51,486.99,462.93,477.79,526.95,472.87,411.79,364.21,240.16
584.77,502.73,546.09,492.51,468.85,484.01,535.8,473.56,417.3,370.37,260.03,189.06
579.26,582.52,501.07,472.53,487.93,542.37,484.35,423.99,376.48,271.84,210.41,173.87
648.05,535.36,482.23,491.2,543.03,487.26,430.01,377.83,271.01,220.34,191.49,88.28
520.56,469.21,488.05,548.03,496.72,436.0,379.03,259.09,220.25,191.31,96.16,52.1
401.66,449.06,536.65,498.6,438.9,375.96,252.56,201.82,193.27,88.66,48.43,68.64
488.38,557.09,505.65,444.01,379.02,252.8,201.49,191.49,81.41,56.12,79.58,175.07
610.69,534.31,451.04,379.09,251.46,198.78,192.67,82.77,53.34,87.41,190.32,217.09
449.78,403.65,365.91,251.39,205.81,196.47,80.14,44.54,83.27,175.85,198.07,315.22
420.84,368.81,245.25,199.02,195.32,85.43,58.13,97.87,186.95,196.99,320.27,483.35
268.19,204.36,192.43,180.47,68.57,43.33,96.55,227.14,214.0,298.17,429.0,608.57
166.82,170.11,205.28,126.72,87.69,140.93,133.39,138.04,247.12,514.35,638.04,724.41
255.7,279.36,178.27,108.75,117.36,80.55,93.02,230.63,511.9,650.93,739.34,721.23
278.62,171.25,90.86,98.72,77.12,99.9,247.93,524.38,658.89,739.09,719.61,747.0
106.71,49.27,85.13,80.28,110.35,255.15,526.28,649.53,737.15,710.44,739.04,626.5
65.52,88.27,76.76,107.16,256.86,533.96,661.69,745.36,715.48,737.53,625.63,593.47
123.95,103.47,121.92,259.16,527.03,653.22,737.36,714.62,734.96,634.59,602.05,571.83
42.51,78.12,243.44,532.73,671.95,754.0,714.85,718.97,621.84,589.67,567.36,485.58
97.84,269.7,550.11,666.65,727.51,680.53,692.54,610.25,590.7,573.36,481.49,503.6
259.45,527.74,640.27,711.58,684.95,717.57,647.23,620.56,577.85,476.06,495.58,659.68
559.22,674.84,741.75,702.87,718.0,634.51,603.04,574.23,485.7,510.06,669.69,486.43
628.78,715.07,693.02,719.18,645.45,615.22,573.42,469.4,485.15,653.04,469.48,517.33
853.74,776.21,741.24,633.71,581.94,549.76,464.05,504.29,656.33,492.73,535.93,463.31
724.0,705.94,619.81,580.88,562.9,476.54,514.98,661.78,499.94,527.21,459.15,415.85
652.45,591.3,578.83,572.2,486.86,517.05,654.76,482.82,527.59,457.46,412.01,331.24
547.01,543.89,559.16,485.06,523.46,662.05,491.4,532.09,469.08,413.24,333.78,230.26
551.25,572.56,493.58,525.6,654.83,477.22,513.92,451.75,401.8,327.19,229.18,128.5
596.38,499.2,521.72,658.98,486.84,522.42,456.95,400.91,323.89,230.61,137.96,96.84
411.65,467.52,642.44,492.73,531.75,456.37,395.56,314.61,234.42,125.07,76.23,86.67
554.54,686.08,502.56,535.15,461.35,406.75,320.0,242.28,116.04,86.45,102.73,162.57
650.61,494.35,527.8,436.53,382.85,313.31,251.92,137.38,103.99,96.72,153.27,460.09
448.31,486.8,431.71,412.87,351.42,290.58,159.44,105.95,108.41,147.57,454.11,362.19
553.77,485.35,420.58,321.63,236.31,116.42,93.73,120.52,161.35,470.96,367.12,396.75
565.02,471.93,369.31,298.12,148.24,81.68,89.67,126.86,458.41,389.79,436.61,468.69
377.63,290.36,244.56,156.5,117.96,119.48,117.1,256.34,273.13,422.07,546.92,740.28
308.24,259.17,153.19,98.95,103.29,107.71,274.27,293.18,425.36,527.88,723.23,662.72
216.64,128.74,87.41,94.4,106.98,278.49,297.9,429.9,530.91,714.34,647.82,583.5
142.0,94.59,98.78,111.26,279.0,296.51,424.98,526.73,714.81,652.43,589.87,535.29
143.56,125.11,120.21,282.02,297.48,427.05,528.62,722.56,652.17,598.9,545.66,520.27
158.58,139.16,288.8,299.14,426.23,528.69,719.66,655.79,598.46,555.43,527.61,486.54
148.0,291.71,302.65,432.56,534.99,724.32,654.33,602.28,557.68,533.01,489.64,482.99
280.11,298.44,432.76,533.98,721.61,650.99,599.66,559.54,539.56,489.54,479.76,513.1
243.77,407.13,527.85,716.89,650.41,600.3,553.66,537.97,480.62,470.34,491.3,495.43
463.3,567.54,730.61,644.58,587.37,545.17,533.45,489.55,464.23,498.88,497.84,507.56
585.99,743.31,649.12,585.46,542.6,534.82,488.35,469.95,491.44,501.28,502.37,586.42
854.19,713.07,605.58,541.79,527.05,486.12,476.01,510.8,499.47,521.04,604.78,577.84
703.66,596.07,542.92,536.41,498.51,484.42,509.49,500.65,525.07,609.81,580.86,513.11
545.06,514.52,528.67,498.46,483.31,505.11,493.67,516.06,613.89,575.08,505.78,457.75
589.2,565.41,509.15,488.12,508.25,498.09,519.59,624.5,580.15,520.58,476.27,300.76
555.76,505.45,489.01,509.91,498.84,519.4,621.14,581.83,519.77,474.93,295.71,248.24
451.22,458.67,501.68,496.97,520.51,622.14,575.99,513.91,477.09,292.8,238.49,203.76
526.07,532.0,507.9,529.42,628.6,581.9,521.27,493.87,308.73,254.06,224.26,164.46
452.68,470.51,520.69,620.21,577.64,517.19,485.8,302.46,248.19,211.75,140.28,128.71
467.37,516.98,620.37,580.52,518.75,484.66,299.8,247.1,218.38,143.5,132.82,153.36
635.44,681.39,599.25,525.6,488.44,304.8,254.71,235.82,142.49,152.63,176.31,298.34
641.99,580.0,521.83,487.4,303.84,249.29,226.06,136.71,152.28,172.55,290.75,377.43
496.53,479.28,476.46,299.2,249.91,226.69,128.07,143.62,163.77,278.27,353.68,503.0
647.61,555.63,317.1,253.37,230.96,142.09,167.71,202.19,301.35,382.09,544.02,714.84
548.82,323.38,263.97,226.41,131.3,159.81,204.62,355.61,405.78,545.27,685.29,744.31
296.5,249.65,216.14,120.22,153.37,198.48,369.64,412.15,550.03,662.85,729.08,626.38
294.64,238.43,121.31,146.43,197.05,376.8,422.35,561.44,661.65,733.88,630.73,602.77
221.24,116.22,148.61,198.2,373.64,417.75,553.5,658.69,729.77,630.5,597.02,533.69
81.45,132.21,194.67,372.3,416.66,551.15,650.69,719.49,625.2,592.84,526.86,474.8
155.95,206.27,376.24,419.01,551.75,650.24,718.94,628.62,598.49,533.01,481.86,489.77
170.98,354.11,412.85,554.43,656.01,723.05,628.86,602.01,537.13,479.43,483.73,469.94
292.71,383.52,549.11,655.45,721.41,623.63,592.36,527.68,481.27,476.27,456.74,471.33
350.42,531.88,647.51,713.6,621.08,593.1,529.27,482.82,471.16,447.32,456.46,556.21
551.75,662.1,720.33,620.75,588.19,524.43,479.36,478.68,452.18,461.31,558.13,523.6
720.89,753.8,629.72,586.59,521.33,481.81,481.89,458.65,451.77,565.98,529.12,587.05
740.02,619.41,584.6,524.34,484.2,481.07,458.93,451.66,575.81,529.74,590.23,601.41
637.83,586.22,525.14,493.8,494.41,469.94,458.28,582.57,538.66,598.33,614.48,585.71
592.15,533.75,498.22,491.74,462.93,452.45,575.07,533.92,591.69,615.81,582.05,493.08
444.09,447.64,476.89,462.93,455.02,572.41,524.99,576.17,620.47,569.95,479.59,357.83
477.64,489.82,466.72,460.05,576.83,528.8,579.15,627.27,575.37,486.29,367.87,273.37
507.24,476.85,464.94,577.82,529.41,581.67,626.44,580.03,484.51,375.17,275.68,178.85
484.4,464.68,579.25,534.9,586.37,629.37,581.67,488.91,384.86,281.59,186.7,108.63
435.36,565.01,532.47,583.76,629.99,581.93,486.15,383.04,279.04,182.64,100.22,83.22
588.05,551.46,590.5,624.32,572.37,479.63,379.41,282.64,175.38,103.17,79.82,103.69
512.16,562.59,617.01,579.55,489.68,382.55,280.77,170.81,110.01,76.84,102.31,281.79
546.51,607.38,576.11,488.63,382.49,277.44,165.81,105.96,79.6,100.94,281.79,367.34
678.8,614.86,500.02,382.0,278.16,172.33,114.35,96.02,96.7,291.16,374.99,567.85
456.97,411.57,353.82,269.75,172.64,113.7,88.91,86.0,302.44,352.82,536.68,627.8
470.53,387.1,284.6,174.13,108.58,85.73,97.16,358.01,385.03,549.01,626.03,704.03
452.29,317.44,176.48,100.13,80.19,95.27,384.28,411.96,559.42,617.31,707.1,613.67
285.31,154.5,89.46,77.43,100.44,393.13,415.9,557.25,615.88,704.28,609.07,483.17
151.3,89.78,80.54,103.54,392.45,412.51,549.98,606.93,700.11,609.47,484.71,476.56
66.59,68.73,100.03,390.85,411.33,548.46,604.73,699.28,610.55,480.92,471.17,467.93
102.58,118.22,395.89,411.93,547.64,605.21,701.15,617.42,482.85,478.4,475.41,452.79
74.99,372.26,405.69,548.51,609.05,703.06,613.42,475.08,476.58,468.29,442.7,468.87
366.85,405.14,548.79,606.96,698.42,608.63,475.29,479.67,474.42,441.64,466.28,494.05
310.39,499.92,592.4,692.67,609.26,475.31,472.99,464.32,431.66,450.33,468.78,455.53
511.85,605.36,698.81,606.65,467.21,464.84,456.66,428.23,445.89,470.14,455.51,467.56
594.41,684.7,597.58,467.11,469.44,462.42,436.97,451.04,479.25,453.88,469.42,600.9
773.91,645.75,484.6,477.08,464.04,438.82,454.05,491.34,457.79,488.38,622.48,450.88
597.61,457.33,469.94,465.47,444.59,456.96,490.16,450.48,484.88,614.31,442.63,510.19
425.84,446.94,458.0,449.02,462.17,491.98,448.83,479.23,625.16,441.51,512.55,499.58
532.42,505.13,461.34,460.91,487.97,449.88,486.51,640.44,439.78,523.84,512.62,350.26
522.43,474.57,466.46,488.2,447.77,484.98,636.02,436.12,518.8,514.01,350.04,254.22
490.69,471.64,490.01,451.74,489.16,640.14,439.24,520.96,517.22,356.36,262.52,162.95
459.5,480.62,449.53,491.34,643.66,441.53,521.86,517.7,361.17,263.43,164.88,95.72
429.61,424.79,486.83,641.58,441.54,520.14,510.37,352.71,259.21,158.59,84.05,51.04
403.49,475.16,636.48,437.51,516.18,506.19,351.07,256.56,159.96,81.3,47.79,65.6
527.68,661.89,447.68,525.7,514.17,355.27,258.11,164.14,82.38,57.6,78.71,289.41
747.34,497.23,538.72,509.42,347.19,254.51,167.88,96.6,51.33,90.84,302.05,332.81
396.1,475.62,493.02,355.27,271.8,177.75,93.82,40.91,98.81,289.82,319.99,469.25
554.01,537.16,362.05,258.79,165.16,93.87,52.16,117.29,290.21,326.59,476.55,664.25
554.97,380.0,270.39,159.77,82.37,44.46,123.98,346.2,350.87,479.84,641.73,655.62
307.56,229.44,140.84,71.92,40.65,117.44,359.25,349.46,487.17,611.66,635.28,560.02
286.05,163.74,71.51,38.34,122.02,371.15,364.26,497.08,615.19,643.39,575.55,552.1
136.48,56.53,36.84,126.75,373.82,363.16,493.14,611.52,645.07,573.12,549.31,516.19
60.41,42.5,128.04,370.17,358.58,490.46,608.78,640.32,566.4,548.39,515.26,491.46
67.57,141.04,374.12,360.73,490.95,608.19,640.54,567.2,551.29,519.63,498.27,438.84
119.27,361.43,355.44,490.05,610.24,642.6,569.17,550.5,517.54,493.13,433.09,448.7
322.95,338.95,487.59,609.54,639.84,564.08,543.57,509.76,492.99,428.16,440.26,434.51
217.26,423.66,588.41,630.63,562.63,541.63,503.25,478.27,417.71,417.23,402.99,450.33
516.95,639.8,645.66,564.07,537.37,501.45,483.75,431.33,424.33,417.06,471.66,558.46
641.8,649.93,564.16,532.4,496.94,484.04,432.64,427.68,407.35,469.55,548.91,556.59
611.15,540.57,525.81,499.2,486.53,430.43,426.44,399.13,477.22,544.17,556.64,520.62
800.45,655.48,535.95,503.52,443.87,445.8,426.18,512.81,552.02,599.69,584.42,558.16
567.44,496.2,494.02,437.54,438.68,418.01,500.62,536.9,585.96,568.89,530.91,428.13
574.7,533.22,446.94,442.36,419.41,503.67,539.68,583.14,568.19,543.83,452.12,353.4
483.97,422.75,436.65,418.64,503.04,536.51,577.79,563.39,543.3,442.69,339.47,217.18
549.45,497.69,434.52,510.62,542.97,588.62,577.34,558.8,448.7,364.24,253.33,182.98
446.48,408.29,506.83,545.23,591.2,576.41,552.66,441.06,364.64,247.12,172.37,105.48
326.87,463.42,531.4,584.56,575.21,550.35,436.49,352.45,243.75,158.92,88.81,54.62
584.25,599.76,605.39,575.7,544.55,434.9,359.04,260.75,157.25,107.16,76.27,111.54
540.2,576.82,569.11,542.91,434.35,354.84,251.84,144.78,94.36,65.38,93.27,222.58
652.12,601.15,548.75,439.3,360.69,255.76,154.25,102.99,76.99,105.67,249.96,384.83
551.78,522.64,432.42,358.53,259.12,157.87,102.25,76.62,102.16,239.9,367.9,502.11
562.3,451.69,359.13,251.48,152.63,105.44,86.11,115.03,244.55,371.44,507.98,621.06
440.42,356.62,254.51,148.09,98.38,80.41,124.64,291.92,401.76,503.81,599.9,817.74
445.69,301.72,153.51,88.45,72.27,122.91,319.54,427.85,509.78,593.4,823.59,669.55
281.44,138.69,77.68,65.72,124.83,326.33,436.59,507.78,592.64,817.02,666.21,614.11
103.62,62.85,65.49,128.57,325.91,431.58,494.57,571.91,808.31,661.92,609.54,519.01
92.2,79.99,128.85,322.71,429.06,494.66,580.69,814.12,661.14,609.74,526.51,562.33
83.37,131.92,325.13,431.76,496.23,580.87,808.2,654.85,607.83,530.99,565.1,449.72
92.21,305.58,425.58,494.57,580.18,806.33,652.51,600.19,523.78,555.71,438.9,435.85
293.55,419.48,492.23,579.3,805.38,650.49,600.44,520.8,561.16,436.74,436.07,504.36
411.21,492.46,579.03,800.11,647.63,601.64,522.54,565.5,422.21,430.13,490.98,502.09
484.38,579.12,798.86,640.74,592.97,515.34,562.11,417.6,427.59,486.73,498.56,514.07
609.52,810.98,642.64,597.2,520.05,567.2,423.71,429.29,489.79,501.55,522.04,615.7
858.45,676.65,605.22,509.36,552.3,415.51,433.02,496.81,489.63,524.38,615.58,532.4
693.92,601.25,510.04,571.42,439.15,448.84,503.11,485.48,536.82,624.78,556.1,544.59
553.43,484.83,561.2,433.67,443.3,497.6,482.54,524.99,621.31,546.15,535.28,508.17
583.68,606.06,445.36,453.85,507.03,491.5,534.63,629.58,556.54,553.67,540.6,374.11
627.94,465.07,460.99,503.66,484.28,529.93,626.36,554.43,539.75,539.46,369.66,246.88
522.7,481.42,507.71,493.76,541.68,637.62,564.44,542.87,549.16,384.26,273.8,182.45
578.9,556.28,509.2,550.3,643.27,571.06,553.15,562.86,390.11,290.47,207.55,125.62
485.35,480.22,542.75,631.29,562.09,546.33,553.35,375.97,272.43,192.88,100.5,56.06
564.16,586.43,643.69,565.81,546.11,554.01,381.05,277.48,194.61,113.91,78.19,122.1
573.17,637.17,563.7,545.27,554.72,379.82,277.05,191.04,107.12,72.72,115.06,327.21
611.0,548.36,539.36,553.29,379.97,273.47,187.4,99.84,75.23,110.97,326.85,402.48
456.52,489.97,538.29,375.35,275.9,188.32,96.41,64.63,105.95,308.93,379.45,516.15
502.27,538.65,368.67,269.38,186.93,100.8,76.59,116.07,321.78,378.17,521.62,700.49
454.64,333.78,264.09,175.51,86.68,63.73,116.64,361.37,398.16,505.65,656.17,743.32
267.56,224.1,154.24,74.99,60.01,111.0,379.08,399.39,516.64,625.4,725.67,622.01
235.47,152.4,66.08,55.87,115.5,388.9,414.7,522.22,631.71,723.57,628.43,618.68
142.35,62.23,55.51,116.95,388.07,412.61,520.25,625.14,719.28,624.93,617.5,577.18
74.38,62.22,116.66,386.51,411.56,520.54,628.6,715.5,621.5,615.1,580.88,580.17
78.99,125.2,387.09,411.58,519.8,627.91,717.3,618.39,616.26,582.09,586.04,541.27
84.19,365.56,403.97,519.09,629.68,717.92,617.36,606.29,575.68,576.74,532.51,511.88
365.82,408.51,520.16,627.08,712.59,612.36,604.43,567.37,572.86,530.57,512.29,529.48
235.28,427.16,598.24,706.23,614.95,602.55,557.1,547.42,521.32,483.25,492.47,476.34
373.12,572.44,698.83,612.17,597.5,548.52,538.5,506.79,482.79,484.32,470.27,453.76
484.59,652.24,596.44,592.51,546.98,535.96,502.12,469.34,477.49,454.7,433.26,491.64
672.37,603.12,592.79,550.02,537.71,502.43,476.15,481.48,461.98,438.37,504.83,426.0
689.17,629.04,560.62,552.11,519.13,491.1,495.8,473.55,445.01,521.46,456.0,421.0
597.47,546.06,547.17,516.13,486.55,490.98,469.89,435.09,514.39,448.58,412.72,348.83
665.46,604.04,529.11,493.34,496.42,477.85,449.23,525.94,454.28,430.47,382.67,259.4
685.75,571.81,504.92,500.95,480.36,453.88,534.19,461.28,428.82,391.86,276.86,191.08
587.85,507.8,499.4,483.35,459.39,540.3,467.11,424.01,394.76,281.12,203.13,143.55
590.7,535.73,493.8,470.59,549.99,475.52,434.16,399.79,292.33,219.01,174.34,79.8
531.97,493.67,471.41,548.2,475.87,434.84,399.08,284.66,210.04,172.77,79.62,33.87
706.39,580.42,578.9,486.47,438.7,407.61,301.84,229.88,175.19,115.56,88.46,103.69
617.94,597.51,494.82,447.36,415.3,305.39,229.66,171.98,107.96,95.39,113.09,201.78
597.19,496.73,446.55,411.66,301.31,223.18,166.86,98.21,89.22,111.46,204.43,254.98
405.18,399.68,398.74,296.58,224.76,166.55,91.99,78.22,102.61,186.58,229.73,365.67
396.8,393.78,287.36,212.91,160.77,94.1,89.4,113.5,193.66,223.47,362.23,571.69
366.53,281.36,215.21,150.45,80.88,79.87,121.23,244.19,248.32,353.16,537.93,732.1
214.39,180.79,176.08,141.33,124.86,163.44,141.43,165.48,295.99,621.58,752.77,671.16
221.37,225.49,185.13,144.38,139.72,85.87,118.29,272.58,618.4,757.63,679.83,753.6
304.91,218.54,137.39,124.29,84.79,130.71,297.61,645.3,768.4,693.42,769.27,781.92
183.55,115.15,115.45,83.18,135.42,302.98,650.81,767.8,687.5,760.59,771.08,653.55
131.99,122.18,81.4,130.08,301.45,655.96,775.67,690.5,763.08,768.2,649.52,633.68
83.43,70.69,134.83,300.6,647.46,763.47,677.14,754.95,762.41,644.28,622.69,625.29
82.22,125.77,290.76,652.03,782.69,699.42,768.21,759.94,636.88,619.41,638.14,726.02
150.1,320.78,672.27,778.81,672.98,734.07,732.28,627.12,622.93,645.76,720.04,670.58
303.58,650.17,751.27,651.31,731.6,751.75,660.96,644.55,642.94,710.59,657.83,722.61
559.1,723.16,666.56,749.4,753.57,641.83,611.46,614.41,716.75,654.1,709.44,533.43
542.34,565.29,715.4,749.91,653.02,620.05,605.91,685.34,627.96,674.16,492.97,482.45
665.32,765.74,761.51,651.49,601.72,590.12,682.09,643.62,696.76,516.3,510.04,499.13
801.45,781.81,654.38,595.29,591.66,690.47,656.71,716.36,513.76,512.02,500.19,445.86
743.42,634.61,596.71,601.63,701.26,660.21,712.61,504.07,511.74,500.57,442.44,341.13
594.97,562.22,589.43,703.19,671.0,723.02,514.18,515.29,514.12,444.43,347.73,294.7
671.65,654.78,724.07,674.22,715.29,504.78,510.12,515.2,435.92,355.48,313.97,172.64
659.13,721.19,668.05,718.14,513.41,516.85,516.64,426.93,349.04,310.82,176.67,130.73
643.11,629.52,707.54,511.72,513.98,507.64,412.16,329.51,295.83,162.59,102.15,76.29
632.42,694.61,504.11,525.41,526.15,428.69,334.5,292.86,169.23,105.1,92.47,175.9
636.84,475.01,513.12,512.09,417.79,335.01,302.17,185.87,134.93,90.76,177.21,484.6
406.81,460.36,503.77,446.31,372.0,339.05,206.51,135.39,103.11,168.68,474.19,366.61
632.43,611.9,470.74,348.49,287.51,168.08,129.93,128.17,185.45,509.93,395.95,337.81
527.4,442.24,375.36,339.86,193.11,106.49,80.43,129.43,485.52,390.31,334.44,360.51
489.39,365.73,304.24,208.77,147.82,119.29,132.64,301.41,278.63,344.79,475.91,646.57
350.71,299.78,200.48,129.15,105.68,124.09,321.28,303.64,353.22,450.1,620.23,661.58
274.14,187.39,119.04,91.54,117.95,324.42,308.62,358.17,449.5,612.34,646.12,627.92
162.44,106.84,91.35,120.7,324.31,304.66,351.51,443.31,616.56,641.79,622.99,604.32
110.78,90.52,118.54,323.86,305.7,353.05,446.28,618.47,647.35,623.38,608.56,625.17
56.87,98.66,320.15,310.15,357.55,446.58,611.9,642.07,629.1,609.13,623.51,568.07
97.17,319.66,310.26,358.05,447.38,613.08,638.67,626.62,605.35,625.28,567.12,532.61
291.63,296.1,357.49,451.0,614.04,635.32,621.06,604.43,635.98,567.43,530.04,545.51
218.76,319.66,440.64,608.23,634.27,621.02,596.46,630.45,555.03,518.55,520.89,470.45
482.74,531.39,638.14,640.22,617.78,597.51,635.98,579.13,521.0,548.59,502.64,515.76
522.97,638.63,639.93,610.59,590.77,635.01,578.31,528.29,539.07,499.2,499.42,618.16
670.57,668.19,622.6,584.82,622.56,569.99,521.75,544.85,488.34,504.92,612.55,522.26
710.15,646.94,593.4,623.05,570.76,524.84,547.7,496.53,500.74,618.53,526.3,576.19
648.44,591.35,623.59,574.87,526.83,548.35,494.55,502.28,625.39,531.56,580.34,479.84
504.94,574.95,561.27,527.38,551.92,493.07,493.47,611.7,534.0,569.6,466.53,324.81
566.79,558.28,528.29,553.31,492.62,491.62,604.64,529.73,569.27,467.43,323.04,226.13
512.84,496.22,543.99,497.07,499.45,609.25,530.9,571.97,480.84,323.8,226.22,147.69
475.18,526.99,494.8,507.18,618.02,535.5,569.03,478.96,334.69,230.66,153.0,65.82
601.14,532.59,519.83,621.0,538.28,574.15,486.09,350.03,234.53,166.64,81.68,78.34
466.03,482.3,611.54,538.53,576.05,484.12,343.88,230.85,173.24,76.03,67.06,68.28
527.15,635.38,548.64,582.68,488.32,345.46,228.74,175.64,72.32,75.6,76.91,283.01
668.29,568.82,586.37,480.69,337.36,223.27,175.67,81.03,74.83,80.27,284.5,391.34
519.02,553.21,473.44,344.5,236.36,184.78,80.22,75.0,88.71,281.25,384.98,512.55
660.47,531.82,357.85,228.54,176.13,83.54,85.33,110.33,282.31,400.43,528.59,636.08
519.97,354.13,235.95,178.85,81.63,81.75,114.74,333.33,433.38,531.79,616.64,709.53
376.76,245.69,173.89,71.35,75.64,111.62,355.33,452.94,540.86,603.08,706.11,632.36
220.39,159.04,64.04,70.08,113.01,361.21,453.5,539.58,600.68,703.03,623.67,506.19
159.21,67.16,73.48,113.84,357.31,448.14,533.83,597.6,701.29,624.02,505.37,494.25
18.29,47.89,107.52,356.59,449.18,532.99,592.05,696.99,624.25,499.46,484.37,458.91
75.71,124.89,362.87,449.12,530.51,590.73,694.85,628.9,497.28,490.33,461.7,449.01
131.67,363.6,448.09,531.0,593.7,698.98,633.72,505.71,495.35,462.69,449.33,534.13
308.5,424.05,527.41,591.6,694.68,627.1,496.88,490.57,465.18,442.14,518.11,485.59
337.15,487.05,578.01,681.38,619.28,491.87,484.04,455.79,426.83,498.47,454.35,508.33
506.86,586.56,685.45,624.2,493.56,482.8,454.38,430.99,511.41,460.85,519.43,527.69
609.08,695.0,624.51,492.83,483.54,458.96,436.86,519.66,458.62,522.93,529.34,583.61
602.64,579.15,482.27,479.92,455.07,428.79,507.39,443.38,522.95,516.64,564.06,577.29
672.4,525.83,492.82,464.61,438.05,517.92,454.45,539.78,523.89,582.96,603.37,560.91
453.88,452.34,453.95,439.29,520.28,452.52,533.7,515.66,588.25,594.85,549.3,491.6
456.63,456.79,440.84,521.73,452.51,533.05,510.55,582.25,592.9,551.75,494.07,343.14
490.66,458.75,526.64,453.6,532.67,511.41,585.61,602.63,553.36,498.82,348.11,217.78
456.64,524.56,455.29,536.44,515.42,589.07,599.36,551.86,498.98,354.0,220.47,127.39
491.31,440.57,534.04,512.6,584.98,595.4,546.78,496.63,351.45,216.65,117.56,67.36
526.19,571.73,523.57,592.83,605.48,557.94,507.81,366.86,227.58,135.8,94.22,57.65
503.66,493.06,587.26,601.21,552.28,499.86,356.4,220.37,131.47,84.41,37.28,79.98
484.11,579.63,599.4,555.8,504.22,357.16,216.66,125.05,82.5,38.04,81.38,238.16
606.46,611.31,559.21,506.21,358.83,215.29,125.59,88.91,45.18,86.87,247.48,333.05
646.06,576.73,511.12,358.76,218.13,132.56,94.22,55.14,82.83,253.44,336.51,480.79
619.78,528.37,362.43,219.66,136.19,102.07,62.12,95.94,264.46,346.8,493.52,551.99
523.08,364.97,225.86,131.67,92.9,54.7,101.89,313.78,373.31,493.57,530.43,666.37
432.0,257.37,134.67,88.73,53.25,102.51,338.73,399.14,507.4,525.43,674.66,562.08
304.55,156.22,89.24,48.4,104.01,348.52,410.91,517.62,522.97,680.47,569.68,487.28
165.84,95.87,53.91,108.64,349.3,409.08,511.87,516.96,679.94,572.16,490.74,513.54
48.49,33.04,102.47,342.88,403.08,506.66,511.65,675.5,566.68,481.25,498.25,467.69
37.54,106.86,345.24,402.7,505.17,509.73,671.09,565.1,479.97,500.74,467.9,437.03
149.19,364.6,406.74,507.69,513.27,676.18,572.99,489.27,504.8,473.15,446.58,545.38
344.8,399.58,507.49,511.72,673.0,569.32,485.94,505.57,476.07,444.96,537.79,473.72
321.87,470.27,500.73,665.57,566.51,483.26,498.72,465.01,432.13,521.3,449.02,492.88
458.36,500.22,666.8,561.79,474.68,490.12,457.4,430.0,520.23,446.52,487.06,489.44
564.04,692.66,565.02,478.58,496.54,467.25,444.95,536.52,454.37,496.42,505.92,643.28
728.59,592.9,488.85,491.03,457.0,438.68,533.55,458.28,488.98,510.24,640.98,589.81
568.73,470.92,486.8,463.51,448.52,539.55,460.09,486.76,515.52,639.06,590.76,577.58
517.0,511.88,470.23,448.79,536.87,459.53,488.71,518.73,638.66,597.76,587.41,552.48
532.89,483.07,452.76,536.82,458.19,488.55,518.44,639.86,594.48,589.76,554.48,427.76
461.49,442.1,533.05,456.75,487.28,516.96,636.32,588.87,587.62,550.64,422.42,277.53
499.16,561.32,466.67,493.85,521.56,641.04,591.19,591.55,553.56,436.17,294.71,172.81
470.17,422.97,483.06,515.57,635.58,584.35,581.53,542.48,429.3,280.97,149.18,75.59
571.46,552.9,535.85,647.9,596.91,596.43,558.83,450.21,291.03,178.05,119.32,101.93
477.76,501.62,640.12,590.44,589.87,550.94,440.48,283.05,171.76,107.0,78.11,107.38
514.75,645.85,592.86,593.62,553.8,440.38,280.6,167.46,104.91,81.05,111.91,291.43
736.23,644.81,608.55,551.47,434.45,277.04,170.3,118.0,77.17,124.15,305.92,336.25
579.01,568.82,539.89,435.81,285.94,177.19,118.02,71.64,123.72,295.92,323.78,508.51
593.62,546.73,433.04,282.45,177.6,124.15,80.79,134.68,308.3,328.67,517.71,648.02
583.11,460.05,296.9,174.31,113.72,73.66,141.33,362.59,352.31,524.37,632.14,656.24
436.85,282.7,162.99,103.18,68.28,135.75,381.06,361.67,533.15,609.32,644.43,629.5
293.52,159.56,95.47,67.14,143.64,393.87,373.41,537.41,614.65,647.34,637.99,543.12
156.0,92.41,68.62,148.94,396.7,372.49,534.91,610.56,650.26,637.96,546.17,516.22
64.66,57.21,144.97,391.97,367.71,530.66,606.21,643.22,633.64,539.69,508.52,503.15
63.16,151.06,394.64,367.15,528.44,603.87,639.61,631.87,534.81,509.77,501.96,427.56
148.37,390.07,362.62,527.16,606.36,643.17,638.17,536.66,511.71,498.27,427.66,580.21
388.13,363.53,529.9,608.64,642.36,636.06,534.18,513.41,504.7,430.41,579.93,492.77
240.62,466.7,588.11,632.67,633.9,530.98,506.72,487.8,417.78,554.88,460.3,489.18
513.34,618.5,642.7,632.0,523.59,500.58,484.8,418.73,554.67,465.87,497.51,580.5
578.32,618.47,620.9,519.1,500.03,486.82,423.78,558.27,464.68,489.35,568.25,592.88
670.74,647.73,528.0,504.87,488.61,424.58,559.94,464.87,493.58,579.0,610.52,551.2
640.62,524.07,504.89,491.28,428.66,562.67,466.36,492.48,576.22,608.26,549.4,582.38
546.13,513.12,491.62,430.35,563.7,468.4,496.18,578.31,610.95,554.86,591.97,490.25
588.03,530.56,442.77,570.12,471.93,499.88,581.67,614.82,555.16,603.81,509.08,390.08
473.46,415.51,561.01,466.34,495.02,576.8,608.64,544.68,597.26,497.37,373.66,233.05
442.68,568.88,468.72,503.12,586.1,615.93,549.53,598.58,505.89,382.89,249.6,173.92
572.74,478.16,507.29,579.97,606.89,544.11,594.52,504.86,371.89,248.79,166.46,77.87
568.71,544.82,590.67,618.78,558.22,607.95,518.69,385.0,260.91,185.8,111.24,74.77
474.97,557.91,610.68,553.12,603.19,511.83,375.85,248.12,179.2,99.62,56.43,115.53
724.64,699.12,579.6,611.04,513.69,380.8,257.8,195.78,94.38,82.71,149.88,279.44
607.17,529.9,595.9,509.66,380.66,251.39,187.98,82.61,84.44,134.73,262.69,321.35
571.16,612.96,514.05,386.01,260.33,197.99,88.19,86.01,133.47,269.71,334.03,484.62
517.98,463.69,366.48,245.31,189.8,84.55,86.28,132.98,273.79,314.53,457.72,622.12
420.96,346.35,244.66,187.89,79.35,79.99,135.51,314.97,345.22,454.68,598.83,662.57
360.9,251.32,181.73,67.65,72.59,130.19,338.92,363.26,463.0,579.08,655.37,635.57
239.31,166.72,55.28,68.08,136.16,350.25,375.63,465.6,584.62,652.31,637.06,585.79
130.68,37.3,65.5,139.11,350.53,371.53,460.54,576.44,652.47,630.51,579.9,529.21
16.82,56.74,133.97,344.81,366.89,457.04,574.34,643.55,624.44,572.59,524.02,464.32
72.83,142.27,346.87,368.85,457.87,573.92,645.09,624.77,574.15,525.34,469.14,486.33
126.24,336.8,361.56,453.69,573.9,647.86,629.36,572.35,521.57,463.19,481.89,546.63
298.72,342.78,451.54,577.77,649.5,626.45,566.21,512.94,469.04,478.0,541.41,499.92
271.68,415.33,562.41,638.25,621.58,564.1,513.49,459.6,467.02,523.15,479.15,570.23
439.0,578.52,646.28,625.35,563.05,510.41,454.67,465.24,524.13,484.68,577.43,518.42
597.04,656.21,622.78,556.19,505.09,455.18,473.38,526.98,475.82,575.02,517.31,598.15
818.84,707.26,583.31,517.7,460.29,479.66,536.04,490.68,580.05,548.4,640.71,457.52
701.39,581.02,518.4,463.35,484.16,539.17,492.11,576.37,537.39,638.37,456.23,451.48
716.83,588.62,482.86,490.29,540.34,497.78,583.97,545.93,636.15,480.15,485.54,434.77
703.24,539.26,506.59,549.57,504.03,591.62,557.92,652.41,485.76,503.82,463.36,308.13
526.7,503.18,548.15,501.03,588.94,556.14,647.84,475.65,495.42,458.7,302.34,198.13
647.36,623.63,523.73,596.24,559.11,654.86,487.02,509.63,459.51,325.93,231.48,178.33
638.52,533.32,598.46,555.47,651.26,486.67,512.52,462.91,321.28,233.01,178.13,65.85
584.25,618.94,563.29,661.67,498.99,521.83,468.58,321.05,239.16,189.67,89.18,108.99
690.57,609.54,674.27,490.42,508.62,461.93,321.95,244.15,175.47,96.61,113.61,94.19
634.69,678.64,493.09,522.05,476.72,328.98,248.6,174.85,105.92,119.82,110.76,317.9
648.77,482.65,517.15,466.72,319.7,239.25,167.59,97.19,110.24,102.19,306.75,362.94
377.53,453.54,447.0,321.07,250.66,173.74,97.07,100.02,108.9,288.22,344.96,540.03
439.97,439.56,310.99,234.49,163.02,95.72,109.28,119.02,294.93,335.3,529.82,773.87
434.75,319.18,242.6,154.38,81.53,99.31,124.43,346.04,355.92,525.9,743.52,799.54
240.32,200.32,131.54,62.71,88.98,114.82,365.06,358.46,532.29,704.92,770.96,803.28
156.01,102.17,45.81,80.8,116.91,372.06,368.26,530.26,709.57,759.7,794.83,747.92
133.9,65.74,86.39,116.83,367.79,364.78,532.11,708.86,754.21,795.2,752.75,643.25
78.74,95.24,117.22,365.47,362.44,530.96,710.05,745.71,788.94,749.47,646.51,652.81
90.86,116.85,364.03,361.28,528.61,707.77,744.29,782.16,744.03,644.25,651.79,583.3
102.2,354.94,356.18,528.49,710.61,747.51,784.33,737.51,638.87,647.19,581.92,600.25
319.5,342.38,526.28,709.6,743.27,778.08,731.05,627.09,646.0,575.92,593.02,608.04
178.05,440.6,681.14,731.8,775.53,727.15,618.53,622.24,561.95,562.68,568.68,544.98
404.2,667.55,729.63,773.4,721.27,609.41,612.16,547.57,559.57,562.27,539.29,529.57
513.96,651.32,747.63,709.7,602.1,603.98,537.13,538.17,548.87,512.58,491.17,480.64
614.32,720.15,701.08,609.7,612.39,538.44,538.88,540.01,523.19,490.86,490.36,394.3
646.8,659.0,597.25,614.29,545.48,541.65,538.99,512.87,487.93,479.04,383.53,425.54
613.46,565.18,601.99,548.52,546.14,540.04,514.45,481.69,488.54,379.57,427.42,319.91
672.5,647.31,559.45,560.09,553.69,526.27,497.01,499.95,393.97,445.96,358.39,210.15
782.86,628.88,578.15,559.95,529.64,504.77,514.95,408.39,445.46,375.63,240.56,185.7
639.89,574.38,556.75,537.07,516.15,525.02,417.28,443.86,383.99,245.67,200.64,128.6
605.84,569.65,540.39,521.21,529.17,420.45,446.74,377.82,249.29,206.74,144.54,43.11
523.09,513.69,513.17,528.37,423.54,446.83,375.56,234.19,205.38,136.84,40.07,25.99
572.77,538.64,534.33,430.56,452.45,379.75,240.1,204.21,141.61,53.33,51.94,51.07
487.79,502.43,424.03,461.79,391.13,242.23,198.02,125.41,51.42,47.58,49.32,176.95
631.45,487.35,477.87,397.76,245.8,201.36,134.78,63.14,52.56,72.42,215.89,216.38
393.42,428.83,386.1,244.96,206.95,136.72,57.64,43.45,63.71,199.31,191.68,315.39
479.18,413.6,245.45,193.2,125.94,58.31,54.91,77.15,198.06,192.94,319.12,495.69
305.0,194.56,183.34,115.85,47.71,43.15,78.83,240.23,220.79,298.3,446.41,557.77
153.15,159.19,142.27,109.66,90.34,123.66,141.67,139.79,244.59,533.84,588.8,576.62
229.98,210.53,159.69,108.85,97.68,86.68,93.63,227.08,526.59,597.29,585.97,704.12
285.03,188.51,99.3,81.59,86.2,107.54,254.87,555.65,611.41,598.88,719.75,788.19
130.82,65.8,71.58,85.82,113.11,259.15,557.33,607.03,595.33,708.87,773.27,668.62
61.15,68.01,80.31,104.54,254.72,559.63,613.93,595.59,709.31,765.64,658.73,594.48
61.83,82.4,112.23,258.53,556.35,605.64,587.39,704.91,766.39,660.05,596.59,575.24
48.26,81.26,243.39,559.42,623.2,606.09,710.74,754.88,646.89,587.04,577.0,568.91
88.2,263.65,577.17,620.13,580.65,675.96,723.82,632.47,588.27,583.31,561.63,512.44
274.85,567.85,595.97,561.37,675.93,746.47,671.14,618.29,585.25,557.16,507.69,705.12
484.97,571.61,577.38,692.81,748.3,654.28,588.86,565.98,566.24,505.55,690.43,519.31
481.22,521.9,671.27,748.13,667.47,602.12,568.13,548.88,487.13,667.23,498.56,528.2
683.16,762.49,772.94,661.39,575.08,548.81,546.31,509.88,679.09,526.98,556.08,480.95
687.77,738.17,647.81,561.16,545.95,547.91,513.77,681.37,515.83,537.53,455.04,424.16
755.23,658.22,570.65,556.41,557.12,518.23,678.64,507.73,534.01,465.01,433.49,327.21
754.72,605.21,564.02,566.58,532.37,695.92,530.87,559.16,484.04,458.89,365.74,271.8
450.91,491.44,550.33,529.32,689.24,511.93,528.47,444.45,445.73,334.3,236.72,122.06
361.07,475.39,501.61,687.1,518.94,528.32,434.58,417.96,330.56,212.76,100.72,80.3
424.64,471.66,676.0,518.33,528.59,429.53,413.93,328.22,211.67,91.25,60.55,25.05
446.34,651.69,508.91,538.44,446.24,428.37,329.37,206.44,93.53,58.03,30.21,135.55
648.91,517.65,536.16,423.26,405.22,325.02,217.19,116.61,72.59,31.71,134.96,439.34
449.82,480.15,414.57,437.94,366.76,256.77,140.82,79.02,52.07,127.52,432.0,334.81
436.22,410.61,429.52,333.06,201.03,92.29,55.98,48.49,139.56,432.75,316.86,278.85
445.68,455.24,371.6,261.14,124.72,42.05,16.27,97.71,422.18,330.35,311.7,357.81
445.99,333.16,216.79,136.64,81.48,52.27,99.42,235.79,220.97,310.83,456.79,651.03
248.56,176.49,119.44,63.37,39.41,88.51,245.17,229.24,314.19,423.97,614.2,570.18
197.3,128.69,60.66,31.07,86.59,251.71,237.63,322.24,423.86,615.05,569.9,579.42
190.66,89.08,40.78,94.77,256.25,241.1,328.47,435.06,628.02,581.99,598.63,628.34
129.32,61.91,102.31,260.08,243.12,331.23,435.36,632.38,582.27,608.85,639.02,451.5
46.49,96.56,262.24,247.17,332.31,431.73,619.77,568.11,604.02,641.25,451.63,321.54
87.84,254.95,245.59,336.31,436.57,622.85,566.08,604.09,641.24,454.3,323.36,358.49
225.28,230.37,335.4,439.96,624.84,565.55,598.62,644.61,460.43,325.96,354.61,362.61
199.79,323.86,437.83,618.61,562.33,598.84,638.47,460.46,314.18,349.35,344.63,403.5
384.78,475.22,632.57,561.84,591.77,633.27,460.26,331.11,357.32,354.95,410.95,450.43
573.72,689.88,578.9,589.26,628.14,463.81,338.59,379.58,344.97,424.7,456.74,486.17
718.11,603.51,599.53,622.03,452.84,331.03,376.01,350.68,414.91,459.23,480.49,474.94
565.42,572.57,613.92,457.13,340.49,382.29,351.51,414.04,466.81,478.29,472.84,466.53
435.92,546.39,439.19,332.61,374.41,339.56,395.94,446.98,474.77,452.02,432.89,373.73
615.87,474.64,342.09,376.27,338.78,397.39,449.36,482.26,455.51,445.74,391.24,289.35
415.76,297.66,364.37,351.66,415.14,458.77,484.79,457.74,468.49,388.52,291.54,239.12
233.75,324.12,340.02,417.52,466.01,489.41,455.4,463.78,398.68,288.08,233.25,200.62
424.22,397.45,437.02,466.9,484.07,454.71,467.97,418.39,290.59,249.98,214.94,95.8
412.6,448.05,471.46,480.57,452.5,468.29,419.26,296.96,245.41,217.04,93.53,38.08
381.97,441.4,474.52,448.55,463.68,412.36,284.68,232.95,210.17,84.61,20.22,79.6
507.06,507.02,458.62,468.92,415.63,287.71,235.92,220.41,84.51,32.87,93.19,239.09
515.95,461.93,471.4,418.43,289.87,234.53,216.85,89.89,39.48,98.85,244.56,307.87
410.96,448.59,413.84,285.04,233.42,217.6,83.61,35.01,87.58,235.41,287.83,502.67
520.06,448.03,290.84,228.11,214.45,89.82,47.75,112.31,247.7,299.63,514.65,620.84
501.87,324.27,245.82,216.43,84.21,44.24,121.74,309.98,331.08,527.68,612.11,622.13
417.15,298.77,227.41,76.3,35.61,118.07,329.58,352.47,524.83,609.01,627.93,473.83
288.1,218.58,68.41,28.8,119.28,336.92,359.38,527.85,605.6,624.81,468.88,491.0
225.67,74.14,34.03,122.62,335.79,357.17,521.13,605.3,624.38,474.55,492.99,426.56
-1.13,-4.85,113.21,334.57,356.97,517.15,595.37,613.51,474.72,482.69,411.77,350.65
20.95,125.29,337.94,358.85,518.28,595.9,613.68,477.05,488.33,417.66,359.09,419.68
147.59,346.73,361.0,520.97,600.71,620.0,484.49,503.0,422.47,363.39,422.46,474.55
295.87,339.08,517.98,598.22,615.66,478.46,493.33,416.67,363.37,417.25,460.08,399.32
270.29,483.0,587.28,609.36,476.75,491.29,411.79,355.32,410.37,445.7,378.94,464.49
475.78,589.45,610.96,470.73,481.92,403.46,349.77,413.55,445.71,377.13,457.57,460.41
666.99,647.13,479.25,486.22,408.1,358.32,424.37,461.55,380.8,470.94,477.3,544.89
629.24,468.95,485.15,410.16,359.09,422.37,458.43,379.12,477.54,477.55,544.37,489.78
561.28,526.8,422.85,370.93,435.34,471.41,391.68,493.77,486.07,561.76,516.72,568.71
505.05,421.58,371.8,424.83,457.76,382.52,485.64,483.79,549.04,510.11,549.66,546.22
424.31,370.63,424.46,460.54,384.93,486.83,481.87,547.0,515.46,552.47,550.71,366.9
393.1,436.54,464.13,386.45,487.18,482.0,548.05,518.6,554.87,552.82,370.87,271.08
392.75,445.56,383.59,484.1,478.95,545.38,509.63,547.27,544.67,367.39,257.41,146.82
509.93,416.18,494.62,483.06,546.49,512.76,552.4,557.13,370.5,271.6,163.48,62.62
381.16,473.0,479.39,549.69,520.05,556.61,554.17,367.57,274.88,162.33,59.54,46.52
463.6,481.54,551.56,512.97,546.16,545.89,361.56,275.16,155.14,57.53,36.0,86.93
621.82,622.82,534.93,555.8,552.11,369.01,285.29,175.43,59.7,59.95,117.12,252.69
950.51,707.02,606.42,565.44,372.64,297.03,199.0,104.78,63.27,170.14,323.39,345.12
602.55,554.0,552.79,368.03,299.47,200.71,96.43,50.78,156.85,304.82,313.51,520.45
475.9,512.65,353.11,286.79,192.36,92.57,43.5,148.0,306.11,300.79,500.18,616.79
539.48,376.39,298.62,183.76,76.81,32.35,154.99,363.49,327.39,503.8,596.66,683.7
408.86,308.64,180.25,75.01,35.29,157.04,386.23,343.88,520.39,587.83,690.84,602.23
266.13,152.76,62.66,30.92,161.76,394.47,348.6,517.88,586.45,684.78,594.04,543.83
222.11,97.46,44.38,171.1,398.45,350.92,518.9,593.93,689.93,609.56,564.46,493.81
44.95,22.06,166.89,394.09,345.95,512.83,586.23,686.27,602.85,554.91,476.58,426.7
50.07,183.92,396.59,340.79,507.54,583.86,686.74,603.59,551.54,478.37,429.16,465.03
220.21,414.08,344.69,508.6,586.4,691.31,611.18,564.42,483.48,431.94,467.63,509.77
364.54,322.38,503.33,582.61,686.33,605.35,558.81,479.68,434.36,459.79,495.9,475.81
274.03,479.24,575.45,682.58,606.68,560.81,476.42,426.13,449.16,484.01,459.94,616.49
529.58,607.83,689.74,597.6,548.25,470.17,430.92,461.72,485.5,462.68,619.32,781.58
581.76,673.02,591.33,547.97,472.43,434.03,462.85,485.83,467.3,616.85,774.75,723.05
705.75,615.6,557.79,471.73,426.55,454.5,479.57,459.43,610.15,779.49,729.12,533.39
596.08,540.21,467.47,436.26,468.54,487.88,461.62,604.48,782.11,729.34,540.32,557.26
551.21,471.18,436.92,471.49,489.33,463.66,604.57,784.31,727.95,546.7,563.84,502.92
429.81,417.44,467.47,487.87,461.81,601.44,773.76,718.26,541.87,559.81,492.39,316.44
439.56,480.61,491.69,462.04,599.02,771.66,718.73,545.29,563.44,493.54,319.27,295.28
473.79,490.93,462.68,595.47,769.32,719.48,546.2,569.62,490.14,319.3,287.46,191.73
469.79,448.14,592.06,772.27,723.72,548.67,570.91,490.08,325.21,285.98,191.44,121.87
507.25,620.19,779.78,725.62,552.15,576.55,497.59,333.77,289.09,201.59,137.28,95.52
546.21,749.59,718.36,542.54,565.23,485.81,321.37,275.59,188.7,123.27,70.52,115.72
733.42,712.84,541.95,563.64,483.19,316.94,267.86,177.72,111.81,68.05,109.82,297.43
660.11,496.88,548.47,495.15,334.52,273.82,179.78,107.36,95.43,109.73,311.43,335.88
503.51,539.13,492.19,346.85,292.92,195.03,115.82,99.46,122.5,317.33,350.59,482.89
595.44,523.12,352.63,285.46,188.48,118.43,107.51,137.63,318.67,357.14,488.78,631.89
571.83,385.71,301.4,185.78,108.52,102.04,145.88,375.33,379.56,498.51,619.09,639.87
379.91,295.6,177.33,100.26,98.67,142.09,394.98,391.04,508.17,599.55,632.61,592.23
325.76,191.54,98.52,91.76,141.22,402.52,399.46,513.12,594.62,635.8,595.33,496.62
153.57,76.63,87.65,145.85,405.79,397.56,508.76,586.84,639.42,590.28,493.8,479.53
42.52,71.29,140.63,402.7,395.35,506.21,581.69,630.15,586.37,487.66,472.66,451.32
80.98,146.64,404.54,395.32,504.9,579.98,629.66,587.93,487.89,474.32,452.85,432.94
129.98,392.54,389.55,504.61,583.46,633.29,591.39,487.67,476.09,449.07,430.8,510.02
341.88,366.04,500.39,582.77,630.69,585.71,481.14,469.89,452.67,423.89,498.21,464.78
264.7,445.69,563.13,621.84,584.96,480.24,467.33,440.7,416.7,477.52,439.74,478.12
504.5,596.37,633.4,588.45,478.38,464.9,440.84,422.85,483.11,449.36,492.92,511.28
643.66,657.39,590.85,474.3,462.15,444.8,433.25,494.04,443.72,496.63,515.54,591.79
765.75,647.17,492.71,470.51,448.18,437.28,500.94,454.24,502.22,535.29,619.99,564.79
633.85,485.62,468.82,449.02,440.63,503.93,456.06,500.29,530.65,616.28,560.95,584.76
539.45,495.78,456.3,444.06,504.48,457.79,502.62,531.92,617.95,571.01,600.25,510.49
466.19,442.51,439.92,502.31,455.73,499.37,527.61,609.38,567.25,593.21,502.73,381.96
423.43,431.1,499.01,454.36,497.86,525.83,605.19,559.55,589.49,499.1,377.73,240.09
479.13,522.67,462.25,502.82,529.67,609.71,563.69,595.09,500.41,388.92,254.26,160.86
481.6,442.97,498.62,526.91,606.81,560.6,589.93,494.73,384.59,249.3,150.63,68.28
448.54,496.24,526.82,611.46,568.65,595.93,499.22,386.87,255.32,154.16,77.19,67.01
515.84,541.65,615.38,563.11,588.31,494.29,386.39,258.3,148.82,78.38,64.96,72.66
546.35,615.49,564.34,593.84,499.93,387.65,258.23,146.8,78.11,65.08,75.0,267.47
676.08,597.35,600.57,496.34,383.29,255.9,150.33,84.4,62.49,81.94,279.69,346.72
635.95,616.67,501.27,388.57,265.19,160.88,92.98,70.88,82.74,284.5,354.92,549.67
492.11,434.65,363.74,249.56,152.96,89.05,67.57,72.93,287.9,332.0,519.71,688.73
449.82,374.3,257.94,153.3,84.07,62.74,80.44,335.7,363.81,524.46,677.55,710.93
410.89,275.39,149.35,73.14,55.86,76.37,361.73,382.32,533.19,661.65,710.15,648.37
256.96,131.31,62.47,56.05,85.49,373.59,390.04,530.07,664.11,709.47,651.86,528.06
212.09,106.15,70.88,92.46,374.51,390.82,532.24,666.51,704.73,664.72,548.59,479.78
56.97,48.24,86.01,370.23,387.37,528.01,660.48,694.77,658.3,538.66,466.99,464.53
78.11,103.45,374.49,386.89,525.48,659.18,695.52,660.18,536.29,471.6,470.66,427.11
84.42,363.55,381.68,523.49,660.95,697.82,662.37,533.5,468.97,463.84,420.63,475.44
348.25,376.11,522.55,659.92,694.51,658.05,532.59,467.19,469.02,417.11,471.47,505.29
292.72,481.24,645.48,684.88,654.88,531.31,463.84,459.11,402.54,453.23,479.35,482.26
525.92,674.41,694.65,654.07,525.16,458.29,456.89,401.75,451.1,483.99,491.14,558.86
607.92,657.25,638.13,517.34,455.18,455.89,404.35,446.36,482.12,477.28,541.65,627.92
688.89,650.78,522.05,463.29,461.61,406.2,448.44,480.85,486.16,550.96,646.0,467.58
783.0,588.89,482.47,470.72,414.09,458.57,495.3,499.84,548.82,665.44,500.03,517.85
544.01,453.3,461.47,418.22,464.22,497.45,498.36,539.76,669.48,495.76,516.55,467.55
516.07,493.8,426.47,467.0,498.67,501.47,543.81,672.1,493.23,525.6,483.14,347.55
550.5,461.63,476.6,495.54,495.17,541.48,674.23,497.32,519.95,486.78,352.37,292.05
589.29,539.83,513.38,503.62,547.71,684.27,511.2,536.04,491.61,375.63,325.03,193.56
524.58,507.74,503.29,546.49,683.32,510.18,534.23,484.64,369.25,321.06,188.84,123.77
658.07,581.66,569.6,689.2,513.63,542.49,496.37,383.4,318.75,213.52,159.11,94.12
521.36,541.34,681.59,508.46,537.35,489.38,376.81,309.06,206.64,148.65,78.49,86.4
638.23,733.61,524.58,543.55,492.21,379.52,310.44,205.2,139.03,93.27,108.26,306.8
717.53,517.63,539.68,486.01,374.2,303.8,203.98,139.32,92.72,102.61,300.97,368.01
439.26,487.82,470.35,380.82,319.65,214.21,140.0,83.17,111.06,291.48,362.05,480.49
471.53,465.14,375.01,305.74,203.42,136.82,86.59,115.62,289.52,352.44,467.57,667.45
485.9,391.68,312.54,194.49,124.23,79.76,128.72,345.88,378.79,467.69,647.68,776.39
394.79,312.94,187.11,114.08,74.35,124.44,368.64,394.21,476.97,626.65,766.93,688.17
358.45,209.73,112.24,64.62,121.19,375.38,407.04,480.35,619.68,767.61,693.95,614.47
270.13,139.97,74.04,131.87,382.59,411.11,486.85,622.4,774.03,702.5,635.39,623.74
114.23,62.89,125.25,375.66,406.26,484.39,622.68,765.37,693.88,625.83,616.25,612.32
44.52,117.34,373.48,406.17,483.54,619.84,759.39,681.02,622.5,612.55,609.61,548.57
175.26,402.38,409.75,482.23,619.41,762.89,692.2,627.84,611.61,613.23,561.34,641.93
358.91,392.16,480.58,619.85,761.04,687.62,619.84,600.35,610.08,555.62,631.38,570.4
270.98,418.91,598.67,750.33,684.01,616.18,593.99,588.69,538.68,606.37,540.0,583.84
581.71,685.08,776.24,692.09,616.27,596.64,597.82,555.54,612.56,567.4,624.39,559.88
1028.26,959.29,742.42,624.62,595.43,612.25,587.62,659.45,556.34,674.37,625.27,607.38
889.08,715.42,621.24,590.43,605.42,578.66,644.35,533.18,654.23,613.0,585.53,489.67
553.79,528.65,562.09,606.75,588.29,644.7,524.77,625.06,615.41,560.3,467.32,519.42
471.5,531.62,594.32,581.0,638.72,518.71,621.93,607.85,562.47,456.17,507.48,461.81
469.07,559.44,569.05,637.22,519.76,619.95,604.76,549.53,458.4,494.87,452.15,421.77
465.82,518.95,619.58,513.32,617.74,601.08,545.89,443.49,493.61,433.25,401.34,352.22
574.16,637.57,517.58,629.78,614.55,556.79,456.88,503.69,450.95,415.11,379.32,262.38
613.87,507.13,627.06,611.91,553.59,453.52,503.17,446.98,410.25,374.25,256.83,114.23
583.04,655.83,617.0,562.95,467.18,515.43,462.08,413.49,383.5,268.81,146.48,130.21
775.06,681.98,579.1,465.82,510.32,462.65,424.41,395.85,264.85,160.88,151.55,143.23
540.48,501.82,444.93,513.2,469.64,421.03,381.61,234.7,156.32,129.3,118.58,276.69
532.03,458.52,513.69,469.21,421.03,380.37,235.78,149.97,128.99,121.13,291.31,455.02
681.52,623.5,497.23,430.34,391.25,256.44,182.73,168.14,129.83,322.52,503.94,816.88
709.22,546.05,441.77,384.08,249.08,187.25,178.69,145.76,319.9,515.28,826.12,809.39
472.96,417.24,385.53,241.3,172.27,161.45,135.98,339.26,523.43,812.41,770.37,673.94
369.93,360.23,270.25,238.03,209.69,177.54,232.76,429.57,749.71,860.66,709.04,571.58
410.49,320.81,283.5,237.57,161.71,182.88,379.71,725.98,852.93,725.45,591.82,513.02
283.38,253.26,215.38,149.05,187.22,390.43,733.51,856.49,732.24,595.03,511.04,515.08
352.64,262.17,162.17,194.01,397.83,744.26,871.37,754.88,598.82,527.25,535.61,547.27
242.09,153.23,190.05,387.44,739.63,875.6,764.51,617.29,527.88,525.93,523.43,562.26
116.42,175.89,389.39,738.51,870.7,756.24,610.57,523.68,528.73,515.81,553.41,683.44
176.72,375.13,723.77,866.96,768.72,628.12,541.21,531.55,514.77,541.39,685.44,712.14
369.02,741.52,881.7,757.57,594.72,500.22,500.43,496.75,539.13,682.72,694.79,602.15
619.11,808.95,716.05,565.86,492.2,511.71,515.83,535.24,666.1,666.35,564.81,740.04
714.76,656.15,565.18,529.79,542.79,517.52,522.41,645.16,715.75,570.33,763.12,725.38
648.92,538.05,516.87,562.19,551.6,552.55,660.79,714.51,578.03,763.25,743.0,748.18
622.55,571.56,578.26,541.76,522.22,635.65,701.39,584.24,770.15,758.16,757.42,678.69
734.65,664.86,562.56,520.22,638.7,714.81,608.74,801.85,756.92,776.98,708.42,607.73
656.88,565.92,529.48,645.37,720.42,610.34,797.58,751.13,764.55,710.19,600.76,475.11
696.31,599.0,665.03,717.66,606.8,805.51,762.01,781.63,697.35,627.54,501.6,344.21
691.97,729.45,740.97,605.72,791.11,746.65,768.71,692.45,607.51,504.45,351.27,290.84
776.23,768.67,609.98,789.03,746.58,772.12,691.41,604.11,486.68,354.41,293.8,242.27
769.64,611.65,790.98,749.66,772.51,687.57,599.08,485.07,344.69,292.51,230.32,179.91
458.6,696.55,718.88,777.97,705.44,609.58,476.03,318.04,297.04,207.4,160.82,233.64
759.1,760.36,784.18,685.61,587.63,473.65,335.92,330.5,228.86,171.75,249.46,587.09
595.4,691.99,667.2,602.01,497.15,361.34,336.95,216.38,165.19,221.37,539.56,413.81
752.0,709.39,606.67,475.99,316.14,297.91,204.25,172.01,246.57,560.76,431.05,456.71
562.28,533.51,486.31,371.46,332.32,185.49,128.84,187.57,555.65,417.77,452.94,533.49
615.88,490.48,340.2,354.94,233.38,172.66,196.79,379.51,317.52,470.77,661.84,789.58
494.49,345.83,347.96,213.06,157.35,188.16,402.79,343.23,477.99,636.95,767.37,793.82
265.89,301.24,194.39,149.65,190.94,408.82,343.2,469.47,640.58,753.53,774.91,713.47
273.57,184.96,147.71,185.38,399.9,334.28,463.65,634.85,750.65,766.15,702.13,762.63
150.84,124.75,178.62,403.67,340.14,466.58,631.07,743.93,774.73,701.65,764.28,692.68
80.15,151.68,397.23,345.0,471.6,630.72,737.88,765.61,708.15,762.31,691.46,669.46
131.51,384.14,341.22,473.79,634.99,740.99,762.06,703.11,763.81,692.34,668.67,657.97
348.54,324.96,475.01,640.78,742.17,757.9,694.23,763.14,699.04,670.18,652.47,527.36
213.95,418.98,623.82,733.53,755.88,692.2,752.46,684.66,655.19,634.8,497.73,501.92
489.25,666.99,751.08,759.76,688.09,748.76,680.1,666.35,635.91,511.85,513.3,525.25
625.31,734.9,752.04,674.06,736.71,675.57,665.12,642.6,499.46,503.66,499.52,577.96
793.42,785.92,689.76,744.13,676.58,664.79,638.67,505.91,507.08,514.78,591.64,513.29
743.17,667.01,737.03,672.87,665.17,639.69,507.47,508.96,511.6,583.07,499.89,593.22
707.78,748.47,676.26,676.41,650.51,515.76,514.09,518.72,601.54,514.18,615.17,553.28
682.9,644.51,668.7,647.06,511.97,508.09,508.23,590.49,509.86,605.37,536.29,333.95
598.8,637.39,637.87,518.37,516.37,510.41,584.82,497.05,615.16,533.94,336.86,229.79
583.29,600.74,508.93,524.02,521.27,590.12,495.44,611.76,546.73,337.21,230.99,175.07
549.38,474.93,515.39,526.21,597.38,498.83,607.65,542.72,347.64,232.0,174.98,48.37
532.14,534.75,534.8,612.28,515.38,619.61,550.01,358.34,250.63,192.39,76.28,70.63
472.42,506.5,605.55,508.34,612.39,542.55,349.29,246.34,187.8,67.89,50.77,74.59
537.59,618.82,515.33,621.31,550.55,352.96,245.92,192.49,70.84,59.04,83.72,282.42
728.47,575.23,637.3,547.98,347.24,244.44,197.89,90.0,59.31,100.76,301.67,333.19
558.31,622.95,546.35,354.27,256.6,207.57,91.58,62.96,105.42,301.48,330.93,496.96
626.7,553.34,352.39,240.89,193.88,88.54,64.19,113.63,297.5,327.88,485.86,663.54
543.3,350.33,247.97,194.17,83.87,59.15,117.73,350.09,361.33,489.24,643.14,693.73
440.85,288.91,197.7,79.91,58.56,120.14,380.63,390.4,507.44,640.71,710.49,670.57
296.41,199.05,77.26,55.47,123.79,389.87,395.43,510.93,639.11,712.6,669.51,581.68
192.08,77.18,58.35,124.32,386.07,390.22,504.1,634.15,708.41,668.93,578.63,536.6
32.01,35.85,119.51,385.34,389.96,501.49,626.15,701.38,668.46,573.54,527.73,472.41
42.2,125.57,387.83,388.69,498.31,623.19,697.58,669.29,570.94,529.86,471.33,455.82
128.89,388.02,387.5,497.58,625.26,701.31,672.48,576.89,531.37,471.45,453.91,543.48
342.12,367.61,495.56,624.57,697.84,666.67,568.95,529.69,476.13,449.3,530.08,490.91
284.98,455.21,611.67,688.11,662.59,566.46,524.03,468.8,437.29,513.15,463.78,505.11
502.4,639.53,698.02,663.58,562.76,520.71,468.41,445.39,519.08,471.08,514.73,603.77
671.03,715.03,665.01,557.1,516.27,470.99,452.76,531.83,466.75,517.5,601.21,642.13
669.45,641.89,553.42,518.0,471.08,448.12,523.51,456.76,522.2,597.23,636.16,556.29
684.55,574.3,524.95,476.15,453.41,528.98,460.51,526.74,595.91,644.33,567.76,565.05
611.27,539.31,479.94,459.31,533.77,465.04,531.72,603.3,652.22,577.38,579.54,555.28
470.29,443.12,450.18,534.28,466.92,530.21,593.02,638.83,576.68,571.84,542.6,391.65
424.77,440.83,531.61,466.59,528.89,590.38,634.75,573.06,574.06,539.78,387.98,263.14
422.8,521.29,465.27,530.55,592.79,636.11,570.43,573.62,542.26,389.84,261.25,160.19
553.51,483.18,537.48,594.54,635.53,571.55,575.06,549.54,389.0,269.32,166.88,85.68
481.41,530.68,593.88,640.59,580.74,582.25,551.85,391.42,275.52,171.45,92.3,56.7
480.29,571.43,636.02,576.48,576.28,544.31,382.39,269.42,168.64,85.63,42.02,82.14
658.41,683.29,591.51,579.93,544.56,383.78,272.52,179.15,80.48,56.0,97.2,268.04
707.79,600.71,582.32,547.66,387.61,273.37,180.39,85.65,63.04,103.04,278.45,348.29
591.1,570.45,543.84,391.9,283.71,190.22,90.54,66.06,107.92,278.5,349.65,522.98
532.28,522.4,383.2,275.99,186.37,90.96,65.53,110.69,284.87,344.0,512.4,599.45
550.4,406.11,288.65,181.37,78.87,57.14,116.62,337.6,367.06,517.74,582.59,687.47
473.83,318.22,182.55,75.15,57.38,118.77,365.29,391.97,533.51,577.27,698.84,642.51
303.45,168.49,66.57,55.32,124.94,375.45,398.58,534.97,579.42,698.46,641.74,515.54
221.76,95.55,67.19,131.86,376.58,397.82,532.85,579.74,698.76,652.16,530.65,481.24
31.42,36.76,124.23,372.68,394.82,528.23,571.39,689.67,646.19,519.63,464.41,429.8
76.46,145.83,377.73,393.77,526.15,571.42,691.73,651.64,519.25,470.95,437.51,463.65
131.45,369.47,391.01,525.68,573.33,694.06,652.18,521.46,472.25,434.35,457.2,506.84
324.76,372.03,522.31,570.2,688.57,645.21,514.85,468.06,436.69,450.55,493.73,472.37
268.21,469.18,553.28,679.75,643.57,513.05,462.63,425.16,440.94,472.72,443.49,553.99
515.15,581.18,688.68,642.29,507.11,458.5,425.18,449.21,475.92,450.48,561.9,570.29
503.29,643.06,625.4,502.9,459.84,426.13,450.09,471.22,453.63,548.31,553.06,626.84
747.65,684.66,522.22,463.23,422.27,448.4,473.18,461.24,547.62,571.11,649.28,529.12
806.37,583.1,481.41,431.41,456.97,484.43,476.25,567.79,571.04,668.77,557.13,566.93
541.42,454.83,424.34,461.84,490.35,478.76,563.39,561.15,672.74,555.15,565.99,539.69
467.45,432.15,464.13,490.07,476.91,562.11,558.56,670.53,553.38,567.68,541.45,384.22
441.15,471.98,491.7,473.81,557.74,555.61,669.22,553.65,566.47,539.81,381.64,295.89
541.14,530.0,486.92,561.38,556.43,673.08,556.53,573.99,536.64,396.13,310.0,195.54
473.13,456.35,553.52,555.33,673.67,555.4,569.61,528.95,394.68,303.12,185.06,99.87
547.05,596.55,569.75,682.96,564.5,578.86,536.53,405.88,309.44,204.55,127.5,88.93
478.73,517.11,669.44,551.72,565.68,522.4,390.51,295.02,190.97,107.35,52.68,66.17
552.52,683.6,556.66,573.73,530.18,394.19,294.94,188.52,108.7,60.85,80.07,259.65
707.17,567.25,574.8,528.32,392.82,292.39,192.15,118.05,67.52,82.63,265.59,342.67
478.71,520.95,513.48,397.04,304.95,200.31,115.26,59.36,86.43,254.67,328.67,442.5
615.94,563.05,406.83,298.31,194.14,119.56,72.9,107.43,259.2,339.68,458.22,673.13
509.25,385.05,296.78,185.1,108.08,63.8,111.38,306.5,365.8,449.28,636.61,762.24
423.77,312.41,181.71,101.91,61.47,110.23,331.73,384.42,464.35,624.69,766.67,670.99
329.2,187.58,97.59,55.25,110.97,339.08,392.74,465.24,622.15,766.67,673.32,551.36
244.95,123.42,65.24,123.51,347.2,396.89,468.25,623.02,772.45,685.15,574.12,533.56
124.42,68.51,123.73,344.08,394.02,467.42,621.62,769.07,676.33,573.07,532.27,507.36
80.97,132.1,348.41,396.72,467.61,620.43,763.27,671.16,570.45,536.98,511.09,449.27
119.98,341.43,392.12,464.29,619.42,763.62,674.36,571.43,536.65,506.25,444.84,533.07
297.85,373.12,462.4,620.15,762.34,669.97,563.2,529.56,508.15,440.38,522.71,462.19
290.95,422.14,605.77,751.32,665.04,560.37,526.88,499.77,426.34,503.42,435.25,499.98
440.67,616.29,755.65,667.12,559.25,524.16,497.38,428.0,510.46,439.85,507.66,518.75
674.69,790.71,674.73,553.44,516.82,497.62,435.16,522.34,427.93,512.03,519.41,578.21
779.65,672.77,553.6,512.93,491.93,429.46,518.93,422.94,509.62,517.03,574.31,551.16
713.64,564.71,516.27,505.52,445.87,531.51,433.3,516.46,529.05,584.5,572.86,541.14
488.04,473.58,491.21,442.57,530.65,429.98,512.07,516.64,586.13,559.95,527.69,495.83
550.13,528.94,452.93,536.83,433.79,516.51,521.24,589.83,563.88,540.11,517.41,409.04
494.01,437.71,530.93,427.78,511.21,517.35,587.99,560.65,534.51,507.65,395.32,301.3
423.12,517.71,424.58,517.6,525.81,593.47,559.92,526.7,514.55,398.64,308.85,241.86
499.9,418.31,516.55,522.24,588.28,555.57,524.72,513.27,395.68,305.58,235.16,122.58
481.19,541.28,529.19,597.55,567.86,535.73,523.22,402.93,314.59,249.42,148.57,81.38
467.54,497.63,590.54,560.95,527.49,513.33,391.18,300.73,237.7,135.51,58.72,93.98
500.41,589.24,559.85,530.34,516.81,391.85,299.63,233.04,132.44,59.9,97.41,243.61
689.11,611.24,544.84,520.97,393.23,300.84,239.72,147.12,64.68,113.41,268.14,336.06
416.77,443.48,491.55,383.52,301.17,236.82,134.4,41.14,103.2,234.38,288.06,495.44
482.33,503.8,380.83,298.28,238.23,141.73,54.24,116.88,251.02,293.92,509.64,647.7
591.16,434.41,318.62,234.35,130.23,49.07,132.7,317.07,320.18,521.49,640.84,703.43
397.07,297.66,221.74,120.76,44.88,127.61,332.87,323.5,525.72,616.21,688.6,590.25
269.91,200.99,106.93,38.19,130.38,340.43,331.87,520.35,614.7,681.48,587.74,543.98
284.17,148.05,51.62,139.93,344.85,335.16,525.15,620.99,686.67,603.03,568.92,488.89
84.56,18.64,130.24,343.33,335.12,522.41,615.56,673.79,599.22,558.09,478.25,434.78
45.96,143.26,346.5,338.35,524.93,617.08,672.83,592.84,556.99,483.83,446.05,419.04
138.51,341.12,334.55,525.11,620.16,676.26,599.59,561.86,486.76,442.48,417.73,513.16
312.68,323.15,523.64,619.28,673.21,595.41,556.34,481.39,443.06,415.59,507.08,426.88
226.03,475.21,604.01,665.24,593.33,553.38,474.96,426.17,401.0,485.58,399.59,462.1
514.59,629.05,671.02,588.15,544.41,468.71,427.6,405.55,486.7,402.72,468.39,527.7
600.57,653.06,581.32,544.88,471.72,430.82,408.14,487.48,401.57,464.14,520.83,495.48
729.5,623.25,556.81,473.12,427.97,406.85,491.47,403.4,461.7,532.14,515.0,459.24
662.8,568.71,476.16,439.08,421.59,503.44,415.52,469.66,541.75,522.07,477.22,564.55
473.76,428.5,423.45,413.35,496.8,408.78,461.74,527.48,515.76,460.75,541.12,460.79
487.04,452.0,420.96,501.65,411.75,464.17,530.3,514.71,464.51,549.41,478.89,343.16
497.85,444.02,505.58,412.05,463.77,531.92,522.94,471.15,551.65,481.47,352.5,290.51
567.85,567.56,430.1,472.46,539.2,534.16,483.64,565.48,482.19,375.76,322.29,208.28
528.32,414.8,470.06,535.14,528.76,478.25,558.36,470.85,365.74,314.69,195.64,99.59
334.46,421.8,520.51,529.64,484.96,559.84,467.32,350.69,319.96,185.44,93.01,46.03
617.6,627.23,559.63,487.64,555.02,469.92,365.35,343.85,181.43,121.91,85.38,112.02
601.72,549.66,487.32,555.53,470.72,363.44,337.13,171.57,108.08,79.87,100.33,251.85
579.66,495.62,555.25,476.04,369.78,339.28,175.59,107.66,89.86,107.12,271.72,337.49
487.14,553.93,476.88,367.0,340.11,178.55,107.92,91.4,96.68,266.46,326.55,471.59
529.62,466.76,358.14,324.14,166.48,104.86,96.07,101.26,264.64,316.31,457.72,665.27
482.44,368.93,330.86,163.67,98.47,91.93,112.46,316.25,347.12,460.45,650.95,701.71
385.6,337.62,157.69,89.41,87.11,108.33,339.17,360.11,468.94,631.81,697.08,586.85
334.48,154.16,81.3,78.22,106.92,344.99,369.16,468.49,625.53,692.27,584.22,554.46
128.06,63.99,74.48,113.63,350.92,370.09,466.03,615.09,693.7,580.85,557.48,527.53
85.01,85.58,113.0,346.47,366.7,465.53,620.94,693.79,579.71,555.53,531.89,572.74
161.62,153.62,357.78,370.15,465.6,622.32,698.41,585.27,557.9,543.7,590.44,491.97
98.8,330.49,361.29,463.03,622.78,697.62,582.31,544.77,533.15,577.23,477.63,467.44
317.13,354.09,459.92,622.67,697.08,580.18,545.85,526.28,581.77,473.87,469.44,584.8
195.19,377.86,596.32,685.86,577.45,542.24,517.54,563.57,461.3,440.42,543.5,508.92
352.41,588.75,683.45,571.64,533.03,507.15,555.76,448.96,437.6,536.29,503.82,528.48
460.42,618.16,549.83,522.64,501.04,548.88,441.32,419.03,527.79,478.59,494.58,585.94
647.93,560.18,523.45,505.28,552.39,443.52,428.28,534.48,487.57,501.37,602.44,479.13
