588.45,463.91,241.87,114.37,54.85,75.68,187.35,462.5,734.0,850.91,846.34,798.6
583.56,403.38,197.47,94.91,54.49,94.42,281.99,602.13,802.09,880.35,850.16,766.28
553.8,322.04,157.8,82.24,71.24,147.16,397.76,662.65,831.15,891.11,848.27,759.07
403.31,190.58,122.23,113.05,179.9,311.56,512.25,688.99,807.24,857.74,808.4,737.05
175.56,71.51,74.97,214.42,530.37,800.91,916.8,901.54,831.11,730.62,637.57,595.97
110.6,84.67,191.09,534.72,823.0,949.45,916.66,810.03,681.4,590.03,583.39,583.52
188.38,222.78,536.86,838.84,959.15,928.28,852.03,745.74,644.94,608.45,602.33,601.15
244.19,320.9,669.11,936.51,969.67,947.94,907.88,831.3,747.92,692.66,686.53,682.47
608.6,830.56,921.65,913.92,863.0,759.66,655.39,595.73,593.55,625.36,687.58,764.37
653.0,831.27,850.17,793.78,674.87,573.36,509.12,495.76,510.41,549.58,612.84,699.56
650.68,798.74,737.55,625.52,527.29,484.21,484.4,486.28,495.79,523.32,583.45,688.67
627.88,652.52,566.79,489.97,446.54,466.45,476.87,480.48,491.18,506.0,536.37,612.38
645.12,720.97,605.54,491.91,430.36,437.6,460.43,487.42,503.43,525.9,585.85,705.05
543.78,475.8,457.98,466.86,480.3,505.45,563.04,685.88,811.47,857.98,857.39,853.65
566.15,493.45,463.07,462.74,480.51,508.07,563.17,686.53,825.0,861.94,859.56,854.68
600.32,552.51,462.46,432.12,452.67,479.15,515.87,584.02,720.4,860.34,871.82,863.5
570.82,526.74,512.68,529.18,554.67,602.87,670.44,734.87,746.74,600.83,418.9,367.87
588.32,570.98,550.33,554.76,576.09,621.18,674.05,684.5,580.61,388.23,270.43,249.56
608.82,661.7,649.43,622.07,607.51,600.01,564.57,499.44,404.77,287.53,185.92,129.2
590.77,644.76,654.13,645.79,626.28,596.61,541.56,476.68,398.26,296.62,195.08,120.5
603.16,662.49,651.73,621.97,589.96,544.15,488.47,443.83,374.09,272.18,171.05,105.25
584.64,557.22,498.2,454.77,392.97,288.65,193.62,124.68,101.43,154.08,308.72,540.38
560.8,428.32,276.37,160.04,91.74,73.91,152.55,350.15,608.65,811.94,848.95,831.79
596.55,521.64,300.99,154.05,83.81,58.46,113.63,330.56,659.43,863.43,872.15,848.13
437.91,257.52,193.33,133.51,103.06,142.97,229.21,318.68,423.95,585.72,758.85,871.78
402.57,193.88,122.93,111.46,166.85,246.82,332.78,430.21,566.43,686.46,805.86,825.74
418.52,201.59,123.94,105.4,151.85,264.93,468.22,685.39,849.41,904.24,853.84,762.6
420.29,201.67,124.52,106.14,157.14,309.14,580.61,771.52,888.6,889.61,806.23,728.88
393.28,185.72,121.93,118.98,201.14,364.62,587.11,726.85,807.48,813.12,757.92,705.21
216.02,90.91,77.08,175.51,463.09,741.41,883.75,923.98,877.83,781.51,698.09,659.17
104.99,68.15,160.57,464.92,773.23,935.35,928.92,836.89,702.83,600.05,585.79,585.72
89.63,190.19,515.76,874.32,934.81,901.29,819.02,672.13,565.6,560.3,560.75,560.81
200.59,535.54,827.64,922.35,886.33,753.1,609.21,569.26,569.09,569.19,569.2,569.2
535.71,827.9,893.26,859.19,746.63,607.61,553.67,558.91,562.84,564.38,567.06,576.05
580.32,851.43,904.94,874.45,811.19,709.41,607.94,564.11,565.72,579.66,600.88,619.17
600.08,857.59,918.75,908.29,870.82,807.26,726.04,662.87,665.72,726.52,793.75,806.87
662.08,830.2,832.66,769.26,682.98,618.17,598.43,624.43,688.87,750.88,791.13,783.9
650.44,800.49,802.41,742.19,665.4,621.22,625.96,668.82,730.79,782.03,789.88,770.91
640.44,755.12,735.18,687.25,625.04,616.44,661.79,734.83,784.83,793.31,772.92,739.11
642.19,741.38,703.28,635.74,598.26,614.99,687.34,769.43,805.87,788.0,746.59,660.96
633.3,721.99,688.94,644.06,641.76,668.25,738.88,803.59,807.36,765.33,676.59,519.36
620.55,699.62,691.38,681.35,690.68,707.56,752.01,779.42,730.27,617.39,452.82,394.22
610.62,689.01,692.24,693.52,715.12,738.72,772.87,781.39,690.89,519.17,344.1,289.7
635.15,745.18,699.08,642.99,611.3,576.95,510.94,453.61,375.81,253.12,133.49,82.47
622.53,710.28,685.1,637.62,592.59,545.62,483.5,427.19,347.98,239.62,147.29,112.85
635.64,759.64,744.71,665.53,577.05,479.56,400.61,315.96,217.53,116.45,75.08,119.37
613.28,723.15,702.73,621.8,515.81,407.99,305.82,200.89,114.71,91.78,187.41,440.68
599.23,652.08,578.06,466.01,347.14,234.98,139.4,86.16,121.92,307.03,595.16,832.65
435.34,402.21,426.16,417.29,324.68,210.9,128.24,84.71,92.9,160.94,321.95,525.62
461.55,334.57,283.79,246.59,178.09,116.58,93.39,103.39,172.74,334.44,572.81,811.26
442.73,270.27,208.43,151.93,110.83,135.75,216.7,311.0,444.66,650.69,827.96,875.45
438.91,256.24,187.17,131.79,112.48,156.57,221.31,295.93,403.66,581.13,770.22,873.91
354.6,190.9,127.6,120.48,178.42,245.2,320.55,414.14,571.93,728.59,846.41,828.36
101.44,75.1,138.35,421.36,744.93,917.49,903.58,807.18,678.33,579.29,569.92,570.08
63.54,155.89,434.6,781.83,917.9,872.83,736.55,593.78,556.76,556.84,556.95,556.96
274.01,578.08,860.07,912.42,871.06,755.08,621.96,584.1,582.58,582.36,582.31,582.31
366.06,786.23,928.67,899.36,783.22,654.61,600.34,598.33,598.37,598.39,598.4,598.42
591.44,862.14,905.51,872.54,779.11,657.24,570.88,568.38,575.23,580.83,587.52,597.39
636.65,867.09,899.17,854.82,767.13,677.25,599.95,557.48,556.44,569.64,595.82,645.05
663.81,836.13,835.02,759.29,660.34,592.29,558.73,564.51,622.91,707.11,782.79,828.48
654.09,809.98,807.2,734.03,647.99,602.94,604.7,651.29,719.49,773.07,793.09,784.75
646.68,766.39,746.84,693.44,622.5,606.02,646.12,731.07,793.9,800.27,774.51,740.38
636.18,738.04,711.83,669.57,630.28,638.5,711.14,792.43,821.62,795.98,741.92,626.95
612.39,641.15,616.39,625.39,665.36,737.76,814.7,826.46,813.63,782.2,706.56,553.04
615.06,650.38,624.15,623.79,661.6,730.91,806.14,816.88,798.42,754.32,667.45,525.49
604.82,685.56,687.32,690.81,714.17,741.81,779.13,784.26,690.66,521.83,365.62,332.59
572.09,622.56,658.15,701.3,767.05,815.81,785.52,596.49,338.92,164.28,84.63,63.8
578.53,630.49,652.82,675.15,709.12,728.95,668.01,463.75,256.24,123.28,71.1,86.84
623.08,756.02,746.46,678.96,610.97,505.28,411.05,319.07,209.86,116.23,82.62,136.0
632.68,769.59,724.5,596.8,443.68,310.0,195.92,106.38,78.04,175.01,464.13,747.78
634.7,745.25,695.69,573.79,383.85,215.05,115.55,64.99,91.83,207.74,476.45,772.96
630.88,694.88,532.72,319.41,160.88,79.98,56.54,124.72,371.42,688.17,846.51,864.5
626.47,674.27,492.84,285.99,148.24,72.88,64.13,159.6,467.15,805.91,855.33,836.87
541.88,405.19,261.89,149.93,85.54,84.34,179.48,345.9,566.23,779.1,850.82,849.77
482.46,277.4,156.06,86.19,72.95,126.28,213.99,346.49,568.55,792.48,878.34,866.34
290.62,153.46,93.85,96.07,180.3,379.3,633.58,775.1,846.14,803.6,728.49,689.75
119.76,74.43,150.88,429.32,732.52,902.6,932.52,842.03,704.68,596.99,584.49,584.67
130.52,119.3,313.52,656.49,907.94,962.89,917.35,804.11,677.36,591.96,584.98,585.11
186.34,246.77,599.6,890.22,965.6,926.13,828.73,706.09,608.86,592.33,591.16,591.28
260.54,569.49,855.69,935.82,907.44,793.64,660.35,592.66,587.51,586.75,586.59,586.55
622.98,858.6,896.38,846.39,738.63,634.09,557.28,547.78,553.54,568.05,591.56,636.94
661.82,845.25,843.19,772.23,662.94,574.08,523.34,521.23,533.26,561.17,615.96,717.96
669.01,830.69,794.38,690.94,576.58,506.8,491.15,496.42,515.05,564.53,655.06,784.59
640.29,725.7,676.86,595.21,525.95,507.58,521.48,548.79,602.32,688.31,799.11,858.82
622.16,635.19,578.23,544.55,512.24,518.51,560.95,646.82,744.87,834.14,855.36,854.21
587.26,545.0,519.6,532.76,529.43,561.28,650.16,772.31,849.28,851.27,848.36,846.76
588.1,550.06,523.22,538.01,556.26,617.85,731.61,810.65,822.14,798.68,762.76,707.52
590.31,575.32,558.09,582.2,632.98,717.09,804.24,824.18,808.91,768.25,700.07,555.15
489.19,455.88,506.18,553.18,610.14,726.81,831.83,847.68,824.53,736.64,542.15,342.31
524.0,556.07,643.85,734.0,832.44,858.01,834.05,796.82,658.0,410.34,225.41,131.94
533.4,584.61,677.54,770.19,850.35,859.54,824.95,730.15,492.5,267.06,137.38,76.76
556.55,705.92,824.88,899.92,891.89,843.2,760.24,522.04,276.78,132.97,71.76,65.72
630.57,813.03,860.55,842.13,793.42,656.98,395.76,219.4,111.2,61.24,76.77,172.71
633.37,813.2,841.11,783.14,618.45,345.06,166.34,79.48,51.8,103.24,278.0,585.12
635.04,736.01,633.15,463.25,331.34,218.27,123.76,72.07,105.79,265.22,580.07,852.08
624.11,669.91,491.0,304.92,164.3,87.85,59.72,142.85,438.17,789.06,871.84,855.07
611.18,561.57,317.93,159.26,84.53,50.18,95.11,269.75,610.52,858.33,879.02,856.56
517.73,291.43,152.9,83.92,68.42,117.68,239.42,449.82,659.06,824.02,878.43,840.62
570.59,354.01,165.75,84.44,73.18,159.21,459.01,739.52,879.5,891.49,820.31,736.1
340.94,182.55,122.64,125.18,217.86,412.63,644.28,798.38,888.23,849.46,767.83,705.23
170.67,71.18,77.24,218.52,532.81,803.1,916.73,897.47,818.97,719.58,633.75,597.49
115.48,77.66,174.53,480.92,769.42,927.14,924.94,833.3,700.56,596.54,583.73,583.78
148.21,207.62,567.9,882.04,960.89,920.22,808.1,673.86,589.12,583.83,583.92,584.03
257.77,576.14,829.6,927.17,907.58,789.77,648.98,585.86,583.22,583.08,583.07,583.07
628.23,868.13,895.48,846.19,736.29,624.24,551.46,546.78,551.4,560.86,574.81,597.35
655.55,862.48,866.43,801.87,683.88,579.92,517.9,510.97,516.26,532.11,565.13,636.07
667.05,835.57,796.87,692.87,575.51,502.8,490.44,501.6,521.21,560.38,643.61,788.98
655.29,800.26,737.52,631.64,537.95,501.7,506.84,522.53,568.62,668.14,805.61,864.25
652.3,757.83,676.66,569.1,490.48,494.15,522.38,572.98,672.66,793.86,858.13,855.31
626.33,612.8,525.68,494.85,494.39,520.39,585.16,719.52,844.45,862.55,855.98,850.76
605.28,582.74,513.62,498.51,509.14,553.56,652.25,781.2,846.71,844.26,835.75,818.76
622.91,627.66,574.5,564.68,591.8,668.06,768.4,818.25,803.57,754.86,670.04,514.86
469.95,457.2,518.88,576.45,636.64,751.38,845.25,849.39,825.34,728.04,520.44,332.66
615.57,695.53,716.2,736.3,783.71,812.67,804.56,764.0,646.66,452.32,316.09,260.71
457.67,530.72,664.95,755.41,818.55,846.25,826.93,779.05,601.77,355.76,213.53,139.23
548.39,601.21,683.93,768.51,846.16,850.24,807.3,685.31,439.42,236.67,126.78,78.88
595.88,658.75,694.86,721.11,776.77,792.93,735.37,542.65,336.15,204.31,110.43,73.08
487.5,555.57,604.87,613.12,577.26,491.05,394.44,273.04,157.28,84.91,74.61,130.45
617.83,712.88,659.79,538.79,408.1,273.31,165.69,93.45,80.49,149.46,331.76,572.14
622.79,687.39,542.08,364.85,208.11,120.41,64.53,90.46,213.5,505.22,829.9,881.33
617.19,571.53,325.08,162.42,85.82,49.15,92.49,266.13,620.32,865.61,880.49,855.1
604.73,417.18,205.48,96.9,54.78,92.44,275.86,612.78,827.67,891.38,849.8,761.58
536.76,298.46,152.07,83.37,78.91,171.51,436.48,713.15,879.15,902.2,837.96,750.03
371.74,186.65,125.03,124.13,200.88,331.81,512.37,676.93,793.3,853.16,806.82,735.76
110.88,65.72,137.12,392.58,721.11,903.84,935.21,850.27,715.92,604.32,582.82,582.85
130.35,198.01,511.85,826.51,943.85,905.1,783.61,641.37,573.15,571.73,571.76,571.79
137.55,301.8,649.81,900.78,889.1,749.71,604.47,577.91,578.07,578.3,578.44,578.51
303.14,661.49,889.58,863.23,724.72,599.3,586.16,586.0,586.0,585.99,585.99,586.0
651.44,827.83,812.72,714.54,583.26,501.41,499.09,505.67,518.78,538.69,578.07,655.03
666.87,828.02,785.95,675.54,556.34,483.85,473.09,472.51,483.48,509.42,556.46,653.57
613.2,669.13,643.77,584.49,526.58,503.06,506.97,523.57,566.38,646.51,761.32,852.04
622.23,650.62,585.85,536.45,495.72,502.99,525.48,558.65,614.05,697.41,808.56,855.06
622.43,617.97,542.52,512.99,503.16,529.8,596.91,707.65,792.88,814.42,803.76,786.24
613.36,610.59,546.39,524.17,524.41,569.2,670.94,780.33,819.89,789.69,727.29,604.71
528.62,485.95,495.78,520.41,561.9,648.07,787.75,853.38,840.87,795.98,695.76,502.34
521.21,482.13,497.24,522.41,566.39,665.01,798.2,851.45,834.93,763.17,597.32,359.28
560.31,530.3,531.84,569.76,614.05,715.79,821.83,838.98,803.75,672.17,438.25,300.52
470.49,442.78,498.7,558.6,613.52,714.37,820.91,835.72,791.34,616.91,346.47,199.9
514.86,523.56,586.01,667.0,774.55,845.11,836.32,789.47,617.36,361.52,192.7,100.85
510.22,533.77,616.21,729.16,836.6,826.53,729.07,495.22,260.06,126.36,70.51,74.86
578.23,790.24,866.94,861.16,817.98,684.31,387.88,182.94,94.63,62.4,94.41,210.16
648.53,831.92,843.86,777.69,591.16,327.97,157.34,76.03,51.77,99.28,246.86,542.72
632.02,695.26,538.45,334.84,170.75,87.8,56.34,107.1,277.72,584.09,850.9,876.79
605.29,647.41,449.85,237.82,121.25,63.81,86.73,196.6,437.77,724.22,860.96,873.78
577.0,440.02,232.01,111.12,53.31,77.06,192.53,468.31,745.94,856.71,847.6,810.47
586.09,397.02,191.16,93.74,68.63,131.88,392.1,660.73,817.53,881.92,846.56,761.58
520.7,286.24,147.93,84.23,86.55,197.24,472.88,705.57,856.9,899.65,841.3,752.7
425.47,204.68,122.16,92.71,130.62,256.72,498.72,707.57,864.08,904.52,847.74,756.42
269.07,127.61,82.31,132.67,359.09,664.93,855.65,926.92,870.18,771.84,697.51,681.4
75.4,73.79,125.11,352.12,689.98,903.2,932.1,857.18,731.34,625.96,585.22,582.62
58.64,120.29,334.85,654.65,888.06,948.63,909.68,817.69,685.81,585.26,572.9,572.82
273.88,568.81,879.05,938.97,923.25,857.58,734.37,627.2,591.4,587.59,587.05,586.98
622.35,856.84,899.8,864.3,790.84,682.2,578.73,550.67,552.51,560.86,574.05,595.81
655.12,848.19,867.56,814.73,735.18,651.83,592.55,569.81,580.5,618.83,697.47,792.34
668.54,826.05,786.87,681.92,566.41,495.53,478.51,479.22,489.86,520.41,597.36,736.92
659.01,797.88,732.8,620.17,523.11,493.71,504.38,522.7,567.25,660.16,787.76,857.16
647.46,744.63,661.86,558.07,485.59,492.45,522.41,572.28,666.63,784.3,855.73,854.76
621.27,610.56,527.76,496.89,495.95,520.89,583.86,717.98,846.12,861.4,856.2,852.24
613.99,589.41,507.89,484.74,497.04,528.74,603.68,749.34,867.15,870.29,861.85,855.22
538.28,469.69,470.55,500.2,519.07,568.25,678.47,825.25,880.33,874.51,858.29,827.24
539.58,491.37,512.72,555.72,597.81,699.62,815.21,848.49,829.83,753.79,578.69,358.58
608.2,630.06,613.87,626.72,679.09,758.22,817.85,808.04,767.72,644.03,451.26,313.52
426.24,483.1,602.13,689.63,782.75,845.9,842.28,811.69,727.5,499.18,276.18,164.72
482.76,520.07,591.58,673.69,792.55,842.68,801.31,632.17,368.41,191.65,99.87,67.45
600.58,802.41,863.14,855.11,810.75,661.3,371.67,194.66,102.16,66.65,105.99,258.62
573.57,800.14,849.36,814.59,689.79,385.39,190.46,99.32,67.15,109.66,259.96,548.36
638.47,799.18,790.57,669.22,383.97,192.48,98.21,56.72,98.22,253.1,586.0,865.28
616.28,645.5,434.51,232.18,119.68,63.64,90.69,224.24,516.79,832.72,870.77,855.98
602.77,543.57,307.76,154.68,83.05,54.22,101.27,278.56,608.69,851.21,876.65,856.99
591.58,413.49,204.58,96.43,51.01,86.88,261.26,601.35,825.82,890.16,849.6,762.55
455.96,233.51,124.34,82.57,113.11,281.09,573.69,785.58,898.49,875.14,793.16,724.44
376.4,184.35,123.76,125.19,214.11,384.02,598.22,732.18,819.4,833.24,776.12,714.34
195.27,76.09,73.78,190.85,490.19,763.36,897.23,910.78,853.55,756.17,663.97,613.25
94.68,61.2,154.06,456.31,779.09,962.06,973.37,934.98,850.75,752.37,671.98,637.59
63.05,166.48,403.54,698.62,922.34,983.03,965.13,933.9,860.46,763.32,683.29,653.27
247.23,470.47,750.17,914.54,934.91,865.32,740.13,623.43,586.26,582.76,582.18,582.0
612.61,851.07,890.46,851.75,763.43,645.12,549.56,542.37,546.23,553.92,564.65,574.56
656.31,842.83,842.25,775.79,673.3,586.48,528.93,521.02,528.74,547.91,581.13,638.78
667.48,832.28,803.29,705.6,592.32,523.75,501.54,509.35,537.9,598.18,684.73,777.65
658.42,810.51,754.44,641.4,538.3,496.66,504.37,520.07,551.97,607.27,687.46,788.27
632.14,650.32,563.37,499.83,474.73,498.47,527.8,572.45,641.81,715.35,802.47,852.56
608.95,592.2,511.81,482.92,487.22,513.91,568.66,661.42,770.76,847.84,857.46,854.29
558.59,485.44,464.75,481.01,501.62,545.33,625.06,763.52,861.29,872.46,851.59,834.62
594.26,584.01,565.34,589.61,642.31,725.91,808.54,819.26,799.66,751.33,668.43,509.98
588.26,570.96,561.19,592.59,652.36,739.58,815.11,816.02,785.1,679.59,502.33,349.72
617.1,676.92,659.79,646.67,663.29,703.04,766.59,787.15,695.64,505.58,315.92,208.68
615.65,692.35,689.0,684.8,706.05,744.76,759.34,686.24,476.35,305.95,184.27,115.01
601.68,649.62,655.73,647.06,637.04,606.42,520.28,442.87,355.44,241.16,133.92,79.87
639.19,764.16,745.16,663.68,574.85,475.13,396.11,311.26,216.47,113.6,69.72,104.67
633.71,762.8,724.45,616.88,480.19,362.04,246.0,148.03,92.73,130.51,331.41,602.43
594.05,581.87,512.0,463.05,390.89,276.9,171.07,120.8,187.02,432.91,697.96,784.4
556.43,497.43,438.17,382.93,281.51,191.08,133.33,167.17,381.34,627.44,743.97,738.21
437.53,288.07,239.51,197.31,132.92,99.8,126.83,186.42,265.71,408.76,621.14,811.44
512.08,289.15,152.63,83.85,68.49,116.43,230.75,426.83,643.06,820.1,881.02,844.6
437.63,214.19,122.68,87.92,119.98,238.76,470.55,693.38,866.44,905.91,850.91,759.69
457.57,238.91,125.49,82.85,115.48,302.78,608.58,807.66,905.77,875.64,789.01,722.47
205.85,82.7,70.07,171.19,465.98,749.08,889.33,915.96,865.5,769.69,683.42,637.05
109.59,79.88,181.21,511.01,799.55,940.9,916.54,809.24,679.93,589.59,583.26,583.38
90.98,218.85,558.39,845.08,947.61,917.85,843.46,700.35,581.47,567.43,567.83,567.97
187.44,525.26,787.33,905.91,877.5,737.13,594.86,568.66,568.78,568.9,568.93,568.93
560.54,842.15,892.02,848.69,717.6,578.84,553.79,559.05,562.96,565.16,569.59,577.46
419.65,777.04,945.48,930.54,837.99,710.76,615.39,603.55,603.66,603.77,603.81,603.84
608.21,865.83,901.34,864.75,795.85,700.17,598.95,565.2,570.74,578.8,586.6,595.48
659.47,849.43,838.19,757.71,642.64,554.61,511.33,509.09,517.66,533.64,559.68,606.71
666.63,832.54,809.02,708.79,596.76,531.9,506.73,515.7,550.52,615.79,703.32,794.13
649.85,796.74,781.43,701.0,603.88,559.64,553.25,601.55,679.03,744.15,797.38,811.08
643.84,752.98,716.84,649.98,579.42,555.65,586.07,674.99,758.12,799.27,789.89,774.32
643.46,760.94,719.62,663.47,626.3,620.99,671.61,756.4,809.01,789.41,737.28,631.86
641.49,768.32,727.18,671.9,646.76,644.01,684.86,747.77,776.15,720.03,597.47,492.06
619.87,700.25,672.25,636.96,630.73,648.16,692.44,730.02,640.17,435.0,319.52,323.62
617.3,688.08,648.72,602.82,578.97,562.27,519.5,477.12,412.49,300.25,173.38,97.83
640.14,763.15,737.83,661.77,594.4,523.85,460.9,408.2,327.35,212.77,110.25,70.72
605.29,659.83,662.95,640.14,595.8,519.17,430.69,333.9,219.61,120.51,77.13,103.99
562.24,590.71,607.11,611.74,572.66,487.46,396.29,276.6,159.46,86.28,78.63,142.42
540.13,513.75,494.8,468.38,390.36,247.47,152.84,92.17,81.05,111.44,210.87,400.33
582.01,525.09,452.73,401.86,307.79,203.37,115.74,88.21,160.05,369.19,574.92,721.07
605.25,571.71,417.65,290.67,189.47,106.0,67.71,120.25,328.21,621.3,840.41,869.0
463.21,363.11,345.11,323.68,267.04,186.18,122.07,106.65,187.35,386.39,660.03,855.71
552.17,393.21,230.32,125.24,67.31,94.68,223.28,392.57,596.74,809.33,867.28,849.48
369.78,194.4,128.17,118.25,176.39,241.49,314.67,404.36,548.8,698.9,824.97,832.9
390.95,186.14,122.65,118.85,188.3,294.01,443.09,630.42,744.61,826.53,815.59,750.65
189.06,75.41,76.11,203.6,506.56,778.33,905.95,905.47,839.6,742.53,652.87,607.69
56.9,90.18,208.77,567.71,863.6,939.19,881.04,742.35,611.67,572.68,571.95,572.0
79.33,208.28,562.15,873.88,924.66,868.4,727.02,585.35,558.3,558.22,558.25,558.25
140.6,419.37,758.66,911.08,888.59,761.28,616.74,566.08,565.68,565.78,565.79,565.79
380.48,759.04,909.23,862.53,732.37,609.97,594.21,593.1,592.87,592.82,592.82,592.83
617.04,851.82,881.08,830.3,717.71,596.18,537.85,538.58,546.75,559.31,570.1,578.72
664.63,823.57,785.37,681.45,560.15,492.43,489.77,498.32,514.66,535.7,565.11,610.5
642.34,800.98,780.83,700.52,603.1,540.59,510.94,527.08,570.55,636.43,719.28,785.04
644.86,755.44,685.61,586.56,505.4,496.3,513.33,538.04,588.1,654.9,728.62,795.87
619.21,617.9,537.54,501.96,488.66,507.73,550.11,626.26,711.09,785.07,819.73,827.49
642.62,739.65,693.05,612.17,571.22,572.81,629.57,730.35,799.55,797.47,757.35,666.58
625.22,650.34,615.19,602.45,623.76,675.89,759.84,803.49,789.53,730.93,622.89,471.19
623.41,682.1,664.53,643.12,648.76,672.51,730.01,774.55,742.0,594.85,395.98,304.84
589.2,639.62,665.22,686.3,712.24,756.22,796.21,781.05,654.67,438.42,273.95,165.22
610.05,683.4,684.14,674.57,677.27,674.68,683.91,680.37,561.57,355.92,208.2,115.83
615.18,690.35,673.07,648.09,648.41,650.66,605.41,479.29,342.47,212.15,116.16,84.64
640.07,763.0,741.68,663.9,589.28,502.13,423.89,341.52,229.2,123.01,66.69,76.32
636.69,771.93,751.32,679.49,494.38,311.15,176.2,89.72,59.13,115.39,316.28,633.27
647.46,787.71,763.03,627.33,360.73,178.49,91.01,59.39,124.59,366.26,696.21,865.79
632.28,702.66,550.01,345.28,177.44,94.29,68.06,161.67,465.53,779.62,832.59,799.46
587.38,483.84,311.64,169.16,97.95,105.17,318.41,671.09,832.71,818.51,749.49,689.02
523.91,351.17,203.51,108.98,63.7,123.71,379.73,672.24,830.48,840.16,816.57,766.99
321.52,172.64,104.92,93.9,150.74,258.97,434.48,664.76,784.63,836.83,788.33,722.25
108.45,71.49,158.23,458.98,760.54,926.8,927.24,828.79,695.47,595.08,584.98,585.1
69.09,140.03,380.76,743.5,924.13,892.66,810.92,661.5,557.85,554.72,555.15,555.19
104.36,268.06,647.2,914.61,892.78,783.56,637.59,562.26,562.31,562.73,562.78,562.78
330.58,676.24,898.86,909.15,844.44,722.82,599.81,580.19,578.74,578.32,578.22,578.2
629.47,858.2,888.19,839.65,736.09,619.31,546.66,550.86,568.54,598.82,657.78,759.61
662.32,834.92,813.65,727.87,608.1,515.36,501.73,514.34,543.13,609.51,736.13,844.07
664.08,815.14,765.02,653.46,552.17,504.88,506.82,521.87,567.78,667.91,812.18,860.54
619.42,675.35,619.97,548.13,492.89,503.56,529.32,582.83,686.58,817.29,863.29,858.72
617.38,614.98,536.65,497.23,484.86,509.7,564.73,674.26,814.97,863.96,859.48,854.53
601.71,573.07,496.32,477.54,488.46,518.71,589.16,732.72,860.22,865.95,858.67,853.81
556.06,481.08,450.39,460.81,488.61,532.01,621.04,794.52,884.5,876.44,853.64,820.35
500.15,464.09,489.12,515.83,563.47,663.02,799.74,854.55,840.01,783.0,654.16,420.34
513.46,469.01,498.09,529.99,577.62,684.93,808.63,848.89,827.48,741.23,516.49,289.67
526.26,524.07,567.66,635.37,712.14,807.66,849.02,827.3,776.28,581.89,309.0,164.6
560.8,616.52,664.18,713.96,790.82,830.81,785.43,593.14,335.2,160.72,77.38,48.81
569.69,787.76,874.11,880.19,856.23,798.34,589.11,314.55,160.5,86.63,64.72,100.03
634.89,818.35,861.94,841.86,790.55,644.23,381.87,205.42,102.17,59.49,92.83,213.91
655.14,822.29,812.53,692.83,407.93,205.55,104.23,60.74,103.21,254.97,557.14,842.97
631.87,790.18,777.97,647.52,363.32,179.88,90.3,54.38,97.34,248.32,575.79,863.25
637.62,780.59,687.5,380.07,175.42,83.6,55.28,114.48,335.49,661.44,858.9,876.67
608.41,551.25,306.07,153.16,80.82,52.76,101.69,281.78,605.53,846.44,876.26,857.66
595.09,410.73,201.43,96.0,56.44,97.82,292.86,606.98,799.16,878.66,850.21,767.18
538.31,300.27,152.02,82.89,80.53,181.19,462.91,714.16,863.87,899.65,838.85,749.7
281.73,144.4,87.69,118.08,288.72,575.27,760.73,889.23,910.18,818.92,734.42,685.97
148.34,72.03,77.82,222.77,550.27,810.7,924.89,901.9,805.08,693.55,611.05,597.2
39.6,80.15,229.44,592.51,875.26,944.09,902.09,801.91,674.04,582.85,574.03,573.9
72.05,198.43,547.63,877.67,927.14,875.35,741.81,599.04,557.58,557.49,557.61,557.63
161.31,495.36,827.29,916.71,868.76,727.56,592.62,567.75,567.98,568.11,568.13,568.14
472.59,804.16,887.32,831.51,688.73,566.2,563.59,570.9,576.36,578.49,579.4,579.8
636.18,850.84,865.96,799.17,658.44,542.78,525.36,529.42,535.7,546.46,561.79,580.97
662.54,821.88,781.56,675.31,553.34,486.92,487.03,492.59,503.09,524.73,572.98,666.39
650.87,769.28,697.54,589.3,505.0,485.14,488.6,498.17,519.76,568.58,667.05,808.31
631.93,647.32,558.9,492.04,465.51,489.6,510.87,538.12,597.76,710.19,830.19,859.28
627.54,610.88,516.43,477.12,471.02,494.01,541.22,625.13,755.36,850.12,858.16,852.87
579.39,553.41,534.35,554.1,573.68,624.35,721.55,809.63,814.4,782.27,727.65,626.53
564.12,563.5,574.6,611.43,650.77,725.17,823.26,839.36,801.14,719.68,573.34,444.53
335.44,319.8,435.87,558.29,633.57,692.01,762.52,784.71,750.0,634.63,471.58,373.38
584.16,638.46,660.06,678.3,697.67,709.71,741.06,762.99,702.92,529.01,316.06,168.7
569.7,601.96,642.05,686.22,740.55,804.34,821.92,754.92,550.06,320.93,172.73,82.42
439.99,499.42,628.04,743.29,838.59,831.22,753.35,535.76,290.62,141.03,72.68,54.3
650.12,825.65,861.82,840.35,788.86,643.83,386.95,213.06,108.71,61.32,80.47,179.11
660.86,834.15,836.29,759.43,555.38,311.77,150.19,73.54,57.23,114.24,297.04,613.56
647.63,809.24,802.95,686.73,399.01,201.12,102.47,58.54,97.83,239.52,545.61,845.94
632.5,693.39,534.0,326.65,166.1,84.04,55.53,109.49,296.49,619.47,855.99,876.43
616.56,654.85,457.52,246.5,123.27,65.88,90.26,225.19,514.72,815.55,857.4,846.7
554.8,345.91,183.23,93.83,49.99,86.61,218.11,426.4,673.96,852.41,865.52,839.54
537.94,302.66,154.6,84.04,72.41,139.26,331.97,618.75,827.52,895.13,851.02,761.0
316.04,167.08,100.99,102.11,197.98,455.62,709.91,869.65,918.55,838.41,751.32,695.16
170.58,72.25,78.67,222.45,539.85,808.36,918.02,894.77,811.14,710.9,628.57,596.41
39.66,96.29,278.39,625.99,876.21,949.03,909.28,809.45,682.13,591.2,580.41,580.15
85.77,187.21,506.37,859.33,874.36,746.2,592.78,554.64,555.61,555.91,555.95,555.95
172.71,506.1,869.41,877.74,752.07,607.71,566.03,566.08,566.36,566.46,566.49,566.5
616.51,841.81,866.18,806.88,674.56,549.3,531.78,534.87,540.27,547.72,558.04,570.28
648.54,826.41,801.4,711.54,585.4,496.01,490.79,495.17,505.35,522.99,555.96,612.83
665.63,808.88,752.12,634.07,530.68,483.45,485.35,491.84,508.62,542.86,618.25,757.35
654.22,783.97,707.44,581.94,489.63,483.32,499.27,518.9,564.89,659.47,802.87,858.53
623.22,628.2,539.43,482.26,465.07,487.31,520.28,577.14,689.75,826.57,863.58,858.31
607.49,571.13,483.94,457.6,475.53,506.88,548.87,635.64,788.23,865.52,860.5,853.7
610.42,571.27,478.64,452.89,473.84,504.33,544.25,630.82,789.44,872.87,864.56,856.47
579.18,489.42,435.5,432.73,469.38,505.85,565.33,690.3,843.67,874.11,869.9,862.58
520.6,458.62,476.91,491.71,523.11,580.01,704.82,820.32,844.87,803.45,689.14,467.24
571.54,537.46,541.95,579.99,626.29,729.2,824.94,821.2,775.15,623.44,397.65,261.73
552.71,534.63,568.49,630.13,700.07,798.81,843.41,803.94,648.73,380.8,200.36,110.5
574.0,600.39,625.64,639.33,626.74,608.33,586.31,548.88,446.89,303.08,163.77,87.69
640.65,761.44,734.3,658.42,588.42,505.84,435.05,363.59,260.59,149.18,77.88,69.32
639.54,763.6,732.88,654.35,549.47,426.72,334.17,237.32,142.82,87.8,91.39,202.17
632.08,717.47,600.69,424.79,282.4,179.23,94.13,63.3,117.4,318.96,640.52,860.5
593.94,529.18,400.05,291.54,199.3,118.45,88.69,154.63,336.67,526.43,660.75,764.75
584.92,510.91,326.49,171.55,90.1,52.85,94.52,247.85,557.12,848.84,877.47,864.1
579.57,402.25,198.48,94.96,50.78,87.89,269.11,620.28,845.86,895.68,848.22,760.1
557.43,328.38,158.74,82.48,75.46,172.02,489.01,776.03,896.36,878.31,795.54,723.59
470.41,252.68,130.88,83.84,111.29,292.96,609.57,820.56,909.53,870.3,782.15,720.13
133.89,73.23,84.46,229.33,572.92,823.24,940.76,907.81,785.98,662.94,586.47,582.49
90.92,101.75,232.72,579.0,866.59,908.69,809.26,655.22,558.36,557.19,557.51,557.53
169.52,215.33,559.44,888.06,925.1,839.16,692.03,580.96,572.85,572.84,572.8,572.78
273.87,582.9,882.22,926.32,885.05,764.8,629.32,581.13,579.02,578.76,578.69,578.68
609.42,853.87,900.34,867.15,795.04,683.35,577.68,548.79,551.57,563.35,584.51,618.62
635.15,827.37,845.07,812.16,720.71,626.33,552.24,539.84,544.32,558.68,583.18,629.04
668.36,829.23,794.86,701.09,585.83,508.1,483.57,487.0,510.77,567.09,668.94,808.83
613.98,679.34,680.25,635.01,577.9,538.25,535.68,573.34,660.73,787.76,859.97,860.28
646.51,732.35,657.22,566.56,502.36,508.29,544.25,627.05,756.84,849.68,856.13,850.26
622.3,606.57,528.64,504.82,506.99,543.95,633.37,777.78,864.72,861.89,855.34,851.08
592.48,551.49,500.07,499.19,511.68,556.49,667.5,812.25,873.86,868.91,860.54,854.08
605.36,580.4,504.84,488.04,504.68,545.35,638.53,782.53,866.7,871.22,866.21,857.83
570.37,521.8,506.73,533.65,549.36,608.2,740.71,829.3,845.92,828.21,799.06,727.58
595.9,651.7,661.66,679.77,721.78,769.76,806.9,794.02,713.57,574.17,394.47,325.79
529.35,573.02,645.47,718.68,813.72,849.4,819.02,734.74,509.0,280.47,153.75,97.54
612.35,736.89,737.93,669.24,587.54,500.34,425.67,349.71,244.48,137.64,78.24,86.3
644.5,823.7,859.12,831.1,758.84,548.5,303.22,152.89,75.22,60.8,121.84,295.49
624.79,752.19,717.34,619.11,477.22,340.53,216.13,122.86,82.38,114.41,263.43,499.49
631.27,731.06,612.71,422.4,260.61,156.89,89.24,102.95,275.7,591.22,841.89,858.38
626.31,672.22,486.34,281.97,146.98,78.25,85.14,243.81,599.69,858.28,867.08,842.36
563.21,419.12,257.15,142.17,78.29,84.02,170.43,292.42,481.62,696.53,859.0,867.72
596.8,434.11,219.07,100.98,50.03,80.4,231.5,568.09,817.97,877.7,841.98,756.25
418.66,202.68,123.46,102.44,141.82,245.65,408.5,614.11,738.63,829.14,840.58,781.29
493.03,268.5,139.1,85.43,103.22,255.34,558.67,753.44,870.64,868.55,794.95,726.41
140.56,59.11,54.4,146.41,433.81,701.97,822.93,869.55,761.4,631.59,581.76,580.51
122.31,102.97,222.68,583.83,865.58,959.39,919.28,818.65,692.25,593.99,585.05,585.1
115.63,256.4,601.57,858.03,955.79,923.27,832.71,692.08,584.74,575.59,575.77,575.91
266.37,621.78,840.76,902.32,856.23,732.82,600.58,576.76,575.62,575.34,575.26,575.25
451.89,821.42,918.84,871.75,742.37,609.97,589.73,589.07,588.97,588.94,588.94,588.95
606.01,865.2,898.61,863.97,789.09,678.01,574.92,565.86,572.81,581.52,590.12,597.34
637.73,870.14,895.92,850.3,762.79,672.55,586.16,554.93,556.56,574.29,594.69,608.54
660.14,848.44,826.12,740.76,625.83,543.02,518.6,519.12,536.18,585.43,681.78,814.89
667.98,816.76,753.17,635.0,550.69,518.5,530.79,561.29,644.45,781.94,855.66,853.31
655.8,785.39,705.08,577.85,498.26,513.93,541.81,596.32,710.87,836.19,859.56,851.8
651.13,738.54,637.78,521.16,470.33,504.14,542.0,608.9,742.16,858.18,859.97,850.89
642.61,707.23,586.08,492.88,468.73,491.68,536.82,635.34,789.87,873.4,865.75,856.95
619.48,701.89,693.0,680.82,686.58,699.75,746.62,781.64,757.44,683.46,556.84,446.95
618.49,701.81,694.74,684.48,692.52,706.02,747.83,772.6,695.5,521.62,346.18,306.23
638.7,758.29,714.12,659.03,638.63,608.39,522.16,443.77,352.36,223.8,108.63,65.25
611.17,683.46,676.35,646.52,619.09,579.71,500.67,430.86,342.14,228.73,135.2,100.65
618.5,723.38,713.12,657.05,589.08,504.6,425.0,339.4,228.67,127.31,84.11,118.38
631.01,756.51,733.92,652.27,556.41,448.29,361.34,266.44,172.13,97.71,91.79,211.2
579.16,568.27,523.46,482.12,393.41,250.64,151.6,89.06,86.28,158.72,377.28,640.73
630.96,705.6,555.89,351.17,181.4,96.55,63.31,132.6,388.01,688.05,839.65,860.13
559.44,436.19,291.79,171.17,99.86,81.56,190.78,492.34,784.53,818.43,783.2,716.52
466.37,309.78,233.33,165.88,110.03,130.72,262.75,432.1,562.56,716.25,840.3,854.18
421.45,212.63,130.74,101.15,136.85,262.38,436.2,592.53,729.09,836.14,830.53,793.26
376.17,190.2,125.88,119.51,178.67,248.05,328.93,429.71,595.19,747.53,852.04,820.8
403.16,191.0,122.29,112.22,176.25,301.39,499.07,698.34,847.86,892.3,823.16,743.72
286.43,147.78,88.7,119.47,300.45,594.64,788.4,906.26,905.29,808.77,728.28,687.33
101.36,75.23,175.04,509.09,802.08,944.94,922.16,820.65,692.45,596.33,586.85,586.89
84.62,182.63,508.13,868.35,935.87,899.84,811.01,665.52,562.19,558.5,558.88,558.92
270.26,545.47,838.67,899.61,857.08,746.03,614.28,579.62,576.77,576.05,575.86,575.81
345.33,709.32,915.13,927.36,880.39,757.51,623.78,583.76,581.58,581.19,581.09,581.07
574.15,841.37,900.08,865.08,795.79,694.96,593.8,561.14,568.52,577.05,581.03,584.61
649.82,860.17,875.04,815.11,711.79,629.22,580.22,562.86,579.0,621.72,694.49,763.88
666.78,833.0,805.4,707.37,599.32,534.15,505.45,513.61,543.2,603.75,681.33,751.26
658.92,805.08,774.34,684.18,584.24,533.5,527.93,563.02,625.21,688.74,754.51,805.5
639.9,758.79,737.12,683.07,609.47,587.02,619.2,708.04,779.44,802.2,779.51,745.04
637.76,743.9,711.7,655.93,613.73,623.9,692.62,776.05,814.33,787.84,723.78,596.51
637.64,739.35,697.12,622.07,596.81,622.2,696.37,772.38,803.09,769.1,678.23,518.96
641.18,764.69,730.76,689.79,688.6,711.94,757.49,775.93,690.22,527.47,381.01,357.4
614.76,698.54,707.95,715.86,751.77,783.71,783.08,695.16,505.72,319.13,201.06,152.35
633.17,760.08,752.81,721.39,725.92,718.85,648.64,472.64,317.06,187.28,104.77,92.48
590.75,638.82,657.52,648.3,602.05,537.68,478.51,416.81,348.02,244.75,148.51,110.27
621.38,729.94,714.29,650.01,572.93,482.79,407.47,324.02,223.93,125.31,89.73,156.07
547.41,573.74,577.17,567.99,529.19,449.45,357.54,236.44,133.96,90.02,129.11,329.38
598.43,601.97,538.67,482.35,406.4,297.25,184.65,109.91,109.57,237.31,463.39,669.46
616.38,735.85,677.63,465.72,249.32,130.13,69.04,97.65,261.08,580.61,854.49,880.24
454.84,416.43,429.31,414.36,339.66,215.59,134.05,89.31,107.62,214.83,426.11,678.31
455.23,309.89,255.82,214.58,143.95,100.5,104.44,144.13,214.65,361.14,604.3,819.68
494.49,282.2,153.54,84.65,69.58,113.08,189.75,298.47,527.05,752.68,876.5,881.19
414.42,198.72,123.3,106.12,154.59,265.81,463.56,685.6,839.47,889.82,840.92,753.04
287.69,149.44,89.49,116.02,286.82,580.0,770.57,896.77,911.22,817.35,734.22,687.69
45.34,97.11,253.8,607.85,849.93,929.07,874.09,732.6,605.54,577.73,577.14,577.14
87.28,202.46,552.11,874.02,921.34,867.77,730.16,587.15,559.11,558.97,559.02,559.02
223.95,622.58,865.26,894.38,825.18,698.34,581.99,573.05,572.55,572.44,572.42,572.42
384.32,768.27,903.59,847.13,716.18,601.46,590.71,589.71,589.46,589.41,589.41,589.42
609.9,836.55,861.92,805.69,670.83,547.01,529.06,533.31,544.21,556.53,566.37,573.12
615.63,842.32,866.01,813.84,688.85,568.22,529.76,531.93,540.08,553.27,566.55,575.69
660.6,809.52,751.47,639.15,542.88,499.07,493.51,492.15,499.11,512.04,529.17,555.14
655.57,795.65,721.27,595.59,502.65,490.03,504.64,510.39,520.51,540.51,576.95,646.0
648.6,751.73,658.46,533.89,466.62,494.08,521.91,539.95,569.73,618.67,700.81,807.82
624.32,622.51,522.38,474.92,470.19,493.77,530.79,584.66,671.19,769.27,844.33,858.39
620.67,608.37,511.55,478.09,484.6,507.57,557.73,659.93,773.69,844.08,846.32,843.69
403.8,416.19,477.57,518.65,566.12,661.17,794.48,845.59,825.84,768.12,623.84,455.78
520.2,541.08,586.11,644.76,710.46,788.38,845.73,836.75,793.92,636.62,385.1,260.69
557.16,641.44,736.76,785.99,819.7,836.81,802.8,643.64,381.56,183.96,82.87,52.6
623.95,810.09,867.38,867.94,847.67,794.0,650.01,407.88,254.82,140.15,71.29,63.38
625.37,809.26,866.44,850.78,804.66,684.94,419.09,234.5,119.12,64.23,75.03,163.92
651.07,826.18,836.15,768.92,575.47,322.17,156.55,77.75,58.07,111.01,294.38,634.16
655.94,824.65,816.99,704.12,420.27,213.65,109.39,62.69,103.62,267.51,598.21,862.65
643.49,798.9,793.35,676.87,391.31,197.67,100.92,58.09,102.13,276.86,620.69,872.19
613.68,637.41,507.39,372.61,229.67,138.98,80.68,102.19,239.89,512.82,804.45,861.51
539.29,393.51,253.79,146.01,85.84,99.96,224.2,377.73,553.12,751.9,848.01,849.69
430.57,215.15,129.03,97.23,123.12,255.93,485.79,670.77,832.52,872.7,821.71,742.17
128.15,59.3,87.98,235.82,576.45,817.39,915.14,853.54,705.72,594.22,579.21,579.28
39.59,79.69,232.84,597.81,893.01,936.11,884.43,754.49,624.71,570.31,568.89,569.04
78.25,203.38,557.4,893.2,927.82,885.11,769.83,626.18,557.45,557.25,557.49,557.51
143.44,415.6,827.74,906.38,855.79,720.34,589.41,563.97,564.3,564.39,564.41,564.41
607.15,835.07,864.5,811.59,693.21,571.96,523.88,526.96,538.16,552.36,567.57,586.76
654.03,815.87,782.3,692.56,584.66,505.16,494.75,503.59,516.71,535.62,566.83,623.78
663.4,826.32,788.16,679.0,557.96,488.94,474.34,471.77,477.18,493.81,528.64,593.11
651.22,782.25,715.21,601.74,506.19,488.37,500.63,511.42,540.81,594.95,691.35,818.34
630.22,631.03,540.39,488.16,467.62,486.97,519.02,566.21,643.17,738.59,833.95,858.0
578.42,525.82,493.62,503.84,495.78,512.16,570.53,685.41,818.26,854.2,846.83,842.05
586.94,538.95,495.85,498.92,490.73,503.76,558.52,690.87,839.5,871.25,863.08,856.73
498.89,442.37,447.39,467.7,492.55,522.45,588.03,742.48,863.51,872.27,850.5,809.34
499.6,437.17,451.69,475.76,510.92,567.51,685.78,798.79,830.65,800.41,750.28,656.81
529.81,501.05,532.2,591.42,652.11,762.21,844.66,831.07,790.81,617.49,342.18,206.39
553.9,592.62,636.33,690.63,772.05,832.09,822.36,731.58,500.56,264.04,124.59,60.64
551.54,705.12,806.83,875.29,890.26,853.31,798.77,615.31,352.43,172.27,89.69,66.9
618.31,802.66,872.59,871.98,844.2,776.12,536.48,276.14,147.07,81.66,73.38,119.8
650.85,833.69,837.36,760.71,541.56,299.55,147.51,75.44,70.5,129.83,307.64,615.71
634.64,812.02,814.72,710.19,430.72,222.82,115.09,64.3,98.0,226.48,501.06,806.8
534.13,464.86,437.75,399.97,294.28,184.98,107.77,74.72,96.33,153.05,234.68,360.74
583.13,503.69,273.96,140.6,65.49,56.66,113.66,292.66,606.65,850.65,881.1,865.89
590.58,406.5,198.61,95.26,57.04,99.69,298.57,607.77,792.55,873.0,847.38,766.21
573.16,369.55,173.57,87.92,74.93,161.48,460.72,724.2,860.25,889.66,826.88,741.07
406.72,193.14,122.71,110.76,177.5,338.59,580.48,739.86,847.1,860.5,789.82,721.15
162.33,73.95,76.71,212.76,524.41,790.6,913.19,901.55,812.16,702.06,615.12,594.82
98.58,54.88,132.57,378.41,728.37,947.81,976.16,949.5,890.06,786.79,703.11,655.33
54.2,137.36,351.19,667.5,912.87,976.37,957.3,921.51,833.68,728.76,637.78,603.42
106.45,269.84,627.26,885.13,952.02,921.1,845.59,710.36,597.83,574.9,573.66,573.51
598.26,850.23,884.55,834.83,730.01,605.87,540.48,540.48,546.0,553.54,563.13,571.32
651.98,858.35,869.7,804.05,682.34,575.45,512.5,511.18,519.58,532.66,554.23,590.67
664.98,830.74,799.97,698.39,578.77,515.65,504.94,510.35,526.15,552.98,598.76,684.8
662.81,811.07,748.85,626.98,525.81,490.61,495.64,502.18,523.74,562.17,635.69,767.77
628.98,669.01,597.42,526.45,478.92,496.13,517.99,547.41,600.95,687.86,804.51,862.95
604.77,585.63,521.51,499.14,489.37,507.76,555.87,658.29,784.19,860.25,860.34,855.84
597.3,564.15,516.25,511.64,509.78,536.76,605.66,728.63,836.04,850.65,847.47,843.11
543.64,480.79,475.53,499.11,510.49,535.36,603.28,747.99,856.43,872.74,857.67,825.35
481.45,469.09,495.23,517.13,541.27,581.76,689.06,806.29,841.2,812.29,747.1,603.13
469.86,496.8,560.72,620.82,682.49,771.79,846.06,842.55,808.95,668.8,417.29,241.33
580.73,639.0,668.14,696.83,745.74,804.35,830.93,793.89,648.3,400.44,212.38,111.25
615.96,761.06,779.27,777.91,773.72,762.23,708.22,534.15,328.15,182.01,83.57,46.18
633.37,820.81,856.98,824.45,732.93,480.6,255.01,128.53,70.86,87.44,188.43,405.97
580.28,801.33,853.28,821.66,708.54,401.33,188.18,96.4,65.41,106.3,241.51,517.5
639.1,815.79,814.16,700.93,412.3,209.91,107.0,60.06,97.48,232.98,522.66,828.03
642.11,794.09,732.46,458.94,223.97,110.13,61.19,96.25,230.87,496.2,801.2,880.01
607.34,590.28,362.42,184.95,98.7,53.63,91.44,240.03,556.17,848.16,874.98,859.48
597.0,420.73,209.67,97.72,50.15,83.65,246.32,578.91,811.21,882.17,847.02,761.86
452.41,230.68,124.2,82.27,111.13,268.11,546.96,748.0,870.2,865.37,790.04,724.08
357.4,187.63,125.84,124.35,197.45,318.38,482.72,644.03,732.01,790.13,789.37,741.41
394.33,185.93,122.55,120.45,204.37,367.67,586.59,723.54,802.42,813.89,763.5,709.84
115.19,43.45,100.62,279.65,635.01,865.74,942.91,898.21,775.12,651.78,596.5,593.0
77.95,108.14,269.85,593.3,870.73,929.33,871.98,729.87,594.54,559.05,558.8,558.85
81.47,222.66,597.37,904.7,919.11,887.49,822.35,681.22,573.06,561.13,561.34,561.4
453.64,756.47,894.89,896.22,844.67,749.97,637.53,575.27,583.54,596.0,605.5,614.76
653.74,843.7,861.3,803.5,712.09,616.82,549.92,537.14,548.31,579.78,632.75,712.5
666.12,834.96,820.9,732.25,622.31,542.75,495.55,493.99,508.65,547.2,625.62,742.6
655.33,805.9,787.85,705.89,608.24,556.78,538.57,570.26,635.19,709.13,784.17,819.18
642.79,743.06,710.21,649.2,583.17,563.7,601.54,689.13,759.68,803.41,801.27,787.66
621.53,626.06,570.39,557.09,548.05,578.42,671.76,773.07,819.56,797.29,748.63,652.21
571.68,552.3,560.25,601.62,651.17,752.72,843.86,852.43,840.61,804.13,705.34,527.06
476.92,479.48,530.21,590.29,652.35,767.57,855.36,848.3,818.45,725.0,537.69,380.23
568.21,591.74,617.81,667.96,748.1,832.73,857.15,835.73,781.02,594.17,338.86,231.34
459.83,503.31,579.51,652.68,749.71,841.36,858.72,836.21,777.29,578.16,312.6,165.1
568.13,623.66,674.68,738.92,828.74,862.36,835.56,771.31,570.03,315.16,158.31,85.14
614.9,774.3,824.12,844.08,849.53,829.23,790.69,685.64,494.14,309.01,176.6,94.76
625.76,757.3,762.52,742.17,759.12,767.21,725.31,545.67,335.77,197.63,103.87,63.03
653.55,822.42,858.09,833.31,771.75,601.63,350.14,182.32,90.54,57.09,96.59,227.84
639.05,745.58,661.21,502.57,340.78,204.14,108.99,64.82,105.22,262.1,567.68,841.15
617.26,667.82,524.39,355.51,203.45,113.45,66.18,99.0,231.29,493.18,793.65,871.25
609.23,606.06,378.24,194.4,101.47,56.87,97.08,254.6,564.0,847.0,871.3,854.39
553.18,328.86,168.28,86.22,51.61,79.52,177.65,409.18,709.19,865.77,872.8,822.93
554.84,314.63,154.59,81.27,75.28,170.38,477.14,764.25,892.69,880.32,799.83,725.35
458.44,235.85,124.47,83.07,116.11,300.76,617.86,838.99,917.24,874.0,785.93,721.55
300.8,158.22,94.24,108.21,247.11,548.16,750.56,887.33,917.99,829.44,743.67,691.34
102.49,73.81,172.4,504.11,798.39,943.15,921.71,819.51,690.76,595.43,586.32,586.36
143.14,183.9,518.28,840.12,960.57,928.1,826.83,693.26,590.78,582.79,582.85,582.96
257.8,484.85,786.74,946.75,952.29,878.01,747.49,634.22,601.03,599.19,599.17,599.24
449.29,705.21,845.88,867.24,803.9,687.16,596.8,592.58,602.5,610.84,618.85,626.1
635.81,829.8,851.22,810.31,702.47,600.09,543.58,542.14,549.02,563.62,586.8,631.35
669.36,832.01,795.49,697.75,574.78,492.4,475.43,474.17,483.32,509.61,575.04,695.14
640.51,737.88,677.43,588.76,520.29,503.87,507.0,523.48,569.27,663.2,802.19,863.42
625.34,636.19,564.8,521.89,499.86,519.11,560.96,645.65,761.74,852.34,861.42,856.24
622.67,604.85,519.5,490.42,495.28,524.86,591.36,715.98,834.97,864.17,858.17,853.17
607.0,576.5,503.42,486.85,501.26,536.79,618.71,757.29,863.77,867.72,859.77,853.87
521.33,455.33,467.81,492.3,530.07,596.06,735.81,823.03,842.24,834.05,806.19,734.27
578.68,550.85,557.04,598.88,674.62,772.41,828.35,815.84,788.43,714.12,591.44,439.07
595.09,588.58,574.8,601.72,665.77,755.86,821.04,813.04,778.63,656.28,450.03,312.58
482.85,479.51,547.93,623.32,706.75,812.52,844.26,814.65,742.73,518.85,288.96,182.77
484.67,546.95,658.09,749.25,834.69,853.09,824.66,776.04,594.99,347.78,192.74,99.19
617.54,747.71,744.69,676.96,608.97,528.89,458.8,404.68,329.96,227.45,125.38,66.79
557.18,706.89,796.63,838.97,817.59,708.27,423.38,207.24,108.56,66.09,91.51,200.98
603.87,707.96,675.82,580.45,468.6,350.27,234.09,147.64,102.58,109.44,207.26,404.42
626.21,673.82,497.32,302.99,159.84,82.4,53.4,114.06,351.9,713.19,878.63,876.44
580.62,440.99,259.5,136.78,71.93,77.22,160.0,336.11,592.92,811.38,868.94,849.16
555.27,338.19,174.32,88.37,48.15,79.5,193.53,418.68,686.71,856.66,869.69,835.14
547.02,309.22,155.36,82.59,69.62,134.53,337.78,624.69,825.27,894.29,851.19,760.89
422.48,202.49,124.78,104.02,152.08,314.85,597.54,798.75,910.07,892.01,808.69,730.89
272.49,131.07,83.2,134.45,368.17,673.01,858.74,928.29,871.79,773.48,698.89,681.72
115.83,74.6,163.03,470.79,764.46,923.11,921.19,818.9,687.46,590.93,583.33,583.46
143.16,155.5,427.69,760.33,955.54,946.24,871.64,732.23,616.0,587.42,586.73,586.85
177.69,469.76,739.39,902.32,938.55,860.53,720.24,598.24,582.25,581.78,581.81,581.85
625.74,866.01,903.92,867.14,782.11,675.86,579.05,553.98,557.66,571.41,590.9,622.4
636.99,868.69,906.79,878.23,810.48,710.35,619.94,569.02,564.8,577.75,611.57,678.55
662.51,839.64,846.51,788.86,699.89,618.48,573.94,574.86,628.7,710.05,793.26,837.53
654.6,819.09,827.41,774.74,695.28,631.55,610.05,636.8,699.33,765.41,803.55,797.04
625.62,671.91,674.84,675.87,642.39,651.13,713.26,781.55,806.09,777.78,735.43,680.23
646.77,741.95,693.55,621.33,574.09,576.98,647.87,747.14,808.57,805.3,781.24,734.95
579.52,557.23,559.25,600.06,656.82,764.03,845.53,841.09,826.13,794.3,708.77,554.94
590.93,573.23,561.72,592.09,656.68,749.53,822.03,828.96,820.4,791.8,731.99,599.9
596.51,590.36,571.25,596.98,657.44,748.0,819.82,823.02,804.98,755.73,669.69,518.28
614.38,629.93,608.79,623.88,679.77,763.61,817.17,805.8,757.75,640.53,452.01,351.47
611.12,664.29,681.0,700.94,756.44,807.09,810.58,775.87,663.13,470.6,311.51,240.88
616.97,703.51,724.9,741.41,782.88,808.63,797.9,742.07,602.32,395.66,272.6,200.42
551.32,585.62,635.32,687.61,755.6,790.86,740.51,510.9,276.27,146.6,93.5,100.03
580.28,613.44,618.23,602.94,550.11,469.51,395.0,302.21,204.4,112.14,82.4,168.21
634.31,737.11,638.32,466.96,334.86,221.16,124.78,73.21,104.38,261.0,564.28,834.59
620.03,655.57,468.3,289.34,164.8,87.95,53.21,101.07,300.06,673.88,887.77,884.29
478.2,338.0,267.02,215.16,137.21,99.72,166.16,331.21,484.0,594.54,744.55,847.08
573.12,385.58,188.19,91.58,48.07,82.97,243.68,589.68,833.37,890.3,847.02,759.34
563.91,349.76,167.33,85.37,64.33,120.12,329.15,632.82,833.33,896.11,851.19,760.74
447.84,226.76,123.81,85.24,117.91,276.76,565.99,781.82,901.43,881.84,799.78,726.3
432.71,208.99,122.08,90.89,134.88,280.11,544.62,747.73,882.08,889.36,814.59,732.92
132.66,70.64,83.03,228.67,573.72,823.96,940.88,907.57,786.17,662.96,586.12,582.05
116.46,86.49,191.41,558.83,873.48,943.97,895.6,787.78,660.98,577.1,571.94,571.97
85.42,161.27,312.36,626.45,865.37,871.38,786.46,639.94,559.76,558.67,559.12,559.18
247.12,573.69,885.85,933.64,908.45,816.67,692.28,598.62,584.51,583.69,583.55,583.53
635.31,858.99,896.32,858.93,774.68,661.6,560.94,540.03,544.04,556.98,579.26,617.4
666.98,826.39,800.51,712.71,595.82,508.52,476.43,478.31,496.88,532.92,589.55,682.74
653.14,799.25,760.08,677.29,582.8,518.62,500.46,513.11,544.29,609.49,700.26,796.91
650.51,749.33,682.53,597.46,526.05,509.27,532.54,576.76,643.86,715.43,788.48,836.82
624.88,615.26,538.22,511.13,511.72,547.84,628.31,725.52,791.99,802.89,802.81,809.3
629.85,608.94,516.38,487.09,499.81,536.72,613.67,725.65,820.39,831.85,825.06,818.27
622.18,599.69,518.6,496.55,517.56,573.61,680.54,780.43,813.02,794.94,752.83,686.49
573.95,501.49,476.92,491.59,518.33,580.77,697.66,796.57,812.95,802.13,784.07,753.75
602.11,586.37,536.29,534.65,560.8,638.2,745.55,805.12,774.26,665.25,474.64,335.34
547.08,500.66,507.99,539.57,599.09,719.32,823.78,834.16,806.47,696.66,453.12,266.06
609.3,664.24,661.64,667.37,706.41,765.29,804.3,783.49,669.37,464.93,297.19,212.06
612.63,686.28,680.55,666.1,666.98,671.29,633.43,565.33,448.85,343.47,252.86,185.65
621.93,716.35,689.71,629.26,557.82,471.29,399.12,313.62,225.5,149.38,146.09,256.24
607.65,640.93,590.37,526.52,448.88,365.12,252.33,162.4,131.03,221.9,434.47,634.3
546.07,516.13,487.64,455.11,375.42,234.12,145.62,93.25,110.45,231.13,462.07,717.17
532.69,475.07,429.73,389.03,301.64,211.4,135.26,138.0,303.56,554.0,740.76,766.98
455.02,279.68,202.24,126.76,82.85,134.16,301.76,487.59,618.0,760.94,848.96,846.71
440.2,217.95,123.79,83.43,109.36,240.95,486.05,703.27,861.41,885.02,828.22,741.74
437.44,213.89,122.92,90.16,132.35,277.39,544.94,749.94,884.25,890.3,814.79,732.84
403.56,190.45,122.3,113.93,188.81,356.42,595.25,745.89,846.37,853.15,784.6,718.16
296.99,155.3,92.49,109.02,254.05,544.53,730.51,871.33,917.8,836.32,748.39,690.87
111.0,54.82,109.84,310.89,649.48,866.68,942.94,886.01,744.68,624.05,589.17,590.39
51.68,92.71,244.8,584.29,888.85,916.1,865.73,747.21,611.82,562.26,562.31,562.55
139.6,303.64,669.35,896.4,940.07,902.45,803.53,676.54,583.93,571.43,570.53,570.38
338.82,598.29,884.12,942.65,928.7,877.05,771.18,671.88,625.34,608.5,592.92,586.58
618.44,858.1,905.76,879.39,819.72,721.81,623.8,568.29,565.7,577.25,598.34,628.14
662.98,836.69,834.24,757.71,654.51,577.26,527.86,528.09,574.83,649.28,735.65,794.84
658.27,809.15,799.25,723.83,636.13,584.86,565.14,591.94,652.1,717.01,773.46,789.35
645.6,760.27,728.06,664.67,596.61,572.92,595.35,667.79,736.98,784.46,783.74,767.07
642.8,737.62,687.65,612.41,564.56,561.33,621.53,723.9,790.25,797.75,764.4,717.79
641.54,732.72,670.1,580.82,543.71,554.78,626.19,735.5,807.81,800.45,745.87,633.95
644.0,737.73,678.98,588.22,557.01,570.82,640.68,738.14,806.64,793.46,721.82,571.59
618.5,635.1,601.04,604.01,643.89,717.41,799.77,813.63,785.11,711.56,577.53,426.19
605.62,672.01,677.79,686.34,715.31,747.41,785.36,786.8,693.8,521.39,347.1,292.62
572.31,611.25,655.48,703.17,768.88,823.09,810.27,678.44,427.9,223.59,113.79,72.4
635.87,757.75,734.8,661.45,587.29,504.94,434.48,366.68,266.16,156.72,88.53,81.97
631.59,756.86,742.73,664.47,580.46,488.02,410.65,327.91,222.28,126.91,91.89,139.31
595.62,639.9,626.6,598.87,554.11,475.78,401.62,310.06,214.02,125.76,114.08,234.08
635.95,740.92,636.21,457.99,320.59,207.49,114.61,71.16,123.82,338.92,648.95,850.7
627.78,701.65,556.78,362.0,193.77,105.74,67.28,132.84,382.36,677.05,838.48,863.92
606.99,578.32,340.84,175.22,95.88,75.26,207.47,562.84,842.12,850.52,817.48,780.1
564.05,402.19,227.29,120.37,66.51,113.97,352.8,659.41,850.36,863.48,837.66,796.66
438.44,217.61,124.57,83.2,116.22,293.36,602.04,834.88,888.64,850.57,761.02,718.75
319.41,167.75,100.1,104.69,222.69,522.03,747.5,885.66,914.56,826.11,743.47,695.27
114.9,46.76,69.28,199.6,549.61,776.07,894.03,904.05,820.8,702.19,616.51,602.96
64.49,92.12,227.13,579.6,875.87,945.0,898.61,787.92,657.07,574.53,570.58,570.78
82.83,198.79,550.81,848.97,933.71,896.65,798.36,660.12,562.83,560.06,560.36,560.4
576.25,778.0,830.39,806.92,711.99,602.69,540.25,539.8,552.06,569.54,592.92,622.36
658.08,834.63,829.38,758.98,646.88,546.42,503.68,508.76,525.16,557.67,628.95,767.74
669.01,816.46,766.73,657.15,550.37,490.64,483.7,497.12,526.33,583.79,694.04,825.34
625.65,695.09,659.39,590.3,525.55,507.71,522.88,559.15,630.68,739.79,841.44,860.74
635.76,678.81,598.12,530.38,485.5,498.0,536.11,608.73,724.08,830.52,858.38,853.31
620.23,602.93,517.82,489.4,492.84,519.72,584.43,710.63,834.86,865.56,858.95,853.74
616.64,596.01,507.45,481.01,492.77,521.73,584.98,709.14,840.2,870.05,862.51,856.13
566.35,515.56,502.19,529.54,536.33,573.21,677.94,815.07,871.86,864.17,838.61,775.19
588.42,570.94,565.88,603.02,675.12,768.89,829.98,825.21,801.3,710.4,542.0,361.26
570.42,559.49,582.43,638.5,713.05,812.29,851.26,831.6,806.81,675.45,425.3,256.06
582.51,623.52,660.45,711.66,800.43,848.73,827.92,759.52,559.14,326.97,186.88,117.73
629.11,757.93,760.02,726.12,722.73,715.44,666.04,527.39,368.6,247.52,138.36,82.31
645.76,814.07,858.33,838.24,784.54,636.8,382.25,209.52,107.11,60.49,82.88,190.67
641.73,765.77,697.49,553.24,419.6,324.4,218.94,125.7,79.79,119.8,293.34,588.69
629.27,733.94,636.87,466.37,330.4,216.37,121.52,70.4,100.68,245.39,548.69,838.76
630.96,676.69,484.53,265.99,132.51,66.63,77.99,190.36,490.52,809.06,850.47,839.33
595.63,566.37,358.92,187.01,102.08,54.43,89.61,244.62,587.55,861.64,878.62,860.56
592.89,417.15,207.06,97.1,50.94,88.59,280.71,637.71,858.34,895.17,843.32,755.71
478.32,260.19,135.7,84.73,105.01,262.65,578.38,816.99,904.74,862.85,774.49,718.16
373.48,185.58,124.24,124.6,208.9,369.03,586.79,739.2,847.02,855.14,784.97,717.18
279.27,139.87,85.94,126.71,330.88,634.47,837.17,923.89,882.49,785.26,709.36,685.3
91.07,77.47,141.86,413.14,734.54,909.14,893.07,787.58,661.11,573.62,568.21,568.4
55.95,116.24,262.97,616.64,846.14,889.47,780.58,636.6,558.58,558.17,558.49,558.53
233.83,505.9,814.52,902.35,866.73,755.15,618.79,579.08,576.43,575.77,575.6,575.56
525.28,835.18,894.58,848.31,723.2,588.05,557.01,562.8,572.92,586.01,593.61,597.44
659.74,838.49,818.27,731.04,605.21,508.04,494.3,497.44,506.62,526.04,564.99,643.79
669.73,816.89,762.76,645.76,538.26,485.36,485.91,495.37,516.94,565.93,665.52,807.82
651.34,789.89,722.89,602.91,507.79,492.83,512.0,534.83,595.68,716.85,841.99,861.18
625.71,630.46,543.63,483.98,467.51,497.76,536.12,588.42,692.13,820.4,862.44,857.18
553.62,475.32,465.65,489.2,508.71,546.7,609.73,719.95,844.22,864.54,855.63,850.33
601.2,565.43,507.27,498.5,502.91,537.04,613.24,735.89,836.06,842.17,836.12,826.39
599.08,592.61,570.53,587.59,631.53,710.17,798.58,818.42,797.56,749.15,672.83,521.88
514.78,465.77,499.89,534.53,579.15,684.39,808.13,849.61,829.62,759.46,573.25,342.71
598.54,594.62,576.77,598.01,652.6,736.22,812.85,814.15,779.02,654.33,441.36,275.41
506.56,476.91,520.05,578.31,647.58,763.81,844.48,828.89,782.58,594.74,327.83,187.3
600.7,663.42,649.45,625.59,603.52,578.24,532.39,480.43,423.36,351.35,261.74,168.96
586.08,624.18,634.16,616.81,562.15,496.89,435.35,354.84,247.76,140.02,78.34,79.73
591.58,619.53,588.66,553.69,499.63,421.69,323.87,215.41,118.99,83.49,128.31,286.01
631.2,728.76,619.72,444.92,308.19,200.44,109.35,65.08,104.41,263.38,586.74,861.68
621.96,675.46,488.95,269.52,133.95,67.14,79.29,203.85,520.7,825.35,850.55,829.1
604.59,555.95,320.46,161.19,85.58,49.66,95.74,289.35,650.76,871.69,879.58,853.4
594.39,426.31,214.16,98.9,48.85,79.82,233.27,579.38,831.47,886.16,844.31,758.13
585.8,394.45,188.7,93.35,75.43,160.22,473.37,760.38,892.83,888.15,809.45,730.4
429.65,206.8,121.82,91.7,136.42,284.41,555.22,771.34,900.83,889.03,808.77,729.98
317.45,166.74,99.11,101.84,206.71,485.51,713.9,867.25,919.93,841.64,754.12,696.06
152.14,70.64,78.67,221.74,541.12,799.72,917.07,896.46,793.57,680.22,605.35,595.9
78.75,86.4,159.86,424.4,757.34,930.1,921.31,838.88,696.9,587.25,572.83,573.11
116.36,216.15,555.82,839.82,943.13,908.11,806.15,665.13,571.62,568.03,568.12,568.1
593.8,793.41,838.91,818.1,723.49,611.77,539.87,535.42,542.4,553.89,569.05,590.36
637.8,855.71,892.37,856.99,775.9,674.73,571.91,540.15,540.74,550.52,569.63,601.05
665.98,830.74,809.09,726.01,608.75,524.91,495.14,505.79,523.67,557.92,624.74,753.85
659.92,809.25,767.16,675.75,574.42,513.8,502.62,514.2,546.13,617.29,734.55,841.99
629.48,646.65,585.13,546.23,515.06,525.42,569.86,656.21,743.38,819.07,847.28,849.64
615.01,601.88,536.3,514.75,516.07,552.59,638.39,756.02,844.39,852.82,850.21,849.16
604.4,576.85,513.78,500.44,515.14,559.02,663.78,801.39,871.14,868.42,860.58,854.3
608.39,580.0,512.99,498.46,518.13,568.1,678.95,811.48,863.04,867.55,863.9,855.47
483.9,444.49,495.75,538.58,596.39,712.84,825.92,850.05,833.3,781.75,648.68,441.2
616.39,629.75,601.52,615.81,671.9,756.99,817.48,808.46,770.61,646.11,439.76,297.51
534.25,544.2,603.68,684.09,794.3,854.73,841.75,811.5,733.64,508.61,281.12,175.45
604.21,670.79,667.75,645.41,617.83,583.84,536.95,507.71,460.05,383.15,283.36,182.92
636.62,762.47,743.0,660.63,574.51,479.71,404.41,323.77,222.7,120.72,73.1,101.37
600.69,639.38,591.74,533.53,456.54,378.12,263.54,161.04,93.26,109.23,267.22,572.37
582.85,568.15,517.58,470.1,384.42,269.56,169.21,103.05,98.55,185.28,381.43,590.65
601.75,691.4,626.99,435.61,238.24,134.75,71.87,89.92,205.97,484.44,804.1,874.75
600.92,562.52,339.51,173.15,94.07,51.46,90.87,255.11,602.03,861.67,878.92,856.86
578.82,408.02,203.62,96.44,48.64,81.86,244.8,599.19,842.7,888.85,842.78,755.65
444.47,223.65,124.77,81.91,107.29,245.41,502.88,725.99,868.02,872.79,804.81,732.07
547.99,307.41,152.32,81.72,81.42,197.76,530.31,789.4,897.18,872.32,786.64,719.39
358.52,186.15,125.02,126.5,214.65,389.01,616.35,775.85,874.17,849.55,771.22,707.46
103.3,84.11,156.17,467.48,774.8,928.54,898.89,787.92,656.43,575.27,572.08,572.38
52.76,105.41,267.26,620.51,862.85,904.06,815.25,666.99,561.12,558.1,558.54,558.64
151.93,349.68,667.2,865.13,929.51,868.45,726.36,589.25,571.83,571.24,571.15,571.13
614.1,845.86,885.96,845.5,745.64,616.7,541.18,539.94,548.14,560.45,571.07,579.54
650.39,847.55,851.91,790.18,675.02,558.13,502.26,501.44,506.93,517.77,535.9,576.59
668.64,815.05,764.89,661.5,561.35,504.88,498.38,502.35,516.13,539.22,582.08,668.01
656.04,797.0,732.55,620.93,531.33,498.6,503.78,519.69,546.54,591.96,682.51,812.13
629.94,633.53,543.63,486.89,482.22,513.83,556.39,619.95,705.74,794.11,851.73,853.71
623.59,600.74,505.52,471.24,486.26,520.03,576.39,667.66,769.73,838.1,849.74,847.7
620.38,596.25,502.16,472.83,488.41,515.91,573.38,681.25,803.69,865.09,861.86,855.7
528.92,455.19,451.44,473.93,504.47,550.92,646.63,792.53,868.84,872.3,859.53,833.81
412.9,357.9,406.62,465.88,539.14,607.71,733.66,830.84,851.82,851.36,848.08,843.06
522.03,462.17,489.62,522.5,575.77,679.33,803.01,839.19,815.56,711.01,469.72,263.31
547.39,513.34,539.49,599.76,663.01,773.88,847.2,828.61,787.15,613.97,340.41,194.83
623.12,746.15,716.24,669.98,652.47,659.35,698.37,748.33,677.02,463.74,287.07,175.55
617.93,744.83,720.38,648.0,572.93,486.15,417.28,343.27,246.58,138.99,78.34,94.75
615.13,678.67,628.88,553.96,468.55,384.27,274.69,170.79,93.24,80.97,178.73,433.96
607.01,604.61,522.8,458.46,375.78,261.33,157.06,90.07,97.65,210.29,476.7,775.41
576.97,535.46,469.11,398.73,277.4,177.28,99.96,85.62,160.37,352.19,569.22,750.92
609.86,578.69,348.05,176.72,95.94,51.84,91.26,262.46,620.39,867.38,880.21,854.65
587.52,407.8,200.51,95.51,52.52,92.0,287.28,634.66,850.18,896.38,847.0,758.51
600.31,405.45,196.27,95.47,73.05,151.43,462.29,761.92,894.51,883.89,804.36,728.11
406.13,191.24,122.75,113.89,187.79,353.2,598.63,773.05,885.7,872.73,790.76,719.61
165.52,73.89,78.39,220.28,536.64,800.72,917.16,898.29,806.52,698.34,614.63,594.54
103.24,60.42,140.58,429.03,766.52,942.6,942.94,890.6,774.68,661.7,592.15,581.86
164.79,200.62,522.4,844.5,962.57,927.33,826.24,697.8,597.21,586.92,587.14,587.24
335.86,463.73,701.52,859.95,882.71,810.82,709.81,625.25,609.06,611.38,613.14,613.97
517.45,718.77,835.25,836.59,759.25,655.08,568.07,554.68,557.85,565.76,579.9,600.58
574.6,760.02,832.52,823.17,732.25,632.17,562.42,557.58,562.28,570.11,580.59,597.6
661.4,806.42,743.51,623.29,517.67,462.07,461.59,466.88,478.99,493.93,514.25,559.36
650.4,760.26,662.77,537.76,461.19,467.37,467.41,470.0,480.78,496.13,524.44,588.73
632.74,649.47,527.34,451.63,437.2,466.47,489.83,498.85,504.86,522.83,573.08,673.31
582.86,522.1,455.97,439.29,465.29,505.7,551.89,618.9,718.79,811.5,855.68,856.52
573.5,501.36,449.28,440.23,464.94,499.28,549.31,632.41,754.18,844.41,857.2,854.43
575.18,509.16,470.72,464.67,467.52,480.87,508.77,566.34,676.98,799.88,841.23,833.23
483.54,412.44,443.75,467.55,494.82,532.76,621.61,732.99,766.27,740.0,622.85,477.16
519.47,465.45,481.9,511.12,559.86,664.91,793.91,834.23,803.05,685.1,421.03,241.39
568.95,611.33,639.22,649.8,637.31,624.12,605.7,548.13,454.42,365.06,274.86,175.25
635.7,759.76,727.51,662.71,611.68,558.27,502.2,456.8,392.37,293.11,183.49,92.67
609.55,673.07,641.42,590.03,534.96,458.01,390.46,301.93,205.35,106.82,69.6,111.48
587.67,600.3,557.67,510.73,451.82,363.25,255.04,175.8,124.09,112.3,131.41,231.42
568.03,452.29,306.27,177.37,102.8,68.6,132.08,337.03,597.24,797.09,847.15,838.79
450.93,290.48,231.47,181.72,122.44,100.03,139.31,215.65,317.03,463.83,664.08,837.81
498.24,324.66,201.78,110.99,68.17,110.46,255.89,413.22,555.31,716.08,848.36,854.92
556.4,342.74,172.55,88.39,52.76,80.58,181.05,403.69,656.68,834.78,871.19,823.94
553.6,326.06,160.62,83.32,63.23,113.36,281.16,574.18,775.67,875.36,856.59,776.53
548.59,309.71,153.06,81.86,80.84,190.51,502.38,752.54,878.26,881.6,805.19,727.71
389.03,184.48,122.03,120.99,207.62,381.76,609.36,749.64,837.57,831.64,766.52,708.8
152.44,67.73,69.91,197.77,518.43,779.64,904.13,896.2,785.9,662.67,596.85,594.24
53.91,94.41,244.31,595.42,871.35,940.03,891.19,772.5,644.1,573.38,570.59,570.75
85.08,175.41,443.08,778.01,833.13,688.25,561.57,554.16,554.96,555.24,555.32,555.34
290.81,646.54,891.95,892.11,820.09,707.06,597.63,579.99,578.24,577.7,577.55,577.52
405.12,825.36,927.77,869.16,734.36,619.13,601.76,601.32,601.37,601.4,601.42,601.44
597.4,862.19,893.36,847.13,745.73,623.95,565.39,569.3,578.31,588.75,598.45,608.6
653.7,851.37,847.31,768.36,631.58,519.92,495.67,501.53,516.22,545.15,608.83,730.79
