50.82,106.91,138.95,143.7,147.47,156.29,152.73,127.66,99.03,81.55,69.85,60.3
55.17,111.39,148.12,146.71,149.59,162.05,156.36,127.31,97.17,80.31,68.21,58.09
17.59,60.82,103.73,135.39,132.56,125.79,110.93,95.23,80.81,66.62,52.85,42.73
59.05,73.44,99.37,107.0,101.78,89.77,72.71,54.47,41.67,37.37,37.03,34.92
109.63,113.47,117.46,99.33,97.13,84.43,69.14,52.7,41.42,34.83,33.66,33.57
110.5,130.35,129.28,96.95,81.06,66.41,52.16,36.35,30.68,30.73,29.54,30.25
116.91,143.48,139.36,91.83,59.82,50.86,44.47,29.94,30.6,27.67,27.6,26.27
126.51,158.2,123.84,92.06,70.81,62.36,33.72,34.62,29.41,25.96,25.96,23.6
240.2,191.98,149.47,131.92,106.68,83.79,58.9,44.3,38.78,31.56,26.2,19.32
138.39,187.41,146.41,108.89,68.39,63.39,34.98,34.54,31.29,31.13,31.19,27.03
136.68,126.0,105.52,88.42,64.52,46.42,40.58,33.53,32.09,31.12,29.34,27.34
139.25,143.15,125.46,91.18,75.48,56.05,44.92,31.47,34.0,29.67,33.15,32.69
77.93,75.66,60.69,60.71,51.16,42.6,34.21,28.23,22.0,20.76,19.56,21.19
80.71,59.98,39.25,32.28,25.0,19.91,21.68,21.33,21.0,20.33,23.17,25.44
44.44,41.44,23.59,23.3,28.65,23.18,23.28,27.02,15.1,16.44,18.53,21.72
42.23,41.1,25.4,21.84,18.86,14.89,19.01,17.13,16.5,20.16,29.08,68.03
67.28,47.93,36.8,10.08,13.96,19.86,13.13,0.0,4.76,3.83,9.6,29.85
75.69,38.17,42.95,13.62,18.69,23.15,17.47,23.29,13.94,23.8,44.48,73.49
10.15,39.86,24.66,38.57,35.26,24.14,27.3,35.7,39.72,44.94,49.27,55.93
22.08,52.25,31.0,32.86,24.18,31.92,37.01,37.13,49.29,66.7,89.86,113.6
0.0,34.57,27.15,24.98,24.1,31.68,31.87,51.14,71.57,102.54,114.56,103.81
0.0,37.07,14.66,31.71,21.98,28.5,33.47,55.76,71.88,94.81,110.76,107.55
0.0,35.81,10.47,33.83,27.54,28.15,50.34,63.42,87.74,111.91,113.81,105.54
41.47,35.66,39.91,24.29,32.71,38.03,56.43,74.27,94.84,108.68,105.92,92.61
8.99,36.8,50.2,70.79,109.9,122.52,113.08,99.54,90.13,79.61,66.22,51.71
0.0,26.48,31.55,40.46,75.12,102.49,120.87,108.22,90.5,74.76,61.04,44.95
0.0,22.08,48.86,68.57,103.28,114.05,96.29,79.06,63.43,45.4,32.52,25.17
15.9,46.67,71.55,116.37,159.13,169.08,148.57,135.43,120.63,103.26,87.13,75.97
77.36,119.14,155.56,153.97,157.68,149.49,134.84,118.23,101.83,86.21,71.38,55.43
118.18,125.87,149.3,143.09,150.76,137.18,116.52,90.32,69.37,45.61,30.9,31.01
141.96,161.42,196.19,166.88,161.45,152.36,127.44,93.21,67.25,43.88,29.49,31.7
160.56,170.87,180.02,151.5,138.4,121.86,85.53,55.85,37.06,30.23,32.03,30.64
162.8,165.64,166.16,130.03,116.39,97.49,69.01,42.18,30.95,32.24,31.04,27.33
150.7,160.24,147.51,110.66,99.73,76.97,51.99,33.47,35.33,30.14,24.85,24.01
187.73,214.41,279.83,218.16,166.38,104.52,49.04,28.35,33.73,28.97,29.41,31.19
152.54,168.94,241.46,189.78,133.95,92.47,50.14,29.3,32.02,25.78,23.13,23.65
125.38,137.02,92.72,47.61,21.43,18.82,24.18,20.22,19.35,16.06,8.93,11.72
130.21,143.48,96.17,57.43,31.37,23.29,27.13,24.27,23.69,23.57,17.9,11.75
223.47,187.65,92.12,57.19,37.14,28.7,28.39,23.65,19.45,18.1,23.28,35.69
144.41,124.1,48.44,31.69,17.56,26.39,21.46,27.24,26.69,14.42,19.02,31.76
25.91,18.67,9.86,10.13,18.2,17.11,19.93,21.41,19.1,23.91,30.23,60.23
46.38,13.9,19.16,17.04,26.95,20.19,23.58,14.65,29.33,29.95,56.45,102.57
29.88,16.54,20.46,31.36,21.95,17.32,20.84,27.56,38.69,73.57,123.71,186.26
2.89,27.54,13.49,21.87,14.12,12.98,18.44,19.6,42.4,76.4,138.65,164.55
0.0,12.68,8.94,6.71,21.58,38.09,73.97,126.73,168.01,135.0,117.28,128.64
0.0,18.84,19.97,41.27,58.35,133.61,223.23,175.21,141.5,146.73,165.96,178.4
1.73,46.41,42.54,95.71,208.42,318.31,208.53,156.06,168.89,209.76,241.42,225.52
31.41,60.95,108.07,182.09,193.57,166.3,153.66,146.31,142.51,137.92,134.49,134.86
28.58,92.82,169.6,250.59,206.6,175.01,159.72,150.0,142.1,136.99,130.4,119.55
51.26,133.39,303.73,275.26,200.17,183.87,178.26,169.49,157.28,148.76,146.79,148.0
59.55,205.3,368.56,243.54,167.82,157.03,156.02,154.2,142.32,130.4,129.04,136.67
108.4,261.03,341.04,235.78,212.11,214.83,211.83,206.02,196.99,183.98,170.77,161.16
109.62,258.22,269.63,195.48,182.0,177.23,164.62,151.64,138.34,126.99,116.81,108.89
110.94,233.51,174.02,131.08,126.84,99.25,68.4,47.03,29.18,25.56,21.46,21.5
155.88,239.24,143.72,108.4,78.1,58.75,42.88,25.79,23.87,21.35,21.8,22.09
150.08,214.44,131.35,96.47,63.75,50.84,32.44,27.21,27.64,22.04,20.85,20.69
143.16,179.79,126.28,88.64,61.48,52.4,35.4,28.3,31.13,30.78,28.37,25.75
161.47,154.03,87.8,71.22,57.45,46.82,31.12,28.7,27.73,26.3,25.64,24.72
179.98,146.44,100.72,77.22,70.91,56.96,51.45,35.06,31.41,25.79,28.68,26.52
104.1,88.05,72.32,46.77,48.23,37.37,30.5,17.81,18.17,14.18,12.7,11.54
70.85,74.93,58.59,46.08,39.26,27.03,24.47,18.95,20.14,19.75,23.83,26.46
96.04,48.28,31.69,17.74,22.21,11.27,14.4,9.42,15.22,10.81,11.33,9.57
59.34,26.56,24.79,11.24,15.29,11.4,12.45,12.97,15.65,16.38,21.53,17.31
21.11,21.45,22.42,7.18,17.61,10.18,15.37,11.2,16.53,17.51,22.35,19.99
7.69,25.79,22.17,9.68,19.24,10.64,16.66,9.8,16.37,14.97,18.39,18.03
8.56,0.0,9.13,16.8,9.78,13.55,5.18,13.79,9.69,12.13,11.09,13.11
0.0,2.75,21.92,12.65,11.56,10.93,17.68,17.1,18.9,19.73,22.13,28.33
0.0,12.33,19.92,14.03,10.65,14.18,20.26,20.47,27.62,37.16,55.98,80.3
0.0,14.06,26.19,9.51,16.58,18.61,21.46,24.0,28.99,35.31,45.59,60.84
0.0,9.96,23.28,15.99,19.06,20.96,27.27,39.51,55.5,71.56,79.51,71.76
0.0,15.15,13.76,33.47,27.31,37.75,49.92,78.26,91.43,79.38,67.52,60.3
0.0,17.87,20.66,42.42,62.57,93.87,106.96,94.0,80.82,72.67,64.99,57.97
0.0,14.92,19.53,45.75,66.3,99.75,107.1,93.49,81.03,72.55,64.36,56.53
35.93,41.89,40.71,72.99,99.2,109.25,93.9,80.24,63.05,49.13,41.71,38.22
89.94,200.11,239.15,176.25,150.83,141.62,125.39,111.05,97.09,87.78,86.86,86.31
148.45,222.11,203.62,172.67,152.88,134.52,100.33,71.99,55.92,48.16,40.1,36.88
147.43,191.65,210.56,183.18,166.92,141.14,102.11,75.86,50.6,33.84,32.53,29.66
173.01,201.08,183.48,167.87,156.95,123.89,92.64,74.48,43.32,32.91,32.5,29.25
195.46,230.73,216.98,198.02,170.55,123.86,86.64,70.7,39.06,34.66,37.6,32.84
173.84,170.87,147.97,126.63,94.49,72.51,45.8,37.06,39.54,34.27,27.32,25.19
178.94,152.5,118.7,102.01,66.34,52.74,48.1,45.41,38.49,33.0,32.48,23.73
208.74,183.66,123.06,110.5,78.79,52.49,47.1,41.63,32.65,26.54,20.67,19.33
199.13,189.76,118.61,95.25,63.61,50.7,47.23,42.19,40.77,40.1,30.39,25.72
195.77,194.99,120.87,83.41,61.56,47.8,43.45,38.86,36.99,35.25,33.44,23.86
174.11,132.39,88.07,61.14,50.99,45.63,36.59,32.57,31.02,29.07,26.81,20.65
91.6,78.69,58.18,49.76,40.68,37.9,31.36,32.93,33.78,32.43,26.3,22.35
67.27,63.59,50.41,51.54,38.4,27.45,29.11,27.84,31.35,33.28,24.76,24.17
61.68,47.32,40.19,35.11,28.3,21.85,21.51,19.82,21.36,22.1,22.98,24.82
41.95,34.05,33.61,27.82,16.17,21.95,18.26,24.97,20.23,26.21,27.77,36.47
18.04,10.21,24.01,21.47,26.09,23.39,15.69,13.54,27.25,44.08,76.55,128.9
50.1,39.13,29.11,12.21,21.04,11.84,19.93,27.44,52.5,83.59,148.25,164.85
52.43,48.52,31.05,13.04,24.51,17.75,38.18,55.92,96.46,159.81,159.28,138.93
16.57,45.4,15.93,30.6,27.62,53.48,97.25,166.08,178.19,141.45,135.46,148.14
42.7,27.01,35.8,18.65,36.32,47.98,70.53,126.3,163.66,138.33,125.61,135.01
0.0,17.07,31.5,45.03,77.88,125.75,232.15,187.2,143.22,129.01,130.44,138.83
53.54,64.83,102.77,171.2,194.48,167.83,142.83,131.62,126.98,121.3,110.49,93.63
69.24,73.22,118.84,161.01,183.92,170.83,156.58,148.18,141.69,133.86,122.37,107.68
104.41,145.02,176.73,179.68,171.53,159.39,140.34,124.42,111.98,101.0,90.5,83.4
72.79,167.75,272.5,196.81,167.84,150.6,133.41,114.33,96.34,81.58,67.26,56.11
164.87,217.63,187.39,163.44,155.47,137.32,112.18,91.06,73.53,60.4,52.31,48.66
159.21,183.04,182.52,169.91,156.53,135.49,103.64,75.4,45.83,34.21,32.33,34.18
168.65,171.56,170.35,150.26,125.66,95.86,63.82,40.16,33.6,32.59,32.64,32.2
153.2,160.39,144.76,138.64,117.73,87.49,66.42,48.91,43.47,41.53,35.42,29.36
178.91,179.43,156.86,160.97,132.08,98.72,74.84,53.34,44.93,41.46,38.99,37.12
196.25,190.36,162.39,147.85,111.7,87.84,64.19,47.22,41.83,36.21,32.61,27.13
192.24,177.77,139.67,116.31,78.03,55.56,51.91,50.86,45.49,38.63,32.79,27.16
179.21,138.39,104.08,69.76,52.39,51.73,46.2,37.32,32.13,30.9,27.97,22.98
185.12,146.68,87.15,49.68,49.41,44.21,30.73,27.32,27.92,25.25,19.02,20.57
180.15,138.12,88.79,59.49,48.39,44.21,38.82,35.67,31.89,28.76,26.48,20.15
115.32,76.87,67.02,48.89,49.33,44.63,35.7,34.67,33.17,33.32,26.83,22.18
82.26,70.37,57.41,45.83,46.17,37.6,31.21,34.25,35.22,23.85,21.8,24.35
54.93,58.76,47.13,48.38,36.32,31.17,29.19,30.47,33.37,26.27,23.51,27.11
46.02,49.33,40.48,33.83,29.37,26.55,26.38,26.12,28.1,26.15,26.46,20.26
44.03,41.02,41.05,26.07,24.74,25.08,34.13,36.32,52.81,62.1,226.67,307.69
42.49,39.89,38.48,26.62,27.29,20.14,18.33,26.52,34.79,69.21,110.46,144.79
15.87,38.11,39.78,36.54,36.47,62.55,86.59,109.37,175.72,169.39,132.0,115.2
0.0,21.54,14.47,23.36,36.47,69.24,89.62,145.88,151.12,123.38,119.28,129.26
7.31,35.33,31.05,45.96,73.59,92.21,147.0,190.79,159.08,130.52,127.05,136.39
12.69,65.34,71.87,129.74,204.2,183.36,156.22,137.39,126.06,116.59,104.4,88.09
68.82,65.19,93.65,127.45,168.57,166.82,147.85,133.95,127.79,119.11,104.88,91.02
47.81,90.63,143.94,162.86,160.93,157.05,152.81,138.1,122.76,110.44,101.57,92.82
120.18,140.06,165.53,175.22,172.45,172.38,166.4,151.52,130.85,109.97,96.57,83.65
78.05,134.11,197.41,198.19,180.5,164.4,141.65,120.51,104.26,91.96,81.19,70.07
100.41,161.13,198.76,177.41,168.87,165.38,156.83,141.11,123.06,107.91,92.38,75.17
159.29,201.89,201.03,182.83,175.12,162.73,148.21,117.95,88.76,59.04,40.01,35.25
166.61,173.6,196.49,181.49,170.35,152.95,131.41,95.35,62.87,37.43,31.19,30.53
172.1,186.87,178.93,167.15,162.32,149.96,122.61,101.48,76.83,52.0,47.57,45.78
196.24,189.89,179.48,169.13,153.62,117.85,81.41,51.25,34.01,32.07,33.42,32.52
160.31,167.26,155.29,153.53,134.85,104.12,82.48,58.85,47.11,43.94,41.37,36.8
182.66,175.2,156.21,141.69,102.05,75.26,54.61,48.81,46.32,43.14,36.06,29.12
164.35,151.1,137.47,114.45,66.6,55.8,50.64,47.42,41.78,36.35,34.9,31.85
150.34,111.54,97.62,73.98,52.99,49.61,43.22,34.24,31.73,30.11,26.64,18.54
132.22,99.44,49.55,56.21,65.17,42.12,35.56,37.55,32.86,23.25,22.97,25.4
74.37,61.88,40.51,47.49,41.38,36.67,36.92,34.29,30.92,21.99,17.86,21.96
76.29,58.91,43.12,53.66,44.97,35.46,31.87,34.92,25.47,16.62,22.72,23.86
58.23,63.01,47.66,59.05,42.76,34.83,29.42,29.73,26.9,21.48,23.1,25.12
67.68,49.58,39.4,42.8,34.21,27.04,28.03,27.2,24.94,18.01,22.2,26.52
52.57,42.74,40.98,32.87,28.2,25.01,24.19,19.41,24.4,25.05,30.79,47.43
50.29,31.03,26.27,22.2,26.35,17.36,6.93,16.35,20.35,34.47,66.71,109.01
30.47,43.62,25.08,30.98,26.55,21.01,21.27,28.57,42.41,61.59,89.23,120.91
0.0,49.13,10.63,47.27,40.7,71.76,95.76,131.8,137.5,130.56,127.44,125.08
53.1,58.42,57.94,56.66,68.48,86.65,110.96,124.82,127.24,110.37,93.57,88.38
27.88,64.1,66.98,86.97,126.66,142.23,140.39,140.19,137.61,126.66,111.01,96.7
43.18,50.63,83.84,94.96,117.74,145.02,138.06,134.71,130.91,113.55,92.42,73.6
48.58,85.96,121.45,152.37,158.93,156.69,143.13,115.68,91.75,78.11,65.94,56.29
99.59,123.97,144.77,154.33,151.49,137.44,116.99,103.65,88.86,71.61,57.43,49.92
62.33,114.07,163.85,188.67,168.99,158.47,143.53,120.54,100.03,85.93,72.69,58.79
149.32,189.9,200.76,181.26,169.22,151.42,123.87,99.79,74.89,49.7,37.0,35.06
170.08,194.8,200.57,182.46,172.57,155.59,123.83,90.86,63.11,40.65,34.09,33.08
176.75,181.91,197.52,180.76,166.6,144.05,121.86,109.42,91.66,66.72,49.38,47.22
234.16,223.85,193.47,180.99,159.08,128.65,100.13,73.77,50.52,44.81,38.81,34.05
198.58,206.56,177.88,170.79,142.77,113.39,88.77,62.61,48.01,43.79,40.53,38.11
167.66,169.73,163.89,144.91,113.56,95.55,75.29,56.22,50.52,47.55,43.6,36.38
181.58,162.53,137.46,95.1,66.17,52.39,41.16,38.75,34.75,33.01,32.41,30.18
147.35,150.15,112.19,75.39,53.84,40.18,34.09,30.48,29.63,28.87,26.8,25.21
134.98,122.82,80.53,64.44,46.94,36.18,33.47,30.1,29.99,27.82,25.96,22.62
138.41,103.24,79.66,68.07,52.94,35.99,35.38,31.01,30.99,28.66,26.8,23.03
129.09,71.91,43.68,38.9,48.24,39.5,31.14,32.03,31.73,26.63,22.99,27.29
124.41,52.57,44.94,36.51,34.77,27.44,26.44,24.54,18.55,20.3,20.34,21.88
70.5,53.98,40.16,49.05,39.52,26.81,26.16,24.74,22.36,20.26,17.1,20.05
39.58,38.37,32.86,23.98,21.24,22.61,22.86,30.73,30.19,34.09,32.53,44.57
27.05,41.23,33.4,24.77,21.18,23.26,21.07,25.2,19.81,38.68,32.67,72.99
24.0,42.26,38.86,38.88,31.71,44.14,69.81,85.74,119.06,172.59,144.98,114.44
3.3,42.58,27.81,36.79,35.45,54.96,71.6,117.72,137.52,120.37,112.91,124.86
0.0,38.71,21.7,30.52,43.76,68.05,91.02,129.67,121.68,115.58,126.36,132.57
33.78,37.02,37.36,33.57,42.9,49.47,61.83,102.42,150.97,151.03,137.37,134.92
0.0,63.37,23.26,71.44,77.63,134.74,136.95,128.64,127.3,129.52,126.81,120.23
23.92,66.83,71.69,96.97,138.82,149.25,138.48,140.83,137.9,123.15,108.4,97.27
23.01,71.67,86.76,119.89,133.39,142.02,134.04,122.09,112.17,102.55,91.9,80.13
95.27,137.35,143.69,142.64,141.83,123.39,93.63,77.74,63.22,46.21,38.69,33.54
49.95,110.79,143.69,157.8,152.04,150.85,141.94,123.71,97.23,78.79,66.03,54.9
96.32,147.98,158.81,141.82,140.95,131.56,108.28,84.66,62.62,49.04,43.73,42.4
139.13,155.71,175.79,164.64,161.09,140.38,100.94,73.21,44.62,31.77,28.78,31.1
169.9,173.5,189.52,174.49,155.46,121.41,86.33,57.3,35.91,31.07,30.69,31.82
169.28,163.08,185.0,173.12,158.49,121.48,82.86,53.03,34.55,29.06,29.65,30.32
198.48,193.09,216.44,185.97,162.45,112.23,72.35,48.34,34.89,32.09,32.94,32.12
151.19,160.1,168.49,145.83,127.29,90.76,61.96,36.73,30.01,31.09,27.72,24.67
167.98,169.35,164.37,134.18,105.08,69.85,46.82,33.41,37.0,31.8,28.49,28.4
142.16,147.27,141.63,112.74,97.08,67.27,43.48,33.67,31.29,30.32,30.58,28.41
160.89,166.54,154.67,117.93,93.37,68.97,46.97,33.83,34.28,31.82,33.71,33.29
117.99,135.87,133.55,103.22,85.69,68.96,54.64,37.3,33.51,27.44,32.93,30.14
91.01,70.74,53.42,46.09,29.45,29.39,33.07,24.15,24.53,22.89,23.0,28.36
90.53,62.26,38.62,35.84,27.51,22.36,24.43,26.44,18.05,8.26,8.64,20.08
69.19,47.33,21.27,34.66,24.51,24.85,20.24,13.71,1.4,0.0,0.0,11.18
68.16,37.89,20.96,31.97,25.75,22.96,19.72,15.53,3.88,1.6,0.8,21.78
50.64,38.24,20.82,20.4,21.56,16.81,15.14,7.59,14.5,16.12,34.23,67.6
60.92,22.69,43.46,10.86,19.77,17.12,15.67,16.43,18.03,24.99,39.45,73.6
53.6,29.8,23.75,19.22,23.69,15.72,22.18,19.38,10.27,13.65,19.01,29.91
53.97,37.25,28.95,16.34,24.4,15.97,17.79,20.59,10.84,12.68,17.0,17.88
2.02,22.02,15.28,21.94,16.88,14.55,18.33,6.15,8.99,17.62,34.23,67.12
15.49,17.96,27.54,27.49,21.17,17.92,19.68,21.41,27.22,39.06,55.05,60.4
17.58,22.06,34.81,27.87,32.46,35.04,45.11,60.58,66.21,75.29,88.35,90.98
22.34,35.18,47.79,56.08,57.72,61.67,71.23,87.97,98.36,97.56,92.61,78.31
51.12,38.13,71.46,81.64,102.53,128.77,115.21,104.23,101.3,98.44,94.88,83.55
43.75,66.51,83.26,83.49,107.85,134.53,130.44,120.69,111.02,103.0,97.06,84.02
24.19,67.23,78.87,102.72,121.4,137.84,128.04,112.04,99.63,88.18,77.04,63.22
68.27,92.14,114.93,124.08,131.84,126.43,112.68,99.61,81.74,58.26,39.95,36.07
102.62,128.62,134.1,125.87,128.75,115.18,96.39,78.04,58.17,41.62,35.73,35.65
83.74,116.86,130.65,125.17,118.16,98.86,78.4,59.99,43.63,34.65,30.01,28.48
94.75,152.47,156.19,126.25,110.72,82.82,63.47,46.84,36.29,32.35,30.4,29.32
87.6,140.55,129.35,85.3,60.72,50.12,34.93,27.58,26.12,24.96,24.1,23.48
96.79,120.77,122.43,65.57,44.37,37.76,27.66,28.72,25.21,27.75,28.31,26.97
80.18,78.69,76.78,35.95,36.18,24.8,19.54,15.5,13.4,13.47,16.15,18.74
80.19,57.39,35.13,27.17,26.04,21.21,15.94,11.79,10.12,11.45,12.94,14.54
71.19,45.01,33.38,28.23,26.44,21.23,16.16,13.07,10.69,10.3,9.47,12.06
72.42,48.2,30.47,28.54,25.51,20.93,15.09,11.87,9.99,10.26,9.36,11.5
107.34,102.78,71.45,44.67,31.11,26.01,23.0,15.58,13.44,17.43,16.64,13.82
129.1,120.96,95.03,51.97,38.17,28.04,25.09,18.15,13.17,17.97,18.08,14.66
99.84,75.67,37.31,34.67,23.47,20.57,15.34,12.37,16.74,14.73,12.8,12.67
76.68,41.97,30.58,28.31,25.63,19.42,21.41,11.33,8.94,6.86,7.01,9.63
33.36,30.54,28.55,19.63,22.58,13.07,14.69,11.6,17.03,11.14,17.77,23.55
0.0,1.63,17.88,15.62,7.94,13.44,10.26,15.42,7.79,14.1,34.65,43.25
0.0,20.03,16.08,18.68,4.21,16.02,8.51,17.67,3.98,26.34,55.51,83.8
0.0,9.87,18.02,15.6,3.31,7.38,14.78,25.87,75.52,183.71,194.59,97.72
0.0,13.38,16.36,12.49,0.71,12.0,32.61,82.84,186.08,173.8,99.77,83.98
0.0,27.84,6.62,35.59,40.64,99.92,163.47,152.4,96.34,85.36,86.54,72.62
0.0,28.44,13.42,53.67,74.2,158.55,170.89,107.86,87.24,78.05,69.44,60.27
0.0,29.95,13.4,53.17,70.06,156.15,165.67,102.87,76.19,65.92,59.05,49.98
0.0,25.66,21.68,53.62,69.87,120.95,133.53,89.02,65.27,59.74,51.04,44.5
14.29,48.76,82.3,158.6,158.09,117.84,107.52,97.68,84.53,76.8,72.14,68.91
12.35,55.99,102.05,186.9,151.12,117.73,110.48,99.79,85.71,78.44,72.45,67.46
66.16,117.22,132.63,125.85,119.64,93.41,66.89,49.22,38.04,35.38,31.92,30.21
73.28,164.33,179.62,131.07,123.73,101.03,72.32,54.09,39.68,32.03,30.82,32.56
128.57,148.82,111.65,96.28,75.75,58.27,46.26,23.45,32.56,26.86,30.56,28.68
150.4,140.18,165.29,161.37,143.78,112.9,99.51,74.94,52.46,43.36,37.27,33.29
162.43,108.44,109.02,96.26,84.63,76.0,44.33,38.1,34.79,28.1,29.31,28.28
80.25,96.14,81.03,66.34,41.53,43.31,23.68,34.99,24.83,30.84,26.27,28.44
47.21,35.27,33.59,30.52,28.41,22.63,18.71,16.77,15.49,14.45,14.96,15.83
45.84,21.91,23.38,15.64,18.92,21.38,20.54,19.72,15.93,15.23,14.43,15.58
28.78,29.56,21.48,18.24,12.5,21.04,20.31,15.88,15.92,16.13,16.78,17.48
45.74,31.29,23.65,18.36,19.97,20.49,16.65,18.03,19.47,17.99,17.72,18.68
58.79,30.13,30.24,27.94,19.81,17.68,15.8,19.59,17.67,16.77,15.82,16.64
25.08,24.92,27.27,23.24,16.06,14.05,18.49,17.39,18.94,18.85,20.07,23.29
23.08,29.73,24.4,17.02,15.24,18.45,20.72,21.27,21.87,23.18,26.75,31.5
21.06,21.76,25.5,16.67,15.19,17.65,21.25,21.89,24.0,27.04,31.14,37.71
18.17,9.37,26.19,12.71,14.51,15.71,21.71,21.23,24.76,29.45,37.16,45.72
28.02,15.91,23.72,18.71,19.37,22.72,28.08,34.8,51.3,64.29,68.03,64.33
0.0,12.62,24.02,20.12,21.98,23.6,26.37,30.18,39.03,46.76,49.45,51.03
25.59,10.41,31.82,25.54,30.62,32.54,37.88,43.82,53.26,57.7,53.72,49.72
66.22,93.18,115.02,141.44,151.12,137.91,128.8,118.71,103.0,88.58,79.75,68.46
35.86,66.02,105.97,206.49,217.67,182.74,167.65,173.62,176.68,169.04,161.12,149.24
89.46,153.26,173.02,152.86,164.49,166.22,157.12,149.55,132.87,108.56,86.94,72.42
124.78,159.73,146.77,133.55,142.69,131.97,101.81,74.42,51.28,38.64,30.03,32.33
112.87,87.93,71.38,55.88,52.1,61.01,78.91,89.59,92.36,90.15,83.02,73.54
128.59,125.3,125.37,111.67,101.46,97.76,99.28,107.1,115.24,122.85,132.59,139.92
167.92,160.81,166.4,150.43,138.71,124.28,112.68,106.58,97.81,82.65,67.3,56.16
158.5,165.22,128.6,109.91,96.38,72.38,51.09,44.01,41.55,35.2,29.07,25.63
180.83,185.63,138.02,113.34,93.34,68.79,47.0,43.28,38.86,36.46,30.8,24.04
278.64,344.29,303.93,249.96,153.81,83.18,51.63,48.34,44.01,43.98,46.71,49.46
169.69,123.6,68.92,50.41,49.07,36.74,26.38,27.33,28.45,23.09,22.54,25.21
153.92,108.89,67.58,50.41,47.75,34.71,23.72,25.98,25.95,20.57,22.82,24.43
152.16,109.49,68.17,49.55,46.32,33.66,22.91,26.01,25.53,20.76,24.12,25.95
192.35,165.23,67.42,49.58,45.47,29.85,25.11,27.98,28.58,29.44,32.18,36.4
134.96,79.99,53.35,49.79,44.82,32.2,26.14,22.64,19.29,23.06,24.35,27.11
129.86,65.32,48.49,39.24,40.08,32.45,26.51,18.55,24.53,23.38,27.5,31.05
121.47,73.07,52.12,35.99,37.94,42.0,34.55,45.28,58.2,66.33,95.63,122.04
348.46,168.33,93.02,69.53,36.24,26.52,20.34,17.83,39.46,60.69,71.07,92.05
431.91,251.47,133.02,80.14,59.53,45.44,35.94,26.64,29.92,53.74,71.63,97.25
109.32,64.58,50.39,43.54,54.62,56.21,48.07,61.39,75.72,103.04,168.73,174.14
56.13,51.95,32.87,42.41,51.86,39.37,43.26,83.36,106.47,184.84,203.39,173.54
17.95,25.1,39.13,52.6,44.67,62.11,71.46,90.41,138.96,173.02,157.44,151.68
18.47,46.63,36.11,50.64,69.1,93.2,131.72,190.91,181.52,168.63,170.21,167.83
29.01,56.15,40.61,50.05,71.72,93.99,156.36,217.88,195.05,183.63,185.81,184.97
18.74,43.59,51.66,89.34,101.36,134.9,175.79,173.77,168.23,172.05,176.86,180.93
48.39,75.57,124.22,176.13,195.33,184.25,175.66,170.75,169.96,174.72,181.69,188.42
139.01,153.27,188.73,196.99,191.19,185.64,181.69,175.94,172.12,172.79,180.73,191.78
120.87,144.7,194.76,224.1,224.07,212.07,203.07,193.61,185.4,178.96,177.44,181.61
150.54,185.87,202.85,204.68,206.74,202.49,203.52,198.29,185.46,175.1,167.68,170.08
158.06,187.85,224.7,215.86,210.26,209.42,215.02,217.68,207.62,187.78,153.06,108.36
188.48,196.22,209.81,194.86,191.38,194.18,200.65,198.94,184.42,163.5,129.99,88.98
221.22,238.1,224.04,234.21,239.27,231.03,216.24,166.95,105.53,56.11,45.1,43.19
239.03,290.79,245.07,226.24,237.56,234.51,219.94,178.95,119.61,62.86,44.72,45.9
225.99,270.29,249.87,267.56,269.61,248.61,200.71,141.4,83.87,41.57,46.54,47.4
240.72,277.07,262.68,261.54,245.93,205.83,147.54,85.29,40.75,45.45,44.8,46.47
236.28,281.94,255.08,217.81,188.44,145.16,86.1,50.29,45.96,41.85,41.83,42.49
235.56,252.67,223.11,182.24,135.76,78.7,41.34,48.15,40.99,42.59,39.35,33.19
245.62,201.45,144.77,111.28,73.01,58.23,53.61,54.43,43.7,33.51,29.89,24.46
140.69,114.91,91.94,62.94,60.2,53.45,41.66,34.22,27.8,29.1,27.2,27.12
166.48,109.29,60.23,49.98,33.06,38.67,38.19,35.77,36.6,36.42,23.68,20.7
102.32,91.93,54.55,48.82,46.48,38.52,35.84,39.01,37.57,29.84,27.22,24.4
89.3,82.09,45.43,46.84,44.81,34.08,35.38,35.27,29.89,26.76,30.11,24.25
63.79,55.76,48.6,43.03,42.54,29.75,26.83,28.97,32.0,37.25,30.46,27.65
49.74,45.99,40.1,34.37,31.32,23.22,21.28,33.12,39.15,62.74,103.44,130.82
49.53,47.8,38.7,34.04,37.64,27.78,34.87,43.62,63.85,102.38,135.41,130.15
25.48,55.22,68.13,102.69,127.12,189.4,220.71,168.75,144.14,133.89,127.93,121.68
24.13,50.27,49.56,56.2,92.47,143.89,217.79,183.39,148.47,129.63,121.04,120.39
43.46,48.67,63.93,81.19,129.66,178.02,187.17,155.55,137.45,130.15,127.51,124.1
51.63,51.25,57.94,71.37,117.32,159.78,178.26,158.11,146.71,140.24,133.38,127.17
60.86,55.62,60.34,72.21,109.5,146.84,176.46,170.91,158.69,148.82,139.23,133.5
57.24,63.56,62.41,68.95,76.09,90.99,113.2,145.7,160.99,149.5,140.54,141.72
80.36,82.13,110.95,126.38,140.6,154.37,167.19,168.78,154.95,132.61,114.45,107.61
121.17,140.21,154.25,158.27,159.03,160.35,171.91,205.53,261.21,384.34,534.36,574.02
143.9,157.65,151.92,149.75,149.22,150.35,166.77,195.14,217.52,222.4,216.9,215.41
182.0,220.85,204.04,184.99,181.98,207.04,267.51,378.63,616.18,915.14,838.33,384.19
244.27,283.01,206.47,194.18,221.02,277.7,361.7,466.18,516.94,340.25,156.87,99.0
249.84,309.93,212.64,192.88,213.11,263.81,340.32,417.17,378.97,203.41,109.86,73.43
361.57,400.49,247.68,225.39,256.96,295.4,279.95,196.83,118.5,78.0,49.41,41.37
286.18,332.95,264.47,315.8,349.92,216.62,98.57,48.58,40.33,45.19,48.34,49.38
257.26,297.07,247.13,239.84,158.45,76.12,36.21,40.91,40.16,39.18,34.79,28.41
228.28,230.25,181.94,145.72,96.92,52.61,44.49,43.29,41.87,38.67,32.7,29.68
216.51,213.56,156.73,102.12,63.34,47.35,44.94,44.09,37.64,35.94,32.56,26.23
236.13,323.26,231.49,149.72,68.83,49.1,49.78,50.22,48.23,38.06,29.98,29.76
136.65,98.71,59.18,57.67,59.81,45.48,37.8,30.74,21.32,19.59,21.63,23.05
142.78,119.8,83.26,67.28,67.73,51.92,45.4,35.76,26.77,25.04,23.28,30.42
121.1,131.95,117.42,91.82,50.27,47.28,51.43,35.72,34.07,26.09,23.55,30.48
78.44,66.52,40.46,42.54,49.57,45.1,39.04,39.18,39.4,38.49,36.45,55.08
35.78,56.65,39.47,54.66,44.21,61.28,99.95,99.39,123.47,148.12,142.08,130.83
37.92,51.94,43.84,50.86,71.27,113.67,127.76,162.61,155.3,127.86,112.51,118.9
30.23,43.64,47.55,48.31,86.82,111.7,157.75,185.04,163.49,147.31,131.05,124.88
37.29,51.3,37.98,62.31,93.0,143.61,203.18,184.16,155.73,138.7,130.69,127.0
26.37,47.85,73.1,118.63,177.48,216.53,181.28,159.4,148.7,140.18,132.68,124.38
54.89,51.7,82.32,127.45,192.79,203.62,171.5,147.08,137.49,130.9,121.36,106.36
47.11,91.71,147.22,166.53,160.95,149.12,138.4,120.33,99.78,86.11,74.89,66.64
55.3,103.56,170.43,213.67,196.76,176.14,159.25,148.59,140.95,133.75,122.02,107.73
108.45,145.68,172.83,176.19,165.05,157.87,150.32,137.13,124.71,111.69,95.06,81.85
139.87,182.34,186.68,178.82,158.0,143.31,133.84,119.94,101.19,88.94,74.34,54.88
140.79,173.95,173.63,162.68,154.25,143.66,128.06,110.11,94.44,72.09,51.72,43.46
237.0,247.95,203.23,166.88,157.04,156.59,141.07,122.77,104.62,82.43,61.66,50.12
214.05,257.01,205.98,192.85,182.67,165.02,146.22,112.18,67.58,48.21,44.86,46.21
194.44,180.78,190.09,165.9,125.46,94.48,71.52,52.33,48.9,44.7,43.87,43.2
169.64,176.36,164.73,140.31,109.29,91.43,70.29,50.17,44.35,38.54,30.88,23.05
174.12,176.36,159.21,127.14,97.04,78.43,55.47,46.41,41.18,35.01,24.74,19.28
183.28,191.15,149.75,98.34,65.61,52.44,47.57,43.86,36.95,32.93,30.74,27.68
183.28,178.46,144.79,93.96,60.76,54.84,50.78,47.7,40.85,37.74,35.4,31.32
159.24,152.02,118.81,65.76,52.2,52.01,45.48,36.6,31.6,30.97,27.8,20.09
130.85,137.93,89.2,55.23,46.57,54.02,43.13,42.36,39.67,38.01,35.77,27.65
84.96,77.14,54.05,61.04,63.29,55.32,43.77,37.18,25.92,23.57,25.02,25.93
52.44,51.57,39.31,34.37,29.07,21.0,28.91,23.4,23.52,22.85,25.91,30.1
2.86,11.7,21.06,21.24,20.97,13.33,17.42,18.76,35.05,47.41,60.24,73.43
0.0,20.16,24.72,14.76,16.73,17.01,18.14,30.91,41.85,58.25,77.61,87.6
1.09,19.87,21.99,21.64,24.96,32.19,43.86,49.85,58.06,72.17,88.22,98.07
34.69,30.17,17.25,28.26,35.14,52.58,83.54,116.03,140.74,128.99,121.4,120.7
46.91,47.81,43.08,50.73,81.24,114.22,169.43,180.71,173.6,168.09,167.34,170.76
52.11,54.35,55.28,78.19,111.75,161.43,173.29,164.6,161.84,156.97,152.62,150.21
22.86,35.4,42.7,71.84,124.2,192.04,186.6,179.71,173.08,163.99,154.1,150.94
3.44,42.24,63.49,93.64,131.24,149.91,136.14,122.67,115.7,107.81,98.81,90.83
36.23,108.81,203.49,252.31,247.11,251.43,251.87,237.09,218.13,203.88,193.79,182.97
42.47,104.15,184.07,217.4,215.3,222.57,233.04,230.95,218.47,205.94,197.13,189.59
47.82,105.78,167.49,183.36,184.85,188.19,187.95,188.18,179.68,168.05,157.56,140.65
67.05,138.78,148.11,133.1,125.2,94.53,70.44,55.36,43.12,36.46,36.12,35.01
97.97,137.98,115.63,88.76,55.22,44.43,28.37,23.97,24.46,23.39,24.56,25.51
126.84,138.06,128.43,81.74,55.49,45.92,36.22,28.4,29.95,27.76,26.91,24.68
83.31,111.06,109.97,61.72,38.29,29.24,21.37,18.86,19.66,20.89,20.16,20.54
107.83,106.11,102.15,49.48,40.65,25.68,25.32,19.46,20.36,20.04,20.7,21.8
78.32,52.94,31.04,24.56,15.7,12.44,11.25,10.05,9.67,10.31,12.29,12.01
107.76,91.79,54.19,34.66,27.91,19.81,16.29,13.82,13.64,14.63,14.34,14.96
62.64,31.06,19.35,21.84,11.97,18.45,12.09,13.53,13.69,12.08,12.05,13.05
79.42,44.4,18.39,27.79,14.14,21.04,13.06,11.72,13.55,12.2,12.86,13.92
81.36,62.62,46.68,35.56,21.46,20.22,27.6,24.9,20.32,16.83,16.12,17.65
87.93,53.9,18.27,32.45,12.2,17.6,9.07,12.35,13.0,11.56,7.57,6.03
84.34,58.49,13.4,22.24,18.54,6.01,11.81,14.33,8.98,7.13,4.91,0.27
96.86,61.37,20.23,36.76,21.2,19.11,20.01,19.65,10.48,2.45,0.0,0.0
80.06,45.87,22.87,24.83,17.04,21.87,16.55,17.97,9.89,0.0,0.0,0.0
70.14,30.31,27.03,18.89,20.32,19.28,13.39,14.92,11.53,24.34,21.85,48.56
22.19,38.08,14.45,30.69,6.28,19.63,11.51,10.2,21.17,34.7,65.96,121.99
66.02,35.64,23.96,10.79,20.92,13.6,20.82,11.06,21.57,30.74,60.24,105.32
28.86,25.42,15.04,20.93,16.59,17.07,17.38,17.89,24.89,35.73,58.7,87.74
19.58,20.45,23.04,20.91,10.84,14.27,13.33,15.87,14.49,28.27,56.0,84.16
0.0,18.99,20.92,21.72,12.16,15.85,10.61,2.44,14.81,36.75,67.68,95.82
0.0,23.7,19.61,17.37,17.0,14.95,17.4,26.78,36.2,43.66,50.5,56.27
0.0,15.48,19.36,23.13,38.56,50.63,79.57,98.87,89.14,66.79,48.84,37.9
30.77,34.2,15.59,27.08,44.96,61.04,95.52,117.28,90.41,65.18,48.41,37.32
5.8,23.9,37.49,64.81,93.41,121.56,100.72,73.36,56.67,41.17,32.34,30.06
35.94,41.43,65.36,98.29,131.65,125.28,109.86,88.22,71.44,53.1,41.11,35.48
42.98,91.73,112.27,131.31,127.26,116.5,95.58,75.64,57.5,45.02,36.63,33.23
71.28,100.45,109.93,114.75,102.67,78.95,60.61,44.58,32.27,30.06,32.07,31.13
82.53,99.33,108.4,99.93,80.58,62.09,47.18,33.23,28.16,28.52,30.41,29.65
120.75,117.66,111.41,92.3,76.29,57.51,48.52,34.74,28.53,28.06,28.71,26.32
125.46,150.98,171.18,123.83,110.71,87.51,71.23,43.98,32.99,32.66,26.31,27.35
137.92,154.84,164.64,114.88,97.19,79.85,64.73,40.27,31.24,29.46,28.36,28.63
123.66,112.46,97.95,52.29,45.26,26.63,26.94,22.55,18.43,16.95,19.59,20.3
117.07,100.72,68.48,39.64,28.45,24.83,21.97,17.46,17.39,20.57,18.72,15.4
112.19,110.86,78.17,43.94,31.66,22.52,17.3,12.79,10.22,11.46,14.74,16.5
97.35,75.73,48.51,32.58,25.15,18.42,12.85,9.91,9.36,11.76,14.26,15.8
116.0,106.43,102.34,78.1,72.88,61.28,49.06,39.13,27.98,15.78,15.78,19.16
106.44,81.24,39.82,9.27,3.19,27.04,16.86,12.86,20.61,14.6,8.85,3.49
120.23,80.72,48.99,33.19,18.33,16.28,7.55,12.63,36.67,53.68,49.56,33.25
100.18,56.5,45.42,23.91,29.02,18.92,14.77,11.22,10.26,13.03,15.88,19.98
48.56,48.08,16.74,33.9,10.39,23.74,8.3,12.93,14.0,7.18,16.64,42.14
64.2,49.98,17.75,29.54,12.84,21.71,11.74,19.89,14.04,8.32,0.57,8.53
31.32,18.0,16.09,19.71,5.07,2.82,17.91,32.98,68.4,135.21,284.3,224.3
0.0,0.0,10.05,3.73,10.16,34.24,85.2,196.83,433.48,328.42,164.91,134.93
0.0,1.46,0.0,9.27,25.06,68.14,127.67,366.85,392.34,218.66,144.37,152.14
0.0,22.65,28.2,45.93,81.57,166.16,186.73,136.04,116.51,107.49,99.6,95.34
2.53,47.45,46.07,107.93,253.64,435.83,317.54,173.46,145.8,145.67,142.66,130.99
40.82,102.09,234.44,428.67,289.25,178.7,162.67,160.2,148.87,133.39,121.07,108.67
56.49,97.54,207.53,362.21,285.2,188.42,170.24,166.57,156.68,141.31,129.55,118.81
27.13,87.92,132.82,181.38,170.96,154.72,140.87,134.2,131.38,120.51,104.41,90.34
44.91,118.74,207.05,241.09,201.23,175.77,164.01,159.8,149.94,132.55,116.43,105.54
83.83,177.18,274.21,208.43,170.8,161.14,152.0,136.4,116.92,102.46,94.32,89.48
162.38,249.45,227.98,201.07,193.56,182.66,151.75,110.38,86.35,74.71,60.66,51.61
179.14,277.56,232.53,183.33,167.6,146.59,112.71,86.25,71.26,58.67,45.55,35.87
150.69,176.35,212.53,174.08,162.62,141.06,107.63,84.09,61.29,44.11,40.02,38.17
169.28,166.46,190.33,147.57,134.43,107.62,81.75,57.11,36.11,34.94,37.34,35.26
143.28,181.02,157.27,113.38,100.62,80.6,53.82,32.08,34.91,29.6,25.29,23.37
133.41,119.92,83.11,62.64,51.53,40.48,29.19,20.11,17.93,16.26,16.25,17.98
92.06,65.92,51.48,30.3,38.72,35.49,36.84,29.31,26.44,22.47,18.11,16.73
76.78,52.43,39.53,28.49,20.72,25.0,25.44,22.07,21.11,18.9,18.83,20.55
85.54,57.82,40.24,27.58,23.27,22.65,24.78,21.33,19.24,16.62,15.65,16.11
59.41,29.05,28.23,19.67,13.89,16.97,15.63,16.56,15.58,15.1,15.68,18.25
44.72,28.36,27.05,21.71,15.21,20.34,19.85,20.71,20.33,19.57,20.5,23.01
34.12,12.7,26.34,17.25,18.49,22.3,26.68,28.42,36.89,47.38,57.53,57.83
69.01,31.05,24.76,25.83,26.42,33.54,36.84,47.07,57.89,67.89,73.8,65.14
57.15,29.77,29.41,26.32,44.79,42.65,59.44,67.42,71.32,69.48,59.27,47.87
11.12,14.83,24.91,19.29,24.16,26.4,28.66,33.65,44.47,53.48,56.15,53.39
0.0,14.31,25.31,19.92,22.51,25.04,28.07,31.8,39.13,46.39,48.49,48.25
0.0,12.92,17.86,25.82,24.5,30.87,39.06,67.73,94.06,94.49,76.56,69.66
0.0,25.32,18.8,38.32,31.73,44.17,48.37,69.27,90.51,94.08,79.07,73.5
1.04,24.44,37.05,86.77,155.34,209.48,165.77,138.31,143.28,143.99,134.57,126.16
75.88,76.54,93.58,135.24,177.79,163.34,142.0,141.52,141.9,133.46,119.22,112.39
156.81,201.13,173.61,160.39,161.98,149.36,133.73,115.05,100.28,84.64,65.31,50.09
207.96,267.39,301.44,228.76,182.08,161.43,114.73,74.29,52.51,36.68,38.81,39.22
165.99,204.77,308.38,308.32,239.77,206.4,195.8,185.17,169.27,150.22,133.07,112.4
238.91,364.3,359.76,250.79,215.62,205.9,183.8,151.37,121.23,87.44,60.95,55.3
202.94,261.94,224.24,199.19,179.33,147.05,113.94,85.6,51.86,45.46,46.55,46.1
185.14,180.23,158.22,135.67,111.99,80.23,60.23,31.72,34.89,31.98,27.2,23.08
186.56,181.25,115.58,82.41,55.69,49.8,40.41,36.42,33.57,32.06,29.61,26.99
195.01,182.31,142.41,101.73,54.24,58.12,46.79,40.34,37.91,34.79,32.23,30.05
173.49,139.01,88.85,64.74,45.8,45.01,41.84,32.85,30.19,28.88,26.3,22.89
170.73,107.42,68.59,51.32,48.48,42.52,37.85,31.76,30.39,28.74,25.0,17.01
156.87,114.92,67.28,50.47,44.61,31.71,28.67,30.37,29.06,23.24,19.18,23.12
76.87,88.9,52.74,49.62,47.12,39.28,35.86,38.13,35.79,31.2,25.85,20.05
52.09,61.02,48.12,46.85,36.12,30.21,28.86,30.57,32.77,27.68,25.17,26.82
44.84,52.61,43.45,38.93,29.22,23.8,25.06,25.19,29.13,30.5,26.21,28.39
36.38,45.59,35.01,20.01,31.45,22.11,25.31,30.92,39.87,75.84,131.43,174.62
46.68,46.39,36.03,24.93,39.19,21.04,26.91,47.28,66.97,108.93,142.25,141.33
6.38,27.87,22.71,29.87,27.12,42.14,58.0,84.33,113.49,138.08,140.17,142.28
1.73,33.46,25.41,30.86,31.25,52.51,76.88,107.16,148.72,146.79,134.07,136.39
0.27,34.67,32.47,41.14,68.58,94.6,155.85,183.33,153.97,132.23,126.99,133.53
0.0,42.32,50.89,90.38,133.08,212.16,181.09,146.74,130.1,125.68,125.13,123.16
43.73,63.31,100.53,160.34,190.09,171.14,150.64,141.09,134.53,124.75,108.78,90.81
58.99,72.19,117.23,156.0,166.11,156.13,146.24,140.65,135.16,126.36,110.66,91.68
70.52,87.71,139.24,162.27,167.94,159.22,152.87,154.24,149.83,140.73,131.69,121.9
93.77,104.86,120.43,128.11,120.24,118.08,119.28,109.99,101.49,101.39,115.97,148.47
96.48,168.8,223.0,194.2,182.27,177.6,164.1,146.0,124.04,105.54,93.03,81.16
164.82,213.82,203.65,162.51,147.02,137.49,122.14,107.93,95.55,81.6,66.97,52.92
152.51,178.82,176.96,152.02,144.6,138.31,122.92,108.16,89.23,65.71,46.39,38.54
192.49,212.97,175.92,146.72,127.65,105.84,82.24,53.43,38.24,36.58,37.83,38.32
176.25,204.34,171.11,168.21,154.99,129.3,102.99,76.55,51.19,46.18,40.65,36.61
180.54,186.01,164.57,154.8,130.9,104.25,77.23,53.18,45.54,41.82,39.2,37.07
196.41,196.67,156.75,110.13,84.71,60.39,45.13,40.81,34.6,25.32,18.36,17.21
207.63,203.87,140.64,93.24,65.8,51.63,50.39,46.37,38.92,33.61,29.69,27.34
194.34,191.47,120.25,65.82,54.13,49.29,47.21,39.26,32.13,31.09,28.37,23.95
185.9,169.21,76.47,42.54,55.68,42.61,28.97,24.49,24.05,18.67,17.66,20.92
206.08,179.97,87.83,57.52,57.2,49.47,41.28,38.02,36.3,33.41,29.55,23.58
159.85,94.09,50.85,38.89,34.05,20.49,20.63,18.49,18.05,20.54,22.48,25.06
145.24,68.81,58.53,41.79,46.75,36.68,28.65,22.1,22.65,25.27,25.92,27.6
70.83,58.6,48.37,38.64,38.13,29.51,30.52,30.28,30.6,26.45,26.48,27.96
61.89,56.49,44.43,30.92,33.87,21.79,30.57,26.24,30.01,40.39,46.92,77.24
52.45,45.49,42.34,27.38,30.72,17.19,26.99,20.56,34.67,35.19,84.18,148.84
26.76,36.73,36.18,34.3,27.47,44.61,62.0,94.63,128.72,187.86,177.3,161.24
17.32,52.55,37.58,37.57,39.22,57.4,80.84,104.81,157.52,179.6,167.02,155.8
0.0,17.12,30.38,42.17,52.79,82.14,116.07,177.53,174.81,148.14,131.64,131.66
21.93,34.57,53.75,68.5,117.33,179.7,215.39,180.1,160.62,149.51,147.01,146.95
15.98,48.57,68.6,110.58,175.16,207.59,165.94,142.45,134.17,129.95,125.35,113.95
25.45,71.27,107.89,190.02,200.53,174.94,154.69,140.67,134.35,129.68,119.49,104.67
71.91,125.56,202.72,212.74,189.14,181.98,170.74,155.24,139.88,131.32,125.27,119.0
110.72,147.56,196.56,214.88,203.8,194.93,178.32,160.79,148.75,144.98,140.85,133.47
82.18,145.15,225.13,209.1,185.23,175.01,160.85,141.89,122.13,107.54,102.5,97.91
143.6,211.37,205.83,184.39,183.69,180.4,168.13,148.3,122.51,106.57,91.33,74.88
147.49,177.13,187.58,182.13,175.58,163.6,152.86,132.91,100.05,72.74,50.63,39.58
171.99,176.61,190.27,177.87,163.25,142.68,125.19,95.9,64.24,41.62,34.93,36.12
167.17,171.33,175.61,165.29,149.46,134.2,110.77,84.54,60.02,46.29,45.34,45.97
172.7,185.85,182.05,183.0,185.68,164.26,130.69,102.61,74.84,50.46,47.2,44.6
171.75,190.05,186.24,197.48,191.82,152.28,116.26,79.77,51.37,45.5,42.98,41.34
169.78,165.22,156.83,158.97,149.57,115.42,90.44,66.12,48.64,44.51,40.88,39.26
179.93,147.5,136.96,126.84,89.12,65.58,52.09,50.09,47.45,42.2,36.21,32.86
346.56,163.89,100.28,79.94,56.81,48.8,38.28,29.78,25.44,23.24,21.27,24.35
134.01,93.99,51.33,54.87,48.43,47.32,44.85,38.67,35.08,33.51,27.16,26.87
157.48,115.1,88.1,59.45,56.29,44.11,31.81,29.53,29.44,27.9,22.19,21.95
89.52,71.92,52.44,44.52,42.22,35.74,32.47,33.14,35.41,22.85,22.69,24.0
94.57,55.52,46.42,45.53,39.81,32.6,33.6,26.2,19.32,23.18,18.62,22.04
67.02,55.55,44.0,46.4,39.66,30.36,24.52,25.09,24.14,21.61,20.73,23.61
62.98,50.06,40.86,23.97,35.16,21.11,29.15,25.68,28.0,32.53,67.92,124.37
57.86,35.33,37.87,15.87,25.47,7.41,20.7,37.26,73.0,122.17,162.1,168.75
32.76,57.85,45.94,53.7,78.91,100.49,129.42,194.33,188.6,163.54,153.91,139.13
21.84,40.46,51.45,68.29,93.62,96.39,132.21,192.0,177.02,155.69,145.36,138.49
11.68,44.99,48.52,84.3,98.54,126.23,186.06,216.56,182.61,164.36,157.87,155.68
17.3,43.92,63.61,100.04,115.55,162.68,181.93,155.28,131.28,118.98,112.05,104.71
21.35,65.4,83.64,133.28,163.95,163.58,149.55,138.74,127.64,115.09,106.74,98.26
46.95,88.71,141.89,187.58,186.16,176.28,168.17,155.09,139.81,130.44,121.5,109.55
109.08,139.32,160.81,174.41,176.6,174.38,171.16,155.47,128.6,103.16,82.61,62.82
66.6,130.54,191.16,199.04,178.11,161.87,149.33,131.28,108.83,92.04,81.29,70.99
152.56,192.7,179.96,167.37,159.11,151.42,138.01,115.27,91.66,74.84,61.13,47.88
175.1,208.91,203.54,179.7,169.79,154.81,131.9,94.85,63.54,39.63,33.59,32.99
176.11,180.78,190.61,171.98,154.74,135.17,105.79,72.92,44.03,33.0,31.96,32.85
228.62,215.23,184.84,179.7,171.76,139.83,107.47,84.67,59.5,45.7,40.54,34.87
192.08,202.55,175.08,186.8,168.97,135.83,106.0,73.27,49.29,43.82,41.17,40.95
182.3,185.7,172.02,166.47,132.93,101.95,80.92,55.67,45.08,40.16,37.5,28.61
198.44,183.85,159.99,145.36,108.87,78.63,56.42,50.3,47.89,44.84,40.32,31.93
171.67,154.71,139.84,119.06,71.61,54.69,50.07,48.79,41.39,32.5,30.72,28.58
164.35,143.43,126.54,103.16,61.06,49.5,48.96,40.98,33.14,32.08,29.97,24.95
160.35,106.54,100.34,84.29,66.81,51.73,49.24,41.85,36.98,35.33,31.63,24.49
138.19,89.57,64.3,55.47,60.91,49.34,42.51,39.51,36.95,27.98,22.97,21.3
63.64,61.77,47.26,49.97,36.47,29.18,27.85,28.66,31.44,28.98,24.24,25.18
53.34,55.32,38.42,32.4,29.85,28.19,24.47,24.82,22.09,21.69,18.61,17.87
36.42,45.45,37.31,27.63,20.78,26.86,22.34,28.95,24.77,24.41,20.63,19.96
13.85,25.04,23.46,23.2,18.32,17.56,25.93,29.7,47.34,76.32,123.96,167.14
41.62,43.53,33.41,21.07,27.72,19.93,30.32,22.81,44.6,86.62,136.26,145.63
51.04,36.22,34.21,19.84,24.21,28.17,32.88,64.49,104.71,142.3,147.56,136.13
0.0,36.46,11.68,33.7,40.67,61.82,91.19,124.09,140.96,138.24,132.67,130.51
43.1,42.77,27.95,34.2,32.94,49.02,78.71,115.18,141.73,136.6,131.92,134.49
5.9,55.81,37.15,56.33,80.28,120.69,130.57,124.78,121.62,122.66,127.75,127.72
25.66,72.37,106.3,140.88,145.87,143.57,135.53,123.4,109.7,96.41,83.68,70.17
23.6,70.09,95.73,138.5,151.58,151.48,141.82,130.95,120.23,109.28,97.67,85.99
71.64,109.94,137.88,143.06,151.28,155.76,153.48,143.45,121.51,95.05,75.24,58.42
34.57,80.17,103.07,137.94,158.1,153.88,141.82,130.47,119.74,107.98,95.34,80.48
109.47,150.78,158.61,139.73,139.79,136.08,122.95,108.02,82.05,57.61,48.49,43.29
141.48,155.59,162.44,143.38,143.11,131.1,108.56,79.24,56.15,40.3,30.61,31.0
173.09,186.57,172.83,168.14,162.14,138.76,114.33,93.84,68.6,48.73,43.45,37.03
179.26,185.85,176.27,158.26,151.87,106.79,80.13,53.92,47.55,43.54,43.3,43.03
139.68,159.29,168.37,130.1,107.31,89.34,64.08,41.41,39.36,34.2,33.89,33.91
145.11,138.02,137.0,100.56,94.51,70.71,54.52,36.56,32.53,28.71,33.38,29.72
132.84,133.95,126.96,93.73,87.46,59.6,39.7,33.13,29.55,31.01,29.71,27.72
144.87,137.22,126.43,89.38,83.47,57.89,47.47,32.9,30.42,30.6,31.49,28.31
111.42,113.06,101.52,70.03,58.44,40.43,44.2,31.0,32.3,31.59,28.57,26.52
56.79,51.97,36.63,44.3,39.59,34.68,26.65,27.2,23.78,21.44,18.31,17.07
56.21,35.76,19.95,24.83,21.09,19.35,19.52,28.3,16.31,13.22,14.38,20.49
87.7,48.12,29.97,5.8,12.85,17.44,6.43,4.03,8.83,7.76,12.31,33.42
96.3,68.87,34.62,20.67,19.29,21.75,20.49,10.4,6.36,9.02,12.03,29.71
66.63,57.73,25.45,34.06,20.99,22.88,19.75,18.99,9.07,0.0,0.11,9.61
62.46,47.69,21.79,36.9,25.09,24.36,19.33,22.71,8.8,0.0,0.0,0.88
50.6,35.82,23.26,21.95,25.12,18.03,19.98,10.87,14.19,18.64,32.94,69.15
9.63,28.92,23.26,21.91,23.0,14.2,18.02,9.89,10.1,18.66,41.03,73.7
4.78,35.13,16.32,28.73,22.09,21.15,22.16,21.18,30.37,48.32,79.51,103.77
8.3,26.07,27.08,16.75,28.72,21.03,24.77,35.44,50.64,79.27,104.76,118.24
0.0,23.82,18.86,24.61,21.46,26.07,41.99,57.65,69.12,88.6,103.24,108.31
0.0,33.72,22.69,24.17,29.5,40.46,59.03,71.21,89.43,98.75,100.31,103.22
4.75,27.13,24.1,25.99,33.28,48.64,69.46,88.56,104.98,107.85,103.98,100.38
18.91,50.91,51.71,80.07,106.01,120.23,111.03,101.06,89.23,77.2,64.44,50.35
21.14,51.18,74.79,119.5,141.65,134.39,114.42,99.85,87.45,76.36,63.95,50.56
34.05,75.34,101.07,124.27,134.87,138.21,125.21,111.78,98.37,85.84,72.53,58.7
41.13,75.61,108.21,133.63,131.02,125.8,112.29,99.27,87.61,76.22,63.86,51.29
84.68,108.76,121.26,122.22,123.18,104.12,85.85,67.6,49.08,38.13,35.17,32.37
110.82,124.87,140.21,125.44,127.27,110.02,89.64,74.99,56.84,42.6,37.16,32.3
114.48,156.72,155.86,129.36,110.18,78.37,61.96,45.74,39.03,36.23,33.01,31.17
135.73,187.75,215.13,180.95,169.45,148.25,108.58,84.43,60.15,33.44,33.37,30.06
144.58,163.53,152.83,118.57,101.63,76.01,48.28,33.59,32.98,24.85,21.19,20.74
149.22,145.65,110.34,87.98,68.42,46.06,36.09,31.44,29.05,28.02,26.71,24.22
152.85,145.76,107.17,89.61,67.64,46.33,37.87,33.26,30.95,30.6,28.36,25.76
120.95,137.46,109.97,55.54,45.24,36.46,31.82,23.28,18.7,17.01,14.61,13.43
103.07,93.39,83.26,24.16,35.4,31.27,28.45,19.56,20.51,18.56,17.94,15.68
103.77,103.56,62.01,28.47,27.04,35.2,25.26,19.84,24.23,21.62,19.64,16.3
82.31,36.73,30.19,29.34,27.87,22.54,15.63,11.92,11.13,12.47,14.53,16.64
59.85,53.79,25.2,28.81,12.07,20.53,13.45,20.75,17.53,22.13,57.17,107.47
76.45,67.1,25.49,22.42,13.18,18.21,14.98,12.63,10.88,36.32,62.77,131.28
64.45,27.07,24.65,8.6,18.41,3.35,10.83,10.48,15.23,17.19,22.11,15.28
0.0,17.61,23.22,15.23,18.83,11.38,19.62,15.62,23.72,23.77,13.73,17.39
0.0,17.56,26.33,18.85,13.22,17.72,8.02,12.9,18.74,28.68,45.45,69.18
0.0,20.25,25.61,17.59,4.33,15.43,33.66,68.52,174.52,188.84,116.89,101.43
0.0,18.17,13.62,19.08,28.55,57.44,119.9,291.18,243.38,140.91,121.23,141.37
0.0,16.33,12.92,33.09,72.32,159.52,374.98,264.65,129.89,116.29,142.31,167.65
0.0,24.81,25.34,61.82,138.05,418.8,332.47,165.11,143.62,166.85,192.17,176.12
14.77,30.19,38.84,55.5,95.25,157.42,152.93,129.95,118.78,109.52,88.17,64.29
23.14,34.9,44.45,64.6,100.98,155.62,149.28,131.63,118.53,93.88,65.42,49.96
24.91,52.03,77.74,154.88,199.44,166.42,149.88,132.49,113.55,88.18,63.07,53.8
51.93,58.52,64.51,81.94,89.99,96.41,112.32,121.48,114.08,101.8,90.87,81.68
101.47,85.79,83.27,86.99,97.0,92.02,85.55,82.31,80.94,79.88,76.78,77.69
103.68,80.48,77.87,77.45,75.85,71.84,71.57,71.33,70.43,75.89,85.26,92.61
121.41,102.44,92.84,87.05,88.41,90.95,94.07,101.24,101.16,97.11,102.56,123.88
120.21,126.15,116.09,100.99,90.19,88.91,96.73,106.91,109.41,108.41,109.58,118.64
123.09,114.95,130.01,117.18,102.01,78.82,50.75,35.95,33.35,33.58,27.98,25.36
119.61,83.97,93.86,93.05,99.07,89.92,63.18,41.58,31.3,30.12,30.23,26.44
92.86,62.19,41.0,44.46,36.02,32.86,24.74,27.4,27.65,28.2,28.8,29.78
63.83,53.99,45.6,52.51,40.15,32.33,30.17,25.23,28.62,31.16,31.82,28.79
61.65,50.18,30.05,40.56,31.1,13.85,16.21,24.46,27.5,34.82,35.55,33.48
52.76,41.41,21.39,37.93,29.67,26.61,20.32,19.63,21.97,26.87,28.62,30.85
59.61,47.0,30.9,44.85,25.76,27.32,25.9,23.06,28.89,33.06,42.2,46.04
78.9,74.09,52.63,49.58,40.02,34.18,29.78,40.29,41.87,50.95,50.5,48.7
54.64,31.72,23.41,33.46,28.1,17.24,17.09,16.0,26.16,27.97,50.63,86.71
65.91,31.31,28.61,30.22,32.25,28.53,25.65,38.07,50.14,90.66,133.23,145.87
51.45,16.39,23.52,25.55,30.01,24.4,25.55,35.67,55.39,98.93,188.51,279.36
18.13,10.04,14.57,26.98,29.68,46.02,66.11,106.92,189.84,288.31,307.12,225.53
12.99,9.03,17.1,24.57,24.85,44.05,57.79,93.32,143.25,236.95,256.14,197.19
0.32,18.71,24.02,31.79,52.4,81.66,159.89,282.17,246.86,182.02,162.15,162.31
17.43,18.4,48.29,49.39,80.54,144.0,229.81,235.74,206.43,186.52,177.1,172.33
47.79,28.99,48.42,57.37,85.99,126.54,182.62,205.78,195.79,182.15,173.36,168.56
65.64,41.09,51.94,56.24,74.82,89.0,96.37,105.03,126.11,142.77,140.07,130.64
97.59,60.33,44.68,40.97,35.05,33.2,45.62,65.68,86.94,97.49,100.05,104.46
120.91,126.62,124.35,104.65,97.09,99.87,109.8,115.88,119.28,126.4,149.02,205.34
145.56,187.11,185.4,161.95,154.31,152.43,151.02,150.69,154.36,160.26,172.33,180.85
192.16,309.24,449.97,396.96,405.37,657.56,987.24,1011.04,748.02,342.35,182.76,125.06
398.4,519.44,424.0,359.23,391.65,553.28,627.18,403.46,186.41,101.53,69.65,55.23
263.5,330.97,247.96,306.64,492.13,642.3,550.86,344.02,165.59,106.93,78.15,63.42
288.58,388.49,406.41,643.55,790.69,589.95,260.43,134.75,92.89,64.12,52.09,51.97
376.33,507.68,499.29,461.25,349.04,169.38,91.18,54.01,44.31,43.07,42.92,47.1
292.83,406.29,303.13,148.58,66.16,56.5,47.57,45.7,44.76,42.84,42.45,46.6
203.37,170.88,70.3,35.95,46.21,31.41,25.23,24.61,21.79,26.1,26.34,34.34
205.43,166.33,71.28,49.65,47.11,25.6,32.24,23.44,36.26,41.68,41.37,45.8
128.42,68.17,49.67,51.85,45.44,33.49,34.15,31.84,25.87,22.8,21.05,18.81
78.51,60.89,51.81,45.09,37.0,28.94,28.65,30.08,33.35,31.04,28.15,20.87
57.35,57.11,49.32,43.43,31.47,24.09,24.83,23.68,27.44,30.28,28.54,28.84
42.58,44.14,45.17,29.27,22.83,20.47,26.78,27.61,33.02,52.53,58.03,184.54
36.46,49.13,36.03,20.99,36.95,31.26,25.42,37.35,37.74,80.98,133.29,157.54
39.1,32.69,34.71,32.65,33.81,31.66,55.36,82.97,109.11,143.51,145.23,144.08
24.24,38.25,33.52,27.17,42.09,65.04,86.93,124.07,136.16,136.74,143.0,154.94
12.19,28.75,36.45,32.57,63.29,93.39,127.51,145.18,138.24,136.93,143.03,152.65
0.66,31.41,43.03,59.17,99.3,140.72,169.51,151.43,136.69,133.37,135.87,141.14
11.34,52.97,74.91,104.22,145.59,171.8,152.37,138.24,133.68,130.7,126.02,117.75
74.99,54.42,94.96,105.73,109.56,116.52,122.76,131.58,140.65,140.38,131.23,128.33
85.39,71.85,128.89,139.22,124.99,113.47,114.31,122.74,124.03,124.77,123.87,122.0
127.62,137.54,156.82,166.78,161.56,162.2,168.03,187.34,216.04,262.5,352.9,453.06
97.48,174.55,238.79,212.22,195.6,183.75,169.7,152.79,125.96,98.21,74.15,53.12
120.06,158.32,146.55,122.8,112.56,102.76,86.43,66.97,55.41,50.02,42.53,33.85
126.61,152.78,139.45,122.93,110.15,88.2,66.37,51.96,39.63,31.99,25.76,19.74
150.32,164.9,194.16,170.17,162.83,149.7,128.11,96.1,66.77,42.09,36.74,32.83
261.55,236.64,201.82,181.93,161.95,140.8,113.51,87.14,62.11,52.31,43.38,34.9
215.08,233.15,190.26,182.57,160.26,128.18,97.2,69.91,48.19,41.13,34.87,31.71
356.81,249.54,216.3,192.68,161.06,118.59,81.46,53.68,42.87,35.02,29.47,26.59
228.44,228.86,185.19,142.59,106.06,76.59,51.21,48.21,39.5,30.03,27.53,26.83
235.92,241.83,166.71,109.64,70.68,58.31,46.94,41.52,37.17,34.15,30.35,25.51
211.5,229.64,156.56,93.73,60.56,56.84,48.93,36.65,30.72,27.08,24.16,21.53
208.6,190.18,100.37,49.25,57.02,53.37,34.95,28.14,29.18,27.57,25.47,23.36
175.66,134.77,104.12,58.12,41.3,41.34,29.34,26.28,26.65,22.15,20.1,22.54
106.11,68.77,44.32,40.85,42.49,36.36,33.33,35.52,27.04,22.42,25.33,24.21
82.84,64.09,46.28,39.28,45.31,30.78,33.57,33.92,27.38,25.96,22.03,19.67
75.3,56.98,48.94,41.51,42.46,27.54,31.56,31.09,29.81,29.17,26.84,32.62
66.24,42.52,45.6,28.2,34.5,20.06,25.05,23.43,33.22,29.23,55.59,130.94
60.53,29.94,45.23,20.82,30.56,13.78,33.32,54.13,89.64,143.73,170.77,164.55
60.33,36.7,44.69,33.35,34.97,28.08,49.44,65.32,106.65,163.84,162.63,140.87
40.11,40.6,40.06,36.29,24.1,39.49,64.16,93.77,137.72,181.54,157.65,136.87
24.41,38.19,36.4,33.0,27.35,50.29,85.1,116.99,180.67,167.21,140.73,125.67
22.06,34.95,48.17,55.1,91.8,142.36,215.97,178.79,145.04,125.44,120.19,122.06
32.85,38.96,66.58,75.27,141.39,203.38,196.9,157.2,138.14,131.32,129.31,127.62
67.95,56.48,91.69,95.48,103.41,116.1,127.61,122.0,116.56,118.7,117.21,113.12
79.35,85.65,101.67,134.67,166.35,181.44,183.46,162.83,139.74,125.87,122.2,125.54
108.45,102.33,147.4,153.14,146.45,138.62,132.15,133.02,132.4,120.76,108.05,96.86
203.24,235.88,180.92,168.7,168.84,177.55,180.6,170.47,152.36,131.16,111.51,93.65
189.29,200.03,164.4,156.53,156.86,157.11,152.09,139.8,124.19,111.24,103.12,98.57
164.06,176.44,189.99,161.4,133.39,111.19,103.13,98.35,99.61,114.66,125.44,122.28
199.85,205.48,176.23,139.87,118.46,101.86,79.91,53.72,40.01,40.28,41.94,42.74
175.19,184.29,176.51,148.37,118.4,80.39,50.92,33.98,34.18,36.3,43.47,46.35
180.31,215.5,191.69,198.4,174.79,131.66,83.18,47.92,49.65,52.36,48.06,40.16
197.3,227.04,193.67,196.82,159.08,106.53,55.95,46.5,46.72,43.11,41.39,37.23
253.89,323.09,258.21,204.62,126.14,58.51,44.81,48.42,43.3,38.44,33.32,28.63
195.57,225.5,180.62,141.54,78.32,53.52,52.64,49.1,36.93,32.96,34.51,35.31
197.7,165.09,91.68,54.95,59.93,61.19,45.22,43.18,35.44,23.69,19.16,21.04
142.69,99.07,50.78,40.36,43.82,33.91,28.76,27.75,24.66,17.42,19.8,20.65
149.32,78.54,47.49,41.97,43.76,28.97,25.36,25.29,17.55,19.67,21.03,24.38
152.15,120.78,83.03,35.94,59.32,53.28,38.92,30.62,23.02,22.44,27.83,30.19
90.74,79.48,46.73,46.72,49.89,42.7,36.91,31.75,28.65,25.8,30.43,28.33
57.81,64.62,41.91,34.12,37.97,31.82,30.57,29.64,37.87,39.12,59.62,151.31
66.28,35.79,43.49,27.34,34.91,21.2,31.11,46.79,69.27,130.06,168.59,161.8
63.83,43.57,29.1,39.87,24.81,46.68,71.33,89.03,124.02,164.04,143.88,118.16
37.58,34.0,53.13,38.77,59.04,84.83,110.88,169.53,179.77,148.09,137.54,130.83
25.82,33.58,54.25,53.67,84.18,114.67,168.24,175.08,146.63,142.25,144.74,132.44
25.16,31.09,71.14,62.04,117.56,183.84,211.03,161.8,144.07,142.67,133.92,118.74
40.31,52.31,60.08,75.76,126.07,169.73,187.74,168.66,153.78,145.43,137.85,127.06
62.1,42.34,72.62,96.06,144.85,175.95,176.68,152.12,138.02,133.23,127.06,116.01
60.42,59.41,63.48,88.49,144.01,193.17,179.7,148.66,127.75,114.22,103.3,88.74
81.1,85.24,82.18,93.1,105.73,115.1,132.77,145.24,134.17,123.1,118.14,115.7
96.67,125.89,123.27,101.7,111.06,134.76,136.72,126.31,119.49,105.84,81.64,60.79
152.58,163.32,152.21,142.38,140.78,134.21,125.03,113.38,110.75,106.47,95.03,74.73
200.45,218.07,178.62,152.53,134.83,119.95,101.03,80.49,61.16,50.9,46.89,46.79
193.24,217.97,179.4,171.06,165.65,150.93,134.03,112.33,80.51,55.94,50.27,50.05
210.1,229.23,173.55,170.28,168.6,147.47,123.04,85.71,53.11,49.89,49.31,48.03
239.82,235.18,179.12,162.05,139.39,99.89,61.14,47.21,44.37,43.99,44.16,43.46
212.68,203.73,172.07,146.96,111.0,73.2,51.67,45.44,42.81,41.57,42.53,37.65
200.51,191.63,167.88,139.73,96.82,65.83,52.19,48.12,44.88,42.47,39.89,34.96
212.77,212.31,179.66,159.3,120.87,70.68,48.63,44.38,42.48,40.68,39.0,34.76
214.9,228.57,191.54,140.9,78.68,56.15,50.11,47.67,45.08,39.66,33.54,29.72
209.39,246.64,182.46,139.85,85.0,53.25,50.68,53.17,51.59,49.77,45.32,43.88
96.37,83.47,57.48,70.79,54.06,41.47,41.65,33.08,32.57,26.45,30.11,31.24
102.73,99.28,82.01,69.01,65.54,51.79,48.6,42.44,35.9,32.44,29.75,21.33
57.42,66.72,51.81,47.02,45.76,43.0,43.84,39.53,33.1,28.99,28.03,33.28
51.26,51.89,52.94,37.41,39.72,33.37,38.72,42.81,47.54,49.65,51.26,55.1
32.19,37.07,31.52,21.01,25.67,27.55,31.67,41.88,66.37,94.11,122.86,132.0
79.36,47.44,43.38,39.51,36.44,40.95,59.64,91.8,115.06,118.08,111.95,101.44
48.99,47.38,41.51,44.91,33.22,37.18,40.38,51.42,62.42,74.57,78.66,82.67
54.77,62.65,45.26,46.73,46.92,43.19,39.54,47.59,61.49,75.57,85.54,96.35
67.8,52.99,54.16,52.34,53.34,42.02,39.61,50.19,68.93,85.52,99.11,111.18
62.57,50.2,53.5,52.08,51.46,45.95,60.78,81.21,99.8,114.84,122.08,123.02
58.11,47.95,72.07,82.9,112.13,142.31,153.9,136.12,124.61,124.04,124.8,120.28
71.88,70.51,89.31,101.43,105.52,107.34,114.42,113.02,110.64,109.38,106.52,101.78
82.6,108.14,127.91,117.02,120.18,124.0,112.09,100.02,90.97,83.7,74.2,63.21
98.34,102.28,119.04,110.35,106.23,104.18,101.71,102.1,101.45,95.88,88.66,76.2
181.11,191.54,202.69,184.16,171.53,167.3,157.1,138.83,112.57,79.55,51.35,47.32
230.92,227.22,179.79,166.96,162.21,159.53,143.38,129.23,109.28,74.92,53.54,48.87
162.92,177.01,143.33,117.3,101.67,83.92,61.52,47.24,43.71,39.01,30.96,25.92
263.16,232.75,182.74,162.61,126.34,90.01,61.99,44.47,39.19,32.72,29.59,27.51
210.78,221.42,173.22,133.44,95.64,64.62,48.15,43.05,39.38,37.08,30.75,25.86
178.57,173.5,139.83,87.14,61.77,55.95,52.26,49.09,41.81,37.22,35.06,31.37
158.86,139.01,107.84,64.14,55.54,55.09,44.84,37.81,33.18,32.42,29.8,23.09
121.41,127.36,90.76,69.97,50.62,56.56,51.93,42.57,36.81,36.06,36.25,29.76
102.81,114.77,72.29,65.69,55.35,53.32,46.1,40.21,35.66,33.31,29.03,26.04
52.87,66.86,44.8,46.25,40.3,30.66,32.16,31.69,27.14,23.93,25.08,29.63
71.93,47.99,36.81,43.02,45.79,43.6,35.15,25.55,24.78,21.7,20.04,24.14
63.93,67.29,54.02,47.52,46.68,44.23,40.95,38.76,40.57,41.49,35.57,33.09
97.27,77.25,66.12,59.05,62.34,68.72,61.56,54.95,45.82,38.9,39.14,41.21
76.27,77.5,71.82,59.09,52.51,43.34,40.04,39.89,40.99,41.24,42.94,45.89
15.57,53.76,41.05,55.75,63.34,78.01,89.57,98.47,103.04,100.58,92.06,79.82
71.72,74.11,73.76,64.98,98.22,111.92,108.85,95.94,80.88,55.41,41.9,39.83
0.0,48.95,24.47,45.92,59.32,94.11,125.44,125.5,110.03,97.91,87.11,77.97
6.68,39.61,32.01,49.11,66.52,89.85,111.95,120.69,111.99,99.51,87.69,77.75
0.0,31.42,33.48,46.58,77.0,102.7,122.89,125.26,112.22,100.13,89.44,80.13
113.49,96.32,117.35,113.42,131.17,141.83,124.97,94.43,65.39,42.3,36.26,29.99
37.63,72.09,104.48,140.17,155.68,157.79,147.91,138.31,134.3,132.5,128.8,115.26
49.26,85.78,99.76,117.77,137.64,145.71,135.81,128.75,123.18,115.49,105.58,97.66
18.86,59.3,82.45,113.18,132.9,145.44,130.59,117.7,108.49,99.04,90.23,82.37
17.31,61.47,82.55,112.92,131.79,150.79,136.32,126.82,119.49,110.74,101.09,91.93
20.87,54.21,77.69,121.23,138.57,133.19,119.81,108.6,98.56,88.08,75.94,63.64
56.53,73.15,107.85,116.6,114.95,103.53,89.46,71.95,54.98,43.81,39.14,36.45
