135.67,130.87,275.45,531.89,652.35,645.97,635.72,620.54,602.34,591.02,584.53,581.08
113.87,176.0,377.76,610.44,626.07,607.32,586.85,576.91,571.7,565.02,550.03,516.22
424.94,535.23,606.97,601.86,585.1,578.23,574.55,569.0,555.53,521.13,433.31,288.01
527.8,579.16,587.57,578.69,577.76,576.11,572.8,565.47,548.12,506.96,403.78,244.23
589.84,593.94,581.82,578.27,578.08,576.64,573.72,567.6,553.54,521.15,435.42,282.11
591.58,593.33,581.56,578.19,578.06,576.63,573.7,567.55,553.42,520.87,434.78,281.26
592.43,592.75,581.38,578.15,578.08,576.67,573.74,567.59,553.45,520.9,434.91,281.62
529.32,562.32,584.04,579.16,578.58,577.24,574.64,569.42,557.55,530.43,459.23,317.24
509.44,532.81,568.6,577.72,578.5,577.21,574.64,569.48,557.77,531.06,461.24,320.45
465.82,510.93,542.25,558.81,571.82,568.29,556.05,529.61,461.97,322.06,176.53,103.87
449.33,497.85,534.73,563.89,575.07,573.28,568.85,558.75,535.44,475.84,341.08,183.51
483.47,504.64,537.97,566.13,573.09,570.99,566.56,556.53,533.23,473.37,333.08,176.5
554.37,544.38,555.51,567.81,568.28,562.12,547.43,513.5,419.48,252.8,137.39,88.48
572.97,553.62,558.2,566.34,565.58,556.39,534.68,479.44,342.76,182.34,103.46,91.2
556.24,544.05,555.1,567.01,567.0,559.61,542.0,499.99,386.64,216.49,119.27,88.88
529.59,524.43,545.36,564.96,565.67,556.22,532.7,468.95,320.78,166.6,93.82,92.2
542.71,510.73,510.32,501.74,418.04,250.28,127.5,78.1,122.68,336.18,634.9,680.76
516.67,487.38,471.81,376.15,212.52,107.02,77.94,157.35,405.23,682.52,689.96,677.73
441.05,435.83,431.64,349.97,196.6,97.36,77.47,170.95,432.93,689.58,690.87,678.85
400.83,351.63,296.04,146.86,63.85,71.73,173.92,447.23,698.7,701.17,694.75,679.54
315.94,206.91,111.69,58.19,75.43,169.85,443.84,693.57,698.91,696.32,686.7,668.42
109.16,40.39,48.69,94.64,253.12,545.33,700.27,700.73,699.23,692.57,678.28,655.32
187.79,80.41,62.21,92.91,205.44,473.5,682.24,681.56,675.77,663.33,637.65,621.68
99.44,47.11,69.13,144.03,360.59,632.0,675.89,670.94,660.83,646.29,627.61,615.1
64.38,78.19,214.19,500.65,678.96,676.18,669.41,657.86,634.36,615.37,612.94,612.51
82.27,163.37,412.97,652.52,668.38,661.83,651.09,631.56,604.69,594.65,593.76,593.6
103.33,269.55,531.7,653.7,646.19,636.37,613.37,596.9,593.77,593.4,593.34,593.34
358.41,595.84,646.62,641.56,630.86,614.94,604.78,601.37,600.88,600.76,600.74,600.73
489.25,600.43,640.29,634.02,623.12,614.05,608.93,605.62,603.85,603.1,602.76,602.57
513.35,571.26,622.38,611.43,603.2,600.68,599.39,597.62,596.52,595.91,595.53,595.24
605.27,604.35,604.33,598.76,594.2,592.75,593.36,593.04,592.03,590.65,588.64,585.41
599.04,602.3,602.38,595.55,591.24,587.67,586.38,582.72,575.25,562.49,541.84,508.13
580.64,590.1,599.09,594.09,586.54,567.75,531.54,464.44,381.99,314.94,276.8,251.99
590.76,593.95,598.85,593.52,585.85,566.6,514.01,410.23,301.52,242.96,211.29,184.78
591.17,595.9,599.71,593.81,586.48,568.35,517.32,405.5,285.87,210.34,160.94,141.04
556.79,571.08,593.39,593.62,588.81,573.49,529.57,425.0,297.08,208.76,143.36,115.24
566.25,574.01,591.0,589.72,579.38,546.52,449.07,321.04,222.94,140.31,85.58,76.53
595.08,590.21,591.31,578.98,541.93,434.63,304.82,209.76,124.35,68.0,61.53,73.43
501.56,516.25,559.56,570.99,521.73,400.31,265.25,167.69,88.81,59.0,60.22,75.74
579.15,580.37,574.94,503.81,377.79,249.91,155.54,84.86,59.62,60.19,76.49,148.27
489.96,492.02,482.61,367.8,246.02,158.22,91.12,65.32,66.45,85.17,166.88,308.44
489.73,474.87,427.82,295.57,185.67,99.33,64.5,65.31,79.85,131.89,255.15,469.77
478.28,460.39,412.22,257.84,129.15,50.77,42.9,54.04,82.91,177.76,384.06,635.76
427.27,434.31,399.86,233.42,97.67,37.62,35.52,57.07,114.89,269.7,517.67,686.41
323.67,309.38,283.47,168.83,51.72,31.89,46.38,79.12,179.19,415.73,684.26,699.97
241.47,88.11,22.77,26.28,46.29,87.61,228.14,529.87,703.93,704.31,702.7,696.05
159.09,35.07,20.03,47.71,91.1,194.15,478.63,697.27,702.58,701.69,696.96,687.83
66.14,8.03,38.43,122.22,318.63,602.11,695.11,696.07,689.71,670.09,645.01,634.19
11.52,48.08,160.15,400.33,640.39,679.5,678.41,671.72,660.46,635.93,618.68,609.85
47.86,136.58,394.03,632.8,660.86,657.44,650.23,632.24,605.63,594.22,591.53,590.82
156.66,345.0,578.18,660.54,656.92,649.88,631.04,604.06,592.97,591.07,590.68,590.59
269.81,533.31,663.28,660.47,649.56,627.67,608.96,602.57,601.97,601.88,601.86,601.86
528.44,613.51,643.49,639.34,627.45,607.9,601.73,597.73,593.4,590.06,588.89,588.54
613.45,617.23,602.52,587.5,584.1,584.56,584.59,583.8,580.84,577.48,576.11,575.52
610.13,612.02,600.36,588.47,583.69,584.37,584.63,583.94,581.09,577.67,576.23,575.63
606.25,603.74,596.8,589.85,587.5,585.96,585.07,584.24,581.48,577.98,576.49,575.86
599.55,594.96,591.78,589.49,590.31,590.54,586.97,584.95,582.11,578.52,576.96,576.32
600.17,592.2,585.12,585.07,589.72,593.13,591.23,586.55,582.64,578.81,577.16,576.5
519.05,546.67,571.73,574.68,583.82,589.74,590.94,588.01,581.6,576.61,574.7,574.0
586.15,589.67,581.1,575.42,576.06,577.03,572.81,563.96,546.88,516.7,459.75,350.57
473.38,531.45,561.75,568.83,577.69,577.88,568.4,548.95,511.48,426.0,288.33,170.33
499.57,535.07,561.5,568.73,577.93,575.91,561.26,526.45,414.27,242.07,133.94,77.93
456.56,511.06,548.46,569.12,558.45,483.88,304.05,138.45,56.3,63.51,120.83,282.0
498.54,527.78,561.28,557.99,492.04,314.23,140.57,55.5,59.05,102.65,230.12,462.48
504.02,521.86,540.78,490.21,310.14,135.92,54.09,58.38,99.02,211.96,443.32,675.06
555.26,448.44,256.51,108.76,46.44,56.52,105.61,292.88,606.5,700.65,691.19,673.9
519.71,343.45,150.81,52.01,47.38,80.92,205.03,502.37,701.47,698.97,693.77,684.61
528.78,313.23,114.26,39.07,48.0,99.9,290.26,602.87,692.22,684.33,667.92,640.62
316.47,129.79,30.44,34.56,73.48,218.34,514.18,680.0,673.92,659.03,632.02,620.49
113.96,17.08,31.22,78.79,213.84,496.71,676.73,674.54,667.34,646.4,624.91,617.2
64.39,6.69,31.73,79.95,198.81,477.86,678.27,676.94,670.21,650.76,627.72,619.53
27.04,40.07,118.22,336.93,607.61,668.79,663.23,649.02,621.2,610.13,608.57,608.36
35.27,66.3,194.68,448.74,645.35,636.47,619.7,607.74,599.62,596.36,595.01,593.59
240.74,478.79,618.28,617.74,606.75,594.95,587.84,585.88,585.31,585.0,584.78,584.62
501.23,615.65,645.78,639.57,629.52,613.11,606.76,601.08,595.24,592.77,592.07,591.84
582.31,621.09,617.31,603.68,600.54,598.63,597.15,596.42,596.1,595.85,594.96,591.84
584.43,619.46,617.6,605.74,600.17,597.3,595.89,595.28,595.02,594.8,593.93,590.83
609.68,615.84,611.61,603.81,601.25,597.2,595.44,595.1,595.02,594.89,594.05,590.98
600.79,611.02,610.56,604.18,603.96,601.65,597.17,595.49,595.2,595.03,594.2,591.13
576.54,596.09,607.56,604.2,604.74,604.59,601.68,597.24,595.66,595.29,594.43,591.37
581.16,591.84,598.49,598.11,604.69,607.51,607.42,604.71,600.47,598.91,597.88,594.8
478.96,531.16,568.76,582.02,592.89,597.57,598.63,599.1,597.12,593.24,590.97,587.44
485.59,531.62,562.99,573.72,584.1,583.9,578.33,570.61,560.12,542.98,514.35,464.75
485.76,532.16,561.55,571.3,581.77,580.49,570.71,553.14,524.6,466.01,347.86,212.97
492.02,533.13,561.17,571.17,580.74,577.28,561.9,526.18,406.94,224.48,118.94,75.13
510.35,540.59,574.15,582.51,578.86,564.17,524.29,389.84,200.44,91.88,61.08,83.51
512.76,549.6,587.04,582.24,574.42,549.38,460.09,276.35,131.13,62.84,72.86,146.44
561.69,588.85,579.96,566.22,523.08,369.36,169.39,70.0,62.51,112.36,275.11,509.45
586.22,581.02,561.89,498.39,320.62,140.56,57.88,65.34,129.68,315.22,567.3,690.71
573.48,569.97,541.5,407.72,210.93,90.75,65.28,124.77,342.54,652.03,695.85,683.55
555.6,443.17,229.21,84.6,50.13,76.54,197.77,490.55,702.67,703.22,698.63,684.05
433.06,207.33,75.15,38.03,59.0,126.15,356.64,660.94,698.2,690.9,677.37,653.32
426.08,195.52,69.12,47.59,83.24,250.55,565.08,698.9,693.71,679.92,649.97,635.68
269.57,102.02,42.03,75.28,241.71,547.92,677.72,671.53,658.34,629.89,617.0,614.78
95.69,24.9,65.44,238.11,538.7,674.53,666.82,644.81,625.01,615.57,614.0,613.75
42.08,71.84,232.54,514.16,670.45,664.36,646.86,617.36,603.55,601.05,600.7,600.65
131.0,254.98,499.75,658.83,656.2,647.64,621.75,603.59,600.07,599.67,599.61,599.6
223.19,440.06,650.41,654.8,648.44,628.71,605.42,598.1,597.23,597.01,596.96,596.95
485.17,603.7,647.1,640.66,625.85,608.05,601.96,598.55,597.45,596.66,594.16,590.4
602.32,619.7,608.69,599.21,594.55,592.2,591.55,591.34,591.26,591.24,591.21,591.06
579.0,613.13,603.3,593.31,592.36,591.74,591.42,591.28,591.22,591.2,591.18,591.04
596.48,609.63,598.94,592.31,592.04,591.65,591.38,591.26,591.21,591.19,591.17,591.03
551.67,582.94,600.87,593.15,592.28,591.72,591.42,591.28,591.23,591.21,591.18,591.04
601.24,593.26,589.3,590.43,591.43,591.44,591.3,591.22,591.18,591.17,591.16,591.02
543.59,563.71,582.12,588.07,591.23,591.33,591.27,591.23,591.21,591.2,591.19,591.05
487.84,532.31,562.3,576.96,588.96,590.36,590.79,591.02,591.12,591.17,591.18,591.04
439.38,519.46,552.2,570.19,584.19,586.4,586.5,587.04,588.05,589.0,588.94,586.17
490.97,532.77,561.96,574.02,582.12,577.87,564.93,540.55,485.5,373.2,229.94,140.56
422.22,505.22,547.17,575.16,579.56,570.57,543.64,453.25,273.25,129.21,60.54,57.31
569.25,581.71,581.09,576.03,564.18,527.46,399.07,207.64,97.12,58.83,72.19,140.13
537.91,559.06,579.17,576.67,567.61,537.78,428.64,237.97,114.62,59.0,67.16,123.27
463.41,520.57,561.58,571.4,565.7,535.6,418.32,217.95,98.49,56.35,70.85,141.79
562.4,574.53,571.46,560.37,514.9,355.05,154.95,66.52,66.77,124.91,300.24,536.45
577.61,571.38,559.19,503.47,329.49,141.76,58.87,66.07,131.58,319.62,571.9,690.01
574.51,546.9,429.89,228.18,92.55,52.82,79.91,176.81,412.9,659.44,697.79,691.34
561.29,500.87,314.42,139.43,57.65,67.9,147.5,382.56,678.92,701.87,695.42,680.39
372.93,191.12,73.51,54.5,84.62,233.77,544.27,700.31,699.53,693.86,678.63,651.81
191.08,68.17,55.18,106.63,301.79,599.78,686.19,681.55,674.75,657.55,631.76,622.9
61.0,44.94,112.58,311.13,584.69,677.35,670.44,657.54,628.88,615.94,613.63,613.31
56.74,95.08,294.4,559.04,662.62,654.55,648.05,633.05,605.67,595.97,595.15,595.0
78.93,230.27,520.3,659.86,649.23,636.38,608.39,592.02,589.86,589.58,589.54,589.53
287.83,527.93,647.1,643.45,633.71,606.88,589.82,587.34,586.99,586.94,586.93,586.93
517.18,619.09,644.82,639.25,627.72,605.79,598.36,594.98,593.37,590.13,586.61,585.24
606.51,619.99,603.75,591.04,585.99,584.1,583.69,583.57,583.52,583.36,582.41,579.15
607.35,614.79,600.55,589.49,585.22,583.96,583.65,583.56,583.51,583.36,582.42,579.17
609.29,610.8,598.72,592.03,588.66,584.9,583.79,583.58,583.52,583.37,582.44,579.22
547.28,581.64,603.61,594.35,592.76,588.77,584.8,583.74,583.56,583.4,582.48,579.27
498.57,539.71,581.07,592.95,593.91,592.53,588.55,584.7,583.7,583.42,582.46,579.19
536.55,555.24,578.41,588.25,593.02,593.16,592.14,588.39,584.65,583.58,582.52,579.27
440.44,519.66,551.47,573.35,590.57,592.6,592.73,591.75,587.19,580.28,576.24,574.84
437.74,514.05,541.43,562.01,583.68,588.49,587.69,584.37,579.77,572.82,564.82,557.15
432.77,510.39,535.53,551.58,575.51,577.2,563.77,532.42,455.25,320.71,184.53,104.23
450.75,518.87,538.83,546.24,566.18,569.74,548.27,476.26,312.18,160.44,86.36,72.48
506.53,539.43,570.48,579.58,576.32,562.01,518.04,379.13,191.29,81.64,49.93,63.63
603.82,595.15,588.91,582.67,571.48,542.91,445.04,263.98,125.52,56.87,52.67,71.6
509.32,543.23,580.04,583.06,573.52,542.09,429.12,238.58,106.82,49.25,56.76,92.67
517.19,539.67,566.44,561.48,505.62,336.16,149.04,60.27,63.68,120.23,283.04,516.35
565.13,578.72,558.74,475.94,288.23,129.31,52.95,62.6,117.92,280.79,533.26,694.83
577.62,554.49,436.89,239.67,100.5,52.08,75.68,167.31,419.81,690.99,704.65,701.85
534.36,431.15,245.31,101.42,50.45,71.22,177.68,456.29,701.21,703.25,697.57,683.7
395.16,170.87,48.58,38.29,79.3,252.91,565.03,689.99,680.76,662.93,635.84,625.12
286.21,117.27,40.37,64.36,182.09,486.62,682.66,677.84,669.13,649.78,625.62,617.37
68.35,23.31,69.85,245.13,538.65,678.67,669.09,647.2,625.63,616.2,614.64,614.42
48.18,76.35,253.75,532.39,667.57,657.77,642.0,613.54,600.66,598.88,598.65,598.62
89.73,205.78,478.39,659.01,653.99,644.8,628.51,601.48,592.17,591.36,591.22,591.19
229.86,491.4,654.09,651.67,640.51,615.69,592.99,588.44,587.97,587.89,587.87,587.87
568.5,622.94,619.76,597.33,589.51,586.64,585.88,585.64,585.57,585.55,585.55,585.54
596.23,618.45,602.83,588.06,583.89,582.33,581.94,581.83,581.79,581.79,581.79,581.79
608.28,610.98,597.58,587.93,583.8,582.27,581.89,581.8,581.77,581.77,581.77,581.77
555.52,600.07,603.78,591.79,588.19,583.67,582.12,581.83,581.78,581.77,581.77,581.77
606.65,605.04,595.55,591.06,590.9,587.7,583.37,582.0,581.79,581.76,581.76,581.76
520.43,552.02,591.16,592.62,592.23,591.05,587.52,583.27,581.98,581.79,581.77,581.77
576.32,588.4,587.35,588.88,591.16,591.42,590.6,587.26,583.17,581.97,581.81,581.79
533.91,552.95,574.61,582.56,590.24,591.2,591.3,590.55,587.17,583.22,582.13,581.98
497.16,533.14,561.25,572.94,585.58,588.38,589.29,590.19,590.11,587.08,583.35,582.36
394.64,492.18,534.84,560.66,579.85,580.55,573.52,562.73,547.83,519.83,456.27,337.8
460.78,519.3,548.2,564.34,578.9,576.86,564.21,536.78,453.66,298.15,173.81,109.35
411.79,484.2,518.46,539.22,565.72,561.9,526.23,397.69,202.46,94.43,62.24,82.45
474.75,516.7,556.4,569.69,564.79,533.66,413.86,215.8,100.2,61.63,82.7,178.3
504.27,531.06,566.59,570.61,562.14,525.83,390.36,186.84,83.19,62.94,94.72,217.46
515.33,540.91,571.85,570.65,560.09,518.65,371.63,169.17,76.2,65.51,108.44,255.95
571.67,580.72,567.67,537.43,410.97,206.17,85.29,58.33,92.11,220.71,461.27,683.92
580.72,561.5,503.05,323.35,140.17,58.54,67.36,138.37,340.52,604.05,695.78,684.65
557.49,474.47,284.73,124.9,53.5,67.87,149.78,386.03,680.68,702.16,695.86,681.16
424.89,198.61,70.51,41.94,70.46,189.43,486.15,701.01,702.04,698.85,686.59,664.16
169.01,52.49,44.03,94.52,285.13,585.2,683.37,678.32,670.12,648.33,627.64,620.31
63.71,28.84,82.06,279.58,560.39,675.23,667.15,646.65,625.28,616.03,614.49,614.3
83.21,68.59,173.84,463.15,667.41,667.75,662.97,650.31,624.59,611.57,610.17,609.86
83.41,198.81,488.92,659.97,653.72,641.24,616.75,595.57,591.73,591.31,591.24,591.22
251.45,483.31,648.3,645.24,636.4,612.87,593.93,590.49,590.05,589.97,589.95,589.95
518.95,618.16,639.31,632.54,619.69,601.28,595.29,591.89,589.44,585.41,582.8,581.91
584.99,619.05,606.57,590.39,587.64,586.18,585.63,585.33,584.5,581.49,578.1,576.66
575.82,612.24,604.73,590.19,585.81,585.77,585.72,585.53,584.73,581.73,578.35,576.79
606.33,609.38,601.0,592.9,590.5,588.04,586.98,586.65,585.83,582.84,579.46,577.91
603.51,603.07,600.03,594.83,595.22,593.78,589.88,588.48,587.52,584.51,581.14,579.6
582.35,592.37,596.8,594.82,596.64,597.73,594.73,590.48,588.49,585.36,581.97,580.43
464.07,525.97,565.1,583.78,595.18,597.53,596.3,590.1,582.47,579.62,578.46,577.41
549.97,563.74,581.26,583.93,589.22,590.97,586.36,578.06,563.83,542.56,510.58,452.03
534.38,551.89,579.01,585.53,590.62,587.89,573.57,547.69,499.1,417.58,325.27,264.43
577.99,584.84,592.63,590.45,590.13,580.39,555.53,488.73,365.75,253.17,188.58,151.51
537.53,553.83,580.39,586.29,587.39,575.13,542.59,450.75,318.85,215.26,139.55,98.33
589.49,584.6,588.79,584.3,565.14,502.47,375.0,245.99,156.87,99.57,81.86,87.99
582.71,582.41,589.72,579.2,545.02,437.98,294.73,188.91,111.34,82.61,93.0,121.1
572.47,576.57,586.82,572.11,516.16,388.76,248.7,146.35,86.94,77.27,102.94,178.57
517.59,536.71,572.83,559.73,471.34,328.75,206.22,114.87,71.37,74.83,106.85,232.66
458.2,457.77,445.33,332.78,198.46,97.42,61.54,74.71,143.28,324.89,583.73,695.92
308.62,286.33,240.95,127.83,44.62,44.04,68.7,142.18,343.7,609.81,700.59,695.61
369.51,210.03,80.48,36.26,51.94,89.15,257.11,567.7,702.66,697.73,687.7,667.05
344.55,208.75,92.64,34.87,41.2,67.22,148.88,397.71,684.61,703.96,700.09,688.53
321.49,162.6,60.23,42.96,61.67,111.52,315.2,618.26,703.65,702.15,695.49,680.6
227.35,90.93,53.05,73.78,160.34,441.11,684.48,697.44,696.81,691.99,681.43,664.64
74.98,28.91,59.36,191.49,485.97,691.91,699.87,698.07,689.22,671.13,650.06,640.26
44.43,60.61,146.16,375.54,647.19,691.65,686.84,676.14,658.77,629.48,616.11,614.25
112.81,199.15,421.8,651.8,666.51,665.16,661.44,648.52,621.83,601.29,598.3,597.96
110.89,253.05,511.17,658.02,651.16,639.86,614.89,593.72,589.61,589.16,589.08,589.07
478.19,611.23,632.67,620.8,599.78,582.52,574.3,572.37,571.43,570.66,569.89,569.05
426.47,616.29,658.97,651.07,636.24,613.02,596.74,593.91,593.83,595.53,599.21,601.16
587.5,617.27,601.22,584.9,581.83,582.0,581.26,578.15,574.64,572.83,571.43,569.67
580.46,605.62,607.35,594.81,589.92,591.86,592.01,589.11,585.62,583.85,582.49,580.78
585.13,595.67,605.26,599.9,596.11,595.49,594.85,591.88,588.37,586.59,585.24,583.55
601.79,599.82,599.71,598.5,600.74,600.4,597.12,593.51,589.91,588.11,586.75,585.04
591.52,595.76,597.8,594.83,600.05,603.62,600.22,594.39,590.34,588.39,586.72,584.31
534.57,554.35,584.14,590.17,595.47,600.04,597.1,587.01,574.65,561.37,540.42,504.73
546.62,560.76,585.25,589.15,592.11,592.44,585.2,569.1,539.19,492.44,423.92,344.16
543.48,558.45,584.15,588.99,592.21,590.17,577.79,555.17,513.29,439.16,352.24,289.45
597.07,597.46,597.71,594.41,594.36,585.5,564.29,512.48,401.24,297.49,243.03,210.56
498.34,532.89,574.65,590.59,595.75,591.86,575.39,538.43,439.43,311.36,219.73,162.36
564.08,569.01,585.16,585.75,571.57,512.71,389.13,258.17,162.28,88.72,66.2,77.2
558.81,568.32,584.16,580.12,548.01,441.26,303.17,200.29,113.75,66.19,64.35,79.98
557.78,572.24,572.23,515.0,385.91,244.6,140.78,79.48,66.6,80.99,154.0,290.85
310.54,295.62,275.77,174.55,70.46,46.42,65.9,117.31,253.94,511.95,688.14,680.52
393.76,310.01,209.3,86.83,35.31,40.89,71.1,191.89,484.54,700.03,697.24,691.51
517.12,352.6,156.4,48.29,31.26,51.2,103.81,284.96,592.65,703.77,697.66,683.06
264.09,96.44,25.23,38.5,82.32,210.05,495.55,684.58,679.82,672.83,656.4,629.97
171.56,45.07,28.24,65.16,176.93,445.09,682.15,686.57,680.32,671.44,657.96,634.18
56.68,21.57,65.05,199.83,469.68,675.52,676.76,669.66,654.37,625.94,615.46,614.34
48.81,68.13,207.83,468.43,668.36,670.82,664.65,650.54,622.08,610.62,609.67,609.53
79.97,110.43,313.95,581.3,668.12,664.01,658.29,642.99,616.77,607.56,606.68,606.51
210.47,433.92,651.63,666.44,662.87,657.03,641.76,616.11,606.68,605.91,605.78,605.75
418.38,589.3,641.76,628.7,610.37,599.61,592.33,590.28,589.39,588.86,589.32,592.32
485.16,597.93,652.58,648.08,634.13,612.72,602.49,596.97,595.5,594.91,594.56,594.32
532.07,599.05,621.12,602.69,598.7,595.72,593.53,589.65,586.49,585.13,584.32,583.64
579.43,616.71,607.03,595.14,593.39,592.14,590.54,586.84,583.69,582.04,580.58,578.61
607.83,608.48,597.3,591.57,592.22,592.19,590.84,587.16,584.08,582.45,580.99,579.0
605.94,604.29,596.4,592.18,592.97,592.97,591.57,587.85,584.84,583.24,581.8,579.81
602.95,594.95,591.41,591.78,593.55,593.81,592.43,588.7,585.76,584.2,582.76,580.78
595.4,591.35,585.54,588.03,593.14,594.12,593.07,589.49,586.55,584.99,583.56,581.6
576.98,589.25,586.8,584.98,590.14,591.76,590.96,588.1,584.8,581.83,577.02,567.62
553.17,573.08,588.58,588.98,590.81,587.84,580.51,568.38,547.35,506.98,427.16,317.91
542.48,561.76,583.11,586.25,587.07,577.96,556.0,504.94,406.84,290.13,202.23,140.96
550.93,569.0,582.96,584.19,582.55,568.0,529.94,408.21,238.3,125.82,74.27,82.26
546.04,561.45,574.7,573.04,552.59,456.98,267.91,119.63,50.55,63.81,158.28,391.96
554.95,571.22,570.75,556.27,485.93,313.03,148.96,72.68,79.08,195.79,470.14,686.85
521.78,547.16,556.76,514.62,350.9,160.05,73.42,74.91,178.57,449.77,695.95,692.62
572.26,543.79,415.58,211.62,87.25,62.8,108.68,287.24,593.98,700.62,694.38,679.08
542.54,386.25,169.13,58.44,51.94,86.22,220.24,522.2,702.56,702.43,698.62,687.14
284.71,117.93,38.55,53.04,100.67,301.01,610.36,690.12,685.42,675.68,654.51,634.1
239.24,84.13,34.01,67.08,202.83,504.4,677.22,671.81,657.69,630.09,618.07,615.87
30.63,38.15,100.16,274.88,539.36,670.42,666.65,656.82,629.66,614.1,610.52,610.13
30.99,66.36,226.0,510.24,674.7,667.11,649.66,620.17,602.34,599.32,598.99,598.94
127.46,253.94,508.15,658.11,651.93,643.93,628.33,600.02,590.02,589.1,588.91,588.87
138.41,456.16,658.84,659.68,649.36,628.33,600.21,591.82,591.07,590.92,590.88,590.88
509.02,626.66,642.61,635.29,623.18,601.72,594.07,590.92,588.84,584.93,582.16,581.24
555.98,619.6,624.33,602.08,594.0,590.78,589.94,589.69,589.61,589.59,589.55,589.38
615.31,620.32,607.64,597.56,589.72,586.21,585.51,585.37,585.33,585.32,585.3,585.12
605.05,615.38,603.88,596.71,592.83,587.7,585.75,585.4,585.34,585.33,585.3,585.14
551.21,591.12,607.81,597.97,595.62,592.1,587.38,585.65,585.36,585.32,585.29,585.13
542.06,568.61,599.35,597.59,596.11,594.76,591.66,587.18,585.58,585.33,585.28,585.12
540.13,561.72,587.0,594.27,595.59,595.11,594.35,591.42,587.06,585.55,585.3,585.11
454.11,529.21,563.93,583.4,594.03,594.61,594.67,594.11,591.19,586.76,584.35,580.87
493.5,537.06,567.47,580.05,589.66,591.46,592.33,593.34,593.45,590.69,585.63,581.01
585.7,592.81,585.92,584.36,584.81,582.01,576.46,569.91,561.23,547.24,517.92,456.2
547.56,568.05,584.96,585.6,586.57,581.71,571.37,558.33,540.42,504.09,420.81,285.97
465.21,533.8,573.58,588.73,589.65,584.48,572.97,551.25,492.34,346.45,194.67,114.45
455.15,535.48,581.67,590.69,587.8,581.62,567.46,538.15,439.81,259.04,127.3,60.89
581.43,603.39,590.01,579.39,557.34,477.91,302.42,144.52,65.01,70.16,137.75,327.03
598.41,594.58,580.25,558.11,475.31,294.98,137.41,59.32,69.02,141.39,337.91,596.81
592.07,584.57,563.68,490.6,311.04,140.95,57.6,66.03,139.54,370.75,673.53,697.84
577.53,546.35,402.96,206.16,86.61,64.95,118.34,323.52,634.5,700.94,694.75,680.23
526.95,359.44,163.53,56.21,50.68,85.3,219.28,521.53,702.83,703.0,700.91,692.67
398.86,175.86,51.77,38.84,76.42,237.53,548.87,694.83,688.13,672.41,642.68,629.98
254.69,100.63,43.94,75.81,231.09,537.76,680.09,673.32,660.76,632.18,618.23,615.55
41.71,38.31,90.63,246.97,520.82,675.81,671.68,660.37,632.24,618.45,615.81,615.5
58.97,86.11,289.21,555.75,667.11,660.38,648.6,626.96,604.12,597.85,597.25,597.15
99.92,281.18,553.08,653.62,642.92,627.73,600.98,588.79,586.65,586.24,586.15,586.12
246.82,511.59,667.3,662.61,648.87,624.52,599.78,592.9,592.27,592.16,592.14,592.14
546.71,616.91,631.89,609.46,597.63,590.08,587.95,587.46,587.33,587.29,587.28,587.27
495.87,587.87,636.69,634.72,620.94,602.41,593.77,590.55,589.76,589.53,589.42,589.12
577.26,615.94,607.15,595.53,593.4,590.58,585.72,582.94,582.39,582.31,582.27,582.01
579.9,611.97,602.99,592.98,592.65,591.92,589.46,584.82,582.71,582.34,582.26,582.0
560.12,593.46,602.62,593.2,592.75,592.29,591.38,588.26,583.95,582.53,582.28,582.01
534.99,560.46,592.55,592.98,592.81,592.38,591.96,590.87,587.14,583.39,582.4,582.03
516.45,543.07,572.49,587.51,592.31,592.24,592.05,591.75,590.36,586.17,583.02,582.13
506.25,537.45,564.58,577.95,589.9,591.34,591.68,591.77,591.53,589.82,585.37,582.56
533.52,552.33,572.55,577.08,584.51,586.1,586.05,586.53,587.55,588.43,587.39,583.61
509.7,538.34,564.42,573.72,582.02,578.47,566.33,544.6,502.1,411.7,272.0,167.53
493.86,529.9,579.1,594.09,590.54,577.77,548.57,464.66,327.81,212.49,133.06,92.28
529.75,555.43,593.67,594.7,587.62,569.68,526.49,413.45,274.46,176.14,108.84,84.59
433.91,511.08,562.93,582.69,580.17,564.51,521.37,391.16,219.91,115.79,69.76,78.82
567.8,587.85,587.26,579.37,567.62,533.91,417.17,234.59,118.02,66.36,80.05,163.27
588.88,587.71,576.94,565.28,533.77,408.15,206.39,90.75,60.51,88.31,203.68,436.47
589.14,578.36,556.86,476.84,286.28,125.55,54.87,69.2,148.09,354.46,615.93,694.68
579.61,552.83,439.41,241.81,100.62,52.54,77.78,180.92,453.51,700.24,704.08,701.33
547.13,402.55,184.74,64.39,48.48,81.67,216.6,519.56,703.13,703.33,701.01,691.88
347.78,152.41,48.2,46.51,86.33,262.59,576.7,692.42,685.02,671.76,643.04,630.14
192.5,61.6,46.29,97.49,298.57,593.34,678.21,673.49,664.25,639.45,621.07,616.21
101.16,27.76,63.96,220.98,520.24,680.14,673.47,659.66,630.55,617.84,615.58,615.19
20.14,69.24,235.07,518.43,675.15,668.1,657.02,631.99,609.03,601.42,600.5,600.32
104.65,235.99,498.03,656.68,650.16,643.53,627.22,600.19,591.52,590.75,590.61,590.59
260.19,504.68,649.79,645.92,636.51,610.12,591.87,589.17,588.79,588.72,588.7,588.7
507.1,615.31,642.08,635.78,624.07,602.52,595.12,591.52,589.39,585.55,582.66,581.69
612.73,616.69,602.34,590.52,584.5,582.32,581.84,581.7,581.53,580.65,577.51,574.31
584.21,614.28,602.38,589.34,584.25,582.28,581.82,581.69,581.55,580.78,577.81,574.47
608.43,609.12,597.13,590.88,588.13,583.67,582.03,581.72,581.57,580.9,578.13,574.65
595.89,603.91,596.43,591.42,591.07,587.93,583.47,581.98,581.66,581.06,578.49,574.9
529.3,556.51,590.76,592.52,592.3,591.19,587.84,583.49,582.03,581.33,578.95,575.27
554.8,570.83,584.11,588.7,591.74,591.89,591.13,587.94,583.69,581.96,579.62,575.87
556.47,572.0,582.25,584.72,591.56,593.09,593.53,593.08,589.98,585.54,582.37,578.44
513.23,539.22,573.37,586.06,593.39,593.67,590.66,586.18,580.66,571.31,558.64,543.76
562.43,575.33,592.83,595.52,596.39,590.49,576.34,553.03,510.4,440.28,351.9,282.67
544.16,558.99,587.35,595.02,591.4,575.12,537.15,436.1,306.66,212.37,138.85,94.42
512.04,534.15,574.16,590.21,589.03,572.57,530.16,421.12,289.16,197.81,127.47,88.99
520.93,537.57,573.35,586.81,581.74,555.41,474.18,339.51,223.67,142.56,95.46,83.15
532.08,541.83,570.22,575.78,546.03,437.63,291.46,180.85,102.19,77.77,94.39,135.05
532.32,540.13,567.23,556.35,467.91,324.35,201.86,112.06,75.59,86.15,124.8,229.65
575.46,549.96,430.48,223.18,87.57,50.9,74.95,150.63,354.79,613.05,698.51,693.85
564.22,511.03,333.46,149.79,55.84,52.99,90.77,208.62,467.14,699.76,703.98,701.44
417.07,209.44,78.83,45.23,70.95,180.92,472.31,699.38,701.49,698.56,686.82,665.24
320.3,150.92,55.25,52.51,85.91,245.38,556.15,701.2,699.53,691.19,672.95,644.51
190.65,52.2,31.22,79.62,251.09,552.8,684.53,678.13,667.76,641.71,624.41,619.14
153.61,50.36,52.48,105.96,306.31,607.75,700.13,698.45,691.03,673.64,644.24,632.8
43.29,48.02,124.38,336.57,618.76,689.9,682.04,664.63,637.14,626.46,623.21,622.86
94.98,184.51,443.05,671.16,680.45,677.17,672.85,661.23,636.84,619.96,617.8,617.61
169.04,324.56,553.48,672.7,672.56,668.59,654.47,625.1,607.73,605.59,605.37,605.31
371.95,583.94,660.99,656.22,642.7,618.4,607.21,606.25,606.35,606.44,606.52,606.56
577.42,621.65,616.78,602.75,597.8,595.28,594.48,594.21,594.1,593.96,593.27,590.43
586.11,614.66,602.22,591.57,591.66,591.74,591.54,591.39,591.31,591.18,590.5,587.68
558.32,605.65,603.73,591.53,591.59,591.73,591.54,591.39,591.31,591.18,590.5,587.69
557.31,603.14,603.59,591.52,591.58,591.73,591.54,591.4,591.31,591.18,590.51,587.7
544.35,583.93,602.97,591.87,591.67,591.76,591.55,591.4,591.32,591.19,590.51,587.71
566.59,589.26,596.1,590.58,591.36,591.69,591.55,591.42,591.35,591.22,590.55,587.75
584.44,590.15,586.31,587.51,590.55,591.49,591.52,591.46,591.41,591.3,590.63,587.83
499.05,535.35,563.69,577.72,589.62,591.13,591.35,591.38,591.37,591.27,590.6,587.78
478.68,529.74,559.29,571.21,585.25,588.7,589.53,590.34,590.92,591.13,590.34,587.11
559.51,574.0,587.38,589.38,591.47,586.58,574.47,557.74,532.9,485.79,400.55,300.49
448.03,520.52,562.88,587.39,595.17,592.89,582.62,563.5,522.7,427.06,321.08,248.79
425.18,505.19,541.01,568.97,585.88,584.6,572.4,544.03,459.08,297.65,156.12,83.61
566.48,578.03,575.97,575.81,571.01,545.2,451.22,269.2,124.85,57.25,54.29,74.46
569.79,565.78,559.23,544.78,461.21,269.21,118.3,54.82,71.61,153.76,355.28,605.74
549.22,554.22,549.19,468.9,276.02,119.89,52.11,66.63,136.55,325.23,583.08,692.18
509.86,495.59,438.4,247.36,104.32,56.83,85.34,225.84,523.6,701.28,697.85,690.41
564.66,516.73,343.6,152.85,61.76,66.49,139.28,380.38,679.31,701.53,694.26,675.92
367.52,175.29,59.62,42.6,71.29,186.43,481.28,698.29,696.22,690.54,679.57,659.07
268.12,103.67,37.72,61.52,143.54,405.35,673.1,682.82,677.5,667.63,649.24,628.51
109.83,25.09,47.47,119.69,347.77,639.7,687.87,682.15,674.16,657.37,631.23,621.96
27.2,47.13,119.38,313.41,597.6,679.56,671.32,652.45,622.04,609.6,607.37,607.09
76.89,174.7,457.72,660.92,656.68,647.33,634.13,608.4,593.05,591.82,591.61,591.57
129.71,330.39,579.23,651.34,646.8,641.87,627.86,600.31,589.61,588.72,588.56,588.52
189.54,531.24,659.11,654.85,645.27,620.19,596.93,590.44,589.58,589.41,589.37,589.36
299.12,575.01,653.97,649.04,639.4,613.4,595.39,592.55,592.22,592.17,592.17,592.17
497.5,600.45,632.53,625.69,610.8,590.97,580.62,577.24,576.34,575.99,575.82,575.73
588.19,621.88,610.01,591.23,586.15,587.25,589.26,589.46,588.36,584.88,581.94,580.92
611.99,616.13,605.07,590.29,582.99,583.95,587.09,587.79,586.82,583.43,580.54,579.51
610.53,614.16,604.58,593.06,586.48,585.23,587.79,588.42,587.47,584.11,581.19,580.14
605.65,605.93,605.19,598.52,595.07,593.92,593.75,593.57,592.51,589.16,586.22,585.18
604.19,602.56,599.6,594.42,597.31,602.33,603.14,600.52,598.78,595.36,592.41,591.38
599.18,600.93,599.5,592.32,591.98,597.24,602.09,600.95,598.29,595.18,592.46,591.5
558.25,574.23,595.58,594.76,592.63,593.12,593.07,589.09,579.66,568.28,556.75,540.21
563.36,572.74,591.14,592.99,588.86,567.69,505.69,385.8,265.62,182.03,114.81,89.6
596.66,596.72,602.4,599.46,587.13,556.74,473.78,351.1,249.21,174.3,104.9,76.13
559.87,577.11,602.53,599.42,582.86,537.27,429.14,302.71,216.04,138.29,81.83,71.08
599.94,599.67,602.79,585.09,535.62,423.28,295.45,206.9,127.01,71.93,63.13,75.93
563.36,588.02,590.45,558.81,461.44,331.99,229.53,146.77,85.0,66.72,77.49,137.53
489.29,505.61,538.12,485.7,359.82,238.59,150.36,86.85,68.79,84.27,159.6,322.18
385.93,398.03,382.61,287.45,192.31,115.19,71.11,69.68,93.17,210.87,501.23,699.48
332.44,183.15,63.34,29.65,32.22,53.56,109.81,306.1,617.2,701.97,693.47,678.61
238.75,88.81,23.6,27.08,53.4,97.11,248.78,548.57,701.59,698.49,692.38,681.05
257.19,89.25,15.47,23.72,54.38,129.33,355.71,646.51,700.85,698.97,691.72,672.93
235.39,77.65,16.45,39.23,104.41,298.95,597.67,701.43,700.11,693.49,677.4,650.31
75.72,0.0,23.7,61.16,150.65,400.52,671.04,701.08,699.28,691.41,670.63,645.02
19.77,32.45,83.31,235.14,514.09,684.12,683.82,672.85,646.12,628.74,622.5,621.88
29.76,85.83,295.12,563.05,666.3,660.78,649.24,622.92,609.41,603.06,599.06,597.4
112.21,263.67,520.91,655.39,649.06,643.16,629.31,601.44,590.11,589.17,589.0,588.97
368.28,610.87,657.11,651.16,640.75,623.59,612.51,607.53,606.95,606.85,606.84,606.84
486.08,601.86,637.92,628.64,616.45,606.77,601.19,597.55,596.08,595.55,595.32,595.19
590.49,616.55,615.79,604.06,601.01,602.12,601.81,601.08,600.14,597.7,593.62,591.41
574.25,597.92,612.64,602.77,597.78,599.01,599.44,599.39,598.97,596.94,593.2,591.23
601.79,601.52,604.37,601.83,600.36,599.84,599.69,599.57,599.16,597.13,593.39,591.43
602.99,601.4,599.89,597.36,601.98,602.84,600.42,599.69,599.23,597.22,593.48,591.52
602.48,601.06,598.74,593.36,596.95,601.36,599.09,596.91,597.38,596.45,593.23,591.43
602.14,601.02,598.79,592.6,592.96,593.4,588.41,578.02,568.24,559.94,546.32,521.33
603.12,601.56,599.03,592.67,592.42,590.01,580.34,565.33,543.78,513.83,467.98,398.58
579.47,590.1,598.28,593.49,593.34,591.3,580.13,559.63,523.0,460.43,379.63,311.21
530.86,551.87,583.62,590.22,593.38,594.32,585.31,566.85,529.43,445.54,348.4,285.1
600.51,599.03,597.55,592.0,591.26,586.3,570.38,534.43,439.03,316.5,229.41,177.8
586.38,582.64,584.31,574.35,544.1,439.03,301.47,199.27,117.24,76.97,79.4,99.57
586.03,579.61,581.36,567.29,511.26,385.39,252.47,155.2,90.38,74.69,95.82,160.0
547.41,554.1,570.03,554.53,466.81,327.32,210.84,122.26,75.5,76.68,105.97,212.85
548.82,557.41,546.73,431.97,294.16,189.79,106.7,69.66,73.31,100.73,216.7,449.27
420.35,421.4,391.98,249.73,129.98,61.47,61.82,97.23,230.77,522.35,702.68,700.3
271.54,186.54,91.91,42.77,44.98,73.72,181.48,478.85,701.21,704.01,700.64,689.43
237.83,85.98,25.22,31.28,59.75,119.14,321.25,619.07,704.12,702.41,694.81,678.59
197.45,50.96,15.72,45.25,94.8,210.41,503.17,702.24,703.27,702.0,697.07,687.89
229.81,72.74,24.14,53.95,155.16,441.33,691.2,702.21,700.23,691.9,677.59,655.2
29.89,31.14,80.08,228.12,512.04,689.47,690.59,685.54,673.92,649.59,633.06,628.21
42.2,64.76,215.13,505.03,687.26,689.77,686.1,672.45,645.89,621.83,613.51,612.64
77.88,211.28,500.42,666.0,661.07,644.91,610.82,593.05,590.55,590.22,590.17,590.16
211.35,496.7,662.02,654.58,640.66,615.9,600.62,596.28,595.56,595.41,595.38,595.38
449.59,611.73,631.17,617.34,607.89,599.74,594.6,595.21,597.34,598.74,600.18,603.61
613.51,622.1,618.87,609.21,603.86,601.3,599.9,599.07,598.57,598.18,597.23,594.12
612.3,621.13,619.25,611.97,605.76,601.53,599.85,599.07,598.63,598.27,597.35,594.26
606.41,613.84,614.47,609.72,606.85,601.7,598.97,598.42,598.31,598.18,597.39,594.38
599.77,605.25,610.43,608.82,608.44,605.99,601.23,598.88,598.45,598.27,597.49,594.49
603.99,602.54,603.67,605.41,608.03,607.8,605.52,600.97,598.85,598.37,597.55,594.56
601.62,602.28,601.37,599.26,603.21,604.87,604.83,603.56,600.61,599.84,599.28,596.42
313.2,441.49,551.8,598.03,612.37,611.14,612.64,612.54,608.21,601.4,597.76,596.7
500.15,537.24,580.97,597.23,601.41,600.62,595.94,590.08,581.84,567.54,550.56,529.14
445.92,523.0,568.72,591.81,598.17,596.68,589.26,577.0,558.69,527.62,472.43,391.99
432.2,513.56,551.63,578.42,589.11,585.96,573.86,548.74,484.53,353.46,220.1,140.05
531.08,552.16,576.23,583.23,584.63,578.59,562.6,526.48,408.08,227.09,116.81,69.1
578.0,589.44,585.4,583.76,580.68,570.42,545.81,467.36,292.38,138.29,64.07,57.51
565.07,579.79,577.2,567.98,534.65,402.05,202.25,85.63,58.91,88.09,198.34,415.35
541.37,570.9,566.41,536.54,403.72,198.06,80.69,58.35,95.79,232.63,472.83,681.15
580.31,549.66,417.99,211.67,82.72,53.87,85.57,201.24,458.65,697.17,703.99,701.22
303.05,184.03,86.58,55.1,80.4,214.52,524.67,700.77,699.88,694.15,681.86,662.07
149.7,39.91,34.51,72.42,184.37,469.2,684.9,683.25,679.53,672.17,659.82,637.24
43.56,24.24,68.43,190.45,449.7,667.15,668.73,658.04,629.71,615.44,612.72,612.41
24.63,65.22,264.37,547.82,663.77,654.83,644.06,617.99,599.75,596.81,596.48,596.43
37.21,117.93,385.76,638.98,656.86,648.31,636.93,612.63,594.35,592.62,592.36,592.31
167.04,427.44,639.99,642.66,629.22,599.96,586.06,584.36,583.97,583.86,583.83,583.82
499.39,614.39,644.51,637.78,623.05,597.95,587.68,585.12,584.49,584.26,584.17,584.12
567.77,620.29,620.32,604.63,602.44,601.41,599.98,599.1,597.89,594.55,591.26,590.06
611.34,622.62,616.6,603.66,599.19,597.82,596.71,596.04,594.94,591.7,588.57,587.43
564.98,610.33,616.06,604.87,600.24,597.26,596.22,595.86,594.92,591.76,588.64,587.5
608.39,612.38,610.33,603.62,603.24,600.84,597.24,596.11,595.08,591.92,588.79,587.64
585.84,599.82,606.9,603.22,604.17,604.53,600.95,597.05,595.22,591.95,588.8,587.64
512.81,544.25,579.12,591.71,599.45,601.15,600.4,596.56,592.01,587.95,584.66,583.47
582.22,591.88,586.18,585.56,592.1,594.26,594.81,593.97,589.48,582.72,578.62,577.28
512.99,543.55,570.56,578.38,587.65,590.09,591.01,592.18,592.35,589.11,584.85,580.84
342.01,450.01,532.71,570.76,589.25,593.05,592.61,590.73,588.37,582.99,573.24,562.78
475.6,530.92,570.73,586.3,593.88,591.63,583.06,568.76,548.0,512.06,439.93,336.29
441.62,519.04,561.2,588.22,597.43,596.43,588.21,570.51,534.93,447.23,329.97,247.41
469.37,523.4,557.38,575.47,579.9,563.73,513.1,365.91,187.42,81.7,52.6,68.35
479.79,525.82,567.89,575.19,561.91,497.81,327.15,150.0,62.06,61.14,109.5,245.49
559.67,576.61,557.09,473.94,285.53,127.49,53.46,65.6,132.61,318.51,574.15,689.68
571.76,555.73,466.8,282.01,128.61,54.92,72.01,175.55,448.93,698.56,699.55,690.93
557.57,422.77,210.02,77.69,45.19,67.29,161.8,420.34,694.2,703.34,696.75,679.86
534.58,331.41,128.73,44.53,59.7,135.38,374.08,670.34,696.57,688.92,673.94,647.03
401.01,173.38,51.73,42.63,89.14,283.52,593.92,682.75,673.53,651.91,629.0,621.29
211.25,67.11,37.78,84.94,289.32,586.95,677.0,671.87,660.47,632.66,617.84,615.11
35.08,44.99,124.03,339.76,608.79,668.77,664.91,656.57,632.6,614.02,608.71,608.18
23.03,79.1,314.4,599.88,667.59,658.83,651.62,636.4,609.01,598.97,598.16,598.02
97.9,274.67,542.8,651.8,647.54,642.79,629.09,601.36,590.2,589.28,589.12,589.09
258.17,545.6,653.92,646.53,631.75,602.85,590.59,588.9,588.68,588.65,588.65,588.65
537.14,621.3,644.73,639.48,624.55,605.68,599.29,597.15,596.44,595.17,591.62,588.66
606.77,624.96,607.98,593.81,589.35,587.83,587.51,587.42,587.35,587.04,585.34,581.61
597.84,622.88,608.58,593.88,588.96,587.77,587.5,587.42,587.36,587.06,585.44,581.72
582.09,618.24,608.18,596.14,592.27,588.68,587.63,587.44,587.36,587.08,585.53,581.83
611.32,610.93,601.01,596.07,595.79,592.34,588.55,587.56,587.38,587.1,585.61,581.94
583.61,602.85,601.1,596.36,596.86,596.08,592.24,588.48,587.5,587.13,585.7,582.05
507.23,544.86,579.52,593.95,597.42,597.13,595.98,592.16,588.42,587.27,585.77,582.13
437.28,522.16,556.93,582.01,596.09,596.9,596.78,595.65,590.92,583.92,580.02,578.75
489.11,538.3,569.91,582.97,592.05,593.68,594.38,595.24,594.96,591.19,585.5,580.94
573.08,588.72,588.2,586.72,587.22,584.17,578.33,571.53,562.64,548.22,517.45,454.96
461.47,533.48,567.51,582.48,588.62,584.21,572.82,551.18,496.45,370.84,223.5,134.28
522.17,559.88,597.68,591.64,586.27,575.8,552.12,481.89,320.65,160.4,73.11,53.24
601.82,606.36,592.03,581.82,561.75,496.26,333.55,161.54,73.09,66.81,117.11,282.51
561.4,597.02,588.05,575.61,545.36,426.66,234.1,105.49,56.88,80.38,180.56,406.17
587.86,585.93,566.22,502.84,329.81,147.81,58.41,61.4,113.96,277.08,523.82,689.77
556.49,569.86,549.5,431.99,238.24,101.51,52.11,74.66,168.71,418.54,694.13,703.34
569.45,484.1,300.48,144.69,59.13,67.79,150.59,401.83,688.66,701.84,695.33,680.01
551.54,403.36,182.31,63.52,55.9,95.65,267.63,576.65,702.22,700.17,692.38,673.12
517.05,294.56,115.57,48.67,73.4,201.56,498.45,694.43,694.0,688.45,672.23,642.64
217.24,70.89,34.9,79.6,279.12,578.77,676.94,671.52,659.14,631.02,617.48,615.01
31.46,43.55,119.41,334.05,606.79,671.02,666.55,655.79,627.92,613.29,610.75,610.45
28.26,79.59,311.84,590.81,664.25,656.55,647.98,626.75,604.46,598.6,598.05,597.96
87.29,257.35,535.27,652.71,647.89,642.34,626.8,599.45,590.3,589.51,589.37,589.34
296.34,551.79,648.57,644.67,635.26,608.93,591.2,588.58,588.24,588.19,588.18,588.18
501.4,618.7,641.58,634.37,619.94,596.81,585.61,582.28,581.42,581.06,580.88,580.79
595.18,624.04,609.13,594.14,589.31,587.21,586.68,586.54,586.5,586.49,586.46,586.26
599.09,619.85,606.65,593.21,587.71,585.91,585.52,585.42,585.39,585.38,585.35,585.16
611.72,613.34,601.64,594.69,590.61,586.72,585.65,585.46,585.42,585.41,585.39,585.2
592.37,609.66,603.93,597.5,595.8,591.47,587.66,586.71,586.57,586.55,586.52,586.33
575.92,596.71,603.27,600.48,598.89,597.08,592.96,589.31,588.42,588.29,588.25,588.04
527.16,552.23,592.14,608.68,608.68,607.51,606.09,602.14,598.57,597.71,597.57,597.35
457.77,527.31,566.01,590.9,600.06,600.85,600.79,599.83,595.99,592.28,590.24,586.62
505.94,539.35,579.66,595.81,598.29,594.86,587.88,579.8,569.5,554.67,537.61,512.14
480.35,532.5,580.8,603.45,602.48,598.16,587.71,570.09,535.47,449.46,342.56,272.68
456.03,528.6,575.82,599.01,597.3,592.18,579.64,554.73,488.11,348.76,207.88,114.05
496.74,545.09,592.19,594.1,589.91,582.07,563.89,521.87,392.81,220.98,110.88,57.82
536.12,570.63,599.05,590.6,584.03,569.07,533.57,416.31,235.66,115.97,56.28,59.14
587.6,605.32,591.52,581.38,563.21,504.48,344.9,165.64,73.81,65.84,114.14,275.32
567.08,588.01,573.65,544.22,420.68,222.63,92.62,54.65,82.83,190.41,423.74,669.09
588.49,577.38,548.1,423.71,227.91,94.65,52.56,77.67,172.15,397.45,655.31,699.11
579.49,553.75,433.17,235.53,100.02,58.12,92.3,249.62,553.68,702.07,699.03,690.15
440.83,253.83,114.65,45.23,54.93,100.13,290.31,601.46,703.25,700.66,691.64,669.01
284.77,113.33,31.8,42.01,91.99,280.75,588.91,685.8,677.62,662.39,633.07,621.79
230.91,76.51,29.97,71.03,229.77,534.23,678.89,672.17,657.38,629.9,618.1,615.96
168.6,52.86,47.18,105.54,322.52,622.24,699.45,697.95,691.23,674.12,644.45,632.3
70.76,34.7,70.95,234.38,529.42,698.15,699.27,696.1,683.67,661.18,639.34,632.13
42.59,74.77,230.3,506.09,675.47,672.35,663.57,648.86,620.3,602.39,599.75,599.19
155.22,307.82,537.77,662.72,661.38,655.94,641.99,616.48,604.58,602.91,601.61,598.13
497.68,608.22,638.11,632.21,619.98,598.87,591.81,588.82,588.04,587.81,587.66,587.04
572.88,613.99,605.59,589.96,583.55,581.26,580.73,580.59,580.55,580.53,580.47,580.03
600.73,606.01,595.67,587.31,581.83,580.12,579.74,579.64,579.61,579.6,579.54,579.14
557.15,585.89,599.07,591.75,585.76,581.12,579.88,579.65,579.61,579.6,579.54,579.17
563.81,581.98,590.03,590.99,589.01,584.65,580.71,579.72,579.58,579.57,579.52,579.18
590.86,586.75,581.7,586.11,588.31,587.59,583.98,580.42,579.59,579.51,579.48,579.17
594.84,586.63,579.37,581.37,584.18,584.0,582.82,579.42,576.71,577.13,578.14,578.58
492.17,532.37,562.65,575.76,582.3,581.46,578.16,573.15,564.25,554.17,545.04,531.55
395.84,493.19,536.52,565.49,580.4,578.5,571.88,561.92,545.51,512.09,442.57,314.35
446.54,514.91,544.93,566.45,579.47,575.56,562.6,540.86,498.89,400.82,247.1,138.79
502.37,532.22,560.95,573.25,577.77,570.64,550.68,498.65,360.28,197.86,112.04,75.54
532.31,549.08,569.46,575.05,575.44,565.7,540.02,455.71,274.1,135.11,73.35,79.24
522.07,541.7,564.81,571.93,572.88,561.92,531.97,427.68,235.52,115.56,59.34,69.28
528.73,546.32,565.54,570.35,569.48,555.12,513.93,375.48,179.39,82.59,58.04,76.62
539.71,554.16,565.35,568.81,565.05,541.65,456.94,267.37,126.7,64.44,72.97,143.38
507.88,523.56,547.0,558.22,542.12,434.16,233.2,100.94,57.05,81.8,184.83,411.85
524.59,514.85,477.56,293.94,130.3,56.94,71.19,153.25,372.14,631.44,697.22,691.0
558.64,458.79,248.82,100.39,61.07,96.42,273.33,581.48,700.99,698.41,689.97,668.43
535.34,355.17,153.54,59.65,68.31,139.32,390.12,678.58,700.95,698.04,688.01,670.22
249.03,96.24,42.79,69.13,182.72,486.26,690.98,688.96,683.13,674.26,660.11,636.1
189.83,67.87,53.95,102.03,309.79,614.6,695.01,691.43,681.89,664.0,636.67,627.26
51.73,38.78,96.47,286.86,565.43,679.5,672.04,654.67,629.69,619.53,617.78,617.56
47.96,90.71,273.28,542.44,669.14,664.21,659.16,646.53,620.1,602.57,597.89,596.41
208.8,410.44,632.47,654.33,648.42,630.5,607.8,599.6,598.78,598.29,596.26,592.56
493.12,603.57,639.03,633.19,620.73,600.03,592.45,589.12,588.0,585.87,582.05,580.02
599.56,619.76,606.31,591.74,584.61,582.43,581.97,581.83,581.65,580.71,577.46,574.3
596.2,611.17,600.79,590.15,583.96,582.22,581.84,581.73,581.58,580.76,577.7,574.39
595.18,602.13,598.01,593.34,587.27,582.98,581.91,581.71,581.57,580.86,577.99,574.54
586.01,593.45,593.58,593.44,590.88,586.32,582.63,581.76,581.55,580.94,578.29,574.72
595.27,590.63,586.49,590.19,591.0,589.84,585.96,582.56,581.76,581.21,578.87,575.18
566.18,582.62,584.92,585.63,587.52,587.43,586.64,583.44,580.91,580.81,580.94,580.27
463.29,528.11,564.35,579.74,584.77,583.93,581.2,577.07,569.62,561.81,553.29,538.77
524.28,546.8,573.03,581.6,582.46,577.4,567.75,554.25,530.25,476.01,365.41,223.58
578.41,588.73,585.6,584.35,580.99,571.02,550.68,509.42,422.26,284.71,169.58,101.67
593.32,593.13,591.71,590.86,587.19,576.23,554.17,499.26,379.98,255.23,176.45,125.03
528.48,550.92,585.19,595.13,593.78,585.62,567.45,528.5,422.95,285.61,191.28,136.73
542.15,556.96,584.28,592.4,587.63,568.13,517.5,397.97,261.96,167.02,101.61,77.8
493.13,520.02,562.36,581.93,578.54,548.17,451.1,308.02,196.49,116.66,83.43,86.78
558.57,566.66,582.26,579.86,554.23,460.51,315.54,196.28,111.46,79.67,91.2,129.0
521.16,534.7,565.38,571.12,534.24,414.3,259.14,143.94,81.94,74.51,103.22,209.49
573.4,556.12,512.49,361.1,186.19,84.2,62.77,90.74,211.89,459.9,687.52,693.31
562.87,544.37,442.89,238.12,97.51,53.61,78.85,180.51,434.5,692.31,704.31,701.59
540.35,473.0,313.36,148.07,60.26,67.52,147.63,404.13,690.04,701.96,695.52,680.66
357.77,171.19,60.03,43.05,72.68,198.98,502.04,702.46,703.01,700.59,691.36,674.99
99.82,15.26,40.35,94.54,258.51,553.31,702.88,702.87,700.66,692.0,676.5,651.33
29.05,49.93,148.83,410.91,665.34,677.52,668.75,648.07,618.3,606.88,605.26,604.98
108.47,196.23,443.14,655.33,659.27,653.94,637.75,611.13,602.51,601.72,601.32,599.7
96.21,308.87,577.6,655.43,646.13,634.01,605.98,591.23,589.31,589.05,589.02,589.01
294.57,550.51,648.07,642.75,632.44,605.78,589.31,586.84,586.48,586.42,586.41,586.41
606.89,623.91,606.17,592.32,588.93,587.59,587.21,587.09,587.05,587.03,587.0,586.81
611.47,616.99,601.54,588.0,583.91,585.26,585.68,585.68,585.65,585.64,585.61,585.42
611.44,615.11,600.82,590.58,586.74,585.97,585.83,585.75,585.72,585.7,585.68,585.49
609.38,614.94,601.15,591.84,590.5,588.79,586.51,585.96,585.86,585.85,585.82,585.64
528.65,559.26,601.36,603.02,602.07,602.42,598.49,595.81,595.29,595.23,595.2,595.03
527.53,551.84,584.34,593.62,602.76,607.88,607.11,602.8,600.39,600.0,599.95,599.79
454.36,524.85,565.53,585.85,595.47,603.21,604.51,602.56,598.6,597.35,597.23,594.67
374.13,470.13,539.64,575.2,591.23,598.87,595.4,586.35,572.52,551.22,523.84,482.26
495.21,529.23,564.69,586.38,595.78,599.73,592.83,577.96,553.22,508.76,439.56,365.21
547.56,564.27,591.46,596.97,600.99,599.37,588.29,568.68,526.72,424.79,309.54,232.28
457.76,525.46,581.61,607.32,604.59,597.71,581.4,548.59,463.9,343.45,241.6,167.17
511.85,544.49,593.95,605.9,601.59,589.93,566.56,510.42,394.82,277.45,197.72,128.62
542.65,566.09,602.26,605.37,599.45,584.4,554.12,476.01,355.34,248.58,175.2,113.37
560.96,580.87,605.35,602.12,590.12,562.92,490.87,370.51,258.71,179.75,111.45,77.7
529.38,560.63,592.32,584.27,546.95,440.66,305.71,205.46,123.47,78.97,77.2,94.09
499.26,500.97,499.32,391.78,260.71,161.26,90.31,69.26,85.6,159.23,321.41,571.21
432.52,443.32,409.32,240.51,105.49,47.81,58.27,101.22,224.09,470.21,689.76,694.87
452.79,373.01,245.62,110.9,43.28,43.44,70.41,146.76,352.19,612.23,699.05,694.04
305.3,134.05,35.14,29.61,60.61,133.8,366.15,662.0,703.89,701.52,692.49,675.55
385.91,205.14,80.31,44.25,70.44,184.1,478.22,701.85,703.35,700.82,691.16,673.04
222.31,90.43,49.86,73.88,158.13,417.76,681.8,698.93,697.93,694.02,683.19,665.17
98.5,19.87,40.25,86.14,246.24,552.43,695.97,690.96,681.06,659.51,637.56,629.94
67.86,67.31,129.42,333.71,603.86,676.16,672.37,667.97,657.04,631.65,615.98,614.27
79.36,188.35,466.35,659.43,655.94,646.25,629.37,602.24,592.99,592.18,592.04,592.01
214.06,447.69,648.42,651.78,647.76,639.99,622.19,598.07,591.42,590.77,590.62,590.59
462.71,609.18,643.38,631.65,613.62,593.58,584.87,582.94,582.43,582.22,582.12,582.08
612.48,617.34,602.19,590.12,585.0,582.98,582.53,582.41,582.32,581.88,579.72,576.0
607.34,616.76,603.0,591.25,585.38,583.05,582.53,582.41,582.34,582.04,580.4,576.67
609.36,610.09,598.43,592.2,588.93,584.32,582.73,582.44,582.37,582.16,580.95,577.42
608.49,608.4,597.71,592.63,591.84,588.23,583.93,582.62,582.36,581.85,579.53,575.86
605.55,600.86,595.01,592.62,592.84,591.8,588.09,584.11,583.02,582.84,582.59,581.18
603.94,593.96,590.11,591.5,592.77,592.75,591.73,588.07,584.23,583.2,582.85,581.57
586.84,591.76,589.3,590.58,596.2,597.53,597.86,597.15,593.64,589.85,588.68,587.43
601.46,599.2,596.46,594.48,597.21,597.8,596.17,594.95,593.65,590.04,587.09,586.85
599.91,599.26,597.42,594.93,595.78,592.62,586.66,579.79,571.48,560.09,541.64,514.1
596.92,599.58,600.1,597.27,597.69,592.77,582.34,569.72,554.86,532.62,492.56,420.51
589.96,597.47,601.57,599.0,599.23,594.31,582.49,563.08,523.71,436.33,344.88,286.97
546.38,569.94,596.35,600.91,600.74,596.18,585.05,566.77,530.13,435.9,320.0,242.7
545.0,564.12,591.88,598.31,597.42,588.5,569.36,527.3,422.03,297.63,210.57,142.28
581.64,576.87,578.72,565.8,509.09,368.29,207.22,101.99,67.41,86.79,176.9,369.44
574.73,566.07,537.64,402.02,201.67,83.78,61.48,108.65,313.16,626.17,697.68,687.95
515.59,406.18,229.16,93.74,60.42,91.86,237.57,541.54,701.85,701.37,697.41,685.0
189.61,57.96,34.63,73.66,211.14,511.25,684.8,679.98,672.97,655.6,630.1,621.21
125.21,26.33,38.05,83.07,206.04,495.23,682.72,680.4,676.56,667.16,647.69,628.75
27.71,32.75,82.23,226.46,492.08,670.18,667.78,658.59,632.29,615.94,611.49,611.04
28.88,77.25,298.23,573.98,666.8,656.63,644.96,619.11,599.65,596.14,595.76,595.7
183.72,344.12,587.07,645.75,643.03,638.36,624.96,598.54,586.51,585.46,585.23,585.18
484.28,600.77,640.22,634.33,622.77,600.98,593.3,589.98,589.04,588.31,585.89,582.11
562.75,614.27,612.3,594.44,587.65,584.97,584.29,584.11,584.06,584.04,584.02,583.86
610.09,613.16,602.4,593.22,586.22,583.59,583.03,582.92,582.89,582.88,582.86,582.7
588.94,608.75,602.71,595.08,590.09,584.93,583.23,582.93,582.88,582.87,582.85,582.7
604.39,599.48,596.1,594.62,592.78,589.02,584.55,583.12,582.9,582.87,582.85,582.69
587.27,592.21,591.8,593.63,593.13,591.98,588.66,584.41,583.09,582.89,582.85,582.7
561.11,578.09,586.01,589.77,592.21,592.23,591.59,588.45,584.32,583.06,582.86,582.69
521.05,547.41,574.43,583.26,589.01,590.08,590.84,590.72,587.8,583.82,582.61,582.29
528.34,550.43,574.52,581.33,584.72,583.96,582.25,580.54,578.68,574.41,569.99,569.29
573.3,586.79,584.05,582.59,581.71,576.42,567.04,555.57,537.25,498.09,404.81,263.47
537.34,558.71,579.22,582.16,582.69,577.01,564.32,544.88,511.91,437.58,304.34,182.7
406.02,504.14,546.34,572.58,583.43,579.81,569.55,549.6,507.8,416.33,273.49,165.48
528.13,548.78,573.16,580.85,582.22,576.19,561.38,529.49,422.39,239.39,123.88,72.16
563.85,572.95,571.38,566.38,541.89,434.98,238.53,109.13,59.22,79.48,173.49,388.17
511.08,530.84,557.37,558.74,516.9,356.22,153.93,63.96,65.39,124.97,302.29,539.06
577.54,569.31,555.42,484.63,297.75,129.94,57.15,70.78,156.22,393.88,683.19,700.68
572.25,545.84,439.96,233.76,100.84,68.28,131.13,366.37,668.33,698.41,691.63,675.73
555.32,450.29,239.84,97.02,63.28,100.0,285.85,594.47,700.51,698.36,690.4,671.1
431.22,224.87,95.33,61.92,95.22,269.78,577.65,699.0,696.68,688.62,668.71,644.11
207.25,69.39,46.32,89.76,273.89,575.52,682.25,676.12,666.3,640.89,622.84,617.66
136.7,54.05,75.61,190.86,487.67,688.62,686.96,680.99,673.31,664.37,649.66,629.9
67.11,74.48,232.21,507.23,670.18,667.03,658.48,633.7,614.71,610.49,609.98,609.88
68.99,137.48,370.31,630.15,661.22,653.14,647.32,636.79,616.23,596.24,594.1,593.76
314.11,517.77,638.27,631.3,618.8,599.24,589.61,585.72,585.68,588.81,590.52,591.13
480.69,600.21,640.29,634.16,622.38,600.67,593.18,589.72,588.77,588.16,586.16,582.31
548.14,609.73,616.75,595.57,587.88,585.06,584.32,584.11,584.05,584.01,583.84,582.8
599.25,614.62,603.59,592.47,584.72,582.11,581.57,581.45,581.42,581.39,581.22,580.19
597.22,607.47,600.0,593.84,588.31,583.26,581.72,581.45,581.4,581.38,581.23,580.29
582.91,598.12,598.35,594.39,591.47,587.31,582.92,581.61,581.41,581.37,581.24,580.41
587.94,590.84,590.3,592.41,591.58,590.35,586.85,582.74,581.55,581.38,581.25,580.47
594.08,589.27,584.51,588.28,590.22,590.4,589.82,586.6,582.65,581.52,581.21,580.16
516.52,544.38,573.07,583.28,587.98,588.57,589.11,589.03,586.15,582.43,581.31,580.33
516.66,542.82,570.42,580.77,583.85,582.3,578.85,574.5,568.27,556.87,541.96,524.43
533.75,554.49,578.54,583.1,581.94,576.28,566.03,552.5,528.96,475.02,356.48,214.69
466.72,527.26,564.31,578.56,578.89,569.87,545.51,468.42,295.08,148.21,85.7,97.42
492.57,531.23,564.77,577.59,576.41,563.01,525.69,396.03,201.51,93.04,67.07,109.56
449.11,514.06,553.82,568.89,565.98,537.76,425.99,226.6,105.8,65.57,101.23,285.91
551.52,563.04,567.92,565.17,542.74,444.6,254.7,128.02,78.08,113.32,315.33,609.76
569.83,565.49,564.47,552.18,492.7,350.84,181.29,92.34,81.01,197.3,472.74,683.01
515.35,522.53,545.64,547.75,498.57,371.03,198.18,100.77,79.64,180.15,443.52,673.97
561.02,524.17,423.83,225.24,102.76,74.34,151.94,401.92,682.86,696.28,689.61,673.55
551.06,438.48,236.89,100.98,68.15,108.25,312.79,617.49,698.02,695.61,686.71,667.5
509.1,356.79,175.56,75.61,74.38,160.31,427.68,690.29,698.99,696.22,686.35,668.2
299.19,161.91,70.69,61.82,100.34,296.02,601.88,700.54,699.43,694.28,680.55,651.95
67.89,44.92,104.63,303.45,578.35,675.71,669.41,657.66,629.12,614.98,612.52,612.18
86.89,102.0,302.35,570.94,670.27,666.7,662.31,653.28,635.09,615.31,609.59,608.95
142.19,273.83,512.72,658.45,655.18,646.26,619.93,602.07,598.88,598.49,598.43,598.42
249.37,420.26,618.35,623.69,601.59,586.77,580.74,581.29,584.1,586.36,587.57,588.16
318.5,529.74,636.51,624.98,605.02,592.15,584.95,582.27,579.63,574.88,564.42,539.41
575.34,615.19,604.93,592.76,590.36,589.16,588.59,588.21,587.92,587.69,587.48,587.18
586.43,613.11,599.8,588.14,588.47,590.46,590.78,590.67,590.58,590.52,590.47,590.33
607.93,610.38,596.15,587.62,588.37,590.44,590.77,590.67,590.57,590.51,590.47,590.33
608.0,610.38,596.18,587.75,588.58,590.51,590.78,590.67,590.58,590.52,590.47,590.34
559.67,606.52,601.93,588.59,588.65,590.6,590.91,590.8,590.7,590.64,590.59,590.45
537.78,588.01,603.67,589.66,589.25,591.09,591.38,591.26,591.16,591.1,591.05,590.91
543.25,575.05,600.63,590.85,590.65,592.47,592.76,592.65,592.55,592.49,592.45,592.31
558.47,574.68,586.25,586.17,593.14,597.69,598.77,599.34,599.74,599.99,600.12,600.08
494.4,531.84,572.97,586.98,593.67,594.32,587.43,577.47,563.78,544.03,507.43,441.49
586.35,592.73,600.64,598.88,592.35,575.29,538.11,440.06,314.69,223.29,155.35,115.93
560.15,578.05,597.14,596.07,586.29,560.79,488.94,362.28,245.63,165.18,108.03,91.31
505.03,530.58,577.07,589.61,579.18,541.29,433.12,294.26,193.61,117.08,85.02,93.44
505.04,525.76,568.76,579.58,560.45,475.8,331.6,202.63,110.56,74.28,86.59,132.88
577.04,570.65,565.41,520.65,377.5,197.71,87.34,57.45,77.43,167.93,379.61,645.0
572.76,559.18,536.22,400.91,199.61,78.57,52.78,83.6,195.79,461.46,701.7,702.17
568.82,535.39,403.18,199.42,77.83,56.39,92.13,224.67,514.07,701.57,700.94,695.09
563.32,525.95,376.17,164.35,60.11,56.21,96.06,241.6,539.09,702.03,699.77,689.61
484.52,322.2,151.97,50.9,46.9,81.28,211.61,511.55,702.4,701.93,696.71,685.11
228.43,88.96,45.11,69.97,167.46,450.34,688.86,691.18,686.33,678.68,665.8,641.93
103.39,49.41,85.03,245.98,528.23,680.49,676.05,668.41,653.21,625.3,615.0,613.92
76.46,84.65,244.75,515.48,668.98,666.63,662.62,653.01,632.35,612.89,609.35,608.93
168.12,272.69,488.79,652.91,649.18,638.09,619.2,601.84,595.09,595.98,599.53,601.55
211.23,359.19,573.25,615.95,593.9,575.97,569.75,565.64,558.66,540.76,495.82,387.46
370.83,543.74,629.3,621.37,601.04,587.6,582.71,579.26,573.51,559.76,525.0,442.72
585.51,616.37,606.28,596.15,590.89,588.85,588.05,587.54,587.11,586.62,585.65,582.6
592.04,610.77,597.4,590.16,589.89,589.55,589.14,588.81,588.57,588.31,587.66,585.09
596.17,610.27,596.69,590.05,589.87,589.56,589.14,588.83,588.58,588.33,587.67,585.11
584.0,610.24,598.88,590.96,590.59,590.24,589.82,589.5,589.26,589.0,588.35,585.79
522.17,565.15,601.24,593.07,591.66,591.03,590.55,590.22,589.97,589.71,589.06,586.51
522.01,543.63,573.93,588.5,591.54,591.2,590.83,590.53,590.31,590.07,589.44,586.9
509.11,535.36,568.64,582.37,588.46,583.84,571.92,553.81,520.86,453.19,350.6,253.15
464.31,521.95,557.35,573.45,581.21,574.35,553.05,498.98,377.5,231.46,145.94,99.53
411.86,498.52,537.29,562.52,577.34,571.71,549.06,478.5,307.33,146.65,74.45,74.47
564.15,569.69,570.68,566.88,546.8,463.59,274.7,126.41,61.85,72.12,144.42,329.91
500.48,520.98,554.55,560.62,529.38,383.77,175.98,72.09,60.24,102.66,242.74,476.18
519.98,536.55,561.4,559.13,514.55,350.59,150.69,61.56,64.02,120.34,283.64,519.75
529.95,545.19,561.49,551.24,468.8,275.61,119.0,51.26,64.75,127.61,316.19,608.37
418.62,425.25,421.09,315.68,150.15,65.18,69.03,145.68,362.28,665.39,696.48,683.63
433.94,424.13,380.73,209.68,82.78,54.59,84.02,198.78,469.22,699.78,699.34,691.99
526.83,498.92,425.9,224.79,88.85,56.52,85.77,206.11,487.29,701.51,701.01,694.22
534.6,505.68,415.72,207.42,81.19,59.77,98.44,260.38,564.71,701.72,696.99,685.13
535.06,409.09,204.61,75.97,55.27,87.76,229.13,534.21,702.51,702.4,699.54,688.54
292.16,185.27,90.72,56.57,83.82,219.66,526.2,702.21,702.28,699.91,690.76,673.8
277.03,194.96,144.32,118.28,152.01,311.52,564.39,678.84,678.05,675.96,667.44,644.51
96.93,73.96,145.27,367.7,641.7,691.02,690.63,688.09,679.93,665.39,641.21,625.18
77.64,100.55,280.45,546.43,684.53,684.34,681.38,671.15,653.1,627.08,617.74,617.06
154.86,288.59,527.36,676.16,676.88,674.19,663.78,640.37,617.91,610.25,609.5,609.35
507.46,599.06,624.18,599.47,589.25,586.25,585.14,584.61,584.28,584.05,583.88,583.68
556.38,599.75,594.92,585.73,582.0,580.36,579.13,577.68,575.51,571.56,563.54,546.64
569.47,597.53,590.42,583.77,581.3,579.93,578.65,577.02,574.38,569.32,558.82,536.34
596.03,594.64,586.54,583.0,581.04,579.76,578.47,576.75,573.92,568.38,556.85,532.08
595.65,593.75,586.3,582.95,581.02,579.75,578.45,576.73,573.88,568.31,556.7,531.76
446.69,518.66,579.39,584.91,581.82,580.29,579.04,577.55,575.26,571.04,562.33,543.45
553.24,570.14,579.65,582.06,580.66,579.44,578.1,576.2,572.92,566.33,552.43,521.93
503.1,527.79,559.17,576.69,579.92,578.73,577.15,574.64,569.86,559.99,538.89,489.0
464.44,515.93,550.53,568.47,575.79,572.47,564.32,547.86,511.33,418.63,262.72,150.6
509.31,529.99,556.07,567.97,569.75,558.19,533.26,472.1,340.08,188.53,110.11,91.84
545.72,559.86,568.36,570.82,565.68,543.47,484.57,356.83,199.21,115.31,91.5,173.31
490.78,522.36,552.63,566.32,567.56,548.63,487.68,338.82,179.47,104.52,92.41,205.71
501.6,526.02,554.17,566.54,567.17,548.07,482.48,306.69,142.07,75.02,89.1,242.97
569.57,572.74,570.18,569.29,559.18,521.17,385.69,185.58,84.73,63.51,92.33,213.05
498.74,524.34,554.99,566.1,559.0,514.66,360.39,159.9,71.89,67.37,119.2,286.92
481.8,509.64,541.76,556.75,531.21,388.84,178.83,72.34,60.11,105.83,260.2,496.96
423.94,449.39,470.46,469.26,344.2,155.37,63.41,62.86,117.93,294.91,561.12,698.54
550.44,532.24,446.28,237.74,97.09,57.48,91.92,253.68,556.43,702.72,699.93,691.64
540.52,501.19,370.43,169.41,69.23,67.53,147.71,406.38,690.6,701.8,695.38,680.55
394.85,197.14,76.73,57.8,94.54,286.02,597.77,699.73,698.29,691.78,676.25,648.0
277.03,145.99,83.92,90.5,208.83,504.46,692.56,692.93,691.0,684.24,671.77,649.54
199.15,96.34,91.93,220.92,511.78,691.02,691.25,689.33,683.1,671.28,648.88,628.94
136.97,101.72,202.94,453.95,670.3,678.25,680.09,676.82,669.71,658.77,637.87,626.82
46.23,62.43,155.85,391.89,658.91,692.78,687.99,678.03,663.74,637.65,621.85,616.28
101.66,178.02,391.32,641.82,671.42,667.81,664.84,656.32,635.56,613.15,602.88,600.62
218.17,419.51,645.7,664.15,663.53,661.04,651.88,632.51,611.44,602.39,598.23,596.38
525.17,619.18,637.8,628.96,611.05,595.75,590.11,587.98,587.39,586.96,585.36,581.56
588.19,617.27,601.03,584.34,580.91,580.62,580.48,580.35,580.26,580.05,578.92,575.43
