153.24,372.83,379.99,507.99,633.14,746.51,666.41,549.11,485.12,486.79,428.39,499.05
369.5,380.73,508.16,630.36,741.27,662.83,547.38,484.97,487.58,427.76,495.07,494.23
276.91,458.9,621.7,737.25,656.28,530.14,460.47,461.17,414.46,475.43,466.09,510.64
492.87,638.53,736.67,650.16,527.14,466.51,474.62,425.39,474.44,464.52,511.04,526.34
612.22,722.68,647.92,528.61,467.76,475.96,427.91,476.49,475.53,509.84,523.06,572.36
740.7,659.25,533.3,468.85,474.08,425.47,474.3,477.75,510.34,531.64,576.63,511.28
739.39,569.56,476.32,478.83,432.89,490.69,502.47,536.72,544.79,592.41,531.67,538.09
444.01,411.3,466.84,437.26,495.73,495.98,521.48,522.97,598.89,513.68,517.98,538.17
502.75,511.3,444.03,496.07,500.31,537.1,547.3,623.42,524.81,532.42,557.31,389.78
621.93,502.73,506.56,495.23,529.3,551.17,634.94,545.55,529.59,578.59,405.29,291.21
506.0,508.44,499.65,533.54,552.48,633.95,543.82,531.01,591.56,415.13,298.81,209.49
537.42,515.94,535.78,548.66,629.65,544.39,536.1,600.78,411.06,301.83,207.52,88.42
600.73,578.38,557.32,627.84,544.1,546.05,621.77,436.06,310.95,223.56,102.47,92.95
588.43,562.64,628.39,543.19,544.21,622.11,437.5,315.32,225.83,107.81,93.56,137.5
504.05,600.38,537.95,541.51,619.7,431.65,307.02,209.88,100.16,78.33,121.9,298.84
642.24,554.78,543.22,620.78,435.8,318.85,227.72,119.04,93.83,131.34,311.23,378.24
502.31,517.97,617.65,437.57,318.04,220.65,108.28,82.81,126.83,303.58,365.83,442.58
511.0,613.82,435.31,315.62,220.68,110.23,85.88,125.67,303.2,359.11,439.1,629.6
466.76,364.51,299.71,211.46,99.13,66.38,103.95,280.07,345.74,407.49,585.96,710.5
272.65,265.33,246.85,142.34,70.38,1.01,25.89,168.44,349.31,652.81,795.52,718.02
234.06,240.09,173.78,82.39,-0.89,1.36,138.97,319.83,599.56,785.52,712.18,723.87
267.46,172.57,71.44,7.5,14.78,149.98,328.03,614.91,792.42,720.41,734.47,754.39
178.93,75.7,-0.49,17.46,164.56,352.05,637.55,805.01,717.66,735.73,751.27,676.28
65.32,-0.99,11.43,148.97,333.52,625.54,804.83,708.17,727.44,744.24,665.11,633.48
-6.77,7.49,149.14,333.1,618.7,795.76,701.55,739.41,770.3,701.99,644.12,647.0
36.4,153.65,336.23,647.32,828.25,717.03,729.1,756.53,679.72,664.27,688.89,569.78
157.05,359.84,642.53,783.05,664.66,707.79,758.6,678.63,625.53,629.88,510.88,451.46
321.58,613.94,781.48,671.59,715.3,760.61,671.85,617.97,655.56,532.57,475.33,498.84
490.13,733.06,657.39,689.96,735.97,645.64,603.63,634.33,509.27,420.69,431.29,497.21
629.37,605.58,681.08,751.29,659.35,605.2,613.51,475.36,408.12,407.5,476.43,393.52
639.88,689.59,756.91,660.93,599.7,619.92,507.59,444.22,464.24,491.09,401.57,328.29
815.67,811.67,684.0,616.91,640.18,531.73,467.91,490.69,496.15,414.78,343.03,307.23
791.03,679.47,628.58,636.97,504.51,432.75,462.51,482.83,432.65,354.77,310.51,200.71
683.36,614.26,625.13,512.1,450.66,486.09,496.33,446.26,370.93,309.21,214.72,179.74
628.66,644.12,547.8,486.18,507.53,492.66,427.39,352.2,312.3,236.83,207.47,190.3
682.37,548.94,467.24,488.55,498.14,454.16,380.74,331.88,234.17,206.83,196.92,110.41
513.74,447.8,489.65,511.93,466.04,378.99,318.68,215.42,203.28,210.37,135.06,85.76
401.43,473.96,508.27,459.31,365.81,296.52,191.65,184.98,210.01,136.09,89.7,96.76
515.79,525.79,459.52,376.57,315.61,219.62,210.84,225.61,120.74,75.3,79.61,172.39
566.51,486.56,379.49,315.84,219.53,219.97,246.46,152.53,104.96,90.07,162.84,153.33
421.14,341.83,304.25,224.15,225.23,239.01,129.35,81.16,92.48,178.76,155.7,252.48
404.28,333.04,227.67,212.99,232.15,137.73,95.75,120.45,191.9,171.37,281.25,499.79
288.96,241.41,241.0,215.66,83.21,35.93,83.82,229.24,238.32,345.75,474.44,641.19
203.36,220.27,210.05,85.21,39.06,76.18,205.43,209.56,324.31,461.55,636.55,737.53
266.5,233.61,89.49,37.78,76.43,205.5,205.57,316.34,447.52,638.52,747.87,699.66
221.91,83.69,37.12,78.34,205.04,196.1,293.83,426.41,624.98,747.67,702.95,699.15
59.42,24.12,78.73,211.66,202.65,291.19,414.61,609.38,741.78,699.34,702.47,644.45
64.72,97.01,213.85,204.17,295.05,421.08,617.17,753.01,703.27,710.22,656.9,610.12
128.11,231.3,207.44,293.89,418.72,616.58,754.37,706.99,708.72,664.25,616.28,575.41
189.11,186.16,288.77,419.13,617.26,750.71,698.58,696.76,662.65,608.25,570.75,484.21
96.45,249.95,411.38,608.09,736.63,674.11,665.93,630.67,581.24,548.59,454.48,486.63
247.13,408.3,604.48,733.6,673.64,668.13,636.51,588.96,549.92,448.46,484.16,534.45
425.77,618.71,736.21,667.54,657.67,625.51,577.8,544.36,429.64,480.51,526.81,511.89
659.74,760.46,673.02,653.45,618.11,570.63,535.2,425.08,467.21,531.04,516.82,491.11
848.39,720.31,664.12,615.63,563.55,530.8,422.85,477.09,516.61,531.17,504.17,429.18
678.75,638.65,613.81,574.11,543.59,425.28,470.69,507.22,535.25,499.2,433.77,373.68
610.76,596.65,570.44,547.34,433.12,474.15,505.42,525.42,500.12,424.68,374.29,299.29
580.66,559.47,546.57,439.32,482.17,508.65,524.12,494.77,429.26,372.24,304.76,227.3
544.96,537.36,440.16,488.55,514.7,522.76,486.25,415.89,373.75,304.85,234.32,175.15
573.6,452.66,494.71,527.18,537.07,497.04,420.64,377.31,314.47,244.51,197.38,130.4
384.86,456.8,526.75,548.78,509.87,418.37,362.93,295.68,247.7,189.68,128.92,118.06
547.88,572.47,556.44,507.6,416.24,366.94,303.24,260.71,182.28,141.9,134.96,140.2
525.04,533.24,501.9,413.55,364.11,295.46,247.61,164.94,127.06,120.9,127.72,259.27
560.0,512.09,418.27,371.37,303.36,252.34,165.94,129.69,128.49,136.58,277.96,306.91
490.42,407.79,369.92,303.2,251.09,159.23,118.24,115.43,120.4,270.34,301.04,435.43
522.38,423.41,315.31,260.7,170.47,132.36,128.49,138.11,276.7,323.03,472.46,596.8
371.09,294.18,258.47,166.98,124.11,109.11,108.67,252.62,296.51,458.67,579.26,758.83
329.45,260.14,123.4,86.98,112.75,204.67,480.24,438.59,495.74,496.8,669.65,541.41
221.85,93.75,44.27,94.57,206.37,500.62,456.12,501.31,532.92,657.71,530.31,487.18
104.56,57.64,109.32,208.5,499.99,456.41,501.64,528.46,668.41,534.9,500.62,461.93
118.26,138.96,224.06,498.88,444.05,484.94,518.97,677.16,543.84,514.92,478.96,430.83
155.14,230.59,501.78,452.54,494.93,522.95,668.73,541.25,508.66,484.29,439.88,393.45
238.18,505.27,451.59,498.46,534.25,681.64,549.12,497.92,462.42,404.21,389.58,443.71
467.53,441.45,498.05,514.72,658.93,538.71,507.15,473.61,436.39,373.25,411.46,508.93
281.41,405.71,501.02,679.61,561.84,488.61,425.44,384.47,365.97,426.18,506.6,541.3
465.58,542.7,678.66,545.61,471.88,421.33,395.03,383.38,397.33,483.36,514.5,539.96
570.37,686.82,551.91,485.95,428.7,399.85,380.87,400.07,492.07,542.87,570.21,630.11
818.91,618.76,499.44,414.47,384.13,376.43,417.33,534.25,553.75,603.07,654.6,634.84
605.14,488.28,414.9,406.9,413.81,440.1,531.13,536.04,579.32,649.49,657.34,591.98
485.97,421.1,394.8,398.84,421.38,514.08,519.83,575.13,647.96,671.73,610.59,559.81
512.94,437.08,396.62,424.71,541.77,560.92,614.66,674.77,653.51,609.6,568.46,369.56
454.29,417.47,440.62,543.75,553.49,597.16,661.35,642.5,602.4,579.78,373.74,277.4
423.79,433.14,511.41,518.05,575.37,665.5,663.49,616.93,578.72,353.41,254.54,176.74
501.15,557.98,549.24,607.49,674.63,653.97,602.58,577.36,372.53,281.63,207.54,147.84
498.07,524.35,605.48,660.96,640.04,586.09,560.6,355.3,268.36,176.95,100.08,113.47
481.05,565.91,654.66,658.17,616.45,588.87,373.19,268.14,185.29,84.48,107.74,187.32
675.49,711.96,670.97,603.84,570.08,363.21,276.9,214.42,108.41,144.64,232.41,426.59
647.92,629.19,600.61,575.28,367.97,267.28,188.71,73.01,122.31,224.61,439.7,520.17
561.63,576.05,574.59,355.9,250.87,170.8,60.65,101.46,189.77,389.9,481.41,594.1
656.14,603.29,364.72,284.83,209.45,91.71,127.97,200.87,408.54,496.38,624.34,679.76
532.58,301.91,249.23,217.86,129.57,154.42,194.15,340.88,394.61,534.56,667.82,722.48
279.78,238.17,215.71,130.07,154.66,189.51,328.14,378.31,521.83,661.4,716.51,619.2
292.56,243.93,131.76,146.24,183.26,333.45,393.32,538.4,661.8,721.77,621.82,601.96
231.07,126.92,143.31,178.63,327.11,389.27,538.78,667.99,725.21,621.76,592.6,538.77
90.69,126.7,174.05,323.07,386.17,535.6,665.85,717.93,616.66,582.12,525.0,466.3
146.95,181.32,321.66,384.5,536.95,674.88,734.13,630.36,595.41,528.72,472.21,481.2
154.17,306.87,383.39,541.6,678.51,734.52,629.91,598.16,538.4,474.17,480.45,459.01
253.61,357.53,535.26,675.87,733.43,626.83,593.11,526.86,469.15,465.27,444.77,458.85
352.62,534.29,673.65,726.36,619.55,588.44,524.75,466.19,458.78,439.46,449.33,540.7
550.52,682.44,727.54,617.85,586.53,527.0,473.54,470.81,448.2,455.0,543.16,527.03
740.84,760.4,624.75,583.87,521.32,472.62,473.53,454.04,448.41,552.97,534.01,567.63
735.14,609.38,583.62,527.93,479.71,477.75,455.16,447.29,564.66,534.72,569.76,588.19
633.01,591.52,533.22,490.15,489.61,466.94,460.94,580.77,554.81,582.28,603.23,581.85
597.42,538.32,486.45,480.73,459.34,459.3,583.99,555.3,573.87,598.18,572.05,488.88
453.92,442.61,470.85,459.17,461.07,582.0,549.95,560.25,605.85,557.45,473.43,350.45
468.13,481.97,463.3,465.18,586.57,558.02,574.32,624.43,574.14,483.78,360.37,265.23
506.11,476.29,466.04,581.6,552.47,575.17,633.47,585.4,485.26,363.21,262.36,154.3
483.01,466.18,582.26,557.81,582.16,642.0,594.9,494.88,378.77,267.67,162.24,84.27
437.75,569.95,557.25,579.9,639.79,589.56,488.54,370.6,261.82,156.18,74.35,65.77
590.69,570.05,578.57,630.19,579.6,484.75,371.8,264.97,145.36,73.1,59.56,100.91
533.88,555.28,626.47,587.29,496.31,381.04,271.73,146.51,86.86,56.29,103.26,306.26
529.08,612.35,585.04,497.34,383.14,272.59,146.86,84.06,62.44,98.72,303.15,370.73
692.32,627.73,504.74,378.57,266.03,149.61,95.31,80.58,97.13,317.64,379.69,545.36
468.5,422.14,362.85,270.28,155.67,87.83,63.02,66.12,320.07,351.34,516.91,585.94
466.32,382.12,275.82,162.0,95.74,73.8,81.14,343.84,366.47,529.16,601.78,689.35
445.34,304.54,167.21,98.71,78.09,92.76,360.53,385.57,536.31,615.26,702.17,607.66
282.19,156.9,96.99,76.18,90.1,356.4,381.21,536.02,619.34,702.9,602.95,490.34
156.63,96.12,73.45,87.13,355.87,385.44,545.2,624.06,703.52,598.88,485.91,480.48
74.11,62.25,82.07,352.19,382.72,545.34,628.45,707.36,603.79,480.86,472.37,456.62
90.91,96.88,354.47,382.24,545.26,632.69,716.06,616.36,488.26,480.91,462.11,438.92
62.71,336.44,378.18,544.92,633.73,715.35,612.83,476.7,476.91,452.38,431.43,455.67
336.41,379.5,544.24,630.25,711.13,612.25,479.26,483.69,459.96,432.55,453.79,485.11
310.72,512.51,624.84,707.72,606.29,466.29,467.99,442.32,420.02,440.45,463.1,446.64
526.33,633.62,704.29,595.42,457.22,468.05,450.95,429.54,437.67,457.09,438.47,474.45
619.59,693.15,596.97,467.88,479.75,461.12,439.89,445.26,479.61,445.13,483.18,581.56
762.61,631.61,476.62,483.06,463.35,447.08,457.53,498.32,454.61,500.73,599.13,449.28
595.7,458.06,480.3,465.27,448.88,455.99,493.45,446.89,498.64,594.48,442.36,502.91
428.22,460.72,460.99,454.25,465.31,501.63,455.06,500.85,609.82,438.03,504.95,494.38
541.61,503.79,460.44,460.1,496.94,461.7,516.78,633.9,441.56,518.92,502.23,341.65
514.58,467.95,461.69,494.16,456.97,514.18,633.36,439.48,517.31,505.38,341.43,241.6
490.9,472.9,496.51,456.84,512.98,635.09,443.95,526.56,513.08,348.65,246.93,145.75
460.58,489.5,458.03,517.34,639.6,447.46,531.43,517.66,357.37,248.44,145.63,78.31
441.99,434.72,510.0,631.62,442.1,526.6,515.53,351.71,243.58,131.98,59.28,39.45
408.78,495.16,627.96,443.85,530.03,518.24,353.07,240.73,134.31,55.12,35.89,61.49
547.17,652.31,448.17,530.35,520.7,363.64,259.04,153.14,67.48,45.71,75.48,324.03
723.34,485.61,538.02,518.39,358.14,259.73,158.85,84.94,45.3,92.11,333.33,333.49
404.12,493.34,513.66,368.63,271.9,160.61,78.57,28.63,99.47,321.76,327.79,450.66
558.98,548.8,371.15,263.81,153.33,81.15,37.46,111.98,316.88,334.1,455.84,628.09
558.16,377.83,266.68,152.76,78.14,35.65,115.02,329.75,335.56,460.65,624.93,640.11
305.78,228.5,145.05,80.59,38.72,109.89,315.05,314.95,456.57,613.26,628.54,560.39
288.05,172.57,84.66,38.37,113.05,327.63,335.8,477.63,624.13,639.11,573.43,553.44
148.85,70.89,35.14,114.46,329.41,337.97,482.73,631.31,650.14,572.46,548.71,521.75
68.79,37.08,113.02,323.84,331.88,478.89,629.95,648.9,566.8,546.14,513.75,481.83
57.9,120.81,322.7,331.23,481.59,638.73,661.66,575.25,552.78,515.67,487.24,433.17
108.5,318.2,331.44,480.8,635.6,657.39,570.77,553.16,519.01,489.86,431.15,448.13
285.21,315.89,476.15,631.9,654.6,568.93,553.07,516.41,488.21,422.34,436.8,431.38
229.03,435.25,621.42,645.98,559.41,539.02,500.78,467.71,408.02,414.18,401.8,440.01
517.47,661.49,652.37,558.98,540.64,514.33,492.48,438.72,432.97,419.46,458.98,560.96
666.8,658.99,560.97,537.38,507.02,485.61,433.15,429.17,410.24,459.3,554.21,535.28
606.54,532.5,535.02,513.96,492.88,433.07,421.3,398.79,466.91,550.2,533.74,513.56
784.42,655.45,540.75,505.74,448.64,457.35,451.18,533.28,581.43,588.95,578.58,559.07
581.2,510.21,498.08,437.61,441.78,431.46,511.63,562.71,571.42,562.98,528.05,430.18
577.79,531.87,443.39,441.56,433.24,521.34,577.87,586.33,572.74,541.46,445.89,350.57
486.8,420.46,434.82,429.45,518.59,577.39,590.04,571.66,543.01,434.95,335.2,205.8
540.85,494.27,444.35,525.36,581.99,602.0,590.48,574.47,456.74,368.64,239.83,164.1
450.29,421.57,520.71,580.61,602.3,590.6,574.48,449.18,366.08,227.82,149.76,85.26
343.03,482.75,574.26,598.84,586.34,562.18,431.44,346.75,221.77,134.78,65.77,43.75
589.09,627.21,606.21,582.11,560.12,444.45,373.23,252.9,140.01,83.18,60.34,115.67
573.07,581.0,575.54,555.12,437.65,362.76,238.69,124.05,68.92,46.46,97.64,255.12
636.84,598.58,563.17,447.03,375.44,255.85,144.83,91.37,72.71,114.92,280.37,396.6
560.01,543.96,442.99,374.93,254.32,139.6,83.31,60.07,105.38,272.74,385.76,487.66
575.07,459.71,375.89,251.63,137.52,85.24,64.22,111.39,272.68,388.85,492.64,587.8
434.27,360.78,252.2,145.74,93.9,67.52,110.38,273.2,394.84,493.53,589.35,798.96
449.12,297.45,153.37,90.65,63.07,114.16,282.39,411.22,491.89,603.68,811.4,669.95
277.06,142.58,88.75,63.94,115.91,282.65,408.42,488.25,605.93,813.64,667.37,619.24
116.4,77.03,58.08,108.94,275.81,403.73,486.77,599.1,807.83,655.58,606.72,533.46
102.98,71.06,110.4,274.37,403.09,492.46,611.07,828.14,666.16,615.44,535.48,561.7
71.63,110.58,273.2,400.76,491.28,614.19,838.48,672.12,622.07,535.51,559.69,448.31
83.15,260.22,394.27,484.96,608.2,834.23,667.49,618.54,530.72,552.26,437.1,433.27
251.87,390.76,486.38,610.98,836.45,670.08,623.14,532.66,561.01,437.67,435.4,493.24
413.17,502.02,610.76,823.85,654.9,613.29,529.37,567.11,423.47,434.08,480.6,494.88
491.25,606.99,822.94,652.86,611.17,527.97,565.98,420.67,431.55,477.13,488.98,508.4
635.99,835.55,655.3,613.45,531.79,574.39,432.5,439.91,489.66,494.59,519.75,603.33
865.44,678.0,618.89,524.24,559.7,419.38,428.3,490.68,479.64,527.78,596.35,523.09
696.7,619.05,528.64,576.5,441.93,450.91,514.85,496.64,557.83,607.34,546.32,546.82
573.23,505.88,569.21,437.8,447.46,510.74,491.46,551.5,605.75,536.44,532.15,505.04
591.94,608.45,447.46,455.82,522.64,512.74,582.18,636.71,565.09,554.14,532.83,372.38
627.05,461.47,456.28,513.07,499.42,573.72,632.68,567.58,543.24,535.23,363.74,240.0
519.64,481.2,522.27,510.46,585.65,647.29,585.01,561.7,558.0,382.53,264.95,163.67
574.53,566.39,520.28,590.04,653.2,600.35,584.37,587.03,399.1,286.17,186.96,115.06
501.75,496.02,584.7,639.34,582.17,561.54,562.49,375.04,260.3,170.05,82.9,43.74
567.18,616.66,643.61,584.03,567.24,576.91,394.6,278.36,178.13,94.67,62.36,125.96
607.93,640.85,583.39,564.06,572.64,391.88,277.07,176.88,91.43,59.24,119.53,357.61
598.33,560.09,560.89,575.32,395.21,276.32,173.16,85.44,67.0,115.21,353.35,413.54
482.92,522.62,566.18,392.04,273.65,165.51,73.49,45.83,101.7,333.05,391.56,501.33
519.38,560.62,389.97,277.61,172.97,82.59,55.86,107.86,347.34,391.69,508.18,672.36
468.86,346.78,269.87,169.11,75.98,41.76,91.77,336.6,383.31,491.96,645.36,734.8
249.19,235.08,203.45,113.11,39.02,-16.45,77.85,198.84,422.55,705.87,810.72,778.85
243.69,214.65,148.03,54.05,-14.76,61.15,181.58,410.24,667.76,813.41,786.53,769.7
199.0,130.83,38.47,-13.54,64.17,178.41,401.77,665.82,800.46,782.95,760.72,719.53
120.82,35.59,-25.5,61.05,188.12,422.34,685.05,805.78,772.75,752.69,707.94,714.03
53.78,-15.98,59.57,180.71,413.76,684.94,819.99,781.25,764.22,713.08,717.47,669.33
-36.84,51.16,179.65,408.99,671.59,802.84,766.57,769.19,730.15,749.99,671.19,586.59
84.73,190.28,409.59,690.35,824.0,774.36,753.3,711.43,712.5,685.18,618.38,559.8
197.19,431.09,688.34,787.98,732.52,741.17,723.37,722.39,663.62,565.41,511.21,461.61
369.4,648.98,784.26,737.45,746.67,721.48,710.98,651.32,587.76,528.21,477.71,474.79
566.04,753.69,725.61,723.7,701.59,693.38,646.38,571.94,507.76,429.35,419.94,453.11
705.54,699.91,723.08,724.18,713.63,656.35,560.55,489.47,430.65,413.1,453.19,389.83
793.18,765.27,738.31,712.49,644.39,563.53,521.68,475.21,463.38,480.29,404.15,373.56
677.7,685.34,711.63,656.79,581.3,527.91,468.82,440.84,470.09,369.87,338.03,285.9
764.7,751.74,677.37,587.4,514.19,455.18,438.95,484.81,410.98,372.52,323.91,220.58
786.91,682.37,579.14,515.84,464.24,458.42,499.44,430.36,381.65,327.32,231.9,186.6
639.71,569.86,548.6,501.64,479.19,486.14,394.53,347.7,327.15,247.32,205.01,165.69
622.47,550.26,483.66,469.2,506.37,438.82,396.98,360.68,262.55,207.39,185.8,104.09
526.03,474.42,468.9,510.97,438.19,385.18,339.66,241.97,190.41,197.82,120.51,67.77
691.4,585.66,535.74,436.42,376.15,341.48,255.92,227.18,210.04,175.2,130.46,130.61
630.5,554.39,441.26,392.55,363.98,281.85,243.01,213.92,155.83,121.0,119.9,199.88
548.96,449.22,391.94,359.33,273.8,238.05,214.78,168.29,139.67,121.63,177.89,195.75
375.95,351.34,343.4,273.62,240.21,206.29,144.93,110.39,110.78,184.47,188.09,299.59
399.2,368.18,274.17,220.11,190.33,146.09,119.46,133.51,191.77,196.24,316.5,588.19
383.43,313.9,257.01,182.72,101.35,72.24,111.02,245.85,281.32,400.74,585.33,769.19
251.68,225.68,175.1,100.2,69.75,95.45,213.73,243.03,370.02,565.38,755.17,695.3
228.55,176.35,99.97,69.63,96.48,209.94,230.97,355.39,551.14,751.56,699.71,737.94
242.75,131.26,76.19,101.11,214.85,234.7,353.68,552.37,743.87,710.56,757.94,735.83
136.73,80.87,103.46,215.22,234.01,347.6,538.39,731.09,698.24,758.72,738.96,675.81
116.88,121.2,217.37,234.32,348.66,539.29,728.66,693.32,753.33,746.14,689.55,649.7
89.76,205.6,230.09,343.04,530.96,716.02,676.43,737.4,728.89,680.18,638.01,626.68
229.15,241.23,347.19,536.94,722.28,681.28,739.86,732.57,687.16,645.64,639.91,712.0
154.7,308.7,527.49,711.38,667.49,718.27,705.63,655.33,618.63,614.61,679.06,649.18
294.86,523.29,708.25,661.23,710.6,696.86,644.49,610.87,605.22,672.68,641.97,603.05
426.34,665.59,650.98,699.5,681.97,622.9,586.5,576.4,648.21,614.37,569.08,574.95
585.21,612.64,691.11,676.8,615.71,571.54,556.87,632.72,601.32,550.23,551.68,462.91
660.38,708.2,682.63,626.52,587.18,575.65,657.69,625.55,570.06,561.78,484.57,463.98
750.39,703.5,628.56,585.78,573.77,657.23,625.66,575.43,556.61,490.15,473.15,395.41
692.36,622.52,588.06,580.6,663.96,624.89,567.15,545.97,488.82,472.18,401.77,296.46
611.6,577.45,581.69,675.35,638.94,572.61,541.36,478.65,474.72,401.1,309.48,281.84
667.02,624.22,686.35,646.42,580.92,551.47,487.55,486.83,408.09,327.78,309.28,209.67
638.08,690.1,651.75,592.22,563.34,492.72,482.43,400.47,334.36,317.45,226.62,165.23
633.95,628.28,589.6,556.52,482.94,463.97,376.21,308.07,297.14,211.61,145.11,109.79
634.02,583.93,558.45,497.31,482.21,391.26,321.06,307.46,231.15,152.8,127.79,148.62
514.2,517.98,491.11,490.48,402.82,325.23,307.45,223.07,162.04,114.82,144.21,280.63
522.45,488.22,491.68,410.52,335.47,314.78,226.71,164.59,124.13,147.16,292.67,304.45
564.3,528.9,419.89,338.8,316.99,231.34,171.1,133.97,143.31,305.82,324.18,380.8
491.31,401.8,335.26,316.4,229.01,159.84,112.8,123.13,288.77,314.39,374.54,495.98
479.77,375.23,327.15,232.69,161.71,113.38,122.16,298.41,302.17,385.37,514.37,668.24
380.95,312.03,185.45,125.66,119.99,220.73,528.58,444.72,426.92,426.46,573.43,535.48
280.48,162.9,85.51,100.49,217.53,539.62,447.74,418.87,451.54,563.07,525.45,522.43
134.52,78.1,109.24,218.0,540.28,447.55,414.72,432.76,565.0,516.11,525.7,524.05
88.33,112.12,230.87,545.65,440.45,393.18,407.64,555.0,526.05,536.05,540.35,533.17
65.06,203.24,541.86,450.65,408.23,412.8,545.15,515.7,533.87,532.41,530.86,484.62
196.2,539.11,447.24,408.63,420.21,553.59,518.73,517.41,504.56,490.81,473.61,502.09
486.83,428.55,404.93,398.91,530.76,512.31,537.72,526.09,536.32,455.97,467.13,554.07
243.39,299.48,383.81,555.62,538.03,516.43,471.31,479.71,447.03,481.79,549.76,519.12
470.1,477.18,565.56,527.22,508.96,488.12,521.71,498.55,472.54,547.65,522.82,550.2
482.94,563.65,532.23,523.93,494.02,520.24,483.38,466.24,551.01,551.99,576.52,654.99
633.18,574.26,529.85,467.75,490.73,462.03,465.19,569.9,540.65,587.36,653.04,576.65
607.88,545.13,468.76,504.46,489.99,485.82,567.74,527.93,551.2,651.55,598.85,645.48
598.19,503.73,500.17,476.4,466.61,555.01,522.86,563.82,659.23,625.61,675.12,573.48
437.45,463.48,460.11,470.58,582.42,547.59,573.36,649.4,598.79,646.97,549.4,389.93
479.63,479.53,483.5,580.83,539.37,559.85,646.46,590.46,641.02,552.87,390.42,251.26
488.92,471.13,548.13,513.63,550.85,664.01,625.73,674.46,575.36,379.58,240.58,124.09
456.14,555.44,539.91,582.93,671.43,605.63,645.25,553.08,393.12,252.45,137.13,51.74
638.81,579.25,592.07,664.34,604.26,656.73,575.59,420.68,263.7,135.01,43.37,66.65
479.56,526.68,656.36,625.15,685.59,594.41,425.24,251.01,142.39,23.08,50.38,92.59
563.97,678.39,628.83,669.23,572.94,406.11,244.12,149.78,35.67,68.91,120.59,406.69
684.03,622.26,671.31,575.67,409.78,241.64,136.37,12.61,41.49,119.02,427.76,517.91
580.37,653.42,580.89,411.42,240.88,132.47,12.26,34.65,113.47,395.48,503.86,609.04
676.9,590.58,414.74,260.42,150.28,16.96,29.91,94.62,378.28,501.25,608.19,604.7
514.14,343.0,223.13,165.35,66.29,69.42,103.46,320.18,415.73,516.65,600.69,693.71
364.1,232.73,168.24,69.85,72.2,105.68,320.36,421.25,518.62,609.05,699.04,626.78
217.72,161.03,64.88,65.05,101.91,321.37,426.69,516.72,603.64,689.43,615.44,507.6
164.46,66.55,61.9,97.08,316.68,426.62,520.19,609.73,694.15,616.68,505.43,502.03
19.09,38.76,93.07,316.44,426.35,517.36,607.33,689.21,617.75,497.81,490.45,451.44
66.22,107.17,315.46,419.9,512.26,609.36,697.81,628.12,496.95,491.24,450.87,439.93
118.63,319.64,421.17,515.22,613.08,703.75,635.72,504.55,500.46,455.99,445.52,516.25
269.66,398.75,509.89,609.19,698.73,627.66,493.59,487.3,450.28,433.83,502.19,475.66
342.08,487.71,602.3,685.36,611.35,474.41,466.34,427.48,408.04,484.24,446.96,497.45
503.52,604.74,684.77,616.04,483.81,480.98,447.0,425.53,505.37,452.45,509.35,534.39
632.48,700.6,621.33,485.49,480.05,448.11,429.97,515.47,458.55,518.81,539.68,567.88
598.4,571.84,475.98,477.32,444.48,419.14,499.79,434.91,513.17,520.51,543.25,565.97
667.94,519.78,485.64,450.44,427.81,518.71,463.41,546.82,540.55,564.45,591.6,552.43
452.19,449.92,444.35,432.2,524.37,463.5,543.05,532.13,571.89,583.63,542.59,483.5
457.05,449.04,430.76,518.9,459.25,543.42,536.12,574.82,585.22,540.98,480.35,338.04
482.39,446.65,521.91,459.5,544.14,543.44,589.57,604.92,551.37,489.34,343.38,204.89
451.37,525.91,460.29,541.7,539.02,587.38,608.08,557.28,495.93,347.08,203.98,106.51
497.63,447.93,536.39,532.32,580.99,604.25,556.33,494.64,341.96,194.5,90.77,40.38
525.0,570.05,543.37,591.6,618.42,574.93,518.51,367.1,216.8,111.43,67.74,34.68
506.12,513.44,583.71,611.45,566.88,508.04,354.75,202.79,102.42,54.77,13.91,74.1
505.0,577.91,610.29,569.33,512.19,358.18,204.69,100.42,55.34,10.88,75.28,260.63
594.7,615.48,569.87,513.55,362.82,215.42,117.39,71.76,26.96,78.63,266.05,337.06
656.74,592.67,519.9,363.41,212.24,115.83,72.47,35.07,79.27,279.45,343.94,461.34
625.99,532.87,366.27,217.33,124.54,85.79,52.35,92.66,291.98,349.65,473.46,517.66
518.01,358.88,218.97,128.6,87.1,49.62,88.59,297.26,354.91,477.78,517.72,649.68
422.96,247.65,134.32,92.05,56.63,101.34,314.27,374.12,487.25,531.27,666.06,557.73
297.87,159.42,96.11,55.37,101.16,319.05,380.46,496.81,530.21,676.25,566.28,487.92
173.56,103.46,55.83,98.22,316.54,382.53,503.03,534.16,681.45,568.01,489.34,521.29
54.36,33.72,91.92,310.89,375.2,493.05,522.31,670.92,558.53,479.62,503.15,462.19
36.7,94.55,308.75,369.91,489.1,523.08,677.37,561.73,478.45,499.05,457.33,429.94
135.95,326.03,372.7,492.75,528.68,687.71,573.55,492.0,509.96,468.09,443.67,537.7
312.71,369.25,493.78,526.63,683.19,568.72,488.18,507.8,468.38,441.66,531.71,470.54
316.15,470.32,520.08,674.6,558.26,473.6,489.85,448.37,423.12,518.56,449.88,493.51
463.12,517.82,669.99,550.54,467.0,488.89,453.27,426.85,515.49,442.21,484.38,496.28
578.8,697.38,559.45,477.49,500.16,467.81,444.1,537.5,463.64,504.32,520.44,630.15
720.68,577.19,480.76,491.64,455.28,434.96,531.19,460.0,490.5,522.4,622.9,580.35
561.23,468.94,490.19,461.91,443.14,536.73,461.98,489.72,531.46,624.53,585.26,573.56
514.53,514.31,465.84,442.18,535.57,465.62,497.38,541.82,626.4,593.78,581.57,548.13
538.33,479.66,442.75,529.82,460.26,498.55,548.29,636.16,594.84,584.39,544.83,422.69
457.62,432.93,528.59,458.95,496.2,545.77,635.11,593.92,587.81,543.22,415.94,267.9
491.5,556.87,462.96,495.0,545.57,643.95,611.75,607.27,555.57,428.25,280.45,158.72
477.11,427.38,486.24,537.2,632.4,597.1,592.5,541.4,418.29,263.95,130.64,55.57
565.04,549.21,553.69,643.86,613.34,619.0,578.07,461.75,292.03,163.16,96.18,85.09
481.91,521.89,635.83,606.57,611.43,568.44,450.53,276.11,151.36,79.98,61.31,98.11
533.22,641.61,606.82,610.61,568.09,451.94,278.06,153.37,83.24,63.59,102.97,318.05
717.8,645.65,616.85,564.84,449.12,285.3,168.76,102.78,63.5,114.14,327.27,336.72
597.13,592.89,563.17,452.11,285.83,162.39,91.23,51.74,115.47,323.21,329.61,490.95
603.84,564.57,452.35,290.5,171.41,103.36,66.56,125.81,337.12,331.93,498.49,612.71
588.37,464.92,293.75,171.84,101.93,67.32,131.53,351.85,334.46,504.65,614.85,641.01
439.57,279.97,168.96,103.44,68.57,130.35,347.35,329.11,506.08,613.06,636.98,624.49
291.72,170.57,104.62,74.08,139.71,357.82,339.79,513.52,622.3,640.99,632.88,544.4
171.01,102.45,72.27,139.3,359.96,346.21,524.43,631.57,652.39,632.92,545.07,526.75
67.6,56.23,134.29,356.44,341.92,518.78,624.85,644.5,629.39,539.92,516.13,498.33
64.42,140.54,354.3,334.49,511.95,623.51,649.04,633.45,534.5,511.31,491.46,424.07
139.02,351.94,334.76,514.49,626.68,652.85,637.18,538.49,520.01,495.6,427.82,571.55
353.25,335.23,513.9,625.94,652.81,640.3,545.29,526.23,502.37,427.36,570.94,486.43
241.87,470.8,617.07,646.94,631.81,527.24,499.79,472.16,407.37,551.19,459.0,483.07
515.82,640.9,647.77,623.63,520.74,504.48,487.5,423.09,555.34,461.97,486.35,588.79
606.94,630.77,621.7,523.29,505.38,485.6,420.45,556.08,466.86,484.67,580.88,577.16
662.73,637.25,529.05,510.08,490.6,427.18,564.49,473.65,494.49,590.7,589.71,545.71
640.71,529.58,508.08,488.67,425.97,567.16,479.38,500.22,592.9,589.99,543.55,578.38
550.63,518.62,492.71,430.37,570.67,483.17,506.26,604.14,600.49,552.97,586.4,485.79
588.53,526.31,434.99,569.3,485.36,519.38,625.51,622.08,563.14,598.33,498.34,385.06
473.9,411.67,564.34,480.7,511.75,615.05,610.15,551.17,592.85,489.08,368.15,218.99
439.76,576.04,484.17,515.88,620.95,620.12,566.82,609.45,508.72,378.38,231.46,159.26
582.59,491.96,513.65,609.42,606.48,559.39,608.55,510.36,365.25,226.55,143.99,55.77
574.69,548.79,621.43,619.52,576.3,630.08,536.96,396.53,256.65,169.05,87.7,58.66
479.26,588.47,613.29,572.89,625.22,526.97,382.5,237.47,158.69,73.79,39.05,111.72
747.61,693.01,586.25,622.29,525.03,397.74,266.22,197.13,81.07,66.03,142.09,309.71
593.92,534.77,614.36,529.36,402.31,261.95,185.47,63.34,69.46,128.12,292.34,324.27
584.15,639.05,535.46,404.01,263.39,189.59,69.36,76.58,131.51,302.04,337.82,476.16
541.44,485.98,391.11,258.04,186.88,64.52,70.85,116.54,297.29,314.39,447.97,587.48
428.62,360.33,254.42,192.96,69.77,68.57,112.39,296.98,325.63,443.39,583.08,651.25
370.15,256.64,190.78,69.6,71.37,119.05,304.88,331.05,441.47,580.98,649.6,628.91
244.05,181.5,69.51,76.21,125.31,308.9,333.08,441.17,590.78,651.69,633.7,587.29
147.11,51.07,70.22,122.31,308.05,333.35,443.22,591.56,655.72,626.43,577.6,543.2
22.37,56.43,117.72,306.33,332.07,439.96,585.81,645.31,618.17,570.28,535.04,461.6
74.71,127.09,304.27,325.74,436.06,590.5,658.62,632.86,578.97,536.37,462.03,489.18
112.07,297.17,325.79,438.75,591.71,656.79,628.4,576.0,536.92,464.7,487.53,537.3
269.48,312.1,433.56,587.48,655.08,630.62,583.01,537.93,470.91,477.45,528.6,494.11
264.62,412.65,583.13,651.69,623.75,570.2,519.4,453.79,465.68,522.49,478.83,555.31
443.11,599.56,653.01,618.45,566.47,524.74,469.99,482.97,530.15,479.66,555.84,526.64
619.32,664.68,621.48,565.71,521.38,468.93,483.39,537.75,481.54,564.26,526.96,582.87
807.95,691.85,582.46,527.17,474.87,502.94,570.73,521.4,587.07,559.15,618.42,456.47
698.3,587.52,528.91,473.93,498.71,566.82,518.14,592.73,557.94,625.0,454.06,452.79
718.35,595.11,487.43,499.36,567.83,532.32,620.38,591.5,636.88,478.68,479.38,428.07
703.63,537.66,508.87,573.04,540.81,640.82,619.45,671.57,498.96,504.24,454.45,297.37
524.08,507.73,576.24,538.6,633.24,607.89,657.12,484.77,496.66,454.61,291.47,181.93
646.05,644.29,550.06,631.08,607.07,671.3,509.43,527.63,462.85,315.79,208.79,162.38
660.12,561.65,635.88,605.44,665.05,503.86,523.67,464.81,312.24,213.7,158.65,45.98
598.11,649.34,612.1,673.14,515.77,536.39,478.51,325.26,231.84,171.21,63.89,107.02
711.11,646.8,677.55,506.74,524.87,475.22,327.57,236.61,153.51,68.41,105.55,97.89
663.59,679.8,510.09,535.87,489.33,342.17,250.98,166.08,92.64,116.61,118.15,364.27
635.33,490.07,531.39,484.68,335.76,240.41,150.86,74.66,100.97,107.02,348.25,378.81
401.18,482.64,475.26,340.05,248.39,151.4,68.11,81.22,108.02,329.03,366.87,537.24
453.37,460.34,334.16,244.98,149.55,66.28,78.01,100.63,327.08,359.16,529.79,747.61
443.86,328.73,243.64,145.64,59.76,69.56,93.0,326.05,347.92,524.13,736.48,792.2
220.09,207.42,180.08,92.65,58.83,-26.07,51.65,151.04,442.13,795.23,860.9,957.72
162.7,166.18,122.92,71.67,-27.65,25.41,119.02,410.87,745.76,850.59,951.03,902.2
190.09,125.41,57.36,-29.42,27.13,119.91,408.89,752.39,835.03,951.96,898.35,795.47
117.06,56.58,-41.12,22.78,127.16,427.37,769.66,837.5,941.27,892.57,785.06,796.87
63.01,-34.44,19.6,113.97,410.99,762.16,846.17,949.55,897.75,786.85,790.95,721.45
-28.92,23.58,115.98,408.59,752.02,835.14,944.85,912.35,809.49,829.73,730.31,670.0
28.47,111.31,403.71,769.14,855.84,952.11,895.74,786.92,794.0,737.48,695.39,630.44
130.04,434.71,769.83,818.36,906.12,877.92,790.21,798.71,706.6,644.4,580.92,519.67
395.45,742.96,815.93,906.01,878.79,788.44,791.46,697.65,663.77,597.99,535.22,549.28
601.61,758.67,887.82,850.46,760.54,761.52,677.48,636.18,569.03,476.24,475.02,439.7
654.92,831.95,844.5,786.58,788.07,690.33,627.55,545.63,485.28,456.87,432.7,358.49
774.79,814.88,781.05,772.71,663.73,610.14,555.76,500.52,489.88,422.76,325.51,371.85
704.05,708.73,770.09,688.76,645.64,577.84,511.55,480.07,439.96,293.02,346.5,247.84
771.29,796.1,707.77,660.35,576.5,508.11,486.24,457.1,347.2,380.7,293.33,165.91
882.84,738.55,659.03,580.89,518.44,509.11,476.34,376.91,395.08,309.63,192.17,174.45
690.58,644.76,615.21,562.26,537.27,467.85,344.61,365.56,317.15,210.22,197.47,146.49
648.23,595.79,537.79,519.81,479.74,377.75,401.61,334.04,210.97,185.09,147.56,61.85
525.88,501.96,513.01,487.42,384.22,395.29,316.57,185.49,177.34,151.21,74.41,55.56
571.92,555.66,498.27,383.04,387.0,306.56,179.47,184.73,161.87,102.45,89.14,77.4
512.73,469.34,377.45,404.78,334.01,205.93,200.07,157.5,91.41,62.88,51.5,174.29
582.07,437.63,415.9,341.12,213.09,220.57,193.33,144.69,108.75,80.72,188.59,151.32
364.51,376.38,328.6,215.88,223.17,183.2,119.4,83.0,75.69,200.52,145.98,249.13
472.2,380.19,221.28,199.0,161.29,117.97,91.68,102.3,198.37,161.35,270.9,513.22
323.58,222.88,226.93,153.93,76.14,43.23,75.54,241.29,245.4,339.28,496.31,597.51
182.36,205.17,148.8,79.0,45.78,65.06,213.41,213.16,316.61,484.69,595.74,602.88
242.76,169.58,80.82,39.62,60.12,210.09,207.84,309.48,464.32,592.85,605.36,682.62
227.37,107.56,47.47,68.44,216.86,209.6,302.3,462.17,589.47,619.48,704.97,731.31
87.17,39.13,68.43,217.86,209.76,294.55,444.64,568.12,605.08,699.39,729.09,681.83
52.5,74.93,217.4,209.9,294.91,441.33,556.73,591.2,686.44,730.11,689.17,609.44
72.73,217.49,210.18,294.3,440.25,554.16,587.44,684.42,727.83,689.08,610.57,589.2
196.78,199.3,292.7,442.75,556.7,586.23,679.81,723.78,690.98,609.77,589.8,572.59
99.0,248.07,430.9,543.21,570.04,657.15,699.65,661.61,583.91,560.58,535.35,500.8
257.76,435.71,541.51,567.8,655.07,699.03,661.94,588.07,560.12,535.64,503.38,580.1
349.98,505.21,559.78,645.17,684.57,639.9,562.43,531.63,508.77,476.97,547.62,547.25
504.22,558.38,646.13,687.28,642.2,559.05,519.93,501.2,469.45,547.15,551.01,501.05
671.93,702.82,699.73,643.41,560.12,528.67,516.97,491.41,546.3,568.66,525.02,448.66
643.51,674.3,636.79,553.06,517.65,496.81,462.91,523.53,546.29,511.49,429.75,384.07
714.65,656.7,557.68,519.72,501.02,468.87,531.94,551.98,511.68,432.61,394.81,290.65
772.06,607.09,532.71,517.82,489.44,556.46,577.07,541.22,456.9,424.34,335.24,263.22
447.61,453.98,507.53,495.09,559.2,557.42,502.81,406.15,415.0,308.93,238.11,160.53
340.18,444.19,482.26,566.16,570.1,502.23,390.88,383.31,307.32,213.0,148.66,115.98
414.77,465.88,564.28,570.83,505.1,390.06,382.07,303.5,212.38,140.23,109.22,53.35
445.59,548.31,570.45,515.18,401.82,387.79,304.79,214.26,154.11,112.58,62.78,112.59
532.37,563.79,513.44,397.65,383.0,298.85,209.14,147.19,98.88,51.53,102.92,233.03
564.85,505.82,398.84,396.07,315.28,221.75,157.01,108.32,72.44,109.87,252.2,270.61
376.19,335.89,383.91,313.79,218.19,137.18,75.74,33.05,85.02,223.72,241.93,314.04
406.65,412.63,318.93,227.64,153.27,93.23,46.53,94.67,227.59,250.35,343.31,489.02
441.4,335.55,233.72,153.64,90.32,40.65,86.83,230.59,242.37,349.46,495.1,673.03
273.14,186.89,101.48,54.24,43.86,172.71,442.32,367.06,385.64,398.95,564.78,445.97
206.11,101.76,16.74,25.44,174.14,466.66,391.87,398.23,430.24,558.41,444.71,466.32
157.11,48.71,45.11,182.7,474.61,405.48,415.44,445.01,587.58,461.97,495.24,539.95
95.39,68.31,200.94,479.42,396.59,394.5,423.38,585.75,470.24,513.95,559.68,361.91
43.7,186.54,475.99,400.94,403.14,425.55,573.32,455.05,500.2,551.35,360.05,244.49
181.93,473.59,398.24,404.74,433.58,584.36,465.15,497.04,536.56,325.67,237.45,331.94
422.48,381.44,402.8,412.89,561.13,456.98,517.59,563.52,367.14,219.26,292.21,363.6
238.37,318.05,398.83,580.99,480.67,502.78,521.4,317.75,209.96,306.59,362.58,436.08
380.9,437.75,581.09,472.1,495.57,526.07,335.51,230.93,293.08,343.7,421.65,472.21
538.52,627.87,489.33,513.59,533.61,339.03,222.82,301.18,344.2,468.25,520.47,528.21
690.62,524.58,518.97,510.4,314.48,205.23,300.54,361.21,456.78,530.34,527.66,535.39
478.33,489.78,505.76,337.27,244.22,322.49,353.91,434.39,509.24,516.95,553.44,551.02
403.24,475.41,314.86,217.31,290.43,321.32,405.4,486.58,499.79,544.37,537.29,481.27
549.8,347.33,210.36,291.89,347.74,444.87,523.53,522.12,523.92,532.66,486.15,356.55
315.17,196.35,306.84,370.63,463.37,523.69,520.52,515.75,555.92,497.94,374.56,263.42
190.18,289.39,338.99,436.68,512.06,529.25,535.28,569.75,506.27,358.11,249.6,180.57
396.62,411.67,468.13,529.25,521.56,517.39,554.23,507.09,356.19,274.27,200.96,83.72
442.3,487.23,536.31,512.27,507.77,548.02,503.67,361.16,270.77,192.79,61.12,32.55
395.56,480.64,502.14,513.71,561.44,513.04,361.42,254.64,182.16,32.67,1.9,118.12
539.7,532.2,518.76,548.04,495.45,349.99,260.24,204.2,55.81,28.11,152.51,363.12
518.39,500.34,549.18,504.38,360.46,262.01,195.4,38.27,16.91,154.24,389.85,439.35
463.53,541.71,507.88,348.21,243.3,175.81,22.76,-2.44,117.48,348.45,406.88,587.47
538.69,500.91,348.94,266.01,199.75,33.79,1.28,104.04,345.42,399.39,585.22,583.38
481.09,306.15,234.68,215.82,82.9,43.26,116.22,298.95,315.52,509.46,592.26,605.73
402.6,286.2,224.94,78.74,36.5,117.21,304.1,328.27,497.41,606.92,617.06,469.74
287.97,227.36,77.96,30.53,111.62,302.85,331.26,503.11,606.82,616.83,463.54,491.21
235.74,82.31,29.32,107.93,299.68,333.64,513.99,619.85,625.04,465.38,487.71,428.57
4.73,-10.93,97.21,298.53,335.3,511.95,614.22,610.22,462.13,470.8,410.65,336.84
12.15,107.46,299.41,335.08,513.48,620.54,620.16,469.16,480.16,414.68,345.4,407.23
134.71,311.31,339.37,517.23,623.94,625.74,477.24,495.07,425.04,355.87,415.32,464.51
265.42,319.08,513.05,619.99,620.54,469.46,485.98,413.47,348.82,403.56,449.08,389.61
274.22,491.71,612.82,613.53,462.78,477.87,403.6,333.92,392.01,435.38,373.09,457.38
483.79,611.56,611.44,456.37,470.53,399.7,335.07,396.36,434.29,369.51,448.97,469.37
683.74,645.3,465.29,476.91,406.91,348.03,414.75,456.55,384.74,468.31,491.06,535.33
615.67,448.42,475.66,412.52,353.73,416.19,452.8,376.46,472.29,489.84,535.57,481.3
545.9,521.46,424.45,363.18,426.4,468.91,397.19,499.76,509.41,561.02,512.83,567.21
505.67,423.81,359.03,412.29,451.51,382.3,487.58,499.35,538.15,503.27,544.26,536.69
426.55,358.72,410.52,451.77,385.44,493.48,505.75,540.98,510.96,544.22,538.38,358.49
378.36,420.13,454.67,387.09,495.07,510.28,547.62,518.72,552.41,546.15,365.07,264.04
390.67,445.25,382.98,483.35,494.55,533.55,509.61,546.55,536.89,357.19,244.69,135.01
508.65,413.3,488.39,495.24,535.55,520.79,566.98,564.65,369.52,258.43,146.42,45.18
381.39,470.39,494.07,538.78,526.37,570.23,568.87,368.89,266.4,142.43,41.08,28.48
461.56,493.22,534.89,516.09,558.48,560.37,362.93,263.13,131.11,35.68,16.03,82.06
627.54,599.27,529.45,564.33,568.58,383.24,292.17,164.86,48.08,42.84,115.75,274.59
904.62,680.81,597.92,577.01,389.97,321.79,209.8,116.53,67.58,182.57,347.11,348.74
605.25,568.11,575.81,385.78,309.34,185.48,81.44,33.65,158.62,336.12,323.91,498.59
487.29,537.16,373.45,300.14,178.68,72.21,22.46,136.17,322.71,297.9,472.39,581.71
551.51,380.8,298.51,174.8,69.41,26.56,148.91,342.18,302.15,473.75,576.66,663.41
405.91,305.58,179.48,81.25,39.43,160.52,351.04,310.02,491.72,589.8,681.46,600.54
273.31,163.1,79.15,36.78,158.32,348.22,307.52,488.89,590.76,676.18,590.67,551.82
225.2,105.21,41.69,163.69,355.69,322.51,512.64,616.99,695.07,605.46,570.62,503.26
54.17,19.09,155.42,347.99,314.04,503.44,608.12,687.35,594.39,557.16,482.22,421.91
39.62,167.22,348.46,310.06,500.81,608.59,688.31,592.05,549.99,481.55,423.49,459.86
208.51,367.2,312.12,498.81,609.2,696.42,605.05,562.53,488.74,430.74,469.31,510.47
319.77,290.86,495.47,609.32,693.25,595.11,545.64,472.64,425.72,465.35,502.75,469.71
273.76,490.78,606.78,685.85,586.39,535.62,461.53,410.51,445.79,491.01,456.17,603.08
538.22,633.09,688.83,579.9,528.36,462.74,418.36,460.61,492.17,462.51,603.8,773.63
605.48,674.88,580.07,533.01,466.73,419.1,459.84,487.12,471.86,603.95,771.24,707.44
689.61,589.44,533.4,463.3,414.2,456.08,479.92,463.76,593.87,773.99,708.07,540.0
590.9,531.4,465.66,420.01,462.26,488.0,476.77,608.9,793.14,715.22,547.64,571.57
547.89,473.06,420.64,461.66,488.11,482.1,623.98,818.43,729.44,555.45,571.62,510.31
438.88,404.95,453.37,478.87,476.25,624.91,827.99,730.32,554.17,556.56,490.15,300.47
419.74,459.88,477.93,475.98,624.94,832.02,736.25,559.37,565.98,495.53,307.73,271.25
465.77,486.42,478.9,619.14,821.25,725.77,551.36,563.83,486.4,308.57,263.42,158.96
467.55,465.92,617.44,825.13,732.3,555.92,565.23,486.3,313.49,260.51,158.46,96.18
522.5,644.14,831.49,733.2,559.82,575.43,502.56,331.23,270.34,168.62,107.81,74.91
567.48,799.17,723.87,547.54,559.6,483.88,311.84,250.45,151.2,89.86,44.65,115.31
779.92,717.32,542.68,549.75,474.15,306.81,252.29,150.62,82.45,34.61,99.85,322.71
645.58,490.94,543.93,498.95,340.97,279.44,172.52,91.47,80.19,99.37,337.7,335.45
508.69,547.36,504.91,355.71,295.98,186.68,104.41,92.06,124.36,351.24,357.05,467.98
595.13,529.28,358.31,292.21,183.95,109.57,103.39,137.36,351.46,363.18,472.33,596.53
571.48,381.67,299.05,184.31,106.11,102.48,142.42,371.43,367.26,484.39,601.79,622.6
373.53,292.46,183.22,110.04,107.78,146.51,372.61,366.2,487.28,602.52,623.56,585.62
327.89,202.47,111.29,101.23,140.74,373.46,372.3,494.31,598.19,626.36,585.75,496.04
167.75,91.01,96.66,142.61,377.58,376.38,499.2,600.79,638.06,581.9,491.52,486.6
52.08,78.1,137.7,374.56,373.46,494.73,596.02,629.66,578.46,482.92,474.99,444.93
85.97,141.22,371.78,368.38,491.8,599.62,639.8,588.27,486.6,472.87,441.59,426.76
124.18,361.92,368.04,495.88,603.46,641.38,588.3,485.71,480.07,442.98,428.06,500.24
315.85,345.72,489.65,599.22,638.15,585.27,483.51,474.31,442.6,415.64,486.48,460.25
268.41,451.85,592.02,636.17,582.22,472.32,456.59,420.16,404.46,471.54,441.01,471.59
507.23,618.19,638.63,579.57,472.87,467.9,441.68,427.89,484.86,449.37,483.36,524.58
665.08,664.06,586.74,475.02,466.69,442.82,431.0,495.42,451.43,497.33,533.46,576.48
753.21,630.87,486.82,472.08,447.79,442.34,511.77,471.47,510.36,555.12,601.08,560.04
628.01,486.11,472.27,448.01,440.89,509.49,467.54,508.62,552.43,603.46,557.54,579.4
538.67,498.53,452.8,442.01,511.67,475.02,520.72,565.79,610.45,567.85,591.43,508.32
473.15,441.32,436.97,505.63,470.23,518.78,564.97,607.37,566.27,584.63,495.42,378.7
422.69,429.54,504.45,467.22,514.07,561.0,606.5,566.0,587.64,493.35,371.66,234.19
479.75,528.67,470.6,512.19,559.78,614.19,583.58,609.65,505.11,382.39,242.06,146.8
491.67,454.51,508.45,555.34,607.48,576.47,604.79,500.99,379.45,234.33,131.73,47.63
455.35,504.86,556.74,612.63,585.69,614.04,511.92,389.29,247.58,134.59,53.48,52.8
519.33,564.94,612.56,581.56,609.87,511.17,390.8,248.18,126.8,52.93,50.22,68.79
570.46,613.73,580.76,610.01,513.24,395.33,253.66,131.65,58.47,51.46,73.17,299.79
657.72,603.15,615.54,514.41,395.75,256.93,136.36,66.61,52.51,82.81,309.0,349.95
652.91,640.37,520.65,397.59,258.3,141.78,75.49,63.53,87.61,319.88,361.43,533.6
509.97,456.29,383.78,255.75,139.17,62.62,41.95,56.46,311.77,335.83,503.18,648.68
456.78,381.14,256.2,144.37,69.95,49.53,67.04,325.07,347.55,504.69,653.38,698.61
412.59,269.23,146.17,72.57,53.13,74.38,333.24,357.35,509.96,662.03,705.95,647.26
257.39,138.23,72.68,56.05,78.43,336.8,362.04,515.27,674.44,709.53,649.77,540.04
217.73,111.08,61.88,77.58,337.5,373.43,536.46,701.26,718.46,664.4,554.12,494.27
64.36,41.02,71.13,331.11,366.01,529.42,696.96,712.35,660.99,544.13,477.07,459.06
67.14,85.07,330.8,361.83,526.19,699.27,719.46,671.27,545.81,480.99,460.99,420.9
74.34,325.45,360.51,525.43,699.64,720.59,672.02,541.31,478.28,456.62,417.26,463.99
314.37,355.62,523.15,696.4,717.14,670.69,541.06,479.4,462.66,416.0,461.36,498.82
300.27,500.43,692.26,710.46,660.03,524.35,459.48,443.05,395.85,447.97,475.06,470.93
540.72,713.43,711.01,652.63,518.64,463.72,456.42,410.52,450.88,476.42,472.47,565.13
648.36,679.14,647.69,519.43,462.7,451.07,403.45,442.12,480.46,464.15,549.94,609.52
686.5,647.4,522.47,472.39,462.86,413.87,451.78,487.51,480.38,557.36,622.63,470.67
780.73,586.82,485.33,466.41,418.57,469.81,515.98,516.58,571.81,651.61,501.95,522.92
546.73,462.99,464.53,425.19,476.22,517.46,515.86,571.4,664.58,502.06,521.98,469.05
522.62,495.62,429.82,473.16,516.1,523.04,585.94,682.13,506.62,530.91,476.42,343.07
545.06,456.5,475.89,510.63,516.92,588.37,691.18,515.78,528.86,483.45,346.44,274.0
582.54,538.98,525.6,521.61,590.58,701.86,532.58,557.62,499.88,378.05,306.09,175.25
527.01,522.86,523.57,588.66,697.26,526.01,548.75,491.36,369.48,304.27,167.04,109.33
665.08,593.7,603.02,696.37,526.66,562.83,517.25,404.28,314.75,194.12,137.45,88.53
534.34,575.19,690.71,523.9,558.21,509.1,393.78,303.57,187.57,127.82,70.26,89.8
664.44,736.79,531.56,554.46,505.88,400.71,318.53,204.17,128.29,82.73,105.8,345.48
710.84,517.14,550.66,503.64,399.43,319.39,206.79,129.47,85.82,100.86,335.85,375.54
447.82,511.46,501.05,412.66,332.85,207.85,120.4,69.54,112.29,331.71,378.08,472.49
489.64,491.69,405.15,322.18,199.8,117.02,68.76,105.71,317.42,361.92,455.59,637.95
497.02,407.98,325.08,202.68,117.34,67.36,105.59,327.56,365.98,460.65,639.47,761.87
376.7,326.84,244.96,151.19,58.78,-2.73,73.49,195.24,390.63,714.07,846.42,845.85
363.53,274.68,190.37,69.89,-9.16,46.48,162.64,364.14,652.69,850.72,852.34,764.85
328.12,203.6,61.34,-2.27,58.35,175.11,375.47,671.14,855.66,864.17,779.91,775.59
153.96,40.84,-15.73,56.31,182.12,385.36,672.53,845.63,844.57,769.14,755.33,752.13
31.83,-17.75,49.49,166.48,370.34,668.01,858.18,845.25,770.51,745.54,740.69,685.47
46.18,80.05,173.23,371.31,661.65,854.54,846.39,794.38,774.72,794.22,712.64,715.01
78.47,168.55,370.79,679.54,872.02,846.25,769.26,746.29,754.09,720.64,738.07,605.89
220.05,416.43,682.2,834.71,801.22,754.21,751.54,762.49,686.29,693.1,564.37,570.36
566.83,746.52,852.56,811.17,766.41,775.4,791.73,722.94,732.54,620.73,635.18,583.42
1072.06,1029.14,845.89,752.55,757.81,802.05,760.92,798.84,617.93,679.42,621.2,579.9
911.95,799.69,749.62,763.61,795.75,735.79,744.36,551.59,633.71,593.28,543.21,459.98
660.89,676.53,749.19,784.29,715.11,721.18,540.47,618.34,619.28,518.15,419.3,478.37
564.14,681.49,777.34,726.97,743.93,555.94,627.7,602.0,515.37,373.94,435.53,394.5
585.37,729.83,726.28,741.66,534.48,595.09,571.13,489.13,402.5,432.05,388.73,384.57
595.31,647.24,717.77,532.17,599.14,572.37,477.42,383.77,432.5,356.09,356.35,344.7
626.98,710.45,565.46,647.25,608.79,482.48,371.11,421.51,379.47,379.31,381.41,292.57
663.6,524.66,617.52,585.32,484.2,389.91,442.09,387.77,365.55,358.14,274.08,138.18
563.63,629.04,591.98,507.66,417.01,459.47,393.48,366.35,368.43,303.12,193.26,171.75
765.21,673.6,522.07,402.03,436.16,378.37,361.89,381.64,296.26,226.47,205.43,176.79
542.33,452.07,386.88,452.08,401.45,371.75,367.15,257.37,199.77,166.43,136.06,270.92
483.2,411.02,452.3,399.66,370.71,374.26,273.95,221.95,187.9,137.82,258.17,369.6
636.82,557.2,419.14,387.79,393.28,303.4,251.81,235.24,171.83,336.85,440.75,721.6
694.51,495.78,404.03,372.09,278.02,246.25,239.57,201.93,339.49,473.48,748.98,811.13
475.25,429.89,405.56,265.25,193.19,179.35,159.18,371.01,540.7,824.28,795.0,721.83
402.93,392.02,259.65,188.23,174.21,152.07,361.35,530.1,809.99,782.92,711.64,616.73
417.51,270.01,190.12,174.71,154.93,367.74,543.84,833.64,793.22,718.83,622.03,514.78
232.16,167.6,169.06,155.83,372.45,546.55,836.56,786.15,718.74,608.98,508.41,461.89
293.22,228.47,167.13,378.04,553.18,850.93,803.84,740.14,619.1,533.1,499.71,541.98
232.71,173.74,382.67,554.7,846.11,789.12,715.17,599.53,510.71,501.02,543.61,539.71
129.52,359.53,552.43,850.62,794.65,706.42,571.29,474.54,476.11,527.73,536.24,660.46
362.92,551.22,850.12,797.17,713.23,576.21,470.93,463.95,524.27,529.87,666.88,697.72
412.08,789.68,784.11,698.27,554.15,432.19,411.45,468.14,490.26,635.13,654.07,608.85
662.54,727.08,680.82,535.42,411.48,384.38,438.14,452.71,601.66,616.33,564.16,639.63
604.45,603.25,526.23,439.76,420.74,459.52,465.37,597.96,657.79,551.29,647.5,767.79
671.87,549.87,451.89,446.1,489.26,492.8,624.17,687.61,591.89,675.12,811.86,730.08
586.02,470.59,450.29,490.64,493.04,621.86,679.04,580.7,657.64,815.61,738.73,649.06
648.24,540.18,508.72,495.0,621.79,687.62,590.55,681.12,812.0,772.48,692.66,576.68
576.22,531.6,502.37,620.11,682.02,582.71,669.98,810.03,759.47,701.0,580.75,455.94
700.05,593.29,635.83,671.99,568.92,668.88,818.0,781.34,682.27,604.56,478.52,346.87
675.04,679.43,680.5,566.89,664.64,819.26,784.73,688.59,600.08,492.1,360.76,326.45
740.82,715.57,577.33,665.82,814.58,777.46,676.87,594.13,483.95,374.67,341.09,269.04
737.69,589.43,671.77,814.89,777.06,672.47,584.79,476.16,360.03,342.53,270.15,201.65
455.83,597.36,804.01,789.43,688.0,582.52,456.97,325.64,345.63,247.1,190.36,202.21
642.67,826.18,791.5,683.65,580.31,461.37,336.05,359.81,247.37,191.97,208.51,390.27
737.4,750.33,674.35,571.95,450.13,317.43,337.39,220.81,170.1,185.16,360.62,348.92
709.58,648.49,568.42,457.64,327.1,339.73,217.9,161.2,190.92,353.08,353.38,496.65
537.22,503.85,448.35,343.54,361.01,221.77,148.46,163.69,356.22,333.6,493.53,655.44
609.82,498.12,356.71,370.52,232.05,159.17,173.92,377.31,337.75,513.07,689.81,813.62
517.18,348.11,326.6,200.27,169.08,273.08,602.79,476.64,552.18,609.1,725.62,666.11
271.2,278.85,156.6,153.68,275.85,614.96,477.08,534.07,638.93,705.93,653.6,617.44
250.02,153.21,160.58,267.27,604.48,469.46,527.21,624.78,702.7,644.04,609.88,683.32
126.21,142.22,275.29,613.12,468.26,510.1,605.29,689.44,659.75,612.12,694.27,594.75
88.56,244.02,607.73,477.98,525.27,611.19,679.24,649.47,613.88,685.6,592.26,580.77
219.45,594.44,475.62,531.21,624.13,690.72,655.25,596.78,667.85,553.72,572.35,619.92
542.62,457.69,525.76,598.91,663.58,646.27,617.09,694.87,596.23,552.36,579.09,536.01
240.76,404.76,581.4,689.09,672.96,594.49,637.22,532.68,542.78,587.39,525.11,541.93
489.95,632.3,687.41,654.98,581.16,646.11,567.74,581.74,575.38,501.07,521.27,559.03
600.93,668.37,656.24,593.69,648.86,560.95,561.8,565.89,501.61,543.76,573.05,606.9
754.88,697.92,600.75,635.06,550.17,560.8,586.78,532.83,556.66,590.21,625.99,561.37
653.61,577.36,630.03,565.48,588.35,597.82,513.25,527.68,551.31,612.36,568.46,651.23
658.64,674.62,566.89,585.55,592.84,514.62,538.02,575.57,637.72,604.3,699.0,639.87
626.96,541.39,566.92,588.04,533.14,559.2,584.51,628.67,566.09,668.17,608.66,393.29
515.71,561.65,601.3,544.76,564.89,575.72,621.89,549.15,677.88,613.81,402.01,253.85
562.87,584.22,510.78,537.67,566.59,640.51,587.67,712.16,637.79,387.8,240.6,159.55
541.37,503.59,560.57,598.09,647.21,566.18,683.24,617.01,404.13,248.55,164.19,32.08
565.12,581.33,606.08,654.03,583.76,710.46,653.24,437.52,285.02,164.41,37.12,59.21
489.67,549.97,645.41,594.29,725.91,661.7,434.15,267.49,155.23,12.08,31.41,95.93
572.65,657.48,597.94,714.48,646.12,418.97,264.11,165.42,34.78,51.25,126.91,405.47
734.69,625.32,723.72,652.68,427.22,270.56,163.24,27.39,28.27,140.2,445.48,461.5
619.1,725.63,662.28,427.22,266.78,158.81,27.38,24.5,130.13,418.52,452.71,593.57
650.94,626.33,420.71,279.51,167.68,15.24,-2.53,85.43,387.69,429.05,565.07,632.02
546.64,346.89,239.4,180.36,64.26,38.41,97.51,329.66,339.96,468.37,623.96,674.81
426.51,273.62,189.26,76.56,52.59,114.69,345.38,359.63,485.41,647.42,703.99,661.84
291.29,199.53,78.5,48.68,111.16,345.57,362.66,487.0,645.06,705.63,660.88,584.45
196.25,77.67,46.45,106.47,340.05,359.54,485.85,647.13,705.33,660.8,578.91,547.33
33.34,24.42,100.29,337.53,358.3,484.53,647.86,700.97,660.87,569.17,534.66,467.89
32.07,104.89,334.34,351.84,479.23,648.09,705.88,667.16,568.17,532.71,463.65,451.46
115.56,339.77,353.52,479.1,648.15,709.08,673.86,574.74,538.69,467.08,453.36,532.51
299.32,333.88,473.57,644.8,705.64,669.76,570.17,532.47,466.97,444.77,521.73,482.37
282.26,452.6,639.62,697.47,658.37,553.91,512.78,445.9,423.68,507.4,460.43,490.35
497.53,660.71,699.35,656.45,554.71,521.98,461.87,441.15,516.39,466.38,499.6,605.51
696.44,720.77,662.26,552.92,516.69,459.73,442.66,524.78,466.15,508.57,607.23,621.7
659.55,630.89,548.2,519.42,462.85,439.81,516.18,450.26,510.48,599.11,613.31,550.18
682.26,573.27,523.15,462.67,440.01,523.01,463.0,526.0,604.59,623.18,560.46,561.46
609.75,538.46,467.4,447.08,531.56,475.09,542.83,625.86,642.74,574.42,575.59,548.88
476.01,436.92,439.87,527.74,472.55,538.83,621.87,632.95,575.58,562.29,530.56,381.03
416.36,428.35,523.69,471.43,539.38,624.63,638.03,577.12,568.63,526.63,376.57,247.48
418.93,519.83,469.77,536.57,620.86,636.86,581.1,573.23,533.09,376.14,243.05,138.78
553.89,487.64,539.67,618.55,633.91,583.69,581.8,548.79,380.53,250.36,141.03,64.92
486.37,535.04,621.2,640.26,593.61,591.36,560.52,389.27,264.08,143.87,69.98,36.22
484.29,596.92,632.73,587.5,585.05,553.4,382.19,254.55,138.73,58.47,20.44,76.6
679.07,674.81,593.89,582.63,551.58,390.19,270.57,159.06,58.91,33.15,90.14,288.33
687.58,596.48,585.58,558.62,399.04,279.94,168.07,67.21,47.32,96.94,298.71,346.49
599.19,585.59,562.29,405.35,285.6,170.8,66.94,47.07,104.8,305.48,354.11,503.6
541.12,538.99,398.61,283.93,171.53,67.02,46.92,96.85,304.51,341.86,492.12,563.09
556.56,409.45,286.24,169.72,62.68,44.75,99.69,319.17,344.24,497.7,562.4,670.17
469.75,311.2,176.65,72.33,56.71,115.88,337.66,363.78,513.46,578.77,690.2,634.45
302.99,171.12,71.98,57.35,117.74,339.74,366.08,515.36,584.93,691.57,634.25,519.88
221.64,95.31,60.63,118.49,342.02,375.38,530.5,601.31,701.6,645.33,532.34,491.19
36.12,33.17,110.78,336.37,368.93,521.74,591.62,689.93,636.27,518.47,471.39,425.49
70.34,130.35,338.22,364.59,518.61,595.48,700.48,649.8,522.49,476.87,429.47,458.0
120.29,331.62,362.14,518.1,596.7,703.68,654.22,522.29,479.29,426.78,455.29,496.22
292.11,345.25,513.58,592.11,697.12,645.86,511.91,468.75,423.14,446.87,484.85,463.99
268.6,478.28,585.0,691.58,638.28,497.08,448.74,398.35,429.04,466.97,439.86,542.62
522.79,606.77,692.88,633.61,494.48,455.38,413.53,447.9,472.94,443.84,547.08,575.52
531.68,654.29,628.5,499.36,460.12,411.4,440.91,460.93,451.43,538.6,564.37,612.04
735.8,670.48,507.07,458.76,409.33,446.61,472.18,465.88,540.76,579.91,628.75,530.27
798.9,570.17,473.26,414.54,450.78,487.41,490.7,578.0,594.9,660.07,560.27,566.61
532.8,453.0,413.47,457.37,493.86,491.32,575.21,590.61,669.98,560.33,566.22,535.91
470.04,423.07,454.95,486.79,487.29,578.93,599.72,676.54,558.85,562.77,530.27,373.85
429.08,459.59,486.7,484.8,575.4,599.39,678.94,560.54,565.17,532.94,372.91,279.23
535.48,528.08,492.08,569.28,590.35,679.04,569.57,583.66,536.16,388.33,288.14,178.21
478.13,467.39,566.21,590.73,678.44,565.45,577.64,528.74,387.44,279.95,164.46,78.73
552.16,604.95,600.01,682.18,572.7,594.03,555.81,418.64,301.51,183.28,101.22,76.95
491.27,548.08,668.42,561.07,579.43,535.51,394.93,274.95,160.51,75.11,36.87,59.5
579.2,681.04,562.68,581.58,541.69,406.44,291.06,172.15,85.29,39.73,71.31,289.39
690.26,562.92,581.82,545.33,412.88,301.08,184.54,97.77,53.74,76.69,295.43,345.69
489.88,544.02,541.89,420.03,306.75,179.13,84.43,35.55,79.72,287.62,339.43,427.61
624.29,581.26,424.33,303.83,179.33,95.51,53.9,99.3,289.04,348.67,440.75,634.5
520.84,395.8,300.88,180.54,93.26,44.86,88.52,283.83,347.74,432.74,619.01,736.88
423.12,310.67,182.77,99.48,53.58,97.76,290.66,354.56,441.6,627.68,749.17,667.34
328.85,191.18,99.73,51.79,98.07,294.6,359.27,441.25,624.08,750.78,669.29,554.14
250.5,125.78,57.64,103.32,301.04,372.14,460.07,649.6,774.85,687.91,575.61,553.24
125.57,60.67,104.38,298.16,367.22,456.35,649.1,778.67,684.03,577.74,545.66,504.94
75.56,111.95,294.92,359.92,451.69,653.02,791.41,693.27,580.53,542.43,501.38,445.43
104.51,291.42,358.49,451.62,652.43,791.93,693.65,581.91,547.29,503.99,444.5,520.32
256.77,343.17,448.45,649.44,788.3,689.28,578.07,539.92,502.15,435.25,509.99,455.91
293.54,427.33,643.41,778.23,676.85,562.87,522.46,486.3,416.56,496.3,432.14,491.3
443.73,649.09,778.49,677.73,566.59,532.07,502.88,431.64,510.99,434.47,497.26,523.92
707.41,813.0,683.37,559.26,520.59,498.56,434.31,523.94,428.13,506.67,524.66,563.98
783.01,670.92,558.55,519.4,495.04,427.9,515.68,416.96,501.55,520.31,555.0,540.11
712.72,571.48,523.92,507.89,445.27,535.46,438.17,522.1,544.93,569.51,564.52,541.13
497.44,486.49,500.98,447.05,538.05,434.21,513.08,530.25,569.65,552.63,527.41,491.78
555.94,533.64,451.0,537.47,437.43,526.57,551.35,590.41,565.98,539.2,507.55,406.41
499.88,437.38,534.84,433.13,519.36,543.4,583.28,561.12,534.99,502.56,391.65,286.49
422.96,525.6,432.51,522.77,547.62,586.86,566.33,536.37,516.87,393.0,289.77,224.82
510.61,426.17,518.37,541.26,580.72,564.25,538.21,519.41,389.05,283.22,211.63,103.21
481.53,540.98,550.97,592.73,579.32,554.94,539.35,411.23,307.8,231.07,128.39,71.9
473.89,520.9,583.45,567.84,542.34,526.33,398.78,293.31,216.03,110.97,44.61,99.23
524.51,583.68,566.57,542.51,528.49,404.07,302.13,223.31,116.08,43.97,101.03,273.74
667.4,605.57,549.78,531.36,409.4,318.19,249.13,146.56,62.62,119.41,294.76,340.4
435.87,469.58,516.12,403.66,307.97,222.78,107.64,15.7,96.75,261.7,296.7,470.8
493.98,522.52,403.48,313.14,234.67,124.75,36.78,111.3,278.77,298.29,483.61,609.03
593.18,438.64,321.64,237.6,125.8,43.52,124.96,306.82,307.11,502.43,623.01,683.6
402.16,304.05,235.33,126.84,42.36,117.98,293.81,294.19,497.93,618.75,675.91,588.02
279.29,221.47,122.9,40.68,119.56,296.21,296.97,496.51,618.99,669.41,581.06,547.7
299.74,157.95,45.91,122.23,302.2,314.95,527.23,652.77,693.18,598.28,567.63,499.64
91.54,13.27,115.37,302.04,314.24,521.55,643.43,683.0,599.07,560.05,485.14,430.75
39.13,127.69,303.22,312.99,522.65,649.9,694.44,605.71,564.34,486.55,436.45,414.35
130.54,302.71,312.17,522.95,651.16,699.56,614.63,576.25,498.55,440.76,415.88,505.5
277.15,301.72,521.34,650.11,696.65,610.13,571.97,494.93,441.06,412.11,497.72,417.05
235.6,491.47,641.4,686.48,599.49,558.32,478.44,418.78,391.4,476.37,390.05,454.64
526.02,659.72,688.38,594.28,553.11,481.6,430.76,407.93,485.0,395.92,457.74,534.59
631.84,673.78,593.06,556.21,483.97,431.12,409.45,487.7,403.4,456.92,529.88,487.09
727.5,620.19,562.6,486.1,432.73,414.56,493.99,410.93,457.6,540.99,500.3,454.46
665.8,579.91,492.06,442.48,426.98,511.02,432.75,480.71,565.56,515.62,475.37,564.14
486.53,448.83,433.37,422.39,504.05,417.11,459.63,543.74,503.87,458.26,537.49,457.85
498.39,455.09,422.75,502.99,422.36,475.05,565.7,517.88,467.14,541.12,468.47,337.29
494.3,441.46,507.98,426.09,477.24,571.01,524.56,479.19,552.59,482.71,350.43,279.99
564.46,571.76,442.97,480.0,570.19,532.16,496.36,583.25,496.73,381.11,307.17,197.95
535.8,427.57,474.43,562.08,523.04,488.01,575.28,486.39,367.34,295.68,177.82,84.37
349.84,432.76,554.98,526.07,494.25,575.55,483.97,357.54,305.79,165.27,73.46,36.76
611.32,644.28,542.19,493.65,575.82,502.35,390.03,350.24,174.08,108.31,71.93,119.21
630.55,538.94,492.5,568.25,492.26,382.0,344.78,168.97,98.41,66.48,106.31,285.28
551.49,492.49,571.67,504.29,396.49,357.55,178.86,108.82,90.04,118.27,304.44,347.76
501.87,580.89,504.64,389.29,347.9,172.28,106.23,86.55,101.99,299.36,337.51,454.99
548.36,491.21,382.73,339.15,162.92,97.51,77.46,93.49,289.95,326.74,438.74,629.37
491.11,380.12,342.16,170.21,105.82,84.02,100.89,300.93,336.79,442.45,634.02,686.99
363.13,349.66,213.53,141.09,76.81,-5.37,48.12,166.81,374.45,712.19,778.05,747.78
346.28,224.76,177.03,85.46,-15.77,16.07,132.31,350.12,656.74,777.95,743.31,706.91
192.32,146.79,67.58,-9.22,28.46,137.62,349.24,656.33,772.18,734.54,699.84,672.45
141.14,66.63,-21.11,24.83,147.06,371.16,678.59,780.59,728.25,693.02,661.58,707.81
134.58,12.56,28.45,141.43,364.46,683.6,801.82,745.88,707.36,677.58,724.01,627.19
-21.09,14.85,140.31,359.12,667.94,778.74,720.36,699.98,684.05,752.88,625.89,547.19
33.67,140.33,359.35,692.38,807.01,732.1,685.01,664.19,723.57,640.01,584.56,620.09
159.49,389.06,690.58,767.32,685.75,669.08,672.41,732.08,607.17,529.95,567.3,495.39
350.78,664.71,764.73,687.04,670.97,669.06,718.3,590.09,543.83,584.86,513.55,552.44
541.5,715.77,671.06,644.8,644.27,691.41,570.23,510.55,554.73,457.21,487.51,553.61
676.94,649.81,646.46,669.46,713.79,580.72,498.46,537.81,458.78,484.37,558.57,452.71
