227.96,227.96,227.96,227.96,227.96,227.96,227.96,227.96,227.96,227.96,227.96,227.96,
218.0,218.0,218.0,218.0,218.0,218.0,218.0,218.0,218.0,218.0,218.0,218.0,
224.96,224.96,224.96,224.96,224.96,224.96,224.96,224.96,224.96,224.96,224.96,224.96,
217.29,217.29,217.29,217.29,217.29,217.29,217.29,217.29,217.29,217.29,217.29,217.29,
156.38,268.47,167.51,258.45,176.54,250.31,183.86,243.72,189.81,238.36,194.63,234.02,
216.75,216.75,216.75,216.75,216.75,216.75,216.75,216.75,216.75,216.75,216.75,216.75,
159.43,277.14,167.06,270.0,173.73,263.76,179.57,258.31,184.67,253.54,189.13,249.36,
224.79,224.79,224.79,224.79,224.79,224.79,224.79,224.79,224.79,224.79,224.79,224.79,
282.74,296.15,291.65,300.71,299.49,306.06,306.73,311.87,313.62,317.94,320.32,324.16,
320.77,365.77,340.81,368.35,356.49,374.2,369.72,381.89,381.56,390.61,392.63,399.92,
400.47,438.16,423.56,446.3,442.38,457.49,459.01,470.24,474.54,483.78,489.5,497.73,
500.97,568.91,544.01,581.59,577.11,600.94,605.72,623.32,632.3,647.07,657.95,671.45,
612.01,636.79,649.41,669.91,685.31,704.01,720.57,738.52,755.57,773.2,790.45,807.95,
419.46,431.34,443.22,455.11,466.99,478.87,490.76,502.64,514.52,526.41,538.29,550.17,
428.92,440.86,452.8,464.74,476.68,488.62,500.56,512.5,524.44,536.38,548.32,560.27,
444.37,456.71,469.04,481.38,493.72,506.05,518.39,530.73,543.06,555.4,567.74,580.07,
413.45,423.25,433.04,442.84,452.63,462.43,472.23,482.02,491.82,501.61,511.41,521.21,
254.34,279.4,286.35,288.28,288.82,288.96,289.01,289.02,289.02,289.02,289.02,289.02,
247.35,275.28,283.37,285.72,286.4,286.6,286.65,286.67,286.67,286.68,286.68,286.68,
242.25,270.73,279.72,282.56,283.46,283.74,283.83,283.86,283.87,283.87,283.87,283.87,
310.12,300.93,298.27,297.51,297.29,297.23,297.21,297.2,297.2,297.2,297.2,297.2,
309.81,300.99,298.33,297.53,297.29,297.21,297.19,297.18,297.18,297.18,297.18,297.18,
246.63,274.45,282.62,285.03,285.74,285.94,286.0,286.02,286.03,286.03,286.03,286.03,
243.49,273.21,282.97,286.17,287.22,287.57,287.68,287.72,287.73,287.73,287.73,287.73,
305.46,305.46,305.46,305.46,305.46,305.46,305.46,305.46,305.46,305.46,305.46,305.46,
315.71,315.71,315.71,315.71,315.71,315.71,315.71,315.71,315.71,315.71,315.71,315.71,
308.96,308.96,308.96,308.96,308.96,308.96,308.96,308.96,308.96,308.96,308.96,308.96,
255.69,308.06,308.06,308.06,308.06,308.06,308.06,308.06,308.06,308.06,308.06,308.06,
245.25,296.27,296.27,296.27,296.27,296.27,296.27,296.27,296.27,296.27,296.27,296.27,
241.91,297.7,297.7,297.7,297.7,297.7,297.7,297.7,297.7,297.7,297.7,297.7,
240.68,287.93,287.93,287.93,287.93,287.93,287.93,287.93,287.93,287.93,287.93,287.93,
337.39,293.86,293.86,293.86,293.86,293.86,293.86,293.86,293.86,293.86,293.86,293.86,
223.34,286.86,286.86,286.86,286.86,286.86,286.86,286.86,286.86,286.86,286.86,286.86,
335.76,290.96,290.96,290.96,290.96,290.96,290.96,290.96,290.96,290.96,290.96,290.96,
230.68,278.47,278.47,278.47,278.47,278.47,278.47,278.47,278.47,278.47,278.47,278.47,
268.54,268.54,268.54,268.54,268.54,268.54,268.54,268.54,268.54,268.54,268.54,268.54,
255.25,255.25,255.25,255.25,255.25,255.25,255.25,255.25,255.25,255.25,255.25,255.25,
257.13,257.13,257.13,257.13,257.13,257.13,257.13,257.13,257.13,257.13,257.13,257.13,
250.46,250.46,250.46,250.46,250.46,250.46,250.46,250.46,250.46,250.46,250.46,250.46,
248.29,248.29,248.29,248.29,248.29,248.29,248.29,248.29,248.29,248.29,248.29,248.29,
250.88,250.88,250.88,250.88,250.88,250.88,250.88,250.88,250.88,250.88,250.88,250.88,
255.58,255.58,255.58,255.58,255.58,255.58,255.58,255.58,255.58,255.58,255.58,255.58,
257.79,257.79,257.79,257.79,257.79,257.79,257.79,257.79,257.79,257.79,257.79,257.79,
259.96,259.96,259.96,259.96,259.96,259.96,259.96,259.96,259.96,259.96,259.96,259.96,
254.13,254.13,254.13,254.13,254.13,254.13,254.13,254.13,254.13,254.13,254.13,254.13,
248.71,248.71,248.71,248.71,248.71,248.71,248.71,248.71,248.71,248.71,248.71,248.71,
250.83,250.83,250.83,250.83,250.83,250.83,250.83,250.83,250.83,250.83,250.83,250.83,
227.66,245.73,256.38,262.65,266.35,268.53,269.82,270.57,271.02,271.28,271.44,271.53,
232.88,232.88,232.88,232.88,232.88,232.88,232.88,232.88,232.88,232.88,232.88,232.88,
198.31,200.66,204.25,205.99,207.87,209.0,210.03,210.72,211.3,211.72,212.05,212.29,
225.92,225.92,225.92,225.92,225.92,225.92,225.92,225.92,225.92,225.92,225.92,225.92,
227.88,227.88,227.88,227.88,227.88,227.88,227.88,227.88,227.88,227.88,227.88,227.88,
230.08,230.08,230.08,230.08,230.08,230.08,230.08,230.08,230.08,230.08,230.08,230.08,
197.53,203.07,197.03,199.92,195.93,197.25,194.47,194.85,192.79,192.61,190.99,190.48,
176.76,172.01,167.27,162.52,157.77,153.02,148.28,143.53,138.78,134.03,129.29,124.54,
180.4,176.31,172.23,168.14,164.06,159.97,155.88,151.8,147.71,143.62,139.54,135.45,
176.17,171.73,167.3,162.87,158.44,154.01,149.58,145.14,140.71,136.28,131.85,127.42,
246.42,246.42,246.42,246.42,246.42,246.42,246.42,246.42,246.42,246.42,246.42,246.42,
246.96,246.96,246.96,246.96,246.96,246.96,246.96,246.96,246.96,246.96,246.96,246.96,
243.38,243.38,243.38,243.38,243.38,243.38,243.38,243.38,243.38,243.38,243.38,243.38,
241.33,241.33,241.33,241.33,241.33,241.33,241.33,241.33,241.33,241.33,241.33,241.33,
241.54,241.54,241.54,241.54,241.54,241.54,241.54,241.54,241.54,241.54,241.54,241.54,
241.08,241.08,241.08,241.08,241.08,241.08,241.08,241.08,241.08,241.08,241.08,241.08,
238.96,238.96,238.96,238.96,238.96,238.96,238.96,238.96,238.96,238.96,238.96,238.96,
244.96,244.96,244.96,244.96,244.96,244.96,244.96,244.96,244.96,244.96,244.96,244.96,
245.83,245.83,245.83,245.83,245.83,245.83,245.83,245.83,245.83,245.83,245.83,245.83,
246.71,246.71,246.71,246.71,246.71,246.71,246.71,246.71,246.71,246.71,246.71,246.71,
247.79,247.79,247.79,247.79,247.79,247.79,247.79,247.79,247.79,247.79,247.79,247.79,
249.38,249.38,249.38,249.38,249.38,249.38,249.38,249.38,249.38,249.38,249.38,249.38,
251.63,251.63,251.63,251.63,251.63,251.63,251.63,251.63,251.63,251.63,251.63,251.63,
259.83,259.83,259.83,259.83,259.83,259.83,259.83,259.83,259.83,259.83,259.83,259.83,
261.38,261.38,261.38,261.38,261.38,261.38,261.38,261.38,261.38,261.38,261.38,261.38,
262.54,262.54,262.54,262.54,262.54,262.54,262.54,262.54,262.54,262.54,262.54,262.54,
264.13,264.13,264.13,264.13,264.13,264.13,264.13,264.13,264.13,264.13,264.13,264.13,
264.63,264.63,264.63,264.63,264.63,264.63,264.63,264.63,264.63,264.63,264.63,264.63,
265.38,265.38,265.38,265.38,265.38,265.38,265.38,265.38,265.38,265.38,265.38,265.38,
267.0,267.0,267.0,267.0,267.0,267.0,267.0,267.0,267.0,267.0,267.0,267.0,
270.96,270.96,270.96,270.96,270.96,270.96,270.96,270.96,270.96,270.96,270.96,270.96,
273.63,273.63,273.63,273.63,273.63,273.63,273.63,273.63,273.63,273.63,273.63,273.63,
277.96,277.96,277.96,277.96,277.96,277.96,277.96,277.96,277.96,277.96,277.96,277.96,
280.63,280.63,280.63,280.63,280.63,280.63,280.63,280.63,280.63,280.63,280.63,280.63,
270.08,263.67,263.67,263.67,263.67,263.67,263.67,263.67,263.67,263.67,263.67,263.67,
267.98,265.55,265.55,265.55,265.55,265.55,265.55,265.55,265.55,265.55,265.55,265.55,
272.93,266.59,266.59,266.59,266.59,266.59,266.59,266.59,266.59,266.59,266.59,266.59,
248.47,265.74,265.74,265.74,265.74,265.74,265.74,265.74,265.74,265.74,265.74,265.74,
256.18,264.92,264.92,264.92,264.92,264.92,264.92,264.92,264.92,264.92,264.92,264.92,
252.68,266.68,266.68,266.68,266.68,266.68,266.68,266.68,266.68,266.68,266.68,266.68,
262.19,265.17,265.17,265.17,265.17,265.17,265.17,265.17,265.17,265.17,265.17,265.17,
247.1,256.99,256.99,256.99,256.99,256.99,256.99,256.99,256.99,256.99,256.99,256.99,
259.71,259.71,259.71,259.71,259.71,259.71,259.71,259.71,259.71,259.71,259.71,259.71,
260.38,260.38,260.38,260.38,260.38,260.38,260.38,260.38,260.38,260.38,260.38,260.38,
259.79,259.79,259.79,259.79,259.79,259.79,259.79,259.79,259.79,259.79,259.79,259.79,
258.46,258.46,258.46,258.46,258.46,258.46,258.46,258.46,258.46,258.46,258.46,258.46,
256.79,256.79,256.79,256.79,256.79,256.79,256.79,256.79,256.79,256.79,256.79,256.79,
234.84,242.94,245.94,247.06,247.47,247.62,247.68,247.7,247.71,247.71,247.71,247.72,
257.08,257.08,257.08,257.08,257.08,257.08,257.08,257.08,257.08,257.08,257.08,257.08,
261.48,261.48,261.48,261.48,261.48,261.48,261.48,261.48,261.48,261.48,261.48,261.48,
260.98,260.98,260.98,260.98,260.98,260.98,260.98,260.98,260.98,260.98,260.98,260.98,
260.56,260.56,260.56,260.56,260.56,260.56,260.56,260.56,260.56,260.56,260.56,260.56,
262.15,262.15,262.15,262.15,262.15,262.15,262.15,262.15,262.15,262.15,262.15,262.15,
262.52,262.52,262.52,262.52,262.52,262.52,262.52,262.52,262.52,262.52,262.52,262.52,
260.98,260.98,260.98,260.98,260.98,260.98,260.98,260.98,260.98,260.98,260.98,260.98,
263.4,263.4,263.4,263.4,263.4,263.4,263.4,263.4,263.4,263.4,263.4,263.4,
554.46,330.53,259.91,309.94,274.5,299.6,281.82,294.42,285.49,291.81,287.34,290.51,
365.96,326.5,307.3,297.95,293.39,291.18,290.1,289.58,289.32,289.2,289.13,289.11,
336.18,313.4,302.07,296.44,293.64,292.25,291.56,291.21,291.04,290.95,290.91,290.89,
279.79,258.82,306.94,262.34,307.4,262.4,307.41,262.4,307.41,262.4,307.41,262.4,
401.21,397.21,404.92,412.62,420.33,428.04,435.74,443.45,451.16,458.86,466.57,474.28,
386.84,402.2,409.9,417.6,425.29,432.99,440.69,448.39,456.08,463.78,471.48,479.18,
251.69,274.84,284.82,289.12,290.98,291.78,292.13,292.28,292.34,292.37,292.38,292.38,
283.05,296.2,296.2,296.2,296.2,296.2,296.2,296.2,296.2,296.2,296.2,296.2,
335.24,301.24,301.24,301.24,301.24,301.24,301.24,301.24,301.24,301.24,301.24,301.24,
239.29,299.68,299.68,299.68,299.68,299.68,299.68,299.68,299.68,299.68,299.68,299.68,
322.98,308.82,303.54,301.58,300.85,300.57,300.47,300.43,300.42,300.42,300.41,300.41,
254.22,281.21,289.86,292.63,293.52,293.81,293.9,293.93,293.94,293.94,293.94,293.94,
262.29,283.36,290.26,292.53,293.27,293.51,293.59,293.62,293.63,293.63,293.63,293.63,
272.67,287.66,292.58,294.19,294.72,294.89,294.95,294.97,294.97,294.98,294.98,294.98,
316.23,306.5,303.7,302.89,302.66,302.59,302.57,302.57,302.56,302.56,302.56,302.56,
343.6,325.64,318.69,316.0,314.95,314.55,314.39,314.33,314.31,314.3,314.3,314.3,
276.5,291.91,297.25,299.1,299.74,299.96,300.03,300.06,300.07,300.07,300.07,300.07,
256.4,279.67,288.08,291.12,292.22,292.61,292.76,292.81,292.83,292.83,292.84,292.84,
266.84,284.26,290.35,292.48,293.22,293.48,293.57,293.61,293.62,293.62,293.62,293.62,
266.91,284.48,290.92,293.29,294.15,294.47,294.59,294.63,294.64,294.65,294.65,294.65,
270.39,285.4,290.98,293.06,293.83,294.11,294.22,294.26,294.27,294.28,294.28,294.28,
201.65,193.89,186.13,178.37,170.62,162.86,155.1,147.34,139.59,131.83,124.07,116.31,
198.03,189.88,181.73,173.58,165.43,157.28,149.13,140.98,132.83,124.68,116.52,108.37,
263.01,253.03,243.05,233.07,223.09,213.11,203.13,193.15,183.18,173.2,163.22,153.24,
286.13,286.13,286.13,286.13,286.13,286.13,286.13,286.13,286.13,286.13,286.13,286.13,
286.71,286.71,286.71,286.71,286.71,286.71,286.71,286.71,286.71,286.71,286.71,286.71,
725.2,333.29,333.29,333.29,333.29,333.29,333.29,333.29,333.29,333.29,333.29,333.29,
319.92,319.92,319.92,319.92,319.92,319.92,319.92,319.92,319.92,319.92,319.92,319.92,
323.25,323.25,323.25,323.25,323.25,323.25,323.25,323.25,323.25,323.25,323.25,323.25,
491.82,505.1,518.38,531.66,544.94,558.22,571.5,584.78,598.06,611.34,624.63,637.91,
328.33,328.33,328.33,328.33,328.33,328.33,328.33,328.33,328.33,328.33,328.33,328.33,
487.04,498.79,510.54,522.29,534.03,545.78,557.53,569.28,581.03,592.78,604.53,616.27,
335.08,335.08,335.08,335.08,335.08,335.08,335.08,335.08,335.08,335.08,335.08,335.08,
348.08,348.08,348.08,348.08,348.08,348.08,348.08,348.08,348.08,348.08,348.08,348.08,
349.33,349.33,349.33,349.33,349.33,349.33,349.33,349.33,349.33,349.33,349.33,349.33,
349.79,349.79,349.79,349.79,349.79,349.79,349.79,349.79,349.79,349.79,349.79,349.79,
349.17,349.17,349.17,349.17,349.17,349.17,349.17,349.17,349.17,349.17,349.17,349.17,
346.33,346.33,346.33,346.33,346.33,346.33,346.33,346.33,346.33,346.33,346.33,346.33,
339.21,339.21,339.21,339.21,339.21,339.21,339.21,339.21,339.21,339.21,339.21,339.21,
329.58,329.58,329.58,329.58,329.58,329.58,329.58,329.58,329.58,329.58,329.58,329.58,
350.75,350.75,350.75,350.75,350.75,350.75,350.75,350.75,350.75,350.75,350.75,350.75,
349.04,349.04,349.04,349.04,349.04,349.04,349.04,349.04,349.04,349.04,349.04,349.04,
346.96,346.96,346.96,346.96,346.96,346.96,346.96,346.96,346.96,346.96,346.96,346.96,
344.58,344.58,344.58,344.58,344.58,344.58,344.58,344.58,344.58,344.58,344.58,344.58,
342.5,342.5,342.5,342.5,342.5,342.5,342.5,342.5,342.5,342.5,342.5,342.5,
171.35,158.03,144.7,131.38,118.05,104.72,91.4,78.07,64.75,51.42,38.1,24.77,
161.51,147.37,133.23,119.09,104.95,90.81,76.67,62.53,48.39,34.25,20.11,5.97,
153.15,138.33,123.51,108.7,93.88,79.06,64.25,49.43,34.61,19.8,4.98,0.0,
142.15,126.69,111.22,95.75,80.28,64.81,49.34,33.87,18.41,2.94,0.0,0.0,
142.26,127.44,112.62,97.8,82.98,68.16,53.34,38.52,23.7,8.88,0.0,0.0,
292.79,292.79,292.79,292.79,292.79,292.79,292.79,292.79,292.79,292.79,292.79,292.79,
291.21,291.21,291.21,291.21,291.21,291.21,291.21,291.21,291.21,291.21,291.21,291.21,
284.83,284.83,284.83,284.83,284.83,284.83,284.83,284.83,284.83,284.83,284.83,284.83,
278.92,278.92,278.92,278.92,278.92,278.92,278.92,278.92,278.92,278.92,278.92,278.92,
286.75,286.75,286.75,286.75,286.75,286.75,286.75,286.75,286.75,286.75,286.75,286.75,
278.13,278.13,278.13,278.13,278.13,278.13,278.13,278.13,278.13,278.13,278.13,278.13,
279.29,279.29,279.29,279.29,279.29,279.29,279.29,279.29,279.29,279.29,279.29,279.29,
268.25,268.25,268.25,268.25,268.25,268.25,268.25,268.25,268.25,268.25,268.25,268.25,
260.79,260.79,260.79,260.79,260.79,260.79,260.79,260.79,260.79,260.79,260.79,260.79,
262.33,262.33,262.33,262.33,262.33,262.33,262.33,262.33,262.33,262.33,262.33,262.33,
264.13,264.13,264.13,264.13,264.13,264.13,264.13,264.13,264.13,264.13,264.13,264.13,
266.21,266.21,266.21,266.21,266.21,266.21,266.21,266.21,266.21,266.21,266.21,266.21,
267.08,267.08,267.08,267.08,267.08,267.08,267.08,267.08,267.08,267.08,267.08,267.08,
269.17,269.17,269.17,269.17,269.17,269.17,269.17,269.17,269.17,269.17,269.17,269.17,
232.73,234.62,235.93,236.83,237.46,237.89,238.19,238.4,238.54,238.64,238.71,238.76,
217.14,225.2,230.54,234.09,236.45,238.01,239.05,239.74,240.2,240.5,240.7,240.84,
224.66,231.5,235.9,238.72,240.53,241.7,242.44,242.92,243.23,243.43,243.56,243.64,
218.41,229.12,235.72,239.79,242.29,243.83,244.78,245.36,245.72,245.94,246.08,246.16,
336.25,294.46,278.1,271.7,269.19,268.21,267.82,267.67,267.61,267.59,267.58,267.58,
266.79,266.79,266.79,266.79,266.79,266.79,266.79,266.79,266.79,266.79,266.79,266.79,
265.17,265.17,265.17,265.17,265.17,265.17,265.17,265.17,265.17,265.17,265.17,265.17,
266.92,266.92,266.92,266.92,266.92,266.92,266.92,266.92,266.92,266.92,266.92,266.92,
287.72,275.35,271.64,270.53,270.19,270.1,270.07,270.06,270.05,270.05,270.05,270.05,
307.33,286.18,279.16,276.83,276.06,275.8,275.71,275.68,275.67,275.67,275.67,275.67,
313.19,292.41,284.53,281.54,280.41,279.98,279.82,279.76,279.73,279.72,279.72,279.72,
348.93,338.43,323.96,306.55,287.44,267.96,249.48,233.28,220.5,212.01,208.4,209.88,
307.66,294.13,288.1,285.41,284.21,283.68,283.44,283.33,283.28,283.26,283.25,283.25,
310.64,290.15,269.05,248.92,231.26,217.39,208.34,204.77,206.92,214.62,227.26,243.87,
363.84,368.66,373.47,378.28,383.09,387.9,392.71,397.53,402.34,407.15,411.96,416.77,
373.81,381.26,388.7,396.14,403.59,411.03,418.47,425.92,433.36,440.8,448.25,455.69,
387.12,395.28,403.45,411.61,419.78,427.94,436.1,444.27,452.43,460.6,468.76,476.93,
332.94,338.26,343.57,348.89,354.21,359.52,364.84,370.16,375.47,380.79,386.11,391.42,
241.99,243.07,244.15,245.23,246.31,247.39,248.47,249.55,250.63,251.71,252.78,253.86,
278.98,281.7,284.43,287.16,289.88,292.61,295.34,298.06,300.79,303.52,306.24,308.97,
268.56,278.45,282.0,283.27,283.73,283.89,283.95,283.97,283.98,283.98,283.99,283.99,
227.33,259.67,271.65,276.09,277.73,278.34,278.56,278.65,278.68,278.69,278.69,278.7,
231.09,258.23,269.38,273.96,275.84,276.61,276.93,277.06,277.11,277.13,277.14,277.14,
180.33,181.86,189.22,201.7,218.26,237.67,258.54,279.46,299.05,316.1,329.59,338.8,
296.75,296.75,296.75,296.75,296.75,296.75,296.75,296.75,296.75,296.75,296.75,296.75,
296.96,296.96,296.96,296.96,296.96,296.96,296.96,296.96,296.96,296.96,296.96,296.96,
298.46,298.46,298.46,298.46,298.46,298.46,298.46,298.46,298.46,298.46,298.46,298.46,
301.17,301.17,301.17,301.17,301.17,301.17,301.17,301.17,301.17,301.17,301.17,301.17,
293.92,293.92,293.92,293.92,293.92,293.92,293.92,293.92,293.92,293.92,293.92,293.92,
295.21,295.21,295.21,295.21,295.21,295.21,295.21,295.21,295.21,295.21,295.21,295.21,
297.04,297.04,297.04,297.04,297.04,297.04,297.04,297.04,297.04,297.04,297.04,297.04,
295.25,295.25,295.25,295.25,295.25,295.25,295.25,295.25,295.25,295.25,295.25,295.25,
294.75,294.75,294.75,294.75,294.75,294.75,294.75,294.75,294.75,294.75,294.75,294.75,
293.04,293.04,293.04,293.04,293.04,293.04,293.04,293.04,293.04,293.04,293.04,293.04,
293.92,293.92,293.92,293.92,293.92,293.92,293.92,293.92,293.92,293.92,293.92,293.92,
292.71,292.71,292.71,292.71,292.71,292.71,292.71,292.71,292.71,292.71,292.71,292.71,
298.54,298.54,298.54,298.54,298.54,298.54,298.54,298.54,298.54,298.54,298.54,298.54,
298.54,298.54,298.54,298.54,298.54,298.54,298.54,298.54,298.54,298.54,298.54,298.54,
295.75,295.75,295.75,295.75,295.75,295.75,295.75,295.75,295.75,295.75,295.75,295.75,
293.92,293.92,293.92,293.92,293.92,293.92,293.92,293.92,293.92,293.92,293.92,293.92,
366.35,372.42,378.5,384.58,390.66,396.73,402.81,408.89,414.97,421.04,427.12,433.2,
294.29,294.29,294.29,294.29,294.29,294.29,294.29,294.29,294.29,294.29,294.29,294.29,
298.17,298.17,298.17,298.17,298.17,298.17,298.17,298.17,298.17,298.17,298.17,298.17,
297.13,297.13,297.13,297.13,297.13,297.13,297.13,297.13,297.13,297.13,297.13,297.13,
299.29,299.29,299.29,299.29,299.29,299.29,299.29,299.29,299.29,299.29,299.29,299.29,
308.04,308.04,308.04,308.04,308.04,308.04,308.04,308.04,308.04,308.04,308.04,308.04,
313.71,313.71,313.71,313.71,313.71,313.71,313.71,313.71,313.71,313.71,313.71,313.71,
317.5,317.5,317.5,317.5,317.5,317.5,317.5,317.5,317.5,317.5,317.5,317.5,
286.0,286.31,288.78,289.79,290.89,291.6,292.18,292.61,292.94,293.18,293.37,293.51,
290.82,298.68,301.97,303.35,303.93,304.17,304.27,304.31,304.33,304.33,304.34,304.34,
293.04,300.49,303.57,304.84,305.36,305.58,305.67,305.7,305.72,305.73,305.73,305.73,
314.54,314.54,314.54,314.54,314.54,314.54,314.54,314.54,314.54,314.54,314.54,314.54,
314.38,314.38,314.38,314.38,314.38,314.38,314.38,314.38,314.38,314.38,314.38,314.38,
314.38,314.38,314.38,314.38,314.38,314.38,314.38,314.38,314.38,314.38,314.38,314.38,
317.63,317.63,317.63,317.63,317.63,317.63,317.63,317.63,317.63,317.63,317.63,317.63,
323.29,323.29,323.29,323.29,323.29,323.29,323.29,323.29,323.29,323.29,323.29,323.29,
371.42,344.98,335.96,332.89,331.84,331.49,331.36,331.32,331.31,331.3,331.3,331.3,
327.83,327.83,327.83,327.83,327.83,327.83,327.83,327.83,327.83,327.83,327.83,327.83,
333.92,333.92,333.92,333.92,333.92,333.92,333.92,333.92,333.92,333.92,333.92,333.92,
332.54,332.54,332.54,332.54,332.54,332.54,332.54,332.54,332.54,332.54,332.54,332.54,
380.74,385.22,389.69,394.16,398.63,403.11,407.58,412.05,416.53,421.0,425.47,429.94,
379.69,384.05,388.42,392.79,397.16,401.53,405.9,410.27,414.63,419.0,423.37,427.74,
324.29,324.29,324.29,324.29,324.29,324.29,324.29,324.29,324.29,324.29,324.29,324.29,
324.04,324.04,324.04,324.04,324.04,324.04,324.04,324.04,324.04,324.04,324.04,324.04,
324.25,324.25,324.25,324.25,324.25,324.25,324.25,324.25,324.25,324.25,324.25,324.25,
323.71,323.71,323.71,323.71,323.71,323.71,323.71,323.71,323.71,323.71,323.71,323.71,
323.5,323.5,323.5,323.5,323.5,323.5,323.5,323.5,323.5,323.5,323.5,323.5,
322.83,322.83,322.83,322.83,322.83,322.83,322.83,322.83,322.83,322.83,322.83,322.83,
322.75,322.75,322.75,322.75,322.75,322.75,322.75,322.75,322.75,322.75,322.75,322.75,
319.13,319.13,319.13,319.13,319.13,319.13,319.13,319.13,319.13,319.13,319.13,319.13,
323.5,323.5,323.5,323.5,323.5,323.5,323.5,323.5,323.5,323.5,323.5,323.5,
323.08,323.08,323.08,323.08,323.08,323.08,323.08,323.08,323.08,323.08,323.08,323.08,
324.0,324.0,324.0,324.0,324.0,324.0,324.0,324.0,324.0,324.0,324.0,324.0,
323.96,323.96,323.96,323.96,323.96,323.96,323.96,323.96,323.96,323.96,323.96,323.96,
267.36,262.79,258.21,253.63,249.06,244.48,239.91,235.33,230.76,226.18,221.61,217.03,
318.83,318.83,318.83,318.83,318.83,318.83,318.83,318.83,318.83,318.83,318.83,318.83,
289.49,293.79,291.73,287.45,287.13,284.34,282.21,280.38,278.09,276.07,273.98,271.86,
289.6,303.79,290.97,289.62,283.4,279.25,274.22,269.56,264.74,260.0,255.22,250.45,
307.62,345.46,333.49,329.02,327.35,326.73,326.5,326.41,326.38,326.37,326.37,326.36,
323.04,323.04,323.04,323.04,323.04,323.04,323.04,323.04,323.04,323.04,323.04,323.04,
323.42,323.42,323.42,323.42,323.42,323.42,323.42,323.42,323.42,323.42,323.42,323.42,
471.69,444.24,424.03,409.15,398.21,390.15,384.22,379.85,376.64,374.28,372.54,371.26,
506.5,504.9,518.02,523.69,533.13,540.67,549.17,557.18,565.44,573.58,581.77,589.94,
479.58,481.12,491.09,497.12,505.0,512.01,519.42,526.65,533.96,541.23,548.53,555.81,
564.34,625.43,611.39,637.45,642.11,658.19,668.17,681.41,692.91,705.34,717.27,729.47,
786.87,807.74,828.61,849.48,870.35,891.22,912.09,932.96,953.83,974.7,995.57,1016.43,
597.7,611.86,626.01,640.17,654.32,668.48,682.63,696.79,710.94,725.1,739.25,753.41,
611.11,625.97,640.83,655.69,670.55,685.41,700.27,715.13,729.99,744.85,759.71,774.57,
571.98,585.29,598.59,611.9,625.21,638.51,651.82,665.13,678.43,691.74,705.05,718.36,
464.11,472.22,480.33,488.45,496.56,504.67,512.79,520.9,529.01,537.12,545.24,553.35,
465.76,473.9,482.05,490.2,498.34,506.49,514.64,522.78,530.93,539.08,547.22,555.37,
412.89,417.96,423.03,428.11,433.18,438.25,443.33,448.4,453.47,458.55,463.62,468.69,
374.45,377.66,380.87,384.07,387.28,390.49,393.7,396.91,400.12,403.32,406.53,409.74,
335.13,359.24,375.32,386.05,393.21,397.98,401.17,403.29,404.71,405.66,406.29,406.71,
330.22,348.12,360.83,369.85,376.26,380.81,384.04,386.33,387.96,389.12,389.94,390.52,
320.24,343.29,359.27,370.36,378.04,383.37,387.07,389.64,391.41,392.65,393.5,394.09,
320.06,340.1,354.4,364.6,371.89,377.09,380.8,383.45,385.34,386.69,387.66,388.34,
334.87,372.16,413.95,456.28,495.22,527.18,549.27,559.58,557.3,542.8,517.6,484.17,
311.11,336.23,353.71,365.86,374.32,380.2,384.29,387.14,389.12,390.5,391.46,392.12,
290.13,288.71,287.28,285.85,284.42,282.99,281.56,280.13,278.7,277.27,275.84,274.41,
289.12,286.02,282.93,279.84,276.74,273.65,270.55,267.46,264.37,261.27,258.18,255.09,
301.72,297.17,292.63,288.08,283.54,279.0,274.45,269.91,265.36,260.82,256.28,251.73,
336.88,331.59,326.29,321.0,315.71,310.42,305.13,299.83,294.54,289.25,283.96,278.67,
339.74,333.86,327.98,322.1,316.22,310.34,304.46,298.58,292.7,286.82,280.94,275.06,
343.26,336.35,329.44,322.53,315.62,308.71,301.8,294.89,287.99,281.08,274.17,267.26,
366.86,361.03,355.2,349.38,343.55,337.72,331.89,326.06,320.23,314.4,308.57,302.75,
375.58,360.13,342.3,351.29,324.41,323.91,318.54,296.25,302.22,283.58,274.18,273.94,
369.86,385.04,360.48,349.94,334.45,320.71,306.35,292.21,278.0,263.81,249.61,235.41,
424.23,441.04,457.12,498.53,514.44,558.39,592.17,629.62,680.37,719.67,775.97,827.2,
379.73,369.19,359.67,351.77,345.93,342.43,341.33,342.55,345.82,350.76,356.9,363.7,
629.85,593.37,563.89,540.07,520.83,505.28,492.72,482.56,474.36,467.74,462.38,458.05,
479.01,443.93,421.95,408.18,399.54,394.14,390.75,388.62,387.29,386.46,385.94,385.61,
360.27,364.39,364.39,364.39,364.39,364.39,364.39,364.39,364.39,364.39,364.39,364.39,
339.79,363.45,363.45,363.45,363.45,363.45,363.45,363.45,363.45,363.45,363.45,363.45,
402.96,420.98,431.21,438.38,444.36,449.87,455.2,460.46,465.69,470.9,476.12,481.33,
405.56,424.76,435.49,443.01,449.31,455.16,460.83,466.44,472.02,477.59,483.16,488.73,
382.22,408.75,422.86,431.77,438.49,444.31,449.74,455.01,460.21,465.39,470.55,475.71,
338.49,356.39,356.39,356.39,356.39,356.39,356.39,356.39,356.39,356.39,356.39,356.39,
344.23,356.65,356.65,356.65,356.65,356.65,356.65,356.65,356.65,356.65,356.65,356.65,
345.63,358.26,358.26,358.26,358.26,358.26,358.26,358.26,358.26,358.26,358.26,358.26,
373.97,362.43,362.43,362.43,362.43,362.43,362.43,362.43,362.43,362.43,362.43,362.43,
339.51,362.63,362.63,362.63,362.63,362.63,362.63,362.63,362.63,362.63,362.63,362.63,
358.61,366.06,366.06,366.06,366.06,366.06,366.06,366.06,366.06,366.06,366.06,366.06,
376.44,369.69,369.69,369.69,369.69,369.69,369.69,369.69,369.69,369.69,369.69,369.69,
349.87,370.24,370.24,370.24,370.24,370.24,370.24,370.24,370.24,370.24,370.24,370.24,
468.71,384.84,384.84,384.84,384.84,384.84,384.84,384.84,384.84,384.84,384.84,384.84,
385.43,385.07,385.07,385.07,385.07,385.07,385.07,385.07,385.07,385.07,385.07,385.07,
417.94,390.83,390.83,390.83,390.83,390.83,390.83,390.83,390.83,390.83,390.83,390.83,
405.22,394.53,394.53,394.53,394.53,394.53,394.53,394.53,394.53,394.53,394.53,394.53,
430.76,398.62,398.62,398.62,398.62,398.62,398.62,398.62,398.62,398.62,398.62,398.62,
1059.57,450.83,450.83,450.83,450.83,450.83,450.83,450.83,450.83,450.83,450.83,450.83,
436.44,436.44,436.44,436.44,436.44,436.44,436.44,436.44,436.44,436.44,436.44,436.44,
438.65,438.65,438.65,438.65,438.65,438.65,438.65,438.65,438.65,438.65,438.65,438.65,
449.52,449.52,449.52,449.52,449.52,449.52,449.52,449.52,449.52,449.52,449.52,449.52,
611.84,625.19,638.54,651.88,665.23,678.57,691.92,705.26,718.61,731.95,745.3,758.64,
611.43,625.22,639.01,652.8,666.59,680.37,694.16,707.95,721.74,735.53,749.32,763.1,
589.21,601.18,613.14,625.11,637.07,649.04,661.0,672.97,684.93,696.9,708.86,720.83,
441.98,441.98,441.98,441.98,441.98,441.98,441.98,441.98,441.98,441.98,441.98,441.98,
441.85,441.85,441.85,441.85,441.85,441.85,441.85,441.85,441.85,441.85,441.85,441.85,
441.77,441.77,441.77,441.77,441.77,441.77,441.77,441.77,441.77,441.77,441.77,441.77,
448.81,448.81,448.81,448.81,448.81,448.81,448.81,448.81,448.81,448.81,448.81,448.81,
450.44,450.44,450.44,450.44,450.44,450.44,450.44,450.44,450.44,450.44,450.44,450.44,
451.94,451.94,451.94,451.94,451.94,451.94,451.94,451.94,451.94,451.94,451.94,451.94,
453.35,453.35,453.35,453.35,453.35,453.35,453.35,453.35,453.35,453.35,453.35,453.35,
479.52,479.52,479.52,479.52,479.52,479.52,479.52,479.52,479.52,479.52,479.52,479.52,
486.98,486.98,486.98,486.98,486.98,486.98,486.98,486.98,486.98,486.98,486.98,486.98,
488.15,488.15,488.15,488.15,488.15,488.15,488.15,488.15,488.15,488.15,488.15,488.15,
486.85,486.85,486.85,486.85,486.85,486.85,486.85,486.85,486.85,486.85,486.85,486.85,
487.19,487.19,487.19,487.19,487.19,487.19,487.19,487.19,487.19,487.19,487.19,487.19,
480.23,480.23,480.23,480.23,480.23,480.23,480.23,480.23,480.23,480.23,480.23,480.23,
478.19,478.19,478.19,478.19,478.19,478.19,478.19,478.19,478.19,478.19,478.19,478.19,
477.04,477.04,477.04,477.04,477.04,477.04,477.04,477.04,477.04,477.04,477.04,477.04,
479.25,479.25,479.25,479.25,479.25,479.25,479.25,479.25,479.25,479.25,479.25,479.25,
477.67,477.67,477.67,477.67,477.67,477.67,477.67,477.67,477.67,477.67,477.67,477.67,
444.96,444.96,444.96,444.96,444.96,444.96,444.96,444.96,444.96,444.96,444.96,444.96,
447.25,447.25,447.25,447.25,447.25,447.25,447.25,447.25,447.25,447.25,447.25,447.25,
451.58,451.58,451.58,451.58,451.58,451.58,451.58,451.58,451.58,451.58,451.58,451.58,
445.58,445.58,445.58,445.58,445.58,445.58,445.58,445.58,445.58,445.58,445.58,445.58,
436.13,436.13,436.13,436.13,436.13,436.13,436.13,436.13,436.13,436.13,436.13,436.13,
440.08,440.08,440.08,440.08,440.08,440.08,440.08,440.08,440.08,440.08,440.08,440.08,
437.71,437.71,437.71,437.71,437.71,437.71,437.71,437.71,437.71,437.71,437.71,437.71,
434.17,434.17,434.17,434.17,434.17,434.17,434.17,434.17,434.17,434.17,434.17,434.17,
430.5,430.5,430.5,430.5,430.5,430.5,430.5,430.5,430.5,430.5,430.5,430.5,
428.25,428.25,428.25,428.25,428.25,428.25,428.25,428.25,428.25,428.25,428.25,428.25,
420.92,420.92,420.92,420.92,420.92,420.92,420.92,420.92,420.92,420.92,420.92,420.92,
418.63,418.63,418.63,418.63,418.63,418.63,418.63,418.63,418.63,418.63,418.63,418.63,
416.42,416.42,416.42,416.42,416.42,416.42,416.42,416.42,416.42,416.42,416.42,416.42,
315.65,287.3,258.96,230.61,202.26,173.91,145.57,117.22,88.87,60.52,32.17,3.83,
303.43,297.04,290.66,284.27,277.89,271.51,265.12,258.74,252.35,245.97,239.58,233.2,
295.64,293.14,290.64,288.15,285.65,283.16,280.66,278.16,275.67,273.17,270.67,268.18,
299.81,297.69,295.57,293.45,291.33,289.21,287.09,284.97,282.85,280.73,278.61,276.49,
310.74,308.39,306.03,303.68,301.33,298.97,296.62,294.27,291.91,289.56,287.21,284.85,
317.33,313.72,310.12,306.51,302.91,299.3,295.7,292.09,288.49,284.89,281.28,277.68,
351.71,368.87,379.81,362.78,349.14,354.78,358.73,349.39,340.78,341.32,341.64,335.69,
382.18,398.64,391.48,376.36,377.09,383.88,380.07,371.7,370.4,372.5,369.89,364.77,
343.11,337.2,331.3,325.39,319.48,313.57,307.67,301.76,295.85,289.95,284.04,278.13,
343.42,338.69,333.96,329.22,324.49,319.75,315.02,310.29,305.55,300.82,296.08,291.35,
340.6,335.17,329.73,324.29,318.86,313.42,307.98,302.55,297.11,291.67,286.24,280.8,
311.02,323.86,339.17,352.56,362.29,368.27,371.21,372.08,371.78,370.97,370.07,369.32,
325.91,345.84,360.57,368.32,370.0,367.78,363.97,360.3,357.72,356.46,356.3,356.8,
336.04,336.04,336.04,336.04,336.04,336.04,336.04,336.04,336.04,336.04,336.04,336.04,
331.46,331.46,331.46,331.46,331.46,331.46,331.46,331.46,331.46,331.46,331.46,331.46,
319.71,333.22,333.22,333.22,333.22,333.22,333.22,333.22,333.22,333.22,333.22,333.22,
296.78,296.57,296.35,296.13,295.91,295.7,295.48,295.26,295.04,294.83,294.61,294.39,
317.34,322.16,322.16,322.16,322.16,322.16,322.16,322.16,322.16,322.16,322.16,322.16,
459.36,347.81,309.24,361.21,413.63,411.41,381.92,372.1,388.52,405.97,408.02,401.85,
359.64,339.42,339.42,339.42,339.42,339.42,339.42,339.42,339.42,339.42,339.42,339.42,
300.36,346.17,333.65,341.8,336.49,339.95,337.7,339.16,338.21,338.83,338.43,338.69,
274.83,301.72,347.36,328.3,336.26,332.94,334.32,333.75,333.99,333.89,333.93,333.91,
232.45,326.18,368.72,356.5,348.68,343.67,340.46,338.41,337.1,336.26,335.72,335.37,
288.02,327.74,329.86,329.86,329.86,329.86,329.86,329.86,329.86,329.86,329.86,329.86,
247.47,286.93,321.28,321.28,321.28,321.28,321.28,321.28,321.28,321.28,321.28,321.28,
353.83,353.83,353.83,353.83,353.83,353.83,353.83,353.83,353.83,353.83,353.83,353.83,
356.42,356.42,356.42,356.42,356.42,356.42,356.42,356.42,356.42,356.42,356.42,356.42,
354.04,354.04,354.04,354.04,354.04,354.04,354.04,354.04,354.04,354.04,354.04,354.04,
351.21,351.21,351.21,351.21,351.21,351.21,351.21,351.21,351.21,351.21,351.21,351.21,
347.79,347.79,347.79,347.79,347.79,347.79,347.79,347.79,347.79,347.79,347.79,347.79,
343.38,343.38,343.38,343.38,343.38,343.38,343.38,343.38,343.38,343.38,343.38,343.38,
339.58,339.58,339.58,339.58,339.58,339.58,339.58,339.58,339.58,339.58,339.58,339.58,
340.13,340.13,340.13,340.13,340.13,340.13,340.13,340.13,340.13,340.13,340.13,340.13,
339.58,339.58,339.58,339.58,339.58,339.58,339.58,339.58,339.58,339.58,339.58,339.58,
337.92,337.92,337.92,337.92,337.92,337.92,337.92,337.92,337.92,337.92,337.92,337.92,
336.46,336.46,336.46,336.46,336.46,336.46,336.46,336.46,336.46,336.46,336.46,336.46,
336.08,336.08,336.08,336.08,336.08,336.08,336.08,336.08,336.08,336.08,336.08,336.08,
333.88,333.88,333.88,333.88,333.88,333.88,333.88,333.88,333.88,333.88,333.88,333.88,
330.17,330.17,330.17,330.17,330.17,330.17,330.17,330.17,330.17,330.17,330.17,330.17,
327.5,327.5,327.5,327.5,327.5,327.5,327.5,327.5,327.5,327.5,327.5,327.5,
326.5,326.5,326.5,326.5,326.5,326.5,326.5,326.5,326.5,326.5,326.5,326.5,
324.75,324.75,324.75,324.75,324.75,324.75,324.75,324.75,324.75,324.75,324.75,324.75,
316.25,316.25,316.25,316.25,316.25,316.25,316.25,316.25,316.25,316.25,316.25,316.25,
313.71,313.71,313.71,313.71,313.71,313.71,313.71,313.71,313.71,313.71,313.71,313.71,
308.25,308.25,308.25,308.25,308.25,308.25,308.25,308.25,308.25,308.25,308.25,308.25,
309.88,309.88,309.88,309.88,309.88,309.88,309.88,309.88,309.88,309.88,309.88,309.88,
313.54,313.54,313.54,313.54,313.54,313.54,313.54,313.54,313.54,313.54,313.54,313.54,
317.08,317.08,317.08,317.08,317.08,317.08,317.08,317.08,317.08,317.08,317.08,317.08,
318.5,318.5,318.5,318.5,318.5,318.5,318.5,318.5,318.5,318.5,318.5,318.5,
287.38,287.38,287.38,287.38,287.38,287.38,287.38,287.38,287.38,287.38,287.38,287.38,
283.04,283.04,283.04,283.04,283.04,283.04,283.04,283.04,283.04,283.04,283.04,283.04,
282.88,282.88,282.88,282.88,282.88,282.88,282.88,282.88,282.88,282.88,282.88,282.88,
282.92,282.92,282.92,282.92,282.92,282.92,282.92,282.92,282.92,282.92,282.92,282.92,
249.21,246.53,243.86,241.19,238.52,235.85,233.17,230.5,227.83,225.16,222.49,219.81,
243.65,240.57,237.5,234.42,231.34,228.27,225.19,222.12,219.04,215.96,212.89,209.81,
240.06,236.79,233.51,230.23,226.96,223.68,220.4,217.13,213.85,210.57,207.3,204.02,
249.88,247.59,245.3,243.01,240.72,238.42,236.13,233.84,231.55,229.26,226.97,224.68,
284.33,284.33,284.33,284.33,284.33,284.33,284.33,284.33,284.33,284.33,284.33,284.33,
512.56,371.5,307.08,307.08,307.08,307.08,307.08,307.08,307.08,307.08,307.08,307.08,
317.67,317.67,317.67,317.67,317.67,317.67,317.67,317.67,317.67,317.67,317.67,317.67,
292.27,301.73,306.63,309.17,310.48,311.16,311.52,311.7,311.79,311.84,311.87,311.88,
277.15,307.0,307.0,307.0,307.0,307.0,307.0,307.0,307.0,307.0,307.0,307.0,
269.65,295.25,297.93,297.93,297.93,297.93,297.93,297.93,297.93,297.93,297.93,297.93,
167.14,239.41,289.03,289.03,289.03,289.03,289.03,289.03,289.03,289.03,289.03,289.03,
194.14,274.56,307.64,307.42,295.93,286.54,282.72,282.79,284.14,285.24,285.68,285.67,
187.96,258.15,289.56,292.92,285.34,277.78,273.88,273.07,273.69,274.48,274.94,275.08,
256.71,401.11,493.53,518.82,481.91,403.12,310.19,229.77,180.68,170.33,194.76,241.62,
148.18,213.74,253.51,268.05,267.65,262.04,256.79,253.78,252.78,252.91,253.39,253.81,
158.25,215.59,248.85,260.86,260.79,256.5,252.37,249.88,248.93,248.88,249.17,249.46,
163.03,212.11,241.02,252.35,253.48,250.71,247.62,245.56,244.62,244.41,244.52,244.71,
143.09,191.76,224.04,239.47,243.87,243.05,240.81,238.88,237.74,237.27,237.18,237.25,
138.66,183.49,212.94,227.23,231.65,231.33,229.57,227.95,226.93,226.46,226.33,226.35,
134.28,176.61,204.77,218.94,223.86,224.16,222.88,221.52,220.58,220.1,219.93,219.91,
86.17,79.35,72.52,65.7,58.87,52.04,45.22,38.39,31.57,24.74,17.91,11.09,
249.22,249.43,249.65,249.87,250.09,250.3,250.52,250.74,250.96,251.17,251.39,251.61,
91.22,84.43,77.65,70.87,64.09,57.3,50.52,43.74,36.96,30.17,23.39,16.61,
86.57,80.13,73.7,67.26,60.83,54.39,47.96,41.52,35.09,28.65,22.22,15.78,
104.65,98.3,91.96,85.61,79.26,72.91,66.57,60.22,53.87,47.52,41.17,34.83,
140.04,135.09,130.13,125.17,120.22,115.26,110.3,105.35,100.39,95.43,90.48,85.52,
181.17,176.35,171.52,166.7,161.87,157.04,152.22,147.39,142.57,137.74,132.91,128.09,
202.21,206.15,209.14,211.41,213.12,214.42,215.4,216.15,216.72,217.14,217.47,217.71,
282.11,275.04,269.43,264.96,261.41,258.59,256.35,254.56,253.15,252.02,251.12,250.41,
241.1,229.09,224.4,224.57,227.24,230.6,233.58,235.7,236.88,237.32,237.28,236.99,
380.26,442.49,487.69,546.0,603.0,665.58,730.45,799.19,871.03,946.35,1024.97,1106.97,
315.22,281.0,310.87,305.76,319.74,323.31,332.55,338.7,346.54,353.45,360.87,368.02,
262.89,269.93,276.97,284.0,291.04,298.08,305.11,312.15,319.19,326.22,333.26,340.3,
259.24,266.45,273.66,280.87,288.08,295.29,302.51,309.72,316.93,324.14,331.35,338.57,
253.76,269.63,280.39,289.51,298.1,306.52,314.89,323.24,331.58,339.92,348.26,356.6,
217.03,222.19,227.35,232.5,237.66,242.81,247.97,253.12,258.28,263.43,268.59,273.74,
210.67,215.76,220.84,225.92,231.01,236.09,241.17,246.25,251.34,256.42,261.5,266.59,
205.55,210.5,215.45,220.4,225.36,230.31,235.26,240.22,245.17,250.12,255.07,260.03,
199.46,203.8,208.13,212.47,216.8,221.13,225.47,229.8,234.14,238.47,242.81,247.14,
196.07,200.03,203.99,207.96,211.92,215.89,219.85,223.82,227.78,231.75,235.71,239.68,
205.63,210.23,214.84,219.44,224.04,228.65,233.25,237.85,242.46,247.06,251.66,256.27,
205.16,209.65,214.13,218.62,223.1,227.59,232.07,236.56,241.04,245.53,250.01,254.5,
273.37,238.53,220.33,210.81,205.83,203.23,201.87,201.16,200.79,200.6,200.49,200.44,
255.79,209.27,225.24,209.74,213.23,207.73,208.12,206.01,205.77,204.9,204.65,204.25,
234.29,234.29,234.29,234.29,234.29,234.29,234.29,234.29,234.29,234.29,234.29,234.29,
232.46,232.46,232.46,232.46,232.46,232.46,232.46,232.46,232.46,232.46,232.46,232.46,
237.63,237.63,237.63,237.63,237.63,237.63,237.63,237.63,237.63,237.63,237.63,237.63,
242.83,242.83,242.83,242.83,242.83,242.83,242.83,242.83,242.83,242.83,242.83,242.83,
247.33,247.33,247.33,247.33,247.33,247.33,247.33,247.33,247.33,247.33,247.33,247.33,
250.29,250.29,250.29,250.29,250.29,250.29,250.29,250.29,250.29,250.29,250.29,250.29,
260.5,260.5,260.5,260.5,260.5,260.5,260.5,260.5,260.5,260.5,260.5,260.5,
272.17,272.17,272.17,272.17,272.17,272.17,272.17,272.17,272.17,272.17,272.17,272.17,
280.83,280.83,280.83,280.83,280.83,280.83,280.83,280.83,280.83,280.83,280.83,280.83,
290.46,290.46,290.46,290.46,290.46,290.46,290.46,290.46,290.46,290.46,290.46,290.46,
440.3,451.99,463.69,475.39,487.08,498.78,510.47,522.17,533.87,545.56,557.26,568.95,
475.42,488.9,502.38,515.86,529.34,542.82,556.29,569.77,583.25,596.73,610.21,623.69,
522.23,538.04,553.84,569.65,585.46,601.26,617.07,632.87,648.68,664.49,680.29,696.1,
549.42,566.38,583.34,600.3,617.26,634.22,651.17,668.13,685.09,702.05,719.01,735.97,
537.33,552.96,568.59,584.22,599.86,615.49,631.12,646.76,662.39,678.02,693.65,709.29,
521.22,535.08,548.93,562.79,576.65,590.51,604.36,618.22,632.08,645.94,659.79,673.65,
510.05,522.45,534.86,547.26,559.66,572.06,584.47,596.87,609.27,621.67,634.08,646.48,
521.41,533.65,545.89,558.13,570.37,582.61,594.85,607.09,619.33,631.57,643.81,656.05,
374.21,374.21,374.21,374.21,374.21,374.21,374.21,374.21,374.21,374.21,374.21,374.21,
380.42,380.42,380.42,380.42,380.42,380.42,380.42,380.42,380.42,380.42,380.42,380.42,
386.29,386.29,386.29,386.29,386.29,386.29,386.29,386.29,386.29,386.29,386.29,386.29,
391.54,391.54,391.54,391.54,391.54,391.54,391.54,391.54,391.54,391.54,391.54,391.54,
390.63,390.63,390.63,390.63,390.63,390.63,390.63,390.63,390.63,390.63,390.63,390.63,
376.78,403.91,403.91,403.91,403.91,403.91,403.91,403.91,403.91,403.91,403.91,403.91,
332.48,338.61,343.04,346.25,348.57,350.24,351.46,352.33,352.97,353.43,353.76,354.0,
336.91,344.53,349.86,353.58,356.18,358.0,359.27,360.16,360.78,361.22,361.52,361.73,
331.83,342.62,349.96,354.96,358.37,360.69,362.27,363.35,364.08,364.58,364.92,365.15,
333.5,346.29,354.68,360.18,363.79,366.16,367.71,368.73,369.39,369.83,370.12,370.31,
289.04,292.09,295.13,298.17,301.22,304.26,307.3,310.35,313.39,316.43,319.48,322.52,
247.35,235.97,224.59,213.22,201.84,190.46,179.08,167.71,156.33,144.95,133.58,122.2,
229.12,216.86,204.6,192.35,180.09,167.83,155.58,143.32,131.06,118.81,106.55,94.29,
228.18,208.28,196.05,183.81,171.57,159.34,147.1,134.86,122.63,110.39,98.15,85.91,
219.38,163.11,158.11,184.18,194.62,167.55,122.43,92.56,89.49,96.07,89.11,63.43,
221.28,210.37,199.46,188.55,177.63,166.72,155.81,144.9,133.99,123.08,112.17,101.26,
367.83,360.65,353.48,346.3,339.13,331.96,324.78,317.61,310.43,303.26,296.09,288.91,
435.48,426.96,418.43,409.91,401.39,392.87,384.35,375.83,367.3,358.78,350.26,341.74,
350.69,347.56,346.21,345.63,345.39,345.28,345.24,345.22,345.21,345.2,345.2,345.2,
347.48,339.2,335.5,333.84,333.1,332.77,332.62,332.56,332.53,332.51,332.51,332.5,
334.11,332.77,332.16,331.88,331.75,331.69,331.66,331.65,331.64,331.64,331.64,331.64,
320.21,325.88,328.51,329.73,330.3,330.57,330.69,330.75,330.77,330.78,330.79,330.79,
355.02,338.42,338.42,338.42,338.42,338.42,338.42,338.42,338.42,338.42,338.42,338.42,
404.71,384.16,369.74,359.62,352.53,347.55,344.06,341.61,339.89,338.68,337.83,337.24,
431.54,412.58,397.89,386.49,377.66,370.81,365.5,361.39,358.2,355.73,353.81,352.32,
209.15,233.71,321.93,321.93,321.93,321.93,321.93,321.93,321.93,321.93,321.93,321.93,
345.07,328.41,328.41,328.41,328.41,328.41,328.41,328.41,328.41,328.41,328.41,328.41,
275.47,294.15,304.9,311.08,314.64,316.68,317.86,318.54,318.93,319.15,319.28,319.35,
311.62,316.73,319.44,320.88,321.65,322.06,322.27,322.39,322.45,322.48,322.5,322.51,
287.53,301.9,309.69,313.91,316.2,317.44,318.11,318.47,318.67,318.78,318.83,318.86,
266.19,284.89,296.1,302.81,306.84,309.26,310.7,311.57,312.09,312.4,312.59,312.7,
261.88,279.3,290.19,296.99,301.24,303.89,305.55,306.59,307.24,307.64,307.89,308.05,
245.7,267.03,280.52,289.06,294.46,297.88,300.04,301.41,302.28,302.83,303.17,303.39,
276.86,286.77,292.96,296.83,299.25,300.76,301.71,302.3,302.67,302.9,303.04,303.13,
281.24,286.71,290.34,292.75,294.35,295.41,296.11,296.58,296.89,297.1,297.23,297.32,
425.03,379.95,355.17,341.53,334.04,329.91,327.65,326.4,325.72,325.34,325.13,325.02,
339.53,330.39,326.3,324.48,323.67,323.3,323.14,323.07,323.03,323.02,323.01,323.01,
360.54,343.87,336.24,332.76,331.16,330.43,330.1,329.95,329.88,329.84,329.83,329.82,
340.5,335.67,333.45,332.43,331.97,331.75,331.65,331.61,331.58,331.57,331.57,331.57,
354.64,344.96,340.34,338.15,337.11,336.61,336.37,336.26,336.21,336.18,336.17,336.16,
334.07,335.01,335.44,335.64,335.73,335.77,335.79,335.8,335.8,335.81,335.81,335.81,
331.82,329.91,329.03,328.63,328.45,328.37,328.33,328.31,328.3,328.3,328.3,328.3,
341.34,334.69,331.66,330.29,329.67,329.38,329.25,329.2,329.17,329.16,329.15,329.15,
324.69,325.42,325.73,325.86,325.92,325.95,325.96,325.96,325.96,325.96,325.96,325.96,
326.06,325.2,324.82,324.65,324.58,324.54,324.53,324.52,324.52,324.52,324.51,324.51,
312.0,318.96,322.18,323.67,324.37,324.69,324.84,324.91,324.94,324.95,324.96,324.96,
317.19,321.71,323.71,324.59,324.98,325.16,325.23,325.27,325.28,325.29,325.29,325.29,
321.4,321.19,321.11,321.08,321.08,321.07,321.07,321.07,321.07,321.07,321.07,321.07,
308.04,303.99,306.35,305.87,306.43,306.47,306.65,306.72,306.79,306.84,306.87,306.9,
297.83,298.75,301.81,303.06,304.33,305.09,305.69,306.1,306.4,306.62,306.77,306.88,
353.42,332.21,323.49,319.91,318.43,317.82,317.57,317.47,317.43,317.41,317.41,317.4,
346.6,333.52,327.7,325.11,323.95,323.44,323.21,323.11,323.07,323.05,323.04,323.03,
290.58,307.16,313.33,315.63,316.48,316.8,316.92,316.96,316.98,316.99,316.99,316.99,
287.86,304.41,310.95,313.53,314.56,314.96,315.12,315.18,315.21,315.22,315.22,315.22,
278.91,300.09,308.57,311.96,313.32,313.87,314.09,314.17,314.21,314.22,314.23,314.23,
276.41,297.95,306.8,310.44,311.93,312.55,312.8,312.91,312.95,312.97,312.97,312.98,
258.9,254.03,249.16,244.29,239.42,234.55,229.68,224.81,219.93,215.06,210.19,205.32,
240.2,233.89,227.59,221.29,214.99,208.69,202.39,196.09,189.79,183.49,177.19,170.88,
220.5,212.78,205.06,197.33,189.61,181.89,174.16,166.44,158.71,150.99,143.27,135.54,
257.72,221.0,225.7,216.39,211.82,205.64,200.01,194.19,188.44,182.66,176.89,171.12,
247.84,225.22,219.25,213.28,207.31,201.35,195.38,189.41,183.44,177.47,171.5,165.54,
372.91,373.83,374.74,375.65,376.57,377.48,378.39,379.3,380.22,381.13,382.04,382.96,
435.67,315.36,315.36,315.36,315.36,315.36,315.36,315.36,315.36,315.36,315.36,315.36,
297.43,312.75,312.75,312.75,312.75,312.75,312.75,312.75,312.75,312.75,312.75,312.75,
289.59,307.52,307.52,307.52,307.52,307.52,307.52,307.52,307.52,307.52,307.52,307.52,
300.02,308.88,308.88,308.88,308.88,308.88,308.88,308.88,308.88,308.88,308.88,308.88,
295.36,303.69,303.69,303.69,303.69,303.69,303.69,303.69,303.69,303.69,303.69,303.69,
323.83,305.68,305.68,305.68,305.68,305.68,305.68,305.68,305.68,305.68,305.68,305.68,
469.82,316.44,316.44,316.44,316.44,316.44,316.44,316.44,316.44,316.44,316.44,316.44,
207.69,306.31,306.31,306.31,306.31,306.31,306.31,306.31,306.31,306.31,306.31,306.31,
340.53,311.44,311.44,311.44,311.44,311.44,311.44,311.44,311.44,311.44,311.44,311.44,
280.21,307.19,307.19,307.19,307.19,307.19,307.19,307.19,307.19,307.19,307.19,307.19,
288.38,304.31,304.31,304.31,304.31,304.31,304.31,304.31,304.31,304.31,304.31,304.31,
287.72,304.95,304.95,304.95,304.95,304.95,304.95,304.95,304.95,304.95,304.95,304.95,
307.19,302.15,302.15,302.15,302.15,302.15,302.15,302.15,302.15,302.15,302.15,302.15,
266.89,278.81,284.75,287.72,289.2,289.94,290.31,290.49,290.58,290.63,290.65,290.66,
270.12,280.63,285.86,288.46,289.76,290.4,290.72,290.88,290.96,291.0,291.02,291.03,
263.49,276.97,283.59,286.84,288.43,289.21,289.59,289.78,289.87,289.92,289.94,289.95,
270.63,281.47,286.66,289.14,290.34,290.91,291.18,291.31,291.37,291.4,291.42,291.42,
263.46,277.82,284.82,288.23,289.89,290.7,291.1,291.29,291.38,291.43,291.45,291.46,
271.9,282.47,287.56,290.02,291.21,291.78,292.06,292.19,292.25,292.29,292.3,292.31,
271.53,282.61,287.84,290.3,291.46,292.01,292.26,292.38,292.44,292.47,292.48,292.49,
222.08,216.11,210.14,204.17,198.2,192.23,186.26,180.29,174.32,168.35,162.39,156.42,
212.52,205.81,199.1,192.38,185.67,178.95,172.24,165.53,158.81,152.1,145.39,138.67,
299.03,237.17,232.25,227.34,222.42,217.5,212.59,207.67,202.76,197.84,192.92,188.01,
268.64,263.21,257.78,252.35,246.92,241.5,236.07,230.64,225.21,219.79,214.36,208.93,
287.33,287.33,287.33,287.33,287.33,287.33,287.33,287.33,287.33,287.33,287.33,287.33,
280.83,280.83,280.83,280.83,280.83,280.83,280.83,280.83,280.83,280.83,280.83,280.83,
281.17,281.17,281.17,281.17,281.17,281.17,281.17,281.17,281.17,281.17,281.17,281.17,
281.54,281.54,281.54,281.54,281.54,281.54,281.54,281.54,281.54,281.54,281.54,281.54,
281.67,281.67,281.67,281.67,281.67,281.67,281.67,281.67,281.67,281.67,281.67,281.67,
281.88,281.88,281.88,281.88,281.88,281.88,281.88,281.88,281.88,281.88,281.88,281.88,
271.63,271.63,271.63,271.63,271.63,271.63,271.63,271.63,271.63,271.63,271.63,271.63,
269.54,269.54,269.54,269.54,269.54,269.54,269.54,269.54,269.54,269.54,269.54,269.54,
264.42,264.42,264.42,264.42,264.42,264.42,264.42,264.42,264.42,264.42,264.42,264.42,
261.08,261.08,261.08,261.08,261.08,261.08,261.08,261.08,261.08,261.08,261.08,261.08,
216.77,239.89,248.98,252.56,253.97,254.53,254.74,254.83,254.86,254.88,254.88,254.88,
201.82,224.95,237.17,243.62,247.02,248.82,249.77,250.27,250.53,250.67,250.75,250.79,
186.08,209.02,222.49,230.4,235.04,237.76,239.36,240.3,240.86,241.18,241.37,241.48,
143.06,138.66,134.26,129.86,125.46,121.06,116.66,112.26,107.87,103.47,99.07,94.67,
133.29,128.67,124.06,119.45,114.84,110.22,105.61,101.0,96.39,91.78,87.16,82.55,
136.48,131.77,127.05,122.34,117.63,112.92,108.2,103.49,98.78,94.06,89.35,84.64,
114.52,108.96,103.4,97.83,92.27,86.7,81.14,75.57,70.01,64.44,58.88,53.31,
101.37,94.71,88.04,81.38,74.71,68.05,61.38,54.72,48.05,41.39,34.72,28.06,
91.46,83.96,76.46,68.96,61.46,53.96,46.46,38.96,31.46,23.96,16.46,8.96,
83.1,73.84,64.58,55.33,46.07,36.81,27.55,18.3,9.04,0.0,0.0,0.0,
79.83,72.46,59.43,51.12,38.88,29.9,18.21,8.78,0.0,0.0,0.0,0.0,
258.61,252.22,245.83,239.43,233.04,226.65,220.26,213.87,207.48,201.09,194.7,188.3,
206.55,125.85,173.84,132.91,153.42,131.48,138.87,125.99,127.12,118.57,116.7,110.22,
109.39,102.03,94.67,87.3,79.94,72.58,65.22,57.86,50.5,43.13,35.77,28.41,
99.86,92.09,84.33,76.56,68.79,61.02,53.26,45.49,37.72,29.95,22.19,14.42,
98.03,89.86,81.7,73.53,65.36,57.2,49.03,40.87,32.7,24.53,16.37,8.2,
185.63,185.63,185.63,185.63,185.63,185.63,185.63,185.63,185.63,185.63,185.63,185.63,
178.71,178.71,178.71,178.71,178.71,178.71,178.71,178.71,178.71,178.71,178.71,178.71,
173.29,173.29,173.29,173.29,173.29,173.29,173.29,173.29,173.29,173.29,173.29,173.29,
164.38,164.38,164.38,164.38,164.38,164.38,164.38,164.38,164.38,164.38,164.38,164.38,
159.04,159.04,159.04,159.04,159.04,159.04,159.04,159.04,159.04,159.04,159.04,159.04,
158.04,158.04,158.04,158.04,158.04,158.04,158.04,158.04,158.04,158.04,158.04,158.04,
161.5,161.5,161.5,161.5,161.5,161.5,161.5,161.5,161.5,161.5,161.5,161.5,
163.08,163.08,163.08,163.08,163.08,163.08,163.08,163.08,163.08,163.08,163.08,163.08,
160.63,160.63,160.63,160.63,160.63,160.63,160.63,160.63,160.63,160.63,160.63,160.63,
159.96,159.96,159.96,159.96,159.96,159.96,159.96,159.96,159.96,159.96,159.96,159.96,
159.04,159.04,159.04,159.04,159.04,159.04,159.04,159.04,159.04,159.04,159.04,159.04,
162.17,162.17,162.17,162.17,162.17,162.17,162.17,162.17,162.17,162.17,162.17,162.17,
162.38,162.38,162.38,162.38,162.38,162.38,162.38,162.38,162.38,162.38,162.38,162.38,
160.46,160.46,160.46,160.46,160.46,160.46,160.46,160.46,160.46,160.46,160.46,160.46,
160.38,160.38,160.38,160.38,160.38,160.38,160.38,160.38,160.38,160.38,160.38,160.38,
160.13,160.13,160.13,160.13,160.13,160.13,160.13,160.13,160.13,160.13,160.13,160.13,
160.79,160.79,160.79,160.79,160.79,160.79,160.79,160.79,160.79,160.79,160.79,160.79,
160.63,160.63,160.63,160.63,160.63,160.63,160.63,160.63,160.63,160.63,160.63,160.63,
160.96,160.96,160.96,160.96,160.96,160.96,160.96,160.96,160.96,160.96,160.96,160.96,
154.92,154.92,154.92,154.92,154.92,154.92,154.92,154.92,154.92,154.92,154.92,154.92,
159.71,159.71,159.71,159.71,159.71,159.71,159.71,159.71,159.71,159.71,159.71,159.71,
165.83,165.83,165.83,165.83,165.83,165.83,165.83,165.83,165.83,165.83,165.83,165.83,
173.79,173.79,173.79,173.79,173.79,173.79,173.79,173.79,173.79,173.79,173.79,173.79,
180.17,180.17,180.17,180.17,180.17,180.17,180.17,180.17,180.17,180.17,180.17,180.17,
250.5,226.57,209.98,198.48,190.51,184.98,181.15,178.49,176.65,175.37,174.48,173.87,
382.51,357.04,259.7,222.81,208.82,203.52,201.51,200.75,200.46,200.35,200.31,200.3,
225.73,211.72,202.03,195.33,190.7,187.49,185.28,183.75,182.69,181.96,181.45,181.1,
183.89,182.49,181.56,180.94,180.53,180.26,180.08,179.96,179.88,179.83,179.79,179.77,
182.1,184.23,185.68,186.67,187.35,187.82,188.14,188.36,188.51,188.61,188.68,188.73,
186.25,187.82,188.9,189.65,190.17,190.53,190.78,190.96,191.08,191.16,191.22,191.26,
299.87,302.74,305.61,308.48,311.35,314.22,317.09,319.96,322.83,325.7,328.57,331.43,
267.0,274.0,281.0,288.0,295.0,302.0,309.0,316.0,323.0,330.0,337.0,344.0,
248.43,252.87,257.3,261.74,266.17,270.61,275.04,279.48,283.91,288.35,292.78,297.22,
259.61,265.22,270.83,276.43,282.04,287.65,293.26,298.87,304.48,310.09,315.7,321.3,
261.65,263.3,264.96,266.61,268.26,269.91,271.57,273.22,274.87,276.52,278.17,279.83,
259.0,264.0,269.0,274.0,279.0,284.0,289.0,294.0,299.0,304.0,309.0,314.0,
249.13,255.26,261.39,267.52,273.65,279.78,285.91,292.04,298.17,304.3,310.43,316.57,
235.43,240.87,246.3,251.74,257.17,262.61,268.04,273.48,278.91,284.35,289.78,295.22,
271.26,278.52,285.78,293.04,300.3,307.57,314.83,322.09,329.35,336.61,343.87,351.13,
246.08,239.0,233.95,230.35,227.78,225.95,224.64,223.71,223.05,222.57,222.23,221.99,
255.29,246.54,240.51,236.36,233.5,231.53,230.17,229.24,228.59,228.15,227.85,227.64,
385.92,252.91,252.91,252.91,252.91,252.91,252.91,252.91,252.91,252.91,252.91,252.91,
149.76,212.15,234.97,245.32,250.02,252.15,253.11,253.55,253.75,253.84,253.88,253.9,
283.99,266.37,266.37,266.37,266.37,266.37,266.37,266.37,266.37,266.37,266.37,266.37,
295.71,272.47,272.47,272.47,272.47,272.47,272.47,272.47,272.47,272.47,272.47,272.47,
318.06,296.52,287.04,282.87,281.03,280.22,279.87,279.71,279.64,279.61,279.6,279.59,
396.87,402.05,407.22,412.4,417.57,422.75,427.92,433.09,438.27,443.44,448.62,453.79,
409.78,415.05,420.31,425.58,430.85,436.11,441.38,446.65,451.91,457.18,462.45,467.71,
415.3,416.61,417.91,419.22,420.52,421.83,423.13,424.43,425.74,427.04,428.35,429.65,
426.85,436.73,446.6,456.48,466.35,476.23,486.11,495.98,505.86,515.74,525.61,535.49,
469.5,481.41,493.31,505.21,517.12,529.02,540.93,552.83,564.74,576.64,588.55,600.45,
451.27,462.19,473.1,484.02,494.93,505.85,516.76,527.68,538.6,549.51,560.43,571.34,
449.17,459.25,469.34,479.42,489.5,499.58,509.66,519.74,529.83,539.91,549.99,560.07,
393.76,399.01,404.25,409.5,414.74,419.99,425.23,430.48,435.72,440.97,446.22,451.46,
501.36,513.68,525.99,538.31,550.62,562.94,575.25,587.57,599.88,612.2,624.51,636.83,
526.05,539.39,552.73,566.07,579.41,592.75,606.09,619.43,632.77,646.11,659.45,672.79,
510.15,521.94,533.73,545.51,557.3,569.09,580.87,592.66,604.45,616.23,628.02,639.81,
492.45,502.61,512.77,522.93,533.09,543.24,553.4,563.56,573.72,583.88,594.04,604.2,
478.29,487.05,495.81,504.57,513.33,522.09,530.85,539.61,548.37,557.13,565.89,574.65,
414.36,460.36,467.09,473.82,480.56,487.29,494.02,500.76,507.49,514.22,520.96,527.69,
357.26,372.29,372.29,372.29,372.29,372.29,372.29,372.29,372.29,372.29,372.29,372.29,
365.72,377.18,377.18,377.18,377.18,377.18,377.18,377.18,377.18,377.18,377.18,377.18,
360.57,379.6,379.6,379.6,379.6,379.6,379.6,379.6,379.6,379.6,379.6,379.6,
363.29,381.05,381.05,381.05,381.05,381.05,381.05,381.05,381.05,381.05,381.05,381.05,
441.96,396.08,396.08,396.08,396.08,396.08,396.08,396.08,396.08,396.08,396.08,396.08,
347.83,385.63,385.63,385.63,385.63,385.63,385.63,385.63,385.63,385.63,385.63,385.63,
380.21,387.73,387.73,387.73,387.73,387.73,387.73,387.73,387.73,387.73,387.73,387.73,
386.98,390.89,390.89,390.89,390.89,390.89,390.89,390.89,390.89,390.89,390.89,390.89,
407.51,394.6,394.6,394.6,394.6,394.6,394.6,394.6,394.6,394.6,394.6,394.6,
397.45,396.99,396.99,396.99,396.99,396.99,396.99,396.99,396.99,396.99,396.99,396.99,
396.09,395.08,395.08,395.08,395.08,395.08,395.08,395.08,395.08,395.08,395.08,395.08,
405.32,396.14,396.14,396.14,396.14,396.14,396.14,396.14,396.14,396.14,396.14,396.14,
497.09,409.13,409.13,409.13,409.13,409.13,409.13,409.13,409.13,409.13,409.13,409.13,
404.54,404.54,404.54,404.54,404.54,404.54,404.54,404.54,404.54,404.54,404.54,404.54,
392.39,397.86,397.86,397.86,397.86,397.86,397.86,397.86,397.86,397.86,397.86,397.86,
378.58,395.87,395.87,395.87,395.87,395.87,395.87,395.87,395.87,395.87,395.87,395.87,
371.39,391.02,391.02,391.02,391.02,391.02,391.02,391.02,391.02,391.02,391.02,391.02,
371.51,395.66,395.66,395.66,395.66,395.66,395.66,395.66,395.66,395.66,395.66,395.66,
376.54,376.54,376.54,376.54,376.54,376.54,376.54,376.54,376.54,376.54,376.54,376.54,
363.43,366.31,367.18,367.45,367.53,367.56,367.56,367.57,367.57,367.57,367.57,367.57,
354.12,363.04,365.69,366.47,366.7,366.77,366.79,366.8,366.8,366.8,366.8,366.8,
377.42,377.42,377.42,377.42,377.42,377.42,377.42,377.42,377.42,377.42,377.42,377.42,
407.67,384.9,384.9,384.9,384.9,384.9,384.9,384.9,384.9,384.9,384.9,384.9,
384.08,384.08,384.08,384.08,384.08,384.08,384.08,384.08,384.08,384.08,384.08,384.08,
384.25,384.25,384.25,384.25,384.25,384.25,384.25,384.25,384.25,384.25,384.25,384.25,
390.58,390.58,390.58,390.58,390.58,390.58,390.58,390.58,390.58,390.58,390.58,390.58,
390.38,390.38,390.38,390.38,390.38,390.38,390.38,390.38,390.38,390.38,390.38,390.38,
389.67,389.67,389.67,389.67,389.67,389.67,389.67,389.67,389.67,389.67,389.67,389.67,
360.86,380.73,380.73,380.73,380.73,380.73,380.73,380.73,380.73,380.73,380.73,380.73,
364.46,380.79,380.79,380.79,380.79,380.79,380.79,380.79,380.79,380.79,380.79,380.79,
364.96,380.77,380.77,380.77,380.77,380.77,380.77,380.77,380.77,380.77,380.77,380.77,
372.18,380.83,380.83,380.83,380.83,380.83,380.83,380.83,380.83,380.83,380.83,380.83,
382.76,378.97,378.97,378.97,378.97,378.97,378.97,378.97,378.97,378.97,378.97,378.97,
362.93,375.81,375.81,375.81,375.81,375.81,375.81,375.81,375.81,375.81,375.81,375.81,
374.94,373.32,373.32,373.32,373.32,373.32,373.32,373.32,373.32,373.32,373.32,373.32,
352.29,375.85,375.85,375.85,375.85,375.85,375.85,375.85,375.85,375.85,375.85,375.85,
366.38,359.57,359.57,359.57,359.57,359.57,359.57,359.57,359.57,359.57,359.57,359.57,
384.97,360.03,360.03,360.03,360.03,360.03,360.03,360.03,360.03,360.03,360.03,360.03,
357.88,357.88,357.88,357.88,357.88,357.88,357.88,357.88,357.88,357.88,357.88,357.88,
358.58,358.58,358.58,358.58,358.58,358.58,358.58,358.58,358.58,358.58,358.58,358.58,
357.29,357.29,357.29,357.29,357.29,357.29,357.29,357.29,357.29,357.29,357.29,357.29,
356.25,356.25,356.25,356.25,356.25,356.25,356.25,356.25,356.25,356.25,356.25,356.25,
317.77,352.29,352.29,352.29,352.29,352.29,352.29,352.29,352.29,352.29,352.29,352.29,
319.05,346.06,346.06,346.06,346.06,346.06,346.06,346.06,346.06,346.06,346.06,346.06,
228.06,217.48,206.9,196.32,185.74,175.16,164.58,154.0,143.42,132.84,122.26,111.68,
229.95,222.42,214.89,207.36,199.83,192.29,184.76,177.23,169.7,162.16,154.63,147.1,
329.5,329.5,329.5,329.5,329.5,329.5,329.5,329.5,329.5,329.5,329.5,329.5,
327.25,327.25,327.25,327.25,327.25,327.25,327.25,327.25,327.25,327.25,327.25,327.25,
323.67,323.67,323.67,323.67,323.67,323.67,323.67,323.67,323.67,323.67,323.67,323.67,
314.25,314.25,314.25,314.25,314.25,314.25,314.25,314.25,314.25,314.25,314.25,314.25,
266.79,263.17,259.55,255.94,252.32,248.7,245.08,241.47,237.85,234.23,230.62,227.0,
254.96,250.56,246.16,241.76,237.36,232.96,228.56,224.16,219.76,215.36,210.96,206.56,
246.09,241.15,236.21,231.27,226.32,221.38,216.44,211.5,206.55,201.61,196.67,191.73,
240.61,235.38,230.15,224.91,219.68,214.44,209.21,203.97,198.74,193.5,188.27,183.04,
260.77,256.82,252.87,248.91,244.96,241.01,237.06,233.11,229.16,225.21,221.26,217.31,
422.63,373.98,350.16,338.5,332.79,330.0,328.63,327.96,327.63,327.47,327.39,327.35,
292.33,314.07,314.07,314.07,314.07,314.07,314.07,314.07,314.07,314.07,314.07,314.07,
322.57,314.64,314.64,314.64,314.64,314.64,314.64,314.64,314.64,314.64,314.64,314.64,
306.38,311.32,311.32,311.32,311.32,311.32,311.32,311.32,311.32,311.32,311.32,311.32,
320.84,311.78,311.78,311.78,311.78,311.78,311.78,311.78,311.78,311.78,311.78,311.78,
309.96,309.96,309.96,309.96,309.96,309.96,309.96,309.96,309.96,309.96,309.96,309.96,
334.75,310.07,310.07,310.07,310.07,310.07,310.07,310.07,310.07,310.07,310.07,310.07,
387.69,393.37,399.04,404.72,410.4,416.08,421.76,427.44,433.12,438.8,444.48,450.16,
396.73,403.14,409.56,415.97,422.39,428.8,435.22,441.63,448.05,454.47,460.88,467.3,
394.84,400.99,407.14,413.29,419.44,425.58,431.73,437.88,444.03,450.18,456.33,462.48,
395.52,401.59,407.66,413.73,419.8,425.87,431.94,438.01,444.08,450.15,456.22,462.29,
304.32,319.27,319.27,319.27,319.27,319.27,319.27,319.27,319.27,319.27,319.27,319.27,
311.69,320.97,320.97,320.97,320.97,320.97,320.97,320.97,320.97,320.97,320.97,320.97,
323.13,323.13,323.13,323.13,323.13,323.13,323.13,323.13,323.13,323.13,323.13,323.13,
303.25,327.08,327.08,327.08,327.08,327.08,327.08,327.08,327.08,327.08,327.08,327.08,
295.99,315.08,315.08,315.08,315.08,315.08,315.08,315.08,315.08,315.08,315.08,315.08,
292.94,314.47,314.47,314.47,314.47,314.47,314.47,314.47,314.47,314.47,314.47,314.47,
338.86,320.24,320.24,320.24,320.24,320.24,320.24,320.24,320.24,320.24,320.24,320.24,
291.39,319.79,319.79,319.79,319.79,319.79,319.79,319.79,319.79,319.79,319.79,319.79,
382.93,329.47,329.47,329.47,329.47,329.47,329.47,329.47,329.47,329.47,329.47,329.47,
296.41,327.12,327.12,327.12,327.12,327.12,327.12,327.12,327.12,327.12,327.12,327.12,
319.58,328.15,328.15,328.15,328.15,328.15,328.15,328.15,328.15,328.15,328.15,328.15,
259.97,254.44,248.9,243.36,237.82,232.29,226.75,221.21,215.68,210.14,204.6,199.07,
258.37,253.2,248.03,242.87,237.7,232.54,227.37,222.21,217.04,211.88,206.71,201.55,
289.71,301.69,306.7,308.79,309.66,310.03,310.18,310.24,310.27,310.28,310.28,310.29,
288.47,300.38,305.36,307.45,308.32,308.69,308.84,308.9,308.93,308.94,308.94,308.95,
