154.8,147.43,140.06,132.69,125.32,117.95,110.57,103.2,95.83,88.46,81.09,73.72,
166.07,161.15,156.24,151.33,146.42,141.51,136.6,131.69,126.78,121.86,116.95,112.04,
145.73,138.54,131.35,124.16,116.96,109.77,102.58,95.39,88.2,81.0,73.81,66.62,
183.67,180.56,177.45,174.34,171.23,168.12,165.01,161.9,158.79,155.68,152.57,149.46,
222.18,223.34,224.49,225.64,226.8,227.95,229.11,230.26,231.41,232.57,233.72,234.87,
209.46,209.52,209.57,209.63,209.68,209.74,209.79,209.85,209.9,209.96,210.01,210.07,
232.88,235.03,237.17,239.32,241.46,243.61,245.76,247.9,250.05,252.19,254.34,256.48,
217.82,218.61,219.4,220.2,220.99,221.79,222.58,223.37,224.17,224.96,225.75,226.55,
237.18,239.35,241.53,243.7,245.87,248.04,250.21,252.38,254.55,256.72,258.9,261.07,
222.31,223.35,224.38,225.42,226.46,227.5,228.54,229.57,230.61,231.65,232.69,233.73,
246.7,249.6,252.51,255.41,258.32,261.22,264.12,267.03,269.93,272.84,275.74,278.64,
248.18,251.49,254.81,258.13,261.44,264.76,268.08,271.39,274.71,278.03,281.34,284.66,
282.39,288.71,295.04,301.37,307.69,314.02,320.35,326.68,333.0,339.33,345.66,351.98,
294.05,301.34,308.64,315.93,323.22,330.51,337.8,345.1,352.39,359.68,366.97,374.26,
302.44,309.92,317.39,324.87,332.34,339.81,347.29,354.76,362.23,369.71,377.18,384.65,
326.03,334.87,343.7,352.54,361.38,370.22,379.06,387.9,396.74,405.58,414.42,423.26,
358.14,368.73,379.32,389.92,400.51,411.1,421.7,432.29,442.88,453.48,464.07,474.66,
413.62,427.59,441.55,455.52,469.48,483.45,497.42,511.38,525.35,539.31,553.28,567.25,
475.14,493.21,511.27,529.33,547.39,565.45,583.52,601.58,619.64,637.7,655.76,673.82,
431.46,444.89,458.31,471.74,485.17,498.6,512.03,525.46,538.88,552.31,565.74,579.17,
430.75,442.82,454.9,466.97,479.04,491.12,503.19,515.26,527.34,539.41,551.48,563.56,
456.07,470.14,484.21,498.28,512.35,526.42,540.49,554.56,568.64,582.71,596.78,610.85,
422.45,433.74,445.04,456.33,467.62,478.92,490.21,501.5,512.8,524.09,535.38,546.67,
368.58,374.17,379.77,385.37,390.97,396.57,402.17,407.77,413.36,418.96,424.56,430.16,
329.9,332.3,334.69,337.08,339.47,341.87,344.26,346.65,349.05,351.44,353.83,356.23,
275.53,272.22,268.9,265.59,262.28,258.97,255.65,252.34,249.03,245.72,242.4,239.09,
283.31,280.61,277.91,275.21,272.51,269.81,267.12,264.42,261.72,259.02,256.32,253.62,
268.82,263.47,258.12,252.78,247.43,242.08,236.74,231.39,226.04,220.7,215.35,210.0,
232.41,224.24,216.08,207.92,199.76,191.6,183.43,175.27,167.11,158.95,150.79,142.62,
184.07,171.14,158.2,145.27,132.34,119.4,106.47,93.53,80.6,67.67,54.73,41.8,
269.18,263.37,257.56,251.76,245.95,240.15,234.34,228.53,222.73,216.92,211.12,205.31,
279.37,273.89,268.4,262.91,257.42,251.94,246.45,240.96,235.48,229.99,224.5,219.01,
232.9,223.38,213.87,204.35,194.84,185.33,175.81,166.3,156.78,147.27,137.76,128.24,
198.37,186.55,174.74,162.92,151.1,139.29,127.47,115.66,103.84,92.03,80.21,68.4,
177.73,165.45,153.17,140.89,128.61,116.33,104.05,91.77,79.49,67.21,54.94,42.66,
180.69,171.22,161.74,152.26,142.79,133.31,123.83,114.36,104.88,95.4,85.93,76.45,
197.92,192.91,187.91,182.91,177.9,172.9,167.9,162.89,157.89,152.89,147.88,142.88,
206.41,201.49,196.57,191.65,186.73,181.8,176.88,171.96,167.04,162.12,157.2,152.27,
214.68,211.62,208.55,205.49,202.43,199.36,196.3,193.24,190.18,187.11,184.05,180.99,
256.63,258.61,260.58,262.56,264.54,266.52,268.5,270.48,272.45,274.43,276.41,278.39,
246.08,246.68,247.28,247.88,248.48,249.08,249.68,250.28,250.88,251.48,252.08,252.68,
257.79,258.61,259.42,260.23,261.05,261.86,262.68,263.49,264.3,265.12,265.93,266.75,
253.05,252.57,252.09,251.61,251.13,250.65,250.17,249.69,249.21,248.73,248.25,247.77,
232.44,229.36,226.27,223.18,220.09,217.01,213.92,210.83,207.74,204.65,201.57,198.48,
234.31,232.12,229.92,227.73,225.53,223.34,221.14,218.95,216.75,214.56,212.36,210.17,
272.57,274.17,275.78,277.38,278.98,280.59,282.19,283.79,285.4,287.0,288.61,290.21,
255.17,254.42,253.67,252.93,252.18,251.43,250.68,249.93,249.18,248.44,247.69,246.94,
244.16,241.52,238.89,236.26,233.63,230.99,228.36,225.73,223.1,220.46,217.83,215.2,
281.29,285.25,289.22,293.19,297.15,301.12,305.08,309.05,313.02,316.98,320.95,324.91,
293.06,299.42,305.77,312.13,318.49,324.84,331.2,337.56,343.92,350.27,356.63,362.99,
274.78,278.88,282.98,287.08,291.18,295.28,299.38,303.49,307.59,311.69,315.79,319.89,
256.42,258.19,259.96,261.73,263.5,265.27,267.04,268.81,270.58,272.35,274.12,275.89,
235.79,235.04,234.3,233.55,232.8,232.06,231.31,230.56,229.81,229.07,228.32,227.57,
212.8,209.33,205.85,202.38,198.91,195.44,191.97,188.5,185.02,181.55,178.08,174.61,
187.79,181.46,175.14,168.81,162.49,156.16,149.83,143.51,137.18,130.86,124.53,118.2,
184.71,178.82,172.92,167.03,161.14,155.25,149.36,143.47,137.58,131.69,125.8,119.91,
169.52,162.18,154.84,147.5,140.17,132.83,125.49,118.15,110.82,103.48,96.14,88.8,
169.08,162.49,155.9,149.3,142.71,136.12,129.52,122.93,116.34,109.74,103.15,96.56,
160.49,153.16,145.82,138.49,131.15,123.82,116.48,109.15,101.82,94.48,87.15,79.81,
169.44,163.81,158.19,152.56,146.93,141.31,135.68,130.05,124.43,118.8,113.17,107.55,
180.29,176.11,171.94,167.76,163.59,159.42,155.24,151.07,146.89,142.72,138.54,134.37,
179.0,174.79,170.58,166.37,162.16,157.95,153.74,149.53,145.32,141.11,136.89,132.68,
178.86,174.67,170.49,166.3,162.12,157.93,153.75,149.56,145.38,141.19,137.01,132.82,
302.0,309.02,316.04,323.05,330.07,337.09,344.11,351.12,358.14,365.16,372.18,379.19,
303.33,310.51,317.68,324.86,332.04,339.21,346.39,353.56,360.74,367.91,375.09,382.26,
312.54,320.83,329.12,337.42,345.71,354.0,362.29,370.58,378.87,387.16,395.45,403.74,
309.59,317.37,325.15,332.93,340.71,348.49,356.28,364.06,371.84,379.62,387.4,395.18,
304.63,311.73,318.83,325.92,333.02,340.11,347.21,354.31,361.4,368.5,375.59,382.69,
294.42,300.39,306.35,312.31,318.28,324.24,330.2,336.16,342.13,348.09,354.05,360.02,
310.49,317.45,324.42,331.38,338.35,345.31,352.27,359.24,366.2,373.17,380.13,387.09,
336.35,344.97,353.59,362.21,370.83,379.45,388.07,396.7,405.32,413.94,422.56,431.18,
338.52,346.78,355.03,363.29,371.55,379.81,388.07,396.33,404.59,412.85,421.11,429.37,
321.44,327.69,333.94,340.19,346.44,352.69,358.94,365.19,371.44,377.69,383.95,390.2,
305.03,309.32,313.62,317.91,322.21,326.5,330.8,335.09,339.39,343.68,347.98,352.27,
289.68,292.06,294.43,296.81,299.18,301.56,303.93,306.31,308.68,311.06,313.44,315.81,
278.42,279.18,279.93,280.68,281.43,282.19,282.94,283.69,284.44,285.2,285.95,286.7,
297.32,298.87,300.43,301.98,303.54,305.09,306.65,308.2,309.75,311.31,312.86,314.42,
276.65,275.87,275.1,274.32,273.54,272.76,271.98,271.2,270.42,269.64,268.86,268.08,
255.21,252.27,249.34,246.4,243.46,240.52,237.59,234.65,231.71,228.78,225.84,222.9,
233.63,228.31,222.99,217.67,212.35,207.03,201.71,196.39,191.07,185.75,180.43,175.11,
206.01,197.88,189.75,181.61,173.48,165.35,157.21,149.08,140.95,132.81,124.68,116.55,
240.57,238.84,237.11,235.38,233.65,231.92,230.19,228.46,226.73,225.0,223.27,221.54,
233.42,230.95,228.48,226.01,223.54,221.07,218.59,216.12,213.65,211.18,208.71,206.24,
242.8,241.03,239.25,237.48,235.7,233.93,232.15,230.38,228.6,226.83,225.05,223.28,
248.49,246.96,245.44,243.91,242.38,240.85,239.33,237.8,236.27,234.74,233.22,231.69,
255.77,254.53,253.29,252.05,250.81,249.57,248.33,247.09,245.85,244.61,243.37,242.13,
251.27,249.16,247.05,244.94,242.83,240.72,238.61,236.49,234.38,232.27,230.16,228.05,
259.81,258.89,257.97,257.05,256.13,255.21,254.29,253.37,252.45,251.53,250.61,249.68,
276.91,278.42,279.93,281.44,282.95,284.46,285.97,287.48,289.0,290.51,292.02,293.53,
286.08,288.65,291.21,293.78,296.34,298.91,301.47,304.04,306.6,309.17,311.73,314.29,
274.9,276.24,277.58,278.92,280.26,281.6,282.95,284.29,285.63,286.97,288.31,289.65,
263.1,263.21,263.33,263.44,263.55,263.66,263.77,263.88,263.99,264.1,264.21,264.32,
251.99,251.01,250.04,249.07,248.1,247.13,246.15,245.18,244.21,243.24,242.27,241.29,
248.61,247.39,246.17,244.95,243.73,242.5,241.28,240.06,238.84,237.62,236.4,235.17,
258.61,259.48,260.35,261.21,262.08,262.94,263.81,264.68,265.54,266.41,267.27,268.14,
282.61,285.22,287.82,290.43,293.04,295.65,298.25,300.86,303.47,306.08,308.69,311.29,
273.53,275.04,276.55,278.07,279.58,281.09,282.6,284.11,285.62,287.14,288.65,290.16,
259.99,260.16,260.32,260.48,260.65,260.81,260.97,261.13,261.3,261.46,261.62,261.79,
241.14,239.28,237.41,235.54,233.67,231.8,229.94,228.07,226.2,224.33,222.46,220.6,
226.25,222.72,219.19,215.65,212.12,208.58,205.05,201.51,197.98,194.44,190.91,187.37,
212.73,207.91,203.08,198.26,193.44,188.61,183.79,178.97,174.14,169.32,164.5,159.67,
256.07,255.07,254.07,253.07,252.07,251.07,250.07,249.07,248.07,247.07,246.08,245.08,
272.96,273.6,274.23,274.87,275.51,276.14,276.78,277.41,278.05,278.69,279.32,279.96,
268.02,268.71,269.39,270.07,270.76,271.44,272.13,272.81,273.49,274.18,274.86,275.54,
254.54,254.33,254.12,253.92,253.71,253.5,253.29,253.08,252.87,252.66,252.45,252.24,
254.43,254.41,254.38,254.35,254.33,254.3,254.27,254.24,254.22,254.19,254.16,254.13,
255.2,255.44,255.68,255.92,256.16,256.4,256.64,256.88,257.12,257.36,257.6,257.84,
261.81,262.86,263.9,264.94,265.98,267.02,268.06,269.11,270.15,271.19,272.23,273.27,
282.47,284.97,287.46,289.96,292.46,294.96,297.45,299.95,302.45,304.94,307.44,309.94,
359.84,368.16,376.48,384.8,393.12,401.44,409.76,418.08,426.4,434.71,443.03,451.35,
389.48,399.62,409.76,419.9,430.04,440.18,450.32,460.46,470.6,480.74,490.89,501.03,
402.93,413.69,424.44,435.2,445.96,456.71,467.47,478.22,488.98,499.73,510.49,521.25,
390.38,399.42,408.46,417.51,426.55,435.59,444.64,453.68,462.72,471.76,480.81,489.85,
416.36,428.04,439.72,451.41,463.09,474.77,486.46,498.14,509.83,521.51,533.19,544.88,
423.64,435.3,446.96,458.62,470.28,481.95,493.61,505.27,516.93,528.59,540.25,551.91,
385.45,393.2,400.95,408.69,416.44,424.19,431.93,439.68,447.43,455.17,462.92,470.67,
350.8,354.84,358.89,362.94,366.98,371.03,375.07,379.12,383.16,387.21,391.26,395.3,
351.04,354.27,357.51,360.74,363.98,367.21,370.44,373.68,376.91,380.15,383.38,386.62,
308.94,307.86,306.77,305.69,304.6,303.52,302.43,301.35,300.26,299.17,298.09,297.0,
332.43,334.21,335.99,337.77,339.55,341.33,343.11,344.89,346.67,348.45,350.23,352.01,
301.01,300.37,299.73,299.1,298.46,297.82,297.19,296.55,295.91,295.28,294.64,294.0,
265.0,260.68,256.37,252.05,247.74,243.42,239.11,234.79,230.47,226.16,221.84,217.53,
232.28,224.3,216.33,208.35,200.38,192.4,184.42,176.45,168.47,160.49,152.52,144.54,
233.23,224.73,216.24,207.74,199.24,190.75,182.25,173.75,165.26,156.76,148.26,139.77,
241.12,232.6,224.09,215.58,207.06,198.55,190.03,181.52,173.01,164.49,155.98,147.46,
213.67,202.46,191.25,180.04,168.82,157.61,146.4,135.19,123.98,112.77,101.56,90.35,
189.87,177.11,164.36,151.6,138.84,126.09,113.33,100.57,87.82,75.06,62.3,49.55,
210.01,201.76,193.5,185.25,177.0,168.75,160.5,152.25,144.0,135.75,127.5,119.25,
215.32,208.96,202.6,196.25,189.89,183.53,177.17,170.81,164.46,158.1,151.74,145.38,
219.05,213.98,208.9,203.82,198.75,193.67,188.59,183.52,178.44,173.36,168.29,163.21,
225.74,221.4,217.06,212.73,208.39,204.05,199.71,195.38,191.04,186.7,182.36,178.03,
247.5,245.96,244.43,242.9,241.37,239.83,238.3,236.77,235.24,233.7,232.17,230.64,
272.16,273.63,275.1,276.57,278.05,279.52,280.99,282.47,283.94,285.41,286.88,288.36,
282.7,284.45,286.19,287.94,289.68,291.43,293.18,294.92,296.67,298.41,300.16,301.91,
319.59,323.79,327.99,332.2,336.4,340.6,344.8,349.0,353.21,357.41,361.61,365.81,
521.17,542.09,563.01,583.93,604.84,625.76,646.68,667.6,688.52,709.44,730.35,751.27,
506.73,525.31,543.9,562.48,581.07,599.65,618.24,636.82,655.41,673.99,692.58,711.16,
540.5,562.03,583.57,605.11,626.65,648.19,669.72,691.26,712.8,734.34,755.87,777.41,
542.39,562.54,582.69,602.83,622.98,643.12,663.27,683.42,703.56,723.71,743.86,764.0,
500.84,516.28,531.73,547.17,562.62,578.06,593.51,608.95,624.39,639.84,655.28,670.73,
518.2,533.83,549.47,565.1,580.73,596.37,612.0,627.64,643.27,658.91,674.54,690.18,
486.37,499.31,512.24,525.18,538.12,551.06,564.0,576.94,589.88,602.82,615.76,628.7,
521.52,537.48,553.44,569.4,585.36,601.32,617.28,633.24,649.2,665.16,681.12,697.08,
508.18,521.81,535.44,549.07,562.69,576.32,589.95,603.58,617.2,630.83,644.46,658.08,
439.84,446.33,452.83,459.33,465.83,472.32,478.82,485.32,491.82,498.31,504.81,511.31,
375.42,375.33,375.25,375.16,375.08,375.0,374.91,374.83,374.74,374.66,374.57,374.49,
306.59,299.62,292.64,285.66,278.68,271.7,264.72,257.75,250.77,243.79,236.81,229.83,
244.83,231.65,218.47,205.29,192.1,178.92,165.74,152.56,139.38,126.2,113.01,99.83,
186.68,168.11,149.54,130.96,112.39,93.82,75.25,56.68,38.11,19.53,0.96,0.0,
261.66,248.38,235.11,221.83,208.56,195.28,182.01,168.73,155.46,142.18,128.9,115.63,
198.35,179.32,160.29,141.25,122.22,103.19,84.15,65.12,46.09,27.06,8.02,0.0,
146.22,122.71,99.21,75.7,52.2,28.7,5.19,0.0,0.0,0.0,0.0,0.0,
112.07,86.72,61.37,36.02,10.67,0.0,0.0,0.0,0.0,0.0,0.0,0.0,
176.01,162.99,149.96,136.93,123.9,110.87,97.85,84.82,71.79,58.76,45.73,32.71,
157.07,142.86,128.64,114.43,100.21,86.0,71.78,57.57,43.35,29.14,14.93,0.71,
182.18,171.55,160.91,150.28,139.64,129.0,118.37,107.73,97.1,86.46,75.83,65.19,
208.44,201.36,194.27,187.18,180.09,173.01,165.92,158.83,151.74,144.65,137.57,130.48,
204.76,197.18,189.6,182.02,174.43,166.85,159.27,151.69,144.11,136.53,128.95,121.37,
233.12,229.92,226.72,223.51,220.31,217.11,213.9,210.7,207.5,204.29,201.09,197.89,
234.1,230.74,227.38,224.01,220.65,217.29,213.93,210.56,207.2,203.84,200.47,197.11,
271.9,273.75,275.6,277.45,279.3,281.15,283.0,284.85,286.7,288.55,290.4,292.24,
302.36,307.88,313.41,318.93,324.45,329.98,335.5,341.02,346.55,352.07,357.59,363.11,
304.49,309.54,314.59,319.64,324.7,329.75,334.8,339.85,344.9,349.95,355.01,360.06,
336.1,342.97,349.83,356.7,363.56,370.43,377.29,384.16,391.02,397.89,404.75,411.62,
327.95,333.13,338.31,343.49,348.67,353.86,359.04,364.22,369.4,374.58,379.76,384.95,
312.08,315.09,318.09,321.09,324.1,327.1,330.1,333.11,336.11,339.11,342.12,345.12,
286.35,286.16,285.97,285.79,285.6,285.42,285.23,285.05,284.86,284.67,284.49,284.3,
328.5,335.84,343.18,350.52,357.86,365.2,372.54,379.88,387.22,394.56,401.9,409.24,
305.35,309.86,314.37,318.89,323.4,327.91,332.42,336.93,341.44,345.95,350.46,354.97,
284.76,286.76,288.75,290.75,292.75,294.75,296.75,298.74,300.74,302.74,304.74,306.74,
258.58,257.54,256.51,255.48,254.44,253.41,252.38,251.34,250.31,249.28,248.24,247.21,
231.82,227.86,223.89,219.93,215.96,211.99,208.03,204.06,200.1,196.13,192.16,188.2,
208.64,202.15,195.66,189.18,182.69,176.2,169.71,163.22,156.74,150.25,143.76,137.27,
204.1,197.56,191.03,184.5,177.96,171.43,164.9,158.36,151.83,145.3,138.76,132.23,
195.97,189.19,182.4,175.61,168.83,162.04,155.26,148.47,141.68,134.9,128.11,121.32,
187.16,179.79,172.41,165.04,157.66,150.29,142.92,135.54,128.17,120.79,113.42,106.04,
176.21,168.08,159.95,151.82,143.69,135.56,127.43,119.3,111.17,103.04,94.91,86.78,
222.2,217.97,213.75,209.52,205.3,201.07,196.85,192.62,188.4,184.17,179.95,175.72,
222.61,218.73,214.84,210.95,207.06,203.17,199.28,195.39,191.51,187.62,183.73,179.84,
230.55,227.76,224.98,222.2,219.41,216.63,213.84,211.06,208.27,205.49,202.71,199.92,
256.84,256.53,256.22,255.91,255.6,255.29,254.98,254.67,254.36,254.05,253.74,253.43,
296.04,300.52,304.99,309.47,313.95,318.43,322.91,327.38,331.86,336.34,340.82,345.3,
328.23,335.68,343.13,350.58,358.03,365.48,372.93,380.39,387.84,395.29,402.74,410.19,
353.92,363.47,373.03,382.59,392.15,401.71,411.26,420.82,430.38,439.94,449.5,459.06,
375.89,386.98,398.06,409.15,420.24,431.33,442.42,453.5,464.59,475.68,486.77,497.85,
383.22,394.35,405.47,416.59,427.71,438.84,449.96,461.08,472.2,483.33,494.45,505.57,
384.2,394.85,405.5,416.14,426.79,437.44,448.08,458.73,469.38,480.03,490.67,501.32,
396.73,407.84,418.94,430.05,441.16,452.26,463.37,474.48,485.58,496.69,507.79,518.9,
395.49,405.73,415.98,426.22,436.47,446.71,456.96,467.2,477.45,487.69,497.94,508.18,
398.4,407.96,417.52,427.09,436.65,446.21,455.77,465.34,474.9,484.46,494.02,503.59,
359.84,365.44,371.04,376.64,382.25,387.85,393.45,399.06,404.66,410.26,415.86,421.47,
323.46,325.48,327.5,329.52,331.54,333.56,335.58,337.6,339.62,341.64,343.66,345.68,
310.2,310.25,310.3,310.35,310.4,310.46,310.51,310.56,310.61,310.66,310.71,310.76,
282.42,279.39,276.35,273.32,270.29,267.26,264.23,261.19,258.16,255.13,252.1,249.07,
229.96,221.76,213.57,205.37,197.17,188.98,180.78,172.58,164.38,156.19,147.99,139.79,
215.89,207.84,199.78,191.73,183.68,175.63,167.57,159.52,151.47,143.42,135.36,127.31,
188.27,177.6,166.93,156.26,145.58,134.91,124.24,113.56,102.89,92.22,81.55,70.87,
254.01,248.3,242.59,236.88,231.16,225.45,219.74,214.03,208.32,202.6,196.89,191.18,
237.63,231.01,224.39,217.77,211.15,204.54,197.92,191.3,184.68,178.06,171.45,164.83,
230.13,223.19,216.24,209.29,202.35,195.4,188.46,181.51,174.57,167.62,160.68,153.73,
233.23,227.22,221.22,215.21,209.21,203.2,197.2,191.19,185.19,179.18,173.18,167.17,
238.66,233.81,228.95,224.1,219.24,214.39,209.53,204.68,199.82,194.97,190.12,185.26,
248.5,245.26,242.02,238.79,235.55,232.31,229.07,225.83,222.59,219.35,216.11,212.87,
262.78,261.22,259.65,258.08,256.52,254.95,253.38,251.82,250.25,248.69,247.12,245.55,
274.44,274.16,273.88,273.6,273.32,273.04,272.76,272.48,272.2,271.92,271.64,271.36,
295.84,298.14,300.44,302.74,305.04,307.34,309.64,311.94,314.24,316.54,318.84,321.14,
316.13,320.59,325.05,329.51,333.96,338.42,342.88,347.34,351.8,356.25,360.71,365.17,
354.18,362.53,370.88,379.22,387.57,395.92,404.26,412.61,420.96,429.3,437.65,446.0,
359.15,367.12,375.09,383.06,391.03,399.0,406.96,414.93,422.9,430.87,438.84,446.81,
389.91,399.42,408.93,418.44,427.95,437.46,446.97,456.48,466.0,475.51,485.02,494.53,
394.24,404.12,414.0,423.89,433.77,443.66,453.54,463.43,473.31,483.2,493.08,502.96,
387.74,396.56,405.38,414.2,423.02,431.84,440.66,449.48,458.3,467.12,475.94,484.76,
363.21,368.57,373.93,379.29,384.65,390.02,395.38,400.74,406.1,411.46,416.82,422.18,
338.12,340.13,342.14,344.15,346.17,348.18,350.19,352.2,354.22,356.23,358.24,360.25,
314.26,313.25,312.23,311.22,310.21,309.19,308.18,307.17,306.15,305.14,304.13,303.11,
340.82,344.47,348.12,351.77,355.42,359.06,362.71,366.36,370.01,373.66,377.3,380.95,
321.99,323.26,324.53,325.8,327.07,328.34,329.6,330.87,332.14,333.41,334.68,335.94,
310.39,310.19,309.98,309.78,309.57,309.37,309.17,308.96,308.76,308.55,308.35,308.14,
312.71,312.25,311.8,311.35,310.9,310.45,309.99,309.54,309.09,308.64,308.19,307.73,
302.88,301.2,299.53,297.85,296.18,294.51,292.83,291.16,289.48,287.81,286.14,284.46,
290.22,287.15,284.08,281.01,277.94,274.87,271.8,268.73,265.66,262.59,259.52,256.45,
279.67,275.67,271.67,267.67,263.67,259.67,255.67,251.67,247.67,243.67,239.67,235.67,
268.12,263.11,258.1,253.09,248.08,243.07,238.06,233.05,228.04,223.03,218.02,213.01,
259.24,253.54,247.84,242.14,236.44,230.74,225.04,219.34,213.64,207.94,202.24,196.55,
287.33,284.0,280.67,277.34,274.01,270.69,267.36,264.03,260.7,257.37,254.05,250.72,
284.5,281.6,278.69,275.79,272.89,269.99,267.09,264.19,261.29,258.39,255.49,252.59,
280.92,278.05,275.19,272.32,269.45,266.58,263.71,260.85,257.98,255.11,252.24,249.37,
320.64,322.49,324.33,326.18,328.02,329.87,331.71,333.56,335.4,337.25,339.09,340.94,
353.54,358.11,362.69,367.26,371.83,376.4,380.97,385.54,390.12,394.69,399.26,403.83,
383.87,390.8,397.72,404.65,411.58,418.51,425.44,432.36,439.29,446.22,453.15,460.07,
377.75,383.93,390.11,396.3,402.48,408.66,414.85,421.03,427.21,433.4,439.58,445.77,
421.43,430.76,440.08,449.41,458.74,468.06,477.39,486.71,496.04,505.37,514.69,524.02,
410.64,418.66,426.68,434.7,442.72,450.74,458.76,466.79,474.81,482.83,490.85,498.87,
394.67,400.93,407.19,413.46,419.72,425.98,432.25,438.51,444.77,451.04,457.3,463.56,
384.49,389.42,394.35,399.28,404.21,409.13,414.06,418.99,423.92,428.85,433.78,438.71,
367.17,370.32,373.46,376.61,379.76,382.9,386.05,389.2,392.34,395.49,398.64,401.78,
356.99,359.45,361.92,364.38,366.84,369.3,371.76,374.22,376.68,379.15,381.61,384.07,
343.26,344.34,345.41,346.48,347.56,348.63,349.71,350.78,351.86,352.93,354.0,355.08,
323.45,322.53,321.62,320.7,319.78,318.86,317.95,317.03,316.11,315.19,314.28,313.36,
303.89,300.92,297.96,294.99,292.03,289.06,286.1,283.13,280.17,277.2,274.24,271.27,
280.47,275.1,269.73,264.36,258.98,253.61,248.24,242.87,237.5,232.13,226.76,221.38,
264.08,256.9,249.71,242.52,235.33,228.14,220.95,213.76,206.57,199.38,192.19,185.0,
261.42,254.93,248.44,241.94,235.45,228.96,222.47,215.97,209.48,202.99,196.49,190.0,
272.25,266.07,259.89,253.71,247.53,241.36,235.18,229.0,222.82,216.64,210.46,204.28,
253.08,244.88,236.67,228.47,220.27,212.07,203.86,195.66,187.46,179.26,171.06,162.85,
253.51,245.86,238.21,230.57,222.92,215.27,207.62,199.97,192.33,184.68,177.03,169.38,
256.52,250.2,243.87,237.55,231.22,224.9,218.57,212.25,205.92,199.6,193.27,186.95,
268.14,263.96,259.78,255.6,251.42,247.24,243.07,238.89,234.71,230.53,226.35,222.17,
264.29,259.8,255.31,250.82,246.33,241.84,237.35,232.86,228.37,223.88,219.39,214.9,
294.11,294.09,294.08,294.06,294.04,294.02,294.01,293.99,293.97,293.95,293.94,293.92,
306.5,307.63,308.77,309.9,311.03,312.17,313.3,314.44,315.57,316.7,317.84,318.97,
324.11,326.62,329.13,331.64,334.15,336.65,339.16,341.67,344.18,346.69,349.2,351.71,
360.35,365.93,371.51,377.1,382.68,388.26,393.84,399.42,405.0,410.58,416.16,421.74,
391.05,398.85,406.66,414.46,422.27,430.08,437.88,445.69,453.49,461.3,469.11,476.91,
429.44,439.97,450.5,461.03,471.56,482.1,492.63,503.16,513.69,524.22,534.75,545.28,
457.67,470.07,482.47,494.88,507.28,519.68,532.09,544.49,556.89,569.3,581.7,594.11,
475.37,488.53,501.7,514.86,528.02,541.18,554.34,567.51,580.67,593.83,606.99,620.15,
530.92,547.77,564.63,581.48,598.34,615.2,632.05,648.91,665.77,682.62,699.48,716.34,
604.52,626.18,647.84,669.5,691.15,712.81,734.47,756.12,777.78,799.44,821.1,842.75,
604.93,625.62,646.3,666.99,687.68,708.37,729.06,749.75,770.43,791.12,811.81,832.5,
626.28,647.3,668.33,689.35,710.38,731.4,752.42,773.45,794.47,815.49,836.52,857.54,
630.58,651.75,672.93,694.1,715.27,736.44,757.62,778.79,799.96,821.13,842.31,863.48,
602.56,620.1,637.64,655.19,672.73,690.27,707.82,725.36,742.91,760.45,777.99,795.54,
588.82,604.01,619.21,634.41,649.61,664.8,680.0,695.2,710.39,725.59,740.79,755.99,
550.05,560.57,571.1,581.62,592.15,602.67,613.2,623.72,634.25,644.77,655.3,665.82,
506.58,512.19,517.81,523.42,529.04,534.66,540.27,545.89,551.5,557.12,562.74,568.35,
451.1,450.83,450.56,450.29,450.02,449.75,449.48,449.21,448.93,448.66,448.39,448.12,
398.89,393.13,387.38,381.63,375.87,370.12,364.36,358.61,352.85,347.1,341.35,335.59,
346.9,335.98,325.06,314.13,303.21,292.29,281.37,270.44,259.52,248.6,237.68,226.75,
301.88,286.71,271.54,256.37,241.2,226.03,210.86,195.69,180.52,165.35,150.18,135.01,
265.96,247.99,230.02,212.05,194.08,176.12,158.15,140.18,122.21,104.24,86.27,68.3,
232.82,212.44,192.05,171.66,151.28,130.89,110.5,90.11,69.73,49.34,28.95,8.57,
215.27,194.27,173.26,152.26,131.25,110.24,89.24,68.23,47.22,26.22,5.21,0.0,
197.03,175.18,153.33,131.48,109.63,87.78,65.93,44.08,22.23,0.38,0.0,0.0,
185.25,162.98,140.72,118.45,96.18,73.92,51.65,29.38,7.12,0.0,0.0,0.0,
211.84,193.97,176.09,158.22,140.35,122.48,104.61,86.74,68.87,51.0,33.13,15.26,
255.73,244.89,234.05,223.22,212.38,201.55,190.71,179.87,169.04,158.2,147.37,136.53,
269.79,261.04,252.3,243.55,234.8,226.06,217.31,208.56,199.81,191.07,182.32,173.57,
309.48,306.07,302.65,299.24,295.83,292.42,289.01,285.59,282.18,278.77,275.36,271.95,
329.57,328.82,328.07,327.33,326.58,325.83,325.09,324.34,323.59,322.84,322.1,321.35,
351.67,353.19,354.72,356.24,357.76,359.28,360.8,362.32,363.84,365.36,366.88,368.41,
378.67,383.4,388.14,392.88,397.61,402.35,407.09,411.82,416.56,421.3,426.04,430.77,
389.31,395.24,401.17,407.11,413.04,418.97,424.9,430.84,436.77,442.7,448.64,454.57,
467.29,479.52,491.75,503.97,516.2,528.43,540.66,552.89,565.12,577.35,589.58,601.81,
501.34,515.77,530.21,544.64,559.07,573.51,587.94,602.37,616.81,631.24,645.67,660.11,
489.1,502.02,514.94,527.86,540.77,553.69,566.61,579.53,592.44,605.36,618.28,631.2,
468.2,478.73,489.25,499.78,510.31,520.84,531.37,541.9,552.43,562.96,573.49,584.02,
457.54,466.52,475.5,484.48,493.46,502.44,511.42,520.4,529.38,538.36,547.34,556.32,
443.92,450.98,458.05,465.12,472.18,479.25,486.32,493.38,500.45,507.52,514.59,521.65,
419.33,423.51,427.69,431.87,436.05,440.23,444.41,448.59,452.77,456.95,461.13,465.31,
393.76,395.18,396.59,398.01,399.42,400.83,402.25,403.66,405.08,406.49,407.9,409.32,
368.76,367.41,366.05,364.7,363.35,361.99,360.64,359.29,357.93,356.58,355.23,353.88,
347.77,344.18,340.59,337.0,333.41,329.81,326.22,322.63,319.04,315.45,311.86,308.27,
343.26,339.21,335.16,331.12,327.07,323.02,318.97,314.92,310.87,306.82,302.78,298.73,
328.68,323.21,317.75,312.28,306.81,301.35,295.88,290.41,284.95,279.48,274.02,268.55,
314.52,307.74,300.96,294.19,287.41,280.64,273.86,267.08,260.31,253.53,246.76,239.98,
314.92,308.3,301.68,295.05,288.43,281.81,275.19,268.57,261.94,255.32,248.7,242.08,
304.48,296.91,289.33,281.76,274.18,266.61,259.03,251.46,243.89,236.31,228.74,221.16,
345.86,341.79,337.73,333.67,329.61,325.55,321.48,317.42,313.36,309.3,305.24,301.18,
365.59,363.14,360.69,358.24,355.79,353.33,350.88,348.43,345.98,343.53,341.07,338.62,
377.16,375.34,373.52,371.71,369.89,368.07,366.26,364.44,362.62,360.81,358.99,357.17,
425.52,430.13,434.73,439.34,443.95,448.56,453.16,457.77,462.38,466.99,471.59,476.2,
468.27,477.68,487.09,496.49,505.9,515.3,524.71,534.12,543.52,552.93,562.34,571.74,
649.28,672.66,696.03,719.4,742.77,766.14,789.52,812.89,836.26,859.63,883.0,906.38,
647.08,669.27,691.46,713.66,735.85,758.04,780.23,802.43,824.62,846.81,869.0,891.2,
639.26,660.18,681.09,702.01,722.92,743.83,764.75,785.66,806.58,827.49,848.4,869.32,
669.12,691.68,714.24,736.8,759.36,781.92,804.48,827.04,849.6,872.16,894.72,917.28,
678.77,700.9,723.03,745.15,767.28,789.4,811.53,833.65,855.78,877.9,900.03,922.15,
641.29,659.0,676.71,694.42,712.13,729.85,747.56,765.27,782.98,800.69,818.4,836.11,
595.68,608.35,621.03,633.7,646.37,659.04,671.71,684.38,697.05,709.72,722.4,735.07,
551.84,559.64,567.45,575.25,583.05,590.86,598.66,606.47,614.27,622.08,629.88,637.69,
511.79,515.41,519.04,522.66,526.28,529.91,533.53,537.15,540.78,544.4,548.03,551.65,
467.28,466.05,464.82,463.59,462.36,461.13,459.9,458.67,457.44,456.21,454.97,453.74,
451.24,447.35,443.46,439.57,435.68,431.79,427.9,424.01,420.12,416.23,412.34,408.45,
405.69,397.14,388.58,380.03,371.47,362.91,354.36,345.8,337.25,328.69,320.14,311.58,
356.8,343.01,329.22,315.43,301.64,287.85,274.06,260.27,246.48,232.69,218.9,205.11,
335.69,320.79,305.88,290.97,276.07,261.16,246.25,231.35,216.44,201.53,186.63,171.72,
450.0,444.05,438.1,432.15,426.2,420.25,414.3,408.35,402.4,396.45,390.5,384.55,
444.94,438.15,431.35,424.55,417.76,410.96,404.17,397.37,390.58,383.78,376.98,370.19,
402.88,392.19,381.49,370.79,360.1,349.4,338.7,328.01,317.31,306.61,295.92,285.22,
364.09,350.14,336.19,322.24,308.29,294.34,280.39,266.45,252.5,238.55,224.6,210.65,
424.62,422.11,419.61,417.1,414.59,412.08,409.57,407.07,404.56,402.05,399.54,397.04,
413.67,410.6,407.53,404.46,401.39,398.32,395.25,392.18,389.11,386.04,382.96,379.89,
408.84,405.39,401.94,398.49,395.04,391.59,388.14,384.69,381.24,377.79,374.34,370.89,
429.8,429.66,429.52,429.38,429.24,429.11,428.97,428.83,428.69,428.55,428.41,428.28,
463.78,467.66,471.53,475.4,479.27,483.14,487.02,490.89,494.76,498.63,502.5,506.38,
463.43,466.95,470.47,473.99,477.51,481.03,484.55,488.07,491.58,495.1,498.62,502.14,
453.93,456.04,458.15,460.26,462.37,464.48,466.58,468.69,470.8,472.91,475.02,477.13,
467.88,470.47,473.05,475.64,478.23,480.82,483.41,486.0,488.59,491.18,493.77,496.36,
480.3,483.12,485.93,488.75,491.56,494.38,497.19,500.01,502.82,505.64,508.45,511.27,
473.32,474.73,476.15,477.56,478.98,480.39,481.8,483.22,484.63,486.04,487.46,488.87,
452.82,452.95,453.07,453.19,453.31,453.43,453.55,453.68,453.8,453.92,454.04,454.16,
447.52,446.28,445.05,443.82,442.59,441.36,440.12,438.89,437.66,436.43,435.19,433.96,
398.82,392.77,386.72,380.66,374.61,368.56,362.5,356.45,350.39,344.34,338.29,332.23,
347.23,336.19,325.15,314.11,303.07,292.03,280.99,269.95,258.91,247.87,236.83,225.79,
378.75,375.24,371.74,368.24,364.74,361.24,357.74,354.24,350.74,347.24,343.74,340.24,
368.71,365.34,361.98,358.61,355.25,351.88,348.52,345.16,341.79,338.43,335.06,331.7,
344.85,339.2,333.54,327.89,322.24,316.58,310.93,305.28,299.62,293.97,288.32,282.66,
314.67,306.11,297.54,288.98,280.42,271.86,263.3,254.74,246.18,237.61,229.05,220.49,
287.15,275.96,264.77,253.58,242.39,231.21,220.02,208.83,197.64,186.45,175.26,164.07,
274.41,262.09,249.77,237.45,225.13,212.81,200.49,188.17,175.85,163.53,151.21,138.89,
259.06,245.8,232.54,219.29,206.03,192.77,179.52,166.26,153.0,139.75,126.49,113.23,
244.41,230.42,216.43,202.45,188.46,174.47,160.49,146.5,132.51,118.53,104.54,90.55,
244.39,231.54,218.69,205.84,192.99,180.14,167.3,154.45,141.6,128.75,115.9,103.05,
244.69,232.6,220.51,208.43,196.34,184.26,172.17,160.09,148.0,135.92,123.83,111.74,
247.22,235.98,224.73,213.49,202.25,191.01,179.77,168.53,157.29,146.05,134.81,123.57,
275.67,268.37,261.07,253.76,246.46,239.16,231.85,224.55,217.25,209.94,202.64,195.34,
308.95,306.15,303.35,300.55,297.74,294.94,292.14,289.34,286.54,283.74,280.94,278.14,
329.18,329.28,329.39,329.49,329.59,329.69,329.79,329.89,329.99,330.09,330.19,330.3,
336.48,337.33,338.18,339.03,339.88,340.73,341.59,342.44,343.29,344.14,344.99,345.84,
361.79,366.11,370.44,374.76,379.08,383.41,387.73,392.05,396.37,400.7,405.02,409.34,
357.63,361.45,365.27,369.09,372.91,376.73,380.55,384.37,388.19,392.01,395.83,399.65,
353.52,356.65,359.79,362.92,366.05,369.18,372.31,375.44,378.57,381.7,384.83,387.96,
351.29,353.78,356.27,358.76,361.26,363.75,366.24,368.73,371.23,373.72,376.21,378.7,
357.25,360.04,362.82,365.6,368.38,371.16,373.94,376.72,379.5,382.29,385.07,387.85,
353.52,355.9,358.28,360.65,363.03,365.41,367.78,370.16,372.54,374.91,377.29,379.67,
341.41,342.51,343.6,344.7,345.8,346.89,347.99,349.08,350.18,351.28,352.37,353.47,
332.6,332.72,332.84,332.97,333.09,333.21,333.33,333.45,333.58,333.7,333.82,333.94,
367.48,370.47,373.46,376.45,379.44,382.44,385.43,388.42,391.41,394.4,397.39,400.39,
392.12,396.75,401.37,405.99,410.61,415.23,419.85,424.47,429.09,433.72,438.34,442.96,
389.61,393.52,397.42,401.32,405.22,409.12,413.02,416.92,420.82,424.72,428.62,432.52,
355.94,356.74,357.54,358.34,359.14,359.95,360.75,361.55,362.35,363.15,363.95,364.75,
320.29,318.03,315.76,313.49,311.22,308.96,306.69,304.42,302.16,299.89,297.62,295.35,
289.23,284.4,279.57,274.74,269.91,265.08,260.25,255.42,250.59,245.76,240.93,236.1,
267.97,261.84,255.7,249.56,243.42,237.29,231.15,225.01,218.88,212.74,206.6,200.46,
423.3,429.89,436.48,443.06,449.65,456.24,462.82,469.41,476.0,482.59,489.17,495.76,
419.62,425.76,431.9,438.05,444.19,450.33,456.47,462.61,468.75,474.89,481.03,487.18,
392.97,396.91,400.84,404.77,408.71,412.64,416.57,420.5,424.44,428.37,432.3,436.24,
369.31,371.31,373.31,375.32,377.32,379.32,381.33,383.33,385.33,387.34,389.34,391.34,
341.71,341.18,340.66,340.14,339.62,339.09,338.57,338.05,337.53,337.01,336.48,335.96,
321.75,319.46,317.17,314.88,312.59,310.3,308.01,305.72,303.43,301.14,298.85,296.56,
308.68,305.35,302.03,298.7,295.38,292.05,288.72,285.4,282.07,278.74,275.42,272.09,
315.76,313.23,310.7,308.17,305.64,303.12,300.59,298.06,295.53,293.0,290.47,287.95,
312.69,309.74,306.8,303.85,300.91,297.96,295.01,292.07,289.12,286.18,283.23,280.29,
299.94,295.58,291.23,286.87,282.51,278.16,273.8,269.44,265.08,260.73,256.37,252.01,
281.64,275.54,269.44,263.33,257.23,251.13,245.03,238.93,232.82,226.72,220.62,214.52,
295.1,291.37,287.64,283.92,280.19,276.47,272.74,269.01,265.29,261.56,257.83,254.11,
304.33,302.63,300.93,299.23,297.53,295.82,294.12,292.42,290.72,289.02,287.32,285.61,
301.14,299.64,298.15,296.65,295.16,293.67,292.17,290.68,289.18,287.69,286.19,284.7,
276.89,272.68,268.47,264.26,260.05,255.84,251.63,247.42,243.2,238.99,234.78,230.57,
252.38,245.19,237.99,230.8,223.6,216.41,209.21,202.02,194.83,187.63,180.44,173.24,
225.84,215.51,205.18,194.86,184.53,174.2,163.87,153.55,143.22,132.89,122.57,112.24,
201.29,188.03,174.76,161.49,148.22,134.96,121.69,108.42,95.16,81.89,68.62,55.35,
306.85,308.13,309.4,310.68,311.96,313.23,314.51,315.79,317.06,318.34,319.62,320.89,
302.22,303.68,305.14,306.6,308.06,309.52,310.98,312.44,313.91,315.37,316.83,318.29,
292.42,292.74,293.05,293.37,293.68,293.99,294.31,294.62,294.93,295.25,295.56,295.88,
288.23,287.87,287.52,287.16,286.8,286.45,286.09,285.74,285.38,285.02,284.67,284.31,
283.06,281.89,280.72,279.55,278.38,277.21,276.04,274.87,273.7,272.54,271.37,270.2,
269.95,267.52,265.08,262.64,260.2,257.77,255.33,252.89,250.45,248.02,245.58,243.14,
259.09,255.72,252.35,248.98,245.61,242.24,238.87,235.5,232.13,228.76,225.39,222.02,
258.57,255.77,252.97,250.17,247.37,244.57,241.77,238.97,236.17,233.37,230.57,227.77,
256.2,253.69,251.18,248.68,246.17,243.67,241.16,238.66,236.15,233.64,231.14,228.63,
254.21,251.82,249.42,247.03,244.64,242.24,239.85,237.46,235.06,232.67,230.28,227.88,
246.36,243.36,240.35,237.35,234.35,231.34,228.34,225.34,222.33,219.33,216.33,213.33,
247.89,245.4,242.91,240.42,237.92,235.43,232.94,230.45,227.96,225.47,222.98,220.49,
247.51,245.16,242.81,240.46,238.11,235.76,233.41,231.06,228.71,226.36,224.01,221.66,
254.48,252.75,251.02,249.29,247.55,245.82,244.09,242.35,240.62,238.89,237.16,235.42,
298.23,299.82,301.41,303.0,304.59,306.19,307.78,309.37,310.96,312.55,314.14,315.73,
372.44,379.79,387.15,394.51,401.86,409.22,416.57,423.93,431.29,438.64,446.0,453.35,
470.33,485.09,499.84,514.6,529.35,544.11,558.86,573.61,588.37,603.12,617.88,632.63,
450.9,463.63,476.36,489.08,501.81,514.53,527.26,539.99,552.71,565.44,578.17,590.89,
414.12,424.67,435.23,445.79,456.34,466.9,477.46,488.01,498.57,509.12,519.68,530.24,
360.37,365.99,371.61,377.23,382.85,388.46,394.08,399.7,405.32,410.94,416.55,422.17,
308.83,310.02,311.2,312.39,313.58,314.76,315.95,317.14,318.32,319.51,320.7,321.88,
263.54,261.1,258.65,256.21,253.77,251.33,248.89,246.45,244.01,241.57,239.13,236.69,
223.66,218.14,212.62,207.1,201.58,196.05,190.53,185.01,179.49,173.97,168.45,162.93,
180.0,170.79,161.58,152.37,143.16,133.95,124.74,115.53,106.32,97.11,87.89,78.68,
136.8,124.01,111.22,98.43,85.63,72.84,60.05,47.26,34.46,21.67,8.88,0.0,
99.42,83.6,67.78,51.95,36.13,20.31,4.49,0.0,0.0,0.0,0.0,0.0,
67.18,48.76,30.34,11.92,0.0,0.0,0.0,0.0,0.0,0.0,0.0,0.0,
36.46,15.73,0.0,0.0,0.0,0.0,0.0,0.0,0.0,0.0,0.0,0.0,
6.46,0.0,0.0,0.0,0.0,0.0,0.0,0.0,0.0,0.0,0.0,0.0,
0.0,0.0,0.0,0.0,0.0,0.0,0.0,0.0,0.0,0.0,0.0,0.0,
0.0,0.0,0.0,0.0,0.0,0.0,0.0,0.0,0.0,0.0,0.0,0.0,
0.0,0.0,0.0,0.0,0.0,0.0,0.0,0.0,0.0,0.0,0.0,0.0,
0.0,0.0,0.0,0.0,0.0,0.0,0.0,0.0,0.0,0.0,0.0,0.0,
29.74,16.68,3.63,0.0,0.0,0.0,0.0,0.0,0.0,0.0,0.0,0.0,
100.0,98.16,96.32,94.47,92.63,90.79,88.95,87.11,85.26,83.42,81.58,79.74,
126.57,128.28,129.99,131.7,133.4,135.11,136.82,138.53,140.24,141.95,143.66,145.37,
144.39,147.57,150.76,153.95,157.13,160.32,163.51,166.69,169.88,173.07,176.25,179.44,
163.05,167.73,172.41,177.09,181.76,186.44,191.12,195.8,200.48,205.15,209.83,214.51,
198.67,205.96,213.26,220.56,227.86,235.16,242.46,249.75,257.05,264.35,271.65,278.95,
223.92,232.91,241.91,250.9,259.89,268.88,277.87,286.86,295.86,304.85,313.84,322.83,
269.39,281.64,293.9,306.15,318.4,330.65,342.9,355.15,367.41,379.66,391.91,404.16,
279.37,291.87,304.37,316.87,329.37,341.87,354.37,366.87,379.37,391.87,404.37,416.87,
281.44,293.39,305.34,317.3,329.25,341.2,353.15,365.11,377.06,389.01,400.96,412.92,
286.38,298.04,309.71,321.38,333.04,344.71,356.37,368.04,379.7,391.37,403.04,414.7,
287.87,299.03,310.18,321.34,332.49,343.65,354.8,365.96,377.12,388.27,399.43,410.58,
277.69,287.25,296.81,306.38,315.94,325.5,335.07,344.63,354.19,363.76,373.32,382.88,
267.81,275.73,283.65,291.58,299.5,307.42,315.34,323.26,331.18,339.1,347.03,354.95,
254.76,260.72,266.68,272.64,278.6,284.55,290.51,296.47,302.43,308.38,314.34,320.3,
238.76,242.48,246.19,249.91,253.63,257.34,261.06,264.78,268.5,272.21,275.93,279.65,
241.06,245.38,249.7,254.02,258.35,262.67,266.99,271.31,275.63,279.96,284.28,288.6,
228.61,231.01,233.4,235.79,238.18,240.58,242.97,245.36,247.75,250.14,252.54,254.93,
211.88,211.91,211.93,211.95,211.97,212.0,212.02,212.04,212.06,212.09,212.11,212.13,
227.24,227.54,227.84,228.14,228.44,228.74,229.04,229.34,229.64,229.94,230.24,230.55,
210.11,208.32,206.53,204.74,202.95,201.16,199.37,197.58,195.8,194.01,192.22,190.43,
340.71,348.85,356.99,365.13,373.27,381.41,389.55,397.69,405.83,413.97,422.11,430.24,
319.06,324.87,330.69,336.5,342.31,348.12,353.94,359.75,365.56,371.38,377.19,383.0,
313.31,318.93,324.54,330.15,335.76,341.37,346.99,352.6,358.21,363.82,369.43,375.05,
304.24,309.16,314.07,318.98,323.9,328.81,333.73,338.64,343.56,348.47,353.39,358.3,
309.59,315.91,322.24,328.56,334.89,341.21,347.54,353.86,360.19,366.51,372.84,379.16,
299.86,305.25,310.64,316.04,321.43,326.83,332.22,337.62,343.01,348.4,353.8,359.19,
335.99,343.93,351.86,359.8,367.73,375.67,383.6,391.54,399.47,407.41,415.34,423.28,
380.47,391.66,402.85,414.04,425.23,436.42,447.61,458.8,469.99,481.18,492.37,503.56,
423.61,437.73,451.84,465.95,480.06,494.17,508.28,522.39,536.51,550.62,564.73,578.84,
455.29,470.94,486.59,502.24,517.89,533.54,549.19,564.84,580.49,596.14,611.79,627.44,
473.71,489.8,505.89,521.97,538.06,554.15,570.23,586.32,602.41,618.49,634.58,650.67,
505.69,523.11,540.53,557.96,575.38,592.8,610.22,627.65,645.07,662.49,679.92,697.34,
552.42,572.12,591.82,611.52,631.22,650.92,670.62,690.32,710.02,729.72,749.42,769.12,
567.95,587.22,606.49,625.76,645.03,664.29,683.56,702.83,722.1,741.37,760.64,779.91,
532.1,546.86,561.62,576.38,591.14,605.9,620.66,635.42,650.18,664.94,679.7,694.46,
493.54,503.45,513.35,523.26,533.16,543.07,552.97,562.88,572.78,582.69,592.59,602.5,
478.34,486.49,494.65,502.8,510.95,519.1,527.26,535.41,543.56,551.71,559.87,568.02,
476.65,482.75,488.85,494.95,501.05,507.14,513.24,519.34,525.44,531.54,537.63,543.73,
510.1,522.74,535.38,548.02,560.67,573.31,585.95,598.59,611.23,623.88,636.52,649.16,
473.92,481.98,490.05,498.12,506.18,514.25,522.32,530.38,538.45,546.52,554.59,562.65,
439.39,443.1,446.81,450.52,454.24,457.95,461.66,465.38,469.09,472.8,476.52,480.23,
397.03,395.67,394.31,392.96,391.6,390.24,388.88,387.52,386.16,384.8,383.44,382.08,
351.64,344.92,338.21,331.49,324.78,318.06,311.34,304.63,297.91,291.19,284.48,277.76,
303.47,291.1,278.73,266.36,253.98,241.61,229.24,216.87,204.5,192.13,179.76,167.38,
283.22,269.35,255.47,241.59,227.71,213.84,199.96,186.08,172.2,158.33,144.45,130.57,
271.53,257.3,243.08,228.85,214.63,200.4,186.18,171.95,157.73,143.5,129.28,115.05,
263.45,249.45,235.44,221.44,207.43,193.43,179.42,165.41,151.41,137.4,123.4,109.39,
257.73,244.17,230.61,217.05,203.49,189.93,176.37,162.81,149.25,135.69,122.13,108.57,
244.2,230.2,216.2,202.2,188.19,174.19,160.19,146.19,132.19,118.18,104.18,90.18,
227.88,214.1,200.32,186.54,172.76,158.98,145.2,131.42,117.64,103.86,90.08,76.31,
242.02,231.97,221.92,211.87,201.82,191.77,181.72,171.67,161.62,151.56,141.51,131.46,
252.38,245.03,237.68,230.32,222.97,215.62,208.27,200.92,193.56,186.21,178.86,171.51,
246.01,238.23,230.45,222.67,214.88,207.1,199.32,191.54,183.76,175.97,168.19,160.41,
248.4,240.93,233.45,225.98,218.51,211.04,203.56,196.09,188.62,181.14,173.67,166.2,
266.85,261.27,255.68,250.1,244.52,238.93,233.35,227.77,222.19,216.6,211.02,205.44,
319.93,320.35,320.77,321.19,321.61,322.03,322.45,322.87,323.29,323.71,324.13,324.55,
330.07,331.35,332.63,333.9,335.18,336.45,337.73,339.01,340.28,341.56,342.84,344.11,
343.11,345.58,348.06,350.53,353.01,355.48,357.95,360.43,362.9,365.37,367.85,370.32,
350.29,353.57,356.85,360.12,363.4,366.68,369.95,373.23,376.51,379.78,383.06,386.34,
348.31,351.47,354.63,357.78,360.94,364.09,367.25,370.4,373.56,376.72,379.87,383.03,
360.2,364.29,368.38,372.47,376.56,380.65,384.74,388.83,392.92,397.01,401.1,405.2,
384.54,390.5,396.46,402.42,408.39,414.35,420.31,426.28,432.24,438.2,444.16,450.13,
412.5,420.63,428.77,436.9,445.03,453.17,461.3,469.44,477.57,485.7,493.84,501.97,
395.46,402.17,408.87,415.58,422.28,428.98,435.69,442.39,449.09,455.8,462.5,469.21,
383.67,389.3,394.93,400.55,406.18,411.81,417.43,423.06,428.68,434.31,439.94,445.56,
362.17,365.95,369.73,373.5,377.28,381.06,384.84,388.62,392.39,396.17,399.95,403.73,
351.51,354.07,356.63,359.2,361.76,364.32,366.88,369.45,372.01,374.57,377.13,379.7,
321.23,320.29,319.36,318.42,317.49,316.55,315.62,314.68,313.75,312.81,311.88,310.94,
290.54,286.5,282.46,278.42,274.39,270.35,266.31,262.28,258.24,254.2,250.16,246.13,
261.1,254.14,247.19,240.23,233.28,226.33,219.37,212.42,205.46,198.51,191.55,184.6,
230.52,220.79,211.07,201.35,191.62,181.9,172.18,162.45,152.73,143.01,133.28,123.56,
216.78,205.97,195.16,184.36,173.55,162.74,151.94,141.13,130.32,119.51,108.71,97.9,
213.72,203.19,192.65,182.12,171.59,161.06,150.52,139.99,129.46,118.93,108.39,97.86,
273.68,269.09,264.5,259.91,255.32,250.73,246.14,241.55,236.97,232.38,227.79,223.2,
288.5,285.46,282.41,279.37,276.33,273.29,270.25,267.21,264.17,261.13,258.08,255.04,
312.54,311.85,311.16,310.47,309.78,309.09,308.39,307.7,307.01,306.32,305.63,304.94,
321.97,322.19,322.4,322.62,322.84,323.06,323.28,323.5,323.72,323.94,324.16,324.37,
332.66,333.61,334.57,335.52,336.47,337.42,338.38,339.33,340.28,341.23,342.19,343.14,
340.85,342.9,344.95,347.0,349.04,351.09,353.14,355.19,357.24,359.29,361.33,363.38,
358.82,363.33,367.84,372.36,376.87,381.38,385.89,390.41,394.92,399.43,403.95,408.46,
386.03,393.99,401.95,409.91,417.87,425.84,433.8,441.76,449.72,457.68,465.64,473.61,
382.76,390.04,397.31,404.59,411.86,419.13,426.41,433.68,440.95,448.23,455.5,462.77,
382.59,389.62,396.64,403.66,410.68,417.7,424.72,431.75,438.77,445.79,452.81,459.83,
368.87,374.13,379.39,384.65,389.91,395.17,400.44,405.7,410.96,416.22,421.48,426.74,
364.02,368.74,373.46,378.18,382.91,387.63,392.35,397.07,401.79,406.51,411.23,415.95,
357.05,360.68,364.31,367.94,371.57,375.2,378.83,382.46,386.09,389.72,393.35,396.98,
339.7,341.15,342.6,344.04,345.49,346.94,348.39,349.83,351.28,352.73,354.18,355.63,
319.25,318.23,317.21,316.19,315.17,314.15,313.12,312.1,311.08,310.06,309.04,308.02,
320.86,318.88,316.9,314.92,312.95,310.97,308.99,307.01,305.03,303.05,301.07,299.09,
318.65,315.77,312.88,310.0,307.12,304.23,301.35,298.46,295.58,292.69,289.81,286.93,
286.87,280.8,274.72,268.65,262.58,256.51,250.44,244.36,238.29,232.22,226.15,220.07,
286.2,281.59,276.97,272.35,267.74,263.12,258.51,253.89,249.27,244.66,240.04,235.43,
266.99,261.14,255.28,249.43,243.58,237.72,231.87,226.01,220.16,214.3,208.45,202.59,
254.8,248.68,242.55,236.43,230.3,224.17,218.05,211.92,205.8,199.67,193.54,187.42,
244.44,237.85,231.26,224.66,218.07,211.48,204.89,198.3,191.71,185.12,178.52,171.93,
238.64,232.22,225.8,219.39,212.97,206.55,200.13,193.71,187.3,180.88,174.46,168.04,
226.74,219.68,212.63,205.57,198.51,191.45,184.4,177.34,170.28,163.23,156.17,149.11,
225.64,218.89,212.14,205.39,198.64,191.88,185.13,178.38,171.63,164.88,158.13,151.38,
233.46,227.94,222.42,216.9,211.38,205.86,200.34,194.82,189.3,183.79,178.27,172.75,
257.44,254.16,250.88,247.6,244.32,241.04,237.76,234.48,231.2,227.92,224.64,221.36,
313.12,314.61,316.09,317.57,319.05,320.53,322.01,323.49,324.97,326.45,327.93,329.41,
339.51,343.05,346.6,350.14,353.69,357.23,360.78,364.32,367.87,371.41,374.96,378.5,
333.48,336.56,339.64,342.72,345.79,348.87,351.95,355.03,358.11,361.19,364.27,367.35,
330.42,333.42,336.42,339.43,342.43,345.43,348.44,351.44,354.44,357.45,360.45,363.45,
327.23,329.93,332.62,335.32,338.02,340.71,343.41,346.1,348.8,351.5,354.19,356.89,
328.42,331.09,333.75,336.42,339.08,341.75,344.41,347.08,349.74,352.41,355.07,357.74,
383.27,391.22,399.16,407.1,415.04,422.98,430.92,438.86,446.8,454.75,462.69,470.63,
388.67,397.67,406.67,415.67,424.67,433.67,442.67,451.67,460.67,469.67,478.67,487.67,
380.27,388.07,395.88,403.69,411.49,419.3,427.1,434.91,442.72,450.52,458.33,466.13,
365.05,371.1,377.15,383.19,389.24,395.28,401.33,407.38,413.42,419.47,425.52,431.56,
340.25,343.58,346.91,350.24,353.57,356.9,360.23,363.56,366.89,370.22,373.55,376.88,
317.27,318.01,318.74,319.47,320.2,320.93,321.66,322.39,323.12,323.85,324.58,325.31,
305.86,305.08,304.29,303.5,302.72,301.93,301.14,300.36,299.57,298.79,298.0,297.21,
280.78,277.34,273.9,270.46,267.02,263.58,260.15,256.71,253.27,249.83,246.39,242.95,
255.16,248.89,242.63,236.36,230.1,223.84,217.57,211.31,205.04,198.78,192.51,186.25,
231.05,222.41,213.78,205.14,196.5,187.86,179.23,170.59,161.95,153.31,144.67,136.04,
213.04,202.73,192.42,182.1,171.79,161.48,151.17,140.86,130.55,120.23,109.92,99.61,
203.9,193.44,182.97,172.5,162.04,151.57,141.1,130.64,120.17,109.7,99.24,88.77,
219.85,212.62,205.39,198.15,190.92,183.69,176.46,169.22,161.99,154.76,147.53,140.3,
227.89,222.5,217.12,211.73,206.35,200.96,195.57,190.19,184.8,179.42,174.03,168.64,
219.52,213.46,207.4,201.35,195.29,189.23,183.18,177.12,171.06,165.01,158.95,152.89,
215.67,209.33,203.0,196.67,190.33,184.0,177.67,171.33,165.0,158.67,152.33,146.0,
247.91,244.26,240.61,236.97,233.32,229.67,226.03,222.38,218.73,215.08,211.44,207.79,
248.47,245.17,241.87,238.57,235.27,231.96,228.66,225.36,222.06,218.76,215.46,212.16,
275.09,275.84,276.6,277.35,278.1,278.85,279.61,280.36,281.11,281.86,282.61,283.37,
277.14,278.27,279.41,280.55,281.69,282.82,283.96,285.1,286.24,287.37,288.51,289.65,
285.78,287.9,290.02,292.15,294.27,296.39,298.51,300.64,302.76,304.88,307.01,309.13,
291.94,294.62,297.3,299.98,302.65,305.33,308.01,310.69,313.37,316.04,318.72,321.4,
295.11,297.83,300.55,303.27,305.99,308.71,311.43,314.15,316.87,319.58,322.3,325.02,
304.52,307.85,311.17,314.5,317.83,321.16,324.49,327.82,331.15,334.48,337.81,341.14,
301.38,304.69,308.01,311.32,314.64,317.95,321.27,324.58,327.9,331.21,334.53,337.84,
291.67,293.96,296.26,298.56,300.86,303.16,305.46,307.75,310.05,312.35,314.65,316.95,
268.09,268.34,268.58,268.82,269.07,269.31,269.55,269.8,270.04,270.28,270.53,270.77,
248.03,246.41,244.79,243.17,241.56,239.94,238.32,236.71,235.09,233.47,231.85,230.24,
222.59,218.83,215.06,211.29,207.52,203.76,199.99,196.22,192.45,188.68,184.92,181.15,
197.1,191.09,185.08,179.08,173.07,167.06,161.05,155.05,149.04,143.03,137.03,131.02,
172.74,164.77,156.8,148.83,140.86,132.89,124.92,116.96,108.99,101.02,93.05,85.08,
150.14,140.38,130.62,120.86,111.11,101.35,91.59,81.83,72.08,62.32,52.56,42.8,
125.84,114.16,102.48,90.79,79.11,67.43,55.74,44.06,32.38,20.69,9.01,0.0,
108.87,96.04,83.22,70.39,57.56,44.74,31.91,19.08,6.26,0.0,0.0,0.0,
105.07,93.63,82.19,70.74,59.3,47.86,36.42,24.97,13.53,2.09,0.0,0.0,
87.28,74.92,62.56,50.19,37.83,25.47,13.11,0.75,0.0,0.0,0.0,0.0,
72.66,59.81,46.95,34.1,21.24,8.39,0.0,0.0,0.0,0.0,0.0,0.0,
60.52,47.34,34.16,20.98,7.8,0.0,0.0,0.0,0.0,0.0,0.0,0.0,
53.24,40.42,27.6,14.77,1.95,0.0,0.0,0.0,0.0,0.0,0.0,0.0,
88.12,79.11,70.1,61.09,52.08,43.07,34.06,25.05,16.04,7.03,0.0,0.0,
87.69,79.76,71.83,63.9,55.98,48.05,40.12,32.19,24.26,16.34,8.41,0.48,
96.21,90.41,84.62,78.82,73.02,67.23,61.43,55.63,49.84,44.04,38.24,32.45,
98.49,93.73,88.98,84.22,79.47,74.71,69.96,65.2,60.45,55.69,50.94,46.18,
105.42,102.12,98.83,95.53,92.24,88.94,85.65,82.35,79.06,75.76,72.47,69.17,
214.61,220.3,226.0,231.69,237.38,243.07,248.76,254.45,260.14,265.83,271.52,277.21,
210.51,216.18,221.85,227.51,233.18,238.85,244.52,250.18,255.85,261.52,267.19,272.85,
212.31,218.14,223.96,229.78,235.6,241.43,247.25,253.07,258.89,264.72,270.54,276.36,
201.11,206.06,211.01,215.95,220.9,225.85,230.8,235.74,240.69,245.64,250.58,255.53,
191.71,195.85,199.99,204.13,208.27,212.41,216.55,220.69,224.83,228.97,233.11,237.24,
205.59,210.77,215.96,221.14,226.33,231.51,236.7,241.88,247.07,252.25,257.44,262.62,
225.48,232.03,238.58,245.13,251.68,258.22,264.77,271.32,277.87,284.42,290.96,297.51,
238.54,245.97,253.41,260.85,268.28,275.72,283.16,290.59,298.03,305.46,312.9,320.34,
215.27,220.3,225.34,230.37,235.4,240.44,245.47,250.51,255.54,260.57,265.61,270.64,
201.19,204.51,207.84,211.16,214.49,217.81,221.13,224.46,227.78,231.11,234.43,237.75,
181.78,182.9,184.02,185.14,186.25,187.37,188.49,189.61,190.73,191.84,192.96,194.08,
183.78,184.39,185.01,185.62,186.23,186.85,187.46,188.08,188.69,189.3,189.92,190.53,
164.15,162.44,160.72,159.0,157.29,155.57,153.86,152.14,150.43,148.71,147.0,145.28,
157.77,156.34,154.9,153.47,152.04,150.6,149.17,147.74,146.3,144.87,143.44,142.0,
133.82,129.84,125.86,121.88,117.9,113.93,109.95,105.97,101.99,98.01,94.03,90.06,
109.05,102.54,96.02,89.51,82.99,76.48,69.96,63.45,56.93,50.42,43.9,37.39,
87.82,79.03,70.25,61.46,52.68,43.89,35.1,26.32,17.53,8.75,0.0,0.0,
63.99,52.82,41.65,30.48,19.31,8.14,0.0,0.0,0.0,0.0,0.0,0.0,
105.71,101.87,98.03,94.19,90.35,86.52,82.68,78.84,75.0,71.16,67.33,63.49,
98.27,93.67,89.07,84.47,79.86,75.26,70.66,66.06,61.45,56.85,52.25,47.64,
117.59,114.72,111.85,108.98,106.1,103.23,100.36,97.48,94.61,91.74,88.86,85.99,
137.2,135.52,133.83,132.14,130.46,128.77,127.08,125.4,123.71,122.03,120.34,118.65,
164.51,164.63,164.76,164.88,165.01,165.13,165.25,165.38,165.5,165.62,165.75,165.87,
195.36,198.43,201.49,204.56,207.63,210.69,213.76,216.83,219.9,222.96,226.03,229.1,
233.88,240.85,247.82,254.79,261.76,268.73,275.7,282.67,289.64,296.61,303.58,310.55,
290.24,302.24,314.25,326.26,338.26,350.27,362.28,374.29,386.29,398.3,410.31,422.31,
295.67,307.39,319.11,330.82,342.54,354.26,365.98,377.7,389.42,401.14,412.86,424.58,
290.5,301.42,312.34,323.26,334.18,345.1,356.01,366.93,377.85,388.77,399.69,410.61,
280.7,290.27,299.84,309.41,318.98,328.55,338.12,347.69,357.26,366.84,376.41,385.98,
283.63,293.73,303.83,313.93,324.03,334.13,344.23,354.34,364.44,374.54,384.64,394.74,
301.56,312.63,323.69,334.76,345.82,356.89,367.95,379.02,390.08,401.15,412.21,423.28,
303.34,313.67,324.0,334.32,344.65,354.98,365.31,375.64,385.97,396.29,406.62,416.95,
298.86,307.9,316.94,325.99,335.03,344.07,353.12,362.16,371.2,380.25,389.29,398.33,
292.82,300.31,307.8,315.29,322.78,330.27,337.76,345.25,352.75,360.24,367.73,375.22,
287.14,293.17,299.2,305.23,311.27,317.3,323.33,329.36,335.39,341.43,347.46,353.49,
275.01,278.84,282.68,286.51,290.34,294.17,298.0,301.84,305.67,309.5,313.33,317.16,
258.13,259.36,260.59,261.82,263.05,264.28,265.51,266.74,267.97,269.2,270.43,271.66,
237.95,236.41,234.87,233.33,231.8,230.26,228.72,227.18,225.65,224.11,222.57,221.03,
235.71,233.66,231.61,229.55,227.5,225.44,223.39,221.34,219.28,217.23,215.18,213.12,
235.99,233.96,231.94,229.91,227.89,225.86,223.84,221.81,219.79,217.76,215.74,213.71,
244.42,243.46,242.49,241.53,240.57,239.61,238.65,237.69,236.72,235.76,234.8,233.84,
287.56,290.15,292.75,295.35,297.94,300.54,303.13,305.73,308.33,310.92,313.52,316.12,
299.8,303.57,307.34,311.11,314.88,318.65,322.42,326.19,329.95,333.72,337.49,341.26,
326.38,333.36,340.34,347.32,354.3,361.29,368.27,375.25,382.23,389.21,396.19,403.17,
344.97,353.29,361.61,369.93,378.25,386.57,394.89,403.21,411.52,419.84,428.16,436.48,
356.98,365.5,374.03,382.55,391.08,399.6,408.13,416.65,425.17,433.7,442.22,450.75,
379.86,389.29,398.71,408.14,417.57,427.0,436.43,445.86,455.29,464.72,474.15,483.58,
392.57,402.01,411.46,420.91,430.35,439.8,449.24,458.69,468.14,477.58,487.03,496.47,
416.51,427.79,439.07,450.36,461.64,472.92,484.2,495.48,506.76,518.05,529.33,540.61,
437.99,450.51,463.03,475.54,488.06,500.58,513.1,525.62,538.14,550.66,563.18,575.7,
469.94,484.29,498.63,512.98,527.32,541.66,556.01,570.35,584.7,599.04,613.39,627.73,
471.16,484.86,498.56,512.26,525.96,539.66,553.36,567.06,580.76,594.46,608.16,621.86,
469.01,481.79,494.57,507.35,520.13,532.91,545.69,558.47,571.25,584.03,596.8,609.58,
458.86,469.97,481.08,492.19,503.3,514.4,525.51,536.62,547.73,558.84,569.95,581.05,
523.03,538.18,553.33,568.48,583.63,598.78,613.93,629.08,644.23,659.38,674.53,689.68,
540.41,555.54,570.68,585.81,600.95,616.09,631.22,646.36,661.5,676.63,691.77,706.9,
508.05,519.4,530.75,542.1,553.45,564.79,576.14,587.49,598.84,610.19,621.54,632.89,
470.92,478.0,485.08,492.16,499.24,506.32,513.4,520.48,527.56,534.64,541.72,548.8,
439.04,442.34,445.64,448.95,452.25,455.55,458.85,462.16,465.46,468.76,472.06,475.37,
423.75,426.12,428.5,430.88,433.25,435.63,438.01,440.38,442.76,445.14,447.51,449.89,
392.92,391.96,391.01,390.06,389.11,388.16,387.21,386.26,385.31,384.36,383.41,382.46,
365.97,362.06,358.16,354.26,350.35,346.45,342.54,338.64,334.74,330.83,326.93,323.02,
341.06,334.71,328.37,322.02,315.68,309.34,302.99,296.65,290.3,283.96,277.61,271.27,
317.39,308.85,300.32,291.79,283.26,274.72,266.19,257.66,249.13,240.59,232.06,223.53,
341.75,335.49,329.23,322.97,316.71,310.45,304.19,297.93,291.67,285.41,279.15,272.89,
324.41,316.86,309.31,301.76,294.21,286.67,279.12,271.57,264.02,256.47,248.93,241.38,
311.61,303.22,294.82,286.43,278.04,269.65,261.25,252.86,244.47,236.08,227.69,219.29,
312.8,304.9,297.01,289.12,281.23,273.33,265.44,257.55,249.66,241.76,233.87,225.98,
337.54,332.71,327.88,323.05,318.22,313.38,308.55,303.72,298.89,294.06,289.22,284.39,
344.0,339.7,335.4,331.11,326.81,322.51,318.21,313.91,309.61,305.32,301.02,296.72,
346.39,342.22,338.06,333.89,329.73,325.57,321.4,317.24,313.07,308.91,304.74,300.58,
351.06,346.99,342.93,338.87,334.8,330.74,326.67,322.61,318.55,314.48,310.42,306.36,
452.17,459.04,465.9,472.77,479.63,486.5,493.36,500.23,507.1,513.96,520.83,527.69,
477.51,487.84,498.18,508.51,518.85,529.18,539.52,549.85,560.18,570.52,580.85,591.19,
466.19,475.16,484.14,493.11,502.08,511.06,520.03,529.0,537.97,546.95,555.92,564.89,
448.2,455.16,462.13,469.1,476.07,483.04,490.0,496.97,503.94,510.91,517.88,524.84,
428.48,433.51,438.53,443.55,448.57,453.59,458.61,463.64,468.66,473.68,478.7,483.72,
407.16,409.95,412.73,415.51,418.3,421.08,423.86,426.65,429.43,432.21,435.0,437.78,
388.05,388.75,389.45,390.15,390.85,391.55,392.25,392.95,393.65,394.35,395.05,395.75,
375.63,374.91,374.18,373.45,372.72,371.99,371.26,370.53,369.81,369.08,368.35,367.62,
354.58,351.61,348.65,345.69,342.72,339.76,336.8,333.84,330.87,327.91,324.95,321.98,
379.56,377.94,376.32,374.7,373.09,371.47,369.85,368.23,366.61,364.99,363.37,361.75,
417.25,419.46,421.66,423.86,426.06,428.27,430.47,432.67,434.87,437.08,439.28,441.48,
387.83,386.98,386.13,385.29,384.44,383.59,382.74,381.89,381.04,380.2,379.35,378.5,
362.76,359.3,355.84,352.38,348.93,345.47,342.01,338.55,335.09,331.63,328.18,324.72,
379.41,377.03,374.66,372.29,369.92,367.54,365.17,362.8,360.42,358.05,355.68,353.31,
363.84,360.49,357.14,353.79,350.44,347.09,343.74,340.39,337.04,333.69,330.34,326.99,
344.14,339.38,334.62,329.86,325.09,320.33,315.57,310.81,306.04,301.28,296.52,291.75,
327.31,321.31,315.31,309.31,303.31,297.3,291.3,285.3,279.3,273.3,267.29,261.29,
317.09,310.65,304.21,297.77,291.33,284.89,278.45,272.01,265.57,259.13,252.68,246.24,
340.71,338.73,336.75,334.77,332.79,330.81,328.84,326.86,324.88,322.9,320.92,318.94,
342.93,341.58,340.23,338.88,337.53,336.18,334.82,333.47,332.12,330.77,329.42,328.06,
348.83,347.96,347.1,346.23,345.37,344.5,343.64,342.77,341.9,341.04,340.17,339.31,
343.31,341.82,340.33,338.84,337.35,335.87,334.38,332.89,331.4,329.91,328.43,326.94,
339.39,337.22,335.06,332.89,330.73,328.57,326.4,324.24,322.07,319.91,317.74,315.58,
329.51,326.2,322.88,319.57,316.25,312.94,309.62,306.31,302.99,299.68,296.36,293.05,
326.03,322.16,318.3,314.43,310.56,306.69,302.83,298.96,295.09,291.22,287.35,283.49,
337.82,334.8,331.79,328.77,325.75,322.73,319.71,316.69,313.67,310.66,307.64,304.62,
324.6,320.14,315.69,311.23,306.77,302.32,297.86,293.4,288.94,284.49,280.03,275.57,
343.69,342.3,340.91,339.53,338.14,336.75,335.36,333.97,332.58,331.19,329.8,328.41,
348.31,348.71,349.12,349.53,349.93,350.34,350.75,351.15,351.56,351.97,352.37,352.78,
332.82,331.68,330.54,329.41,328.27,327.14,326.0,324.86,323.73,322.59,321.45,320.32,
310.88,307.82,304.76,301.7,298.64,295.58,292.52,289.46,286.4,283.34,280.28,277.22,
310.07,308.3,306.52,304.74,302.97,301.19,299.42,297.64,295.86,294.09,292.31,290.54,
286.65,282.93,279.2,275.47,271.75,268.02,264.29,260.57,256.84,253.11,249.39,245.66,
261.72,255.8,249.88,243.96,238.05,232.13,226.21,220.29,214.37,208.45,202.53,196.62,
290.43,286.69,282.94,279.2,275.46,271.71,267.97,264.22,260.48,256.73,252.99,249.25,
273.44,268.25,263.06,257.87,252.69,247.5,242.31,237.12,231.94,226.75,221.56,216.37,
254.03,247.29,240.54,233.8,227.05,220.31,213.56,206.82,200.07,193.33,186.58,179.84,
243.89,236.56,229.22,221.89,214.56,207.22,199.89,192.56,185.22,177.89,170.56,163.22,
241.47,234.57,227.67,220.78,213.88,206.98,200.08,193.19,186.29,179.39,172.49,165.59,
233.42,226.23,219.04,211.85,204.66,197.47,190.28,183.09,175.9,168.71,161.52,154.33,
231.71,224.96,218.2,211.45,204.69,197.94,191.18,184.42,177.67,170.91,164.16,157.4,
231.82,225.47,219.12,212.78,206.43,200.08,193.74,187.39,181.04,174.7,168.35,162.0,
269.28,266.55,263.82,261.09,258.36,255.63,252.9,250.17,247.44,244.71,241.97,239.24,
336.12,339.83,343.55,347.26,350.97,354.69,358.4,362.12,365.83,369.54,373.26,376.97,
342.01,346.48,350.94,355.41,359.88,364.35,368.82,373.29,377.75,382.22,386.69,391.16,
353.67,359.56,365.46,371.35,377.25,383.14,389.04,394.93,400.82,406.72,412.61,418.51,
353.46,359.24,365.02,370.79,376.57,382.35,388.13,393.91,399.69,405.47,411.25,417.03,
361.54,367.92,374.3,380.69,387.07,393.46,399.84,406.22,412.61,418.99,425.37,431.76,
363.16,369.26,375.37,381.47,387.57,393.68,399.78,405.89,411.99,418.09,424.2,430.3,
376.48,383.14,389.79,396.44,403.1,409.75,416.4,423.06,429.71,436.36,443.02,449.67,
411.05,419.64,428.23,436.82,445.41,454.0,462.59,471.18,479.77,488.36,496.96,505.55,
401.84,408.72,415.6,422.49,429.37,436.25,443.14,450.02,456.9,463.79,470.67,477.55,
413.86,422.78,431.69,440.61,449.52,458.44,467.36,476.27,485.19,494.1,503.02,511.93,
405.59,413.18,420.76,428.34,435.93,443.51,451.09,458.68,466.26,473.84,481.43,489.01,
381.29,386.06,390.83,395.6,400.37,405.13,409.9,414.67,419.44,424.2,428.97,433.74,
358.78,361.06,363.34,365.61,367.89,370.16,372.44,374.71,376.99,379.26,381.54,383.82,
331.27,330.69,330.1,329.52,328.93,328.35,327.76,327.18,326.59,326.01,325.42,324.84,
301.39,297.63,293.86,290.1,286.34,282.58,278.82,275.06,271.3,267.54,263.78,260.02,
275.02,268.44,261.87,255.29,248.71,242.14,235.56,228.98,222.4,215.83,209.25,202.67,
249.33,240.1,230.88,221.66,212.44,203.21,193.99,184.77,175.54,166.32,157.1,147.87,
258.07,250.29,242.52,234.75,226.98,219.21,211.44,203.67,195.9,188.13,180.36,172.59,
272.72,267.87,263.02,258.17,253.33,248.48,243.63,238.78,233.93,229.08,224.24,219.39,
294.82,291.63,288.44,285.24,282.05,278.85,275.66,272.47,269.27,266.08,262.88,259.69,
280.11,275.71,271.3,266.9,262.5,258.09,253.69,249.29,244.88,240.48,236.08,231.67,
265.87,260.17,254.46,248.76,243.05,237.35,231.65,225.94,220.24,214.53,208.83,203.13,
256.52,250.23,243.95,237.66,231.38,225.09,218.81,212.52,206.24,199.95,193.67,187.38,
248.35,241.58,234.82,228.05,221.29,214.52,207.76,200.99,194.23,187.46,180.7,173.93,
247.91,241.89,235.88,229.86,223.85,217.83,211.82,205.8,199.78,193.77,187.75,181.74,
265.86,263.25,260.64,258.03,255.42,252.81,250.2,247.59,244.98,242.36,239.75,237.14,
