405.07,323.75,221.47,166.27,177.13,204.66,236.28,339.83,400.46,446.52,439.17,394.51
267.53,185.92,149.34,173.78,209.81,243.57,341.56,395.55,429.35,423.17,382.42,323.74
236.85,181.13,190.5,215.23,240.59,337.01,395.39,433.67,437.97,397.5,335.21,307.69
276.89,247.81,243.3,245.0,327.42,381.58,429.43,446.36,426.07,360.28,326.32,249.68
280.48,263.14,254.38,330.19,380.05,426.85,446.68,429.86,370.89,335.71,256.42,161.53
287.37,265.58,335.82,379.96,424.09,443.04,428.82,373.84,343.29,262.13,165.16,136.79
348.87,390.19,405.04,430.42,437.54,420.95,373.41,351.55,288.65,190.68,156.03,124.8
420.2,427.98,440.43,442.39,421.57,374.04,354.2,292.59,201.5,167.6,133.62,160.93
378.7,407.26,426.55,417.72,378.2,360.31,294.04,197.92,153.05,119.21,149.6,204.25
419.23,429.13,417.35,370.57,352.35,283.75,190.63,152.99,122.02,148.08,202.89,260.9
391.69,389.63,354.76,340.89,279.95,186.22,147.03,117.85,136.13,186.71,248.53,321.18
246.53,262.8,295.26,265.48,194.26,159.2,117.57,122.77,142.53,204.21,287.67,378.87
209.99,261.78,248.63,186.86,159.82,118.98,120.15,136.47,186.82,269.47,365.39,418.17
210.44,209.53,165.85,143.28,111.85,111.35,125.88,179.75,251.81,341.77,400.31,342.92
203.73,161.97,142.06,111.7,111.46,125.88,179.27,250.6,339.4,398.42,341.78,349.97
186.19,155.66,119.36,113.38,123.64,176.12,249.96,341.3,405.16,348.26,354.76,359.68
128.33,104.42,107.05,125.91,181.84,257.92,345.74,403.6,340.6,349.79,355.92,320.97
104.68,118.01,133.07,195.46,268.83,359.57,414.12,341.6,351.13,364.93,328.69,321.73
111.23,134.72,198.43,278.02,367.75,424.55,349.16,351.31,363.29,332.31,324.91,363.0
110.47,186.44,273.05,370.97,430.77,357.58,356.32,362.05,325.31,320.5,359.64,347.27
165.13,265.34,368.73,437.58,365.97,367.2,368.85,324.17,314.7,358.51,346.78,317.31
246.49,360.03,431.66,363.98,368.71,370.73,324.21,312.77,352.86,340.61,313.18,333.32
298.86,399.11,345.8,365.57,377.54,333.78,316.32,348.07,322.88,296.36,321.08,292.36
369.57,327.0,358.71,379.44,338.96,323.38,351.41,320.76,287.41,314.77,287.43,195.99
270.93,321.63,360.82,331.56,325.47,354.52,319.11,281.66,296.57,267.92,181.55,164.3
372.96,391.58,346.53,325.55,346.54,307.82,276.04,299.56,282.26,193.61,173.81,147.98
417.48,363.14,334.73,352.03,308.94,277.13,302.47,285.69,202.17,183.25,154.86,171.82
308.53,297.41,334.21,303.8,281.09,308.19,286.42,197.63,166.28,137.39,158.26,149.15
263.71,318.06,294.98,280.96,312.9,292.96,200.26,163.03,127.35,150.49,143.93,101.21
339.88,316.78,292.47,323.42,298.27,207.09,169.79,130.38,158.84,157.52,111.99,107.71
350.71,325.51,342.42,318.53,218.75,184.41,144.06,164.13,170.48,134.39,125.15,106.83
312.31,332.22,312.76,214.41,182.93,142.43,161.96,169.11,130.26,119.37,102.39,86.28
378.12,341.62,227.09,183.05,136.0,153.24,165.47,133.82,133.63,114.83,95.85,89.86
353.08,238.2,190.01,144.72,158.88,172.84,140.51,136.26,120.02,105.36,97.02,143.64
219.04,181.3,141.25,162.47,178.44,148.04,140.72,118.79,100.15,95.25,142.49,147.83
186.66,141.7,163.79,177.12,145.46,137.57,116.65,99.98,96.0,142.89,147.97,222.55
140.94,165.94,178.77,148.72,140.06,119.83,102.26,96.16,143.28,150.4,224.52,269.38
191.84,202.35,159.56,147.54,122.27,104.98,100.1,145.88,159.42,236.53,279.06,324.38
175.88,138.17,136.8,115.74,103.58,98.89,143.42,157.14,228.11,268.17,315.56,342.65
122.26,130.37,112.51,105.81,103.08,149.32,160.73,227.26,264.08,313.88,341.51,319.8
154.2,136.69,119.16,115.79,155.81,168.6,234.7,266.85,322.46,356.3,331.72,305.32
92.74,87.72,99.87,147.61,168.03,234.36,263.6,317.85,342.01,315.05,292.64,310.16
52.56,75.38,136.34,164.03,235.81,265.85,317.23,338.57,303.32,280.26,300.66,337.23
75.21,132.05,161.61,230.36,261.24,311.08,333.68,302.26,278.72,295.82,333.44,308.99
117.4,151.76,225.56,259.42,311.78,334.58,301.92,277.34,290.98,327.91,304.82,328.15
164.09,240.11,267.21,320.99,340.62,309.32,283.93,293.03,332.59,313.43,335.04,324.65
258.31,277.42,325.95,341.0,307.3,281.15,292.21,334.47,318.87,339.3,327.63,300.25
261.69,317.08,335.77,305.92,282.92,294.54,335.16,317.82,334.78,322.55,296.51,250.63
385.94,379.61,327.04,287.76,288.84,326.77,315.9,340.61,343.37,316.25,265.78,226.91
369.77,319.75,284.13,288.34,328.47,318.21,341.92,343.47,313.81,262.81,224.37,189.18
291.52,263.72,278.7,325.09,319.69,344.24,343.34,311.45,253.8,214.83,181.72,141.92
275.1,286.7,329.67,322.16,344.59,343.46,312.07,254.71,217.99,185.59,145.02,135.83
318.3,348.11,329.46,341.8,337.09,303.29,250.01,220.28,194.86,150.7,140.13,128.66
338.59,323.6,339.44,338.33,305.84,253.37,222.32,194.79,148.44,138.54,127.18,98.67
270.9,301.45,318.2,294.75,252.22,221.64,190.65,143.29,122.0,107.35,83.38,55.49
327.41,335.5,301.44,250.82,216.93,184.54,140.31,123.76,115.36,89.96,60.78,79.47
337.82,309.22,255.57,225.38,191.12,148.96,130.72,116.98,92.55,68.15,85.3,101.26
351.73,284.57,240.98,199.36,149.39,130.82,119.95,96.87,81.8,101.6,113.62,154.61
317.52,256.37,207.12,147.15,124.18,111.02,92.17,84.2,110.93,120.08,159.07,204.72
250.15,201.24,143.32,119.95,108.42,89.01,81.3,109.92,118.2,155.65,202.05,238.05
222.92,162.32,130.23,117.37,93.13,86.45,115.5,120.9,163.23,213.7,247.12,330.85
158.89,125.12,114.97,90.26,84.51,113.24,118.99,162.76,212.26,244.34,328.38,340.45
151.18,135.93,100.47,90.65,114.56,120.48,165.69,214.97,253.09,339.39,349.04,331.11
106.41,85.27,83.94,117.22,126.65,173.94,219.32,251.01,331.22,343.95,327.43,313.15
81.73,81.56,115.73,125.55,173.63,219.1,250.67,330.88,342.75,325.89,311.97,324.45
70.24,110.05,122.25,172.75,220.14,252.11,331.25,341.79,322.36,308.21,321.71,305.47
90.34,105.24,164.96,214.68,250.08,328.69,338.3,319.94,301.1,312.38,298.16,281.47
97.96,159.18,211.62,247.81,328.02,337.3,318.62,300.15,309.51,293.93,278.28,310.95
231.9,253.12,267.97,328.85,327.63,305.12,294.57,315.29,315.14,295.88,323.96,321.74
255.68,267.96,328.59,327.29,305.31,294.83,315.93,316.24,296.94,323.74,321.19,362.86
335.8,372.48,348.72,312.03,291.2,310.29,316.46,303.34,344.59,341.65,378.31,376.83
487.42,421.33,347.12,300.26,302.01,304.29,301.81,355.37,377.3,412.34,402.37,356.66
457.43,366.67,309.24,302.92,301.14,297.32,354.52,381.62,424.0,411.66,363.08,311.02
303.56,269.31,283.26,297.22,303.54,363.29,384.1,418.87,392.63,344.95,297.21,243.04
277.8,282.61,295.32,294.59,355.09,373.55,411.16,392.37,346.08,292.89,239.51,212.93
254.7,277.73,284.43,349.61,373.36,410.99,390.24,343.34,284.33,228.89,204.99,135.87
277.1,279.1,347.57,369.71,408.11,386.33,340.16,284.04,227.85,201.47,132.79,109.46
238.51,313.22,350.28,391.45,378.96,331.18,274.35,223.02,187.67,111.54,92.82,70.69
310.94,345.82,388.04,372.95,326.64,268.75,218.45,187.02,110.71,89.16,67.76,83.61
304.07,366.08,360.81,324.97,273.64,225.25,189.44,107.24,77.37,57.35,76.21,132.8
356.96,352.66,321.02,269.93,223.1,186.99,104.75,76.04,54.06,71.85,129.45,223.58
364.79,327.29,273.62,223.63,185.32,102.66,75.31,55.03,75.51,133.18,226.22,271.65
306.92,263.59,219.91,188.67,107.82,82.23,58.91,73.94,127.59,224.21,270.4,342.08
338.93,271.12,214.46,117.87,79.31,54.11,75.32,134.04,247.34,295.58,361.5,448.46
282.36,221.94,121.29,80.78,54.07,75.3,135.17,249.05,299.48,365.13,450.92,468.71
315.07,181.19,111.75,65.66,71.23,128.63,250.15,307.99,393.9,481.3,491.55,390.52
134.74,82.5,50.83,68.14,133.4,256.84,310.13,390.32,467.45,477.97,380.21,338.96
123.61,76.15,80.73,135.76,252.71,304.46,388.55,470.75,490.26,392.19,348.01,273.19
44.32,69.27,130.99,261.56,316.91,405.18,481.81,489.63,384.3,345.97,271.93,266.07
74.83,129.45,261.73,313.44,401.32,476.55,485.57,384.2,346.46,269.84,264.1,226.1
122.22,261.19,311.52,401.66,478.52,487.94,385.63,346.06,267.96,262.01,224.9,240.51
220.93,278.23,384.95,466.76,484.0,381.01,339.59,263.84,248.82,206.98,226.26,236.32
293.41,395.67,470.7,484.37,379.8,337.84,263.64,250.23,211.62,230.0,239.29,302.86
408.29,471.83,483.44,370.6,328.78,251.8,241.83,211.82,232.64,235.77,299.82,361.71
447.75,471.47,363.04,327.19,254.19,245.1,212.82,230.56,229.19,293.5,357.29,348.04
428.8,333.1,314.01,251.19,248.47,217.79,231.55,225.68,280.15,344.53,338.09,392.16
342.98,319.48,253.13,246.44,214.63,227.12,222.7,279.91,346.59,338.85,393.03,338.85
295.5,236.89,238.87,211.68,227.94,224.09,279.47,344.36,330.89,384.44,332.32,354.46
214.97,227.65,207.53,230.97,229.23,285.85,347.52,328.95,377.84,328.19,351.51,235.79
242.36,213.5,232.78,224.64,280.19,339.94,324.09,378.35,331.67,351.47,235.73,196.52
224.23,236.16,225.14,275.77,335.35,318.0,374.3,332.36,354.39,235.25,195.91,85.02
223.73,222.59,275.62,342.68,326.03,385.23,340.24,354.91,232.95,198.42,87.06,82.0
261.45,307.56,360.35,340.28,391.48,347.86,363.27,238.02,211.96,106.36,96.87,97.58
334.44,379.99,348.44,393.41,345.94,360.5,237.71,214.39,115.23,105.6,104.52,124.97
375.19,346.83,394.19,350.64,365.08,243.75,218.74,115.96,105.1,106.66,126.42,226.7
379.62,413.0,358.87,364.34,238.75,212.05,113.17,107.68,116.32,134.04,232.3,296.15
423.96,364.57,367.6,239.09,210.6,111.32,106.93,117.52,137.74,235.81,298.55,352.59
294.09,328.67,217.75,206.45,118.35,116.73,120.33,131.41,215.22,279.55,338.86,346.29
390.89,253.95,225.78,122.14,110.08,111.18,128.54,220.15,297.68,356.45,359.38,408.79
219.38,204.06,110.1,105.58,113.1,131.44,220.22,294.94,346.27,348.0,400.07,317.3
230.89,124.32,113.86,113.96,127.46,214.73,292.29,347.83,355.31,407.05,322.52,277.33
109.38,106.29,110.9,129.93,219.1,297.85,351.08,354.48,402.83,319.97,275.51,256.55
86.36,95.02,120.53,210.6,293.87,346.37,349.55,400.33,313.04,265.01,248.48,240.49
81.34,116.64,210.95,301.98,354.79,360.49,407.81,312.96,261.56,249.84,241.63,220.71
100.56,195.88,293.83,346.89,356.45,402.83,307.91,259.35,243.77,231.91,213.13,256.14
181.98,295.47,347.78,365.38,412.19,320.01,267.73,243.63,229.41,216.16,259.14,287.64
308.29,353.46,367.68,410.19,316.7,263.48,241.35,230.54,219.92,261.05,288.84,324.31
346.01,366.09,409.59,319.94,267.54,246.61,234.15,219.98,259.48,289.05,324.63,385.9
387.04,421.58,324.4,264.8,241.6,227.36,216.17,260.69,294.8,327.59,388.24,381.9
438.97,333.92,270.5,243.54,226.09,214.19,260.25,296.37,332.97,393.81,385.94,350.38
312.09,255.77,236.55,224.85,216.71,263.57,297.47,331.22,386.86,379.02,345.14,353.18
217.64,207.79,210.11,207.01,260.83,294.33,326.08,382.22,365.75,328.53,340.51,291.73
253.52,240.31,222.17,266.03,292.17,322.69,382.69,370.03,342.46,354.64,302.48,249.03
240.15,224.12,267.73,296.18,326.27,387.03,373.34,343.22,355.2,304.53,250.55,184.84
197.57,252.09,288.07,325.02,390.26,377.78,344.8,353.23,296.76,243.23,179.35,102.05
262.47,293.77,326.43,387.32,374.23,340.35,350.54,297.53,246.38,180.47,102.86,85.26
323.32,348.09,399.0,382.12,342.91,353.6,301.94,250.29,190.67,115.65,94.93,110.98
326.66,389.3,376.39,343.21,357.25,306.83,252.57,189.12,109.98,90.48,107.98,124.56
341.08,343.91,327.26,351.24,308.5,255.44,188.07,105.44,75.54,92.57,112.83,186.96
309.26,302.47,339.29,302.96,255.54,188.87,103.7,72.07,81.51,101.01,177.83,261.65
313.88,353.66,309.96,262.33,192.6,108.25,76.26,82.63,105.18,185.54,268.19,331.13
376.09,321.56,268.19,191.26,103.36,69.55,78.93,106.35,191.74,272.57,334.33,365.73
269.35,235.1,175.01,99.82,74.23,85.7,108.24,187.56,257.05,319.38,354.25,355.63
312.22,225.21,124.29,80.49,79.43,99.13,185.51,263.07,342.71,377.78,373.77,295.28
164.62,86.19,61.75,75.58,104.98,194.01,265.8,338.01,359.7,356.53,282.2,276.92
122.36,88.74,91.18,115.85,197.25,269.61,343.3,363.49,367.92,298.04,289.09,250.79
68.04,85.96,114.88,206.49,280.02,356.79,372.52,367.31,292.95,289.89,251.85,216.1
81.15,105.02,201.25,271.57,350.5,364.34,360.41,291.43,286.97,244.43,210.14,202.91
89.08,199.37,270.78,358.04,373.2,371.96,299.5,286.75,240.74,210.96,204.02,253.31
166.07,247.64,346.76,368.28,372.65,300.91,285.52,237.9,200.66,192.54,244.3,249.04
268.19,364.63,375.72,376.48,301.57,286.09,239.79,202.71,199.46,252.1,255.41,269.92
344.22,362.9,370.58,300.64,288.14,242.53,203.29,197.81,246.17,249.92,265.83,291.63
365.53,373.81,300.78,287.33,241.84,202.42,197.5,246.28,250.85,266.21,292.17,309.13
417.2,322.69,300.01,243.64,197.42,190.64,243.95,254.8,278.65,303.15,316.85,342.92
393.81,345.1,265.54,203.06,185.42,235.92,253.2,284.68,324.77,337.57,358.74,304.27
356.98,271.26,205.5,184.55,233.95,250.42,283.5,326.0,340.96,360.4,305.34,326.87
249.9,188.99,177.26,231.84,251.79,285.5,326.04,339.31,353.79,298.47,321.19,217.89
189.96,179.43,232.01,251.94,286.15,327.09,340.26,354.2,298.85,321.52,218.27,202.17
186.43,238.87,255.08,288.04,327.69,340.75,354.78,299.45,323.95,221.22,204.63,110.03
291.27,290.16,305.2,334.37,339.14,352.3,301.35,329.6,238.19,222.32,123.32,116.31
311.98,319.43,341.73,343.21,353.14,302.12,331.67,241.32,230.1,131.58,122.21,90.95
290.79,318.49,329.44,341.69,297.32,326.0,235.0,226.76,122.27,108.35,80.29,95.06
329.03,335.97,344.65,297.11,324.45,233.06,225.94,123.33,111.71,83.14,97.2,207.78
347.57,352.26,300.81,325.56,232.12,224.59,123.1,112.69,86.87,101.12,210.74,263.09
297.03,261.69,306.97,224.72,226.09,125.79,110.97,81.7,83.74,192.28,248.77,335.87
276.17,314.3,226.53,221.18,119.55,102.65,76.14,83.5,195.67,249.21,336.43,385.15
296.22,216.3,216.61,119.82,105.12,79.77,85.29,194.47,244.22,332.71,382.26,450.5
259.38,248.59,135.14,112.65,80.14,85.16,197.36,248.52,346.59,397.85,462.53,403.05
280.08,152.22,122.19,81.8,81.5,192.15,246.53,349.0,406.93,470.94,409.2,356.87
68.72,67.69,54.16,72.13,196.86,253.59,348.78,399.55,445.33,382.43,336.53,272.84
65.15,54.32,72.66,198.05,254.27,349.76,400.03,444.48,381.08,336.63,273.29,243.92
42.56,65.22,196.34,257.15,353.8,405.27,447.67,380.73,332.91,271.14,242.17,256.21
56.17,190.42,252.77,349.58,403.5,445.36,378.39,331.61,267.62,236.19,251.8,260.77
188.58,257.29,354.45,414.07,453.86,389.12,339.64,268.78,236.84,257.96,265.53,258.13
289.96,371.25,419.68,448.24,380.81,328.56,262.5,239.23,267.45,269.79,261.14,291.63
331.86,400.38,438.37,382.82,336.29,272.94,244.72,264.98,258.97,253.07,285.86,322.29
386.33,428.12,376.68,331.41,271.0,242.47,262.26,257.21,248.39,279.31,317.39,297.24
430.31,378.11,332.56,271.98,242.89,262.77,257.79,248.75,279.95,318.32,298.01,327.31
376.99,330.46,271.5,242.44,262.39,256.96,247.77,279.42,317.55,297.07,326.67,260.25
335.45,272.67,242.79,260.37,254.72,244.83,277.62,317.67,297.83,325.93,259.65,284.99
258.78,232.37,256.7,254.76,246.69,280.01,318.49,296.86,321.38,255.33,281.4,239.11
307.27,304.14,276.87,250.15,272.53,307.75,293.54,327.56,277.87,301.72,254.61,174.52
326.39,291.02,256.66,274.33,306.61,291.58,327.49,280.33,309.15,261.28,179.47,105.39
291.04,253.6,272.57,304.66,290.53,326.56,279.88,309.75,261.62,178.77,104.39,76.05
298.03,306.86,322.39,302.66,330.7,285.12,316.91,267.37,194.17,124.33,91.24,92.91
333.79,345.06,313.13,337.14,286.79,318.73,270.48,197.14,134.0,103.37,102.56,103.4
377.27,334.04,348.42,292.5,319.01,270.6,199.59,137.86,113.88,114.26,112.02,233.91
301.83,326.83,281.39,314.74,271.77,201.47,137.09,111.04,104.66,101.74,225.87,233.48
319.85,269.92,308.1,261.65,193.88,127.62,103.14,102.72,98.31,217.84,227.04,307.32
245.71,291.63,251.97,187.33,125.85,101.1,99.44,95.42,210.06,216.97,299.8,364.85
269.27,241.42,181.6,125.69,103.69,103.15,96.86,207.93,210.66,295.08,361.62,393.87
164.94,131.75,101.35,96.37,107.91,104.08,208.47,203.89,271.5,337.92,375.74,365.31
111.47,85.83,89.26,103.16,102.22,206.26,200.51,268.32,330.46,367.56,359.29,326.61
133.2,125.21,121.48,112.1,207.38,201.15,271.97,334.87,382.38,377.02,340.62,363.79
141.86,127.77,115.93,206.15,197.59,267.08,332.34,383.75,381.41,342.87,365.01,338.58
96.69,97.27,198.74,200.2,273.67,341.04,388.31,379.42,333.64,358.32,333.4,325.72
78.48,185.13,190.97,265.02,337.18,383.45,374.28,330.79,351.39,322.5,317.74,313.89
169.82,186.31,264.14,343.45,390.51,383.71,337.11,351.03,318.76,318.29,314.53,322.03
142.01,246.25,336.29,400.92,399.0,357.37,363.83,316.96,306.56,310.2,319.19,333.39
228.96,325.91,395.85,396.9,357.66,364.13,315.72,304.22,304.16,312.88,328.92,298.4
259.26,354.33,374.61,348.86,366.83,319.81,302.83,297.94,292.43,306.61,281.82,273.64
316.58,352.18,337.22,363.32,322.2,306.16,297.92,288.68,294.79,269.89,264.94,244.13
372.57,345.3,368.5,321.21,302.24,292.5,285.81,296.21,274.89,267.97,246.14,208.31
407.13,401.16,335.92,298.06,280.66,269.65,287.8,279.32,285.5,257.74,216.84,160.99
398.05,339.89,301.89,290.69,278.2,298.59,287.4,286.51,258.32,222.92,165.92,136.24
329.3,294.0,286.64,276.81,299.48,288.85,287.03,257.75,219.71,162.4,133.43,143.58
309.27,301.01,283.83,305.26,291.72,290.73,261.7,221.74,167.77,141.29,149.82,128.79
285.61,279.32,304.44,298.3,298.23,271.62,228.29,167.49,137.8,150.81,129.76,88.68
314.63,333.11,313.02,308.5,274.99,232.17,172.83,141.74,162.87,145.83,101.22,90.14
337.0,316.81,310.06,276.34,232.83,173.69,142.67,163.67,147.98,104.08,92.28,74.4
357.66,332.6,285.5,229.61,165.87,132.42,158.7,151.38,116.49,100.93,80.7,102.1
347.63,297.39,236.11,171.0,134.5,161.33,154.5,118.61,106.54,88.48,107.99,140.66
293.82,233.58,169.95,134.43,161.65,155.12,118.82,106.34,87.8,107.93,140.54,162.99
174.11,133.6,117.1,158.9,160.92,127.18,108.71,82.49,90.04,124.93,151.32,212.61
100.62,96.4,149.69,159.18,129.67,112.41,82.95,86.47,114.33,142.3,205.97,299.06
123.68,168.65,167.89,131.25,109.65,79.16,85.56,116.4,150.3,213.42,304.86,396.02
174.87,174.88,135.52,114.47,81.8,88.7,119.22,151.26,216.13,309.74,399.73,368.69
155.8,124.23,108.32,80.33,90.37,121.58,151.88,214.43,304.19,394.37,364.7,361.69
104.19,95.06,73.35,87.05,121.74,152.48,213.56,302.13,387.95,357.76,356.48,342.88
96.86,78.25,90.27,126.6,155.93,218.12,305.79,388.48,358.69,360.28,346.06,321.57
50.92,75.6,121.16,159.43,224.66,314.33,393.15,356.77,351.89,340.52,317.58,332.69
78.19,120.1,159.47,222.56,311.78,389.41,353.8,351.14,340.01,315.53,331.17,305.97
124.07,160.14,222.48,309.95,387.84,351.66,349.91,340.51,316.24,329.91,304.8,330.14
142.9,212.77,305.73,389.21,355.52,354.95,343.23,315.27,324.78,300.7,326.94,303.2
246.1,330.43,401.14,361.42,355.52,343.46,317.7,328.31,311.21,338.37,312.08,307.72
330.73,402.57,360.17,353.1,342.08,315.67,326.68,311.25,338.83,310.5,306.69,227.65
433.13,377.49,361.79,343.84,313.03,322.91,310.45,341.86,319.95,315.28,233.97,185.07
340.85,336.1,330.68,307.78,324.62,313.18,341.58,317.12,303.99,221.16,175.16,155.21
436.56,391.51,337.64,329.41,302.74,326.91,312.47,312.33,251.05,202.66,175.95,143.21
379.27,332.07,327.53,306.78,332.54,319.68,317.16,251.43,200.1,175.33,142.58,140.27
345.45,332.68,308.72,329.38,315.36,311.17,247.48,200.63,178.73,143.44,140.77,108.37
265.83,262.51,305.35,303.79,311.53,248.92,197.28,172.4,122.49,116.81,89.95,94.82
239.91,288.1,293.72,303.09,245.36,193.26,167.64,119.76,109.47,79.66,86.94,63.24
312.85,319.11,316.16,257.6,199.54,175.49,127.55,112.67,89.02,102.17,75.46,98.26
320.75,314.67,256.39,196.48,172.93,124.39,110.41,89.31,102.97,74.54,97.28,104.11
386.09,302.98,219.34,180.11,119.99,104.06,89.36,109.5,97.06,120.62,121.8,143.27
263.25,193.82,168.74,119.46,109.35,96.81,112.59,94.39,109.25,112.31,135.86,201.37
223.45,186.67,127.43,108.2,91.21,105.09,90.47,110.65,120.63,142.9,206.92,265.98
230.67,155.87,124.07,98.99,104.82,89.68,113.13,125.15,156.59,222.57,277.63,369.08
179.74,135.89,104.55,103.44,85.1,106.88,121.9,158.23,229.54,282.66,372.56,365.96
157.05,122.64,112.97,93.47,110.98,127.1,163.95,232.49,290.11,383.44,374.3,436.77
119.33,111.83,92.28,110.62,127.46,164.56,232.74,290.03,382.97,373.89,436.35,386.96
108.75,99.16,114.01,136.24,172.61,243.32,298.23,384.13,374.52,441.82,391.58,394.95
71.27,94.09,127.05,168.65,243.76,298.81,382.38,371.55,432.56,381.22,386.99,304.1
92.34,119.65,163.82,234.7,291.67,373.11,364.24,431.18,379.06,379.71,298.4,286.51
108.24,151.15,228.6,285.54,369.81,359.9,426.93,377.62,375.15,290.35,280.01,280.07
180.01,242.78,291.56,366.63,353.55,418.24,372.9,377.12,298.13,284.06,282.96,300.14
289.15,318.66,379.86,355.48,413.92,366.67,375.55,302.77,297.98,294.43,308.42,366.73
414.4,439.04,383.92,420.16,358.82,364.07,300.41,306.77,323.79,335.51,386.93,336.24
474.19,405.18,430.91,363.1,363.37,299.06,308.18,328.1,347.11,398.31,344.43,351.52
367.12,405.6,348.19,355.62,299.19,308.78,326.01,343.64,386.73,330.17,340.72,303.78
394.61,338.97,350.6,294.78,306.75,323.79,341.22,385.53,326.39,335.25,299.52,295.87
288.09,320.48,278.97,302.92,328.5,347.72,387.05,322.2,320.02,284.24,284.5,215.37
301.14,261.59,294.6,321.15,343.83,382.06,316.8,317.05,276.84,274.18,207.42,155.46
261.35,289.08,318.02,337.72,377.35,310.55,312.1,276.35,273.18,202.52,151.35,111.46
265.28,297.59,325.41,365.19,304.1,304.01,268.41,269.82,194.27,137.67,100.92,79.24
288.62,318.9,361.98,302.56,304.19,268.76,269.45,193.62,134.96,97.63,76.69,107.37
341.49,372.43,305.53,297.8,260.59,258.84,187.0,136.06,103.94,78.54,108.68,129.59
304.09,269.37,282.04,266.46,273.11,206.5,146.59,99.56,59.7,97.09,121.1,176.22
254.76,275.6,264.03,275.59,210.19,151.81,102.56,58.33,92.83,119.98,175.7,251.73
324.98,303.72,296.77,224.58,155.94,107.3,65.32,97.95,136.27,197.9,269.15,382.9
355.31,330.86,240.99,160.82,104.05,60.37,97.73,141.03,214.05,284.91,394.8,417.79
306.55,225.42,153.85,103.82,63.43,101.88,142.66,212.14,277.79,388.66,412.97,395.79
336.1,217.93,134.94,65.86,88.18,123.66,204.83,286.63,421.34,441.47,417.01,372.41
214.37,133.59,64.09,87.87,124.69,206.45,287.95,421.79,441.16,416.44,371.9,330.78
108.28,55.19,86.49,135.89,218.93,304.4,432.7,440.55,410.2,373.3,332.08,282.8
46.34,82.2,133.73,219.22,306.06,434.94,441.74,409.43,370.18,329.28,280.83,288.02
82.36,131.58,218.23,303.27,432.59,438.51,406.69,369.91,328.82,278.47,286.05,237.35
105.49,205.99,296.63,433.95,443.79,413.62,373.6,327.06,271.09,280.18,233.17,239.37
176.41,271.1,421.77,435.3,410.87,370.44,322.56,268.15,270.02,219.3,228.23,281.81
269.37,421.19,431.4,403.82,365.61,316.3,263.16,269.09,218.68,223.6,278.59,261.25
414.83,427.1,401.02,363.29,315.41,262.04,267.76,218.08,221.81,275.7,259.18,303.09
395.16,378.06,352.21,311.18,263.16,269.56,217.37,218.83,265.56,248.25,294.69,325.26
363.5,341.08,305.96,260.24,269.18,217.3,217.88,264.14,243.15,288.87,320.76,365.92
421.41,357.26,286.59,277.38,211.96,209.61,262.82,249.65,313.01,345.46,384.82,333.53
312.66,258.57,263.69,209.67,214.56,269.51,252.0,309.62,331.94,371.5,323.44,387.05
260.89,264.1,209.49,212.5,267.43,249.07,307.36,331.51,371.48,321.93,385.83,281.84
234.06,188.04,201.3,261.63,248.82,307.65,329.82,368.77,312.47,374.69,273.2,185.46
178.21,198.26,260.62,251.89,311.78,335.15,371.93,312.01,372.23,272.93,185.55,113.38
265.41,311.48,276.86,325.31,336.83,373.33,317.8,379.09,294.72,211.38,133.56,97.24
281.47,255.96,316.18,335.72,376.99,323.12,381.27,293.46,203.23,125.84,90.77,70.13
235.46,306.24,330.11,377.32,326.7,386.11,295.77,201.55,119.97,86.31,67.13,89.02
302.82,326.68,375.95,324.6,384.51,293.72,199.49,119.18,84.83,65.0,87.48,178.03
399.31,421.77,345.73,387.66,286.27,189.13,116.28,91.15,87.32,107.76,193.32,257.01
419.65,343.92,389.73,292.42,194.12,122.85,96.18,88.46,107.97,196.8,259.12,343.71
362.53,400.62,295.14,189.81,117.16,88.5,83.63,108.56,202.19,261.51,345.76,352.91
420.64,309.2,195.21,116.89,85.52,79.91,107.37,203.97,268.11,351.57,357.43,429.52
273.09,178.36,110.89,94.07,92.04,123.52,214.1,266.75,342.37,354.77,427.51,355.87
199.29,124.53,101.1,93.84,121.67,211.44,266.01,343.56,360.33,433.38,360.56,331.44
126.01,96.4,92.09,116.42,206.48,259.28,338.12,359.48,432.59,356.61,328.15,249.31
91.37,88.19,113.47,203.6,257.84,336.33,357.88,431.97,354.95,325.03,246.93,233.53
57.69,96.08,196.38,260.21,342.79,366.43,436.49,353.11,316.01,240.12,228.3,236.07
77.4,176.3,247.78,327.78,357.19,425.01,343.01,312.85,232.54,213.3,224.32,209.0
165.78,251.2,331.01,369.06,436.27,357.67,323.43,233.41,212.1,230.02,213.82,251.75
294.15,361.38,384.37,443.69,357.49,322.46,235.43,216.08,243.7,229.45,263.84,276.96
339.83,367.72,434.83,352.23,321.79,235.05,214.58,242.18,222.77,254.85,269.81,385.35
339.48,417.89,342.22,316.85,235.22,215.02,240.53,219.73,246.12,259.79,378.01,369.4
493.02,387.83,340.08,240.56,208.38,231.05,217.53,252.56,282.21,399.47,385.55,438.64
346.69,313.54,227.09,204.74,234.52,222.18,253.34,278.89,387.11,372.55,428.69,372.94
319.56,228.32,206.02,233.27,219.74,250.12,276.72,386.83,373.3,428.89,373.06,325.85
204.83,188.18,225.0,216.03,250.66,277.62,385.86,371.27,421.11,363.87,318.62,281.04
222.33,247.96,225.56,250.61,272.96,379.22,368.34,423.45,373.96,326.78,287.58,204.82
249.78,229.76,253.83,279.09,384.32,374.75,428.63,375.43,328.29,291.53,207.74,139.87
251.1,260.46,281.57,378.72,367.68,419.43,369.8,329.92,297.34,209.14,140.32,70.1
293.8,309.21,393.33,379.35,424.65,376.26,337.17,301.91,221.04,156.85,82.84,92.31
306.77,392.98,377.56,422.8,375.67,336.46,301.14,220.98,156.73,81.82,91.69,105.06
392.01,379.18,424.2,379.13,339.39,305.08,224.09,157.39,82.31,94.16,106.95,227.12
342.24,397.65,365.13,331.76,304.43,223.78,154.65,78.81,82.54,92.87,216.19,255.77
389.2,358.07,327.5,299.5,220.39,150.49,74.88,80.69,89.78,211.71,252.52,297.41
355.86,328.58,300.79,224.16,153.81,79.2,83.94,90.08,211.59,254.62,299.12,391.51
313.43,291.13,218.44,149.94,77.89,82.47,87.97,209.6,249.79,293.27,387.16,385.04
301.01,225.73,153.84,79.84,82.44,87.72,210.04,250.61,296.34,390.8,387.9,359.68
213.15,139.18,71.78,72.89,81.54,202.13,243.57,293.88,385.54,378.1,352.01,298.57
153.37,84.45,80.92,89.83,206.67,249.3,299.28,387.58,383.03,360.94,305.5,277.92
46.49,58.62,79.2,205.94,254.11,306.0,390.22,379.94,349.5,295.6,270.5,226.9
80.34,94.41,215.48,260.85,308.06,392.61,383.15,351.85,302.15,279.63,233.85,266.44
70.84,207.17,255.85,310.87,398.84,391.22,356.49,300.73,273.34,229.65,263.73,266.35
207.23,256.32,311.31,399.46,391.56,356.97,301.12,273.49,229.77,264.12,266.58,272.51
242.5,303.16,395.89,392.74,360.33,305.68,276.16,229.35,260.37,263.73,270.19,301.92
285.96,387.62,386.99,357.76,306.34,277.19,228.89,258.56,258.64,264.68,298.19,318.47
423.52,411.77,369.97,310.86,275.63,226.37,259.05,261.91,275.93,309.99,327.61,347.85
401.28,359.64,305.93,272.4,225.58,258.12,260.63,275.27,306.52,322.29,343.46,358.43
411.97,337.35,288.36,228.93,253.27,253.47,273.07,310.63,337.57,357.82,369.3,326.41
357.83,295.64,231.84,248.63,247.19,264.7,305.63,339.0,363.14,370.51,326.92,303.73
245.46,202.4,235.06,247.55,272.16,315.74,343.33,359.35,355.81,314.84,294.61,253.36
233.78,257.76,258.34,276.63,315.27,342.26,360.63,358.7,324.33,304.69,261.25,216.47
287.71,271.43,282.05,309.82,333.8,349.34,351.91,326.41,313.1,264.74,218.66,130.83
256.15,278.22,308.2,340.2,357.45,362.64,333.83,313.42,261.85,219.69,131.76,98.77
323.97,336.49,354.38,361.15,359.23,329.03,312.74,266.17,233.92,145.81,109.22,91.83
312.76,340.88,352.99,356.47,330.84,315.54,266.81,232.41,139.57,102.65,86.94,114.88
275.23,312.68,336.23,325.46,320.46,274.06,233.54,133.75,82.79,67.72,100.5,178.01
331.39,346.51,331.42,321.26,271.34,229.78,131.96,83.79,72.78,105.52,181.8,242.53
346.14,326.38,317.74,264.16,223.94,124.5,78.01,71.98,104.72,177.15,238.72,318.53
287.06,295.17,253.23,223.29,129.27,84.57,74.39,101.19,165.51,229.08,311.45,355.31
286.64,248.46,220.94,128.55,84.83,74.97,101.12,164.44,226.37,309.26,353.77,418.37
267.57,236.03,134.96,86.9,74.12,99.84,164.86,228.09,315.41,360.03,423.35,406.53
298.94,174.95,108.55,83.07,97.63,161.14,229.38,321.16,379.33,444.47,422.43,338.87
123.71,78.09,68.94,98.04,169.03,240.04,325.95,375.52,429.38,409.93,329.49,300.01
64.1,58.01,92.79,165.29,238.62,324.41,373.3,427.42,404.69,323.29,295.31,275.23
81.8,112.16,175.71,246.42,327.58,377.08,431.96,407.65,331.14,305.89,283.45,268.04
107.66,175.96,246.58,330.39,380.38,435.98,410.43,331.22,304.78,283.36,268.17,272.89
182.86,250.15,333.23,382.63,436.87,411.43,332.51,305.88,285.35,270.45,274.31,263.87
188.48,295.05,362.44,430.42,415.47,338.54,306.31,280.19,252.23,255.61,249.74,228.19
261.06,346.22,421.39,415.21,343.29,312.77,282.77,249.14,245.66,241.62,222.74,281.07
294.2,386.84,397.26,334.98,313.49,284.39,246.98,240.65,225.05,203.94,266.88,313.89
401.32,407.6,340.19,315.14,283.31,245.26,240.23,226.07,208.26,271.36,317.46,285.99
526.68,408.55,350.3,289.38,233.04,222.7,220.47,218.28,306.52,349.42,309.67,294.87
416.3,350.66,288.69,229.05,219.11,215.55,215.04,307.23,351.62,308.74,293.81,283.28
463.19,362.43,265.31,231.32,209.98,206.59,308.52,362.27,343.59,329.36,310.19,312.64
401.48,285.7,242.12,212.19,203.52,304.19,361.71,348.08,341.57,320.71,319.81,247.55
256.29,228.84,204.83,205.71,310.91,370.63,352.8,339.7,312.97,314.78,244.16,152.0
270.78,232.68,219.73,316.31,369.08,350.49,340.78,316.94,327.76,258.23,162.67,128.83
285.81,250.04,332.01,373.01,346.65,335.64,316.74,333.76,275.26,178.87,140.3,119.13
307.37,377.62,394.14,358.77,338.5,319.6,339.91,281.89,198.53,163.05,136.82,140.42
402.02,399.96,359.84,327.69,307.49,323.93,271.1,199.65,169.51,135.73,138.88,144.34
381.13,341.58,316.26,296.25,318.27,264.39,193.39,167.8,130.08,127.92,135.41,198.64
269.99,269.48,272.93,310.32,267.93,199.05,167.2,123.39,105.9,113.37,181.92,239.74
295.18,279.83,313.53,258.88,187.14,151.77,112.96,106.08,118.98,182.2,239.63,359.36
225.34,283.97,243.31,185.12,157.99,121.64,109.33,114.54,166.39,225.28,348.86,500.49
255.12,225.68,177.36,156.96,123.84,112.31,114.76,163.17,216.26,341.25,494.78,492.78
163.7,133.87,134.21,111.82,111.47,114.5,158.91,209.85,321.15,471.22,474.79,521.3
146.75,141.38,115.06,109.19,110.22,153.1,206.02,321.01,474.0,475.99,522.4,479.84
148.16,124.29,115.29,118.32,158.33,212.58,326.61,475.3,478.73,529.05,485.14,420.29
117.27,107.77,115.05,155.5,211.2,324.6,473.06,477.64,526.13,480.58,416.74,361.56
64.04,86.21,140.96,205.96,326.69,476.17,477.14,521.83,466.36,401.56,350.22,332.62
90.61,143.9,208.29,328.86,477.61,479.11,523.71,467.36,402.62,351.81,333.7,321.71
149.66,223.65,338.98,494.83,492.36,540.43,480.64,405.05,355.33,345.84,331.5,314.08
208.43,329.58,491.28,493.51,543.8,484.87,407.12,354.51,340.98,327.14,310.69,326.17
312.11,482.99,486.18,538.43,483.56,405.28,351.77,338.72,321.83,302.89,320.77,270.74
403.33,433.6,511.92,474.13,409.26,358.0,338.3,315.08,278.53,294.84,250.94,280.9
401.76,490.5,461.95,402.05,357.1,337.54,312.3,275.11,284.45,238.09,271.34,214.22
530.92,491.37,417.2,364.44,337.44,311.57,277.16,288.16,250.79,286.26,226.01,192.16
494.87,417.12,365.48,338.09,311.62,276.94,288.18,251.38,287.32,226.84,192.57,155.28
383.1,344.25,328.55,311.16,281.34,294.15,253.65,284.47,216.35,183.62,148.58,152.98
377.03,346.25,319.18,278.62,287.15,244.05,279.01,218.14,192.52,154.37,157.38,125.56
360.36,324.98,280.48,283.66,239.59,273.28,214.87,193.67,158.38,158.48,126.13,120.27
346.15,303.11,297.48,256.29,283.77,228.13,205.25,162.2,167.32,143.28,133.55,75.57
377.55,347.29,279.83,291.47,224.4,199.93,163.36,174.55,167.03,158.1,94.25,88.21
386.18,307.98,306.42,234.13,202.64,166.82,179.97,172.24,172.07,111.84,101.33,116.06
294.33,311.45,236.32,215.35,179.75,196.97,184.63,172.86,110.69,108.21,122.1,152.03
318.43,236.99,216.49,177.28,193.29,180.0,169.64,110.81,109.81,122.52,152.04,212.24
202.5,191.5,164.28,186.08,178.99,168.87,107.85,106.24,111.67,139.36,202.46,232.33
164.07,146.91,178.09,176.66,170.13,109.86,105.79,108.58,130.58,194.55,226.5,322.81
153.75,180.37,177.64,167.81,106.6,101.53,105.79,130.48,195.97,226.48,322.7,402.34
187.85,181.98,169.0,104.62,98.9,102.49,128.64,196.56,228.82,323.49,402.81,465.9
161.45,162.78,101.95,104.67,110.02,138.35,202.61,227.56,318.34,401.88,465.64,426.13
146.99,86.44,97.05,102.98,134.52,198.05,223.01,316.06,395.8,456.81,419.17,440.21
76.78,95.94,103.38,140.23,204.03,230.79,321.38,395.56,454.42,420.35,441.44,418.5
82.38,95.49,137.07,204.24,232.44,323.51,396.18,452.86,415.66,437.52,415.75,395.26
66.2,117.55,195.3,230.26,325.97,399.38,453.29,413.0,427.82,405.53,387.52,405.32
111.85,190.75,227.24,322.77,397.78,451.06,410.91,426.85,402.93,382.83,401.79,366.42
175.23,218.85,319.65,400.2,455.46,416.62,430.19,402.31,378.3,398.71,364.0,315.81
199.35,308.16,393.93,453.72,418.46,432.56,402.73,376.58,392.49,357.24,310.86,283.22
346.92,420.16,466.3,422.3,430.43,399.32,376.49,396.06,369.08,322.27,292.06,269.65
487.9,506.69,440.58,431.4,391.36,365.27,392.09,375.29,343.0,308.9,282.16,215.34
516.8,444.23,433.71,392.24,365.2,391.82,375.87,344.76,312.32,284.84,216.98,192.41
444.48,432.33,391.0,363.61,391.21,375.11,344.19,312.61,284.84,215.84,191.44,162.6
383.26,362.57,349.28,388.88,380.29,351.55,314.92,280.8,201.38,178.47,153.01,137.22
304.74,315.74,373.39,380.02,359.34,325.49,284.83,196.51,161.04,138.46,126.49,124.0
206.72,302.6,343.54,344.11,328.32,289.66,192.69,150.01,104.0,89.42,96.2,87.11
268.69,319.51,331.35,319.35,286.51,189.08,144.74,99.67,78.14,82.3,76.69,43.2
250.57,289.82,298.22,281.21,194.45,152.67,101.25,72.09,61.85,57.26,28.74,30.75
300.27,310.11,287.91,200.99,155.99,105.47,75.93,62.94,61.25,36.64,37.27,59.04
280.67,273.7,193.83,156.96,110.17,82.56,66.22,58.85,28.47,31.73,55.29,97.88
251.32,181.8,153.87,115.12,88.74,74.64,63.72,26.83,25.38,53.76,96.88,159.81
204.58,175.3,127.37,100.05,79.94,70.19,33.27,27.51,61.29,110.26,170.66,255.45
233.88,164.16,119.72,86.95,67.02,28.64,27.97,66.48,127.96,189.58,269.69,368.4
236.67,174.98,116.26,87.3,34.91,35.27,77.31,136.3,213.83,301.26,392.51,419.85
174.97,125.23,93.21,47.75,46.04,91.26,147.23,215.74,303.36,401.54,426.96,423.42
127.16,100.97,50.79,51.08,95.32,152.46,219.87,303.88,403.14,431.54,427.39,346.88
59.32,30.0,41.53,98.9,161.45,232.2,310.73,400.61,419.87,419.84,341.43,294.01
28.09,42.42,100.74,165.42,235.33,314.59,403.2,419.78,419.16,342.99,295.38,195.46
55.25,104.33,166.81,230.85,309.23,395.98,415.04,419.67,345.64,294.29,194.46,179.65
118.14,170.54,232.33,304.76,390.54,407.52,414.64,346.4,297.72,194.0,178.94,150.94
223.62,264.36,319.98,393.45,403.15,408.32,345.35,302.95,210.11,193.05,161.34,216.24
247.77,305.17,385.87,397.83,406.94,343.72,300.52,208.9,187.7,153.13,209.48,225.51
333.52,405.44,406.06,408.41,341.37,297.18,208.22,190.19,161.99,217.65,231.9,259.73
478.81,451.58,431.02,347.31,291.82,200.39,189.06,168.9,240.42,253.82,276.11,314.45
471.76,443.26,351.66,291.45,198.16,185.99,168.13,242.75,260.7,281.29,318.21,309.46
334.0,282.56,257.06,189.14,194.46,180.58,245.11,251.49,248.3,285.85,284.87,285.13
225.75,220.96,170.72,187.1,182.26,247.91,249.55,242.2,267.67,266.2,271.33,209.88
217.15,168.03,185.79,179.85,245.97,246.87,239.64,266.46,264.16,268.26,207.82,180.03
170.02,181.64,178.1,240.76,241.98,232.86,261.13,263.3,267.47,203.55,176.53,85.86
193.74,174.52,238.69,231.24,222.15,247.19,253.35,267.24,205.34,171.52,81.29,73.07
170.1,235.26,227.68,218.16,245.34,251.09,265.22,205.03,170.56,78.14,70.66,61.58
250.95,243.91,225.53,251.81,254.39,269.64,209.67,172.76,84.39,80.22,69.27,105.83
232.85,227.78,255.8,269.18,283.45,227.96,186.35,85.96,79.13,76.89,111.81,191.8
242.03,268.59,276.74,290.19,230.89,190.1,89.69,80.64,81.77,120.33,198.47,230.15
304.65,303.96,304.63,239.74,191.84,91.35,84.18,85.37,132.22,213.66,241.98,314.49
324.12,315.27,242.84,187.49,85.25,75.94,80.49,133.27,219.5,244.21,316.17,390.13
381.63,282.35,207.1,89.34,70.15,72.41,131.88,225.89,264.43,334.7,403.64,435.15
294.14,211.21,90.47,67.01,68.67,126.94,222.91,265.48,338.26,404.54,435.4,322.33
180.15,73.43,59.72,70.93,132.96,230.98,269.41,335.77,395.53,429.72,318.31,273.38
31.39,34.39,58.57,130.63,234.99,275.05,337.18,391.63,416.6,306.23,264.47,240.4
48.25,65.09,133.88,233.13,271.38,332.36,388.86,417.41,309.53,265.86,241.31,226.26
63.87,130.63,232.04,269.88,331.52,387.5,416.2,309.5,264.92,238.58,223.89,195.25
108.67,216.05,260.56,324.92,385.57,413.76,306.06,262.47,231.43,213.81,187.57,170.9
180.91,241.47,314.97,385.01,418.62,312.84,265.38,228.98,204.01,179.24,164.7,183.35
255.62,322.15,387.9,416.95,309.83,261.59,227.09,205.29,183.29,167.08,185.0,233.65
299.92,377.21,411.74,310.89,265.6,232.39,207.74,181.53,160.71,180.18,230.37,279.2
406.12,427.75,317.6,262.89,225.94,198.92,176.63,162.36,188.33,235.49,283.16,310.86
416.83,307.17,258.65,224.14,198.87,176.68,161.77,187.54,232.1,279.27,307.53,331.61
330.3,272.76,231.05,200.77,175.36,159.78,187.6,234.18,285.98,314.06,336.55,349.32
267.89,228.87,199.93,175.66,160.56,188.64,234.66,285.43,312.24,335.0,348.22,330.44
227.81,202.29,177.87,165.29,192.48,239.38,288.85,312.65,335.23,350.81,332.51,246.59
164.49,154.85,152.84,188.03,241.29,291.46,311.97,331.39,339.09,320.1,237.47,147.02
178.34,159.81,190.94,234.4,282.63,300.46,324.05,340.28,325.8,238.14,147.06,82.87
184.76,209.48,243.36,287.81,301.78,325.8,343.61,329.22,246.8,156.97,90.3,66.99
216.76,257.08,296.68,315.93,336.42,357.18,340.12,249.5,161.46,102.05,76.23,60.62
247.69,291.9,312.41,334.52,357.22,340.17,248.79,160.44,99.45,73.15,58.52,90.64
285.72,305.99,331.03,353.62,338.27,246.59,158.37,98.87,70.99,54.7,87.54,186.17
371.53,369.53,372.92,341.32,239.57,148.63,95.78,76.53,74.32,105.57,199.49,247.99
320.3,342.54,326.0,236.25,153.2,102.33,78.35,70.45,91.23,185.71,237.54,321.67
352.87,333.87,238.75,151.93,99.53,74.54,68.09,91.22,188.84,240.12,323.98,350.28
323.16,234.18,149.45,100.9,77.44,72.26,94.09,188.64,237.56,322.76,349.37,393.27
222.97,142.57,98.48,78.17,74.1,96.55,189.64,236.48,319.22,347.03,391.46,314.61
211.98,141.77,100.7,80.9,91.79,182.51,235.59,325.0,367.5,412.11,330.28,294.48
120.33,82.99,71.89,85.39,180.31,232.7,321.08,365.12,405.18,320.57,286.84,211.07
103.92,85.62,91.26,181.37,231.02,318.7,364.89,407.06,326.82,292.43,215.38,209.4
42.55,58.85,166.24,224.52,319.78,366.99,405.83,323.31,278.59,199.6,196.83,193.69
62.08,174.32,227.92,324.59,370.78,410.75,327.29,279.36,201.33,201.12,197.4,180.14
175.44,235.84,330.43,381.46,419.06,337.87,287.5,202.74,202.9,204.83,186.07,221.99
242.1,333.65,382.05,417.44,336.03,284.94,201.15,203.38,206.86,186.7,222.44,252.14
302.94,361.97,405.84,329.57,284.54,201.16,201.53,204.11,177.18,210.53,243.09,338.75
382.68,414.38,332.88,279.66,194.16,192.19,198.18,178.16,216.01,244.73,339.77,311.87
423.84,339.82,282.8,195.54,192.09,197.85,178.6,216.99,247.94,343.16,314.59,347.15
346.8,284.55,197.02,191.56,196.41,176.44,215.68,248.3,344.69,315.31,347.53,312.38
266.39,180.47,183.62,190.29,173.76,212.58,244.73,342.41,308.66,338.65,305.35,291.5
238.1,221.38,209.54,180.84,210.41,241.01,343.33,314.07,356.13,323.21,305.06,287.24
236.42,218.6,184.25,209.28,238.16,339.17,311.87,357.14,327.67,307.65,289.21,197.57
237.43,195.86,215.61,241.85,340.17,313.01,359.41,330.5,314.06,296.08,202.39,154.17
196.5,215.67,241.0,339.0,312.49,358.9,330.2,314.36,296.55,202.15,153.84,80.7
216.48,244.65,341.55,317.33,363.04,335.81,318.69,297.81,203.52,157.94,83.87,96.26
243.68,346.85,318.0,364.75,337.8,321.15,299.6,203.6,158.63,85.48,98.06,110.08
327.17,301.67,358.05,335.08,321.37,300.27,202.84,157.17,79.3,91.34,104.54,189.44
265.46,331.12,319.85,310.71,297.11,199.22,151.88,75.25,79.57,88.75,177.32,206.36
322.38,313.39,307.61,294.54,197.75,150.16,73.23,78.06,85.58,173.87,203.89,298.12
285.08,290.13,285.9,195.44,152.13,76.07,78.32,82.95,165.33,195.59,291.88,355.07
320.03,306.34,204.68,153.81,73.04,74.05,81.77,167.54,204.55,300.4,361.75,394.48
384.44,249.46,176.88,76.74,65.55,69.67,163.34,210.97,323.64,382.9,410.08,355.29
190.52,138.22,56.41,58.38,73.0,168.55,211.32,318.78,365.11,391.12,340.81,328.83
162.7,78.35,71.88,85.76,174.69,218.92,326.07,367.9,399.39,355.54,340.37,279.86
72.32,69.52,84.24,175.36,220.85,328.75,369.75,399.36,353.8,338.94,278.87,264.99
70.96,86.85,178.16,224.82,331.48,372.98,401.69,354.14,339.33,281.03,266.69,228.5
88.02,181.47,226.54,334.76,375.76,405.06,356.89,339.87,281.6,268.4,229.92,200.89
149.17,199.2,320.38,364.55,400.73,351.83,333.7,278.28,257.76,214.48,188.6,197.6
193.95,325.18,365.65,406.32,357.86,341.49,284.02,258.13,214.18,191.48,200.43,214.23
342.03,373.33,409.78,355.15,336.91,278.03,254.65,215.49,196.19,202.59,215.65,271.47
384.74,420.03,359.86,340.83,280.01,256.96,218.13,197.88,206.93,221.15,275.76,276.89
414.05,351.01,337.06,275.68,253.99,214.34,194.43,205.93,218.59,271.23,273.14,298.17
421.76,379.44,295.77,256.13,206.3,183.0,201.78,224.2,292.2,291.59,312.17,327.0
385.96,296.5,256.07,203.25,179.94,197.88,221.91,292.94,293.24,311.27,325.92,371.16
242.55,224.97,188.97,181.04,206.51,233.53,298.17,289.2,295.47,313.22,361.57,271.85
199.78,171.71,171.46,200.15,231.77,296.15,285.75,292.13,304.59,351.1,264.16,218.23
203.5,190.64,209.6,233.07,292.76,280.93,290.44,307.27,360.55,272.55,224.53,161.09
207.17,222.79,239.48,297.28,282.65,292.62,310.3,362.95,278.5,231.81,166.57,113.29
188.84,219.33,288.49,283.78,298.47,318.23,366.7,276.39,222.21,159.02,107.45,87.41
279.29,322.37,297.99,294.19,306.59,351.01,268.26,226.38,176.49,119.65,96.62,104.27
364.08,327.86,309.4,315.14,352.47,269.71,230.43,181.53,133.86,113.14,116.78,172.43
389.52,345.07,333.73,357.49,265.22,224.06,180.92,139.81,131.97,135.04,185.71,246.79
323.17,317.58,350.15,263.13,225.62,183.42,140.31,130.51,128.53,179.13,241.41,340.61
333.07,364.0,267.53,225.52,181.28,137.24,128.99,129.22,184.39,246.41,344.98,371.39
347.47,259.05,221.2,181.96,140.24,133.23,131.71,183.49,241.93,341.66,368.89,459.7
205.53,185.43,164.86,135.21,136.74,136.96,183.94,237.3,325.04,352.1,446.64,392.59
272.6,218.16,160.99,139.73,126.52,169.38,231.79,331.58,377.65,469.72,410.13,336.1
186.71,138.14,128.47,121.39,169.77,232.31,329.66,374.83,460.21,398.91,327.39,261.19
137.61,127.27,119.32,166.21,229.82,326.42,372.43,459.67,398.22,324.68,259.26,256.41
97.24,94.06,154.47,222.63,324.91,371.01,456.63,395.53,314.36,245.91,245.66,231.37
80.97,141.99,215.91,318.16,367.39,452.13,390.95,312.37,240.87,237.62,225.14,189.77
151.9,232.89,328.62,382.58,463.0,404.56,323.45,243.2,242.22,237.38,199.74,279.29
240.07,330.91,383.0,460.31,401.51,319.4,240.6,242.7,239.39,199.66,278.96,310.68
309.81,371.55,453.7,400.51,322.32,244.89,244.93,238.45,193.89,273.16,306.19,395.25
360.26,447.86,396.5,319.95,244.69,244.52,237.12,192.39,269.65,301.8,392.22,356.48
505.14,432.1,336.27,246.06,237.55,227.43,188.86,274.27,319.15,407.44,368.14,378.05
423.32,328.92,243.52,238.46,229.73,191.87,276.1,319.22,405.12,366.24,376.21,325.13
297.21,218.65,226.83,223.6,191.02,275.39,316.38,401.47,355.33,363.94,315.69,273.15
250.21,244.85,231.93,189.73,270.05,308.93,397.72,357.45,372.44,321.44,277.59,295.51
308.03,271.32,208.75,273.8,303.04,389.06,355.03,377.88,340.61,295.02,308.6,223.7
323.01,241.39,291.8,312.97,390.5,356.21,382.45,346.96,311.73,327.07,237.1,191.61
265.99,301.31,315.81,384.22,348.47,372.26,340.72,313.48,333.96,238.94,192.47,117.68
399.0,380.94,415.92,359.69,368.17,334.67,315.51,343.91,270.36,225.15,142.38,155.89
392.85,432.49,366.35,376.96,341.5,324.25,351.69,273.56,231.68,152.53,163.9,165.23
477.63,390.27,389.46,342.74,318.84,344.4,271.03,235.9,166.17,175.99,173.84,223.56
390.43,382.7,337.81,309.96,337.89,262.85,229.66,165.95,175.52,168.18,218.64,253.04
403.05,348.83,315.02,336.53,258.45,223.78,162.61,176.72,174.32,223.69,256.8,311.87
298.34,282.96,320.7,254.47,227.82,168.36,177.81,170.05,208.45,241.75,300.37,413.78
289.14,314.94,248.44,211.43,154.08,159.37,156.2,206.7,241.32,290.67,406.01,439.56
291.31,231.42,202.66,148.93,158.23,154.95,204.1,238.77,283.24,396.89,432.48,402.42
229.95,195.0,144.18,149.71,148.26,195.57,232.05,282.08,395.27,426.41,397.46,379.88
231.71,171.17,163.94,156.55,196.82,233.24,285.48,398.92,438.26,412.31,391.35,387.78
104.37,120.96,134.88,190.09,237.66,292.19,399.77,432.76,392.01,370.47,371.83,377.34
126.61,140.23,194.01,241.14,293.6,401.3,434.1,392.11,371.67,374.79,379.84,387.54
98.55,168.02,228.54,290.7,404.96,439.03,393.02,367.95,361.64,366.62,377.65,401.1
148.01,211.59,281.62,396.98,435.15,388.2,362.79,358.82,359.22,366.78,392.67,384.19
217.27,288.81,402.34,443.19,394.01,370.15,364.96,360.82,369.07,398.59,388.73,430.69
442.07,495.87,487.3,399.22,353.28,341.15,352.74,381.98,444.61,428.96,460.96,461.85
599.16,556.82,432.58,366.47,338.57,348.01,385.71,455.73,462.46,494.91,487.41,449.57
580.63,441.9,371.59,338.66,345.57,382.31,454.81,465.62,502.63,493.19,453.09,375.42
344.71,311.17,307.91,338.19,391.05,467.42,468.84,494.56,463.76,424.56,353.96,336.29
242.31,262.32,315.38,380.75,468.33,470.87,491.02,456.39,402.13,330.04,318.43,274.73
237.44,304.24,375.75,470.62,476.04,497.66,459.75,399.96,322.27,312.75,270.92,272.78
271.08,346.54,456.43,464.83,492.97,453.63,392.77,318.29,300.82,253.51,258.99,213.93
309.11,426.2,446.24,476.15,445.79,382.97,308.17,295.98,240.86,238.65,198.29,112.11
396.61,425.64,464.37,438.12,381.28,306.56,292.73,238.1,229.82,186.95,103.47,112.62
346.05,421.58,416.11,380.29,317.36,307.81,244.43,223.48,164.1,84.6,99.04,110.99
367.0,383.15,365.18,314.87,312.66,251.63,225.21,158.94,67.73,84.55,100.41,154.17
327.81,331.57,300.06,311.45,257.32,233.09,160.98,62.09,67.35,86.34,144.01,196.81
314.32,290.79,308.81,260.15,236.94,166.21,64.96,65.53,80.72,141.6,195.34,360.51
328.15,340.63,277.07,249.72,170.89,70.4,72.37,84.58,153.91,212.94,374.36,442.88
383.36,307.76,266.06,180.38,71.9,73.87,88.89,158.56,226.77,391.03,455.47,490.99
259.43,245.14,170.59,78.73,86.45,105.43,167.95,223.55,378.08,448.68,486.45,389.35
216.63,157.35,71.77,87.16,109.62,173.84,226.06,375.11,440.3,480.99,385.92,290.17
185.16,91.73,98.92,117.94,176.47,229.45,379.71,443.61,489.95,398.31,299.62,247.17
91.61,106.18,123.52,187.96,238.94,392.0,453.21,491.47,399.49,306.94,253.12,198.02
214.35,196.7,226.6,257.06,391.13,450.45,496.49,410.0,340.56,290.71,226.66,203.09
166.09,207.14,247.01,389.3,454.25,501.56,412.03,338.9,282.05,217.47,195.82,202.05
136.47,204.68,369.1,452.23,510.1,423.88,343.11,276.35,196.29,177.17,187.96,210.49
161.87,342.52,437.28,502.64,424.17,344.1,274.13,191.73,163.32,172.22,198.88,248.21
301.54,410.19,488.33,416.38,343.2,273.54,188.34,158.99,159.41,184.07,237.13,279.63
308.68,435.63,389.57,344.71,289.44,209.96,168.97,151.45,155.09,214.24,263.29,278.77
384.28,352.65,326.69,279.86,208.62,168.02,147.18,149.32,197.34,244.59,264.6,293.58
325.87,313.37,273.45,209.49,172.49,153.27,152.3,195.09,236.49,258.5,289.4,308.64
462.88,367.65,258.02,186.61,142.55,136.22,192.46,249.01,303.19,334.17,342.65,301.97
444.11,302.35,209.96,149.0,130.62,183.66,247.3,310.11,357.29,364.32,317.95,259.5
379.62,244.84,164.82,122.33,166.71,224.62,297.94,363.12,385.97,330.46,267.89,243.84
299.03,204.1,142.07,179.06,227.92,301.89,370.08,392.55,348.8,290.18,260.7,190.96
274.51,195.96,206.79,247.1,308.67,378.58,404.21,357.95,314.36,291.71,214.55,216.22
308.52,295.16,293.52,341.9,390.34,418.06,376.4,328.01,329.98,264.84,254.77,190.48
347.79,329.22,359.75,399.11,418.47,376.28,331.45,336.33,282.79,274.35,204.94,137.6
301.79,337.46,384.75,405.93,371.03,325.01,329.49,279.97,265.94,190.6,126.34,133.01
298.48,349.24,385.4,351.22,314.82,317.1,267.76,261.07,177.15,104.01,115.45,167.38
314.87,357.49,334.1,298.67,309.15,258.1,251.26,172.78,92.57,96.96,153.14,194.99
396.25,349.11,306.13,302.61,246.76,236.21,163.71,94.77,107.19,157.94,198.0,275.98
335.07,290.05,295.0,239.44,231.94,158.32,89.55,105.24,152.9,189.85,269.25,352.65
241.95,264.17,222.31,223.44,158.32,90.26,102.65,147.89,174.79,252.41,340.05,474.74
313.83,248.8,236.99,157.24,81.53,90.82,142.05,178.06,266.27,351.03,482.7,555.25
203.39,210.88,142.92,77.92,94.9,147.72,179.52,262.47,337.58,469.03,545.1,557.79
154.73,107.11,60.71,89.65,150.53,183.65,261.64,331.55,451.11,527.68,544.78,465.99
98.05,51.44,86.35,148.84,183.22,261.45,330.85,450.12,524.08,541.0,462.87,430.58
36.31,84.06,147.59,188.18,267.86,339.15,455.41,523.25,537.1,462.3,430.81,398.79
84.68,152.87,191.82,274.11,343.99,461.31,527.89,537.58,462.5,433.69,401.38,359.95
123.17,166.34,262.16,336.2,459.26,525.37,533.55,459.62,423.4,387.3,348.68,309.85
171.04,267.77,338.53,461.55,527.0,535.2,461.02,423.84,388.66,350.53,311.58,260.93
293.9,348.16,466.18,522.22,527.77,451.13,417.89,390.38,357.16,313.82,262.18,276.48
355.48,476.61,526.92,534.43,456.51,424.75,396.39,359.32,317.42,268.23,281.3,336.97
492.74,541.25,541.44,462.06,427.34,399.45,362.83,319.71,274.03,288.75,342.76,345.18
521.19,528.06,454.07,423.12,399.54,363.06,318.48,272.34,282.87,335.25,339.52,282.12
442.31,402.21,397.26,394.27,371.1,329.88,275.32,275.43,309.34,315.33,264.14,269.93
326.45,349.41,371.77,365.98,335.95,284.11,276.95,302.32,291.5,241.71,253.08,210.83
300.4,339.88,349.37,327.08,283.21,276.13,298.01,285.67,225.63,234.99,197.55,137.37
283.13,313.04,308.58,275.56,277.56,300.04,283.15,219.46,216.78,177.85,122.89,95.88
309.54,298.71,270.12,268.07,292.51,273.58,211.91,215.25,175.22,115.3,89.73,47.93
283.61,266.45,267.52,299.89,281.85,223.04,222.95,175.29,112.28,91.86,49.74,21.16
255.33,266.77,301.03,289.55,230.54,232.94,182.13,111.96,89.55,53.06,24.19,47.4
275.85,319.5,300.12,245.98,243.95,196.3,123.49,91.74,58.03,37.87,58.72,138.68
323.31,310.26,251.78,253.11,202.93,132.12,98.78,59.29,40.59,66.74,145.23,204.72
311.08,252.13,255.52,207.6,135.4,103.3,62.96,41.3,67.3,148.7,207.11,269.63
301.09,293.22,226.62,146.59,105.38,65.09,46.19,72.09,164.75,227.4,285.52,326.58
386.27,293.48,180.1,122.05,65.42,45.57,78.13,174.15,257.57,320.27,353.26,391.89
293.97,182.98,125.07,72.68,51.7,86.13,180.59,259.27,321.93,358.51,395.55,368.01
123.48,90.47,55.12,48.8,92.32,189.23,261.8,316.5,340.5,379.31,356.11,307.94
84.42,46.25,44.08,84.78,183.43,254.49,310.27,338.55,375.81,349.21,302.63,267.92
63.85,58.24,92.99,190.29,257.52,313.97,342.64,378.15,355.19,311.33,274.57,241.86
93.06,118.8,204.64,267.57,317.29,346.23,383.28,359.21,322.51,288.86,252.75,250.73
93.27,181.16,254.55,305.57,340.78,376.53,352.33,319.6,279.89,237.92,238.92,235.2
175.8,254.83,304.53,341.69,378.51,354.96,321.25,279.88,237.12,238.73,235.28,251.72
259.25,310.6,344.44,381.88,357.4,324.23,282.48,238.0,240.63,238.49,254.37,278.38
283.95,321.16,370.03,348.29,320.68,278.36,233.01,237.73,229.29,241.32,268.06,301.18
325.61,374.82,350.37,322.18,278.94,233.63,238.45,229.63,242.8,270.14,303.0,327.01
369.7,345.15,319.47,276.22,232.02,236.31,227.59,242.0,268.25,299.8,324.55,353.53
397.9,352.27,291.73,234.88,231.61,220.75,240.39,272.92,315.66,338.79,364.27,379.37
351.77,289.77,234.09,230.77,220.38,239.8,272.53,315.86,338.4,362.8,377.96,325.83
248.45,204.22,216.54,214.32,240.62,273.99,313.97,334.39,349.54,363.41,314.53,220.25
279.6,263.95,236.76,244.22,266.35,303.01,330.81,355.49,385.83,335.08,236.06,183.14
229.73,213.91,232.26,261.83,304.7,333.4,355.29,383.25,325.01,224.73,174.39,126.04
193.12,219.23,255.47,304.0,336.25,359.56,385.37,323.92,218.65,168.78,121.59,103.61
238.27,271.12,312.89,343.42,362.64,389.11,327.95,221.08,175.37,131.22,111.03,89.08
283.95,323.74,347.58,363.97,388.79,327.31,221.34,176.74,135.93,115.88,93.03,109.35
356.34,370.28,375.67,394.84,327.69,221.47,179.15,139.49,126.51,105.17,118.5,192.47
399.58,387.21,400.55,323.83,214.19,169.54,134.07,128.84,113.53,123.08,195.24,248.24
377.15,391.87,316.55,205.43,164.45,127.77,123.36,111.95,119.84,187.73,242.57,297.27
449.23,354.01,224.32,171.07,124.65,118.66,112.15,124.88,205.72,261.83,311.97,339.71
303.36,194.77,157.13,125.53,126.95,123.78,130.81,202.54,247.52,300.74,331.08,393.35
259.49,197.54,146.69,133.35,119.34,124.38,201.82,252.97,319.89,350.8,408.16,377.71
208.94,154.42,137.38,120.87,123.76,200.57,252.59,320.68,354.37,411.88,380.61,333.99
103.19,103.56,102.71,115.35,201.4,254.08,318.36,349.46,395.91,362.21,320.06,325.03
104.24,99.59,113.65,197.44,250.54,313.87,346.1,395.35,361.43,317.03,322.43,257.89
61.06,84.46,182.67,242.11,312.89,345.57,392.32,358.03,304.71,307.2,245.93,217.82
78.45,185.92,243.7,318.54,350.98,399.18,362.76,304.37,305.96,248.17,220.22,224.53
174.21,238.77,317.77,355.52,404.23,369.4,308.7,305.76,245.24,220.23,224.55,274.22
255.25,327.31,358.44,401.41,365.32,303.17,302.66,246.46,225.07,226.54,275.7,318.58
294.59,334.21,389.84,360.0,303.47,303.37,244.8,221.96,215.76,263.25,308.92,372.32
329.18,385.34,356.59,298.97,300.48,241.02,218.55,214.57,261.18,304.63,369.18,382.16
490.46,425.67,333.14,312.0,235.57,210.2,215.39,270.9,337.1,402.32,407.36,441.26
406.33,316.36,304.82,233.2,211.33,216.93,270.78,335.96,396.47,400.52,435.47,369.39
291.61,291.75,225.01,208.71,218.96,273.69,336.61,394.09,392.83,427.56,363.83,347.36
349.31,258.69,226.48,222.5,267.96,328.43,391.51,397.66,444.45,379.54,358.98,279.9
216.5,201.8,209.7,266.54,334.17,399.35,400.96,441.72,367.54,347.7,271.37,170.77
168.34,190.79,258.1,334.7,404.32,407.48,444.2,364.45,337.22,262.82,164.59,103.89
178.04,240.77,325.16,391.97,399.29,433.98,355.7,335.02,257.25,152.72,94.3,67.31
271.87,349.78,403.02,404.5,434.45,356.0,337.35,260.91,163.55,106.12,76.51,79.96
320.6,390.3,398.38,438.49,363.6,347.27,266.55,161.73,98.5,72.45,77.32,84.29
333.54,353.19,415.29,348.01,342.7,261.86,154.4,92.73,53.9,53.35,65.48,179.22
305.49,395.79,337.96,347.68,272.6,168.93,100.67,50.34,40.5,58.57,174.88,213.38
415.56,349.6,354.97,274.81,166.76,97.63,49.09,41.45,64.1,181.57,218.63,306.2
282.3,314.96,254.49,162.58,103.95,57.93,43.89,58.15,161.2,199.22,291.83,397.19
362.06,282.83,177.41,106.43,52.1,35.83,55.06,164.32,212.73,305.01,407.15,396.7
309.06,194.1,115.24,56.18,35.58,54.37,165.67,215.52,313.44,416.26,403.46,362.52
170.17,103.37,50.45,37.05,58.99,171.77,218.54,311.33,409.23,398.71,359.32,327.4
121.35,68.16,47.75,70.24,178.03,226.51,318.79,411.75,404.95,371.0,336.54,276.15
99.93,66.51,80.24,181.0,224.55,316.03,411.78,408.23,380.71,346.02,283.03,206.69
37.17,70.54,177.93,234.54,328.44,427.77,418.41,379.36,338.47,282.2,206.69,170.08
64.52,172.39,230.95,324.46,425.73,415.97,377.14,337.72,279.72,202.04,166.48,187.65
174.55,237.21,328.07,432.0,420.98,383.72,343.08,281.21,204.05,171.56,191.51,199.5
232.01,327.69,432.16,424.63,387.94,348.49,284.99,204.48,170.64,192.34,200.22,233.94
323.33,428.45,420.81,382.05,344.41,279.54,199.77,169.2,190.45,195.28,230.46,257.8
451.1,432.87,387.31,343.01,275.34,194.23,166.66,192.57,202.25,235.3,261.23,324.58
434.92,385.07,342.0,273.09,192.34,164.24,190.9,202.54,235.77,260.13,323.36,322.05
414.29,360.16,281.72,193.66,161.23,186.48,200.96,237.85,268.59,331.18,328.21,339.26
327.65,258.69,181.64,154.69,185.82,200.5,235.39,265.33,320.72,315.6,329.58,330.64
290.62,203.4,167.46,194.12,202.41,237.43,269.03,324.21,325.68,342.59,340.37,270.78
202.34,166.75,193.49,201.77,237.31,268.56,323.58,325.32,341.97,339.1,269.92,198.42
142.79,172.4,189.78,226.17,263.15,316.95,318.58,338.88,330.5,256.18,187.74,145.26
224.49,227.38,245.52,273.84,318.37,319.93,343.53,336.31,273.42,208.08,160.68,102.12
270.35,275.33,288.28,325.2,320.21,343.39,339.18,278.43,222.48,176.18,113.82,85.34
261.94,277.25,319.08,315.83,342.13,337.85,276.51,221.34,172.11,108.0,80.72,101.84
291.17,331.56,322.34,347.93,340.82,280.46,225.44,174.35,113.35,88.76,108.0,183.98
364.37,343.49,358.66,344.37,278.54,222.6,174.3,116.45,99.22,118.9,192.14,262.37
338.1,352.41,340.54,274.28,220.2,171.22,113.72,98.45,116.87,187.85,258.96,349.44
317.88,316.6,261.2,212.29,169.46,111.87,94.67,112.89,176.78,245.58,339.29,396.7
354.61,283.47,223.35,171.03,107.62,88.96,111.23,180.14,257.04,349.77,404.35,437.3
264.48,211.81,164.86,105.71,90.22,112.97,180.12,255.29,344.23,398.72,433.07,381.29
247.98,189.02,117.39,93.52,110.4,176.2,254.65,347.0,409.46,443.89,389.78,362.81
158.44,92.29,81.36,102.85,174.34,252.72,343.56,406.55,433.78,376.66,352.3,305.42
73.54,70.96,98.34,175.43,256.27,348.28,408.77,432.32,371.04,348.28,302.51,226.08
83.54,104.82,178.47,254.82,345.26,404.49,429.69,371.41,351.09,303.65,227.08,229.5
127.25,189.06,260.24,344.33,400.86,424.8,369.28,353.33,310.02,231.1,232.09,255.67
148.63,242.55,336.23,407.19,436.1,384.29,362.29,308.06,220.54,226.61,251.75,248.62
241.42,333.76,405.41,433.01,382.09,359.37,305.53,219.97,225.73,249.15,246.67,274.91
308.84,389.84,423.05,375.58,358.1,304.23,217.34,223.15,241.51,236.56,267.46,327.61
389.39,427.92,378.26,363.76,309.05,223.63,228.11,242.43,237.45,271.31,330.76,346.15
451.75,388.13,369.45,307.47,218.57,221.19,238.59,239.0,277.72,335.01,349.0,329.89
393.7,369.6,306.34,213.61,216.85,232.71,234.77,277.64,335.98,346.61,328.08,344.76
286.34,255.37,187.72,209.65,238.45,243.02,278.34,328.13,321.12,303.09,326.18,283.06
257.3,186.17,210.74,239.21,243.01,278.42,328.34,321.31,302.77,326.17,282.78,279.45
191.31,213.18,240.03,241.13,276.22,325.11,318.92,302.55,326.92,281.85,278.86,197.97
251.23,265.49,253.77,280.57,323.21,315.84,302.65,330.32,293.59,290.88,207.24,137.62
287.42,268.39,288.16,327.75,316.86,303.79,332.87,296.61,298.61,215.92,143.91,118.12
305.46,314.75,340.74,324.11,305.3,334.65,300.67,303.29,228.55,158.43,129.08,128.01
335.37,357.36,331.08,308.25,334.68,300.61,304.63,230.87,165.68,136.93,134.2,115.99
375.28,345.57,316.82,342.63,304.54,309.64,236.01,168.47,143.6,144.44,123.77,183.07
318.18,300.88,335.82,306.05,314.64,242.81,171.8,141.73,136.73,118.47,178.99,229.95
319.57,344.07,308.6,309.22,235.77,162.57,135.79,137.32,123.22,180.19,230.83,288.29
320.15,291.41,300.13,230.16,161.22,134.35,134.62,120.64,172.63,221.43,281.04,360.63
276.92,293.86,226.63,162.21,137.44,138.85,123.12,171.82,217.54,278.26,358.61,387.12
241.13,193.71,145.6,131.82,141.19,126.7,170.81,212.16,262.1,342.6,375.15,294.38
195.43,142.84,130.23,136.65,122.58,165.58,208.16,261.4,342.08,372.42,292.29,295.29
157.17,139.98,142.13,125.01,165.15,207.4,261.75,343.18,376.58,297.1,299.03,289.13
144.66,148.01,128.82,170.27,210.87,266.11,346.93,377.68,299.09,303.35,292.51,268.05
120.45,107.43,159.91,205.0,265.15,345.92,374.98,296.13,294.06,281.15,259.21,269.01
78.51,145.58,198.51,267.89,352.45,383.67,300.85,292.01,272.66,253.65,265.14,289.19
128.29,192.09,264.76,354.79,387.93,306.63,295.32,271.4,248.73,262.46,287.46,302.73
149.33,241.77,345.28,392.06,315.93,307.81,278.16,245.97,250.07,279.22,296.61,324.16
247.3,350.83,393.54,314.92,306.16,275.66,244.17,249.79,280.65,297.12,325.01,322.41
302.76,365.77,299.26,301.0,278.75,248.66,250.18,276.43,282.83,309.96,311.39,311.27
372.43,298.71,301.89,276.84,245.8,246.54,274.09,283.21,311.27,311.35,310.82,281.21
