98.66,96.89,96.87,87.06,86.49,72.47,99.08,80.77,107.17,86.74,104.26,110.11
105.38,116.65,117.11,128.63,136.7,166.1,161.95,183.63,172.12,191.59,195.07,195.62
47.76,24.84,15.9,9.45,1.68,-0.57,-2.97,5.41,13.27,21.58,38.51,46.21
14.99,6.79,0.06,-5.03,-4.67,-5.31,4.27,14.0,23.5,41.69,50.24,73.48
18.59,14.77,11.76,13.37,17.81,26.87,39.75,46.08,65.68,73.28,94.2,101.96
11.88,8.82,9.58,13.72,22.67,35.99,42.09,62.41,70.08,91.41,99.83,112.11
34.26,33.67,36.76,38.43,46.11,48.14,65.24,68.24,86.24,91.07,99.49,106.68
44.81,52.75,58.49,68.83,78.07,95.27,102.94,117.51,124.73,132.63,137.17,138.75
31.92,34.76,42.96,52.34,65.86,75.7,87.81,99.91,107.38,114.33,120.04,119.34
26.42,32.59,41.03,53.82,61.01,73.89,84.4,94.0,100.49,107.32,108.5,107.62
24.58,29.24,39.51,43.97,50.94,61.55,67.54,76.54,81.62,83.6,85.05,82.69
28.45,36.65,39.76,44.11,50.94,56.32,63.14,68.95,69.8,71.42,70.07,72.34
27.39,26.92,28.2,32.1,31.38,38.2,40.18,43.87,43.69,43.1,48.16,46.66
19.19,17.8,19.33,16.61,18.75,20.91,21.58,23.69,21.6,27.18,27.69,30.79
8.78,8.69,4.56,6.58,6.64,8.12,8.78,8.86,13.91,15.24,20.12,20.21
19.44,15.5,17.94,16.23,17.16,16.39,16.29,19.15,19.82,23.39,21.6,22.28
28.71,31.98,31.19,30.34,29.5,27.76,30.78,28.62,31.61,28.24,26.48,28.68
55.69,57.92,60.08,57.89,59.13,59.65,59.79,57.29,54.23,50.06,48.16,44.61
51.34,51.69,48.06,47.94,44.96,45.29,40.59,39.37,34.12,32.69,30.77,28.97
94.55,91.24,92.59,81.65,77.92,67.08,64.07,50.18,45.41,37.98,29.33,24.01
241.81,250.74,249.02,224.15,210.62,188.04,174.98,138.33,123.73,96.85,66.24,53.6
146.0,141.78,113.2,115.48,95.49,95.99,59.54,66.55,44.74,26.34,30.77,19.34
154.68,125.95,130.57,109.42,109.85,71.61,78.96,54.42,35.64,38.63,24.64,23.84
75.61,76.42,52.71,60.61,21.78,35.61,10.0,1.88,6.34,-2.05,5.21,0.84
62.66,35.0,40.15,1.58,12.22,-12.45,-22.69,-14.7,-23.6,-14.75,-16.33,-8.66
40.01,45.29,5.85,15.09,-9.51,-20.92,-12.98,-22.68,-13.88,-15.97,-9.33,18.61
54.44,15.52,23.67,-2.3,-13.69,-7.09,-16.95,-9.97,-12.64,-7.42,19.75,20.77
18.19,28.44,2.79,-7.99,0.77,-8.97,-1.06,-4.58,0.86,27.35,27.21,61.48
97.89,75.08,67.25,65.97,54.96,53.88,50.41,41.1,63.9,54.87,77.59,60.84
39.13,33.95,33.53,31.24,36.42,39.03,32.85,62.38,56.74,83.85,70.64,93.77
38.46,43.98,48.14,60.57,75.63,71.29,108.69,100.23,132.07,119.67,140.24,138.15
64.89,75.06,93.86,112.21,118.27,155.07,153.75,179.83,171.25,191.23,185.51,180.33
28.55,29.45,32.78,26.41,33.76,33.12,40.39,45.73,56.28,53.64,59.99,64.3
31.47,38.35,34.88,45.42,51.44,59.48,69.1,78.41,78.65,85.85,89.64,96.46
18.11,7.59,11.77,12.97,9.44,19.57,21.38,27.56,31.11,36.29,48.33,48.3
28.84,33.18,34.75,27.02,34.94,33.84,38.9,38.2,41.53,50.78,47.32,55.76
20.75,21.86,13.45,22.97,22.11,28.8,28.07,33.94,43.76,41.75,52.33,48.91
17.38,8.45,17.55,16.71,22.75,22.54,27.96,38.87,36.84,48.0,45.12,50.57
-0.12,9.41,9.17,17.57,19.27,26.27,38.25,37.73,49.96,48.34,54.89,58.34
20.08,21.22,31.32,32.83,42.12,53.19,54.41,64.09,63.21,69.1,71.2,66.14
20.04,24.3,20.88,22.82,22.32,21.59,24.13,25.13,26.65,27.95,24.44,29.64
54.15,52.46,56.22,51.52,50.46,49.16,50.44,45.61,45.59,38.51,38.81,34.74
77.36,83.74,81.69,78.09,78.02,76.39,72.78,67.2,59.6,57.05,48.69,47.43
94.5,91.24,87.34,83.47,77.7,71.98,64.12,54.65,50.02,39.89,37.31,27.15
94.36,90.61,87.64,81.48,75.19,66.87,57.21,51.89,41.37,38.27,27.24,24.28
98.24,95.42,90.51,83.54,75.01,64.33,59.14,46.91,43.43,31.45,26.96,21.64
94.06,89.95,84.3,77.43,68.72,63.94,53.08,49.6,38.59,34.57,29.34,27.43
87.85,78.77,69.37,57.32,46.45,34.58,27.35,17.63,11.36,5.8,5.0,6.99
146.05,139.4,130.7,109.92,96.09,79.83,69.92,49.58,40.49,31.38,22.27,22.88
147.31,139.15,118.48,102.91,85.16,73.83,52.63,41.92,31.64,20.99,20.22,19.82
217.91,202.29,192.49,164.98,154.14,122.92,113.7,86.46,72.62,62.18,47.96,46.38
163.97,155.29,128.46,126.15,99.43,95.91,70.87,64.32,56.75,46.89,50.48,47.44
67.72,37.83,32.98,21.57,23.04,10.0,5.24,15.61,11.12,25.46,36.05,41.9
3.62,-3.79,-16.68,-9.1,-19.98,-20.0,-8.86,-6.16,10.44,25.52,36.46,54.58
3.42,-12.01,-6.8,-20.53,-23.4,-13.74,-12.79,2.91,16.7,26.83,44.55,55.81
-3.21,1.93,-13.73,-19.93,-11.83,-12.6,2.02,14.43,23.72,40.44,50.83,83.47
6.33,-9.38,-17.69,-12.34,-14.81,-1.25,9.82,18.51,34.27,43.74,76.63,84.79
-14.44,-22.44,-18.26,-20.77,-7.79,4.23,12.07,28.95,37.85,70.75,79.39,96.98
-11.99,-5.77,-6.21,7.32,22.4,29.95,48.71,54.77,88.02,95.38,110.1,110.77
18.02,23.72,43.33,60.93,78.04,95.86,108.37,135.23,145.56,158.77,153.88,152.25
12.09,30.24,47.39,64.49,80.42,94.31,120.11,133.13,146.47,143.42,143.9,146.06
31.5,50.31,69.91,87.22,104.55,130.86,146.46,159.09,158.06,159.7,162.72,153.73
14.51,21.46,28.34,36.99,42.58,59.01,58.53,68.0,63.44,69.35,69.95,64.75
8.38,6.91,8.68,6.71,8.41,6.96,7.16,7.41,8.17,9.04,7.89,7.41
10.79,13.18,11.8,13.35,12.51,12.33,13.03,12.87,13.82,12.27,10.94,11.67
16.13,15.49,17.8,17.2,18.07,18.58,19.14,19.31,18.09,16.56,16.76,14.96
17.82,19.92,19.34,19.41,19.15,19.28,19.04,17.43,15.54,15.44,13.4,13.33
20.09,18.44,17.78,16.27,14.35,13.71,10.85,9.18,8.27,6.01,6.21,3.43
31.25,30.94,30.03,25.97,24.52,19.88,17.92,14.38,11.28,9.87,4.92,5.28
122.27,125.71,126.93,112.48,106.08,92.2,89.04,66.67,60.89,44.9,30.04,22.93
115.84,118.49,104.92,100.87,88.37,86.63,65.08,61.01,45.86,32.04,26.35,18.45
71.41,55.28,49.26,43.16,41.19,25.45,20.62,15.43,3.41,3.15,2.96,0.28
55.33,48.76,43.51,42.54,27.3,22.66,17.82,5.69,5.5,5.26,2.1,0.47
47.54,40.57,38.75,23.18,16.85,11.88,-1.26,-0.95,-1.85,-5.02,-6.39,-6.88
43.28,42.03,26.58,20.22,16.38,2.72,3.77,2.29,-0.36,-1.77,-2.82,10.5
36.87,21.06,13.39,9.61,-4.52,-3.17,-5.16,-6.54,-7.94,-8.53,6.09,10.74
15.09,7.18,2.36,-11.15,-10.14,-11.35,-13.29,-13.37,-14.18,0.75,6.41,18.9
6.11,1.03,-13.06,-11.87,-13.04,-14.77,-15.04,-15.68,-1.01,4.42,16.86,19.95
7.27,-5.3,-3.16,-3.75,-3.14,-3.66,-2.91,10.17,16.07,27.8,28.84,35.92
8.49,15.01,18.24,21.23,27.54,27.94,45.38,47.38,61.14,61.17,64.56,74.08
26.97,35.6,43.51,53.66,63.4,81.05,89.17,99.1,102.59,105.87,113.07,108.9
9.67,10.09,13.78,19.1,24.78,34.09,36.31,47.0,46.83,56.26,58.29,59.85
7.09,7.31,9.9,11.98,15.0,16.56,23.31,24.63,31.73,33.57,36.29,37.84
9.63,13.67,17.13,21.35,25.48,32.49,35.49,41.73,44.55,47.37,48.29,48.42
10.19,12.16,15.28,18.16,22.7,25.72,30.45,34.35,36.48,37.77,38.93,39.11
17.15,19.68,22.28,24.91,26.16,29.96,32.9,34.21,34.71,35.25,34.96,34.62
20.5,21.95,23.77,23.3,24.6,27.02,26.84,27.47,27.05,26.48,26.45,24.9
29.18,30.62,30.12,29.36,30.1,28.7,28.45,26.7,25.23,24.22,21.71,20.68
78.92,79.9,81.38,74.18,70.14,63.3,60.73,49.28,45.31,36.82,27.92,22.86
131.9,136.49,132.89,121.6,113.79,104.44,93.31,78.26,67.25,51.97,38.15,30.49
149.77,147.73,138.49,129.21,119.83,106.91,92.23,78.2,62.37,46.81,36.8,26.82
140.68,130.84,122.08,113.6,99.69,85.67,71.1,56.75,41.03,31.6,22.6,14.5
153.58,144.63,137.78,120.41,104.23,86.4,71.23,50.84,39.56,27.51,15.4,8.45
191.76,186.96,172.94,150.68,132.05,110.58,90.6,69.3,55.05,37.21,22.17,17.61
151.7,135.89,111.68,97.62,75.64,59.65,37.58,30.87,14.24,3.14,4.46,6.57
123.3,98.06,83.28,63.23,47.18,26.43,19.4,5.51,-5.23,-2.67,1.4,10.64
97.59,82.31,61.88,46.47,25.79,18.81,4.76,-5.9,-3.68,0.01,9.07,17.19
62.27,40.34,22.85,5.03,-1.86,-13.46,-24.59,-18.06,-13.84,-2.77,8.29,21.95
40.18,24.77,7.84,3.5,-3.55,-14.0,-4.93,-1.16,11.48,22.72,35.21,57.44
24.72,12.09,10.45,8.52,6.68,17.37,26.22,37.76,52.15,65.27,86.45,99.72
24.08,24.28,23.49,21.12,34.25,42.16,55.23,66.78,80.28,100.28,111.43,127.01
15.38,12.46,7.6,19.25,23.85,37.56,46.81,62.67,81.67,93.55,111.11,117.46
27.34,23.16,35.35,37.17,50.2,57.7,73.3,89.25,100.23,116.04,119.63,129.61
31.46,46.47,51.0,65.15,76.73,92.27,110.95,119.51,136.66,139.86,148.01,151.51
40.48,44.34,58.42,69.93,84.82,104.3,112.61,131.09,134.65,143.97,149.26,143.71
31.34,38.79,45.23,54.26,62.08,70.11,81.34,89.25,94.78,100.89,98.99,102.24
23.06,27.41,35.05,43.46,49.33,62.29,68.8,77.93,84.06,84.15,90.67,86.47
27.06,32.37,39.35,42.35,51.09,56.92,63.6,70.42,69.18,75.77,72.54,74.65
26.53,29.22,28.77,33.31,31.46,37.5,39.57,40.62,44.59,41.52,45.84,43.74
28.2,26.59,30.15,26.8,30.42,32.19,31.77,36.31,32.41,36.75,35.29,36.86
11.9,13.35,8.09,11.88,10.96,11.92,14.56,14.14,18.01,18.03,22.41,24.24
26.74,21.93,26.49,23.68,24.41,25.36,25.02,26.07,25.49,28.3,27.98,26.2
59.52,64.84,63.36,57.38,55.44,49.86,49.72,41.48,41.62,36.53,28.57,29.55
95.07,96.48,93.43,88.36,84.18,80.4,73.59,66.99,61.28,49.83,45.66,38.62
154.33,153.91,152.36,139.18,133.0,118.37,111.31,93.49,78.82,67.5,50.91,45.07
168.79,167.97,156.34,147.6,131.16,121.9,103.35,85.5,72.73,53.92,45.55,33.12
189.67,179.23,173.18,154.28,144.56,123.13,105.56,88.06,68.17,57.07,40.7,31.04
164.79,156.89,137.55,129.19,105.67,89.45,70.62,53.95,42.53,27.49,19.95,14.94
151.89,132.19,124.61,103.02,87.72,69.52,53.49,42.99,28.54,21.66,17.18,15.68
134.87,126.32,104.41,88.2,68.59,51.7,40.39,25.61,18.06,13.07,11.17,20.82
112.29,88.15,69.5,50.47,31.34,21.1,4.61,0.42,-5.0,-5.69,6.78,12.64
75.53,55.6,34.5,16.33,5.01,-10.25,-15.61,-18.08,-19.02,-5.58,2.11,23.68
60.34,41.14,23.86,14.3,2.79,-2.52,-2.94,-5.37,8.91,15.87,35.84,47.65
44.21,30.34,22.84,14.76,15.81,16.24,17.52,30.33,39.32,59.2,69.25,86.58
31.47,25.58,18.35,20.94,24.58,26.39,41.0,49.33,70.21,80.26,96.59,110.59
37.77,34.73,40.68,46.55,55.25,69.71,82.44,99.82,112.1,127.77,138.97,147.96
47.42,52.51,57.86,62.41,73.64,84.37,99.96,109.96,123.92,133.51,140.88,148.48
48.96,53.86,58.08,68.68,78.47,94.47,103.93,118.74,128.27,136.24,144.92,146.16
24.97,24.98,32.0,41.9,52.61,64.94,76.13,92.52,99.76,111.65,118.53,122.4
24.21,29.29,38.24,46.88,56.06,66.99,81.54,89.36,100.23,107.24,111.77,113.83
25.01,31.93,39.25,46.76,54.53,69.18,75.14,87.36,93.54,98.68,102.25,101.7
32.26,36.1,40.93,43.96,51.78,56.47,64.59,71.68,74.41,77.66,78.21,80.72
18.67,21.02,21.72,29.39,30.68,40.41,45.2,52.1,54.87,57.35,63.52,64.75
27.53,26.64,33.36,31.39,37.44,40.82,45.6,47.48,48.34,53.52,54.35,54.41
15.97,20.51,16.7,22.07,22.21,27.82,27.57,31.1,35.44,37.26,39.53,39.93
21.86,16.99,21.71,20.37,24.02,23.26,25.63,29.97,31.04,33.06,33.44,32.8
50.56,57.18,58.15,57.21,56.3,54.43,59.24,53.17,53.84,50.32,43.94,45.86
103.58,107.01,109.06,101.47,98.7,97.46,91.67,82.48,76.82,64.92,59.47,50.17
149.31,152.24,146.33,135.22,129.46,117.43,106.25,92.07,76.74,65.79,49.89,44.12
147.37,140.45,129.11,122.63,107.69,96.56,80.64,66.53,54.52,38.64,33.73,22.53
162.51,153.09,149.97,133.68,123.88,105.43,92.65,75.62,59.29,51.77,36.23,29.64
143.05,138.62,122.39,114.0,94.49,82.74,65.08,50.9,43.31,28.74,23.6,17.44
122.51,104.78,95.73,78.61,66.62,50.72,36.29,32.2,18.31,15.14,11.64,13.09
114.84,104.36,86.42,71.33,52.29,35.76,29.85,14.33,9.51,4.46,4.46,14.76
88.11,69.52,53.09,36.75,20.91,16.97,1.48,0.07,-4.24,-2.51,10.67,16.93
57.32,39.04,20.25,4.63,-1.39,-15.86,-19.01,-20.35,-19.23,-5.16,3.11,21.65
52.51,35.4,20.63,14.26,2.02,-2.44,-2.5,-4.53,9.45,15.84,31.33,41.96
39.95,29.37,25.82,17.58,20.57,21.4,23.82,35.83,44.61,59.96,68.39,83.09
47.4,47.49,42.33,45.85,51.94,53.08,68.52,72.74,89.35,96.12,106.96,117.34
34.75,30.52,34.42,43.62,47.7,65.41,71.25,90.18,98.65,111.42,123.78,127.87
47.08,49.37,57.8,56.43,69.38,72.47,88.72,94.32,104.62,114.77,116.62,124.87
47.37,56.15,55.24,68.46,72.18,88.91,94.97,105.56,116.17,118.55,127.4,126.43
32.0,26.86,36.52,39.5,50.52,58.71,65.51,82.07,83.4,94.9,98.89,101.51
33.73,41.71,43.93,51.48,55.9,61.28,75.68,76.06,85.94,89.01,90.94,95.87
29.65,30.59,37.19,42.41,46.79,62.64,62.35,74.91,78.24,81.79,89.39,84.67
15.46,17.57,19.04,20.67,29.45,29.82,37.83,45.41,46.98,55.98,54.74,62.54
18.78,18.89,19.52,26.38,24.24,31.67,37.74,39.41,47.46,45.98,54.08,52.84
31.45,32.18,39.32,34.55,40.62,44.94,45.99,51.57,49.11,55.72,52.7,55.28
23.42,28.59,22.08,27.06,28.12,29.69,33.14,32.94,38.66,36.4,40.93,41.79
52.49,46.89,53.19,50.48,51.19,51.47,51.18,51.93,48.45,50.15,47.2,43.82
47.17,52.41,49.01,48.03,45.45,44.7,43.72,40.48,40.97,37.63,34.26,35.76
115.69,116.51,120.66,110.71,111.38,102.6,101.37,88.11,82.89,72.27,63.16,53.95
199.57,206.35,200.29,186.72,172.4,159.6,144.37,122.07,105.97,86.42,63.77,54.34
173.54,166.13,151.47,140.98,126.63,115.17,91.6,82.42,63.47,44.24,40.28,28.33
166.13,152.42,144.47,132.06,122.72,99.44,91.77,72.43,54.06,50.26,37.72,33.75
119.65,107.09,91.88,85.33,57.96,53.76,31.5,20.56,16.3,7.06,8.68,1.55
120.77,104.56,98.27,68.69,62.96,38.52,26.92,20.04,9.71,9.66,0.11,8.24
127.44,122.34,93.64,84.74,60.35,45.41,38.88,23.77,22.88,10.57,14.85,26.29
132.72,104.9,95.81,69.83,54.69,46.51,31.27,28.26,15.29,18.0,28.06,34.76
81.74,71.49,43.39,30.85,21.88,9.37,5.17,-2.81,0.01,12.09,22.32,41.94
97.11,71.36,61.08,50.75,41.07,34.22,28.13,25.06,36.77,43.71,58.24,58.22
42.35,32.94,22.56,19.65,17.25,15.88,14.9,32.17,41.6,59.62,62.64,83.18
38.19,33.02,34.91,38.45,48.06,48.43,72.56,79.4,101.56,105.19,123.38,132.64
35.97,40.42,46.03,57.76,63.24,87.97,98.1,119.07,124.88,143.72,152.58,162.71
39.13,36.85,41.77,37.53,47.23,54.9,66.53,74.71,87.83,95.66,108.3,115.1
30.34,35.22,30.26,39.99,47.41,59.86,67.75,82.32,90.35,103.86,112.04,121.68
20.92,12.48,19.05,24.65,31.69,40.58,51.53,63.33,75.27,84.66,97.34,99.36
30.86,39.61,47.7,53.54,64.63,73.94,87.41,95.1,104.61,115.48,113.95,120.27
29.11,35.92,41.06,52.55,60.67,75.41,82.36,94.2,105.22,105.14,113.69,108.57
32.29,35.18,45.22,50.89,61.63,68.38,77.86,90.26,89.1,98.19,94.4,97.89
19.75,25.97,28.64,37.63,38.6,49.08,57.79,60.68,68.3,66.05,73.12,72.35
41.62,43.92,53.22,50.58,58.88,65.26,67.18,71.78,68.28,73.61,71.03,68.91
20.38,24.14,16.57,22.36,20.05,23.38,22.29,24.96,27.9,27.35,30.31,31.61
31.77,23.92,29.77,25.66,27.78,25.51,27.57,29.07,27.77,29.77,29.94,28.99
55.05,62.67,60.73,58.64,56.13,54.28,56.13,48.2,48.82,45.27,38.97,40.74
109.75,110.11,110.94,101.59,98.63,94.29,86.52,77.17,71.34,59.39,53.61,43.4
119.43,120.06,110.89,104.83,97.41,87.84,76.84,69.34,55.8,48.53,36.9,35.09
104.08,94.03,87.81,82.63,72.57,63.48,55.55,45.33,38.43,28.46,29.18,21.43
106.84,101.85,99.06,88.87,81.4,72.18,63.28,53.37,43.5,42.83,32.5,30.52
98.44,92.84,81.03,71.73,58.16,48.82,36.27,27.66,25.42,15.03,13.98,10.99
99.25,87.91,79.22,65.14,56.26,42.74,34.56,30.96,20.59,18.86,14.66,20.65
82.88,73.44,58.41,49.55,34.92,26.99,22.55,13.43,11.39,7.51,14.47,21.47
67.5,52.71,43.65,30.67,23.97,20.44,11.85,10.92,7.58,15.12,23.11,28.73
47.63,36.59,21.57,13.71,7.13,-1.37,-4.45,-6.28,-0.01,7.95,14.36,25.1
65.73,53.86,48.72,40.38,35.13,28.97,29.44,29.06,36.88,39.88,44.82,51.3
67.68,66.84,61.93,58.61,58.64,58.52,62.12,66.12,70.86,74.63,77.71,87.01
73.0,70.11,68.64,69.53,72.46,75.84,81.84,84.82,89.58,92.29,100.4,102.07
58.44,54.95,54.2,56.73,57.22,64.3,65.35,72.97,75.03,84.32,88.35,91.82
83.33,81.42,83.95,77.66,79.79,76.48,81.51,78.16,84.37,84.62,83.76,84.95
63.49,66.35,60.18,65.78,64.46,72.16,69.86,79.56,81.38,82.94,86.91,89.22
43.56,34.57,37.9,37.73,42.75,42.84,50.62,57.69,59.29,65.95,72.56,76.32
24.05,25.66,24.24,29.55,28.01,36.91,42.84,46.93,53.43,61.29,67.14,73.31
15.97,11.37,13.96,10.87,15.44,21.86,23.13,32.31,38.93,45.67,54.3,56.56
7.87,8.89,4.06,6.97,10.71,11.89,19.31,27.13,33.04,41.96,45.11,56.48
11.82,6.85,9.26,11.87,12.32,19.26,26.6,32.02,40.52,43.28,54.38,57.01
17.65,21.69,25.59,25.34,33.8,40.17,46.65,52.64,55.53,65.53,66.25,72.54
21.35,23.87,22.54,29.11,32.69,38.79,43.07,46.34,55.27,55.8,62.61,60.08
14.81,12.68,18.59,22.69,27.92,33.31,35.95,46.92,47.53,55.43,54.38,55.95
19.87,25.71,30.37,34.18,38.83,40.55,51.25,50.38,57.77,55.95,56.28,57.12
32.72,38.75,44.22,49.07,52.82,63.03,63.69,69.3,68.21,68.22,68.1,63.49
25.24,25.94,26.84,27.2,29.39,30.3,30.85,33.75,31.33,32.26,31.1,31.43
25.4,24.92,24.29,24.84,23.08,23.2,24.47,22.53,22.49,21.2,22.02,21.64
25.65,24.55,24.86,22.41,21.51,22.53,19.99,19.92,18.19,18.84,18.53,17.77
28.49,28.06,25.18,22.62,21.78,18.39,17.24,14.91,14.67,13.7,12.46,12.97
27.87,25.04,22.54,21.73,18.33,17.17,14.85,14.65,13.67,12.42,12.9,12.72
33.46,31.5,31.38,26.98,25.9,22.52,22.5,19.71,18.13,17.6,15.91,17.17
33.09,33.43,29.54,28.68,25.93,25.8,23.44,21.41,21.04,19.2,20.16,19.59
37.42,32.94,31.76,27.54,25.84,22.68,19.75,18.75,16.14,16.47,15.41,15.18
67.82,67.88,65.36,58.2,53.48,45.85,44.43,34.58,32.85,27.44,21.34,21.38
88.86,88.6,83.68,77.12,70.77,66.89,58.21,51.74,45.93,37.36,33.68,29.22
99.74,95.49,90.0,81.9,77.35,67.07,60.44,52.27,42.97,37.83,31.45,29.17
57.89,50.5,40.76,41.56,31.38,29.53,20.89,19.5,15.81,13.74,17.55,15.6
33.2,22.01,22.14,14.84,13.33,6.98,5.56,5.53,4.27,10.19,10.91,13.71
6.25,4.75,-3.94,-3.43,-10.03,-9.54,-9.98,-7.78,-1.31,1.33,6.72,13.96
8.61,-0.65,-1.01,-8.81,-9.0,-10.21,-8.44,-2.55,-0.24,4.77,11.69,19.41
1.76,1.42,-7.31,-8.7,-10.58,-9.36,-4.02,-2.04,2.55,9.07,16.59,29.86
12.52,4.61,3.27,-0.34,0.91,4.84,6.83,9.06,14.97,20.97,32.6,35.14
1.2,0.15,-3.77,-2.1,2.02,4.63,6.75,13.32,19.28,31.06,33.78,41.31
5.51,3.08,6.24,11.22,16.32,18.4,26.54,30.94,43.35,45.55,51.48,50.8
13.18,19.84,28.26,35.5,43.29,51.35,59.54,69.0,73.13,78.61,75.37,77.39
19.59,27.23,34.35,41.17,47.92,55.96,64.77,69.11,74.33,71.35,73.9,70.67
21.92,27.29,32.89,38.21,43.33,52.27,54.88,61.66,58.05,61.33,59.88,58.44
11.33,11.7,12.64,14.44,14.88,17.98,19.32,20.27,20.97,20.74,23.27,22.06
19.8,20.12,21.67,19.77,20.86,20.83,20.68,19.94,18.63,20.06,17.81,17.6
19.08,19.59,16.84,16.78,14.66,14.27,12.23,11.4,12.04,9.69,9.86,9.06
33.53,31.83,32.95,29.25,29.26,25.51,25.17,22.78,20.05,18.62,15.38,14.8
126.83,132.38,134.13,120.42,114.57,101.82,99.66,76.91,70.85,56.13,39.77,33.46
123.63,126.3,113.15,108.86,96.4,95.35,72.78,68.31,53.96,38.4,33.5,23.24
90.92,75.79,70.26,62.46,60.89,42.61,37.4,30.56,16.23,15.37,10.83,8.18
55.81,48.82,40.85,43.04,25.37,22.91,16.21,5.99,6.05,3.81,4.0,1.18
31.86,21.64,22.53,7.34,4.32,-0.3,-11.06,-7.28,-9.05,-6.81,-6.82,-5.59
27.11,27.44,11.62,7.11,1.82,-10.1,-6.66,-9.32,-7.36,-7.86,-7.41,7.2
43.84,28.31,23.16,14.44,1.14,1.97,-1.44,-2.65,-4.33,-6.03,6.46,11.18
22.54,17.61,7.79,-5.09,-4.54,-7.28,-9.04,-9.45,-11.36,1.38,7.07,22.32
21.45,12.41,-0.2,0.52,-1.07,-3.06,-2.92,-5.88,6.81,11.71,26.05,26.36
21.38,10.26,12.14,10.59,10.35,9.91,8.01,18.53,23.45,36.58,34.27,40.37
20.07,26.07,28.44,31.4,37.96,36.29,51.28,53.07,68.42,65.56,68.45,74.32
40.83,49.39,58.23,69.17,78.25,93.31,102.21,112.97,114.11,116.8,119.57,116.31
31.75,33.43,38.48,41.97,44.89,53.86,56.98,63.57,62.48,66.56,68.24,68.42
21.86,23.07,23.39,23.81,26.53,30.03,32.62,34.85,37.03,39.61,42.71,44.04
24.69,23.8,23.36,24.24,25.33,27.29,28.08,30.24,31.86,34.61,36.07,36.34
23.52,21.81,21.66,21.13,20.52,20.91,21.48,23.5,25.24,26.49,27.0,28.67
21.69,22.32,22.53,22.79,24.62,25.48,28.41,29.96,31.79,32.49,33.99,35.6
26.19,26.56,27.19,28.4,29.24,31.68,33.33,34.34,34.94,36.08,37.2,36.87
37.23,36.81,37.44,34.82,34.0,33.72,32.91,31.67,31.13,30.71,29.02,28.62
43.61,44.29,41.89,39.53,38.24,36.38,34.64,32.75,31.66,29.05,27.59,27.29
73.14,72.23,71.79,66.4,64.02,58.52,56.82,49.61,45.66,40.75,35.65,32.88
105.66,106.61,103.16,95.47,88.22,81.97,74.28,63.35,56.36,47.05,38.76,33.84
164.6,163.97,160.07,144.37,136.35,120.95,109.95,90.71,78.35,62.9,48.29,39.61
187.31,185.11,171.86,160.68,144.45,130.26,111.05,93.62,76.84,59.17,46.38,36.76
203.4,190.8,181.68,162.87,147.31,125.44,107.64,86.98,67.97,52.68,39.78,30.26
153.87,143.18,123.78,114.43,93.45,80.41,59.88,48.47,34.9,26.24,22.39,19.6
132.75,110.97,100.77,80.82,66.14,46.47,33.99,22.89,14.03,11.24,10.18,11.28
117.41,106.17,85.66,69.45,48.19,34.38,22.35,12.43,8.69,6.63,6.58,18.42
117.75,97.34,80.7,57.47,42.98,29.04,18.73,12.71,9.79,8.09,18.18,28.51
97.15,81.77,58.44,44.77,32.55,22.33,17.09,14.06,12.76,22.62,32.63,51.42
92.08,69.52,55.93,42.58,32.65,26.17,23.16,19.6,28.69,36.93,53.61,62.42
83.16,73.29,62.83,54.6,53.57,50.01,49.78,55.17,64.56,79.68,84.75,99.02
333.52,337.19,345.33,309.7,305.52,272.32,281.39,235.29,239.6,213.67,183.66,176.0
487.44,509.29,487.06,465.48,435.96,426.61,385.49,356.74,326.04,278.13,244.4,222.57
254.18,222.56,190.74,197.63,192.13,183.78,153.93,176.5,140.36,136.86,157.25,146.35
101.67,59.68,61.51,72.87,63.71,49.37,69.87,59.64,60.83,95.85,104.67,110.28
-8.37,-21.09,-19.61,-25.69,-52.62,-25.11,-44.06,-26.51,6.16,22.23,40.33,45.06
-0.19,-2.62,-12.54,-46.49,-23.96,-47.18,-32.37,-2.81,11.31,27.66,30.04,76.06
17.5,8.83,-28.42,-12.46,-37.09,-26.34,2.27,12.95,28.57,28.94,73.49,114.96
1.78,-36.3,-25.62,-53.59,-47.6,-18.93,-12.17,5.78,3.88,47.97,92.74,119.39
-34.86,-25.41,-56.2,-53.45,-29.19,-22.69,-8.31,-10.22,30.75,73.52,99.86,123.16
16.22,-11.47,-5.62,14.62,23.35,33.6,33.38,64.96,106.12,126.93,140.97,127.87
10.93,28.32,59.34,76.74,105.43,106.55,149.93,183.68,210.56,223.8,201.48,227.6
71.86,123.22,160.94,205.58,242.65,287.24,344.75,357.27,384.01,361.66,377.88,358.96
141.81,169.54,208.31,228.35,251.79,303.11,303.84,329.65,299.95,314.11,298.17,275.35
113.72,120.4,113.77,108.1,101.45,98.81,88.22,78.2,72.31,57.87,52.07,43.95
180.52,176.64,174.88,159.05,154.13,135.41,125.11,106.59,88.93,75.77,57.75,47.84
149.77,146.14,129.13,126.8,105.61,98.26,77.96,66.12,52.91,37.52,31.93,23.47
166.7,151.03,151.85,129.52,123.36,100.66,90.08,72.21,56.47,48.52,36.16,28.12
171.85,172.63,151.77,142.31,117.7,104.03,85.48,65.48,55.93,40.87,29.21,26.76
154.6,130.86,119.18,95.29,78.26,61.1,38.85,33.58,17.96,8.04,9.01,6.65
143.24,132.29,109.28,90.82,73.77,49.66,44.6,26.4,15.96,15.31,10.53,26.78
103.18,78.56,57.99,45.38,21.68,20.21,1.65,-2.68,-2.31,-4.05,17.2,18.02
72.6,50.99,37.01,13.78,11.58,-6.41,-11.55,-9.71,-11.83,9.68,11.01,33.19
51.87,38.96,16.01,15.4,0.17,-4.64,-1.38,-4.04,18.11,19.14,40.23,52.74
57.71,40.67,44.47,32.53,37.35,40.02,43.41,60.37,64.24,83.92,91.88,107.32
48.68,53.66,42.3,46.26,49.99,52.63,70.2,72.22,91.85,98.89,112.67,129.1
49.4,39.92,45.05,51.38,58.05,77.0,81.43,101.43,110.25,125.04,142.19,143.02
46.2,47.79,51.37,51.98,63.07,65.55,80.72,89.28,100.69,116.43,116.76,130.49
60.36,66.05,68.95,79.86,85.09,99.36,109.9,118.16,134.53,133.8,145.21,142.36
46.94,48.56,58.5,65.31,78.76,91.71,99.35,119.91,119.9,133.93,134.65,139.03
43.77,49.48,53.45,62.66,68.29,75.33,91.42,93.42,105.0,105.95,112.24,113.94
43.23,45.82,54.24,59.34,64.56,81.24,82.19,95.35,96.09,103.31,106.84,104.61
36.76,39.54,40.15,40.11,46.89,47.23,54.21,58.25,62.15,66.07,66.72,71.48
37.42,37.11,36.34,42.12,40.84,47.79,50.84,55.42,58.92,59.83,65.38,65.33
40.95,38.67,43.36,39.26,42.66,44.66,47.13,50.29,49.69,54.54,54.34,57.02
26.28,29.86,24.8,29.12,30.13,34.03,36.42,38.55,43.52,44.74,49.69,51.36
41.5,35.8,40.03,38.09,39.85,40.4,41.44,44.24,44.23,47.73,47.8,46.58
59.3,63.45,61.93,58.66,56.1,53.66,54.93,50.3,51.6,48.59,43.55,46.24
115.24,117.46,118.35,109.63,108.26,103.13,100.09,90.12,85.51,74.49,68.53,61.58
126.75,127.69,119.39,115.24,107.56,102.82,91.57,85.2,72.84,65.48,57.26,53.05
122.44,112.35,107.48,98.74,90.54,79.32,70.84,59.93,51.35,43.27,40.13,33.22
187.24,186.17,183.01,165.22,153.5,135.49,125.58,101.0,89.66,77.54,57.73,51.22
173.99,169.65,151.35,140.51,120.47,111.63,85.8,77.13,64.64,45.89,41.44,32.61
145.62,126.19,114.91,98.58,90.19,67.2,58.59,51.15,33.66,32.12,27.06,31.37
141.4,129.48,113.67,102.61,77.73,66.74,58.37,37.89,34.88,27.68,29.48,31.74
126.16,109.04,96.93,71.98,59.38,51.06,29.49,27.39,19.5,21.3,24.31,28.1
92.57,78.42,51.09,39.27,28.95,8.8,5.05,1.02,2.56,7.09,13.47,31.27
94.36,69.49,59.35,49.04,32.33,27.05,25.16,22.92,27.89,32.38,46.81,55.84
68.21,60.56,51.71,38.13,37.48,36.71,37.06,41.67,47.64,62.3,70.6,88.45
69.64,62.63,50.52,50.34,52.74,52.5,59.09,62.68,78.1,85.53,101.54,108.44
45.91,32.4,30.36,33.92,32.55,41.16,43.67,62.88,70.43,88.26,97.76,109.52
31.08,29.55,33.58,33.11,43.14,46.3,66.26,73.89,92.21,102.01,113.44,126.83
55.31,64.11,68.2,78.63,88.73,106.78,119.2,131.09,142.79,152.22,161.05,163.66
46.84,44.39,49.06,53.85,60.63,73.3,78.02,94.96,100.85,110.95,118.13,121.56
50.76,54.04,57.94,61.12,69.97,73.32,88.02,93.07,101.49,107.73,110.49,117.72
38.24,42.09,45.34,56.9,61.68,78.78,84.56,96.1,103.65,108.64,118.73,116.54
34.81,34.12,42.91,44.4,55.03,60.72,68.25,78.26,81.19,91.85,91.84,94.3
14.31,19.71,18.44,28.86,30.33,39.7,46.87,54.6,64.53,66.68,73.02,75.68
22.85,20.89,31.03,31.07,39.24,45.83,52.96,62.44,64.23,70.43,73.06,74.41
24.27,32.39,30.78,35.35,37.39,43.28,50.05,51.76,56.18,58.18,59.76,64.59
39.95,37.04,40.57,39.16,41.48,46.64,46.29,49.57,49.96,50.4,54.79,51.16
60.55,63.61,62.19,58.66,59.59,55.56,56.59,52.51,50.33,51.51,44.28,47.17
168.46,172.01,174.7,160.49,154.04,141.4,137.55,113.21,109.18,89.2,74.64,62.04
169.18,174.16,162.09,157.41,146.59,143.42,120.37,116.43,97.2,82.94,70.35,60.84
125.19,109.93,103.39,98.7,94.25,77.1,71.84,63.05,50.33,43.39,42.0,34.35
155.06,149.65,148.61,138.45,120.3,109.25,100.76,78.5,69.39,62.65,47.21,40.67
178.2,174.93,164.31,138.89,120.98,107.57,81.71,67.35,56.76,37.26,26.64,19.46
178.07,167.93,142.92,124.31,110.67,83.83,69.51,58.33,38.82,27.86,20.21,27.9
130.14,102.26,80.44,70.62,41.68,31.43,18.26,7.12,-3.32,-7.05,7.25,11.92
114.6,93.03,83.85,54.03,43.83,29.2,18.02,4.94,0.24,12.55,14.78,25.66
71.96,61.61,30.3,23.75,10.06,1.67,-11.37,-11.75,1.36,5.69,19.46,29.64
42.66,11.65,4.4,-4.78,-9.61,-19.77,-18.46,-1.62,4.71,20.88,33.1,50.64
10.48,7.72,1.57,2.36,1.39,4.57,26.81,32.25,51.84,64.93,81.04,107.06
13.24,11.38,15.29,18.47,30.35,53.53,64.34,81.63,97.96,114.46,139.54,145.05
-2.82,-5.69,-9.25,-3.75,7.59,18.15,27.74,48.85,61.3,87.07,96.56,113.57
8.18,3.38,7.36,13.7,19.93,27.19,45.64,55.72,79.05,86.35,101.1,109.5
28.65,40.07,52.82,62.0,80.04,97.54,114.7,131.11,141.63,154.58,157.44,163.79
46.59,58.38,67.51,82.41,97.02,113.04,127.96,137.38,149.21,151.42,157.51,151.96
50.66,56.22,68.83,80.08,89.57,104.5,110.02,124.33,124.6,131.43,128.22,123.81
37.35,45.33,53.45,61.03,68.99,75.81,85.74,90.91,96.0,94.74,94.41,92.15
31.75,38.5,45.66,54.83,61.01,72.58,77.41,85.49,84.9,86.64,87.32,82.91
15.45,15.8,19.48,22.16,23.52,29.41,30.97,36.74,35.69,38.52,39.65,39.7
10.12,10.39,10.22,8.64,8.86,10.07,12.29,13.28,14.24,15.68,17.61,20.83
14.88,13.82,11.3,9.34,8.3,9.48,9.12,9.47,9.88,11.11,14.08,16.24
11.37,7.82,4.59,2.41,1.43,0.98,-0.12,1.11,1.52,4.47,7.29,10.32
13.95,11.53,9.98,8.63,8.88,7.18,8.86,7.84,10.7,12.72,14.44,16.39
37.77,38.66,39.87,37.84,37.94,36.7,37.19,34.17,35.77,34.49,31.65,30.24
29.96,31.48,29.71,31.64,31.44,33.26,30.8,34.05,33.53,31.8,31.63,30.28
34.95,33.44,36.09,35.6,37.7,34.84,38.4,37.09,35.44,35.01,33.06,32.22
32.61,34.54,33.81,35.35,31.27,34.75,32.75,31.42,30.6,28.71,28.25,26.42
54.4,52.98,54.54,45.86,46.02,40.89,37.89,33.28,29.37,26.32,21.67,19.64
57.92,59.13,50.2,48.53,41.57,37.51,31.88,27.14,23.19,17.73,15.06,15.28
66.27,57.45,56.1,47.76,42.8,36.04,30.86,25.48,19.34,15.63,14.72,12.21
52.39,51.43,43.58,40.13,34.35,30.01,25.15,19.9,16.66,16.29,14.29,16.4
66.03,58.38,55.77,47.93,42.95,36.12,30.73,24.43,23.18,19.33,19.0,15.16
107.89,107.5,102.45,90.28,82.13,70.19,63.88,52.24,45.85,39.45,27.12,28.75
113.15,109.56,98.66,90.57,79.69,72.73,61.89,54.03,47.75,34.67,35.14,31.36
96.73,86.58,79.28,71.64,66.97,58.06,51.47,47.57,35.89,38.02,36.1,37.62
43.6,32.03,20.81,20.36,8.45,6.82,0.37,-1.79,0.72,3.41,12.25,13.67
60.68,50.13,51.26,35.88,34.17,24.13,22.34,18.82,20.27,25.71,22.03,27.16
48.05,49.43,33.81,32.66,23.31,21.76,18.6,20.43,26.2,22.8,28.02,37.13
32.14,17.09,15.52,9.8,11.08,10.42,13.66,22.82,21.3,28.9,40.89,49.0
21.48,19.52,13.14,12.8,10.83,13.33,21.58,19.35,26.11,37.33,44.89,57.03
21.67,14.45,13.17,9.97,10.91,18.76,15.47,21.94,32.24,39.18,51.22,50.62
17.81,16.76,13.52,13.63,21.3,17.63,23.94,33.57,40.21,51.78,50.1,61.72
14.29,13.2,15.05,25.56,26.27,33.76,46.05,52.59,65.97,65.04,76.36,77.94
33.58,38.82,52.79,53.36,65.27,75.94,85.63,94.08,94.23,103.88,101.82,104.51
21.9,31.55,28.6,38.3,42.29,52.98,57.16,61.77,69.65,69.2,75.97,73.98
26.64,20.59,27.86,28.89,34.2,38.05,39.35,49.04,46.87,53.96,53.66,52.65
5.77,10.42,9.21,14.09,14.18,16.78,23.92,25.4,31.6,32.73,34.4,39.91
26.63,27.75,35.2,35.16,41.1,46.83,50.72,53.01,54.94,55.23,58.03,53.61
23.97,28.53,26.07,28.85,29.04,32.4,31.27,34.77,33.17,36.04,33.06,35.45
39.67,35.72,37.51,33.55,32.67,29.34,30.42,26.99,27.78,23.08,24.13,21.48
56.07,60.34,58.85,56.52,55.15,54.02,52.17,48.31,43.55,42.37,36.01,36.58
67.28,65.07,62.59,58.88,55.26,52.07,46.85,40.86,38.41,30.94,30.71,23.97
58.48,55.68,51.99,49.2,45.69,41.25,35.04,33.99,26.66,27.15,21.36,21.24
57.66,53.05,50.13,45.64,39.57,32.82,30.85,23.28,23.03,16.82,16.36,13.81
46.08,43.82,40.1,36.53,32.04,31.33,25.13,26.05,21.05,21.7,20.07,21.29
42.56,36.69,31.48,24.97,20.7,13.9,12.62,8.41,7.77,5.98,7.9,10.45
81.88,78.65,74.33,63.43,55.55,48.25,44.04,33.94,29.89,26.29,21.39,23.37
122.91,120.58,111.67,96.7,87.25,76.97,66.19,52.9,46.51,35.89,30.57,28.69
118.53,111.55,98.1,90.52,82.6,72.41,60.56,54.14,44.35,39.17,37.08,35.51
60.32,45.07,35.91,36.38,28.14,23.17,17.17,17.93,15.38,19.28,25.61,25.77
65.4,57.17,59.97,50.63,47.25,39.12,41.2,34.12,37.74,41.83,37.93,40.37
65.75,68.85,60.17,56.09,48.46,49.5,42.94,44.69,48.7,43.97,44.9,48.05
34.02,22.96,15.86,11.73,11.83,9.21,9.85,21.55,18.08,23.27,32.74,43.12
5.39,-3.71,-10.31,-9.42,-13.86,-11.43,-1.3,-0.65,4.51,15.87,29.67,43.36
-8.9,-16.96,-17.87,-22.65,-21.87,-11.21,-11.89,-5.38,5.27,19.29,34.28,39.71
-6.04,-7.63,-13.42,-15.79,-7.41,-9.79,-4.72,3.96,16.45,29.77,33.26,44.99
-0.96,-4.19,-4.98,4.48,5.9,10.86,21.87,32.44,46.89,49.86,59.58,65.55
7.41,11.61,25.3,29.81,42.64,53.79,69.41,80.31,85.93,95.18,98.26,103.97
15.71,29.54,34.72,46.61,57.6,72.84,83.83,88.54,97.74,100.63,106.24,102.82
13.46,13.47,21.21,28.87,35.82,47.46,46.94,60.69,61.2,68.24,68.86,63.83
8.09,12.19,17.15,20.6,25.63,24.71,34.36,36.92,41.67,42.47,38.82,42.64
24.11,31.99,38.49,44.67,48.27,57.27,62.95,64.52,66.81,62.45,64.11,59.01
34.36,38.42,42.93,42.81,46.63,51.08,49.64,52.13,45.9,47.08,42.68,39.83
32.26,32.6,29.08,28.82,25.47,23.38,21.01,17.13,15.56,11.19,10.38,8.14
62.95,60.78,62.34,54.56,51.56,45.19,41.26,33.31,27.35,22.83,15.53,12.07
70.63,72.86,66.0,61.59,54.68,49.4,41.34,33.25,28.05,19.4,14.18,10.74
104.67,99.74,97.93,87.07,81.81,69.64,62.17,50.12,40.22,31.19,22.33,15.9
51.11,47.05,33.91,35.44,23.39,22.05,9.38,9.73,2.61,-0.66,0.81,0.33
29.76,15.13,16.01,6.88,5.99,-4.45,-4.06,-7.53,-9.9,-6.31,-4.03,-2.9
21.87,22.4,13.3,11.53,0.83,0.29,-3.27,-6.97,-3.79,-2.31,-2.39,4.0
28.1,17.94,14.87,1.94,-0.82,-5.66,-10.72,-8.37,-7.99,-8.97,-3.12,0.75
23.71,22.37,10.06,7.34,4.47,-1.16,2.35,1.32,0.82,6.07,8.7,22.43
25.06,13.27,10.46,7.42,2.2,5.45,4.53,3.38,8.45,10.5,23.84,23.24
16.16,14.59,12.44,8.01,12.99,12.21,12.04,16.22,18.56,31.48,29.76,37.76
34.55,33.78,31.05,34.02,34.14,31.7,36.72,34.63,46.98,42.89,47.05,44.79
38.91,39.42,45.28,47.91,50.74,56.14,57.47,68.01,65.85,70.05,66.09,68.34
28.85,33.88,36.15,39.95,44.86,47.47,57.65,57.78,62.36,59.83,64.1,65.05
29.2,30.7,34.23,39.21,41.24,51.91,51.75,57.43,55.09,60.17,62.6,59.45
12.17,8.9,8.09,5.65,5.31,5.54,4.14,7.27,8.81,12.46,13.77,16.3
14.34,13.92,11.84,10.9,11.46,9.4,12.8,13.16,16.71,17.43,18.92,22.71
15.12,13.94,13.6,14.79,14.24,17.73,19.03,22.14,23.42,24.95,28.47,30.03
20.29,19.66,20.64,18.27,20.35,20.61,22.93,23.05,23.76,26.4,27.14,29.31
27.62,28.72,26.57,27.02,26.43,27.62,27.33,26.43,28.39,28.06,29.02,28.45
44.5,42.79,43.95,40.58,40.62,38.16,36.81,35.53,34.11,33.06,29.87,28.47
84.16,87.73,87.29,81.75,78.96,72.33,71.55,61.29,58.44,50.29,41.8,38.93
128.38,130.83,128.73,120.87,114.43,108.51,99.14,87.48,77.79,64.47,54.77,45.63
151.96,150.29,143.79,133.16,124.53,111.93,99.09,85.11,69.9,57.35,44.85,36.96
141.38,133.85,123.25,115.3,101.04,88.97,74.0,60.75,47.86,36.1,29.64,21.55
148.87,138.18,131.67,115.33,102.02,84.88,71.23,55.23,42.35,33.92,23.12,18.3
135.75,128.19,111.74,98.43,79.91,66.18,49.4,37.16,28.25,17.5,12.99,12.43
138.06,121.5,108.57,88.51,73.98,55.52,42.98,32.11,20.68,14.86,12.68,16.27
117.37,103.84,83.0,68.63,49.3,36.9,25.32,14.91,8.74,6.69,10.92,20.22
124.61,104.74,91.25,69.35,56.85,42.49,32.18,21.6,18.41,19.79,25.48,31.61
70.78,56.69,33.21,26.59,14.32,8.63,-1.41,2.33,5.51,14.95,26.01,39.74
50.74,28.22,22.21,13.05,10.96,2.34,8.01,12.03,22.86,34.71,48.5,60.16
33.07,30.39,23.76,25.0,22.91,29.27,37.24,46.21,60.24,73.98,83.65,99.95
37.5,31.73,33.44,30.96,38.83,46.21,56.16,68.52,82.6,91.7,106.88,114.86
25.92,27.36,23.93,31.58,38.55,49.18,61.12,76.58,85.84,101.84,111.02,125.56
33.18,28.02,34.08,37.3,43.82,54.44,67.37,75.94,90.07,98.22,112.46,116.07
34.12,41.3,45.53,51.52,63.1,75.68,84.94,97.61,105.88,119.59,122.08,128.95
30.72,32.49,36.65,47.06,56.01,66.12,76.46,87.42,100.25,103.85,113.04,111.24
26.59,30.14,40.44,49.5,59.01,70.16,80.79,94.98,98.79,108.99,108.27,111.86
23.99,31.88,39.49,47.32,54.79,65.68,77.64,83.24,92.46,92.49,97.87,96.94
28.23,34.11,40.84,46.68,54.78,66.73,70.73,81.15,80.56,86.56,87.21,86.27
21.1,21.82,22.61,25.68,27.26,31.05,34.92,38.53,41.17,42.59,45.33,46.52
32.51,32.97,35.98,34.8,36.6,38.79,41.37,42.0,42.26,43.64,43.38,43.96
25.15,27.18,25.13,26.99,27.75,31.1,30.75,32.83,33.96,34.52,36.67,36.5
35.61,33.02,34.84,33.3,34.8,33.06,34.17,33.75,33.29,34.32,32.97,31.85
57.1,59.48,59.01,56.31,52.81,50.6,49.5,44.11,43.48,39.1,34.0,32.82
119.2,122.03,123.32,111.64,108.78,99.98,95.22,81.87,74.89,62.66,51.55,44.86
171.5,175.39,166.97,156.43,145.58,134.09,120.41,103.0,88.0,70.74,55.94,47.16
163.58,154.23,143.47,133.27,119.59,106.92,88.15,75.75,58.03,44.17,37.43,26.9
203.74,194.94,188.75,168.45,154.35,129.05,116.71,88.48,71.99,59.08,39.9,32.09
166.19,158.35,137.4,127.8,102.19,93.39,64.72,54.2,42.18,26.12,22.77,14.1
154.5,132.24,122.62,97.46,87.74,59.12,48.12,37.09,20.94,18.01,9.8,14.43
161.35,152.52,128.78,114.97,85.4,70.27,59.09,36.91,32.37,20.46,20.13,26.94
129.43,104.33,88.51,62.08,46.68,38.14,15.32,15.75,4.45,6.51,17.44,23.39
141.47,126.25,100.44,78.36,67.1,38.83,37.9,19.14,18.36,24.24,23.81,43.33
109.32,84.59,62.29,55.6,30.72,32.51,15.3,17.59,24.93,26.14,47.62,51.54
59.36,39.08,33.45,16.28,24.91,12.25,18.13,29.94,34.46,59.23,65.69,89.25
35.47,32.89,18.39,32.21,27.43,35.26,51.75,55.99,83.86,91.46,114.45,125.76
25.22,10.35,23.43,19.98,28.94,46.77,51.54,81.03,89.45,113.73,126.41,137.61
20.15,31.4,26.08,30.12,43.36,46.11,72.8,79.85,102.0,113.32,123.36,146.07
55.68,53.53,59.92,71.07,77.0,101.2,110.61,127.19,138.97,146.73,165.91,163.69
16.59,16.75,21.71,25.94,40.49,53.1,63.06,84.01,89.43,112.12,117.18,131.1
27.23,32.29,37.43,50.11,62.32,71.15,92.04,95.18,117.3,121.2,133.41,132.15
25.76,31.04,44.28,57.74,67.59,89.78,93.63,116.98,121.75,135.22,135.06,133.77
17.71,26.07,36.02,42.49,56.91,61.19,79.71,88.37,99.62,100.78,102.68,106.44
30.81,42.14,50.33,65.06,71.69,90.03,100.47,110.43,112.77,114.94,118.44,115.79
29.71,30.66,39.46,39.39,44.86,54.6,56.54,63.31,61.21,65.32,66.94,65.1
15.97,20.78,17.27,20.41,23.65,26.31,28.86,30.76,32.98,35.83,37.41,39.93
25.5,20.7,23.03,23.81,23.65,25.12,25.38,26.98,28.57,29.37,31.5,28.39
59.87,63.57,66.28,59.84,59.39,54.43,55.47,48.95,47.39,44.69,34.94,36.2
118.44,125.15,123.13,116.09,112.05,106.27,101.3,87.8,83.29,67.12,59.14,50.17
149.71,149.15,144.07,135.88,128.53,120.07,106.16,96.49,78.79,67.71,54.85,46.32
156.65,150.18,141.96,131.31,118.29,102.6,90.39,71.52,58.27,43.88,34.29,25.26
163.25,156.4,148.47,135.29,120.83,107.2,89.49,73.12,58.61,47.45,35.74,26.41
148.49,138.41,124.53,110.01,93.54,76.2,58.13,45.6,33.64,22.54,14.51,10.75
132.98,118.22,103.59,87.98,70.24,52.53,39.75,29.03,18.03,10.6,7.58,10.93
337.07,331.62,327.57,278.0,254.87,213.13,202.5,145.63,127.26,97.7,64.85,60.09
192.69,185.03,128.86,126.02,86.92,94.04,36.64,47.13,23.69,6.63,24.81,22.74
143.31,83.59,78.58,45.07,51.68,-0.83,8.58,-5.81,-21.51,1.27,5.63,18.76
49.1,43.57,10.08,25.69,-21.66,-6.54,-18.56,-27.67,-2.26,5.97,22.87,36.35
72.24,40.1,57.67,9.32,27.94,12.99,6.4,25.36,33.72,47.68,55.81,64.8
20.76,41.32,-6.67,17.31,9.54,6.08,29.02,40.86,58.72,70.17,81.39,127.1
39.16,-10.46,10.33,0.33,-5.76,16.8,26.69,45.59,56.12,67.33,115.06,113.31
7.53,30.2,20.66,11.52,33.78,41.82,60.33,67.08,76.88,122.04,116.9,159.95
50.71,39.27,28.65,44.78,47.94,63.15,67.06,72.91,115.05,106.68,147.31,124.97
28.17,19.47,36.47,42.29,60.28,66.51,73.85,118.08,111.14,153.41,130.92,157.67
25.67,46.39,56.83,78.51,91.86,100.1,148.95,139.46,184.29,161.96,186.3,184.63
53.97,74.38,105.8,129.42,156.99,208.56,211.76,252.41,238.3,264.96,261.89,250.52
8.54,13.15,14.43,22.36,29.46,33.05,45.41,51.45,63.84,65.01,70.56,73.21
17.06,18.72,27.06,33.52,37.52,49.48,55.95,67.52,68.96,74.45,76.75,78.58
28.44,34.45,39.14,37.9,43.95,48.17,56.3,56.47,59.4,60.2,61.45,64.25
24.75,28.23,25.77,31.67,34.05,43.08,42.02,47.23,47.8,50.13,55.24,52.75
32.19,26.35,29.7,27.06,28.96,26.19,27.05,27.74,27.11,31.08,28.65,28.42
54.24,59.52,59.26,57.92,55.57,53.11,54.52,47.81,50.73,44.95,39.62,38.47
115.99,120.29,124.13,115.86,115.68,110.35,106.11,96.59,89.56,77.88,67.08,58.03
212.3,219.35,215.75,200.21,189.52,172.55,161.37,135.32,117.95,95.77,71.87,60.97
196.8,192.21,176.1,167.47,148.23,139.39,111.84,99.27,77.02,55.27,48.3,33.22
210.03,194.08,187.78,166.01,155.57,125.39,112.34,86.35,63.24,53.89,35.59,27.36
151.79,141.8,117.95,113.0,80.88,72.85,45.18,31.16,22.56,8.79,7.33,-0.49
141.07,115.38,110.17,78.1,68.78,40.76,26.07,17.87,3.7,2.28,-5.61,-1.14
131.29,126.82,95.51,84.44,56.89,39.85,32.15,14.65,12.79,3.01,4.58,20.09
117.27,85.31,72.5,46.04,28.8,21.9,3.95,4.26,-5.36,-2.96,14.69,21.32
74.2,60.11,31.26,14.13,5.34,-11.7,-13.15,-20.06,-18.41,-0.2,8.07,35.96
52.13,24.15,6.79,1.22,-12.55,-12.36,-17.77,-14.89,4.33,13.16,41.59,46.68
27.75,14.25,11.26,1.51,8.95,4.64,11.72,29.26,40.33,68.65,71.11,96.73
26.19,28.19,22.59,33.81,38.63,45.98,69.22,76.49,107.78,109.66,131.84,142.02
28.54,27.15,41.59,50.71,66.23,91.03,103.42,133.63,138.98,162.38,172.11,181.17
28.85,37.29,41.49,48.69,61.55,71.75,94.6,101.23,120.02,128.73,139.22,149.26
57.42,62.74,71.16,80.54,90.32,110.71,117.49,132.02,139.93,148.3,155.62,152.89
25.66,27.92,31.74,40.41,51.84,61.89,70.37,87.36,93.8,104.85,109.37,114.6
37.72,41.79,51.66,61.52,71.47,78.88,96.08,100.41,111.21,114.88,118.54,117.62
30.81,39.05,48.06,58.17,63.73,82.19,85.41,98.76,102.37,107.57,109.05,106.29
18.97,22.79,28.87,32.09,43.03,47.47,56.03,64.97,68.34,71.94,73.82,75.23
16.86,20.5,21.82,30.73,31.28,39.85,46.41,51.63,54.21,56.78,60.06,61.58
21.63,19.76,26.06,22.38,24.63,29.95,31.31,34.53,34.65,37.34,39.74,39.98
13.67,18.8,13.94,15.56,18.9,20.68,22.57,24.25,26.42,29.38,31.02,34.74
29.08,23.4,24.51,24.71,23.81,23.91,24.09,24.44,25.96,26.13,28.5,25.55
43.04,45.04,46.33,42.32,41.45,39.08,39.12,36.54,35.45,35.32,28.83,31.28
149.39,157.04,160.46,146.38,144.68,131.63,131.22,107.68,103.66,84.9,69.74,59.35
112.16,114.83,99.46,104.18,91.81,97.13,73.51,78.75,62.06,52.15,49.24,40.59
104.56,85.9,89.16,75.55,76.0,52.77,54.99,41.08,29.74,27.6,20.95,17.24
77.96,81.66,69.53,73.38,52.73,56.55,44.23,34.13,33.2,27.64,24.64,21.21
94.44,79.52,82.07,56.97,55.63,40.65,27.7,24.78,16.81,11.96,7.1,3.54
78.54,80.96,55.31,53.38,37.77,24.45,21.11,13.55,8.6,3.83,0.31,15.61
75.82,49.73,46.78,31.65,17.99,15.02,7.06,3.29,-1.5,-4.66,11.96,10.4
35.17,32.27,16.42,5.48,3.64,-2.23,-5.76,-7.59,-10.07,8.0,8.47,27.52
46.09,29.17,17.43,12.44,4.19,-1.51,-4.79,-9.93,6.35,4.56,21.38,18.24
94.41,88.61,89.07,74.62,72.79,62.05,60.18,62.08,58.96,68.2,52.67,66.21
99.16,104.28,93.69,94.5,90.28,88.24,94.34,87.9,99.11,82.74,93.43,93.53
106.17,100.73,106.37,107.39,114.61,122.11,121.62,131.14,118.56,130.2,129.49,127.46
75.6,71.77,65.49,66.67,58.77,58.87,58.54,53.33,59.88,60.64,64.45,64.52
57.64,50.9,52.21,47.42,49.07,50.92,46.55,55.86,57.81,63.54,65.65,66.43
40.6,40.12,34.04,35.85,36.14,32.69,40.95,45.4,51.13,54.58,57.2,67.59
28.82,21.85,22.55,23.99,20.52,30.11,34.38,42.61,46.67,50.85,63.61,68.37
21.86,20.44,19.7,13.34,18.85,22.38,28.0,32.69,35.29,47.76,53.37,64.88
8.01,4.52,-4.91,-0.66,-1.23,5.23,7.06,12.87,24.12,30.71,44.99,49.41
6.68,-3.13,0.36,-1.44,3.85,5.31,10.29,21.28,27.17,40.96,44.81,52.93
4.29,10.29,10.61,17.22,22.55,27.47,40.89,44.62,59.49,62.74,68.76,75.42
25.27,29.22,39.31,45.86,56.35,68.99,76.5,87.4,92.41,97.47,101.32,98.29
13.41,19.64,22.96,31.34,37.78,46.28,53.21,62.43,65.88,71.28,71.79,74.52
17.68,19.29,26.62,31.32,36.87,43.59,51.06,55.32,59.81,60.51,64.17,61.55
11.45,17.31,20.95,26.07,30.7,38.87,41.81,48.26,48.6,53.23,52.39,53.21
22.58,23.64,27.01,27.5,30.33,31.66,34.97,34.92,37.38,35.59,36.38,33.75
29.66,32.69,33.03,33.88,33.48,35.72,34.75,36.16,33.54,33.55,30.18,30.47
33.96,33.29,33.47,31.41,31.25,29.69,29.68,27.07,26.12,22.4,22.84,20.53
85.06,87.79,88.98,81.5,79.04,72.31,70.02,58.13,52.01,46.26,35.38,31.58
154.9,158.2,153.81,140.01,128.86,117.26,103.79,83.81,73.57,54.16,39.47,28.52
171.03,168.84,157.5,145.45,134.57,119.49,100.33,87.04,67.33,50.95,37.47,28.36
180.74,170.33,160.59,148.68,133.47,112.69,99.71,77.29,60.34,45.24,33.77,23.67
95.19,81.76,67.01,63.44,43.95,40.73,18.11,16.84,5.13,2.48,4.46,-0.27
44.63,25.27,18.73,3.53,-1.63,-20.03,-23.01,-26.43,-28.28,-21.93,-20.46,-12.6
69.73,63.77,49.71,37.79,17.9,8.75,5.02,-5.87,-1.82,-5.63,-5.06,6.45
63.83,49.37,35.44,14.25,3.61,-0.75,-12.77,-8.4,-12.89,-12.66,-0.62,12.71
64.92,53.37,32.82,20.53,17.83,3.83,9.13,1.18,1.2,11.15,21.78,41.01
69.65,50.63,38.94,34.4,20.78,24.23,16.41,12.81,21.66,29.65,45.77,46.83
33.25,23.03,19.33,11.04,18.71,14.24,12.73,24.57,34.32,52.32,54.56,66.05
29.72,31.62,28.85,42.63,49.46,49.3,68.25,74.99,97.12,99.73,108.03,113.1
36.15,36.27,53.07,62.67,68.39,87.97,98.62,119.06,124.13,133.02,136.87,139.09
22.65,35.55,42.02,45.31,58.94,70.28,86.98,95.82,103.28,108.74,114.64,123.45
33.87,36.92,37.29,46.49,51.57,67.25,72.32,81.06,84.52,90.48,101.5,99.52
12.39,4.21,5.48,4.33,5.33,10.95,10.16,20.88,22.04,34.54,38.44,44.89
9.68,11.74,11.32,12.08,18.5,17.33,28.53,28.35,40.76,43.94,48.98,54.61
28.13,31.76,36.38,44.34,49.39,59.74,63.74,71.78,76.82,80.68,82.95,80.06
27.37,29.19,35.06,37.29,42.43,46.16,51.0,57.67,59.78,62.27,60.69,61.91
22.37,28.3,30.86,37.21,41.69,47.58,54.73,58.16,61.38,60.91,63.38,63.19
34.07,35.29,41.05,42.77,45.68,51.58,53.39,55.79,54.13,55.91,55.53,52.22
30.65,32.75,31.54,30.76,29.84,31.03,29.19,29.44,28.78,28.38,26.73,26.95
30.36,28.45,27.18,25.79,25.78,24.0,23.51,23.5,22.78,21.34,22.14,21.44
34.98,33.85,32.84,31.65,29.36,27.93,27.74,25.69,23.81,23.82,22.05,22.8
62.41,62.11,62.19,55.16,51.97,47.86,45.2,37.43,35.58,30.23,26.39,23.6
84.12,85.55,80.08,73.75,69.14,63.56,55.88,49.34,42.89,36.33,29.86,27.18
95.19,89.86,84.08,77.4,70.31,61.07,53.81,45.43,37.86,29.99,25.73,21.67
68.36,62.28,55.53,52.44,44.55,40.26,32.44,29.19,22.62,20.9,20.05,19.03
55.62,47.94,44.8,38.1,33.7,26.72,23.35,18.2,16.68,16.61,16.59,16.09
47.87,43.76,36.57,31.68,23.63,20.02,14.23,12.92,12.45,12.38,11.92,15.35
43.24,35.14,29.25,20.31,15.27,9.14,6.9,6.8,6.21,5.68,9.38,15.56
48.58,44.27,36.36,30.19,25.44,21.61,22.47,18.89,18.32,20.48,24.34,32.3
31.42,22.58,14.94,11.31,6.67,9.01,4.59,6.85,9.04,14.11,24.4,27.84
15.99,7.85,3.52,-0.35,1.81,-1.73,0.18,3.79,8.85,19.69,23.9,31.78
25.01,22.7,20.79,22.26,21.21,21.51,26.83,27.88,38.86,41.16,45.46,49.01
40.43,41.67,46.02,45.03,49.38,53.27,57.13,63.77,66.97,69.65,69.64,72.53
31.1,35.33,34.16,39.9,44.29,49.57,56.42,61.79,65.23,66.7,71.52,74.33
31.54,28.76,33.39,36.46,39.14,46.05,49.83,54.44,55.18,60.39,64.5,63.38
13.88,14.96,15.08,16.45,18.11,22.95,24.1,28.71,32.45,37.87,39.85,42.65
18.42,18.03,19.27,19.82,23.77,24.34,28.48,31.61,36.61,38.21,40.58,41.34
19.25,20.35,20.77,24.02,24.07,27.96,30.82,35.66,37.11,39.41,40.07,43.07
24.38,24.36,27.33,25.84,28.3,30.41,34.45,35.23,36.87,37.0,39.65,40.5
30.27,33.38,32.14,33.31,34.8,38.0,38.52,38.97,38.67,40.63,40.77,41.04
44.59,41.7,41.79,38.92,37.5,35.79,33.58,31.48,31.18,29.53,28.46,25.72
66.43,67.99,66.91,62.08,59.99,54.62,52.7,47.12,44.28,40.17,33.06,32.54
106.61,108.46,107.1,100.64,96.19,89.53,85.24,73.94,68.66,57.05,49.89,42.99
208.54,211.84,211.48,192.3,182.76,165.22,153.88,127.54,110.82,91.52,68.08,56.83
208.44,207.79,188.85,178.45,158.0,146.46,118.49,102.59,82.16,58.52,47.93,34.48
206.13,187.27,178.54,158.96,147.32,119.39,103.64,83.4,59.78,49.23,35.68,26.97
219.61,211.02,193.9,177.54,147.11,126.8,105.71,75.37,62.39,44.54,30.06,22.27
214.38,196.52,180.69,149.98,128.41,106.48,75.61,61.97,43.41,28.25,19.75,14.73
200.09,184.08,153.68,131.5,109.0,77.08,63.2,44.02,28.54,19.46,13.59,25.67
144.66,112.09,87.25,70.48,38.87,29.72,9.98,2.89,-4.72,-6.3,12.36,19.06
81.64,54.82,35.62,8.73,0.12,-15.73,-23.29,-24.39,-24.97,-3.13,8.22,32.35
45.28,25.58,-2.58,-8.79,-22.79,-28.9,-29.38,-28.08,-5.55,6.64,31.74,50.09
31.06,5.29,-0.28,-12.45,-13.85,-14.18,-10.28,10.64,24.13,48.72,64.98,89.59
18.01,17.38,8.21,9.41,16.99,20.79,46.45,56.22,83.11,98.41,119.5,146.66
27.61,24.05,29.21,40.62,54.06,80.31,96.08,119.52,138.18,159.1,184.09,191.21
45.55,47.22,55.74,59.64,76.17,87.81,105.45,120.87,137.06,158.67,163.23,175.34
46.04,55.02,59.39,75.76,87.54,105.7,121.22,137.5,159.18,163.98,176.09,176.97
47.9,53.65,71.87,86.07,107.42,124.68,143.06,165.79,172.47,186.28,188.19,189.11
37.42,51.14,62.58,81.56,92.18,111.67,130.32,141.33,153.58,157.4,162.24,160.78
36.37,43.19,59.12,67.17,79.95,99.42,106.35,122.68,124.93,131.58,134.23,129.29
16.11,24.32,26.02,34.47,42.04,50.25,58.99,68.69,72.16,77.41,78.93,83.41
13.64,11.27,16.27,20.86,22.61,31.5,37.13,43.8,47.18,49.66,57.22,56.68
28.45,32.05,35.66,31.92,35.99,38.63,42.59,43.0,42.95,48.13,45.47,50.12
21.44,23.36,17.9,21.56,21.56,26.39,25.0,27.51,32.06,30.37,37.3,35.32
30.9,25.31,29.07,27.17,30.73,28.19,30.04,33.16,30.69,36.63,33.42,34.87
43.47,47.96,47.26,48.09,44.76,44.28,47.22,40.91,45.72,40.21,38.4,37.45
135.39,140.55,148.16,134.46,135.67,127.86,124.11,109.98,101.73,89.86,74.19,64.41
220.01,230.09,220.01,207.0,193.02,177.98,161.51,136.96,119.55,93.8,71.32,59.46
234.03,224.64,213.05,197.89,180.99,163.53,138.17,119.86,93.18,69.77,57.29,40.4
342.85,336.63,330.0,296.65,276.11,235.17,217.1,165.38,135.93,108.91,71.92,55.77
273.33,263.6,228.39,217.04,175.13,164.83,111.88,95.61,70.46,40.33,34.35,13.35
184.58,143.67,128.69,97.88,87.03,43.63,26.06,17.83,-9.21,-5.84,-14.21,-8.1
146.24,129.68,99.06,88.77,45.47,27.3,19.17,-8.28,-5.05,-13.76,-8.61,4.26
122.87,90.43,77.88,35.46,16.6,8.88,-19.27,-14.3,-23.14,-17.37,-2.76,9.85
90.91,76.44,30.35,8.09,-3.57,-33.13,-31.04,-39.16,-35.15,-21.33,-8.42,32.45
71.21,26.56,2.92,-6.76,-33.49,-30.47,-37.55,-32.69,-18.19,-5.3,36.07,49.81
32.14,13.22,5.94,-16.71,-6.09,-12.08,-3.1,9.18,23.87,64.35,74.92,111.13
29.96,29.99,13.36,29.86,37.25,46.82,67.32,76.49,121.04,130.47,161.66,169.76
31.46,18.83,38.43,49.8,67.13,89.17,103.16,146.45,158.95,191.02,197.5,210.26
49.43,69.89,82.95,94.58,114.9,125.05,167.81,174.0,204.34,207.5,214.99,231.11
92.12,111.05,128.41,150.22,169.01,210.66,222.94,247.31,253.61,260.22,273.35,262.17
55.83,57.34,65.63,74.74,90.48,105.23,112.97,134.57,133.69,151.5,153.36,157.4
45.0,47.44,52.4,63.49,68.43,76.2,91.64,94.66,109.22,111.83,119.03,118.81
43.27,48.54,60.66,67.04,76.3,92.79,96.87,112.08,115.65,123.89,124.44,122.36
37.5,44.83,47.74,53.34,62.15,66.27,76.76,83.75,89.78,91.39,92.38,95.2
24.39,24.29,27.25,36.13,36.72,49.11,53.74,64.67,66.03,69.5,76.73,77.4
28.41,27.78,33.86,29.15,34.26,37.11,43.62,45.14,45.72,51.98,53.16,57.91
12.85,16.75,9.85,14.96,14.97,22.88,22.41,26.53,32.27,34.96,42.84,44.19
30.14,21.72,25.73,21.15,24.8,21.88,23.55,27.06,27.56,33.47,33.05,34.36
42.08,47.53,44.4,45.33,42.34,41.52,45.26,41.38,46.32,43.36,40.85,44.61
103.39,105.46,111.91,103.86,106.68,104.03,103.39,95.85,92.14,83.44,77.58,69.14
123.1,129.65,122.31,120.73,114.78,111.29,102.14,94.99,84.35,76.1,65.07,60.45
135.39,126.52,124.68,115.66,107.89,97.23,87.69,76.25,66.1,53.9,48.7,37.74
159.17,159.28,153.62,142.08,131.39,117.75,106.99,89.75,76.22,67.11,50.31,45.79
157.93,150.65,138.84,127.06,110.43,99.2,80.31,67.32,57.11,40.11,36.08,25.73
130.02,116.54,103.8,89.65,77.52,60.85,47.12,41.43,25.0,23.34,16.36,20.46
130.78,116.61,102.06,86.32,66.24,49.9,42.32,23.33,19.69,10.57,12.54,15.16
104.59,90.04,73.9,56.56,41.63,35.68,17.29,16.04,7.77,11.06,15.54,22.64
101.73,84.18,65.53,46.85,37.34,16.61,13.16,2.94,4.17,6.62,11.87,24.37
104.67,89.38,73.11,63.43,46.69,41.29,33.63,29.96,32.82,35.59,43.75,52.93
81.03,66.53,57.73,44.61,43.08,37.24,35.64,39.7,44.0,53.13,62.81,74.48
57.05,50.63,39.36,42.69,42.87,43.6,51.14,56.63,68.37,79.62,91.94,102.73
33.14,20.3,22.12,24.31,24.72,34.57,39.52,55.08,66.86,81.25,94.88,102.18
55.33,58.47,62.36,57.5,66.73,67.28,82.95,87.41,100.18,109.78,111.09,124.69
69.58,75.19,71.57,79.74,81.88,96.42,102.09,112.26,122.19,122.56,134.62,136.26
50.81,43.65,48.28,49.84,59.17,67.04,73.64,89.51,88.95,103.59,110.24,117.23
34.96,36.99,36.69,44.52,48.34,55.53,68.74,70.53,83.88,91.21,100.07,104.79
37.18,36.58,44.72,48.52,55.77,69.19,71.11,84.38,91.78,100.82,105.67,103.27
42.98,48.51,50.62,53.23,61.05,61.22,71.22,78.04,84.82,88.68,85.73,92.38
41.03,43.32,46.07,55.05,56.1,67.18,74.56,82.82,87.56,85.89,94.04,93.56
45.43,46.63,54.63,53.0,60.67,67.22,73.5,78.29,75.4,83.28,83.33,86.13
42.44,46.39,41.59,45.03,44.11,49.63,49.78,48.75,53.91,53.82,58.51,56.88
59.36,52.99,55.49,49.98,50.95,48.66,45.06,48.07,45.7,48.45,45.11,43.97
80.13,83.86,80.01,76.71,73.24,66.01,68.74,60.69,61.83,55.11,49.14,51.48
113.21,113.39,114.31,109.57,106.38,106.1,101.15,95.38,89.13,80.13,77.28,69.18
146.46,147.01,143.13,132.51,127.08,116.98,108.71,96.02,83.74,76.51,63.47,59.19
165.63,160.8,150.43,140.0,125.16,113.63,98.45,82.67,72.78,56.91,49.88,40.29
171.63,162.12,153.5,137.68,126.03,109.39,93.88,81.56,65.18,56.72,44.97,41.07
146.48,136.57,120.47,111.0,93.65,79.88,67.02,53.96,45.8,35.69,34.19,32.15
127.9,110.82,101.26,85.55,71.81,59.93,46.83,40.52,30.77,30.28,29.59,31.39
121.22,109.88,93.13,75.97,60.35,45.09,36.59,25.19,22.73,20.34,20.62,29.86
103.09,86.4,68.68,54.56,40.26,32.57,21.53,20.43,18.56,19.51,29.78,38.59
72.43,54.15,38.68,26.32,18.99,9.65,8.34,9.46,10.9,22.56,33.46,50.06
63.56,49.51,37.98,30.74,23.56,21.48,23.83,22.99,34.79,44.41,58.89,70.32
40.18,29.91,23.04,19.2,20.68,24.98,25.99,39.3,50.42,66.1,78.34,90.9
33.43,27.79,24.76,26.9,33.58,34.66,49.37,59.46,75.84,87.88,99.24,112.49
32.38,31.74,35.71,43.95,49.21,64.23,76.93,91.81,105.32,116.68,128.73,136.72
36.03,39.37,47.18,50.33,63.62,75.63,89.52,102.37,112.99,124.63,132.4,139.27
78.22,86.08,90.04,94.98,102.63,110.92,121.77,124.68,133.23,136.27,137.48,138.1
69.59,70.59,72.86,79.1,82.11,94.22,93.73,106.42,108.13,110.91,115.05,113.16
74.64,76.12,82.58,83.54,93.41,92.14,103.64,104.73,106.6,110.27,107.9,109.18
56.77,61.62,61.88,73.82,71.71,85.66,86.13,92.15,96.42,96.52,101.38,95.9
43.22,38.5,46.88,42.94,50.04,51.68,53.35,62.51,60.9,67.65,66.26,67.03
26.53,32.02,25.85,31.94,29.79,32.23,38.94,40.45,46.4,46.35,49.72,56.01
34.97,27.4,32.26,27.85,27.68,33.47,33.45,39.21,38.18,41.18,47.83,48.03
27.61,30.1,23.3,19.61,20.23,19.23,21.72,21.39,22.32,28.44,29.31,39.44
33.3,26.08,21.78,21.02,18.7,20.53,19.35,19.75,25.13,25.33,35.23,33.3
107.7,107.35,111.14,97.01,97.12,85.4,85.95,74.14,70.26,70.19,54.3,56.63
113.65,120.0,108.12,109.06,99.68,99.92,89.73,83.94,84.34,67.63,68.3,60.48
172.83,165.95,172.94,158.85,162.47,146.16,143.52,132.11,114.77,109.64,92.5,84.58
240.21,248.37,237.77,227.92,204.74,191.51,177.25,144.79,133.93,107.21,87.26,73.79
206.29,194.17,183.6,166.78,153.68,144.68,111.98,109.8,84.83,69.75,63.32,48.36
138.5,122.66,102.37,94.96,82.6,56.08,51.17,38.51,24.5,24.44,18.8,25.76
110.63,86.92,77.75,66.13,36.93,32.99,18.52,7.51,6.81,2.3,11.53,9.23
61.07,48.72,33.87,7.15,1.24,-10.46,-23.21,-17.99,-22.33,-10.26,-8.1,13.06
53.7,38.12,9.69,1.94,-10.63,-24.68,-20.16,-25.22,-13.68,-12.28,8.42,26.76
36.26,8.63,-0.52,-12.69,-25.74,-20.94,-25.85,-13.86,-12.37,8.19,26.67,46.37
39.2,33.1,22.73,6.8,13.63,5.42,18.65,13.31,32.79,47.18,60.9,81.79
49.13,45.69,35.07,46.45,49.52,62.92,64.63,79.07,96.93,109.51,126.2,128.6
69.03,58.31,70.03,67.83,78.01,76.49,89.22,102.52,112.76,126.32,124.25,132.78
44.12,60.99,63.49,82.22,91.61,108.42,128.37,140.0,158.42,159.27,168.56,173.64
50.69,53.37,73.36,85.28,104.71,126.56,140.01,160.3,163.17,174.78,182.39,175.5
41.0,50.69,54.61,63.83,67.4,79.25,88.24,96.31,101.64,109.56,107.32,112.8
28.92,27.83,32.71,34.37,38.97,49.44,52.81,63.76,69.93,69.88,80.37,78.99
21.83,25.47,25.97,29.63,38.15,41.88,51.59,59.38,59.04,70.37,70.57,80.13
15.06,11.45,11.5,17.03,14.04,23.91,27.37,30.16,39.28,40.11,52.53,50.41
68.61,70.72,78.89,66.83,74.34,70.26,72.47,69.74,67.32,72.8,61.28,64.42
34.38,40.87,26.69,38.43,33.67,40.36,36.68,41.96,48.56,41.16,50.39,48.46
39.52,26.28,39.39,36.19,45.23,42.17,48.98,55.59,49.34,59.17,57.23,56.93
4.79,15.16,9.99,20.41,14.68,23.92,28.59,27.22,36.81,37.21,40.65,44.25
20.57,14.87,25.44,18.85,27.85,31.79,30.49,39.0,39.3,42.4,45.66,40.11
5.64,12.62,2.58,8.4,6.01,4.61,9.07,12.3,13.45,17.4,14.06,26.28
24.86,14.94,20.71,15.89,13.39,16.04,18.75,17.45,20.48,15.59,26.22,22.22
