330.91,278.99,263.45,250.88,246.92,249.51,250.61,251.2,251.86,254.76,265.81,274.75
210.21,210.57,214.05,219.89,221.83,239.32,252.95,257.89,259.32,260.43,264.49,278.11
344.05,298.14,277.97,256.2,247.71,248.91,250.55,252.61,258.25,262.65,267.13,273.58
200.02,201.26,215.05,234.12,244.35,267.36,286.47,299.89,314.1,325.24,334.7,348.18
373.86,342.05,320.75,305.3,306.31,298.07,298.77,304.57,304.87,305.18,312.24,316.23
237.85,222.49,220.86,230.64,241.5,263.58,279.21,292.32,304.55,305.02,298.73,299.19
388.56,364.59,331.44,308.56,301.55,288.5,281.0,284.77,293.08,297.13,303.96,309.11
311.86,255.76,257.52,255.5,258.19,261.83,262.7,266.23,274.72,277.94,285.47,290.73
324.46,270.47,263.16,256.5,256.37,261.55,262.02,262.75,266.4,275.86,283.98,290.29
398.47,375.1,335.94,311.48,303.05,285.8,270.49,267.48,266.52,268.33,281.33,297.48
445.69,413.72,358.83,327.69,314.87,298.62,285.46,280.04,280.37,282.77,292.84,309.1
532.46,494.88,432.73,373.38,344.25,322.24,309.05,302.87,300.45,305.49,317.62,332.21
554.66,518.86,453.28,414.13,368.59,345.19,335.3,331.6,325.77,325.04,336.22,355.32
227.13,222.97,228.32,231.2,242.23,264.89,274.48,276.33,277.13,278.81,286.22,309.96
408.06,392.02,355.95,328.59,314.87,298.36,286.43,279.52,274.88,274.99,290.68,325.5
442.5,419.24,372.07,337.71,321.54,302.37,289.06,282.09,280.18,287.16,311.1,340.57
219.88,225.97,236.22,234.41,241.03,262.11,275.58,278.73,282.13,292.11,303.68,316.15
215.85,221.73,233.43,234.21,238.54,256.73,271.46,279.88,284.1,293.77,305.4,317.52
206.01,208.43,219.37,227.19,229.52,248.21,260.25,270.96,281.56,291.91,303.87,316.35
207.1,207.91,213.29,220.96,222.81,241.11,254.31,261.65,271.5,281.31,292.78,309.69
383.71,357.42,325.18,299.88,292.56,275.52,258.89,254.2,258.37,269.28,287.12,313.96
382.02,355.11,325.21,301.56,293.98,276.15,259.38,255.69,263.66,278.0,303.45,328.43
207.19,208.09,213.96,222.2,223.95,243.1,258.81,271.05,277.36,281.67,293.26,310.13
208.16,208.68,212.36,216.65,218.59,234.31,250.98,262.85,273.58,280.66,291.94,309.07
564.34,537.07,460.37,433.06,394.42,365.81,342.88,327.53,319.45,325.02,341.37,352.34
426.85,398.8,343.07,306.18,294.82,281.44,265.04,259.77,268.71,282.83,310.08,332.52
198.54,198.63,205.19,211.08,213.83,230.0,254.38,269.52,274.99,284.55,298.1,311.7
192.17,191.43,199.47,205.12,204.38,213.49,232.26,255.35,267.99,272.71,282.84,300.35
196.74,196.65,203.35,207.56,203.61,206.63,217.33,236.51,258.8,269.96,275.38,290.03
198.21,198.26,204.58,208.34,203.72,204.54,208.33,219.05,238.73,260.58,271.14,279.66
205.95,206.43,210.33,211.94,206.11,206.92,208.09,211.85,223.16,243.62,264.95,277.44
367.73,331.47,307.11,276.62,259.65,237.55,225.92,225.52,233.14,243.15,255.98,267.62
254.3,219.77,212.79,211.32,207.96,215.87,220.76,227.6,236.41,244.47,253.39,264.8
370.06,335.06,309.93,278.84,262.04,239.64,226.46,225.69,232.91,240.83,249.43,264.23
279.9,219.01,229.53,229.36,227.46,223.64,221.28,223.32,231.61,239.0,245.79,260.09
381.45,353.55,320.5,286.01,268.73,245.94,228.72,226.9,234.18,241.55,248.0,257.71
320.37,263.48,253.32,239.45,229.96,224.72,222.32,226.6,235.47,243.1,254.21,266.81
283.39,221.97,231.44,228.74,227.29,224.25,225.84,234.12,242.13,250.46,258.12,268.19
276.23,216.56,225.64,229.6,228.14,225.4,228.16,236.5,242.96,249.17,258.0,266.82
404.38,379.57,332.23,294.02,274.5,254.44,243.38,245.84,249.32,251.17,257.06,273.11
297.81,239.5,244.31,232.97,228.35,231.51,239.19,244.49,246.7,249.56,262.62,284.14
314.22,256.88,250.72,238.9,231.92,233.94,240.91,245.68,248.21,254.07,272.54,301.35
233.31,220.06,212.52,211.22,206.62,214.59,228.37,243.93,252.22,257.3,270.05,292.55
232.53,219.93,212.7,212.6,212.46,225.36,241.8,251.37,254.9,258.88,271.57,294.5
229.87,219.28,212.73,213.62,214.95,229.08,244.82,252.6,255.3,258.54,268.44,287.47
241.37,221.11,213.91,216.37,218.62,234.81,249.39,259.26,266.88,266.82,268.12,282.93
231.26,219.99,213.67,216.89,219.23,235.65,249.09,254.98,260.22,269.5,277.07,288.65
225.55,217.82,212.94,215.8,218.26,234.18,248.21,254.0,255.92,258.36,266.48,280.5
221.99,216.92,217.17,223.32,226.07,243.54,254.75,262.95,272.34,275.97,277.17,283.51
222.56,220.01,225.17,227.57,232.44,248.04,256.15,260.42,268.37,275.99,278.53,284.71
221.68,225.87,234.93,232.73,237.69,251.54,257.77,260.16,265.1,274.13,279.73,286.11
221.68,229.52,239.06,234.9,239.15,252.47,258.16,259.81,262.08,269.23,278.64,286.69
225.05,231.2,239.05,234.44,238.76,251.9,257.54,258.98,259.78,262.24,271.11,285.35
236.43,234.37,238.99,233.86,238.38,251.44,257.16,258.92,261.59,270.77,279.53,281.21
292.98,246.52,264.83,251.71,249.79,252.62,253.56,254.28,255.73,261.68,272.39,277.42
243.87,234.74,238.89,233.6,238.33,251.76,259.89,266.43,263.51,262.17,271.52,279.99
259.65,232.17,238.65,235.05,245.8,259.41,258.78,256.05,255.56,257.77,267.02,276.85
567.64,560.79,500.66,457.0,409.63,372.79,346.08,331.83,322.89,317.17,321.17,324.44
305.43,263.72,269.81,258.46,251.43,253.17,254.05,256.29,262.29,266.37,272.16,276.94
301.07,260.72,268.93,259.8,253.57,253.78,254.32,256.5,262.54,266.54,272.48,277.05
295.94,254.93,268.21,257.62,251.22,253.25,254.09,255.8,261.08,266.57,272.47,277.2
290.24,248.2,266.97,254.09,250.06,253.25,255.83,262.02,265.18,265.76,271.65,276.41
258.36,258.85,259.66,269.93,278.72,297.96,304.09,309.35,315.86,310.32,297.82,294.97
410.72,407.1,396.52,420.08,468.23,491.0,491.42,487.13,478.42,471.05,468.21,467.9
442.84,435.54,410.79,416.76,454.25,483.97,487.45,477.64,464.9,460.21,460.17,461.64
376.42,382.42,357.57,351.58,373.75,392.7,388.43,374.54,364.51,358.53,356.43,360.83
289.26,258.02,280.5,282.67,288.02,290.43,289.27,288.0,287.87,288.41,292.26,299.43
295.06,262.49,283.38,278.86,276.6,283.72,283.07,281.77,281.77,282.94,289.0,295.11
301.96,273.88,290.23,287.64,277.18,278.49,282.34,280.78,279.72,281.0,287.78,293.76
310.23,284.92,295.07,292.81,283.03,275.13,280.58,280.85,279.33,279.7,286.28,292.72
426.06,413.01,374.49,349.82,346.71,338.74,329.35,329.52,335.15,336.47,339.32,349.92
293.66,251.7,278.1,273.76,264.57,264.22,265.09,269.74,277.4,278.55,284.41,290.94
262.71,234.22,247.89,259.14,272.5,278.08,270.49,268.48,273.65,279.9,282.31,289.39
287.07,241.21,264.71,263.63,261.78,263.69,263.41,263.15,264.66,272.55,284.38,290.98
228.06,233.51,241.96,244.8,255.2,269.47,275.22,276.96,278.16,281.37,290.57,304.08
235.37,235.03,240.42,239.16,251.16,268.53,275.01,276.65,278.24,283.27,290.92,296.67
294.66,250.14,267.18,256.69,258.6,263.43,263.86,263.74,263.38,264.12,270.68,279.65
335.47,300.07,289.09,270.39,264.23,263.12,262.87,262.52,262.05,262.56,268.34,275.05
329.32,290.72,281.45,265.2,260.15,263.08,263.09,262.99,262.67,263.37,269.92,279.39
358.08,332.11,319.16,300.26,290.67,276.97,268.98,265.45,263.56,263.88,270.68,280.33
316.2,273.09,272.65,261.34,255.14,259.17,263.98,263.89,263.85,265.01,272.99,285.1
314.5,271.36,272.01,261.04,254.36,256.28,262.37,264.36,264.32,267.0,279.74,297.64
314.49,271.37,272.01,261.0,254.07,254.65,259.14,264.57,266.11,273.71,293.4,315.52
317.94,275.04,273.36,261.36,253.98,253.83,256.1,262.81,268.2,278.2,301.76,320.44
291.66,244.74,263.12,250.67,249.82,252.6,254.23,259.06,272.56,289.97,313.3,324.8
285.31,238.46,257.48,250.32,249.82,252.26,253.36,255.05,261.4,275.6,297.12,318.48
280.08,233.7,255.03,251.48,250.23,252.51,253.66,256.04,262.36,268.27,281.15,301.74
299.0,257.96,268.64,258.57,252.18,255.38,261.61,264.85,264.53,265.88,273.78,285.28
276.24,231.08,251.49,252.04,251.09,253.87,258.94,264.43,264.41,265.16,271.4,282.43
397.86,387.89,356.77,327.9,313.54,295.42,277.0,263.75,261.67,268.6,282.67,305.53
297.81,254.02,267.85,255.83,250.32,253.04,254.18,256.98,263.68,269.48,283.88,304.61
259.74,232.84,239.22,235.35,246.04,259.48,258.95,257.71,262.32,266.53,272.05,287.63
239.43,235.38,239.54,234.03,238.59,252.36,262.26,274.08,284.1,281.37,274.99,282.23
276.88,235.01,263.45,272.78,266.45,264.59,264.14,263.35,262.77,262.98,268.81,283.51
251.7,236.36,246.54,253.82,261.1,276.22,282.03,277.75,276.02,270.57,269.26,277.28
441.55,423.41,376.89,341.56,330.35,317.93,303.45,291.35,283.54,279.19,279.92,284.91
369.58,349.13,336.79,323.47,320.61,309.36,294.18,283.08,276.23,271.95,274.73,284.49
262.41,232.28,240.46,243.1,262.75,274.12,268.48,265.95,265.33,267.81,279.73,302.92
222.41,230.72,239.87,235.59,241.79,262.24,275.01,277.38,277.64,279.47,287.7,304.86
298.64,257.41,268.54,258.28,251.78,254.2,258.69,264.53,264.77,266.02,273.83,285.06
299.01,257.9,268.63,258.63,252.67,257.72,263.92,264.47,264.33,265.33,271.64,278.24
306.65,265.07,270.03,260.35,253.89,254.27,257.16,263.46,264.8,265.72,272.29,279.24
391.1,380.85,353.14,325.66,311.97,295.05,280.09,273.83,270.43,268.32,272.44,279.34
558.51,538.77,469.23,415.42,364.92,343.55,333.64,334.95,337.4,341.2,348.46,352.98
471.1,449.59,398.93,354.78,329.96,307.62,293.55,287.74,285.58,287.41,291.89,292.8
407.49,396.95,361.8,331.52,318.2,305.97,295.19,285.68,279.14,274.87,276.22,281.92
322.33,280.72,276.7,267.45,264.89,263.62,263.55,263.13,262.69,263.56,271.15,282.82
408.84,398.24,362.5,331.78,317.36,302.62,292.2,283.65,277.87,275.34,283.73,302.54
403.01,392.76,359.44,329.79,315.77,301.26,291.15,283.12,279.13,283.19,302.84,327.28
227.38,233.0,239.88,236.08,245.3,266.5,275.46,277.08,279.73,288.57,300.55,313.24
262.33,232.07,239.39,237.39,251.42,266.38,266.84,265.17,265.07,267.29,278.73,300.58
396.67,386.68,356.12,327.58,313.95,299.36,289.32,281.51,276.08,274.56,285.38,307.21
225.0,232.14,240.18,237.72,248.73,268.34,275.53,276.87,277.72,280.25,289.36,306.09
393.81,383.79,354.62,326.59,312.97,297.54,286.73,279.68,274.63,273.67,285.4,308.15
217.76,229.65,241.86,238.63,244.09,265.39,277.8,279.95,280.63,284.23,295.14,310.97
225.64,231.97,239.55,234.79,239.85,257.4,271.66,277.05,277.79,281.29,292.61,308.84
283.64,236.75,256.6,250.72,250.64,256.41,263.1,264.03,264.41,268.1,282.55,304.27
387.96,377.03,351.26,324.65,311.41,295.84,284.29,277.84,273.01,271.76,282.57,303.28
413.73,402.58,364.85,333.23,318.29,302.56,291.81,283.47,278.12,277.13,288.65,311.97
290.53,243.25,261.89,251.5,255.35,262.75,263.56,263.64,263.61,265.78,278.08,296.54
223.24,230.99,239.66,235.21,240.8,260.07,273.88,277.52,279.07,286.04,298.5,312.47
262.17,231.98,239.22,236.92,249.72,262.12,265.7,266.09,268.61,278.05,299.34,319.42
267.43,230.53,240.78,243.83,253.51,255.91,259.91,265.04,265.54,269.8,284.42,308.43
288.34,241.21,259.74,250.01,249.85,252.89,256.81,263.32,264.51,265.91,275.61,290.9
318.35,275.68,273.53,261.42,254.06,254.37,258.5,264.01,264.23,265.94,275.94,290.7
327.52,287.82,279.4,263.14,254.1,253.75,257.4,263.25,263.79,265.44,275.35,290.29
342.31,309.75,297.32,273.68,257.25,252.39,253.69,259.19,263.12,264.58,274.43,289.62
383.15,370.47,348.13,322.95,309.81,292.93,275.08,261.88,257.76,263.53,277.16,294.55
461.95,438.37,395.92,349.38,326.67,304.5,284.53,271.8,269.38,279.69,294.85,304.69
636.09,860.38,822.5,684.04,573.08,490.27,438.34,411.44,389.71,380.54,385.99,398.77
422.11,400.73,363.07,331.51,316.4,300.28,289.45,281.89,276.71,274.68,283.89,304.87
481.16,454.17,406.67,353.38,328.48,305.78,286.7,278.6,281.46,287.72,299.33,309.71
453.8,433.25,382.23,343.19,326.0,307.89,289.37,278.86,282.86,292.4,310.04,326.43
303.72,261.99,269.44,260.24,255.81,262.07,264.62,266.01,272.56,287.23,311.76,322.6
502.38,474.12,421.8,360.75,332.62,309.17,292.33,287.82,294.19,309.33,331.36,343.3
297.09,255.83,270.29,265.32,262.25,263.97,264.94,268.63,278.6,298.04,316.44,322.91
503.6,475.86,423.4,362.28,336.41,320.98,311.32,307.3,313.99,332.69,348.85,357.55
415.4,403.88,365.63,333.99,321.0,311.3,309.47,319.26,332.46,346.71,363.21,372.01
220.5,230.41,240.74,238.1,248.2,271.15,286.48,298.04,305.55,308.49,311.15,318.24
220.65,230.14,240.58,238.93,250.02,269.82,278.68,287.37,298.52,305.82,310.13,317.47
213.7,224.28,243.34,254.53,261.75,274.88,279.91,283.15,291.25,302.29,310.5,319.19
219.99,226.45,242.74,253.92,260.51,272.45,277.14,279.34,284.65,300.76,322.75,348.13
213.6,217.38,229.76,240.64,251.28,270.05,277.77,280.22,283.51,294.7,316.05,342.44
586.19,593.09,517.36,472.35,441.17,399.94,366.51,356.88,357.2,357.88,370.18,384.62
212.97,213.58,226.05,237.36,246.85,265.89,274.4,280.88,292.58,305.24,320.52,340.66
217.21,218.67,227.54,234.87,246.39,267.78,276.76,280.74,289.13,300.67,309.9,322.2
215.14,215.24,221.59,229.32,237.31,262.95,275.12,278.0,280.77,289.19,302.1,317.91
220.28,217.19,219.83,226.64,234.54,259.84,273.04,275.83,276.89,279.73,290.18,312.91
224.54,218.94,219.33,225.83,234.2,259.08,271.93,274.67,275.61,277.82,286.86,309.65
344.3,299.97,284.56,270.06,265.68,263.01,262.99,265.89,274.24,277.94,287.03,300.46
350.01,307.43,291.23,275.67,269.93,264.57,263.09,262.89,266.32,276.05,286.46,300.95
312.27,257.34,258.42,256.62,259.37,261.81,262.06,262.06,262.82,269.15,285.47,299.56
309.87,254.38,255.03,252.24,253.23,260.43,261.78,261.84,261.7,262.68,271.12,288.44
318.2,263.23,258.16,253.41,253.53,260.54,261.74,261.8,261.67,262.75,272.06,291.91
326.92,274.18,263.23,256.05,256.43,261.26,261.65,261.67,261.41,262.58,272.8,294.12
352.21,310.19,291.6,273.45,265.79,263.11,262.5,262.05,261.59,262.13,269.42,285.48
332.68,282.52,268.35,257.53,256.05,261.12,261.61,261.64,261.33,261.87,268.63,281.37
449.1,415.55,356.71,324.02,312.73,300.94,289.94,284.16,282.24,281.91,288.19,295.92
332.16,281.54,268.63,258.04,256.88,261.3,261.67,261.66,261.33,261.96,269.2,282.21
309.11,254.92,262.96,264.76,263.3,262.48,262.46,261.95,261.63,263.59,275.38,292.16
301.64,265.11,285.44,284.09,271.21,264.26,263.41,262.61,262.58,266.92,285.96,310.97
250.3,237.57,250.36,263.49,269.72,281.24,286.97,281.5,278.31,277.46,282.38,306.31
265.55,231.94,248.93,265.45,277.69,274.52,267.7,265.7,264.91,266.04,275.05,299.95
282.26,236.19,264.37,266.91,262.79,263.86,263.42,262.81,262.49,264.27,275.76,295.77
241.73,235.25,243.53,249.74,257.53,269.95,276.16,282.13,284.71,278.76,284.79,309.44
228.22,234.16,246.69,255.73,261.49,271.82,275.77,277.09,277.87,278.8,281.89,294.53
241.32,234.63,239.39,237.59,249.75,268.2,275.78,280.93,284.51,277.35,276.11,291.81
288.35,241.34,260.14,252.21,257.33,262.9,263.42,263.4,263.08,263.78,270.81,282.32
234.03,234.69,239.72,235.14,243.18,264.5,275.03,276.57,277.11,279.77,288.36,300.04
254.16,234.18,239.28,234.29,243.02,267.3,276.81,275.0,269.62,266.88,269.7,283.05
228.94,233.43,239.68,234.61,239.3,255.26,268.98,276.44,277.19,277.42,280.88,295.27
449.42,429.4,380.04,341.95,325.29,307.38,287.86,272.48,268.09,273.37,288.6,299.41
299.94,257.04,268.48,257.53,251.04,253.17,254.12,256.42,262.49,266.78,274.33,286.04
307.78,265.54,270.19,260.35,253.73,253.73,254.31,257.01,263.33,266.52,274.19,285.77
387.96,377.16,351.39,324.66,311.14,293.9,275.85,262.13,256.38,258.22,271.52,287.61
375.46,358.32,341.62,319.04,306.45,289.86,272.19,260.01,256.52,261.64,274.22,287.68
399.71,389.64,357.71,328.52,314.0,295.67,277.02,262.81,256.55,257.79,270.7,287.44
397.86,387.86,356.74,327.89,313.53,295.39,276.85,262.73,256.67,258.56,271.72,287.53
402.32,392.12,359.08,329.42,314.66,296.07,277.37,263.77,260.84,266.05,274.01,287.24
383.01,369.77,350.56,334.27,332.25,322.92,308.16,294.57,284.89,278.87,278.61,288.46
362.99,343.39,338.15,329.23,326.74,315.68,299.97,287.03,278.19,272.34,271.61,282.61
410.91,399.82,370.24,349.73,347.02,338.22,323.82,309.58,298.37,292.57,299.81,324.23
390.04,376.49,360.78,345.45,343.14,334.35,320.21,306.67,295.68,288.65,293.13,323.31
412.5,401.18,372.34,351.75,348.58,339.5,325.2,311.03,299.58,292.49,296.22,323.02
227.19,243.62,257.51,271.91,277.67,285.23,285.1,283.52,282.71,285.09,294.51,306.7
222.75,235.96,254.19,268.02,273.97,282.0,282.33,281.2,280.75,282.62,290.88,303.24
339.09,311.77,310.48,301.76,290.55,276.29,267.86,264.45,264.31,270.48,287.16,312.02
298.02,255.58,274.82,271.36,263.23,264.08,264.16,265.27,271.67,286.2,310.11,321.03
191.06,199.22,219.82,233.96,244.18,263.77,272.03,276.95,287.1,298.19,305.5,312.95
216.23,219.15,229.05,233.8,244.08,267.69,277.7,281.84,290.77,302.06,310.3,318.88
224.52,221.48,226.46,228.82,237.46,260.96,273.83,277.91,285.93,297.45,306.32,315.69
552.76,516.33,455.14,410.53,364.52,342.09,332.51,336.27,341.16,349.56,358.08,360.27
259.93,229.32,229.86,230.32,243.23,272.72,289.52,302.07,310.6,313.93,318.63,325.72
300.56,250.77,262.19,257.21,257.65,263.18,266.08,274.48,290.38,308.16,320.3,324.48
305.72,255.8,263.19,257.2,255.75,262.1,265.73,273.33,288.27,307.09,320.22,324.73
308.16,257.28,263.58,257.29,255.38,261.71,265.69,273.18,288.03,306.92,320.16,324.77
313.41,261.75,264.94,257.84,255.42,261.67,265.58,273.07,287.88,306.73,319.99,324.73
348.41,308.4,294.94,275.05,262.02,261.31,264.88,272.25,286.91,306.15,320.0,325.67
344.68,303.2,290.37,270.63,259.19,261.02,264.71,272.12,286.7,305.71,319.35,324.99
363.85,329.72,315.38,298.41,288.13,274.82,270.2,275.64,290.92,311.72,327.08,332.88
377.86,351.44,331.38,312.59,303.54,288.69,279.85,283.09,298.0,317.68,333.34,340.2
412.88,391.87,351.69,325.84,313.28,296.8,284.7,287.85,303.03,321.2,336.78,345.84
385.87,364.38,337.81,316.68,306.84,291.46,279.35,283.41,298.66,317.98,334.14,341.86
480.05,439.32,390.28,345.74,325.53,305.74,292.72,295.66,308.27,329.86,344.85,350.65
361.59,327.08,313.24,296.1,286.86,274.61,270.2,275.96,291.46,311.41,325.94,331.4
342.52,301.96,294.93,284.9,275.21,267.87,271.26,282.12,300.28,311.38,320.59,325.04
333.3,311.1,313.38,308.42,298.59,284.45,280.15,288.3,303.96,312.78,320.3,329.15
322.36,286.38,292.98,290.75,282.15,276.76,285.09,302.03,311.2,314.48,321.2,326.22
326.24,303.78,308.77,302.95,293.3,285.49,290.91,305.63,313.35,316.37,322.9,332.44
322.06,297.0,302.7,297.35,287.93,280.56,286.12,301.95,311.45,315.07,322.45,333.4
317.03,283.02,290.9,289.71,282.97,282.96,297.45,309.99,313.81,315.87,322.86,328.42
325.56,290.36,293.23,294.19,298.77,311.3,318.99,323.11,327.25,332.45,341.85,346.67
389.75,380.75,364.48,359.25,372.11,376.11,375.25,373.15,372.71,374.79,382.17,386.03
341.6,312.11,314.94,321.26,338.12,343.39,345.43,346.24,346.5,348.87,355.96,358.49
325.81,292.21,298.97,306.08,324.13,331.87,335.27,336.5,337.61,343.47,349.13,349.88
322.9,290.58,296.5,297.0,306.88,309.25,311.02,314.59,319.46,328.8,336.68,339.94
318.92,286.05,293.48,294.87,305.78,307.7,305.64,306.54,313.12,323.38,330.22,332.54
320.93,288.43,294.98,295.91,306.25,307.9,305.19,302.58,307.86,320.09,328.1,330.07
449.34,436.42,403.41,386.46,377.28,365.41,348.56,338.12,336.8,345.65,356.66,365.97
315.01,281.53,290.93,293.15,304.91,306.77,303.28,300.08,302.1,314.8,325.14,328.27
321.63,289.27,295.53,296.31,306.42,307.98,305.09,300.82,300.7,310.39,322.37,327.02
422.85,417.75,393.39,380.29,370.37,354.26,338.34,328.83,326.39,330.97,338.65,344.89
455.89,441.02,415.18,391.79,381.09,366.32,348.43,338.31,338.21,345.68,349.47,354.62
460.22,443.1,418.26,390.84,380.84,366.31,348.48,338.37,338.41,345.88,349.77,355.53
368.64,350.35,358.91,358.11,354.19,340.39,328.58,323.78,324.22,334.47,349.87,359.24
520.66,504.47,461.71,422.1,396.89,381.76,366.32,360.57,364.98,376.42,385.64,387.91
375.85,361.0,365.59,362.85,358.02,344.22,331.99,328.45,335.13,349.14,363.35,369.3
349.4,325.33,332.15,332.47,328.72,322.71,327.8,335.01,341.18,349.76,356.81,358.18
382.72,371.75,371.03,366.07,360.58,348.52,342.67,345.37,352.38,362.46,371.7,374.15
333.79,305.67,310.0,308.8,314.82,320.85,327.45,332.42,336.07,343.55,349.35,350.25
330.87,301.94,306.1,305.01,312.03,317.78,324.36,329.31,333.6,341.8,347.87,348.93
343.0,317.37,322.83,321.87,320.65,319.73,326.61,333.35,338.53,346.55,353.03,354.16
318.59,286.25,293.37,294.88,306.23,310.46,314.64,318.17,322.56,331.79,339.4,342.16
321.99,290.55,296.11,297.15,309.23,317.55,323.08,326.96,330.87,339.33,345.47,346.71
311.78,278.86,289.33,292.31,305.3,311.02,315.38,318.91,322.93,331.98,339.3,341.87
343.56,318.34,324.65,327.34,333.11,335.07,339.03,341.68,343.42,349.05,355.49,356.64
312.98,279.8,290.22,294.96,313.5,322.83,327.61,330.35,333.1,340.6,345.96,346.71
436.37,427.58,398.71,383.19,372.6,359.01,351.31,351.48,357.43,367.07,376.14,378.22
322.06,289.62,296.22,299.23,316.03,324.96,330.16,332.82,335.09,342.05,347.35,348.02
358.17,336.66,347.33,356.03,365.72,365.26,363.76,363.42,363.63,365.1,371.66,375.97
317.66,284.53,293.78,300.73,319.81,328.48,332.55,334.22,335.8,342.27,347.52,348.12
340.77,313.97,319.62,318.67,322.33,326.27,332.31,336.63,339.42,346.04,352.07,353.03
340.8,313.98,319.51,317.7,318.14,319.8,326.8,333.0,337.48,345.12,351.33,352.36
368.35,349.99,358.68,358.21,355.8,348.15,345.83,349.09,353.85,361.76,369.29,370.92
391.77,385.52,376.9,369.48,362.65,348.26,335.73,334.07,341.81,355.54,368.47,373.11
414.45,410.14,389.15,377.89,368.86,353.22,338.68,334.33,341.44,355.76,369.42,374.51
460.81,443.39,418.5,390.84,380.89,366.61,350.23,346.07,354.94,369.0,375.11,376.76
467.34,446.5,420.59,391.3,381.14,366.86,350.27,345.64,354.47,368.7,375.05,376.82
505.56,484.92,445.06,407.08,387.83,372.88,354.06,341.55,338.98,346.88,356.57,366.35
495.15,472.1,436.11,400.86,385.22,370.86,355.11,351.6,358.46,371.6,377.61,378.87
476.77,453.61,424.56,393.54,382.08,367.46,349.37,339.12,340.62,354.91,366.22,372.81
565.89,567.55,532.21,499.03,467.5,431.63,405.52,385.51,373.32,371.92,376.56,376.98
593.44,645.37,581.28,537.38,506.42,463.32,423.04,398.1,380.38,372.5,376.02,380.79
505.73,486.0,446.5,409.27,390.8,381.66,376.24,375.14,377.86,385.7,391.85,392.79
556.24,543.69,500.74,463.11,425.51,400.76,384.15,379.86,381.69,389.18,395.74,401.0
488.14,466.76,432.93,399.59,387.59,382.5,379.12,377.61,379.27,386.8,391.74,392.3
427.79,421.68,395.6,381.85,373.79,365.91,361.87,361.7,364.4,370.98,378.84,380.44
464.11,445.39,420.28,394.24,393.52,395.53,393.07,388.63,387.46,393.05,398.4,399.17
412.55,408.23,388.48,379.98,380.33,380.75,379.82,377.9,377.61,380.06,387.54,390.73
398.53,393.57,381.51,378.32,384.41,387.73,386.12,383.08,382.05,383.1,389.16,394.67
389.66,404.08,399.0,402.82,403.76,398.5,389.49,382.71,380.14,379.9,382.41,389.73
386.11,393.36,397.36,406.66,409.7,404.43,394.83,387.43,384.54,384.17,386.59,393.89
344.43,335.6,348.52,363.52,372.63,367.93,364.1,362.86,362.75,363.24,367.11,373.99
346.75,330.48,345.44,360.06,369.17,365.86,363.48,362.96,363.05,363.54,367.35,374.23
328.04,300.29,313.06,326.47,345.8,350.34,351.35,351.5,351.29,351.93,357.56,362.33
321.29,289.53,298.94,308.99,327.42,334.23,336.76,337.49,338.21,343.46,349.43,350.31
357.85,336.06,345.79,352.19,359.76,358.44,357.41,357.62,358.18,360.88,368.21,370.93
349.53,325.34,332.32,333.49,335.66,334.92,338.77,342.34,344.95,352.69,367.76,386.8
378.85,365.94,368.7,364.95,360.12,349.49,345.27,348.04,354.22,363.67,374.39,386.88
411.58,407.33,387.63,376.96,368.31,353.29,341.49,341.41,348.96,361.73,373.13,378.65
400.65,396.17,381.74,372.77,365.15,350.55,338.76,338.83,346.53,359.57,371.2,375.2
404.79,400.59,383.99,374.4,366.37,351.42,338.76,337.8,345.43,358.93,370.99,374.96
426.96,421.05,395.21,381.26,371.0,355.12,341.19,338.92,346.23,359.88,372.18,376.14
407.48,403.27,385.4,375.42,367.17,352.36,340.81,341.0,348.6,361.29,372.37,375.66
435.58,427.11,398.5,383.1,372.31,357.45,347.67,347.63,354.5,365.38,375.26,377.75
425.3,419.75,394.5,380.88,370.74,354.73,339.81,335.33,342.36,356.62,370.23,375.18
404.11,399.9,383.63,374.13,366.13,351.0,337.08,333.11,340.31,354.5,368.3,373.58
572.86,588.56,547.75,513.02,483.06,441.75,411.52,393.66,386.28,381.63,382.89,382.54
525.32,510.49,467.18,427.06,400.01,384.09,367.06,357.51,361.08,372.98,384.48,388.08
397.32,391.35,379.24,370.86,363.6,349.11,337.02,336.61,344.37,357.68,369.92,374.04
379.81,367.16,368.99,364.99,360.01,348.81,344.08,346.88,353.4,362.89,371.7,373.94
407.77,403.58,385.57,375.57,367.46,353.64,345.15,346.23,353.35,364.3,373.93,376.39
413.34,408.54,393.75,396.21,404.51,406.02,400.25,393.71,390.66,390.39,394.39,401.27
386.26,376.69,378.16,384.69,395.23,397.51,392.72,387.52,385.39,385.48,389.38,396.52
383.62,381.36,390.44,403.71,409.88,405.56,396.12,388.66,385.72,385.36,388.07,395.4
383.15,374.11,383.23,395.66,404.92,403.17,395.2,388.43,385.72,385.48,388.65,395.97
385.71,375.83,379.5,387.79,398.39,399.62,393.83,388.09,385.74,385.69,389.33,396.55
413.17,408.6,391.94,392.25,400.16,402.94,398.52,392.77,390.06,390.02,394.42,401.07
390.23,382.55,378.48,381.24,390.71,394.22,390.96,386.6,384.84,385.19,389.68,396.53
386.69,377.82,375.72,377.57,386.54,390.25,387.73,384.07,382.71,383.33,388.37,394.85
414.03,409.62,390.32,385.99,391.84,395.53,393.32,389.27,387.51,388.09,393.58,399.41
392.92,386.64,378.48,376.38,382.94,386.22,384.6,381.68,380.75,381.83,387.92,393.44
532.83,516.93,474.44,443.14,424.97,423.38,417.65,409.35,404.97,405.65,415.55,421.74
496.86,475.22,439.96,410.37,406.28,407.98,402.97,396.14,393.25,396.38,403.16,404.78
481.08,458.13,428.69,402.92,403.27,405.3,400.34,393.81,391.22,395.23,401.45,402.64
462.51,445.22,420.9,399.77,402.35,404.26,399.12,392.69,390.24,394.6,400.54,401.57
491.5,467.22,434.49,407.32,405.98,407.54,402.05,395.19,392.35,395.89,402.35,403.71
643.56,906.46,876.0,728.07,617.54,547.99,508.8,473.05,449.57,433.12,421.69,420.32
514.78,496.87,457.4,426.55,417.0,417.12,410.6,402.3,398.49,399.84,406.97,409.74
470.39,453.47,428.47,410.46,412.16,411.32,403.39,395.19,391.71,394.96,401.37,402.76
563.02,556.7,514.97,485.18,463.18,444.27,427.34,415.04,407.99,406.18,410.91,412.07
552.95,536.04,497.46,473.67,450.27,438.02,426.09,415.35,409.07,408.14,414.0,416.41
431.25,424.48,400.33,396.17,401.93,404.81,400.64,394.76,391.86,391.72,396.12,402.78
410.25,405.22,391.24,393.61,402.19,404.17,398.87,392.69,389.86,389.69,393.73,400.8
420.74,415.23,399.91,403.39,410.82,410.53,403.18,395.65,392.11,391.59,395.22,402.42
425.47,419.58,404.88,409.51,415.7,413.6,404.98,396.76,392.93,392.25,395.5,402.96
429.47,423.53,408.23,412.78,418.04,415.15,406.0,397.49,393.51,392.75,395.85,403.44
512.17,498.45,473.65,451.43,435.26,426.53,414.71,404.13,399.26,399.51,406.32,410.24
430.06,423.87,409.52,414.75,419.32,415.65,406.09,397.44,393.46,392.7,395.56,403.4
433.59,427.7,412.33,416.95,420.75,416.68,406.88,398.06,393.97,393.14,395.97,403.88
436.36,430.73,414.49,418.53,421.75,417.44,407.49,398.54,394.36,393.49,396.3,404.31
637.02,852.08,861.92,749.29,663.76,606.59,566.38,533.69,497.49,466.25,448.64,444.23
539.94,540.28,521.02,502.22,469.7,449.48,432.51,418.12,410.9,409.39,416.54,440.63
438.76,433.26,416.58,420.25,422.75,418.12,408.4,402.13,410.83,438.23,468.23,486.97
429.25,422.7,409.41,415.22,419.5,415.48,405.81,397.61,396.66,409.37,440.44,474.41
430.67,424.4,410.26,415.61,419.82,415.85,406.15,397.53,394.15,397.2,415.8,452.39
446.41,441.46,421.68,422.76,423.88,419.11,408.92,399.69,395.38,395.06,402.13,426.64
465.91,457.75,431.93,429.66,429.83,427.07,412.49,399.11,392.71,391.42,397.52,406.83
470.18,461.69,441.2,435.68,427.19,418.25,406.38,396.53,392.06,393.45,400.5,403.57
519.52,510.53,487.96,464.81,442.11,430.72,418.06,406.95,401.8,401.36,407.49,412.13
480.2,466.29,448.67,431.91,425.45,418.28,406.99,397.22,392.84,394.75,401.58,403.57
467.44,458.38,435.08,434.77,428.39,418.71,406.39,396.42,391.86,392.87,399.85,402.57
544.11,540.17,519.26,501.76,474.77,454.22,436.51,423.81,419.0,414.51,414.67,420.01
556.21,553.11,532.45,519.75,505.0,478.94,453.13,430.69,418.18,412.3,413.44,419.02
521.48,512.12,489.16,466.15,443.59,432.2,419.32,407.75,402.37,401.75,407.68,412.47
430.25,423.91,409.89,415.31,419.64,415.75,406.07,397.39,393.42,392.65,395.35,402.61
511.93,500.16,478.36,455.63,436.59,426.49,414.27,403.6,398.7,398.81,405.49,409.16
407.88,430.42,419.29,419.51,414.95,407.96,397.78,389.87,386.72,386.23,388.0,395.24
363.18,370.15,368.68,376.14,383.26,379.8,372.82,368.38,367.0,367.25,371.08,378.61
333.84,327.92,342.4,358.17,367.66,364.17,361.86,361.37,361.43,361.87,365.5,372.43
379.2,378.09,388.97,402.59,408.64,404.2,394.82,387.57,384.75,384.44,387.14,394.47
383.11,373.61,381.87,393.31,403.16,402.27,394.87,388.37,385.75,385.56,388.82,396.16
357.29,342.71,358.99,374.64,384.9,380.65,374.67,371.62,370.86,371.25,375.08,382.01
364.2,347.09,363.78,378.2,390.04,388.28,382.16,378.14,376.89,377.19,380.98,388.03
395.27,389.87,378.88,371.29,367.04,361.33,358.58,359.21,361.92,368.23,376.13,377.98
366.51,347.47,357.16,361.29,368.99,369.24,367.33,365.98,366.01,368.44,375.84,379.0
343.19,317.13,322.98,322.73,326.56,329.3,334.65,338.4,340.8,347.09,353.26,354.27
366.48,347.31,356.35,356.46,355.26,349.36,347.47,350.31,354.14,361.36,368.59,370.08
380.15,368.05,369.67,365.43,359.91,346.54,337.31,339.6,347.45,359.5,370.04,373.17
386.29,377.66,373.75,367.69,361.38,347.17,334.6,332.15,339.77,353.64,367.07,372.17
414.13,409.81,389.0,377.83,368.82,353.12,338.21,332.43,338.85,353.22,367.77,373.68
414.82,410.46,389.36,378.05,368.97,353.23,338.23,332.2,338.43,352.8,367.5,373.56
395.21,389.82,378.79,370.72,363.54,348.84,335.16,329.94,335.87,349.93,364.9,371.43
398.8,394.09,380.74,372.05,364.54,349.62,335.54,329.33,334.01,348.09,363.59,370.84
398.2,393.41,380.42,371.82,364.37,349.47,335.35,328.67,332.09,346.03,361.85,369.79
374.22,358.63,364.73,362.36,357.61,343.87,332.18,330.72,338.67,352.54,365.43,370.18
383.59,373.52,372.06,366.75,360.71,346.48,333.24,326.87,327.81,340.16,356.08,365.43
394.6,389.06,378.46,370.5,363.38,348.71,335.07,329.89,335.82,349.87,364.83,371.37
408.39,404.22,386.02,376.5,371.75,366.52,363.82,363.53,365.43,371.18,378.91,380.6
380.08,367.97,369.65,365.58,361.11,352.34,348.99,351.42,356.38,364.5,372.66,374.6
353.0,329.79,337.77,340.76,344.36,342.23,344.05,346.49,348.28,353.52,360.38,361.74
370.76,353.43,361.36,360.76,360.57,356.5,354.52,355.66,358.15,364.33,371.74,373.39
486.72,462.01,429.43,396.19,383.1,368.88,353.12,349.9,357.57,370.95,376.66,377.92
479.15,454.86,425.27,393.78,382.18,368.01,352.28,349.22,357.3,370.72,376.28,377.54
410.87,406.65,387.26,376.74,368.26,353.93,344.37,345.13,352.43,363.89,373.85,376.46
293.61,264.19,285.53,291.4,310.94,319.13,322.93,325.59,328.83,336.99,343.14,344.47
233.52,236.48,249.07,266.49,283.05,299.75,306.21,308.64,311.91,315.32,315.81,320.54
241.73,235.78,241.84,246.54,276.91,301.02,307.97,313.96,313.38,310.39,315.28,326.78
259.7,232.93,239.72,238.84,263.13,302.62,313.87,315.1,315.07,316.0,322.13,327.15
611.59,675.73,589.22,515.8,488.82,454.5,420.68,396.73,379.62,372.18,375.67,380.78
437.84,415.78,372.81,340.5,332.47,331.88,336.57,343.91,352.75,362.63,373.95,377.86
306.06,267.33,271.17,264.0,268.72,285.04,304.26,312.56,314.55,318.45,325.73,327.83
301.58,262.14,269.85,263.2,265.92,277.55,295.58,309.55,313.48,317.34,324.71,326.86
300.29,260.72,269.65,263.03,263.2,269.04,279.47,297.9,309.96,315.34,323.15,325.79
307.41,267.83,271.53,265.3,264.97,268.07,277.41,294.76,308.68,314.77,322.72,325.49
319.97,279.86,276.51,269.48,266.55,267.83,276.99,294.06,308.25,314.31,322.29,325.27
392.76,382.32,353.85,326.46,315.62,309.5,311.84,323.31,336.13,349.73,364.36,371.17
382.09,368.54,347.43,323.46,314.96,310.53,312.16,323.37,335.68,349.12,363.61,370.13
350.47,321.81,310.86,297.18,286.04,276.01,281.18,297.12,310.5,316.84,325.1,328.58
315.62,273.26,274.68,269.93,266.78,268.01,277.17,294.25,308.31,314.28,322.24,325.21
364.94,341.8,331.08,319.72,317.05,307.69,304.96,316.68,326.46,335.92,351.47,360.57
323.24,282.57,279.41,273.11,267.91,267.99,276.89,293.79,308.05,314.1,322.08,325.18
315.01,272.51,273.71,267.79,265.99,267.9,277.17,294.34,308.4,314.41,322.38,325.39
305.16,263.56,271.42,267.81,265.65,267.99,277.38,294.55,308.48,314.47,322.53,326.27
312.56,270.3,272.85,267.25,265.8,267.92,277.19,294.36,308.43,314.46,322.44,325.49
309.67,267.83,273.83,271.36,267.13,268.09,277.12,294.02,308.17,314.21,322.17,325.15
316.75,282.84,290.46,288.74,278.7,270.98,276.95,292.51,307.38,313.16,320.98,329.06
432.05,417.04,375.18,347.76,344.17,338.38,337.19,349.04,359.97,369.37,387.3,420.04
297.44,257.92,279.13,277.39,269.06,276.03,292.11,307.7,312.34,315.35,324.03,333.11
309.36,270.14,280.97,283.42,284.26,297.12,310.74,314.63,315.51,318.81,326.96,332.18
325.97,288.14,290.31,294.59,309.7,319.38,324.56,328.61,331.84,337.52,345.43,347.63
329.65,292.61,289.52,285.75,302.31,312.65,317.85,320.38,323.23,330.45,339.31,342.42
304.22,268.4,283.89,287.31,300.52,301.44,301.05,306.45,313.44,322.7,328.61,329.93
302.72,266.78,282.23,285.15,297.79,298.9,298.53,299.58,305.47,318.35,326.87,328.65
302.84,269.66,285.48,289.3,302.5,303.81,300.65,300.71,307.49,320.02,327.55,329.06
300.84,267.61,284.35,288.12,301.36,302.18,299.46,298.59,300.12,309.87,321.77,326.61
304.02,269.98,284.51,288.03,301.24,301.93,299.34,298.51,299.68,307.8,318.83,325.18
299.37,264.1,281.47,284.22,296.34,298.03,298.14,298.24,299.39,306.75,316.94,324.18
304.6,268.33,281.82,284.24,296.73,298.3,298.2,298.24,299.35,306.66,317.01,324.24
306.33,269.28,282.05,284.3,296.79,298.33,298.2,298.28,299.63,308.26,320.44,326.02
338.46,307.41,307.4,303.18,309.7,309.3,307.04,303.58,306.71,318.83,328.16,330.79
480.2,452.43,418.71,386.33,379.41,365.93,348.85,341.2,348.51,364.21,372.85,376.17
559.99,546.57,495.45,460.47,424.96,403.47,386.96,374.5,368.99,373.1,376.52,376.64
590.58,635.73,575.34,534.38,505.2,461.86,422.41,397.64,380.11,372.49,376.3,380.87
329.4,301.25,296.71,293.85,306.56,313.07,317.48,321.61,325.83,334.7,342.56,344.95
172.21,177.96,210.32,233.13,259.35,282.17,294.65,301.99,304.64,305.13,308.37,315.22
168.83,169.15,196.04,217.85,231.69,271.99,287.97,298.45,303.56,305.21,308.14,314.98
165.08,165.09,187.46,207.51,215.4,248.39,277.04,290.19,300.05,304.33,307.54,314.38
164.84,164.75,185.46,200.33,205.31,222.82,258.07,286.99,298.71,304.13,306.38,312.84
165.64,165.0,185.28,198.55,198.96,211.94,236.61,265.53,285.92,298.31,304.61,311.0
164.66,164.68,185.48,200.52,205.87,215.83,229.24,246.38,261.1,267.43,272.59,290.02
163.48,164.47,185.13,198.49,198.87,208.23,218.11,230.08,246.63,261.09,267.83,276.82
164.59,164.63,185.1,198.2,196.84,202.32,212.21,219.6,230.59,246.7,261.46,272.06
166.46,165.42,185.38,198.19,196.41,199.99,207.98,216.43,227.49,247.55,266.35,290.35
164.89,164.7,185.11,198.12,196.19,198.68,202.6,209.22,218.26,232.85,248.97,269.15
164.51,164.6,185.08,198.11,196.16,198.47,201.22,203.65,210.6,222.01,238.84,252.19
164.3,164.54,185.07,198.1,196.15,198.44,201.01,202.31,206.05,219.0,236.7,244.03
164.4,164.57,185.07,198.1,196.15,198.43,200.93,201.73,202.33,205.36,217.01,236.84
300.35,246.01,247.15,237.06,229.08,223.87,220.46,219.05,220.43,229.58,243.71,260.47
165.12,164.74,185.16,198.12,196.16,198.43,200.92,201.67,201.94,202.88,208.63,226.23
164.37,164.57,185.1,198.1,196.15,198.43,200.92,201.66,201.83,202.08,204.04,214.99
167.09,165.81,185.57,198.17,196.19,198.44,200.92,201.65,201.82,202.08,203.99,213.68
196.58,195.71,201.69,205.68,201.5,201.29,202.17,202.65,204.08,210.08,219.74,233.52
221.53,216.24,212.03,211.18,205.2,206.0,206.44,206.63,207.34,211.35,220.03,233.65
225.28,217.96,211.97,210.82,204.77,205.54,205.97,206.19,207.15,212.06,221.16,235.23
324.76,271.59,256.51,240.59,230.06,224.78,221.54,223.13,229.09,233.07,245.69,260.82
306.14,250.27,248.41,237.78,229.62,224.09,220.49,218.72,217.94,218.03,221.79,236.42
395.58,371.06,327.97,290.74,271.87,248.76,229.4,222.73,220.03,218.85,220.83,230.12
290.53,229.12,237.4,227.88,226.76,222.99,220.16,218.59,217.87,217.79,220.13,230.22
256.85,219.14,212.75,211.83,210.69,219.19,223.71,223.81,220.97,219.2,219.78,228.67
291.98,231.44,239.65,228.46,226.64,222.99,220.15,218.59,217.92,218.13,222.25,236.3
274.1,215.91,222.61,229.14,228.25,224.24,220.92,219.02,218.19,218.73,224.36,239.41
221.24,215.75,212.01,211.18,205.23,206.04,206.47,206.6,206.88,208.98,217.26,233.08
225.07,217.36,211.9,210.78,204.77,205.54,205.97,206.16,206.9,211.62,226.14,248.13
223.3,216.55,211.83,210.84,204.89,205.68,206.14,206.6,209.08,220.28,241.07,265.31
221.7,215.88,211.92,211.05,205.12,205.96,206.64,208.51,216.53,234.34,257.87,274.18
221.43,215.79,211.96,211.12,205.21,206.24,208.19,215.27,230.0,251.72,268.45,277.37
231.06,219.49,212.35,210.91,204.92,207.13,214.28,228.01,246.71,263.39,272.7,280.6
225.36,217.53,211.97,211.03,206.37,213.67,227.1,244.04,257.9,269.17,273.91,279.08
382.61,355.34,321.52,288.22,277.24,264.5,253.41,251.43,252.04,254.27,264.48,276.24
224.99,217.67,212.81,215.28,217.67,233.54,250.12,263.51,272.41,274.1,275.11,281.36
596.34,628.68,529.41,470.72,437.83,396.23,362.2,346.34,336.91,329.72,329.19,336.98
246.03,228.13,224.93,226.45,230.48,247.81,262.45,273.35,278.39,283.17,279.32,280.17
271.8,232.08,250.14,250.24,250.93,254.81,261.3,264.23,263.9,264.45,269.37,276.91
262.32,233.95,242.62,242.28,246.46,256.21,263.38,264.72,264.15,264.35,268.06,275.75
264.93,233.53,244.22,243.86,249.05,256.78,262.64,264.36,263.98,264.26,268.24,275.16
256.99,234.97,240.54,239.06,245.61,251.11,262.3,267.97,265.55,264.97,267.57,274.42
444.03,424.69,377.2,340.26,322.68,300.8,280.28,266.5,264.77,267.27,272.85,284.38
480.6,450.12,403.88,351.7,327.77,305.29,285.45,274.32,276.62,284.36,289.84,289.47
501.18,471.98,419.94,359.87,332.36,310.42,297.14,290.56,287.67,289.28,294.22,295.94
509.89,485.89,441.63,391.11,380.4,382.76,386.76,383.71,378.57,375.92,380.37,383.24
481.29,459.9,419.61,377.36,371.15,374.22,377.45,373.93,369.87,369.79,376.0,378.43
527.32,508.8,464.19,411.91,393.84,394.95,401.3,402.78,399.42,393.26,391.28,392.81
566.18,552.91,500.59,475.88,471.9,467.16,462.71,464.09,473.44,492.25,516.86,541.35
528.44,511.01,468.32,418.35,401.89,407.46,414.3,415.03,411.21,404.22,400.5,402.68
404.28,394.5,373.27,359.2,369.03,392.79,415.79,417.53,411.72,406.96,406.09,418.69
397.54,385.13,366.91,351.08,352.9,359.11,370.9,379.28,382.07,384.56,396.62,426.77
415.98,404.04,374.9,354.03,351.47,348.34,351.13,362.26,372.79,387.81,416.87,448.0
516.04,496.03,454.07,399.88,375.69,359.54,351.6,358.98,378.62,411.75,449.35,472.01
394.87,392.29,373.33,354.97,348.58,338.59,331.14,341.33,375.16,414.16,441.05,459.37
399.48,386.31,366.72,349.58,346.75,340.5,339.03,356.46,385.37,421.99,451.9,470.39
426.33,414.11,383.32,361.29,357.41,359.18,378.84,415.33,450.82,469.33,477.89,486.67
414.19,407.94,381.06,359.72,354.09,353.04,365.68,392.7,428.69,456.32,469.76,480.56
411.78,415.45,384.51,359.89,352.11,349.43,357.45,370.18,393.44,426.12,454.06,471.78
403.14,407.16,375.96,352.05,344.86,342.69,351.03,359.75,367.2,379.52,405.13,440.07
406.0,396.76,374.37,358.11,363.98,375.24,379.01,379.57,381.09,384.21,395.4,425.71
405.61,394.58,375.43,367.54,385.53,392.53,390.32,386.61,385.3,385.88,390.46,407.3
399.3,401.85,387.96,390.54,401.03,399.84,392.64,386.32,383.82,383.64,386.38,395.51
393.12,395.19,399.07,409.47,413.3,408.19,398.36,390.56,387.45,387.07,389.95,401.0
333.25,306.81,319.29,331.67,348.44,352.34,353.4,353.74,353.67,354.2,359.39,365.14
242.9,242.46,263.19,297.92,311.22,315.68,324.26,333.73,335.85,335.96,340.85,346.46
304.03,269.28,285.4,295.39,316.16,324.15,327.99,330.43,332.89,339.99,345.59,346.36
308.95,272.78,285.96,294.07,314.89,323.02,327.01,329.62,332.3,339.59,345.36,346.22
326.55,291.81,296.06,299.27,318.1,326.95,331.72,334.0,335.9,342.48,347.93,348.62
375.61,361.08,362.11,360.09,359.82,354.86,352.66,354.45,357.89,364.86,372.52,374.29
407.44,401.48,380.84,371.41,367.09,359.37,355.61,356.61,360.44,367.91,375.91,377.66
452.46,436.76,402.82,389.64,381.91,368.93,359.26,358.43,364.05,374.36,378.2,378.58
396.64,390.79,375.36,367.26,362.63,351.0,345.04,347.15,353.88,363.79,373.0,375.38
401.32,395.63,377.79,369.02,363.93,351.95,345.51,347.33,354.1,364.19,373.44,375.79
384.84,375.82,368.76,363.27,360.16,350.58,346.71,349.3,355.12,363.92,372.5,374.65
359.8,337.17,343.22,346.96,353.47,351.04,350.25,351.69,353.61,359.37,366.22,367.56
405.14,399.43,379.9,370.56,364.82,351.49,342.38,343.74,351.22,362.72,372.88,375.67
447.43,432.81,398.28,382.03,372.66,360.16,356.13,358.51,362.01,370.53,376.42,377.26
460.99,442.24,414.71,387.73,380.7,371.11,363.97,363.06,368.18,377.56,380.65,380.83
310.26,273.04,285.58,291.97,312.59,320.61,324.61,327.44,330.49,338.2,344.39,345.55
325.01,289.33,293.9,297.61,317.22,326.14,330.82,333.21,335.27,341.95,347.45,348.15
300.4,264.45,282.25,286.83,304.88,313.11,317.58,319.98,322.94,331.08,338.55,341.0
347.12,320.2,323.29,324.35,330.28,332.15,336.89,340.59,343.07,349.43,355.63,356.65
308.62,271.02,283.93,287.37,303.81,311.94,316.59,319.49,322.6,330.87,338.42,340.98
295.41,257.58,278.77,279.31,292.39,305.88,313.11,315.56,317.0,323.19,330.17,332.69
293.51,249.42,269.27,266.34,279.91,303.2,313.01,314.73,315.27,319.46,326.4,328.19
249.08,235.47,242.24,249.42,280.17,305.8,314.38,312.67,315.27,318.07,321.38,327.36
304.52,264.05,272.34,273.17,283.57,302.67,312.94,315.24,316.21,321.04,328.8,331.66
312.49,270.32,273.62,269.81,277.29,298.1,309.84,314.39,316.12,321.22,328.62,331.21
501.11,472.61,422.47,370.76,364.28,358.6,347.32,345.2,353.85,368.64,376.24,378.33
394.4,384.51,357.39,337.84,343.81,340.86,333.14,333.41,341.52,354.9,367.95,372.7
420.86,408.99,370.83,346.54,350.57,345.73,336.2,335.08,342.88,356.57,369.97,374.79
389.39,378.97,354.71,336.26,342.52,339.98,332.89,334.05,342.24,355.43,368.02,372.47
403.39,393.42,362.22,341.07,346.45,342.82,334.56,334.75,342.79,356.23,369.16,373.75
378.55,363.31,346.99,331.95,338.94,337.74,333.08,336.87,345.04,357.33,368.21,371.59
381.11,367.42,349.17,333.23,340.02,338.41,332.99,336.15,344.35,356.93,368.3,371.98
392.04,382.05,356.19,337.12,343.23,340.54,333.55,335.13,343.29,356.32,368.67,372.94
371.2,351.32,339.09,326.33,334.0,335.39,335.91,341.08,348.4,358.6,367.17,369.29
375.57,358.41,344.04,330.02,338.3,342.98,345.18,349.25,354.25,362.3,370.24,372.1
329.24,290.96,283.51,273.89,282.48,302.15,312.4,315.51,316.84,321.73,329.94,333.36
354.79,343.53,335.15,327.59,333.25,344.77,351.97,354.78,356.75,358.69,364.0,371.12
373.15,359.41,352.9,344.29,353.95,367.95,372.35,373.03,374.3,375.91,379.9,387.56
337.23,321.59,321.26,316.11,315.22,318.18,330.04,339.65,345.24,348.41,354.32,361.07
323.86,293.17,297.25,294.71,292.75,299.16,311.49,316.67,318.56,321.47,330.49,338.36
429.23,415.26,375.16,352.05,362.03,376.84,381.9,381.91,382.47,384.0,389.33,396.08
407.26,396.7,365.96,348.6,360.75,376.26,380.81,380.81,381.49,383.0,387.8,395.11
301.72,265.21,286.46,296.12,306.75,318.16,323.62,328.03,331.41,335.32,343.42,346.81
300.48,263.4,284.62,296.25,313.33,321.1,325.45,328.74,331.41,337.3,344.56,346.06
284.13,243.56,273.54,279.28,295.9,311.06,314.81,315.13,315.4,319.41,326.49,328.49
279.75,235.66,258.85,260.71,269.83,292.03,305.73,312.28,315.08,319.43,326.47,328.16
299.09,258.45,269.29,262.26,264.44,282.93,300.96,310.21,314.45,319.6,326.74,328.46
297.94,256.46,268.44,258.29,255.93,268.31,290.11,306.05,312.66,318.1,325.9,328.14
284.28,238.31,257.32,250.54,250.65,257.47,271.03,294.7,308.17,315.21,323.92,327.69
306.32,265.21,270.08,260.46,254.62,258.44,270.71,293.8,307.86,315.74,324.67,327.84
320.46,278.48,274.74,261.84,254.73,258.04,270.23,293.32,307.62,315.47,324.45,327.85
401.36,391.2,358.69,329.32,315.39,301.14,295.45,299.95,306.07,317.6,334.07,346.68
506.38,479.42,426.09,363.51,335.14,314.88,306.2,309.39,318.83,336.65,354.79,367.2
437.62,420.68,375.16,339.21,322.75,305.59,298.36,302.63,311.3,323.62,341.81,357.13
315.67,272.86,272.55,261.25,254.81,258.87,273.07,295.38,308.76,315.8,324.42,327.64
316.83,274.09,273.01,261.39,254.93,259.5,274.73,295.65,309.01,315.82,324.3,327.49
323.79,282.81,276.71,262.4,254.89,258.82,273.5,294.96,308.65,315.67,324.27,327.58
359.14,333.66,319.79,298.82,284.04,269.45,276.78,295.2,311.21,320.1,329.25,332.67
490.92,459.32,410.14,354.27,329.78,310.65,301.89,308.74,323.79,341.92,357.62,367.54
324.62,284.09,277.31,262.72,255.76,262.46,276.65,294.4,308.66,315.41,323.71,326.94
331.85,294.63,284.03,265.04,255.51,260.01,275.06,293.51,308.16,315.3,323.78,327.21
312.95,270.18,271.62,260.97,254.72,258.78,273.16,294.24,308.36,315.63,324.25,327.49
299.55,257.23,268.51,257.73,251.89,258.2,273.01,293.32,308.05,315.51,324.11,327.34
302.97,261.96,269.75,262.37,261.69,266.14,273.45,287.73,305.24,313.78,322.25,325.34
329.97,293.72,290.24,282.59,272.73,266.22,269.56,279.63,297.85,310.5,320.29,326.27
299.0,256.31,270.84,266.55,263.36,269.57,280.61,299.21,310.01,314.71,322.48,325.77
300.7,259.86,270.13,265.34,266.29,275.19,291.65,307.75,312.68,316.46,323.89,326.25
294.85,250.72,267.27,256.86,263.15,282.48,303.14,312.22,314.31,317.89,325.16,327.22
300.15,259.77,269.55,263.19,267.63,289.85,307.37,313.5,315.15,319.37,326.58,328.65
293.33,248.58,267.08,259.29,269.14,295.24,310.11,314.17,315.18,319.17,326.16,327.89
300.94,260.89,269.94,264.32,267.59,286.02,300.85,309.77,314.35,319.95,327.01,328.66
300.74,260.71,269.69,263.17,265.41,282.29,294.58,298.52,304.47,315.54,325.87,328.42
298.67,257.8,268.72,259.27,257.76,270.41,288.62,296.76,302.97,313.84,325.02,328.23
304.17,263.93,269.87,261.07,258.79,269.17,288.09,301.9,310.41,317.7,326.04,328.33
433.98,418.2,373.93,339.43,327.82,321.44,320.31,320.44,324.76,337.81,356.43,367.64
310.43,268.21,271.1,261.51,258.84,268.99,288.14,302.68,310.87,317.72,325.97,328.32
315.65,273.49,272.87,262.12,259.17,269.06,287.53,300.75,309.68,317.24,325.89,328.38
308.97,266.84,270.7,261.38,258.9,269.14,286.99,296.97,305.01,315.01,325.4,328.32
321.86,280.66,275.82,262.94,259.22,268.7,286.24,295.96,302.85,313.46,324.77,328.26
323.7,283.0,276.84,262.63,256.21,262.56,277.54,295.38,307.08,315.5,325.07,328.26
326.05,286.36,280.49,271.64,266.66,263.81,263.9,265.82,273.59,290.22,312.83,322.03
367.48,345.49,331.94,313.45,308.16,297.69,285.42,281.56,288.88,308.22,327.63,335.88
299.81,257.09,268.62,258.53,256.19,263.47,265.32,270.76,282.53,302.56,318.55,324.09
298.15,256.32,269.32,262.53,261.29,263.68,264.22,265.13,270.37,283.52,308.95,324.33
219.05,229.62,240.92,237.65,244.49,266.26,277.39,279.41,282.45,291.94,303.5,315.72
223.25,230.63,239.34,234.92,239.98,257.58,271.85,277.26,277.99,281.38,292.6,308.91
212.62,221.52,235.76,235.99,239.85,258.38,273.04,279.91,280.7,281.89,288.64,306.35
212.61,215.7,226.08,230.56,233.73,251.36,262.12,271.74,278.96,280.29,283.22,297.04
201.13,202.1,211.03,221.44,223.37,242.37,255.44,265.3,273.82,275.98,278.79,292.28
201.13,201.56,207.76,213.99,216.68,232.12,247.89,255.07,260.14,269.21,276.85,288.75
182.0,179.68,191.97,200.16,202.28,213.09,231.0,245.17,252.12,260.58,270.67,283.55
202.43,202.84,208.04,210.72,205.97,210.52,222.03,238.5,250.61,255.57,261.34,280.82
166.08,165.28,185.33,198.17,196.28,199.25,205.85,217.73,234.25,246.2,252.27,265.1
165.41,164.97,185.21,198.13,196.18,198.56,201.89,207.22,219.05,235.68,248.38,262.6
164.62,164.67,185.11,198.11,196.16,198.44,201.06,202.64,207.42,219.15,236.06,251.53
164.98,164.8,185.15,198.12,196.16,198.43,200.94,201.79,202.77,207.37,219.27,238.47
164.32,164.58,185.09,198.1,196.15,198.43,200.92,201.67,201.94,202.84,207.86,222.18
305.59,250.91,248.65,237.89,229.76,224.13,220.59,219.4,221.93,229.8,240.83,256.67
165.61,164.87,185.18,198.13,196.17,198.43,200.94,201.76,202.58,206.3,215.05,228.71
166.65,165.52,185.41,198.16,196.18,198.44,200.92,201.67,201.93,202.83,207.48,218.2
166.23,165.31,185.33,198.15,196.18,198.43,200.92,201.65,201.79,201.85,202.48,207.41
168.69,167.01,185.95,198.24,196.23,198.45,200.92,201.64,201.78,201.78,202.0,204.54
554.18,515.32,441.27,395.24,343.31,315.29,293.14,278.08,271.57,268.49,270.75,274.09
179.52,176.13,189.77,198.93,197.37,198.99,201.07,201.66,201.77,201.76,201.97,204.4
215.94,214.08,213.56,213.23,206.84,207.8,208.89,212.91,225.38,239.44,241.68,246.01
166.13,165.23,185.3,198.15,196.19,198.55,201.77,206.74,218.87,234.93,238.2,240.93
168.43,166.79,185.87,198.23,196.22,198.49,201.2,203.52,210.84,224.98,236.04,241.48
261.76,219.52,214.84,218.6,219.13,222.97,224.06,222.28,225.43,236.19,246.3,258.69
303.0,248.93,248.06,237.65,229.66,224.07,220.62,219.86,224.81,237.87,249.4,262.18
288.87,232.69,242.4,230.2,226.59,223.19,220.35,219.5,223.37,236.14,246.86,261.19
165.26,164.78,185.14,198.12,196.16,198.44,200.96,201.96,203.91,212.88,230.07,240.43
193.0,191.69,198.95,204.07,200.79,200.54,201.53,201.98,203.09,209.19,224.87,240.47
173.0,170.81,187.34,198.41,196.44,198.55,200.95,201.71,202.32,205.45,217.88,237.91
271.83,218.17,222.74,227.53,227.92,224.4,221.06,219.25,219.46,225.44,239.68,254.04
189.56,187.74,196.57,202.48,200.26,200.21,201.37,201.88,203.2,209.87,225.13,240.48
165.56,164.93,185.19,198.13,196.17,198.43,200.94,201.79,202.76,207.69,221.95,239.91
165.94,165.13,185.26,198.14,196.17,198.43,200.94,201.77,202.65,207.21,221.33,239.74
164.89,164.69,185.11,198.12,196.16,198.43,200.94,201.77,202.64,207.13,221.26,239.74
167.58,166.13,185.62,198.2,196.2,198.44,200.92,201.66,201.88,202.49,206.53,222.07
164.79,164.66,185.1,198.11,196.16,198.44,200.98,202.06,204.55,214.91,232.4,240.75
165.48,164.93,185.19,198.13,196.17,198.45,201.04,202.49,207.06,221.11,237.01,241.88
169.98,168.08,186.32,198.29,196.27,198.48,200.97,202.0,204.26,214.04,231.81,240.34
255.92,220.8,213.58,214.09,215.03,217.41,217.93,222.75,226.87,237.06,245.84,257.71
302.13,248.02,247.77,237.51,229.55,224.02,220.55,219.42,222.59,235.03,246.9,261.97
330.65,278.84,260.74,241.87,230.21,224.92,221.06,219.72,222.84,234.55,245.83,260.92
310.73,254.18,249.74,238.29,229.79,224.25,220.7,219.81,223.76,233.91,245.41,260.61
319.55,263.91,253.35,239.51,229.95,224.53,221.0,220.86,226.12,232.08,241.15,256.09
408.83,383.74,334.36,295.53,274.95,251.57,231.09,223.51,221.97,227.23,240.81,259.92
300.45,243.19,245.87,234.96,227.37,223.5,220.53,220.27,224.99,230.77,238.07,258.46
221.44,215.9,212.01,211.16,205.21,206.02,206.46,206.76,208.1,213.82,222.66,239.16
219.64,215.43,212.59,211.9,205.85,206.7,207.16,207.5,209.04,215.09,223.57,240.05
220.7,215.59,212.14,211.35,205.39,206.24,206.86,208.26,213.65,220.81,230.92,254.41
328.34,274.82,258.77,241.16,230.12,224.83,221.16,220.8,226.45,236.25,247.89,262.49
306.51,249.5,248.09,237.44,229.18,223.99,220.6,219.68,223.93,238.22,251.03,262.82
299.09,242.26,245.58,234.69,227.27,223.48,220.63,220.92,228.27,241.93,254.19,263.63
302.31,246.79,247.27,236.99,228.94,224.06,221.97,226.55,238.31,250.21,256.89,265.18
305.01,248.93,247.93,237.46,229.35,224.23,222.17,227.4,240.68,251.23,257.03,265.47
302.89,246.88,247.27,236.94,229.01,225.4,228.36,238.33,249.53,254.93,259.43,267.2
298.46,241.93,245.52,234.83,228.7,231.06,239.03,247.02,255.12,257.82,262.39,270.89
288.31,226.89,235.24,229.34,234.24,241.43,247.77,254.3,259.82,260.42,264.79,273.16
305.93,250.33,249.85,244.58,245.02,249.02,253.6,260.25,261.62,262.57,269.42,280.96
303.59,248.97,255.26,252.16,249.7,252.03,256.4,262.3,262.89,265.22,277.03,293.81
309.42,259.77,266.45,258.29,253.03,253.73,257.23,263.53,265.56,272.52,291.4,313.91
446.73,426.47,378.09,340.71,323.05,301.24,281.97,273.68,281.17,298.89,321.54,336.72
340.62,306.87,294.81,271.83,257.47,258.21,270.48,293.32,307.43,315.36,324.53,328.13
354.15,326.11,312.39,290.77,273.37,261.25,269.35,288.56,304.71,315.52,326.66,330.77
389.01,377.76,351.31,324.87,312.57,301.11,298.13,301.56,303.83,310.23,326.57,338.37
397.27,386.58,355.74,327.56,314.56,302.39,299.05,302.11,304.35,311.36,327.97,340.15
445.69,425.79,377.79,340.71,324.27,308.29,302.87,305.74,313.84,328.57,347.3,361.28
430.26,415.14,371.86,337.42,321.91,307.16,304.44,314.07,326.51,342.71,361.28,371.21
454.35,439.3,399.5,370.93,362.38,350.73,337.0,327.2,318.83,321.63,351.05,389.51
463.56,447.37,404.97,374.92,366.55,358.17,342.79,332.25,330.79,340.01,369.03,409.11
514.77,497.06,459.02,404.17,376.48,357.75,344.81,345.9,361.38,377.8,392.68,411.11
437.02,425.17,390.09,365.19,360.61,358.83,365.09,372.7,379.24,384.17,389.18,398.05
428.83,416.8,384.06,362.26,365.64,375.72,381.9,383.79,385.84,388.01,391.89,399.78
421.38,409.23,379.74,358.92,358.61,364.11,372.51,377.25,381.3,384.66,389.04,398.44
587.55,613.44,569.2,539.76,527.03,505.75,465.5,437.16,422.48,414.45,411.12,414.65
533.74,518.83,480.47,434.66,416.86,421.65,418.46,411.57,408.43,408.33,413.21,420.05
410.53,398.05,375.65,363.9,379.42,389.52,389.31,386.76,386.07,386.75,389.69,397.54
406.89,407.77,383.51,373.28,388.31,392.69,389.33,385.11,383.57,383.79,386.36,393.96
421.57,412.14,397.67,404.57,412.8,410.75,402.25,394.48,391.09,390.53,393.02,400.41
404.25,397.34,395.79,406.56,413.08,409.47,400.17,392.32,389.05,388.55,391.07,398.4
398.08,392.08,394.14,405.68,412.27,408.59,399.29,391.53,388.33,387.88,390.49,397.83
403.58,395.66,391.44,399.62,408.2,407.19,399.48,392.29,389.19,388.82,391.94,399.26
397.24,389.3,391.5,402.88,410.53,407.74,398.93,391.39,388.25,387.84,390.67,398.02
393.09,390.06,394.74,406.74,412.48,408.12,398.53,390.74,387.58,387.14,389.7,397.03
499.85,479.97,453.84,432.86,425.65,420.15,409.6,399.94,395.56,397.09,404.01,406.23
393.52,386.87,391.42,403.7,410.88,407.48,398.37,390.77,387.65,387.25,390.02,397.37
394.66,385.97,386.12,394.87,404.42,404.21,397.15,390.49,387.68,387.43,390.74,398.04
420.77,415.65,399.5,402.23,409.7,409.89,402.93,395.58,392.09,391.6,395.36,402.27
454.81,442.33,414.65,412.41,420.26,418.98,406.78,396.21,391.22,391.44,398.22,401.65
446.65,436.43,411.17,408.62,413.23,412.96,405.71,397.9,394.06,393.37,396.94,404.34
440.44,432.48,409.48,408.12,413.2,412.74,405.31,397.48,393.66,392.98,396.52,403.43
453.1,441.13,414.09,410.98,415.26,416.64,412.81,402.39,394.29,391.46,396.09,401.18
573.86,589.3,556.85,527.69,499.31,461.26,427.49,408.24,397.87,394.97,394.87,392.53
448.18,438.09,413.0,410.84,415.08,414.18,406.44,398.36,394.39,393.62,396.98,404.02
413.78,408.56,395.75,400.04,408.21,408.37,401.44,394.28,390.99,390.58,394.23,401.28
394.46,387.66,381.96,385.86,395.57,398.34,393.99,388.81,386.61,386.71,390.77,397.82
390.2,384.2,390.21,402.78,410.17,406.87,397.84,390.34,387.29,386.91,389.71,397.06
380.82,369.33,375.45,383.76,394.82,396.68,391.61,386.44,384.39,384.49,388.35,395.49
387.11,378.81,374.47,369.85,370.63,369.33,368.01,367.07,367.69,371.49,379.35,381.87
401.55,397.09,382.67,376.48,378.93,380.19,379.23,377.23,376.87,379.02,386.37,390.1
382.49,371.72,372.05,371.36,377.42,379.7,378.31,376.07,375.57,377.23,384.15,388.65
521.07,505.09,463.26,428.39,414.19,414.67,410.64,404.13,401.15,402.49,409.65,412.84
517.13,500.7,460.64,429.48,418.71,418.66,412.26,404.14,400.38,401.52,408.6,411.6
377.1,371.2,383.63,398.2,406.04,402.51,393.64,386.7,384.03,383.79,386.78,394.1
383.72,373.28,376.97,384.36,395.15,397.22,392.27,387.06,384.96,385.05,388.91,396.06
492.42,468.83,438.35,414.97,413.86,413.02,405.18,396.96,393.38,396.23,402.84,404.38
380.42,371.19,382.04,395.09,404.39,402.48,394.45,387.75,385.11,384.9,388.08,395.39
357.32,342.29,358.22,373.52,383.77,379.56,373.79,370.92,370.24,370.66,374.56,381.44
370.32,354.62,368.62,380.97,392.92,393.01,387.12,382.32,380.62,380.81,384.63,391.72
375.95,361.54,368.03,372.46,382.2,385.38,382.91,379.81,378.82,379.67,385.21,391.21
379.51,367.02,369.46,367.19,369.15,368.02,366.65,365.74,366.37,370.22,378.03,380.47
393.42,387.55,377.84,370.4,365.14,357.42,354.01,355.46,359.38,366.71,374.78,376.67
418.43,413.85,391.29,379.54,372.26,364.36,360.36,360.44,363.39,370.27,378.08,379.65
395.25,389.86,378.84,371.02,365.45,357.32,353.73,355.19,359.26,366.75,374.85,376.74
407.01,402.79,385.29,376.47,373.8,370.8,369.02,368.06,368.95,373.42,381.19,383.2
392.16,385.91,377.14,369.86,364.15,355.03,351.19,353.06,357.81,365.82,374.11,376.08
406.56,402.4,384.99,375.45,369.23,361.47,357.71,358.32,361.67,368.8,376.68,378.36
445.19,433.46,401.9,385.75,378.11,372.89,370.36,370.14,374.47,382.11,386.33,384.87
387.7,379.7,374.69,369.07,366.95,363.09,361.07,361.22,363.09,368.54,376.39,378.37
401.24,396.82,382.16,373.76,369.86,365.09,362.63,362.55,364.49,370.16,377.97,379.79
334.35,305.81,312.18,316.77,328.72,334.07,337.39,338.86,339.93,345.28,351.48,352.51
349.05,324.76,331.73,333.67,337.25,336.82,340.17,343.04,344.95,350.51,357.13,358.36
310.72,276.81,288.73,292.49,308.54,318.05,322.5,325.68,329.27,337.72,343.9,345.26
305.99,272.96,286.96,290.7,304.51,310.65,314.9,318.48,322.28,331.19,338.42,341.0
291.75,259.99,282.4,284.78,295.88,299.14,304.99,311.61,315.89,322.95,328.8,330.33
280.5,238.4,263.43,264.84,276.32,293.43,301.08,308.79,313.94,320.05,327.0,328.41
456.99,436.27,399.12,371.56,371.66,361.03,346.47,341.99,351.18,366.3,373.74,376.18
305.92,264.95,275.67,275.85,288.32,303.46,311.94,315.29,316.92,322.87,330.19,332.93
296.2,254.89,273.21,270.67,280.19,295.11,304.01,311.12,315.15,321.2,327.48,328.66
304.51,264.66,274.55,274.25,284.76,297.26,306.6,312.64,315.81,321.77,328.32,330.13
307.43,266.58,275.03,274.38,284.67,296.2,304.26,311.26,315.32,321.52,328.0,329.56
301.61,261.32,273.76,273.14,282.57,294.64,300.39,307.76,313.68,321.12,327.62,328.81
304.81,264.41,274.31,273.8,283.7,294.76,299.15,305.32,312.33,320.78,327.57,328.8
311.96,270.45,276.07,274.55,284.44,294.8,298.53,303.5,311.08,320.19,327.44,328.79
437.63,421.41,380.72,358.8,360.98,350.89,337.17,328.77,327.69,337.33,353.93,365.02
510.19,485.12,435.71,386.78,379.2,369.17,352.4,341.64,340.7,353.33,366.84,374.74
353.06,325.53,316.33,307.72,314.25,311.61,308.63,310.73,317.63,329.25,340.75,346.43
370.29,349.65,340.49,332.64,341.59,336.11,327.8,327.46,335.7,349.7,361.96,366.44
340.82,308.49,300.23,288.15,293.25,296.1,299.19,305.97,312.64,320.35,327.75,329.41
383.25,370.33,353.24,340.92,348.26,341.55,331.32,326.48,329.0,342.43,358.01,366.39
381.23,367.31,351.71,340.01,347.56,341.1,331.22,327.62,333.36,347.37,362.11,368.74
421.67,410.01,373.68,353.29,357.37,348.67,336.34,331.22,337.4,351.52,366.69,373.15
508.18,481.94,429.54,373.23,366.55,377.48,382.69,382.25,382.91,388.61,395.53,396.94
390.41,379.39,354.59,337.82,350.48,363.99,367.87,367.71,368.29,370.99,378.8,382.73
372.87,357.31,351.31,345.4,360.93,375.21,376.8,375.85,376.19,377.31,381.15,388.63
385.37,372.32,360.27,358.65,382.17,390.22,387.93,384.17,382.83,383.22,386.86,394.22
324.04,303.81,317.51,329.7,351.38,355.73,356.6,357.09,357.27,357.7,361.74,368.26
322.17,297.53,311.82,325.83,349.14,354.19,355.18,355.51,355.49,355.84,360.15,366.34
314.63,295.94,305.79,304.48,307.84,318.97,329.04,336.98,341.6,344.11,349.91,356.26
308.76,285.21,300.35,309.57,330.12,342.97,348.07,349.84,350.17,350.64,355.47,361.34
311.33,276.19,292.14,305.97,328.9,336.7,339.0,339.42,339.48,342.77,349.53,351.04
310.23,275.46,288.97,300.1,320.96,329.33,332.76,334.18,335.56,341.74,347.13,347.73
382.85,372.42,370.34,367.92,371.92,372.41,371.27,369.82,369.92,372.78,380.49,383.6
331.11,301.24,306.75,309.31,322.88,329.77,334.29,336.38,337.97,344.15,349.83,350.63
446.21,434.13,402.12,385.16,373.65,359.22,351.21,355.0,364.1,371.45,376.98,377.54
313.11,279.27,289.84,292.83,307.17,315.92,320.48,323.83,327.66,336.43,343.02,344.73
316.69,283.47,291.96,294.02,306.5,313.14,318.04,321.54,325.65,334.74,341.85,344.01
316.13,282.8,291.57,293.63,305.45,309.02,311.96,315.7,320.21,329.2,336.77,339.78
316.7,283.45,291.93,293.83,305.32,307.56,306.63,309.9,315.69,325.0,331.88,334.64
312.05,278.27,289.25,292.05,304.33,306.25,303.27,303.92,311.31,322.18,328.83,330.5
311.09,277.41,288.81,291.77,304.16,305.96,302.46,300.98,306.89,319.6,327.52,329.25
