770.0,789.62,809.23,828.85,848.46,868.08,887.69,907.31,926.92,946.54,966.15,985.77,
656.52,653.54,650.57,647.6,644.63,641.66,638.68,635.71,632.74,629.77,626.79,623.82,
585.45,569.76,554.06,538.36,522.66,506.96,491.26,475.56,459.86,444.16,428.46,412.76,
505.3,476.63,447.96,419.29,390.62,361.95,333.28,304.6,275.93,247.26,218.59,189.92,
632.27,620.31,608.36,596.4,584.44,572.48,560.52,548.57,536.61,524.65,512.69,500.73,
681.97,674.07,666.17,658.26,650.36,642.46,634.56,626.66,618.75,610.85,602.95,595.05,
704.09,704.34,704.58,704.83,705.07,705.31,705.56,705.8,706.05,706.29,706.54,706.78,
777.27,790.31,803.36,816.4,829.44,842.48,855.52,868.57,881.61,894.65,907.69,920.73,
808.33,829.1,849.87,870.64,891.41,912.18,932.95,953.72,974.49,995.26,1016.03,1036.79,
700.45,707.45,714.44,721.43,728.43,735.42,742.41,749.41,756.4,763.39,770.38,777.38,
529.24,513.23,497.21,481.2,465.19,449.17,433.16,417.14,401.13,385.12,369.1,353.09,
391.67,360.13,328.59,297.05,265.51,233.97,202.44,170.9,139.36,107.82,76.28,44.74,
220.45,168.6,116.75,64.9,13.04,0.0,0.0,0.0,0.0,0.0,0.0,0.0,
54.85,0.0,0.0,0.0,0.0,0.0,0.0,0.0,0.0,0.0,0.0,0.0,
83.03,17.86,0.0,0.0,0.0,0.0,0.0,0.0,0.0,0.0,0.0,0.0,
125.45,66.29,7.13,0.0,0.0,0.0,0.0,0.0,0.0,0.0,0.0,0.0,
321.52,295.47,269.42,243.37,217.32,191.27,165.22,139.17,113.12,87.07,61.03,34.98,
503.48,507.23,510.97,514.71,518.45,522.19,525.93,529.67,533.41,537.16,540.9,544.64,
662.42,687.67,712.91,738.16,763.4,788.65,813.89,839.14,864.38,889.63,914.87,940.12,
798.18,845.21,892.24,939.27,986.29,1033.32,1080.35,1127.38,1174.41,1221.43,1268.46,1315.49,
986.21,1058.45,1130.69,1202.93,1275.16,1347.4,1419.64,1491.88,1564.11,1636.35,1708.59,1780.83,
1067.12,1146.04,1224.95,1303.87,1382.79,1461.7,1540.62,1619.53,1698.45,1777.37,1856.28,1935.2,
1055.76,1126.77,1197.79,1268.8,1339.81,1410.83,1481.84,1552.86,1623.87,1694.88,1765.9,1836.91,
1026.21,1085.76,1145.3,1204.85,1264.39,1323.94,1383.48,1443.03,1502.58,1562.12,1621.67,1681.21,
1022.12,1069.88,1117.65,1165.41,1213.17,1260.93,1308.69,1356.46,1404.22,1451.98,1499.74,1547.51,
935.76,959.46,983.17,1006.88,1030.58,1054.29,1078.0,1101.7,1125.41,1149.11,1172.82,1196.53,
903.94,918.9,933.87,948.83,963.8,978.76,993.73,1008.69,1023.66,1038.62,1053.59,1068.55,
884.55,892.94,901.33,909.72,918.11,926.5,934.9,943.29,951.68,960.07,968.46,976.85,
847.27,850.31,853.36,856.4,859.44,862.48,865.52,868.57,871.61,874.65,877.69,880.73,
705.91,691.43,676.96,662.48,648.01,633.53,619.06,604.58,590.1,575.63,561.15,546.68,
585.3,558.17,531.04,503.9,476.77,449.64,422.51,395.37,368.24,341.11,313.97,286.84,
465.91,424.13,382.34,340.56,298.78,256.99,215.21,173.43,131.64,89.86,48.08,6.29,
405.15,360.82,316.48,272.14,227.81,183.47,139.14,94.8,50.47,6.13,0.0,0.0,
318.48,267.23,215.97,164.71,113.45,62.19,10.93,0.0,0.0,0.0,0.0,0.0,
225.76,165.23,104.71,44.18,0.0,0.0,0.0,0.0,0.0,0.0,0.0,0.0,
107.12,35.65,0.0,0.0,0.0,0.0,0.0,0.0,0.0,0.0,0.0,0.0,
27.73,0.0,0.0,0.0,0.0,0.0,0.0,0.0,0.0,0.0,0.0,0.0,
0.0,0.0,0.0,0.0,0.0,0.0,0.0,0.0,0.0,0.0,0.0,0.0,
0.0,0.0,0.0,0.0,0.0,0.0,0.0,0.0,0.0,0.0,0.0,0.0,
0.0,0.0,0.0,0.0,0.0,0.0,0.0,0.0,0.0,0.0,0.0,0.0,
104.55,77.94,51.33,24.72,0.0,0.0,0.0,0.0,0.0,0.0,0.0,0.0,
176.52,161.62,146.72,131.83,116.93,102.04,87.14,72.25,57.35,42.46,27.56,12.67,
358.94,367.75,376.56,385.37,394.18,403.0,411.81,420.62,429.43,438.24,447.05,455.86,
625.61,667.88,710.15,752.42,794.7,836.97,879.24,921.52,963.79,1006.06,1048.33,1090.61,
880.0,953.08,1026.15,1099.23,1172.31,1245.38,1318.46,1391.54,1464.62,1537.69,1610.77,1683.85,
1037.88,1127.81,1217.74,1307.67,1397.6,1487.53,1577.46,1667.39,1757.32,1847.25,1937.18,2027.11,
1147.27,1247.24,1347.2,1447.17,1547.13,1647.1,1747.06,1847.03,1946.99,2046.96,2146.92,2246.89,
1124.09,1214.72,1305.35,1395.98,1486.61,1577.24,1667.87,1758.5,1849.13,1939.76,2030.38,2121.01,
1112.58,1192.33,1272.09,1351.84,1431.6,1511.35,1591.11,1670.86,1750.62,1830.37,1910.13,1989.88,
1038.18,1097.52,1156.85,1216.19,1275.52,1334.86,1394.2,1453.53,1512.87,1572.2,1631.54,1690.87,
967.12,1006.04,1044.95,1083.87,1122.79,1161.7,1200.62,1239.53,1278.45,1317.37,1356.28,1395.2,
908.48,930.69,952.89,975.09,997.3,1019.5,1041.7,1063.9,1086.11,1108.31,1130.51,1152.72,
776.82,775.56,774.3,773.04,771.78,770.52,769.27,768.01,766.75,765.49,764.23,762.97,
688.03,668.24,648.45,628.66,608.87,589.08,569.29,549.5,529.71,509.92,490.13,470.34,
582.88,549.35,515.82,482.28,448.75,415.22,381.69,348.16,314.63,281.1,247.56,214.03,
515.76,479.08,442.4,405.72,369.04,332.37,295.69,259.01,222.33,185.65,148.97,112.3,
421.36,380.42,339.48,298.53,257.59,216.64,175.7,134.76,93.81,52.87,11.92,0.0,
334.85,288.8,242.75,196.7,150.65,104.6,58.55,12.51,0.0,0.0,0.0,0.0,
241.36,189.27,137.17,85.07,32.97,0.0,0.0,0.0,0.0,0.0,0.0,0.0,
105.3,38.55,0.0,0.0,0.0,0.0,0.0,0.0,0.0,0.0,0.0,0.0,
2.12,0.0,0.0,0.0,0.0,0.0,0.0,0.0,0.0,0.0,0.0,0.0,
0.0,0.0,0.0,0.0,0.0,0.0,0.0,0.0,0.0,0.0,0.0,0.0,
0.0,0.0,0.0,0.0,0.0,0.0,0.0,0.0,0.0,0.0,0.0,0.0,
0.0,0.0,0.0,0.0,0.0,0.0,0.0,0.0,0.0,0.0,0.0,0.0,
82.42,47.67,12.91,0.0,0.0,0.0,0.0,0.0,0.0,0.0,0.0,0.0,
404.24,416.31,428.37,440.43,452.49,464.56,476.62,488.68,500.75,512.81,524.87,536.93,
629.85,672.65,715.44,758.24,801.04,843.83,886.63,929.43,972.23,1015.02,1057.82,1100.62,
845.61,915.57,985.54,1055.5,1125.47,1195.43,1265.4,1335.36,1405.33,1475.29,1545.26,1615.22,
993.03,1077.47,1161.91,1246.35,1330.79,1415.23,1499.67,1584.11,1668.55,1753.0,1837.44,1921.88,
1083.48,1174.92,1266.35,1357.79,1449.22,1540.65,1632.09,1723.52,1814.95,1906.39,1997.82,2089.25,
1057.88,1140.5,1223.12,1305.75,1388.37,1470.99,1553.61,1636.24,1718.86,1801.48,1884.1,1966.72,
1020.15,1090.43,1160.71,1230.99,1301.27,1371.55,1441.83,1512.11,1582.39,1652.67,1722.95,1793.23,
947.73,999.3,1050.87,1102.45,1154.02,1205.59,1257.17,1308.74,1360.31,1411.89,1463.46,1515.03,
854.85,884.95,915.06,945.16,975.27,1005.37,1035.48,1065.58,1095.69,1125.79,1155.9,1186.0,
758.94,768.14,777.33,786.53,795.72,804.92,814.11,823.31,832.51,841.7,850.9,860.09,
586.97,565.22,543.47,521.72,499.98,478.23,456.48,434.73,412.98,391.24,369.49,347.74,
576.97,549.07,521.17,493.26,465.36,437.46,409.56,381.66,353.75,325.85,297.95,270.05,
644.55,629.09,613.64,598.18,582.73,567.27,551.82,536.36,520.91,505.45,490.0,474.55,
753.94,753.52,753.1,752.68,752.26,751.84,751.42,751.0,750.58,750.16,749.74,749.32,
785.15,791.97,798.79,805.61,812.42,819.24,826.06,832.88,839.7,846.52,853.33,860.15,
787.42,798.05,808.68,819.31,829.94,840.57,851.2,861.83,872.46,883.09,893.72,904.35,
686.21,687.3,688.38,689.46,690.55,691.63,692.72,693.8,694.88,695.97,697.05,698.14,
490.91,467.59,444.27,420.94,397.62,374.3,350.98,327.66,304.34,281.01,257.69,234.37,
315.0,271.54,228.08,184.62,141.15,97.69,54.23,10.77,0.0,0.0,0.0,0.0,
162.42,102.67,42.91,0.0,0.0,0.0,0.0,0.0,0.0,0.0,0.0,0.0,
21.97,0.0,0.0,0.0,0.0,0.0,0.0,0.0,0.0,0.0,0.0,0.0,
57.58,0.0,0.0,0.0,0.0,0.0,0.0,0.0,0.0,0.0,0.0,0.0,
152.42,98.05,43.68,0.0,0.0,0.0,0.0,0.0,0.0,0.0,0.0,0.0,
353.48,329.53,305.58,281.63,257.68,233.73,209.78,185.83,161.88,137.93,113.97,90.02,
466.36,461.96,457.55,453.15,448.74,444.34,439.93,435.52,431.12,426.71,422.31,417.9,
655.15,683.12,711.1,739.07,767.04,795.01,822.98,850.96,878.93,906.9,934.87,962.84,
770.61,817.49,864.38,911.27,958.16,1005.05,1051.93,1098.82,1145.71,1192.6,1239.49,1286.38,
848.94,908.52,968.1,1027.68,1087.26,1146.84,1206.42,1266.0,1325.58,1385.16,1444.74,1504.32,
858.03,916.32,974.6,1032.89,1091.18,1149.46,1207.75,1266.04,1324.32,1382.61,1440.9,1499.18,
838.48,887.61,936.74,985.86,1034.99,1084.11,1133.24,1182.37,1231.49,1280.62,1329.74,1378.87,
761.97,793.68,825.4,857.11,888.82,920.54,952.25,983.96,1015.68,1047.39,1079.1,1110.82,
706.67,722.44,738.21,753.97,769.74,785.51,801.28,817.05,832.82,848.59,864.36,880.13,
653.18,651.36,649.55,647.73,645.91,644.09,642.27,640.45,638.64,636.82,635.0,633.18,
649.85,644.18,638.52,632.86,627.19,621.53,615.86,610.2,604.53,598.87,593.21,587.54,
651.06,646.86,642.67,638.47,634.28,630.08,625.89,621.69,617.49,613.3,609.1,604.91,
766.52,780.08,793.65,807.21,820.78,834.35,847.91,861.48,875.05,888.61,902.18,915.75,
827.73,847.76,867.8,887.83,907.87,927.9,947.94,967.97,988.01,1008.04,1028.08,1048.11,
960.91,997.2,1033.5,1069.79,1106.08,1142.38,1178.67,1214.97,1251.26,1287.55,1323.85,1360.14,
1000.0,1039.23,1078.46,1117.69,1156.92,1196.15,1235.38,1274.62,1313.85,1353.08,1392.31,1431.54,
992.12,1027.19,1062.26,1097.33,1132.4,1167.47,1202.54,1237.61,1272.68,1307.75,1342.82,1377.89,
857.42,872.67,887.91,903.16,918.4,933.65,948.89,964.14,979.38,994.63,1009.87,1025.12,
704.09,698.95,693.81,688.67,683.53,678.39,673.25,668.11,662.97,657.83,652.69,647.55,
491.82,458.25,424.69,391.12,357.55,323.99,290.42,256.85,223.29,189.72,156.15,122.59,
312.12,257.19,202.26,147.33,92.4,37.47,0.0,0.0,0.0,0.0,0.0,0.0,
168.03,99.01,29.99,0.0,0.0,0.0,0.0,0.0,0.0,0.0,0.0,0.0,
162.88,96.27,29.66,0.0,0.0,0.0,0.0,0.0,0.0,0.0,0.0,0.0,
129.09,59.72,0.0,0.0,0.0,0.0,0.0,0.0,0.0,0.0,0.0,0.0,
261.52,213.93,166.34,118.75,71.17,23.58,0.0,0.0,0.0,0.0,0.0,0.0,
400.15,375.05,349.94,324.84,299.73,274.63,249.52,224.42,199.31,174.21,149.1,124.0,
586.52,593.54,600.57,607.6,614.63,621.66,628.68,635.71,642.74,649.77,656.79,663.82,
683.64,709.2,734.76,760.31,785.87,811.43,836.99,862.55,888.11,913.67,939.23,964.79,
735.3,773.17,811.04,848.9,886.77,924.64,962.51,1000.37,1038.24,1076.11,1113.97,1151.84,
769.09,810.87,852.66,894.44,936.22,978.01,1019.79,1061.57,1103.36,1145.14,1186.92,1228.71,
731.67,766.67,801.67,836.67,871.67,906.67,941.67,976.67,1011.67,1046.67,1081.67,1116.67,
686.67,710.51,734.36,758.21,782.05,805.9,829.74,853.59,877.44,901.28,925.13,948.97,
620.3,629.32,638.34,647.37,656.39,665.41,674.43,683.45,692.47,701.49,710.51,719.53,
537.88,528.96,520.05,511.13,502.21,493.3,484.38,475.47,466.55,457.63,448.72,439.8,
564.39,556.74,549.08,541.42,533.76,526.11,518.45,510.79,503.14,495.48,487.82,480.16,
546.97,534.07,521.17,508.26,495.36,482.46,469.56,456.66,443.75,430.85,417.95,405.05,
645.0,646.54,648.08,649.62,651.15,652.69,654.23,655.77,657.31,658.85,660.38,661.92,
759.55,777.55,795.56,813.57,831.57,849.58,867.59,885.59,903.6,921.61,939.62,957.62,
865.45,898.99,932.52,966.05,999.58,1033.11,1066.64,1100.17,1133.71,1167.24,1200.77,1234.3,
938.33,979.49,1020.64,1061.79,1102.95,1144.1,1185.26,1226.41,1267.56,1308.72,1349.87,1391.03,
904.24,937.46,970.68,1003.89,1037.11,1070.33,1103.54,1136.76,1169.98,1203.19,1236.41,1269.63,
793.94,812.37,830.79,849.22,867.65,886.07,904.5,922.93,941.35,959.78,978.21,996.63,
640.45,636.68,632.9,629.13,625.35,621.57,617.8,614.02,610.24,606.47,602.69,598.92,
447.73,419.3,390.87,362.45,334.02,305.59,277.17,248.74,220.31,191.89,163.46,135.03,
272.73,222.38,172.03,121.68,71.33,20.98,0.0,0.0,0.0,0.0,0.0,0.0,
136.36,69.65,2.94,0.0,0.0,0.0,0.0,0.0,0.0,0.0,0.0,0.0,
156.97,95.99,35.01,0.0,0.0,0.0,0.0,0.0,0.0,0.0,0.0,0.0,
285.15,241.2,197.25,153.3,109.35,65.4,21.45,0.0,0.0,0.0,0.0,0.0,
409.85,385.72,361.6,337.47,313.34,289.22,265.09,240.97,216.84,192.72,168.59,144.46,
537.42,534.59,531.76,528.93,526.1,523.26,520.43,517.6,514.77,511.93,509.1,506.27,
690.0,711.15,732.31,753.46,774.62,795.77,816.92,838.08,859.23,880.38,901.54,922.69,
774.09,812.03,849.97,887.9,925.84,963.78,1001.71,1039.65,1077.59,1115.52,1153.46,1191.4,
896.06,951.48,1006.9,1062.32,1117.74,1173.16,1228.58,1284.0,1339.42,1394.84,1450.26,1505.68,
912.88,967.81,1022.74,1077.67,1132.6,1187.53,1242.46,1297.39,1352.32,1407.25,1462.18,1517.11,
893.94,942.37,990.79,1039.22,1087.65,1136.07,1184.5,1232.93,1281.35,1329.78,1378.21,1426.63,
811.97,842.14,872.32,902.49,932.67,962.84,993.02,1023.19,1053.37,1083.54,1113.72,1143.89,
706.67,715.13,723.59,732.05,740.51,748.97,757.44,765.9,774.36,782.82,791.28,799.74,
619.09,608.18,597.27,586.36,575.45,564.55,553.64,542.73,531.82,520.91,510.0,499.09,
618.48,604.15,589.81,575.48,561.14,546.81,532.47,518.14,503.8,489.46,475.13,460.79,
644.85,636.88,628.9,620.93,612.96,604.99,597.02,589.04,581.07,573.1,565.13,557.16,
703.64,704.2,704.76,705.31,705.87,706.43,706.99,707.55,708.11,708.67,709.23,709.79,
760.91,769.13,777.34,785.56,793.78,801.99,810.21,818.43,826.64,834.86,843.08,851.29,
875.61,899.42,923.23,947.04,970.85,994.66,1018.47,1042.28,1066.1,1089.91,1113.72,1137.53,
944.24,973.23,1002.21,1031.2,1060.19,1089.17,1118.16,1147.14,1176.13,1205.12,1234.1,1263.09,
919.55,946.4,973.25,1000.1,1026.96,1053.81,1080.66,1107.52,1134.37,1161.22,1188.08,1214.93,
843.18,859.44,875.7,891.96,908.22,924.48,940.73,956.99,973.25,989.51,1005.77,1022.03,
671.21,665.37,659.53,653.69,647.86,642.02,636.18,630.34,624.5,618.66,612.82,606.98,
438.33,403.33,368.33,333.33,298.33,263.33,228.33,193.33,158.33,123.33,88.33,53.33,
223.64,162.27,100.91,39.55,0.0,0.0,0.0,0.0,0.0,0.0,0.0,0.0,
56.21,0.0,0.0,0.0,0.0,0.0,0.0,0.0,0.0,0.0,0.0,0.0,
30.61,0.0,0.0,0.0,0.0,0.0,0.0,0.0,0.0,0.0,0.0,0.0,
106.67,40.51,0.0,0.0,0.0,0.0,0.0,0.0,0.0,0.0,0.0,0.0,
234.55,189.09,143.64,98.18,52.73,7.27,0.0,0.0,0.0,0.0,0.0,0.0,
333.64,306.12,278.6,251.08,223.57,196.05,168.53,141.01,113.5,85.98,58.46,30.94,
581.97,592.91,603.86,614.8,625.75,636.69,647.63,658.58,669.52,680.47,691.41,702.35,
777.58,821.56,865.55,909.53,953.52,997.51,1041.49,1085.48,1129.46,1173.45,1217.44,1261.42,
929.39,994.43,1059.46,1124.5,1189.53,1254.57,1319.6,1384.64,1449.67,1514.71,1579.74,1644.78,
997.27,1071.47,1145.66,1219.86,1294.06,1368.25,1442.45,1516.64,1590.84,1665.03,1739.23,1813.43,
1021.21,1093.45,1165.69,1237.93,1310.16,1382.4,1454.64,1526.88,1599.11,1671.35,1743.59,1815.83,
900.61,949.03,997.46,1045.89,1094.31,1142.74,1191.17,1239.59,1288.02,1336.45,1384.87,1433.3,
745.91,765.66,785.42,805.17,824.93,844.69,864.44,884.2,903.95,923.71,943.46,963.22,
561.52,548.93,536.34,523.75,511.17,498.58,485.99,473.4,460.82,448.23,435.64,423.05,
470.3,441.25,412.19,383.14,354.08,325.02,295.97,266.91,237.86,208.8,179.74,150.69,
516.21,492.68,469.15,445.62,422.09,398.55,375.02,351.49,327.96,304.43,280.9,257.37,
551.52,533.54,515.57,497.6,479.63,461.66,443.68,425.71,407.74,389.77,371.79,353.82,
593.94,580.06,566.18,552.3,538.41,524.53,510.65,496.77,482.89,469.01,455.13,441.25,
707.73,712.76,717.8,722.83,727.87,732.9,737.94,742.97,748.01,753.04,758.08,763.11,
791.67,808.59,825.51,842.44,859.36,876.28,893.21,910.13,927.05,943.97,960.9,977.82,
838.03,863.62,889.22,914.81,940.41,966.0,991.6,1017.19,1042.79,1068.38,1093.97,1119.57,
720.45,732.45,744.44,756.43,768.43,780.42,792.41,804.41,816.4,828.39,840.38,852.38,
618.18,620.21,622.24,624.27,626.29,628.32,630.35,632.38,634.41,636.43,638.46,640.49,
418.79,395.4,372.0,348.61,325.22,301.83,278.44,255.05,231.66,208.26,184.87,161.48,
219.55,170.63,121.71,72.8,23.88,0.0,0.0,0.0,0.0,0.0,0.0,0.0,
51.21,0.0,0.0,0.0,0.0,0.0,0.0,0.0,0.0,0.0,0.0,0.0,
64.09,0.0,0.0,0.0,0.0,0.0,0.0,0.0,0.0,0.0,0.0,0.0,
112.12,54.5,0.0,0.0,0.0,0.0,0.0,0.0,0.0,0.0,0.0,0.0,
231.52,192.77,154.03,115.29,76.55,37.81,0.0,0.0,0.0,0.0,0.0,0.0,
438.48,430.69,422.89,415.09,407.3,399.5,391.7,383.9,376.11,368.31,360.51,352.72,
715.3,747.02,778.73,810.44,842.16,873.87,905.58,937.3,969.01,1000.72,1032.44,1064.15,
886.67,945.51,1004.36,1063.21,1122.05,1180.9,1239.74,1298.59,1357.44,1416.28,1475.13,1533.97,
1041.06,1122.25,1203.44,1284.63,1365.82,1447.0,1528.19,1609.38,1690.57,1771.76,1852.95,1934.14,
1112.27,1197.62,1282.97,1368.32,1453.67,1539.02,1624.37,1709.72,1795.07,1880.42,1965.77,2051.12,
1120.91,1201.43,1281.96,1362.48,1443.01,1523.53,1604.06,1684.58,1765.1,1845.63,1926.15,2006.68,
1028.64,1087.66,1146.68,1205.7,1264.72,1323.74,1382.76,1441.78,1500.8,1559.83,1618.85,1677.87,
930.76,966.0,1001.25,1036.49,1071.74,1106.98,1142.23,1177.47,1212.72,1247.96,1283.21,1318.45,
773.48,778.38,783.28,788.17,793.07,797.96,802.86,807.75,812.65,817.54,822.44,827.33,
674.7,663.75,652.81,641.86,630.92,619.98,609.03,598.09,587.14,576.2,565.26,554.31,
689.7,674.91,660.12,645.33,630.54,615.75,600.96,586.17,571.38,556.59,541.79,527.0,
630.76,607.16,583.55,559.95,536.35,512.75,489.15,465.55,441.95,418.34,394.74,371.14,
615.15,591.97,568.79,545.61,522.42,499.24,476.06,452.88,429.7,406.52,383.33,360.15,
588.64,569.2,549.76,530.31,510.87,491.43,471.99,452.55,433.11,413.67,394.23,374.79,
505.0,477.69,450.38,423.08,395.77,368.46,341.15,313.85,286.54,259.23,231.92,204.62,
482.12,455.27,428.41,401.56,374.71,347.86,321.0,294.15,267.3,240.44,213.59,186.74,
440.91,413.36,385.8,358.25,330.7,303.15,275.59,248.04,220.49,192.94,165.38,137.83,
353.94,319.29,284.64,249.99,215.34,180.69,146.04,111.39,76.74,42.09,7.44,0.0,
235.91,189.13,142.34,95.56,48.78,1.99,0.0,0.0,0.0,0.0,0.0,0.0,
119.55,63.32,7.1,0.0,0.0,0.0,0.0,0.0,0.0,0.0,0.0,0.0,
18.94,0.0,0.0,0.0,0.0,0.0,0.0,0.0,0.0,0.0,0.0,0.0,
0.0,0.0,0.0,0.0,0.0,0.0,0.0,0.0,0.0,0.0,0.0,0.0,
0.0,0.0,0.0,0.0,0.0,0.0,0.0,0.0,0.0,0.0,0.0,0.0,
2.88,0.0,0.0,0.0,0.0,0.0,0.0,0.0,0.0,0.0,0.0,0.0,
194.24,178.23,162.21,146.2,130.19,114.17,98.16,82.14,66.13,50.12,34.1,18.09,
433.33,448.72,464.1,479.49,494.87,510.26,525.64,541.03,556.41,571.79,587.18,602.56,
675.15,720.05,764.94,809.84,854.73,899.63,944.52,989.42,1034.31,1079.21,1124.1,1169.0,
886.36,958.5,1030.63,1102.76,1174.9,1247.03,1319.16,1391.29,1463.43,1535.56,1607.69,1679.83,
1042.27,1132.24,1222.2,1312.17,1402.13,1492.1,1582.06,1672.03,1761.99,1851.96,1941.92,2031.89,
1096.67,1188.97,1281.28,1373.59,1465.9,1558.21,1650.51,1742.82,1835.13,1927.44,2019.74,2112.05,
1117.27,1205.31,1293.36,1381.4,1469.44,1557.48,1645.52,1733.57,1821.61,1909.65,1997.69,2085.73,
1088.18,1162.9,1237.62,1312.34,1387.06,1461.78,1536.5,1611.22,1685.94,1760.66,1835.38,1910.1,
979.55,1031.4,1083.25,1135.1,1186.96,1238.81,1290.66,1342.52,1394.37,1446.22,1498.08,1549.93,
936.67,972.82,1008.97,1045.13,1081.28,1117.44,1153.59,1189.74,1225.9,1262.05,1298.21,1334.36,
838.18,850.98,863.78,876.57,889.37,902.17,914.97,927.76,940.56,953.36,966.15,978.95,
701.82,687.87,673.92,659.97,646.01,632.06,618.11,604.16,590.21,576.26,562.31,548.36,
581.97,550.99,520.01,489.03,458.05,427.07,396.1,365.12,334.14,303.16,272.18,241.2,
488.94,449.67,410.41,371.14,331.88,292.61,253.34,214.08,174.81,135.55,96.28,57.02,
430.61,390.19,349.77,309.35,268.93,228.51,188.09,147.67,107.25,66.83,26.41,0.0,
373.03,330.93,288.83,246.74,204.64,162.54,120.44,78.34,36.25,0.0,0.0,0.0,
335.76,294.46,253.17,211.88,170.58,129.29,88.0,46.7,5.41,0.0,0.0,0.0,
293.18,249.83,206.47,163.11,119.76,76.4,33.04,0.0,0.0,0.0,0.0,0.0,
247.42,202.67,157.91,113.16,68.4,23.65,0.0,0.0,0.0,0.0,0.0,0.0,
178.33,130.26,82.18,34.1,0.0,0.0,0.0,0.0,0.0,0.0,0.0,0.0,
45.76,0.0,0.0,0.0,0.0,0.0,0.0,0.0,0.0,0.0,0.0,0.0,
5.0,0.0,0.0,0.0,0.0,0.0,0.0,0.0,0.0,0.0,0.0,0.0,
4.39,0.0,0.0,0.0,0.0,0.0,0.0,0.0,0.0,0.0,0.0,0.0,
60.45,24.76,0.0,0.0,0.0,0.0,0.0,0.0,0.0,0.0,0.0,0.0,
223.33,211.41,199.49,187.56,175.64,163.72,151.79,139.87,127.95,116.03,104.1,92.18,
420.45,433.99,447.52,461.05,474.58,488.11,501.64,515.17,528.71,542.24,555.77,569.3,
667.27,710.7,754.13,797.55,840.98,884.41,927.83,971.26,1014.69,1058.11,1101.54,1144.97,
902.42,972.67,1042.91,1113.16,1183.4,1253.65,1323.89,1394.14,1464.38,1534.63,1604.87,1675.12,
993.18,1072.52,1151.85,1231.19,1310.52,1389.86,1469.2,1548.53,1627.87,1707.2,1786.54,1865.87,
1052.12,1136.42,1220.72,1305.02,1389.32,1473.62,1557.93,1642.23,1726.53,1810.83,1895.13,1979.43,
1118.33,1206.41,1294.49,1382.56,1470.64,1558.72,1646.79,1734.87,1822.95,1911.03,1999.1,2087.18,
1077.58,1153.48,1229.39,1305.3,1381.21,1457.12,1533.03,1608.94,1684.85,1760.76,1836.67,1912.58,
1008.64,1064.97,1121.29,1177.62,1233.95,1290.28,1346.61,1402.94,1459.27,1515.59,1571.92,1628.25,
979.7,1020.68,1061.66,1102.63,1143.61,1184.59,1225.57,1266.55,1307.53,1348.51,1389.49,1430.47,
848.18,861.75,875.31,888.88,902.45,916.01,929.58,943.15,956.71,970.28,983.85,997.41,
797.58,795.02,792.47,789.92,787.37,784.81,782.26,779.71,777.16,774.6,772.05,769.5,
857.12,857.58,858.03,858.48,858.94,859.39,859.85,860.3,860.76,861.21,861.67,862.12,
866.36,866.96,867.55,868.15,868.74,869.34,869.93,870.52,871.12,871.71,872.31,872.9,
871.06,875.71,880.36,885.01,889.66,894.31,898.96,903.61,908.26,912.91,917.56,922.21,
819.09,823.18,827.27,831.36,835.45,839.55,843.64,847.73,851.82,855.91,860.0,864.09,
638.03,620.55,603.07,585.58,568.1,550.62,533.14,515.65,498.17,480.69,463.21,445.72,
461.97,423.3,384.63,345.96,307.28,268.61,229.94,191.27,152.6,113.93,75.26,36.59,
283.48,226.46,169.43,112.4,55.37,0.0,0.0,0.0,0.0,0.0,0.0,0.0,
114.55,37.94,0.0,0.0,0.0,0.0,0.0,0.0,0.0,0.0,0.0,0.0,
0.0,0.0,0.0,0.0,0.0,0.0,0.0,0.0,0.0,0.0,0.0,0.0,
18.79,0.0,0.0,0.0,0.0,0.0,0.0,0.0,0.0,0.0,0.0,0.0,
113.03,49.78,0.0,0.0,0.0,0.0,0.0,0.0,0.0,0.0,0.0,0.0,
265.61,228.26,190.92,153.58,116.24,78.89,41.55,4.21,0.0,0.0,0.0,0.0,
463.79,461.93,460.08,458.23,456.38,454.52,452.67,450.82,448.96,447.11,445.26,443.4,
670.61,701.72,732.84,763.96,795.08,826.2,857.32,888.44,919.56,950.68,981.79,1012.91,
848.48,906.46,964.43,1022.4,1080.37,1138.34,1196.32,1254.29,1312.26,1370.23,1428.21,1486.18,
944.85,1014.95,1085.06,1155.16,1225.27,1295.37,1365.48,1435.58,1505.69,1575.79,1645.9,1716.0,
901.97,962.53,1023.09,1083.65,1144.21,1204.77,1265.33,1325.89,1386.45,1447.0,1507.56,1568.12,
887.73,941.22,994.72,1048.22,1101.71,1155.21,1208.71,1262.2,1315.7,1369.2,1422.69,1476.19,
896.52,942.0,987.49,1032.98,1078.47,1123.96,1169.45,1214.94,1260.43,1305.92,1351.41,1396.9,
790.61,814.42,838.23,862.04,885.85,909.66,933.47,957.28,981.1,1004.91,1028.72,1052.53,
626.21,619.6,613.0,606.39,599.78,593.17,586.56,579.95,573.34,566.74,560.13,553.52,
638.48,629.53,620.58,611.63,602.68,593.73,584.78,575.83,566.88,557.93,548.97,540.02,
730.3,732.02,733.73,735.44,737.16,738.87,740.58,742.3,744.01,745.72,747.44,749.15,
812.88,824.35,835.82,847.28,858.75,870.22,881.69,893.16,904.63,916.1,927.56,939.03,
789.55,797.94,806.33,814.72,823.11,831.5,839.9,848.29,856.68,865.07,873.46,881.85,
905.91,929.51,953.11,976.71,1000.31,1023.92,1047.52,1071.12,1094.72,1118.32,1141.92,1165.52,
1020.61,1058.65,1096.69,1134.73,1172.77,1210.82,1248.86,1286.9,1324.94,1362.98,1401.03,1439.07,
993.64,1027.66,1061.68,1095.7,1129.72,1163.74,1197.76,1231.78,1265.8,1299.83,1333.85,1367.87,
838.33,848.72,859.1,869.49,879.87,890.26,900.64,911.03,921.41,931.79,942.18,952.56,
664.85,652.26,639.67,627.09,614.5,601.91,589.32,576.74,564.15,551.56,538.97,526.39,
505.76,476.77,447.79,418.8,389.81,360.83,331.84,302.86,273.87,244.88,215.9,186.91,
301.36,246.19,191.01,135.84,80.66,25.49,0.0,0.0,0.0,0.0,0.0,0.0,
108.64,27.66,0.0,0.0,0.0,0.0,0.0,0.0,0.0,0.0,0.0,0.0,
86.21,6.53,0.0,0.0,0.0,0.0,0.0,0.0,0.0,0.0,0.0,0.0,
135.76,69.46,3.17,0.0,0.0,0.0,0.0,0.0,0.0,0.0,0.0,0.0,
256.97,212.91,168.86,124.8,80.75,36.69,0.0,0.0,0.0,0.0,0.0,0.0,
388.18,362.13,336.08,310.03,283.99,257.94,231.89,205.84,179.79,153.74,127.69,101.64,
612.58,622.33,632.09,641.84,651.6,661.35,671.11,680.86,690.62,700.37,710.13,719.88,
727.88,761.66,795.43,829.21,862.98,896.76,930.54,964.31,998.09,1031.86,1065.64,1099.42,
796.67,842.82,888.97,935.13,981.28,1027.44,1073.59,1119.74,1165.9,1212.05,1258.21,1304.36,
810.91,858.36,905.8,953.25,1000.7,1048.15,1095.59,1143.04,1190.49,1237.94,1285.38,1332.83,
792.27,834.16,876.05,917.94,959.83,1001.71,1043.6,1085.49,1127.38,1169.27,1211.15,1253.04,
756.52,787.77,819.03,850.29,881.55,912.81,944.07,975.33,1006.59,1037.84,1069.1,1100.36,
631.97,640.61,649.24,657.88,666.52,675.15,683.79,692.42,701.06,709.7,718.33,726.97,
551.52,542.77,534.03,525.29,516.55,507.81,499.07,490.33,481.59,472.84,464.1,455.36,
525.15,510.05,494.94,479.84,464.73,449.63,434.52,419.42,404.31,389.21,374.1,359.0,
535.45,519.37,503.29,487.2,471.12,455.03,438.95,422.87,406.78,390.7,374.62,358.53,
620.61,615.19,609.77,604.35,598.93,593.51,588.09,582.67,577.25,571.83,566.41,560.99,
713.18,722.52,731.85,741.19,750.52,759.86,769.2,778.53,787.87,797.2,806.54,815.87,
854.55,886.01,917.48,948.95,980.42,1011.89,1043.36,1074.83,1106.29,1137.76,1169.23,1200.7,
974.24,1017.84,1061.45,1105.05,1148.65,1192.25,1235.85,1279.45,1323.05,1366.66,1410.26,1453.86,
950.45,988.99,1027.52,1066.05,1104.58,1143.11,1181.64,1220.17,1258.71,1297.24,1335.77,1374.3,
815.3,835.09,854.88,874.67,894.46,914.25,934.04,953.83,973.62,993.41,1013.21,1033.0,
654.09,652.41,650.73,649.06,647.38,645.7,644.02,642.34,640.66,638.99,637.31,635.63,
474.09,450.49,426.89,403.29,379.69,356.08,332.48,308.88,285.28,261.68,238.08,214.48,
233.03,177.47,121.91,66.35,10.79,0.0,0.0,0.0,0.0,0.0,0.0,0.0,
58.64,0.0,0.0,0.0,0.0,0.0,0.0,0.0,0.0,0.0,0.0,0.0,
54.24,0.0,0.0,0.0,0.0,0.0,0.0,0.0,0.0,0.0,0.0,0.0,
151.97,92.14,32.32,0.0,0.0,0.0,0.0,0.0,0.0,0.0,0.0,0.0,
281.52,243.54,205.57,167.6,129.63,91.66,53.68,15.71,0.0,0.0,0.0,0.0,
391.82,372.48,353.15,333.81,314.48,295.14,275.8,256.47,237.13,217.8,198.46,179.13,
500.45,501.68,502.9,504.13,505.35,506.57,507.8,509.02,510.24,511.47,512.69,513.92,
630.0,658.08,686.15,714.23,742.31,770.38,798.46,826.54,854.62,882.69,910.77,938.85,
795.61,847.88,900.15,952.42,1004.7,1056.97,1109.24,1161.52,1213.79,1266.06,1318.33,1370.61,
886.36,947.73,1009.09,1070.45,1131.82,1193.18,1254.55,1315.91,1377.27,1438.64,1500.0,1561.36,
891.97,949.84,1007.7,1065.57,1123.44,1181.31,1239.17,1297.04,1354.91,1412.77,1470.64,1528.51,
817.88,859.73,901.59,943.44,985.29,1027.14,1069.0,1110.85,1152.7,1194.56,1236.41,1278.26,
726.52,747.0,767.49,787.98,808.47,828.96,849.45,869.94,890.43,910.92,931.41,951.9,
609.85,606.11,602.37,598.62,594.88,591.14,587.4,583.66,579.92,576.18,572.44,568.69,
607.88,600.89,593.89,586.9,579.91,572.91,565.92,558.93,551.93,544.94,537.95,530.96,
657.58,657.72,657.86,658.0,658.14,658.28,658.41,658.55,658.69,658.83,658.97,659.11,
738.79,749.63,760.47,771.31,782.14,792.98,803.82,814.66,825.5,836.34,847.18,858.02,
798.48,816.46,834.43,852.4,870.37,888.34,906.32,924.29,942.26,960.23,978.21,996.18,
880.61,906.34,932.07,957.81,983.54,1009.28,1035.01,1060.75,1086.48,1112.21,1137.95,1163.68,
908.48,933.38,958.28,983.17,1008.07,1032.96,1057.86,1082.75,1107.65,1132.54,1157.44,1182.33,
882.12,904.88,927.65,950.41,973.17,995.93,1018.69,1041.46,1064.22,1086.98,1109.74,1132.51,
805.0,819.62,834.23,848.85,863.46,878.08,892.69,907.31,921.92,936.54,951.15,965.77,
624.7,616.83,608.96,601.1,593.23,585.36,577.49,569.63,561.76,553.89,546.03,538.16,
409.7,373.75,337.81,301.86,265.92,229.98,194.03,158.09,122.14,86.2,50.26,14.31,
212.73,153.15,93.57,33.99,0.0,0.0,0.0,0.0,0.0,0.0,0.0,0.0,
49.7,0.0,0.0,0.0,0.0,0.0,0.0,0.0,0.0,0.0,0.0,0.0,
88.48,17.23,0.0,0.0,0.0,0.0,0.0,0.0,0.0,0.0,0.0,0.0,
118.79,55.4,0.0,0.0,0.0,0.0,0.0,0.0,0.0,0.0,0.0,0.0,
265.0,225.38,185.77,146.15,106.54,66.92,27.31,0.0,0.0,0.0,0.0,0.0,
441.52,428.93,416.34,403.75,391.17,378.58,365.99,353.4,340.82,328.23,315.64,303.05,
650.61,671.72,692.84,713.96,735.08,756.2,777.32,798.44,819.56,840.68,861.79,882.91,
845.76,897.93,950.09,1002.26,1054.43,1106.6,1158.76,1210.93,1263.1,1315.27,1367.44,1419.6,
965.15,1033.89,1102.63,1171.38,1240.12,1308.86,1377.6,1446.34,1515.08,1583.82,1652.56,1721.31,
984.24,1054.38,1124.52,1194.66,1264.8,1334.94,1405.08,1475.22,1545.36,1615.5,1685.64,1755.78,
932.73,990.45,1048.18,1105.91,1163.64,1221.36,1279.09,1336.82,1394.55,1452.27,1510.0,1567.73,
799.55,832.94,866.33,899.72,933.11,966.5,999.9,1033.29,1066.68,1100.07,1133.46,1166.85,
735.45,750.91,766.36,781.82,797.27,812.73,828.18,843.64,859.09,874.55,890.0,905.45,
576.67,563.21,549.74,536.28,522.82,509.36,495.9,482.44,468.97,455.51,442.05,428.59,
587.42,573.44,559.45,545.47,531.48,517.49,503.51,489.52,475.54,461.55,447.56,433.58,
558.94,538.14,517.33,496.53,475.72,454.92,434.11,413.31,392.51,371.7,350.9,330.09,
581.52,564.7,547.88,531.06,514.24,497.42,480.61,463.79,446.97,430.15,413.33,396.52,
598.33,586.79,575.26,563.72,552.18,540.64,529.1,517.56,506.03,494.49,482.95,471.41,
666.82,667.1,667.38,667.66,667.94,668.22,668.5,668.78,669.06,669.34,669.62,669.9,
775.61,792.11,808.61,825.12,841.62,858.12,874.63,891.13,907.63,924.14,940.64,957.14,
779.85,799.18,818.52,837.86,857.19,876.53,895.86,915.2,934.53,953.87,973.21,992.54,
690.3,698.17,706.04,713.9,721.77,729.64,737.51,745.37,753.24,761.11,768.97,776.84,
542.58,531.95,521.32,510.69,500.06,489.43,478.8,468.17,457.54,446.91,436.28,425.65,
350.15,313.51,276.86,240.22,203.58,166.93,130.29,93.65,57.0,20.36,0.0,0.0,
209.85,159.57,109.29,59.01,8.73,0.0,0.0,0.0,0.0,0.0,0.0,0.0,
95.61,30.96,0.0,0.0,0.0,0.0,0.0,0.0,0.0,0.0,0.0,0.0,
53.33,0.0,0.0,0.0,0.0,0.0,0.0,0.0,0.0,0.0,0.0,0.0,
13.64,0.0,0.0,0.0,0.0,0.0,0.0,0.0,0.0,0.0,0.0,0.0,
83.79,33.47,0.0,0.0,0.0,0.0,0.0,0.0,0.0,0.0,0.0,0.0,
258.79,233.47,208.16,182.84,157.53,132.21,106.9,81.59,56.27,30.96,5.64,0.0,
519.09,530.87,542.66,554.44,566.22,578.01,589.79,601.57,613.36,625.14,636.92,648.71,
824.39,880.58,936.77,992.96,1049.15,1105.34,1161.53,1217.72,1273.9,1330.09,1386.28,1442.47,
1123.33,1217.18,1311.03,1404.87,1498.72,1592.56,1686.41,1780.26,1874.1,1967.95,2061.79,2155.64,
1285.76,1396.39,1507.02,1617.65,1728.28,1838.9,1949.53,2060.16,2170.79,2281.42,2392.05,2502.68,
1304.24,1410.15,1516.06,1621.97,1727.88,1833.79,1939.7,2045.61,2151.52,2257.42,2363.33,2469.24,
1333.48,1433.0,1532.51,1632.02,1731.53,1831.04,1930.55,2030.06,2129.57,2229.08,2328.59,2428.1,
1301.36,1384.65,1467.94,1551.22,1634.51,1717.8,1801.08,1884.37,1967.66,2050.94,2134.23,2217.52,
1222.27,1285.31,1348.36,1411.4,1474.44,1537.48,1600.52,1663.57,1726.61,1789.65,1852.69,1915.73,
1026.67,1055.13,1083.59,1112.05,1140.51,1168.97,1197.44,1225.9,1254.36,1282.82,1311.28,1339.74,
818.79,810.01,801.24,792.46,783.68,774.91,766.13,757.35,748.58,739.8,731.03,722.25,
668.64,633.81,598.99,564.16,529.34,494.51,459.69,424.86,390.03,355.21,320.38,285.56,
528.03,474.78,421.53,368.28,315.02,261.77,208.52,155.27,102.02,48.76,0.0,0.0,
454.55,395.24,335.94,276.64,217.34,158.04,98.74,39.44,0.0,0.0,0.0,0.0,
388.79,326.93,265.08,203.23,141.38,79.52,17.67,0.0,0.0,0.0,0.0,0.0,
358.03,302.47,246.91,191.35,135.79,80.23,24.67,0.0,0.0,0.0,0.0,0.0,
310.61,256.72,202.84,148.96,95.08,41.2,0.0,0.0,0.0,0.0,0.0,0.0,
269.55,214.48,159.41,104.34,49.27,0.0,0.0,0.0,0.0,0.0,0.0,0.0,
202.73,147.76,92.8,37.83,0.0,0.0,0.0,0.0,0.0,0.0,0.0,0.0,
129.7,74.91,20.12,0.0,0.0,0.0,0.0,0.0,0.0,0.0,0.0,0.0,
60.45,5.52,0.0,0.0,0.0,0.0,0.0,0.0,0.0,0.0,0.0,0.0,
0.0,0.0,0.0,0.0,0.0,0.0,0.0,0.0,0.0,0.0,0.0,0.0,
0.0,0.0,0.0,0.0,0.0,0.0,0.0,0.0,0.0,0.0,0.0,0.0,
28.48,0.0,0.0,0.0,0.0,0.0,0.0,0.0,0.0,0.0,0.0,0.0,
233.79,220.01,206.24,192.46,178.68,164.91,151.13,137.35,123.58,109.8,96.03,82.25,
513.79,537.7,561.62,585.54,609.45,633.37,657.28,681.2,705.12,729.03,752.95,776.86,
768.94,825.06,881.18,937.3,993.41,1049.53,1105.65,1161.77,1217.89,1274.01,1330.13,1386.25,
1023.33,1108.72,1194.1,1279.49,1364.87,1450.26,1535.64,1621.03,1706.41,1791.79,1877.18,1962.56,
1204.24,1308.23,1412.21,1516.2,1620.19,1724.17,1828.16,1932.14,2036.13,2140.12,2244.1,2348.09,
1357.27,1476.85,1596.43,1716.01,1835.59,1955.17,2074.76,2194.34,2313.92,2433.5,2553.08,2672.66,
1361.21,1473.07,1584.92,1696.77,1808.62,1920.48,2032.33,2144.18,2256.04,2367.89,2479.74,2591.6,
1292.27,1384.55,1476.82,1569.09,1661.36,1753.64,1845.91,1938.18,2030.45,2122.73,2215.0,2307.27,
1133.03,1193.24,1253.45,1313.66,1373.87,1434.08,1494.29,1554.5,1614.71,1674.92,1735.13,1795.34,
1000.0,1030.77,1061.54,1092.31,1123.08,1153.85,1184.62,1215.38,1246.15,1276.92,1307.69,1338.46,
844.24,843.61,842.98,842.35,841.72,841.1,840.47,839.84,839.21,838.58,837.95,837.32,
687.27,657.24,627.2,597.17,567.13,537.1,507.06,477.03,446.99,416.96,386.92,356.89,
619.24,579.0,538.75,498.51,458.26,418.02,377.77,337.53,297.28,257.04,216.79,176.55,
507.58,456.95,406.32,355.69,305.06,254.43,203.8,153.17,102.54,51.91,1.28,0.0,
438.48,384.15,329.81,275.48,221.14,166.81,112.47,58.14,3.8,0.0,0.0,0.0,
414.85,365.72,316.6,267.47,218.34,169.22,120.09,70.97,21.84,0.0,0.0,0.0,
363.48,315.69,267.89,220.09,172.3,124.5,76.7,28.9,0.0,0.0,0.0,0.0,
368.48,329.15,289.81,250.48,211.14,171.81,132.47,93.14,53.8,14.46,0.0,0.0,
329.55,290.24,250.94,211.64,172.34,133.04,93.74,54.44,15.14,0.0,0.0,0.0,
242.58,197.33,152.09,106.84,61.6,16.35,0.0,0.0,0.0,0.0,0.0,0.0,
133.48,77.61,21.74,0.0,0.0,0.0,0.0,0.0,0.0,0.0,0.0,0.0,
82.58,26.56,0.0,0.0,0.0,0.0,0.0,0.0,0.0,0.0,0.0,0.0,
52.58,0.0,0.0,0.0,0.0,0.0,0.0,0.0,0.0,0.0,0.0,0.0,
120.91,82.2,43.5,4.79,0.0,0.0,0.0,0.0,0.0,0.0,0.0,0.0,
330.15,323.51,316.86,310.22,303.58,296.93,290.29,283.65,277.0,270.36,263.72,257.07,
556.21,577.68,599.15,620.62,642.09,663.55,685.02,706.49,727.96,749.43,770.9,792.37,
811.67,864.36,917.05,969.74,1022.44,1075.13,1127.82,1180.51,1233.21,1285.9,1338.59,1391.28,
960.91,1031.05,1101.19,1171.33,1241.47,1311.61,1381.75,1451.89,1522.03,1592.17,1662.31,1732.45,
1125.15,1211.2,1297.25,1383.3,1469.35,1555.4,1641.45,1727.49,1813.54,1899.59,1985.64,2071.69,
1141.97,1227.53,1313.09,1398.65,1484.21,1569.77,1655.33,1740.89,1826.45,1912.0,1997.56,2083.12,
1010.91,1076.82,1142.73,1208.64,1274.55,1340.45,1406.36,1472.27,1538.18,1604.09,1670.0,1735.91,
885.61,929.03,972.46,1015.89,1059.31,1102.74,1146.17,1189.59,1233.02,1276.45,1319.87,1363.3,
738.33,755.26,772.18,789.1,806.03,822.95,839.87,856.79,873.72,890.64,907.56,924.49,
651.67,648.97,646.28,643.59,640.9,638.21,635.51,632.82,630.13,627.44,624.74,622.05,
556.06,531.86,507.67,483.47,459.28,435.08,410.89,386.69,362.49,338.3,314.1,289.91,
501.82,464.79,427.76,390.73,353.71,316.68,279.65,242.62,205.59,168.57,131.54,94.51,
528.03,494.39,460.76,427.12,393.48,359.85,326.21,292.58,258.94,225.3,191.67,158.03,
597.42,576.9,556.38,535.85,515.33,494.8,474.28,453.75,433.23,412.7,392.18,371.66,
665.15,660.82,656.48,652.14,647.81,643.47,639.14,634.8,630.47,626.13,621.79,617.46,
680.0,681.92,683.85,685.77,687.69,689.62,691.54,693.46,695.38,697.31,699.23,701.15,
703.79,717.32,730.85,744.38,757.91,771.45,784.98,798.51,812.04,825.57,839.1,852.63,
564.24,563.23,562.21,561.2,560.19,559.17,558.16,557.14,556.13,555.12,554.1,553.09,
359.55,329.86,300.17,270.49,240.8,211.12,181.43,151.75,122.06,92.38,62.69,33.01,
176.97,124.07,71.17,18.26,0.0,0.0,0.0,0.0,0.0,0.0,0.0,0.0,
8.33,0.0,0.0,0.0,0.0,0.0,0.0,0.0,0.0,0.0,0.0,0.0,
58.64,0.0,0.0,0.0,0.0,0.0,0.0,0.0,0.0,0.0,0.0,0.0,
133.33,82.18,31.03,0.0,0.0,0.0,0.0,0.0,0.0,0.0,0.0,0.0,
275.0,246.15,217.31,188.46,159.62,130.77,101.92,73.08,44.23,15.38,0.0,0.0,
431.21,427.68,424.15,420.62,417.09,413.55,410.02,406.49,402.96,399.43,395.9,392.37,
626.52,652.77,679.03,705.29,731.55,757.81,784.07,810.33,836.59,862.84,889.1,915.36,
712.12,752.96,793.8,834.64,875.48,916.32,957.16,998.0,1038.83,1079.67,1120.51,1161.35,
792.42,845.75,899.07,952.39,1005.71,1059.03,1112.35,1165.68,1219.0,1272.32,1325.64,1378.96,
852.27,913.01,973.74,1034.48,1095.21,1155.94,1216.68,1277.41,1338.15,1398.88,1459.62,1520.35,
767.88,812.42,856.97,901.52,946.06,990.61,1035.15,1079.7,1124.24,1168.79,1213.33,1257.88,
636.97,658.68,680.4,702.11,723.82,745.54,767.25,788.96,810.68,832.39,854.1,875.82,
521.36,520.8,520.24,519.69,519.13,518.57,518.01,517.45,516.89,516.33,515.77,515.21,
404.39,380.58,356.77,332.96,309.15,285.34,261.53,237.72,213.9,190.09,166.28,142.47,
391.82,365.94,340.07,314.2,288.32,262.45,236.57,210.7,184.83,158.95,133.08,107.2,
485.15,470.05,454.94,439.84,424.73,409.63,394.52,379.42,364.31,349.21,334.1,319.0,
600.91,601.82,602.73,603.64,604.55,605.45,606.36,607.27,608.18,609.09,610.0,610.91,
666.97,677.91,688.86,699.8,710.75,721.69,732.63,743.58,754.52,765.47,776.41,787.35,
825.91,859.9,893.88,927.87,961.85,995.84,1029.83,1063.81,1097.8,1131.78,1165.77,1199.76,
876.82,915.94,955.07,994.2,1033.32,1072.45,1111.57,1150.7,1189.83,1228.95,1268.08,1307.2,
852.42,888.05,923.68,959.31,994.94,1030.57,1066.2,1101.83,1137.46,1173.09,1208.72,1244.35,
753.18,777.13,801.08,825.03,848.99,872.94,896.89,920.84,944.79,968.74,992.69,1016.64,
585.45,585.91,586.36,586.82,587.27,587.73,588.18,588.64,589.09,589.55,590.0,590.45,
388.94,361.21,333.48,305.76,278.03,250.3,222.58,194.85,167.12,139.39,111.67,83.94,
180.91,126.05,71.19,16.33,0.0,0.0,0.0,0.0,0.0,0.0,0.0,0.0,
10.76,0.0,0.0,0.0,0.0,0.0,0.0,0.0,0.0,0.0,0.0,0.0,
0.0,0.0,0.0,0.0,0.0,0.0,0.0,0.0,0.0,0.0,0.0,0.0,
56.36,0.0,0.0,0.0,0.0,0.0,0.0,0.0,0.0,0.0,0.0,0.0,
254.39,222.89,191.39,159.88,128.38,96.88,65.37,33.87,2.37,0.0,0.0,0.0,
403.33,394.49,385.64,376.79,367.95,359.1,350.26,341.41,332.56,323.72,314.87,306.03,
642.58,671.18,699.78,728.38,756.98,785.58,814.18,842.79,871.39,899.99,928.59,957.19,
775.61,826.34,877.07,927.81,978.54,1029.28,1080.01,1130.75,1181.48,1232.21,1282.95,1333.68,
863.33,926.79,990.26,1053.72,1117.18,1180.64,1244.1,1307.56,1371.03,1434.49,1497.95,1561.41,
854.09,913.95,973.81,1033.67,1093.53,1153.39,1213.25,1273.11,1332.97,1392.83,1452.69,1512.55,
867.12,923.34,979.57,1035.79,1092.02,1148.24,1204.46,1260.69,1316.91,1373.14,1429.36,1485.58,
824.09,868.18,912.27,956.36,1000.45,1044.55,1088.64,1132.73,1176.82,1220.91,1265.0,1309.09,
729.39,752.12,774.85,797.58,820.3,843.03,865.76,888.48,911.21,933.94,956.67,979.39,
596.97,593.68,590.4,587.11,583.82,580.54,577.25,573.96,570.68,567.39,564.1,560.82,
503.03,482.86,462.68,442.51,422.33,402.16,381.98,361.81,341.63,321.46,301.28,281.11,
463.79,437.32,410.85,384.38,357.91,331.45,304.98,278.51,252.04,225.57,199.1,172.63,
578.79,569.24,559.7,550.15,540.61,531.06,521.52,511.97,502.42,492.88,483.33,473.79,
729.55,739.48,749.41,759.34,769.27,779.2,789.13,799.06,808.99,818.92,828.85,838.78,
853.48,882.23,910.97,939.71,968.45,997.19,1025.93,1054.67,1083.41,1112.16,1140.9,1169.64,
921.06,957.25,993.44,1029.63,1065.82,1102.0,1138.19,1174.38,1210.57,1246.76,1282.95,1319.14,
917.27,951.85,986.43,1021.01,1055.59,1090.17,1124.76,1159.34,1193.92,1228.5,1263.08,1297.66,
815.61,834.42,853.23,872.04,890.85,909.66,928.47,947.28,966.1,984.91,1003.72,1022.53,
684.09,687.03,689.97,692.9,695.84,698.78,701.71,704.65,707.59,710.52,713.46,716.4,
516.52,498.54,480.57,462.6,444.63,426.66,408.68,390.71,372.74,354.77,336.79,318.82,
345.3,306.25,267.19,228.14,189.08,150.02,110.97,71.91,32.86,0.0,0.0,0.0,
176.67,116.28,55.9,0.0,0.0,0.0,0.0,0.0,0.0,0.0,0.0,0.0,
163.18,100.21,37.24,0.0,0.0,0.0,0.0,0.0,0.0,0.0,0.0,0.0,
228.48,173.0,117.51,62.02,6.53,0.0,0.0,0.0,0.0,0.0,0.0,0.0,
335.0,297.69,260.38,223.08,185.77,148.46,111.15,73.85,36.54,0.0,0.0,0.0,
491.82,482.1,472.38,462.66,452.94,443.22,433.5,423.78,414.06,404.34,394.62,384.9,
640.0,654.62,669.23,683.85,698.46,713.08,727.69,742.31,756.92,771.54,786.15,800.77,
726.06,757.63,789.21,820.78,852.35,883.93,915.5,947.07,978.65,1010.22,1041.79,1073.37,
835.91,884.13,932.34,980.56,1028.78,1076.99,1125.21,1173.43,1221.64,1269.86,1318.08,1366.29,
915.76,972.93,1030.09,1087.26,1144.43,1201.6,1258.76,1315.93,1373.1,1430.27,1487.44,1544.6,
870.15,917.35,964.56,1011.76,1058.96,1106.17,1153.37,1200.57,1247.77,1294.98,1342.18,1389.38,
817.42,851.13,884.84,918.54,952.25,985.96,1019.66,1053.37,1087.07,1120.78,1154.49,1188.19,
745.0,761.15,777.31,793.46,809.62,825.77,841.92,858.08,874.23,890.38,906.54,922.69,
677.73,675.84,673.95,672.06,670.17,668.29,666.4,664.51,662.62,660.73,658.85,656.96,
580.15,564.28,548.4,532.53,516.66,500.78,484.91,469.03,453.16,437.28,421.41,405.54,
570.76,555.62,540.48,525.34,510.2,495.06,479.92,464.78,449.64,434.5,419.36,404.22,
567.27,553.01,538.74,524.48,510.21,495.94,481.68,467.41,453.15,438.88,424.62,410.35,
638.48,634.53,630.58,626.63,622.68,618.73,614.78,610.83,606.88,602.93,598.97,595.02,
725.0,733.46,741.92,750.38,758.85,767.31,775.77,784.23,792.69,801.15,809.62,818.08,
818.03,835.55,853.07,870.58,888.1,905.62,923.14,940.65,958.17,975.69,993.21,1010.72,
848.79,870.4,892.0,913.61,935.22,956.83,978.44,1000.05,1021.66,1043.26,1064.87,1086.48,
759.09,771.64,784.2,796.75,809.3,821.85,834.41,846.96,859.51,872.06,884.62,897.17,
566.21,553.83,541.46,529.08,516.7,504.32,491.95,479.57,467.19,454.81,442.44,430.06,
387.12,353.73,320.34,286.95,253.55,220.16,186.77,153.38,119.99,86.6,53.21,19.81,
230.91,180.66,130.42,80.17,29.93,0.0,0.0,0.0,0.0,0.0,0.0,0.0,
105.91,45.28,0.0,0.0,0.0,0.0,0.0,0.0,0.0,0.0,0.0,0.0,
98.33,36.41,0.0,0.0,0.0,0.0,0.0,0.0,0.0,0.0,0.0,0.0,
122.42,65.36,8.3,0.0,0.0,0.0,0.0,0.0,0.0,0.0,0.0,0.0,
274.85,238.03,201.21,164.39,127.58,90.76,53.94,17.12,0.0,0.0,0.0,0.0,
439.55,427.94,416.33,404.72,393.11,381.5,369.9,358.29,346.68,335.07,323.46,311.85,
672.27,694.55,716.82,739.09,761.36,783.64,805.91,828.18,850.45,872.73,895.0,917.27,
903.33,962.18,1021.03,1079.87,1138.72,1197.56,1256.41,1315.26,1374.1,1432.95,1491.79,1550.64,
1024.7,1102.98,1181.27,1259.56,1337.84,1416.13,1494.42,1572.7,1650.99,1729.28,1807.56,1885.85,
1014.85,1089.57,1164.29,1239.01,1313.73,1388.45,1463.17,1537.89,1612.61,1687.33,1762.05,1836.77,
984.39,1048.28,1112.16,1176.04,1239.92,1303.8,1367.68,1431.56,1495.44,1559.32,1623.21,1687.09,
896.06,940.33,984.59,1028.86,1073.12,1117.39,1161.66,1205.92,1250.19,1294.45,1338.72,1382.98,
765.45,783.99,802.52,821.05,839.58,858.11,876.64,895.17,913.71,932.24,950.77,969.3,
646.36,638.88,631.4,623.92,616.43,608.95,601.47,593.99,586.5,579.02,571.54,564.06,
577.88,558.19,538.51,518.82,499.14,479.45,459.77,440.08,420.4,400.71,381.03,361.34,
561.06,535.33,509.59,483.86,458.12,432.39,406.66,380.92,355.19,329.45,303.72,277.98,
615.0,598.46,581.92,565.38,548.85,532.31,515.77,499.23,482.69,466.15,449.62,433.08,
698.18,693.29,688.39,683.5,678.6,673.71,668.81,663.92,659.02,654.13,649.23,644.34,
842.12,859.5,876.88,894.25,911.63,929.01,946.39,963.76,981.14,998.52,1015.9,1033.28,
979.55,1016.78,1054.02,1091.26,1128.5,1165.73,1202.97,1240.21,1277.45,1314.69,1351.92,1389.16,
933.33,964.87,996.41,1027.95,1059.49,1091.03,1122.56,1154.1,1185.64,1217.18,1248.72,1280.26,
858.18,877.52,896.85,916.19,935.52,954.86,974.2,993.53,1012.87,1032.2,1051.54,1070.87,
678.64,675.73,672.83,669.93,667.03,664.13,661.22,658.32,655.42,652.52,649.62,646.71,
450.0,418.46,386.92,355.38,323.85,292.31,260.77,229.23,197.69,166.15,134.62,103.08,
223.94,163.9,103.87,43.83,0.0,0.0,0.0,0.0,0.0,0.0,0.0,0.0,
52.27,0.0,0.0,0.0,0.0,0.0,0.0,0.0,0.0,0.0,0.0,0.0,
0.0,0.0,0.0,0.0,0.0,0.0,0.0,0.0,0.0,0.0,0.0,0.0,
44.09,0.0,0.0,0.0,0.0,0.0,0.0,0.0,0.0,0.0,0.0,0.0,
205.45,156.29,107.13,57.97,8.81,0.0,0.0,0.0,0.0,0.0,0.0,0.0,
388.79,368.86,348.93,329.0,309.07,289.14,269.21,249.28,229.35,209.42,189.49,169.56,
589.39,602.51,615.62,628.73,641.84,654.95,668.07,681.18,694.29,707.4,720.51,733.62,
734.09,774.72,815.35,855.98,896.61,937.24,977.87,1018.5,1059.13,1099.76,1140.38,1181.01,
893.79,955.78,1017.77,1079.77,1141.76,1203.75,1265.75,1327.74,1389.73,1451.72,1513.72,1575.71,
1058.79,1142.32,1225.85,1309.38,1392.91,1476.45,1559.98,1643.51,1727.04,1810.57,1894.1,1977.63,
1055.0,1132.31,1209.62,1286.92,1364.23,1441.54,1518.85,1596.15,1673.46,1750.77,1828.08,1905.38,
1117.27,1191.85,1266.43,1341.01,1415.59,1490.17,1564.76,1639.34,1713.92,1788.5,1863.08,1937.66,
1056.21,1111.53,1166.84,1222.16,1277.47,1332.79,1388.1,1443.41,1498.73,1554.04,1609.36,1664.67,
947.73,977.38,1007.03,1036.68,1066.33,1095.98,1125.63,1155.28,1184.93,1214.58,1244.23,1273.88,
822.88,828.58,834.28,839.98,845.68,851.38,857.07,862.77,868.47,874.17,879.87,885.57,
746.06,738.79,731.52,724.24,716.97,709.7,702.42,695.15,687.88,680.61,673.33,666.06,
709.39,698.66,687.93,677.19,666.46,655.72,644.99,634.25,623.52,612.79,602.05,591.32,
750.45,745.52,740.59,735.66,730.73,725.8,720.87,715.94,711.01,706.08,701.15,696.22,
690.91,679.9,668.88,657.87,646.85,635.84,624.83,613.81,602.8,591.78,580.77,569.76,
627.73,606.22,584.72,563.22,541.71,520.21,498.71,477.2,455.7,434.2,412.69,391.19,
624.85,604.95,585.06,565.16,545.27,525.37,505.48,485.58,465.69,445.79,425.9,406.0,
623.18,606.36,589.55,572.73,555.91,539.09,522.27,505.45,488.64,471.82,455.0,438.18,
514.55,484.09,453.64,423.18,392.73,362.27,331.82,301.36,270.91,240.45,210.0,179.55,
449.85,418.8,387.75,356.7,325.65,294.6,263.55,232.51,201.46,170.41,139.36,108.31,
328.33,286.79,245.26,203.72,162.18,120.64,79.1,37.56,0.0,0.0,0.0,0.0,
201.97,149.45,96.93,44.42,0.0,0.0,0.0,0.0,0.0,0.0,0.0,0.0,
111.06,50.71,0.0,0.0,0.0,0.0,0.0,0.0,0.0,0.0,0.0,0.0,
240.76,199.08,157.4,115.72,74.04,32.37,0.0,0.0,0.0,0.0,0.0,0.0,
478.33,467.18,456.03,444.87,433.72,422.56,411.41,400.26,389.1,377.95,366.79,355.64,
685.76,705.23,724.71,744.18,763.66,783.14,802.61,822.09,841.56,861.04,880.51,899.99,
843.79,881.93,920.08,958.23,996.38,1034.52,1072.67,1110.82,1148.96,1187.11,1225.26,1263.4,
920.91,969.51,1018.11,1066.71,1115.31,1163.92,1212.52,1261.12,1309.72,1358.32,1406.92,1455.52,
922.73,973.53,1024.34,1075.14,1125.94,1176.75,1227.55,1278.36,1329.16,1379.97,1430.77,1481.57,
907.42,957.67,1007.91,1058.16,1108.4,1158.65,1208.89,1259.14,1309.38,1359.63,1409.87,1460.12,
850.61,891.34,932.07,972.81,1013.54,1054.28,1095.01,1135.75,1176.48,1217.21,1257.95,1298.68,
846.82,881.33,915.84,950.35,984.86,1019.37,1053.88,1088.39,1122.9,1157.41,1191.92,1226.43,
792.12,811.04,829.95,848.87,867.79,886.7,905.62,924.53,943.45,962.37,981.28,1000.2,
743.79,745.4,747.0,748.61,750.22,751.83,753.44,755.05,756.66,758.26,759.87,761.48,
704.09,689.72,675.35,660.98,646.61,632.24,617.87,603.5,589.13,574.76,560.38,546.01,
767.88,760.5,753.12,745.75,738.37,730.99,723.61,716.24,708.86,701.48,694.1,686.72,
839.24,846.69,854.14,861.59,869.03,876.48,883.93,891.38,898.82,906.27,913.72,921.17,
846.97,859.07,871.17,883.26,895.36,907.46,919.56,931.66,943.75,955.85,967.95,980.05,
880.91,902.2,923.5,944.79,966.08,987.38,1008.67,1029.97,1051.26,1072.55,1093.85,1115.14,
811.36,825.42,839.48,853.53,867.59,881.64,895.7,909.76,923.81,937.87,951.92,965.98,
685.3,681.25,677.19,673.14,669.08,665.02,660.97,656.91,652.86,648.8,644.74,640.69,
575.3,554.32,533.34,512.37,491.39,470.41,449.43,428.45,407.47,386.49,365.51,344.53,
399.85,354.18,308.52,262.86,217.19,171.53,125.86,80.2,34.53,0.0,0.0,0.0,
292.27,235.31,178.36,121.4,64.44,7.48,0.0,0.0,0.0,0.0,0.0,0.0,
137.88,64.73,0.0,0.0,0.0,0.0,0.0,0.0,0.0,0.0,0.0,0.0,
33.33,0.0,0.0,0.0,0.0,0.0,0.0,0.0,0.0,0.0,0.0,0.0,
0.0,0.0,0.0,0.0,0.0,0.0,0.0,0.0,0.0,0.0,0.0,0.0,
0.0,0.0,0.0,0.0,0.0,0.0,0.0,0.0,0.0,0.0,0.0,0.0,
0.0,0.0,0.0,0.0,0.0,0.0,0.0,0.0,0.0,0.0,0.0,0.0,
133.94,101.6,69.25,36.91,4.57,0.0,0.0,0.0,0.0,0.0,0.0,0.0,
380.15,383.89,387.63,391.38,395.12,398.86,402.6,406.34,410.08,413.82,417.56,421.31,
714.24,759.77,805.29,850.82,896.34,941.86,987.39,1032.91,1078.44,1123.96,1169.49,1215.01,
991.52,1069.7,1147.88,1226.06,1304.24,1382.42,1460.61,1538.79,1616.97,1695.15,1773.33,1851.52,
1196.06,1298.4,1400.75,1503.09,1605.43,1707.77,1810.12,1912.46,2014.8,2117.14,2219.49,2321.83,
1297.73,1407.38,1517.03,1626.68,1736.33,1845.98,1955.63,2065.28,2174.93,2284.58,2394.23,2503.88,
1347.42,1457.67,1567.91,1678.16,1788.4,1898.65,2008.89,2119.14,2229.38,2339.63,2449.87,2560.12,
1318.48,1415.3,1512.12,1608.94,1705.76,1802.58,1899.39,1996.21,2093.03,2189.85,2286.67,2383.48,
1220.15,1293.89,1367.63,1441.38,1515.12,1588.86,1662.6,1736.34,1810.08,1883.82,1957.56,2031.31,
1096.36,1141.96,1187.55,1233.15,1278.74,1324.34,1369.93,1415.52,1461.12,1506.71,1552.31,1597.9,
920.61,932.49,944.38,956.27,968.16,980.05,991.93,1003.82,1015.71,1027.6,1039.49,1051.38,
810.91,796.43,781.96,767.48,753.01,738.53,724.06,709.58,695.1,680.63,666.15,651.68,
746.97,718.3,689.63,660.96,632.28,603.61,574.94,546.27,517.6,488.93,460.26,431.59,
728.18,695.59,663.01,630.42,597.83,565.24,532.66,500.07,467.48,434.9,402.31,369.72,
846.06,833.79,821.52,809.24,796.97,784.7,772.42,760.15,747.88,735.61,723.33,711.06,
825.3,817.02,808.73,800.44,792.16,783.87,775.58,767.3,759.01,750.72,742.44,734.15,
718.18,701.75,685.31,668.88,652.45,636.01,619.58,603.15,586.71,570.28,553.85,537.41,
583.94,555.06,526.18,497.3,468.41,439.53,410.65,381.77,352.89,324.01,295.13,266.25,
375.15,324.66,274.17,223.68,173.19,122.7,72.21,21.72,0.0,0.0,0.0,0.0,
231.82,167.87,103.92,39.97,0.0,0.0,0.0,0.0,0.0,0.0,0.0,0.0,
61.06,0.0,0.0,0.0,0.0,0.0,0.0,0.0,0.0,0.0,0.0,0.0,
49.7,0.0,0.0,0.0,0.0,0.0,0.0,0.0,0.0,0.0,0.0,0.0,
51.36,0.0,0.0,0.0,0.0,0.0,0.0,0.0,0.0,0.0,0.0,0.0,
201.36,150.8,100.24,49.69,0.0,0.0,0.0,0.0,0.0,0.0,0.0,0.0,
377.42,355.36,333.3,311.24,289.17,267.11,245.05,222.98,200.92,178.86,156.79,134.73,
650.61,668.65,686.69,704.73,722.77,740.82,758.86,776.9,794.94,812.98,831.03,849.07,
860.91,914.9,968.88,1022.87,1076.85,1130.84,1184.83,1238.81,1292.8,1346.78,1400.77,1454.76,
1001.52,1075.08,1148.65,1222.21,1295.78,1369.35,1442.91,1516.48,1590.05,1663.61,1737.18,1810.75,
1027.27,1101.85,1176.43,1251.01,1325.59,1400.17,1474.76,1549.34,1623.92,1698.5,1773.08,1847.66,
991.36,1057.34,1123.32,1189.3,1255.28,1321.26,1387.24,1453.22,1519.2,1585.17,1651.15,1717.13,
929.39,977.89,1026.39,1074.88,1123.38,1171.88,1220.37,1268.87,1317.37,1365.86,1414.36,1462.86,
805.91,831.05,856.19,881.33,906.47,931.61,956.75,981.89,1007.03,1032.17,1057.31,1082.45,
676.97,675.22,673.47,671.72,669.98,668.23,666.48,664.73,662.98,661.24,659.49,657.74,
619.39,605.58,591.77,577.96,564.15,550.34,536.53,522.72,508.9,495.09,481.28,467.47,
623.18,605.21,587.24,569.27,551.29,533.32,515.35,497.38,479.41,461.43,443.46,425.49,
705.3,697.02,688.73,680.44,672.16,663.87,655.58,647.3,639.01,630.72,622.44,614.15,
806.36,810.8,815.24,819.69,824.13,828.57,833.01,837.45,841.89,846.33,850.77,855.21,
941.36,967.73,994.09,1020.45,1046.82,1073.18,1099.55,1125.91,1152.27,1178.64,1205.0,1231.36,
1006.52,1041.24,1075.96,1110.68,1145.4,1180.12,1214.84,1249.56,1284.28,1319.0,1353.72,1388.44,
983.33,1016.41,1049.49,1082.56,1115.64,1148.72,1181.79,1214.87,1247.95,1281.03,1314.1,1347.18,
840.91,855.28,869.65,884.02,898.39,912.76,927.13,941.5,955.87,970.24,984.62,998.99,
657.42,646.9,636.38,625.85,615.33,604.8,594.28,583.75,573.23,562.7,552.18,541.66,
481.21,449.6,418.0,386.39,354.78,323.17,291.56,259.95,228.34,196.74,165.13,133.52,
270.3,210.86,151.42,91.98,32.54,0.0,0.0,0.0,0.0,0.0,0.0,0.0,
103.64,24.2,0.0,0.0,0.0,0.0,0.0,0.0,0.0,0.0,0.0,0.0,
16.36,0.0,0.0,0.0,0.0,0.0,0.0,0.0,0.0,0.0,0.0,0.0,
63.64,0.0,0.0,0.0,0.0,0.0,0.0,0.0,0.0,0.0,0.0,0.0,
263.33,217.95,172.56,127.18,81.79,36.41,0.0,0.0,0.0,0.0,0.0,0.0,
407.27,388.39,369.51,350.63,331.75,312.87,293.99,275.1,256.22,237.34,218.46,199.58,
674.85,696.49,718.14,739.78,761.42,783.07,804.71,826.35,848.0,869.64,891.28,912.93,
882.88,937.04,991.2,1045.36,1099.52,1153.68,1207.84,1262.0,1316.17,1370.33,1424.49,1478.65,
974.24,1042.07,1109.91,1177.74,1245.57,1313.4,1381.24,1449.07,1516.9,1584.73,1652.56,1720.4,
996.97,1064.84,1132.7,1200.57,1268.44,1336.31,1404.17,1472.04,1539.91,1607.77,1675.64,1743.51,
946.21,1003.07,1059.92,1116.77,1173.62,1230.48,1287.33,1344.18,1401.04,1457.89,1514.74,1571.6,
871.67,912.44,953.21,993.97,1034.74,1075.51,1116.28,1157.05,1197.82,1238.59,1279.36,1320.13,
758.03,776.32,794.6,812.89,831.18,849.46,867.75,886.04,904.32,922.61,940.9,959.18,
640.91,636.05,631.19,626.33,621.47,616.61,611.75,606.89,602.03,597.17,592.31,587.45,
558.64,536.89,515.14,493.39,471.64,449.9,428.15,406.4,384.65,362.9,341.15,319.41,
572.27,549.16,526.05,502.94,479.83,456.71,433.6,410.49,387.38,364.27,341.15,318.04,
679.09,672.03,664.97,657.9,650.84,643.78,636.71,629.65,622.59,615.52,608.46,601.4,
726.67,724.36,722.05,719.74,717.44,715.13,712.82,710.51,708.21,705.9,703.59,701.28,
846.06,863.79,881.52,899.24,916.97,934.7,952.42,970.15,987.88,1005.61,1023.33,1041.06,
928.33,959.1,989.87,1020.64,1051.41,1082.18,1112.95,1143.72,1174.49,1205.26,1236.03,1266.79,
978.33,1014.49,1050.64,1086.79,1122.95,1159.1,1195.26,1231.41,1267.56,1303.72,1339.87,1376.03,
887.12,911.42,935.72,960.02,984.32,1008.62,1032.93,1057.23,1081.53,1105.83,1130.13,1154.43,
698.18,697.13,696.08,695.03,693.99,692.94,691.89,690.84,689.79,688.74,687.69,686.64,
503.33,477.18,451.03,424.87,398.72,372.56,346.41,320.26,294.1,267.95,241.79,215.64,
272.73,217.38,162.03,106.68,51.33,0.0,0.0,0.0,0.0,0.0,0.0,0.0,
64.09,0.0,0.0,0.0,0.0,0.0,0.0,0.0,0.0,0.0,0.0,0.0,
8.18,0.0,0.0,0.0,0.0,0.0,0.0,0.0,0.0,0.0,0.0,0.0,
72.73,0.07,0.0,0.0,0.0,0.0,0.0,0.0,0.0,0.0,0.0,0.0,
259.39,216.35,173.31,130.27,87.23,44.18,1.14,0.0,0.0,0.0,0.0,0.0,
437.42,422.28,407.14,392.0,376.86,361.72,346.59,331.45,316.31,301.17,286.03,270.89,
641.52,657.77,674.03,690.29,706.55,722.81,739.07,755.33,771.59,787.84,804.1,820.36,
790.45,830.91,871.36,911.82,952.27,992.73,1033.18,1073.64,1114.09,1154.55,1195.0,1235.45,
988.18,1059.06,1129.93,1200.8,1271.68,1342.55,1413.43,1484.3,1555.17,1626.05,1696.92,1767.8,
1031.97,1107.53,1183.09,1258.65,1334.21,1409.77,1485.33,1560.89,1636.45,1712.0,1787.56,1863.12,
1050.91,1122.97,1195.03,1267.1,1339.16,1411.22,1483.29,1555.35,1627.41,1699.48,1771.54,1843.6,
942.27,993.78,1045.28,1096.78,1148.29,1199.79,1251.29,1302.8,1354.3,1405.8,1457.31,1508.81,
786.97,809.07,831.17,853.26,875.36,897.46,919.56,941.66,963.75,985.85,1007.95,1030.05,
627.88,618.96,610.05,601.13,592.21,583.3,574.38,565.47,556.55,547.63,538.72,529.8,
567.73,545.45,523.18,500.91,478.64,456.36,434.09,411.82,389.55,367.27,345.0,322.73,
457.58,420.02,382.47,344.92,307.37,269.81,232.26,194.71,157.16,119.6,82.05,44.5,
460.61,426.72,392.84,358.96,325.08,291.2,257.32,223.44,189.56,155.68,121.79,87.91,
519.55,496.01,472.48,448.95,425.42,401.89,378.36,354.83,331.29,307.76,284.23,260.7,
609.09,600.87,592.66,584.44,576.22,568.01,559.79,551.57,543.36,535.14,526.92,518.71,
641.06,638.79,636.52,634.24,631.97,629.7,627.42,625.15,622.88,620.61,618.33,616.06,
702.12,711.81,721.49,731.18,740.86,750.55,760.23,769.92,779.6,789.29,798.97,808.66,
658.94,664.29,669.64,674.99,680.34,685.69,691.04,696.39,701.74,707.09,712.44,717.79,
561.82,559.02,556.22,553.43,550.63,547.83,545.03,542.24,539.44,536.64,533.85,531.05,
378.18,352.52,326.85,301.19,275.52,249.86,224.2,198.53,172.87,147.2,121.54,95.87,
204.85,158.03,111.21,64.39,17.58,0.0,0.0,0.0,0.0,0.0,0.0,0.0,
87.12,27.58,0.0,0.0,0.0,0.0,0.0,0.0,0.0,0.0,0.0,0.0,
70.3,13.55,0.0,0.0,0.0,0.0,0.0,0.0,0.0,0.0,0.0,0.0,
105.0,52.69,0.38,0.0,0.0,0.0,0.0,0.0,0.0,0.0,0.0,0.0,
248.33,216.03,183.72,151.41,119.1,86.79,54.49,22.18,0.0,0.0,0.0,0.0,
414.09,407.03,399.97,392.9,385.84,378.78,371.71,364.65,357.59,350.52,343.46,336.4,
600.76,622.16,643.55,664.95,686.35,707.75,729.15,750.55,771.95,793.34,814.74,836.14,
841.97,895.99,950.01,1004.03,1058.05,1112.07,1166.1,1220.12,1274.14,1328.16,1382.18,1436.2,
1070.61,1155.19,1239.77,1324.35,1408.93,1493.51,1578.09,1662.67,1747.25,1831.83,1916.41,2000.99,
1137.12,1228.73,1320.34,1411.95,1503.55,1595.16,1686.77,1778.38,1869.99,1961.6,2053.21,2144.81,
1175.91,1265.66,1355.42,1445.17,1534.93,1624.69,1714.44,1804.2,1893.95,1983.71,2073.46,2163.22,
1086.36,1155.03,1223.71,1292.38,1361.05,1429.72,1498.39,1567.06,1635.73,1704.41,1773.08,1841.75,
1003.33,1050.26,1097.18,1144.1,1191.03,1237.95,1284.87,1331.79,1378.72,1425.64,1472.56,1519.49,
840.0,856.15,872.31,888.46,904.62,920.77,936.92,953.08,969.23,985.38,1001.54,1017.69,
735.15,729.66,724.17,718.68,713.19,707.7,702.21,696.72,691.24,685.75,680.26,674.77,
680.45,663.6,646.75,629.9,613.04,596.19,579.34,562.48,545.63,528.78,511.92,495.07,
686.21,669.6,653.0,636.39,619.78,603.17,586.56,569.95,553.34,536.74,520.13,503.52,
639.7,617.21,594.73,572.25,549.77,527.28,504.8,482.32,459.84,437.35,414.87,392.39,
656.21,636.14,616.07,596.0,575.93,555.86,535.79,515.72,495.65,475.58,455.51,435.44,
694.39,684.04,673.69,663.34,653.0,642.65,632.3,621.95,611.6,601.25,590.9,580.55,
705.0,701.92,698.85,695.77,692.69,689.62,686.54,683.46,680.38,677.31,674.23,671.15,
616.52,603.54,590.57,577.6,564.63,551.66,538.68,525.71,512.74,499.77,486.79,473.82,
514.55,492.94,471.33,449.72,428.11,406.5,384.9,363.29,341.68,320.07,298.46,276.85,
385.15,348.51,311.86,275.22,238.58,201.93,165.29,128.65,92.0,55.36,18.72,0.0,
226.36,174.27,122.17,70.07,17.97,0.0,0.0,0.0,0.0,0.0,0.0,0.0,
65.76,0.0,0.0,0.0,0.0,0.0,0.0,0.0,0.0,0.0,0.0,0.0,
47.12,0.0,0.0,0.0,0.0,0.0,0.0,0.0,0.0,0.0,0.0,0.0,
132.12,78.73,25.34,0.0,0.0,0.0,0.0,0.0,0.0,0.0,0.0,0.0,
298.03,270.93,243.83,216.74,189.64,162.54,135.44,108.34,81.25,54.15,27.05,0.0,
431.52,423.93,416.34,408.75,401.17,393.58,385.99,378.4,370.82,363.23,355.64,348.05,
659.85,685.72,711.6,737.47,763.34,789.22,815.09,840.97,866.84,892.72,918.59,944.46,
818.64,868.04,917.45,966.85,1016.26,1065.66,1115.07,1164.48,1213.88,1263.29,1312.69,1362.1,
996.67,1068.97,1141.28,1213.59,1285.9,1358.21,1430.51,1502.82,1575.13,1647.44,1719.74,1792.05,
1018.18,1091.36,1164.55,1237.73,1310.91,1384.09,1457.27,1530.45,1603.64,1676.82,1750.0,1823.18,
989.24,1054.0,1118.75,1183.51,1248.26,1313.02,1377.77,1442.53,1507.28,1572.04,1636.79,1701.55,
966.52,1022.39,1078.26,1134.14,1190.01,1245.89,1301.76,1357.63,1413.51,1469.38,1525.26,1581.13,
930.15,970.43,1010.71,1050.99,1091.27,1131.55,1171.83,1212.11,1252.39,1292.67,1332.95,1373.23,
832.58,849.25,865.93,882.61,899.29,915.97,932.65,949.32,966.0,982.68,999.36,1016.04,
708.48,703.0,697.51,692.02,686.53,681.04,675.55,670.06,664.57,659.08,653.59,648.1,
735.61,729.8,724.0,718.19,712.39,706.59,700.78,694.98,689.17,683.37,677.56,671.76,
775.0,773.46,771.92,770.38,768.85,767.31,765.77,764.23,762.69,761.15,759.62,758.08,
749.24,744.0,738.75,733.51,728.26,723.02,717.77,712.53,707.28,702.04,696.79,691.55,
796.82,800.56,804.3,808.04,811.78,815.52,819.27,823.01,826.75,830.49,834.23,837.97,
770.61,772.11,773.61,775.12,776.62,778.12,779.63,781.13,782.63,784.14,785.64,787.14,
712.58,711.56,710.55,709.53,708.52,707.51,706.49,705.48,704.46,703.45,702.44,701.42,
582.73,565.07,547.41,529.76,512.1,494.44,476.78,459.13,441.47,423.81,406.15,388.5,
451.67,417.05,382.44,347.82,313.21,278.59,243.97,209.36,174.74,140.13,105.51,70.9,
308.94,258.14,207.33,156.53,105.72,54.92,4.11,0.0,0.0,0.0,0.0,0.0,
198.48,139.15,79.81,20.48,0.0,0.0,0.0,0.0,0.0,0.0,0.0,0.0,
115.61,50.19,0.0,0.0,0.0,0.0,0.0,0.0,0.0,0.0,0.0,0.0,
0.0,0.0,0.0,0.0,0.0,0.0,0.0,0.0,0.0,0.0,0.0,0.0,
0.0,0.0,0.0,0.0,0.0,0.0,0.0,0.0,0.0,0.0,0.0,0.0,
66.67,15.13,0.0,0.0,0.0,0.0,0.0,0.0,0.0,0.0,0.0,0.0,
209.09,180.87,152.66,124.44,96.22,68.01,39.79,11.57,0.0,0.0,0.0,0.0,
