12.85,31.78,61.94,78.95,103.8,134.03,142.85,144.17,140.13,130.7,137.65,120.78
35.3,68.35,79.08,98.14,119.63,120.99,118.43,114.71,109.41,123.2,112.96,125.62
37.07,50.67,70.08,105.75,112.49,112.01,110.75,104.35,114.0,101.01,114.27,95.87
34.78,57.98,94.76,108.44,111.3,112.8,112.17,128.07,115.29,125.88,101.35,87.02
64.94,100.08,106.78,105.81,101.81,96.87,113.69,105.35,119.38,102.78,88.46,77.47
127.37,128.26,127.68,119.5,107.29,116.93,101.31,111.95,95.78,94.31,82.52,83.19
125.74,119.2,117.34,113.26,132.23,120.47,129.25,109.5,102.59,87.73,87.09,101.58
145.42,134.12,122.34,132.52,118.66,126.5,104.47,97.15,81.11,82.65,100.13,91.21
151.98,132.53,137.23,120.63,129.2,108.75,102.85,87.97,84.97,103.29,90.89,79.36
151.26,149.96,132.1,139.15,121.56,120.04,107.35,107.51,122.07,108.63,89.85,81.63
148.13,134.66,141.94,121.94,113.76,96.39,96.61,116.56,107.31,91.13,81.47,76.42
110.73,136.48,123.5,108.42,80.61,71.13,87.82,85.15,77.69,64.39,68.31,75.27
106.06,66.84,47.08,55.73,88.2,133.23,138.33,114.31,75.99,62.66,68.95,73.15
102.74,131.3,126.74,89.79,58.99,13.1,-13.75,-6.88,31.73,59.05,67.02,19.38
-7.79,-25.77,2.87,83.54,132.71,156.86,161.17,164.81,140.32,111.6,50.24,62.98
94.14,117.32,119.73,72.2,15.52,-23.76,-20.1,-7.82,12.09,-6.69,44.31,56.18
-3.04,20.92,37.68,59.34,78.96,108.32,111.02,97.82,41.51,60.82,55.31,78.94
59.94,60.7,35.48,16.96,27.41,31.41,34.16,2.27,34.21,34.43,64.39,112.84
36.89,34.87,33.0,47.13,43.92,47.31,58.57,68.32,75.42,93.48,129.55,135.88
21.98,8.52,14.71,23.72,41.81,65.21,94.29,112.0,115.93,140.84,148.32,159.63
29.73,56.47,54.38,43.68,32.69,36.98,50.47,73.27,119.66,135.4,152.49,163.87
9.64,9.96,25.79,47.17,74.4,95.61,112.98,151.53,154.81,164.03,163.52,159.07
17.03,25.65,35.07,53.27,64.83,75.85,113.6,128.37,146.99,159.06,158.75,134.82
3.66,10.7,35.43,64.46,84.06,123.23,133.21,150.97,158.45,161.05,137.89,120.32
17.02,40.86,63.69,81.47,120.61,132.65,152.3,166.63,167.9,142.36,125.27,124.88
38.92,66.56,79.22,113.65,116.91,128.54,138.65,141.41,120.8,109.85,116.79,102.76
31.66,47.85,82.6,101.14,118.2,130.27,136.95,116.1,101.19,105.26,91.48,88.81
21.59,62.26,82.2,109.41,125.4,134.68,120.52,112.26,117.23,100.67,92.83,84.54
53.62,76.07,96.58,112.24,116.7,98.49,93.09,103.89,91.56,89.42,83.21,80.12
59.85,89.72,110.91,117.55,93.21,80.52,88.09,79.28,83.06,78.75,78.99,81.95
55.15,81.5,98.09,88.98,84.35,92.8,82.64,85.24,79.69,75.54,81.16,88.16
67.31,83.56,69.84,67.14,77.85,68.6,72.83,70.68,67.05,68.24,81.54,94.96
80.55,68.73,63.19,71.24,59.5,61.67,59.3,61.38,63.48,74.16,89.38,88.81
47.06,49.87,66.43,59.77,68.6,71.67,76.28,87.44,97.56,98.38,93.63,87.64
56.22,75.52,70.94,72.01,69.16,70.29,78.61,96.46,101.32,94.12,88.16,90.04
61.08,70.2,73.74,65.38,53.57,49.59,63.12,72.89,73.59,73.26,82.86,86.42
36.3,16.17,8.37,31.17,72.19,116.35,131.48,118.79,93.05,76.03,79.5,85.14
72.03,104.79,108.47,78.03,43.3,5.29,-11.4,6.31,39.85,74.15,81.71,28.91
-27.55,-42.2,-9.22,70.5,128.49,162.85,178.05,174.82,154.91,131.24,62.22,68.09
83.37,108.7,108.21,68.1,20.84,-8.07,-12.07,5.33,30.1,5.55,49.92,57.32
-5.71,12.74,35.49,66.76,96.54,117.94,126.15,117.65,54.41,69.87,58.42,66.24
54.37,60.16,44.28,35.37,37.9,47.3,54.65,16.8,44.58,39.27,53.27,74.6
26.66,35.11,41.25,51.86,54.26,61.81,69.81,75.61,77.39,81.86,91.16,91.73
76.41,155.45,214.53,156.75,75.75,1.79,-126.74,-161.29,-69.66,6.92,8.05,1.85
-53.53,-105.46,-95.36,27.28,164.87,177.52,155.28,160.57,111.08,62.16,30.21,19.97
125.66,130.47,90.09,52.29,-81.08,-167.96,-150.41,-124.58,-92.03,-60.8,9.42,28.02
-16.86,2.57,45.5,8.74,-10.88,36.77,57.13,48.4,27.05,23.3,21.98,64.55
71.22,135.34,53.17,-44.62,-53.52,-58.63,-52.9,-46.57,-15.05,-11.96,37.4,44.14
61.96,-22.65,-88.96,-58.92,-57.47,-69.76,-84.09,-77.79,-72.99,7.61,12.22,3.24
-59.51,-149.64,-93.1,-44.96,-5.0,20.36,45.75,62.61,117.09,92.12,46.99,-4.58
-71.96,-12.44,27.44,24.94,20.44,25.89,34.92,109.34,115.33,98.21,51.04,22.38
52.9,73.07,54.25,23.58,3.7,-11.82,32.38,12.81,-3.69,-19.74,-10.16,12.84
-9.82,-21.82,-21.71,11.99,28.52,90.29,71.11,32.16,-4.78,-14.59,6.54,19.19
-20.79,-48.66,-46.85,-26.81,70.88,91.38,83.64,53.42,18.27,11.03,14.89,16.14
28.83,45.69,21.85,52.59,19.94,-5.97,-25.37,-27.25,-11.07,3.44,3.55,-14.33
11.44,16.13,87.38,71.54,47.39,28.35,25.17,47.62,60.98,57.7,13.37,-13.2
5.88,84.7,89.75,68.99,52.23,48.25,64.79,75.93,80.26,38.2,14.64,22.93
128.55,121.18,84.36,41.18,7.32,-8.36,-23.07,-35.45,-67.96,-56.21,-13.97,1.81
57.78,16.72,-22.79,-21.42,2.38,7.91,-1.33,-44.91,-53.81,-31.06,-3.97,10.5
-21.73,-112.82,-121.54,-31.03,52.18,104.76,88.44,81.74,68.18,57.12,38.31,11.92
90.85,229.67,330.43,192.78,-21.56,-222.31,-275.68,-175.36,-35.48,77.55,56.02,41.29
-191.45,-313.35,-330.67,-93.56,178.87,434.85,556.83,466.45,283.28,70.31,52.72,387.95
400.5,503.68,358.06,-25.85,-342.6,-533.64,-608.99,-546.82,-433.05,-259.68,180.64,124.78
-325.39,-407.3,-310.7,-18.78,276.06,454.0,519.27,440.65,330.68,503.57,225.88,171.83
216.23,205.34,118.18,-29.86,-200.52,-293.72,-318.84,-206.68,196.64,97.71,161.2,133.83
-131.26,-99.96,28.93,118.45,132.43,86.12,103.93,383.33,218.93,255.49,200.02,124.81
10.21,9.62,13.82,12.13,11.35,19.83,21.79,14.48,11.87,13.71,17.3,16.53
-5.02,-11.42,-20.64,-8.76,15.02,30.38,45.7,50.19,37.82,29.85,29.55,36.39
19.97,29.53,29.53,20.32,0.68,-7.52,-5.21,-1.79,11.25,18.9,30.76,37.41
-13.7,-10.9,7.31,17.81,33.07,44.98,45.92,48.13,43.09,44.46,38.25,38.31
10.41,18.51,15.65,16.97,18.46,14.5,17.44,20.04,29.69,36.14,39.3,31.89
1.12,-4.35,3.46,20.27,24.78,30.42,30.35,36.39,37.93,42.74,35.14,41.41
4.2,12.86,25.17,24.7,30.12,33.12,41.85,48.8,53.04,39.56,46.4,42.48
19.9,36.91,32.98,28.74,22.59,24.19,26.36,30.91,22.38,32.27,35.07,40.32
21.85,17.01,14.05,16.94,24.02,29.24,34.7,23.44,27.76,26.97,31.2,32.59
23.7,17.9,20.92,29.28,37.76,46.93,38.91,46.71,43.9,47.08,40.65,32.83
46.41,42.27,42.84,41.2,44.87,33.99,41.03,40.8,45.22,46.21,36.53,33.21
113.62,95.93,90.98,80.3,60.5,61.32,51.18,48.41,45.89,53.95,44.85,35.91
94.71,81.86,75.66,67.64,77.18,69.76,65.29,55.43,57.66,51.91,40.4,39.85
103.18,85.37,66.41,71.99,64.19,60.17,50.77,50.09,41.95,36.03,37.93,34.99
123.2,91.71,87.92,72.88,65.54,55.33,54.79,44.84,34.27,44.69,36.78,26.03
106.12,96.22,81.59,76.37,71.79,77.62,70.82,60.75,65.9,56.21,36.58,33.0
108.69,93.7,85.13,74.78,72.11,60.37,50.4,57.76,52.01,39.39,33.86,34.87
126.13,116.95,105.94,88.12,64.13,45.24,47.02,38.88,28.05,32.37,35.46,29.29
70.73,39.15,19.26,34.16,58.76,89.93,90.83,63.53,44.81,25.36,19.96,23.81
102.84,121.03,116.13,68.33,21.86,-28.01,-57.3,-37.29,-8.05,17.61,21.67,-25.64
-9.27,-29.27,-12.17,51.26,94.8,115.55,133.11,124.74,98.8,69.78,6.74,17.57
85.05,96.64,82.85,32.88,-24.37,-48.26,-56.08,-48.77,-30.13,-51.53,-2.16,20.31
-5.87,-1.48,10.02,24.24,56.51,73.99,71.56,55.29,-3.43,16.23,20.51,48.49
40.58,36.37,7.0,0.13,0.75,1.44,0.17,-36.6,-5.4,1.23,34.54,77.6
30.9,18.85,24.65,25.06,17.22,17.1,23.81,29.11,41.38,67.36,96.56,90.97
16.65,7.59,-1.04,2.29,16.75,36.12,61.6,80.25,90.97,111.98,105.54,111.0
29.87,42.79,35.64,19.75,4.02,4.5,18.36,46.15,89.58,91.35,102.96,109.02
-7.27,-11.04,1.56,18.99,44.61,68.36,92.12,125.21,114.05,114.9,108.77,104.02
5.78,9.71,13.65,25.66,38.33,56.14,89.05,87.42,98.09,104.78,103.93,88.9
-1.35,-1.5,18.15,45.36,71.63,106.75,99.68,105.63,106.73,108.89,92.97,90.82
13.37,29.23,49.75,71.99,108.58,106.16,115.01,119.74,119.17,99.56,97.01,79.6
39.78,62.52,76.96,105.23,91.86,92.17,93.37,91.1,76.58,83.4,72.49,65.62
33.86,51.28,81.2,81.57,87.83,91.97,93.12,75.27,77.39,63.23,55.33,39.44
45.86,75.57,75.95,86.97,95.27,100.82,89.18,94.09,78.62,69.05,46.31,44.19
82.14,81.79,84.72,88.24,87.16,70.99,78.41,65.86,60.64,46.41,44.56,40.15
114.86,114.45,123.41,111.88,89.63,92.15,71.37,63.36,49.77,51.68,46.06,40.0
124.69,123.85,116.86,100.25,111.46,95.0,85.12,64.66,59.9,54.07,45.65,58.87
134.32,121.27,96.53,104.05,86.55,76.22,56.43,49.96,43.96,37.69,54.91,55.79
133.41,105.86,110.17,87.73,76.88,58.05,52.83,48.58,40.12,54.69,53.68,38.54
122.95,123.16,102.9,89.45,74.98,75.63,73.61,67.84,78.64,72.15,49.3,43.46
122.19,106.63,94.08,75.68,69.57,63.09,56.68,71.59,70.02,48.89,42.61,40.46
140.97,129.36,112.76,86.97,68.56,54.08,61.88,60.47,41.73,39.29,40.46,48.77
81.44,46.2,20.42,39.73,68.47,105.17,111.89,78.03,53.4,29.81,39.07,42.56
117.33,127.36,127.65,81.81,41.95,-0.99,-38.29,-24.15,-0.45,38.32,41.58,-8.02
-2.98,-18.16,-0.26,69.65,120.18,133.19,145.73,132.53,119.72,89.65,24.49,32.5
96.17,109.42,102.12,58.7,-7.25,-37.04,-50.04,-28.9,-10.88,-34.01,12.73,26.32
-3.9,9.96,29.51,38.0,65.17,77.43,89.6,74.12,14.38,29.97,25.82,46.64
52.28,54.64,17.98,7.29,2.59,17.61,17.66,-20.62,6.14,6.92,33.26,74.38
50.15,30.95,32.56,26.77,32.42,32.94,38.01,39.63,46.29,65.67,92.96,102.59
19.51,10.03,-1.23,16.11,32.79,51.46,72.99,87.84,92.57,106.07,115.9,119.38
34.13,43.59,49.09,34.69,17.82,14.4,25.4,47.89,83.76,102.16,111.82,113.2
-9.93,0.26,14.64,31.91,53.31,73.62,92.36,118.59,124.53,123.43,112.74,110.24
23.46,26.54,29.18,36.49,45.64,58.47,83.76,98.62,106.03,110.12,111.06,96.09
4.08,5.69,21.11,47.37,68.87,96.0,106.67,111.29,111.06,113.6,98.59,105.57
11.53,26.73,47.81,66.71,94.7,108.75,115.64,120.48,121.85,102.37,110.17,91.73
26.81,52.98,66.35,87.97,92.9,92.23,93.83,95.41,81.21,94.36,83.32,85.19
28.28,43.52,65.96,82.79,87.36,91.52,95.62,79.22,87.83,73.61,75.02,59.64
47.19,67.47,84.15,91.54,98.73,106.24,94.24,105.78,89.64,91.19,67.88,57.63
79.24,92.25,91.63,94.08,96.63,81.38,94.67,81.32,85.48,70.28,59.38,53.7
141.21,130.45,132.62,123.83,99.95,106.46,84.38,83.59,67.72,69.79,61.5,58.72
112.14,113.27,113.02,101.36,118.52,100.79,99.79,80.05,77.86,63.96,60.6,72.01
127.93,120.69,100.58,111.93,92.79,91.48,71.8,68.86,54.67,52.88,68.63,67.91
126.14,104.23,111.6,90.86,88.54,68.7,67.88,55.78,52.35,68.04,65.39,49.86
109.66,115.94,98.86,96.66,82.47,87.95,77.97,78.44,90.86,80.14,58.63,53.65
119.93,105.8,102.26,83.19,80.58,65.41,65.67,82.55,76.55,59.22,53.37,55.1
122.76,125.28,110.33,92.61,66.43,58.21,68.84,64.39,50.94,46.81,53.11,54.42
87.46,50.05,30.16,39.95,74.27,113.76,117.12,87.94,60.44,44.71,46.25,51.2
118.7,135.76,127.66,87.59,50.61,4.03,-28.85,-16.56,15.51,45.31,50.17,-1.27
9.06,-15.59,8.16,79.88,126.79,144.22,153.56,149.03,126.71,98.16,31.3,41.43
100.07,118.49,112.69,65.46,4.21,-28.46,-32.45,-20.12,-0.94,-26.14,22.13,43.39
-1.45,15.55,31.12,46.3,70.38,91.0,94.64,80.86,19.74,37.38,41.67,64.9
53.57,53.13,23.24,10.51,14.18,20.48,22.73,-15.79,13.35,22.15,51.01,94.84
49.29,36.79,37.02,39.27,36.43,39.15,43.24,47.99,62.61,83.82,114.11,107.17
22.21,11.78,7.73,17.86,36.28,53.2,77.88,101.56,108.44,126.19,119.93,125.7
35.5,52.15,51.08,38.69,20.48,20.23,39.51,64.75,104.64,106.48,118.41,118.19
-1.51,1.7,17.41,33.71,57.87,85.94,107.51,138.18,127.61,129.97,117.75,115.14
15.55,22.79,25.95,37.79,55.46,71.3,101.79,101.72,113.5,113.51,114.88,105.1
5.31,6.17,25.72,59.12,83.05,115.07,109.95,118.91,114.2,117.99,108.24,108.62
12.31,30.41,57.83,79.98,113.74,112.82,124.87,125.72,127.38,112.92,113.59,103.93
34.19,65.73,80.63,107.57,95.76,98.81,95.92,97.7,88.85,97.99,95.75,95.67
34.81,52.28,80.05,83.43,92.57,92.37,97.71,86.76,90.91,86.15,85.16,74.47
49.76,77.0,80.29,93.2,95.87,104.17,97.8,106.34,100.72,99.16,81.68,74.48
88.2,88.2,93.14,91.51,94.19,83.61,93.21,90.87,92.11,83.92,76.22,64.36
113.26,116.34,119.44,113.78,96.88,100.64,90.06,90.75,84.22,80.59,68.75,68.75
123.27,117.2,116.12,106.56,118.68,111.41,109.59,97.35,87.22,76.44,74.1,84.92
125.6,118.67,101.65,110.65,102.97,100.91,89.03,78.96,67.84,66.45,81.21,79.68
136.16,112.91,116.03,104.33,101.05,89.32,80.22,70.4,65.94,82.5,78.49,67.45
133.92,130.67,119.38,114.29,106.41,102.51,94.45,92.67,104.57,98.23,78.86,67.39
133.63,124.51,118.87,107.54,97.39,85.28,83.04,99.37,96.67,80.24,67.61,65.3
139.39,139.85,129.63,105.54,80.35,67.89,79.03,78.43,66.94,59.98,62.56,68.67
81.47,54.86,31.92,47.99,79.84,119.98,128.17,102.72,73.66,50.61,58.22,61.41
134.16,144.3,139.85,94.89,57.45,15.39,-14.41,-3.67,20.14,58.95,61.7,13.33
-0.79,-16.21,4.8,80.64,132.71,152.59,161.57,150.48,138.99,106.09,43.63,54.59
95.24,112.53,111.75,69.49,10.96,-21.94,-33.06,-8.46,6.76,-16.2,34.15,52.44
3.33,21.67,40.76,56.93,80.19,93.5,109.03,90.98,30.89,53.02,52.97,74.34
59.81,62.26,33.07,20.37,16.86,34.86,32.45,-5.12,28.26,33.62,60.64,97.76
56.3,45.21,45.31,40.62,49.04,46.65,51.81,61.64,73.2,92.49,116.18,128.68
19.27,11.73,2.35,26.74,40.95,58.9,88.93,110.68,116.46,125.99,140.06,139.59
35.58,46.38,58.46,41.92,24.49,29.5,47.05,71.87,103.4,126.14,132.1,140.59
-8.37,8.78,20.74,37.74,66.94,93.0,113.81,137.14,147.8,143.48,139.93,142.7
29.49,30.41,33.38,49.72,64.86,79.38,100.97,121.41,125.5,136.83,143.24,127.18
6.64,7.91,31.65,64.96,88.45,111.8,128.12,130.64,137.46,145.98,130.01,125.43
22.89,43.13,69.41,89.05,112.49,131.59,135.37,147.37,153.63,135.96,131.55,111.71
35.48,68.56,82.67,102.43,112.43,107.97,117.06,125.04,113.11,114.41,102.22,110.65
38.16,54.92,75.46,99.69,100.65,111.83,122.64,109.41,106.41,91.77,100.09,82.63
41.56,64.66,89.54,97.35,111.58,124.84,117.25,119.78,105.14,112.45,88.61,78.77
84.41,102.95,102.52,110.27,118.91,108.51,111.38,99.84,108.31,92.64,81.82,79.88
111.26,113.07,123.81,129.55,111.32,106.22,88.55,97.09,85.23,81.68,81.33,80.67
116.49,118.91,130.57,120.55,125.4,112.36,119.21,102.52,91.86,89.65,86.35,94.78
135.29,139.42,120.1,119.64,103.56,108.16,90.83,80.19,78.26,79.79,92.06,86.47
371.66,276.02,246.43,185.97,184.39,171.85,148.61,127.19,99.91,149.49,118.84,104.65
165.45,172.25,126.41,149.59,142.96,119.62,106.62,94.56,156.8,104.55,94.42,87.68
146.35,108.2,133.19,131.06,108.01,95.98,87.44,155.19,104.94,89.68,84.28,76.97
89.99,137.51,138.57,101.2,69.49,44.89,111.13,73.53,72.82,68.77,70.51,61.67
93.88,68.3,32.94,47.65,74.09,174.15,142.68,121.0,86.5,65.82,55.6,79.19
117.5,130.59,125.6,72.43,86.73,-1.8,-27.05,-12.53,24.33,40.91,70.63,35.75
-20.18,-40.54,-21.67,115.7,131.56,161.83,173.29,169.88,128.9,119.67,68.73,50.57
87.79,98.87,147.93,61.17,4.8,-29.79,-31.18,-32.52,9.76,6.96,29.76,53.36
-17.64,52.29,33.4,57.81,84.92,111.43,102.45,107.93,64.63,53.82,55.68,106.19
106.11,70.65,47.41,27.82,29.14,17.23,34.03,17.66,22.85,33.61,91.19,110.66
28.87,28.47,30.45,47.49,36.61,58.17,85.93,65.18,79.26,122.52,128.45,141.55
22.79,11.71,13.1,7.94,40.07,78.51,76.62,104.07,135.23,132.13,150.24,183.61
30.21,55.32,42.74,47.13,51.55,24.68,47.16,96.69,114.05,137.95,174.87,267.68
9.29,-1.27,30.2,66.65,62.82,93.52,137.74,148.13,160.57,189.42,269.54,163.21
3.01,26.41,49.51,40.48,60.6,96.44,106.62,128.38,167.32,265.68,163.9,141.86
12.91,30.28,27.1,62.71,108.29,120.57,133.64,171.9,264.09,165.71,145.1,98.6
60.86,50.4,79.38,116.55,128.84,144.85,181.73,278.98,175.82,153.18,106.38,122.32
30.24,69.22,100.48,111.69,118.66,147.52,246.7,148.54,134.28,91.47,112.77,105.51
37.72,74.66,90.01,112.09,142.81,239.69,141.13,121.18,76.03,100.45,94.2,90.53
38.2,52.37,72.17,121.19,233.12,147.49,141.91,102.32,120.72,105.52,95.02,91.17
52.36,82.25,122.3,220.79,118.52,100.88,60.63,89.05,86.49,82.35,86.68,74.63
49.62,102.44,211.39,121.76,104.13,60.58,89.72,88.94,86.4,89.44,75.05,59.06
75.07,184.99,101.62,96.88,59.28,88.17,86.07,80.65,83.82,69.71,58.79,107.48
134.55,55.61,39.78,22.06,50.95,44.65,46.64,49.46,38.65,39.26,95.38,93.64
58.81,56.96,57.12,61.32,58.06,64.92,59.06,65.44,68.88,83.86,87.76,90.68
40.26,46.72,57.32,58.18,70.57,69.51,78.12,90.43,104.84,97.03,95.75,89.23
45.85,60.55,63.81,71.88,65.32,70.07,79.99,101.53,97.91,95.34,88.99,91.02
65.45,76.4,84.64,67.87,59.27,57.77,74.01,74.26,77.52,78.56,86.52,92.0
22.36,13.02,-1.8,29.6,72.79,118.11,124.83,115.3,93.4,74.56,81.67,97.61
74.65,97.11,108.01,79.65,47.35,2.47,-10.66,9.88,39.74,78.44,95.4,32.86
-35.41,-40.85,-5.47,74.75,123.9,160.28,177.95,172.31,158.63,144.06,66.0,69.44
87.24,112.99,113.28,65.72,22.07,-3.33,-10.29,11.9,44.03,11.13,52.1,55.18
-7.15,14.7,30.4,64.88,97.2,114.74,127.71,127.98,58.13,69.04,54.78,67.23
53.01,51.5,38.95,34.9,34.96,49.94,66.92,21.81,44.27,36.28,54.43,70.45
20.84,34.04,45.78,50.44,56.81,73.11,72.94,74.64,75.03,82.1,86.76,90.31
74.27,157.56,211.11,159.57,89.61,9.23,-122.48,-159.74,-67.21,4.16,7.33,0.68
-48.57,-105.7,-90.82,40.43,169.17,177.07,151.76,158.71,105.47,59.99,28.56,13.36
119.82,130.3,100.0,56.34,-79.73,-168.49,-148.35,-126.9,-91.87,-61.5,3.06,19.61
-12.11,16.49,52.03,10.03,-12.9,36.8,52.58,46.64,24.93,16.36,13.56,62.02
79.47,137.06,49.81,-48.24,-54.6,-64.43,-54.81,-49.64,-23.05,-20.3,34.47,48.55
81.66,-12.04,-78.74,-52.41,-56.38,-64.3,-81.88,-80.65,-77.27,8.13,19.14,-2.04
-57.81,-145.84,-91.72,-46.61,-1.38,20.88,41.87,57.75,117.59,97.38,40.57,-3.93
-67.78,-10.7,25.76,27.77,20.16,21.43,29.27,109.5,120.26,90.9,51.31,19.4
51.23,69.65,55.96,22.63,-1.82,-19.02,31.4,17.26,-10.9,-19.81,-13.39,11.6
-12.55,-20.0,-22.37,6.85,22.26,90.77,77.12,26.54,-3.59,-16.96,5.8,15.92
-17.53,-47.99,-51.08,-32.49,70.75,95.64,75.63,51.76,13.5,9.75,11.41,16.36
35.5,44.42,18.84,54.59,28.12,-8.29,-21.38,-26.93,-9.23,2.28,5.06,-15.5
14.34,17.45,92.8,80.72,43.89,29.69,22.13,46.58,58.06,58.6,12.09,-13.78
13.49,93.18,101.43,68.81,58.26,51.16,70.21,77.85,83.82,40.93,15.91,23.74
132.15,129.97,81.11,44.3,6.03,-8.41,-26.69,-36.63,-68.25,-57.57,-14.48,4.0
61.85,8.62,-24.79,-24.62,1.68,4.25,-1.59,-45.04,-55.81,-31.28,-1.92,10.32
-31.88,-114.15,-122.54,-32.16,47.28,102.9,85.85,79.42,69.15,56.87,37.17,13.53
85.93,224.8,325.1,186.59,-23.87,-225.07,-277.52,-174.87,-36.96,76.6,57.37,49.52
-189.94,-313.73,-332.76,-94.07,176.8,433.2,556.85,464.6,282.12,72.44,61.62,391.53
397.12,498.89,355.4,-28.28,-343.82,-532.97,-610.0,-547.62,-430.84,-250.66,184.15,126.07
-320.27,-402.69,-306.92,-16.8,279.26,455.53,519.95,444.13,340.37,508.6,228.26,171.86
213.66,203.76,115.56,-28.84,-200.61,-294.75,-316.53,-198.11,200.92,98.97,160.39,134.61
-129.51,-100.28,31.54,118.88,131.64,88.76,112.78,387.96,220.39,255.26,201.12,126.85
5.75,9.59,12.3,10.57,13.01,27.15,24.98,14.4,10.71,14.08,18.8,21.56
-4.42,-13.45,-23.14,-7.64,22.78,34.98,47.24,50.28,38.6,31.45,34.62,41.54
18.07,27.92,31.08,27.68,3.67,-8.48,-7.68,-3.15,11.57,23.15,35.54,43.03
-15.6,-9.9,14.59,21.6,33.79,44.81,46.98,50.45,48.67,50.26,44.34,35.74
9.65,24.74,18.02,16.28,16.17,12.8,17.15,23.29,33.93,41.2,36.27,32.15
5.19,-4.25,0.46,17.29,22.9,30.06,33.9,40.34,42.41,39.98,35.44,37.43
22.48,23.63,35.23,30.23,36.29,43.44,50.69,57.57,53.26,43.39,44.79,42.27
19.85,39.15,32.15,31.39,30.48,30.93,33.94,30.45,26.28,28.69,33.39,41.8
28.35,19.32,18.96,25.66,31.08,37.15,34.41,27.14,23.75,25.48,32.93,33.46
16.0,15.78,23.42,32.57,42.39,43.4,40.8,41.77,42.37,47.35,40.46,33.03
47.23,46.94,47.87,46.83,42.01,36.49,36.3,39.02,45.02,46.2,37.09,30.93
81.54,75.8,75.11,63.55,49.99,42.71,38.21,40.35,42.15,45.55,37.02,32.78
71.37,63.9,58.05,56.16,58.35,57.18,57.33,52.34,49.95,42.65,36.84,34.08
104.35,81.71,66.81,60.27,56.93,56.9,50.97,44.65,33.7,36.85,34.91,34.16
111.43,86.49,73.39,64.48,63.09,57.43,50.96,38.53,37.21,39.76,34.66,29.29
100.01,81.78,72.67,72.34,70.99,70.0,60.6,60.46,58.84,52.22,38.8,34.03
131.69,109.85,103.14,89.36,80.25,67.68,65.57,62.54,54.71,53.02,41.69,34.24
111.44,114.19,101.82,83.58,58.37,45.63,38.69,31.38,35.9,31.16,29.28,30.88
98.21,54.82,31.22,39.9,70.84,94.9,95.3,79.81,47.4,27.71,26.39,36.84
121.53,136.33,125.0,81.74,26.17,-25.98,-44.37,-37.03,-6.62,24.56,35.2,-27.54
11.53,-19.37,1.13,57.64,101.6,135.34,140.41,130.46,106.96,86.22,6.39,20.35
97.39,114.1,92.15,38.64,-8.8,-47.08,-56.4,-44.49,-15.26,-53.38,-0.03,18.39
7.76,3.62,13.68,41.35,62.02,79.46,81.74,74.56,-2.78,20.23,19.49,37.79
51.2,44.49,26.04,4.61,2.93,7.32,15.79,-38.44,-2.7,0.68,24.57,56.29
58.24,50.37,40.66,36.84,33.4,43.95,32.16,38.27,43.79,63.88,78.95,82.99
40.08,18.25,5.06,13.16,37.54,37.85,64.75,78.34,84.83,90.48,95.02,109.12
30.25,40.94,40.05,37.71,4.83,7.9,18.65,41.61,69.48,80.12,100.6,105.42
-1.19,0.1,23.7,20.32,46.09,65.84,85.43,103.92,102.3,113.58,105.8,102.85
14.73,29.94,14.9,29.41,39.15,52.95,70.44,76.7,96.93,102.21,102.76,105.04
11.8,-6.11,14.88,40.54,62.86,82.62,84.33,101.09,101.64,104.86,107.55,91.24
33.98,45.02,63.08,74.7,94.41,100.37,117.28,120.24,118.82,120.02,101.08,98.4
49.1,71.19,76.34,89.83,85.47,93.58,92.06,89.33,96.08,86.05,90.06,76.51
40.58,48.18,63.62,73.66,89.28,91.95,92.85,96.18,80.76,79.74,65.68,65.37
48.92,63.74,72.44,89.95,94.14,97.58,106.32,95.08,94.16,80.51,72.86,50.86
71.29,79.35,92.35,92.36,91.29,96.57,85.43,86.39,75.61,74.05,52.02,44.54
124.38,126.91,126.24,114.35,113.52,98.45,92.73,77.75,74.74,61.83,51.8,56.88
130.94,123.55,115.96,122.95,113.65,108.85,91.42,80.72,63.35,57.4,60.9,72.45
120.66,109.69,111.05,102.1,100.08,85.04,76.97,58.78,51.9,52.49,67.69,56.3
155.84,143.99,126.17,111.56,92.53,84.23,65.55,56.99,53.39,74.13,58.91,50.26
143.31,125.46,113.56,98.86,95.68,82.11,77.26,75.93,93.8,74.53,58.41,43.42
139.01,129.26,117.38,103.57,84.28,77.09,73.04,95.41,79.7,60.02,44.44,46.22
132.7,130.13,117.71,87.44,67.48,53.19,72.45,58.33,44.9,34.69,41.83,47.4
87.83,55.56,26.76,42.63,72.7,122.2,115.04,85.48,51.65,32.06,38.42,55.49
121.58,130.99,128.09,83.1,55.32,-1.85,-34.0,-27.6,1.65,35.9,53.52,-0.75
-11.35,-25.24,-3.02,80.78,118.42,137.02,141.44,134.51,118.22,98.06,29.9,34.54
96.18,112.29,117.69,58.66,-2.78,-40.94,-48.12,-30.11,-2.23,-27.58,15.46,25.55
-1.07,24.64,29.35,43.67,64.0,83.06,92.06,85.05,21.95,33.44,25.56,51.26
63.55,52.88,20.83,2.61,2.9,13.54,22.75,-17.66,6.8,4.38,36.3,82.97
61.62,44.55,41.49,36.94,39.04,49.68,50.31,48.34,50.2,73.23,104.39,105.5
22.22,10.31,0.21,16.33,44.15,58.95,77.87,89.04,98.33,113.93,116.76,118.57
32.74,44.3,48.37,45.05,23.98,17.77,25.28,52.31,90.61,101.66,110.23,125.96
-3.99,4.44,30.1,40.99,58.9,75.62,98.44,127.5,125.94,123.46,126.37,109.27
17.89,34.5,32.2,39.02,45.81,63.14,92.24,99.62,106.19,122.35,109.22,103.72
15.96,10.79,23.2,47.04,71.56,101.37,104.67,107.36,119.4,112.15,106.63,97.11
51.59,53.79,71.41,84.85,115.85,124.29,126.16,140.76,127.9,119.12,107.17,92.36
208.54,182.48,172.84,166.02,159.65,156.08,157.9,131.61,111.79,130.39,107.29,99.09
124.12,126.54,124.1,139.83,142.07,144.16,122.49,100.6,118.76,91.31,83.81,66.77
79.02,87.15,105.79,122.88,133.38,118.25,107.1,131.72,105.2,88.21,67.58,56.9
92.68,113.09,120.76,124.36,99.24,81.2,109.54,89.15,78.81,68.27,58.57,39.32
127.22,134.12,143.63,116.82,95.53,119.98,93.27,79.82,68.97,63.67,43.71,51.68
134.57,140.45,119.33,101.5,130.72,105.1,88.87,74.6,66.9,45.03,53.64,89.45
143.73,115.17,91.26,123.14,100.52,85.56,72.07,60.64,35.96,47.21,86.23,58.73
130.25,102.13,126.89,96.91,80.05,67.23,58.01,36.77,46.64,83.67,55.93,50.47
133.34,150.73,122.08,100.25,90.97,87.7,68.6,79.36,110.84,79.49,63.62,69.38
165.4,138.95,119.37,100.39,88.38,63.82,70.58,106.93,80.43,66.2,70.11,66.09
138.77,126.75,112.4,93.09,60.19,59.17,90.43,64.65,54.57,60.98,62.26,73.16
93.9,56.01,32.06,32.41,72.88,132.74,113.29,87.89,70.9,50.72,63.25,97.28
136.35,146.43,128.06,91.25,74.62,6.01,-24.61,-2.22,23.28,63.99,96.01,101.7
13.67,-19.37,7.89,102.39,126.37,144.88,164.47,153.42,143.69,144.03,134.15,94.07
95.41,116.5,132.95,65.23,4.85,-18.63,-29.46,-5.42,42.94,78.24,76.12,56.86
23.82,53.62,46.14,57.36,90.59,104.45,115.06,128.15,124.26,96.8,59.23,59.22
75.76,56.32,23.67,24.34,22.47,35.43,64.42,83.92,68.86,34.51,42.34,84.51
61.89,45.32,58.88,50.9,53.9,83.92,147.23,108.87,80.65,79.03,105.32,116.36
32.36,35.8,23.48,40.43,84.54,158.6,139.02,116.14,101.09,119.15,129.79,130.5
42.85,49.66,53.76,75.01,121.29,83.19,61.36,62.38,99.1,113.55,121.17,134.25
2.63,14.25,59.28,132.06,111.4,94.83,92.99,122.86,129.22,127.99,131.91,125.77
24.35,62.71,125.23,96.88,71.87,65.48,96.56,110.97,116.8,132.93,127.43,94.47
33.02,93.66,69.69,65.59,66.99,99.12,111.98,113.69,126.57,127.75,96.23,121.97
72.57,53.6,42.01,51.27,82.82,95.66,102.82,119.51,122.3,93.56,122.23,115.19
54.22,56.21,72.67,85.05,91.46,94.26,101.69,112.37,90.7,102.21,105.52,103.61
32.14,52.73,70.42,84.22,93.97,105.81,117.35,96.52,103.81,94.99,93.5,85.72
49.48,67.53,81.33,94.89,108.78,122.46,105.77,117.25,108.08,106.84,92.26,81.79
73.17,85.58,93.76,103.77,113.89,94.62,107.03,101.95,103.31,93.3,82.79,75.29
108.63,114.05,125.41,129.53,102.7,108.24,96.44,96.05,88.11,86.48,79.34,69.68
142.88,138.48,144.79,121.19,134.21,126.0,122.27,106.24,95.58,93.34,78.55,94.75
146.45,147.34,117.01,126.99,118.27,113.99,97.68,86.58,84.39,70.62,90.8,85.8
142.51,111.56,117.05,110.2,106.26,90.37,82.5,82.37,67.18,86.88,81.44,66.26
106.46,115.76,113.08,109.6,97.79,94.69,97.98,89.69,108.75,93.71,73.54,60.86
140.37,134.15,129.75,109.17,99.53,99.54,88.6,110.11,96.03,80.3,64.58,64.46
141.51,145.54,127.08,104.47,91.85,70.94,88.07,77.1,67.34,54.99,60.43,72.04
91.2,55.5,34.11,61.64,84.55,130.32,127.24,102.44,67.88,48.47,61.77,59.02
112.72,131.68,141.65,91.54,61.25,8.43,-18.82,-11.02,18.54,57.49,56.25,2.91
-16.53,-16.84,-1.04,82.19,124.26,147.63,154.59,149.36,137.92,99.34,32.76,53.4
98.43,111.25,117.13,62.69,4.7,-32.25,-37.63,-12.46,-1.51,-26.4,33.17,50.2
-10.72,18.45,31.01,50.23,72.73,93.54,108.85,87.25,25.37,50.0,49.6,69.21
56.13,51.26,22.28,8.56,11.4,28.49,22.96,-16.13,20.46,27.7,54.34,96.78
35.86,28.84,30.47,33.37,42.13,37.26,41.3,55.47,69.37,84.04,113.76,135.51
35.48,21.05,16.78,32.31,42.18,59.44,91.34,114.23,112.83,130.81,151.37,145.87
34.53,53.07,57.86,41.14,23.38,29.43,48.92,66.19,107.3,137.17,137.93,137.12
-0.62,7.62,18.5,35.54,66.58,95.16,107.91,140.33,157.43,148.62,136.43,126.71
22.63,25.17,28.9,46.9,64.36,70.5,101.5,130.1,130.67,131.19,126.09,122.74
1.89,3.99,29.89,65.14,80.89,114.42,139.1,138.37,133.87,129.53,125.87,120.08
24.61,46.2,73.7,83.89,115.49,141.61,142.16,142.48,136.48,133.48,127.05,114.26
34.15,67.67,72.97,104.27,123.63,117.29,115.26,109.65,111.25,110.48,105.11,97.71
38.08,46.3,76.74,108.53,106.4,105.94,103.21,104.42,100.04,92.18,86.24,70.47
21.43,58.58,92.93,99.91,103.64,104.04,112.53,115.29,108.09,97.37,75.37,66.91
56.07,92.29,93.5,94.46,89.01,92.73,96.85,94.9,89.0,73.22,66.38,66.98
70.39,80.76,87.28,87.78,86.41,83.31,78.49,73.89,63.57,60.99,65.0,73.17
61.19,68.95,79.22,86.75,92.96,91.57,84.75,73.63,68.17,63.56,73.94,84.93
53.48,67.03,71.14,77.06,75.64,68.02,57.74,56.47,54.43,59.21,77.16,87.19
61.35,66.49,70.39,69.17,62.03,52.23,52.36,54.59,58.32,72.13,82.5,76.44
44.5,55.82,58.8,58.13,51.79,54.69,60.63,71.98,86.9,90.12,80.71,74.88
57.79,63.92,66.18,55.25,53.66,56.69,65.55,86.58,92.93,81.76,75.3,73.32
70.25,82.26,74.26,58.47,47.98,45.7,59.95,71.31,66.98,63.13,68.29,81.15
35.17,6.67,-8.11,20.72,63.72,107.94,126.23,107.7,79.64,59.17,72.26,80.77
67.22,92.81,103.72,72.27,37.97,4.07,-19.19,-3.82,26.12,67.34,77.84,16.23
-42.46,-48.86,-16.53,64.04,126.57,154.82,168.54,161.59,148.91,127.0,49.33,56.9
79.94,103.88,103.49,67.16,13.2,-17.41,-25.54,-1.86,24.57,-7.43,38.71,45.3
-7.97,10.14,36.85,60.9,88.9,106.3,120.85,113.23,42.3,59.78,46.88,56.17
56.33,64.03,40.13,29.09,27.89,44.09,52.43,5.35,34.48,29.02,43.93,65.02
48.02,43.27,44.89,48.08,55.98,64.27,62.14,66.86,67.04,76.28,83.73,87.9
25.58,17.56,14.16,34.17,58.24,69.4,95.36,107.21,102.43,95.09,100.6,99.84
42.39,59.41,67.65,61.03,36.32,36.84,45.69,59.92,74.42,88.93,93.81,100.3
1.33,14.82,36.03,46.81,71.88,89.69,101.72,108.89,111.12,105.42,99.96,92.83
25.06,38.29,35.3,49.67,56.6,62.12,69.68,83.08,86.64,94.56,92.28,94.43
18.41,12.36,32.51,56.58,70.52,79.98,90.29,93.2,95.78,96.22,98.01,98.42
32.37,49.21,67.47,74.65,83.12,95.64,99.17,108.73,107.07,105.39,105.51,103.85
86.16,96.19,93.14,90.0,92.39,88.4,91.92,88.75,87.36,100.77,101.82,103.98
39.63,47.62,48.52,70.11,71.88,75.99,75.69,77.1,89.48,83.56,88.77,88.63
19.31,26.15,49.61,61.65,70.94,74.16,81.74,103.1,97.38,97.38,92.33,87.52
29.07,53.93,60.08,63.96,60.04,61.75,82.9,85.67,90.76,91.45,88.0,87.95
35.24,48.78,58.57,61.39,58.68,72.52,69.99,77.42,82.31,83.76,86.57,94.15
22.54,33.39,43.44,54.26,75.84,74.26,79.46,84.24,83.67,83.83,93.84,107.25
34.09,38.04,41.07,64.38,63.5,67.98,72.46,73.32,72.29,85.31,103.09,95.24
53.8,50.09,65.99,62.33,64.57,67.7,68.14,70.29,80.62,102.45,93.06,93.97
29.87,50.2,49.71,61.85,70.04,74.03,80.23,96.77,117.62,103.62,99.21,95.72
49.72,51.87,63.61,69.36,66.46,67.43,82.12,109.44,99.73,99.18,95.27,90.2
45.65,67.6,75.42,66.07,55.35,59.11,81.64,76.1,81.67,83.46,84.87,94.0
21.99,8.22,-3.23,25.34,72.77,124.18,125.43,117.13,94.96,73.99,84.31,102.72
78.35,102.6,110.5,84.32,56.88,5.73,-7.25,12.42,39.72,83.12,101.31,57.05
-29.55,-39.73,-2.57,84.55,128.55,165.71,182.45,172.97,163.0,151.2,90.79,71.78
81.46,110.37,116.22,65.54,22.19,-4.78,-14.1,12.12,48.08,33.91,53.37,60.31
1.81,25.94,37.45,69.91,100.12,115.22,131.07,134.25,81.93,73.43,61.73,66.23
60.77,56.93,44.15,38.12,35.87,53.47,72.59,45.51,49.07,42.07,52.83,69.92
19.33,32.96,42.45,47.28,57.44,76.65,96.11,79.22,80.81,79.89,85.61,91.98
75.55,157.55,211.42,161.95,92.72,30.06,-121.73,-158.11,-72.4,1.76,8.48,3.73
-50.03,-108.6,-91.08,42.79,193.1,184.33,161.26,160.83,107.83,62.63,32.09,24.21
120.22,134.52,104.83,79.39,-77.21,-166.26,-153.77,-131.21,-93.39,-60.08,13.15,25.68
-13.07,16.83,72.17,13.55,-7.85,35.01,52.75,48.41,28.41,28.69,20.27,56.76
82.47,159.0,54.65,-43.71,-57.17,-64.91,-54.35,-47.1,-11.3,-14.66,29.26,45.9
79.63,-25.32,-92.39,-65.6,-67.32,-75.56,-88.5,-77.68,-78.33,-2.55,12.78,-1.72
-18.9,-120.25,-66.9,-35.07,8.5,37.19,62.73,72.77,118.27,102.76,48.35,4.41
-63.77,-1.12,24.85,30.95,30.61,35.67,38.82,105.57,123.46,94.37,56.66,25.96
58.37,65.38,54.65,29.92,10.73,-9.72,28.16,20.47,-8.27,-15.77,-7.51,14.86
-16.64,-18.77,-12.43,19.52,29.49,83.97,76.79,27.52,0.53,-11.69,8.91,14.61
-15.28,-38.7,-38.27,-23.24,68.31,101.4,82.62,60.5,21.35,14.95,11.23,13.0
39.2,54.11,23.4,47.61,26.49,-11.03,-21.43,-26.88,-9.2,-0.79,0.0,-11.41
15.74,15.01,81.4,78.45,43.11,32.71,25.3,48.77,56.28,53.25,15.8,-16.84
-2.17,73.92,92.46,61.06,53.85,46.52,65.08,71.83,76.89,38.7,9.83,20.1
123.9,128.66,80.82,45.33,7.72,-5.79,-24.91,-37.09,-66.09,-59.54,-15.76,6.28
72.06,18.42,-14.31,-18.08,6.35,6.4,-3.55,-44.15,-58.34,-31.35,1.16,10.46
-45.89,-122.81,-132.22,-35.13,45.57,98.56,86.42,76.24,68.66,56.64,34.94,11.91
85.2,221.27,325.03,184.0,-31.5,-228.82,-285.2,-179.25,-40.32,73.41,55.74,46.2
-205.05,-321.02,-339.41,-103.08,172.94,425.69,552.98,462.58,280.75,69.2,56.78,406.96
393.18,495.11,349.46,-31.23,-350.6,-535.74,-611.72,-548.18,-433.1,-255.73,199.74,130.52
-334.61,-416.3,-316.87,-27.35,272.55,448.93,515.62,438.4,333.15,522.45,231.59,175.78
209.41,200.37,111.54,-31.64,-202.76,-293.89,-319.01,-202.37,216.49,103.69,165.48,128.75
-133.86,-104.79,28.21,116.2,131.88,85.54,107.74,402.9,224.5,259.46,194.83,128.2
1.58,6.33,9.37,10.36,9.58,22.36,41.02,20.13,16.53,8.79,20.47,19.86
-5.32,-13.18,-19.31,-8.05,19.02,50.07,50.64,53.19,31.51,33.44,33.24,34.54
15.81,26.74,25.6,21.96,20.83,0.27,2.18,-4.34,16.91,23.33,29.3,35.13
-11.4,-9.35,12.62,38.2,38.06,47.66,37.94,48.99,44.23,41.26,35.38,36.12
5.37,19.12,33.38,22.1,23.01,9.4,22.27,25.06,29.68,34.59,37.26,25.08
3.65,14.28,8.31,23.93,18.08,33.31,33.82,34.46,34.89,40.68,28.81,32.42
27.48,19.54,28.16,18.64,32.89,35.68,39.67,43.51,47.88,35.21,38.3,37.08
85.99,83.12,67.72,56.49,49.32,48.41,41.97,43.35,29.51,37.83,38.34,38.99
29.49,25.02,18.68,29.1,34.87,30.61,35.9,22.4,29.53,21.05,23.86,29.53
80.08,55.07,59.48,57.0,54.9,65.5,53.34,59.24,42.8,52.36,45.24,32.83
57.21,63.79,56.07,49.16,53.33,36.09,43.23,32.18,47.12,45.27,32.99,27.59
75.05,65.59,61.72,65.54,44.62,47.46,30.88,42.62,41.29,35.64,30.38,30.92
70.32,60.53,67.53,52.19,58.73,41.87,51.5,45.85,37.22,36.26,35.48,31.54
79.8,74.05,51.6,57.73,44.78,57.35,51.06,37.85,31.6,33.85,31.14,26.86
113.08,78.04,71.42,48.89,55.17,46.32,33.2,26.05,25.66,33.61,26.43,34.21
95.23,81.66,61.67,70.75,69.09,63.24,59.0,57.77,58.91,48.85,46.01,36.82
112.3,87.47,91.93,78.27,62.66,53.5,49.96,53.71,46.85,51.49,39.68,31.84
103.67,110.73,97.15,72.97,53.29,41.21,41.56,31.73,38.64,36.45,30.85,39.2
92.61,51.07,21.42,32.6,61.2,90.25,86.37,75.84,48.92,24.88,32.39,43.66
100.23,112.35,106.5,67.94,20.87,-34.01,-46.67,-34.48,-9.19,28.16,39.76,4.67
3.9,-25.72,-3.92,55.41,94.14,132.89,141.74,127.11,109.82,92.73,40.34,31.27
92.62,109.07,89.77,33.5,-8.4,-43.21,-57.61,-41.32,-9.7,-17.6,11.4,50.44
4.79,2.94,10.01,41.96,65.85,78.15,83.63,79.51,32.84,31.28,51.58,39.83
45.84,37.01,23.48,7.44,1.22,8.58,20.4,-3.57,7.56,32.34,26.59,52.76
25.57,30.52,28.09,24.21,24.16,37.38,57.52,42.61,72.99,59.69,71.57,69.21
23.27,8.52,-3.26,7.79,34.76,66.68,71.14,107.77,80.18,83.46,81.91,97.44
25.39,33.97,33.75,33.16,33.46,16.46,52.69,41.95,65.92,69.51,89.9,106.07
-7.24,-2.55,23.88,51.8,54.05,96.12,79.89,93.43,87.19,100.41,105.45,97.39
13.51,27.76,43.15,36.97,73.68,56.15,71.81,71.92,90.09,106.21,99.19,88.65
19.48,30.92,27.99,75.66,62.4,77.83,73.09,87.92,101.36,100.14,91.33,93.1
35.88,32.5,75.04,62.8,79.51,77.96,96.39,112.51,108.81,98.69,98.74,79.26
85.79,119.66,100.68,95.28,83.65,96.57,103.93,97.84,88.56,94.47,78.56,78.13
57.97,50.06,46.59,58.41,76.99,84.7,84.24,72.63,77.78,60.25,61.97,63.02
45.87,45.24,62.17,79.95,93.59,99.58,91.6,103.01,84.35,74.33,69.49,50.97
56.31,73.46,85.41,90.36,89.54,77.29,89.78,76.16,70.89,70.56,52.44,42.54
119.33,120.02,125.03,116.17,97.95,105.7,84.34,72.5,69.76,64.21,50.84,45.09
138.84,132.15,125.76,111.42,125.01,105.73,91.09,80.54,68.84,60.05,51.38,61.11
616.43,451.33,377.05,295.34,262.02,256.26,217.3,158.73,95.19,166.5,130.91,102.34
310.75,280.56,208.38,208.07,202.71,155.55,107.3,54.65,144.33,94.6,75.2,65.15
197.08,142.88,150.21,169.83,141.7,108.99,71.72,166.74,114.46,70.78,61.26,51.01
133.9,160.84,177.55,133.07,77.34,24.66,124.59,90.26,64.55,59.52,51.28,6.81
176.18,190.29,155.93,100.25,50.28,150.73,108.52,73.52,60.54,54.34,10.19,41.34
145.03,99.56,36.5,8.98,136.79,113.59,85.68,65.58,48.87,-16.67,22.99,91.27
131.42,108.43,75.99,150.26,66.16,-4.33,-28.06,-12.45,-37.66,22.33,89.26,-8.56
-15.35,-63.39,62.07,77.16,92.4,116.33,133.84,78.42,92.32,128.29,20.54,13.22
56.64,176.89,119.57,44.22,-6.38,-26.98,-77.22,-35.3,44.31,-25.71,-1.23,69.01
101.97,62.92,49.81,54.88,78.43,45.08,67.49,116.48,15.24,15.33,68.18,68.48
33.91,15.46,-9.01,5.61,-27.63,4.93,71.67,-10.67,-1.59,43.09,50.55,99.79
30.63,18.56,31.25,-16.74,-0.24,65.45,24.81,13.23,66.62,70.11,112.32,185.43
18.46,21.32,-28.46,-2.05,78.5,50.27,54.94,113.91,99.71,127.84,195.85,387.79
44.81,14.88,31.97,82.13,20.66,2.78,56.39,60.9,111.98,185.71,382.48,214.59
-46.14,-23.79,52.05,30.94,33.97,91.24,92.73,132.4,197.68,394.79,216.13,154.85
13.47,72.27,37.55,25.26,74.54,70.7,99.74,173.28,375.63,213.94,157.12,67.07
56.98,17.98,14.15,78.52,85.59,117.63,182.28,380.8,211.36,155.15,68.16,116.44
14.82,13.61,69.49,74.03,104.84,172.59,382.45,222.91,170.02,77.95,121.78,106.82
110.14,150.28,151.41,153.66,202.48,398.21,220.7,151.79,60.02,129.09,112.77,92.05
68.55,67.15,67.62,155.83,381.9,227.2,177.63,79.32,133.02,98.34,76.94,76.51
72.83,84.71,160.91,371.04,198.8,140.15,47.2,110.47,88.81,71.3,75.94,41.81
75.27,157.59,368.79,204.57,147.09,55.51,129.23,108.89,88.67,95.43,49.05,-15.82
165.04,373.55,208.6,151.52,51.65,117.51,94.06,66.21,78.06,47.4,-12.91,63.46
305.07,140.67,73.9,16.11,85.46,55.82,39.6,37.01,6.39,-21.65,56.46,80.67
171.54,120.66,95.82,115.5,94.84,90.88,70.31,60.08,35.24,41.16,77.06,62.83
138.02,113.08,133.97,99.11,95.93,78.98,67.8,49.75,54.28,74.47,60.25,52.99
136.95,152.04,118.37,111.77,98.15,92.3,76.77,82.74,98.58,81.02,64.84,68.23
148.63,120.75,115.7,98.6,85.28,64.35,69.01,90.01,78.1,64.07,66.96,51.64
131.32,132.97,120.52,94.19,64.02,61.39,76.73,66.44,56.14,58.97,49.07,61.83
107.31,69.39,38.12,40.09,78.18,121.73,118.22,91.98,70.94,41.42,54.07,74.14
140.68,146.59,132.36,95.11,62.35,8.9,-22.71,-4.1,13.59,53.36,72.59,47.59
11.4,-18.07,8.66,87.59,128.8,148.17,165.34,146.66,134.93,120.15,79.97,55.7
103.46,123.68,123.75,69.17,8.07,-18.22,-37.07,-14.49,18.96,23.17,37.26,48.25
3.02,25.93,35.74,51.67,83.61,90.06,102.39,103.12,70.62,52.67,46.69,57.83
72.06,63.12,32.9,26.06,15.35,30.55,46.57,35.96,28.61,28.27,45.05,85.01
58.51,45.95,51.08,39.4,44.33,59.93,93.42,61.85,68.24,79.17,104.22,113.75
41.62,33.26,16.43,32.79,64.24,110.66,96.77,109.03,104.19,118.54,127.82,135.69
44.41,48.69,52.04,57.02,71.63,35.97,48.07,61.8,97.36,111.89,126.55,136.03
10.88,17.62,48.62,90.52,74.56,92.98,101.55,128.22,131.91,139.01,136.64,126.59
36.14,56.74,86.49,60.37,69.84,73.62,100.04,111.95,125.96,137.58,128.69,102.23
47.85,69.38,46.69,72.28,84.4,112.98,120.75,129.68,135.16,133.48,106.71,125.67
75.31,51.71,68.6,80.13,106.56,114.61,126.24,136.0,134.08,110.18,129.55,114.76
97.62,108.95,118.18,123.71,124.7,132.72,133.24,130.86,106.71,125.22,113.67,110.17
47.99,69.66,77.49,98.25,111.42,112.77,116.03,93.27,112.16,94.44,94.08,86.21
68.89,74.99,95.65,113.87,119.16,126.23,108.3,129.96,109.72,109.79,94.2,76.46
67.11,92.54,106.31,107.84,109.55,87.46,111.25,98.67,104.75,91.1,75.44,59.66
99.03,113.62,118.58,120.31,92.84,110.42,92.19,95.85,84.22,76.08,61.59,72.9
135.28,128.1,132.19,107.03,130.07,113.88,114.43,96.82,82.2,71.75,79.68,93.14
191.28,171.15,135.04,145.61,129.88,132.7,111.21,89.74,71.26,87.21,98.48,96.22
196.11,151.42,152.66,131.03,130.48,107.89,87.49,69.61,83.24,99.89,94.8,80.65
173.67,168.73,150.0,147.28,130.77,117.46,101.16,116.64,127.32,116.04,92.61,84.7
193.04,170.86,164.0,138.08,115.73,94.42,108.26,123.06,114.71,98.68,87.76,78.61
206.73,197.91,171.57,134.05,100.72,105.51,113.77,103.41,88.49,87.93,80.21,95.56
142.83,100.01,62.19,67.57,114.82,150.99,148.52,120.44,98.94,66.42,83.88,92.27
172.7,169.35,156.5,129.67,90.45,38.7,6.05,23.65,37.23,83.93,91.95,44.06
38.08,9.46,44.64,115.4,156.78,174.14,190.54,168.89,164.26,139.72,76.79,57.78
136.52,164.06,157.02,101.35,38.91,12.73,-9.61,19.57,41.89,22.04,40.28,63.6
64.77,73.24,78.05,89.18,118.86,120.86,139.86,127.2,69.12,62.15,65.7,68.2
113.61,99.71,65.21,59.82,46.03,68.13,71.32,33.99,37.29,47.35,55.28,95.26
100.84,82.02,86.69,69.74,81.72,85.47,92.03,71.22,86.94,88.38,114.01,140.53
69.68,64.53,43.27,67.1,86.43,105.89,103.98,127.8,114.53,126.24,152.86,184.12
59.22,65.18,78.07,74.53,60.92,35.21,58.95,66.12,101.9,133.38,172.56,176.14
6.96,27.73,52.6,72.81,68.91,99.18,101.84,129.55,151.14,181.06,174.44,168.15
36.64,53.48,61.43,48.28,69.8,67.26,93.55,125.65,163.76,169.36,167.2,152.11
28.08,35.86,30.88,68.98,74.59,101.86,127.84,165.0,167.26,165.96,153.08,168.91
57.15,47.21,78.21,78.87,105.19,132.98,170.51,177.48,173.99,161.78,176.05,144.89
84.11,110.5,107.25,117.37,136.5,167.67,165.16,160.38,149.7,169.0,142.01,144.2
63.95,65.99,76.51,115.04,153.44,153.63,152.9,140.94,156.88,126.57,130.18,116.72
47.23,63.89,104.69,148.35,151.87,154.22,147.69,170.69,141.52,139.22,120.89,106.18
71.21,110.49,146.61,146.46,143.37,133.1,158.31,133.49,134.3,123.88,108.11,94.46
113.29,150.39,151.76,151.3,134.26,151.73,122.16,119.52,112.02,108.22,95.91,105.29
162.53,151.22,151.67,142.59,167.89,141.67,137.96,122.88,111.51,104.72,111.12,122.55
153.93,153.37,140.72,160.88,133.79,129.09,112.81,103.11,98.04,100.56,117.64,101.21
151.68,138.35,155.59,128.31,125.25,110.9,104.0,101.72,102.02,114.93,97.69,77.72
142.48,161.25,137.21,132.02,120.33,117.42,117.78,124.02,136.15,111.37,86.02,83.23
180.59,154.72,150.35,130.96,122.13,119.21,122.62,137.83,114.59,92.19,86.34,77.22
147.21,157.89,145.53,123.59,109.58,103.85,114.01,96.8,82.41,71.56,70.6,88.25
91.35,64.93,44.24,72.64,111.8,151.48,143.93,116.01,83.57,54.97,75.59,91.78
121.91,143.6,155.16,119.39,81.45,23.14,-7.94,3.17,24.67,69.93,88.29,41.14
6.83,4.0,33.6,107.96,145.1,165.45,175.19,160.72,153.65,136.24,73.87,73.16
117.6,144.81,141.65,82.38,20.71,-14.47,-29.76,0.19,33.24,13.22,52.54,63.33
18.26,38.67,46.22,63.98,89.22,100.27,120.33,120.9,63.39,68.25,62.05,77.04
73.48,66.69,38.74,25.0,18.03,39.99,56.16,24.33,42.45,38.84,61.81,101.26
45.65,42.02,45.41,39.29,53.02,69.59,81.29,77.93,81.9,91.36,117.98,142.54
32.52,25.17,14.88,37.99,70.2,95.11,109.67,124.2,119.31,130.35,155.74,155.93
38.13,49.29,60.66,66.78,58.22,48.58,60.59,74.54,107.43,140.82,147.8,150.51
3.42,17.67,49.65,72.36,85.32,105.29,114.59,139.78,160.93,159.22,150.38,141.77
26.58,51.54,61.81,65.13,74.76,77.58,102.29,134.34,141.6,145.87,141.08,138.41
22.4,31.15,40.59,70.79,82.57,108.84,138.12,144.02,144.06,143.11,140.84,133.65
51.94,57.02,79.9,86.17,110.42,140.6,146.97,152.24,149.71,148.52,140.92,121.54
90.42,107.71,108.15,118.78,141.53,142.6,140.34,137.26,136.26,134.21,118.74,115.86
50.71,62.8,76.42,117.18,123.64,122.3,123.01,124.61,122.06,98.91,99.83,98.05
27.18,49.69,92.97,111.54,115.17,119.24,129.24,134.83,112.88,108.36,101.37,85.8
45.47,92.01,105.02,105.26,102.75,107.42,114.77,99.93,101.03,99.51,85.73,80.14
70.45,91.23,96.4,101.46,101.87,102.44,84.32,86.17,88.95,80.54,78.39,87.52
63.2,72.54,86.89,97.79,106.02,89.51,89.57,93.12,83.68,73.95,86.49,97.86
55.76,72.21,80.23,90.6,75.62,75.51,79.92,74.12,65.76,73.36,91.06,88.56
62.97,72.86,79.66,65.48,64.57,68.26,64.36,61.1,68.78,84.03,82.82,87.31
48.44,63.14,54.54,60.89,69.53,69.53,70.26,85.73,101.33,90.59,91.4,96.22
68.33,63.86,73.77,74.43,68.14,64.84,76.43,100.07,93.76,91.55,96.35,88.31
60.84,81.88,87.08,70.81,56.3,57.79,75.33,74.14,78.2,84.07,83.04,93.61
45.99,26.72,7.59,29.93,74.87,121.55,126.54,115.99,96.98,74.43,85.27,105.48
76.48,100.27,105.24,79.79,48.46,0.82,-13.61,11.35,39.56,78.7,100.91,54.31
-32.01,-44.35,-5.38,76.2,124.4,161.15,183.37,175.94,161.67,150.61,88.09,73.3
81.0,112.17,113.42,64.42,19.27,-3.26,-11.93,10.61,48.1,31.64,55.39,59.06
0.35,19.57,33.71,66.41,103.09,120.14,132.16,136.31,80.58,75.15,60.22,65.63
60.96,58.01,43.4,41.37,39.7,52.97,73.04,42.75,49.57,40.7,52.48,75.29
19.26,31.26,45.01,51.86,57.88,77.86,94.32,79.94,79.29,80.37,91.16,92.85
75.93,161.57,217.35,162.81,94.5,29.33,-119.7,-158.05,-70.46,8.08,9.91,1.66
-49.08,-105.12,-92.99,43.31,190.59,183.79,159.17,160.22,112.2,63.72,29.89,16.22
125.29,134.0,107.39,78.02,-76.26,-166.56,-153.43,-125.6,-91.41,-62.42,5.15,19.11
-15.29,18.14,69.93,13.71,-8.43,35.52,58.72,51.09,26.75,20.07,13.33,59.47
83.68,156.61,53.64,-45.21,-58.28,-61.04,-53.19,-50.54,-21.45,-21.76,31.66,52.02
96.71,-12.58,-81.39,-58.38,-55.59,-66.08,-84.91,-82.56,-82.28,5.26,22.04,7.8
-55.68,-143.75,-89.14,-42.1,1.24,23.39,43.59,58.59,121.14,99.64,50.51,-3.86
-67.67,-9.91,28.46,29.56,22.05,22.53,29.77,112.48,121.99,100.6,51.26,21.11
51.08,71.65,56.8,23.7,-1.62,-19.49,33.39,18.21,-1.79,-20.36,-11.92,9.44
-8.52,-17.41,-19.35,8.36,23.0,93.94,78.81,36.16,-3.9,-15.29,3.77,19.89
-18.44,-47.6,-51.95,-33.39,72.64,96.32,84.91,51.57,15.65,7.34,14.99,19.49
29.9,39.95,15.33,54.82,26.74,-1.78,-24.43,-27.42,-13.17,3.85,7.13,-15.48
3.54,8.95,88.76,76.57,49.03,26.3,22.19,43.87,60.78,59.61,11.42,-15.23
0.47,87.07,95.74,72.12,52.1,47.59,63.66,77.6,83.24,37.78,13.32,21.58
129.93,126.53,86.27,40.03,4.75,-12.19,-23.96,-34.92,-70.16,-58.07,-15.67,2.52
63.39,17.73,-25.06,-23.67,-0.46,8.28,0.57,-46.82,-56.09,-31.89,-2.85,11.91
-22.92,-115.76,-123.87,-35.04,51.09,105.07,84.58,78.6,67.32,56.37,38.77,14.73
86.01,226.09,325.99,191.59,-20.61,-224.96,-277.55,-174.76,-35.03,77.68,58.48,51.47
-187.2,-311.9,-327.01,-89.91,177.83,434.14,557.97,467.18,283.49,74.47,64.01,390.75
393.43,500.96,356.53,-29.32,-344.86,-533.96,-609.16,-547.34,-429.15,-249.6,182.61,125.75
-323.52,-405.71,-312.01,-20.2,276.1,454.01,518.29,443.94,339.92,505.77,227.2,170.15
218.03,204.13,117.15,-29.19,-199.63,-293.77,-314.76,-196.78,199.2,99.4,159.71,133.7
-129.89,-99.08,31.29,120.0,133.06,91.17,114.78,387.01,221.6,254.57,200.2,125.01
5.27,8.3,12.39,11.16,14.37,27.91,23.05,14.76,9.53,12.6,16.64,16.75
-4.97,-12.91,-21.94,-5.73,24.32,34.03,48.74,50.16,37.98,30.02,30.28,33.58
18.96,29.31,32.95,29.06,2.48,-7.23,-8.01,-4.04,9.86,18.71,27.63,35.41
-15.51,-8.8,15.33,19.9,34.52,44.0,45.91,48.71,44.3,41.99,36.39,35.18
10.9,25.74,16.79,17.27,15.54,11.9,15.51,19.02,25.79,33.2,35.65,33.19
4.74,-6.85,-0.14,15.78,21.31,27.85,29.46,31.94,34.09,39.2,36.35,39.43
20.84,23.95,34.54,28.85,34.14,39.09,42.32,49.48,52.76,44.24,46.84,44.0
33.91,48.18,39.3,34.81,31.06,27.46,29.52,32.59,28.37,34.08,37.16,43.68
27.52,19.49,16.68,22.91,24.85,29.82,34.05,27.66,28.59,27.2,33.52,30.99
12.62,10.89,18.14,24.57,33.35,41.18,39.6,45.19,43.06,46.77,37.37,30.81
47.89,45.8,43.8,40.11,41.87,37.41,41.33,41.33,45.56,44.6,35.73,32.67
88.14,76.94,73.24,66.74,54.39,51.63,43.53,43.13,41.73,46.04,39.9,35.54
93.71,76.5,72.86,67.99,73.61,68.93,65.47,55.42,51.84,50.86,42.69,37.93
119.06,97.47,79.18,76.72,70.07,66.43,55.31,46.92,41.76,43.84,39.25,34.56
125.3,96.34,85.67,75.17,70.29,59.53,52.06,44.9,42.23,43.9,34.81,29.02
104.24,90.58,80.02,77.2,70.23,67.69,64.56,63.82,62.35,51.51,37.96,33.56
125.62,107.25,100.27,83.95,73.72,67.02,64.83,63.18,52.74,48.66,39.09,31.79
139.64,132.02,113.86,88.24,68.28,56.36,48.83,36.14,34.61,36.19,31.61,35.02
104.48,59.05,29.16,45.5,77.29,100.05,95.45,74.85,50.38,26.59,28.36,39.75
122.81,132.14,128.95,86.99,31.02,-25.27,-48.43,-33.0,-6.99,25.46,37.33,-21.48
15.44,-9.2,11.37,65.27,103.79,132.22,145.55,131.09,108.76,91.05,14.14,20.01
110.73,125.4,100.23,42.5,-9.76,-39.61,-53.69,-42.19,-10.98,-43.96,0.51,19.52
10.37,6.4,13.14,36.72,65.35,77.37,79.33,75.52,5.01,17.4,18.59,43.61
53.68,43.35,21.7,8.69,2.77,7.64,19.01,-28.71,-4.41,-0.19,30.42,63.61
31.98,29.03,29.29,25.71,22.67,35.22,31.83,29.48,39.24,62.63,81.91,94.5
15.47,4.79,-7.02,2.38,29.44,38.64,57.25,74.8,84.44,93.08,106.34,120.83
29.97,38.59,37.61,34.23,8.75,2.94,16.26,42.1,72.41,93.92,113.95,113.18
0.69,-0.35,22.62,27.33,45.3,68.08,89.29,108.72,116.76,128.53,114.57,103.9
12.03,27.49,19.81,26.27,38.54,53.6,72.16,88.77,110.23,109.16,102.75,103.39
11.1,-0.13,13.11,41.34,65.43,86.67,98.81,116.28,109.83,106.03,106.27,104.74
103.43,86.8,100.0,100.71,118.88,135.54,149.14,139.09,124.3,134.9,124.27,108.47
86.07,104.46,100.26,114.19,121.83,127.12,112.96,96.38,112.74,109.39,99.76,88.24
49.71,55.0,72.04,98.9,112.61,102.58,91.25,106.05,99.83,81.77,72.86,66.52
39.34,61.05,87.29,106.44,98.13,89.05,111.73,111.47,94.98,84.88,72.47,43.05
70.53,95.24,108.9,96.25,82.63,102.26,103.16,88.51,80.9,75.28,45.35,38.91
144.73,148.06,134.69,108.82,119.54,114.07,91.56,78.64,72.71,55.35,46.26,57.92
171.64,143.58,122.36,137.96,141.51,123.11,106.12,89.8,63.61,58.05,65.75,60.94
146.32,120.99,128.67,129.04,111.43,95.83,82.04,55.76,50.41,55.8,55.81,46.13
125.33,133.72,130.91,109.3,92.51,79.41,56.64,53.0,57.63,53.76,42.86,44.36
153.19,145.92,125.55,106.17,95.84,77.96,76.93,83.41,75.84,62.51,55.25,49.48
157.5,137.51,120.01,103.58,80.2,76.12,80.57,75.3,64.96,59.17,51.48,49.0
142.89,134.96,121.03,84.01,67.88,62.98,52.44,44.23,44.57,38.54,43.19,60.87
111.42,72.16,34.16,49.14,87.98,108.26,105.94,89.38,57.47,36.97,53.57,94.22
144.14,142.78,138.53,101.66,44.04,-8.82,-28.74,-21.01,7.04,53.49,93.56,18.29
20.22,-1.39,26.6,77.34,118.31,149.03,154.09,144.02,138.15,144.92,52.91,45.25
115.89,139.42,113.98,58.86,9.89,-28.29,-40.52,-11.57,44.17,-6.08,25.53,24.78
41.23,29.75,36.32,60.97,82.26,97.34,115.17,134.43,43.42,46.11,26.59,50.07
55.77,52.2,31.77,15.23,11.6,31.1,68.46,3.19,21.1,2.54,33.14,89.22
41.71,42.4,42.48,39.3,49.77,87.22,64.56,55.77,43.62,65.69,107.44,120.28
23.55,11.03,0.07,26.37,82.12,74.98,89.0,84.19,90.7,119.78,133.03,128.77
35.32,45.31,57.93,82.13,38.22,26.55,18.23,41.82,94.1,117.11,120.74,113.06
-3.34,15.31,68.84,55.97,67.79,68.4,87.71,131.3,141.96,133.32,112.77,103.44
25.09,70.23,45.25,47.67,39.23,53.44,97.32,116.11,116.26,108.66,103.16,108.37
38.03,12.17,17.92,31.89,52.48,95.67,113.0,108.59,98.47,103.07,109.08,108.9
17.15,27.56,44.17,56.32,102.5,125.29,120.52,118.26,122.37,111.46,113.06,108.85
35.36,56.87,65.73,99.73,114.12,103.35,95.28,101.2,95.32,96.27,100.34,97.57
28.44,40.29,75.13,102.66,97.19,91.55,100.58,92.47,89.15,89.86,86.85,74.47
36.09,71.29,98.7,97.84,95.09,107.2,104.39,104.79,104.73,101.51,81.65,62.78
79.91,104.28,95.45,89.83,96.64,89.8,91.87,93.36,92.92,83.24,64.04,67.98
310.83,240.77,217.05,181.41,161.72,160.48,143.95,124.13,95.87,115.02,100.24,80.24
224.38,201.6,176.49,167.97,175.16,159.98,137.36,104.75,122.08,102.62,81.48,83.64
167.44,146.89,134.69,149.1,139.86,121.19,93.75,112.38,93.89,63.66,73.43,65.25
165.47,150.18,155.48,137.98,112.46,81.76,104.3,89.8,60.16,75.08,64.99,41.43
154.09,156.36,143.42,123.43,101.56,132.37,121.37,92.71,101.25,84.96,52.64,46.92
166.68,158.46,137.31,103.68,122.56,104.47,74.05,88.63,79.83,49.91,45.27,65.99
144.81,135.3,108.91,124.37,99.74,62.15,73.48,65.02,38.91,34.25,60.76,47.17
108.49,56.81,66.08,72.16,75.41,115.74,115.39,74.36,46.29,51.46,39.51,38.98
109.88,162.26,152.56,84.87,49.42,-0.32,-41.22,-28.9,25.33,37.7,36.63,7.43
45.91,19.98,18.13,85.31,126.0,133.69,140.1,158.24,119.98,84.81,40.14,53.51
116.19,112.51,106.37,60.5,-7.18,-42.08,-23.36,-27.48,-14.51,-19.38,32.82,46.21
17.57,26.2,39.66,40.47,62.87,108.47,92.84,72.17,28.52,49.32,46.07,92.31
64.53,65.16,21.12,3.88,29.97,15.28,9.29,-10.27,23.37,23.19,74.99,193.28
46.6,24.2,24.26,53.33,32.19,28.09,51.11,60.92,67.0,106.82,211.27,168.95
7.72,-3.22,16.94,10.33,19.63,53.14,83.53,98.84,126.42,223.53,182.48,155.06
28.14,65.6,48.09,27.0,26.72,32.28,39.26,83.63,201.0,170.38,148.98,133.08
24.82,8.13,14.61,44.44,74.37,90.34,126.92,235.17,190.49,159.43,132.51,135.33
13.39,13.34,30.22,50.37,56.55,87.55,198.29,165.5,145.07,129.47,134.84,123.09
-2.72,13.66,42.9,64.35,100.28,209.22,169.59,144.0,125.97,138.42,126.46,110.09
15.16,38.03,52.78,92.98,211.03,181.83,162.89,146.85,152.22,133.17,115.75,118.47
43.98,65.45,94.33,199.61,154.28,123.65,104.34,111.91,102.44,93.89,107.81,91.57
26.31,62.56,172.2,145.19,121.69,105.75,118.87,106.78,92.68,101.33,81.75,53.11
54.6,162.99,134.11,117.57,105.18,122.03,117.21,105.42,113.24,95.44,60.31,74.36
157.46,124.93,92.96,87.42,96.06,83.43,77.44,83.36,69.58,58.52,73.0,81.15
148.16,122.74,132.91,122.38,105.87,97.32,91.85,83.73,76.31,74.4,84.62,71.16
136.01,140.39,140.91,123.2,123.67,122.99,109.1,98.86,91.45,91.58,77.09,82.0
143.74,138.64,113.03,112.68,112.59,98.99,90.11,82.39,81.92,68.74,77.73,77.97
159.86,128.38,122.87,115.83,100.34,91.35,83.42,84.74,68.89,78.2,76.71,68.72
133.85,127.93,124.54,109.08,105.01,102.73,106.96,96.09,102.5,93.3,77.96,69.25
126.49,127.91,114.22,105.81,97.44,97.72,85.85,97.47,92.94,77.39,68.65,68.68
124.8,121.84,115.56,97.74,86.01,64.08,72.29,70.98,61.74,56.73,63.35,66.25
73.38,49.1,32.77,57.89,80.04,117.92,124.14,101.35,73.61,52.49,57.01,57.94
119.6,139.86,145.44,92.49,52.17,7.21,-19.37,-6.44,20.74,55.82,56.86,7.13
0.75,-7.63,5.01,77.9,128.04,152.07,163.02,153.67,136.88,103.36,38.65,55.1
113.96,119.56,113.23,67.0,10.85,-21.1,-30.72,-12.44,1.96,-19.21,35.83,53.64
-1.29,16.01,35.06,54.97,81.22,97.2,106.28,88.73,31.15,51.89,52.39,77.93
62.58,63.5,37.29,23.75,21.94,33.57,30.92,-3.52,28.39,33.77,64.86,103.23
55.42,47.41,46.93,45.83,48.31,45.62,54.2,61.98,73.26,97.53,121.98,131.96
18.81,11.3,4.93,23.85,37.56,58.76,86.86,108.73,119.93,130.41,142.58,141.82
32.1,47.04,54.22,37.94,23.73,26.53,44.33,74.69,107.49,128.16,134.01,143.96
-2.94,7.69,19.6,38.67,65.79,92.39,118.2,142.68,150.65,146.56,144.16,136.26
24.2,26.82,32.68,47.4,63.02,82.24,105.23,123.56,128.67,140.13,136.35,119.9
5.8,9.09,31.3,64.36,92.91,118.14,132.24,135.54,141.95,139.94,123.28,113.82
48.65,59.77,83.07,102.57,126.68,143.64,146.68,156.1,149.35,135.17,123.53,109.09
57.21,84.87,97.78,118.43,126.72,122.04,128.93,122.61,113.13,108.74,100.71,106.01
42.56,62.19,84.3,108.81,109.39,118.0,115.77,105.91,98.83,86.56,93.12,84.68
57.03,78.51,102.06,108.61,120.28,121.04,117.31,114.74,101.05,108.66,92.39,81.29
86.68,107.94,107.35,114.73,110.54,103.19,101.53,92.05,102.55,93.29,82.7,76.41
101.17,107.37,119.41,115.37,101.19,91.89,77.5,89.62,85.41,78.93,75.6,82.21
118.14,120.96,123.25,114.16,113.48,102.8,111.4,102.59,89.18,84.53,88.66,93.35
131.56,126.68,109.17,105.76,93.99,101.44,92.48,79.12,74.06,81.7,90.27,85.06
132.21,111.86,104.6,91.15,98.83,90.55,78.38,76.08,81.4,88.13,81.81,82.99
124.84,115.86,105.28,109.78,104.45,96.5,94.94,106.09,110.37,97.67,92.29,80.8
114.9,107.25,113.41,105.93,93.67,89.18,99.48,109.18,99.45,94.17,81.31,77.68
102.75,120.82,114.82,92.33,74.34,73.35,79.01,73.95,76.34,67.48,71.35,87.6
67.45,42.98,20.86,44.14,87.33,121.88,124.79,112.65,80.41,60.54,77.58,93.09
107.32,122.96,127.45,96.72,53.94,5.95,-10.43,-0.3,28.63,74.43,91.18,30.61
-6.08,-19.11,13.11,82.29,128.25,161.74,169.31,161.34,154.36,140.28,63.9,69.63
104.76,129.94,120.74,69.45,22.72,-12.9,-22.44,6.68,40.33,6.75,50.73,67.44
10.42,22.19,34.36,66.22,88.93,104.44,124.14,124.74,53.77,67.82,66.85,83.03
61.44,56.94,42.06,27.21,24.8,46.43,63.38,16.86,43.09,47.65,69.68,95.8
51.43,55.0,54.45,51.12,63.5,80.3,75.73,78.31,88.69,102.64,114.89,131.88
33.02,21.95,11.74,40.33,74.12,83.02,106.28,126.47,125.58,125.48,143.61,148.78
36.03,48.78,64.96,70.44,43.65,41.26,58.95,78.07,101.21,127.7,140.19,144.79
-0.98,18.93,51.72,58.51,79.48,105.27,120.6,135.61,149.54,153.52,145.3,135.92
29.31,53.43,47.12,58.54,74.4,83.6,98.08,122.28,135.0,140.67,135.66,126.45
31.22,21.49,37.69,72.22,89.61,105.38,126.4,137.56,138.48,138.47,129.48,121.93
21.03,41.38,73.54,87.45,102.83,125.44,137.46,147.19,147.9,131.37,125.76,110.19
44.28,79.11,88.02,97.68,113.16,118.98,124.6,126.54,113.19,111.93,102.89,111.56
42.24,55.84,65.16,95.49,105.22,111.48,116.84,103.86,99.99,89.04,99.06,102.31
26.35,43.48,77.55,97.44,108.41,116.79,109.88,113.76,103.75,107.99,105.99,92.81
37.04,74.49,89.69,97.43,101.0,90.19,95.39,93.11,102.36,102.61,91.82,87.98
54.11,77.89,89.87,99.56,82.84,79.94,73.93,85.13,90.77,86.03,86.0,89.39
