143.36,250.58,467.84,601.14,697.45,769.15,654.74,605.87,572.72,499.23,507.76,524.46
213.24,443.93,587.69,696.21,772.41,660.05,607.15,571.7,488.74,491.57,509.41,536.14
496.5,619.77,716.38,776.45,652.87,592.88,561.31,484.17,499.55,526.3,553.63,575.38
607.61,707.13,771.0,651.86,596.19,565.97,487.46,500.45,524.04,549.47,571.17,643.62
782.81,816.11,681.94,604.77,554.84,463.35,480.36,512.08,554.58,589.34,666.02,688.8
785.91,663.12,592.78,551.69,467.45,488.86,518.42,557.82,585.88,657.29,679.09,695.79
658.21,589.77,548.94,466.16,489.16,520.34,560.25,587.45,657.92,679.0,694.48,726.85
535.22,513.35,451.17,492.15,522.79,558.38,576.88,645.44,651.22,661.39,703.46,705.11
488.81,440.08,479.48,514.14,563.6,594.18,664.78,666.97,674.03,709.43,702.27,579.86
414.96,462.57,507.22,565.7,595.41,664.0,661.68,667.53,695.9,686.49,568.7,440.17
487.49,524.3,573.83,594.93,662.02,660.35,669.53,699.52,697.08,582.3,451.25,274.08
564.19,595.42,610.86,667.53,655.49,656.23,687.31,688.47,582.2,458.95,284.76,192.47
666.93,654.78,691.02,656.01,652.87,681.84,691.42,587.8,482.01,318.0,220.5,168.26
753.22,750.08,692.01,660.6,673.17,671.95,575.76,476.92,335.71,253.41,200.6,186.7
716.51,670.42,647.97,671.55,675.69,582.01,479.38,335.57,245.43,188.07,174.68,261.16
614.67,613.55,651.13,672.28,588.3,491.16,342.28,247.6,176.0,154.16,242.55,436.99
664.23,683.0,691.16,591.45,484.01,330.04,239.62,172.92,163.74,259.47,453.42,617.78
654.62,673.18,581.28,482.67,333.53,245.21,176.36,164.88,253.41,442.61,607.78,679.01
569.4,519.67,444.56,326.08,257.51,201.14,182.38,262.32,426.88,575.45,645.34,716.54
462.63,405.65,307.85,258.77,203.68,182.76,254.32,416.44,548.26,611.48,690.69,625.13
307.72,253.75,214.98,182.18,196.01,295.34,458.37,578.79,624.04,683.69,604.05,588.29
154.73,155.47,145.14,187.26,306.22,482.06,595.88,632.72,669.37,573.7,557.16,517.78
199.15,172.45,203.64,308.6,475.65,584.87,625.89,666.94,582.02,572.44,532.22,507.31
138.04,181.94,294.85,472.13,589.56,635.5,674.16,585.71,568.04,522.69,496.86,524.81
126.01,262.27,450.33,583.0,642.48,690.69,599.13,575.38,518.05,482.4,508.4,556.41
207.87,416.04,564.88,640.96,693.73,603.83,573.98,513.84,464.8,483.97,535.62,592.34
297.83,493.08,599.72,687.47,615.25,595.1,523.98,466.49,457.4,492.47,552.72,606.27
385.32,533.51,650.61,611.15,604.5,540.02,471.49,454.85,463.5,508.97,567.98,616.47
424.9,586.28,571.97,596.27,550.97,494.76,469.7,469.67,489.93,532.47,582.03,612.08
537.72,545.16,578.09,544.49,500.6,484.49,482.86,498.42,530.86,572.22,599.47,593.94
705.53,680.04,597.46,502.99,473.59,468.87,504.19,545.31,626.98,674.54,654.91,605.69
695.58,605.5,509.23,477.2,470.3,501.8,542.38,624.52,674.87,658.04,610.13,528.69
588.04,497.52,470.36,469.63,505.45,547.5,626.92,675.03,653.51,603.25,522.08,364.82
583.48,523.02,501.21,511.53,537.71,608.69,663.84,649.15,618.85,550.73,393.25,247.58
606.22,551.25,542.17,544.23,599.96,645.7,637.36,613.73,565.19,420.81,275.59,145.82
539.43,533.4,541.23,602.62,646.42,635.81,608.93,559.98,411.96,265.92,139.13,67.95
595.56,579.03,624.55,648.75,630.64,598.66,555.63,411.05,280.05,163.44,90.85,38.81
672.38,684.91,677.77,629.23,594.15,552.8,420.72,293.52,202.0,140.48,77.4,65.22
550.65,595.38,579.12,585.05,568.99,451.47,312.66,209.4,116.49,32.87,20.75,108.12
678.26,630.08,614.86,573.54,442.22,295.98,200.48,114.67,50.03,49.95,136.34,284.09
489.19,527.18,520.98,432.59,311.04,229.75,131.66,55.53,21.9,86.35,235.77,410.76
519.16,518.93,427.17,304.51,231.09,140.73,68.54,33.44,97.06,242.62,412.05,501.7
498.21,415.26,296.34,228.74,142.67,74.15,39.28,101.83,242.28,407.34,494.78,659.86
343.54,250.66,200.75,136.46,82.74,56.94,114.29,248.36,394.92,470.13,634.19,642.45
208.71,176.18,119.2,75.4,58.36,123.09,255.96,399.93,467.45,624.41,630.57,660.52
265.1,172.63,110.57,66.9,109.03,227.45,377.13,454.64,633.02,654.6,688.27,653.35
158.19,100.23,61.86,109.13,229.16,378.52,453.7,630.77,648.93,681.3,647.34,640.54
88.99,55.15,104.69,228.14,379.27,456.12,632.26,649.93,679.41,643.71,636.66,589.64
22.75,83.13,217.61,379.25,458.56,634.44,647.58,674.53,630.35,619.03,576.19,558.96
86.95,221.02,380.0,456.77,632.93,647.46,676.05,632.94,623.26,580.48,561.16,537.15
206.17,370.88,453.1,634.53,649.59,677.38,631.7,621.5,573.95,552.79,530.8,529.12
295.9,405.84,609.12,648.11,684.55,641.83,623.08,570.58,530.21,498.09,501.17,503.93
424.01,618.95,658.03,690.36,638.44,611.71,558.05,520.33,490.66,498.32,506.99,526.13
923.08,843.74,805.23,662.87,576.2,485.47,471.23,468.57,548.22,604.92,625.5,570.6
828.37,792.68,655.03,576.17,492.82,480.92,476.28,551.25,603.61,621.88,565.29,557.44
832.78,681.4,589.35,493.31,479.17,474.32,553.94,608.29,636.41,584.69,573.51,497.21
641.64,561.86,480.08,480.12,477.93,556.33,603.98,629.35,566.67,551.06,479.97,364.32
637.98,529.22,506.33,478.84,547.78,593.24,627.79,570.51,574.64,514.12,393.59,266.3
413.74,436.65,434.32,538.12,607.71,658.42,592.73,586.16,498.83,358.88,229.84,147.01
600.81,537.8,595.94,614.01,641.32,565.45,575.87,501.23,402.33,296.35,205.58,105.2
408.67,511.48,568.19,636.71,580.48,596.75,507.61,397.24,258.69,151.58,59.01,50.92
507.77,573.27,629.73,568.71,601.35,528.46,425.23,283.0,179.44,82.09,60.31,50.68
522.9,594.61,553.3,603.93,531.26,424.14,273.65,167.76,56.55,29.95,28.18,175.27
538.8,522.45,579.4,520.38,433.12,298.22,192.53,75.07,36.46,23.04,162.63,329.72
503.72,565.95,514.28,433.83,298.63,191.69,70.89,31.63,12.72,149.61,319.77,511.07
698.56,598.02,479.73,301.71,176.71,48.63,24.82,16.96,187.44,375.39,559.44,666.33
617.98,490.64,307.1,177.12,51.2,28.2,23.64,193.35,384.95,570.48,673.29,824.84
651.09,404.62,233.08,60.24,11.74,-5.84,178.11,383.05,605.94,730.42,876.63,754.08
325.97,177.65,36.22,15.32,-4.23,171.96,362.92,583.29,687.27,826.98,718.99,713.46
99.57,-10.94,-10.66,-7.81,175.24,370.13,582.88,683.3,804.56,686.38,686.35,615.06
24.52,11.14,6.2,178.35,365.18,573.17,676.57,801.27,690.83,696.17,625.26,569.4
43.82,27.19,189.6,366.11,569.99,671.95,800.46,693.18,706.87,640.41,581.83,504.87
15.01,180.25,362.64,571.91,674.15,800.66,690.47,702.42,632.06,571.89,498.37,469.04
217.46,387.26,583.74,673.17,796.96,687.02,704.2,636.87,586.72,517.62,483.59,438.01
404.17,592.53,678.5,797.53,688.52,704.77,639.01,588.72,522.83,491.38,444.67,465.77
637.3,704.53,816.16,696.13,698.56,622.99,573.72,513.04,490.78,451.88,476.91,522.39
682.26,794.4,697.34,712.58,618.07,548.62,475.82,456.54,406.98,435.87,502.18,573.53
924.95,782.97,755.92,617.51,536.04,462.21,460.04,419.49,483.32,565.84,625.08,643.88
651.34,672.66,569.45,529.83,478.0,486.64,433.4,485.08,535.39,575.92,598.09,668.93
640.12,554.91,515.58,469.36,491.77,450.58,503.87,550.22,585.61,600.54,664.52,638.49
560.63,518.01,471.0,492.45,450.78,503.1,549.11,584.7,600.92,665.64,639.41,515.32
400.99,403.03,446.83,437.87,518.24,584.43,613.26,617.93,656.98,610.81,481.31,308.5
429.73,460.58,451.11,525.01,577.05,594.88,598.42,642.18,600.74,478.22,313.36,182.17
433.11,438.48,509.15,565.88,602.73,622.93,670.63,623.59,497.27,323.84,180.51,105.67
438.7,505.84,566.62,603.7,625.02,669.57,621.59,493.49,318.33,177.05,105.05,71.84
520.94,578.14,608.09,623.68,668.37,622.34,497.03,322.92,186.62,115.92,79.28,92.84
540.35,583.57,610.35,666.87,626.73,503.43,325.09,185.41,105.57,64.38,79.46,230.89
600.62,621.64,672.54,626.95,501.88,323.45,186.01,107.72,70.27,87.23,237.7,447.17
720.56,730.92,665.28,512.44,311.1,158.3,85.44,57.28,96.68,263.28,476.01,628.87
716.25,656.17,506.39,309.54,160.21,89.39,60.44,98.71,262.33,472.21,624.51,687.33
756.87,567.75,346.96,168.0,78.86,38.66,85.71,257.63,490.52,658.36,720.2,773.28
514.93,315.22,142.57,69.19,49.92,112.75,283.65,509.11,664.31,713.38,757.86,630.58
434.8,216.94,109.18,51.19,98.98,263.86,502.96,667.46,747.64,808.73,674.76,590.72
219.52,107.81,54.88,105.03,261.32,492.59,653.71,736.24,796.03,663.86,586.64,503.54
88.81,41.85,99.79,262.18,492.74,651.64,731.12,790.54,652.97,574.46,494.76,410.97
24.45,88.8,255.58,491.49,652.79,733.79,791.83,653.42,570.43,488.17,404.79,404.69
125.36,278.2,505.42,655.35,729.4,783.21,648.0,567.73,494.55,416.5,416.99,436.63
264.89,496.04,650.73,729.41,784.01,648.38,566.32,492.54,411.03,409.93,430.37,478.1
493.25,649.16,728.67,783.85,648.12,565.94,491.79,410.93,409.24,429.71,477.63,523.06
712.95,767.72,805.15,650.15,561.24,483.96,409.54,411.44,447.64,504.04,545.78,624.29
701.06,759.85,630.57,564.73,486.01,406.01,396.67,430.62,468.95,504.85,595.52,669.0
735.07,620.14,551.01,475.25,411.67,417.24,454.95,488.56,521.55,604.55,667.78,688.79
509.89,482.6,435.21,405.5,427.72,474.79,498.6,523.03,579.67,627.01,650.54,700.2
667.35,550.6,473.16,437.82,455.17,462.67,504.57,576.15,668.07,718.85,764.37,724.64
460.89,418.3,402.78,448.22,475.86,529.94,593.83,677.33,707.47,737.51,694.9,559.79
400.92,390.52,444.77,478.28,529.13,589.16,668.62,698.61,723.33,680.59,551.12,378.95
362.41,426.79,468.87,528.72,590.74,670.71,697.28,720.63,670.6,537.5,368.59,228.57
470.7,495.5,545.33,593.46,665.97,687.88,715.16,668.59,545.95,384.28,243.61,131.35
408.7,489.26,562.94,662.69,698.47,730.4,674.57,543.9,359.8,207.95,100.46,92.83
622.41,647.93,709.36,702.67,717.73,655.09,538.99,364.47,245.92,156.88,141.96,142.23
604.78,680.24,687.86,718.0,660.82,545.2,364.59,242.15,141.95,121.92,125.28,270.41
556.06,610.9,675.35,655.94,555.78,382.36,247.18,138.91,88.02,74.88,227.07,415.99
648.97,701.48,667.26,553.56,380.22,248.44,146.22,96.57,94.16,249.52,432.01,605.22
773.53,711.35,580.02,385.02,240.16,130.12,87.02,91.12,263.99,457.25,629.83,668.02
809.32,642.31,416.93,242.15,126.04,82.0,98.25,275.61,492.68,676.66,704.79,741.65
686.33,440.62,257.46,131.49,76.87,86.05,264.83,486.5,678.81,713.11,751.54,627.75
341.47,195.97,92.17,65.14,96.74,289.41,505.02,687.76,699.96,723.05,597.6,564.36
146.44,64.39,45.85,90.19,293.63,518.29,699.38,708.08,720.39,585.74,550.4,444.41
43.84,32.99,83.69,293.21,519.08,700.31,706.77,718.26,578.68,540.86,436.29,389.94
31.48,83.27,292.83,519.13,699.48,705.89,717.42,578.54,540.42,435.9,389.64,410.14
73.88,287.11,515.32,698.39,707.91,721.29,582.1,541.97,435.17,386.51,407.0,443.48
316.59,533.58,708.61,708.32,717.36,576.02,539.19,435.28,394.49,419.43,453.76,489.05
517.46,696.05,704.68,719.94,576.28,535.12,427.16,386.4,406.56,440.99,481.51,544.64
740.86,735.16,731.69,572.61,534.21,431.94,398.98,419.98,467.2,511.1,564.77,609.18
703.91,709.13,562.36,535.5,433.84,398.68,414.11,459.59,494.6,545.22,595.38,642.58
747.95,590.05,546.8,430.35,395.39,415.12,467.81,505.0,567.26,620.43,660.15,688.78
480.14,473.37,396.55,399.11,421.18,468.88,490.07,546.74,570.06,598.52,642.31,711.5
432.36,377.17,381.11,410.55,475.59,511.47,570.3,588.68,609.97,644.34,704.99,670.03
441.05,421.22,432.59,478.35,506.62,561.82,586.15,612.16,662.61,731.42,692.26,534.14
365.82,397.98,459.72,505.73,567.2,593.97,613.16,659.6,714.99,668.8,514.17,339.21
396.48,456.71,507.27,570.35,592.28,606.4,650.44,706.76,658.66,505.75,336.24,197.06
416.67,482.98,554.87,588.12,611.89,662.35,716.46,664.33,501.82,325.52,184.65,98.48
475.65,545.19,590.36,617.97,660.76,703.94,646.69,484.57,303.45,166.56,90.99,74.62
528.03,583.9,608.61,653.8,708.12,661.34,501.7,317.38,178.71,98.16,74.54,109.6
731.71,703.12,702.05,709.11,651.36,490.22,323.98,193.41,151.04,145.79,166.6,287.82
544.02,599.6,655.42,650.14,505.19,342.78,192.32,139.41,92.97,93.46,227.69,447.66
582.81,645.88,645.76,504.92,342.13,191.54,136.33,89.4,85.89,218.43,440.84,589.05
679.54,666.5,518.27,345.25,186.1,125.64,81.56,82.01,222.73,450.36,599.91,660.19
723.76,556.09,363.45,185.6,124.21,81.93,91.23,234.03,476.24,632.15,684.06,702.01
507.36,334.13,162.23,116.44,92.41,115.68,256.87,492.45,636.15,676.0,686.58,549.21
418.93,215.37,143.47,90.65,105.66,244.83,491.53,641.48,704.19,726.3,582.45,507.24
229.09,150.41,95.18,106.8,244.55,489.65,640.85,704.06,728.7,586.45,511.64,440.82
98.78,62.81,89.54,243.38,493.06,645.81,703.3,725.31,570.26,488.8,421.23,341.74
40.8,75.28,235.65,492.43,647.16,705.42,724.93,568.66,481.42,411.2,333.37,358.37
70.36,233.08,491.24,647.06,704.41,723.56,566.89,479.48,408.53,329.87,356.58,414.19
239.59,495.38,649.4,704.26,722.6,565.68,479.31,408.91,331.9,359.39,415.85,484.36
618.8,725.09,749.6,730.71,551.34,452.01,392.04,326.39,383.98,459.63,526.45,571.63
712.18,740.62,723.29,548.85,457.49,402.19,335.86,389.85,462.87,526.5,568.55,623.44
761.53,735.24,556.38,459.06,398.74,329.08,383.9,459.08,527.65,573.5,629.98,615.59
585.06,465.86,401.7,384.52,346.02,421.1,485.82,541.14,552.75,584.72,568.0,597.05
770.75,590.78,493.16,361.2,389.23,430.09,515.53,550.69,656.32,683.5,702.43,711.96
423.92,384.79,306.1,390.16,445.82,532.55,545.96,641.05,624.42,621.74,646.29,640.79
520.58,393.04,437.0,448.45,519.08,526.64,636.78,630.55,662.33,705.1,690.42,500.22
406.52,442.13,454.8,524.34,523.87,627.09,618.71,652.64,697.67,686.35,500.99,379.96
471.5,472.74,535.81,525.83,623.94,611.8,648.08,695.38,691.23,511.38,391.0,231.39
361.49,463.33,487.86,622.9,622.04,661.38,695.07,683.3,474.13,338.77,187.53,119.42
512.52,517.49,642.56,625.3,654.23,680.23,672.46,467.85,343.86,202.27,136.26,101.08
429.27,584.07,598.22,656.38,686.59,675.75,458.45,328.99,163.68,88.7,65.42,163.48
572.7,600.29,644.15,670.67,681.86,487.12,366.83,196.92,124.75,93.45,172.37,285.72
560.8,617.49,656.66,681.59,493.42,374.79,199.88,123.83,81.38,154.8,270.91,510.58
601.68,647.48,676.83,493.1,374.19,199.18,120.81,78.45,148.89,263.32,504.65,639.95
697.33,705.83,513.06,380.21,193.35,106.12,66.48,141.3,266.27,515.79,654.03,715.93
848.31,603.73,428.72,197.23,94.12,48.85,140.33,275.41,560.74,717.71,769.02,795.86
554.58,392.59,179.9,96.98,56.26,146.58,273.14,553.89,694.61,738.82,771.58,680.65
486.96,240.6,128.02,55.26,134.0,257.91,550.63,699.59,769.25,814.61,716.94,582.85
82.23,28.91,-2.86,124.31,275.7,582.94,717.65,773.88,781.0,659.61,529.22,465.95
64.45,22.27,137.5,275.72,577.37,711.08,772.42,783.35,671.55,546.09,480.01,403.64
58.95,158.38,289.19,581.47,708.38,764.69,777.94,668.76,550.73,490.15,414.31,395.07
140.05,278.46,575.24,707.66,766.36,780.75,669.67,550.17,485.98,407.36,389.05,393.05
272.3,567.85,708.53,771.31,778.6,659.68,536.03,473.0,390.83,374.34,385.66,434.53
577.52,717.53,773.16,774.92,659.17,540.08,480.64,399.06,386.91,398.66,442.36,490.98
676.31,745.67,758.03,655.26,547.3,493.44,408.68,390.98,392.47,429.71,477.67,564.16
650.2,704.22,616.3,534.42,505.73,440.87,419.16,411.35,428.37,458.27,537.79,592.52
830.33,689.12,586.65,521.95,420.25,372.01,369.54,400.7,458.51,562.02,627.57,673.12
671.0,582.33,504.39,403.31,382.95,406.01,446.19,496.09,600.34,655.6,679.87,726.68
603.96,514.59,416.21,392.08,401.2,428.47,475.31,583.68,641.58,672.2,728.05,698.38
378.95,332.65,342.88,393.16,442.12,500.88,596.24,644.1,642.6,678.34,651.27,512.47
458.2,421.45,438.14,447.37,487.0,573.34,633.81,642.03,708.6,699.88,557.03,377.02
461.77,463.44,460.14,488.14,571.53,631.43,643.98,712.8,714.35,575.9,392.46,231.99
613.62,548.52,545.06,585.78,614.16,605.38,684.01,698.85,594.34,435.57,277.96,150.41
500.41,512.28,567.2,611.38,613.83,696.13,705.93,595.43,423.64,259.44,133.52,94.78
719.89,694.41,687.73,627.02,673.23,661.57,568.88,414.07,299.56,205.87,165.1,139.37
690.51,682.92,625.63,675.49,662.87,567.9,410.7,295.82,200.79,159.97,135.62,273.22
677.15,621.8,673.59,663.31,568.46,411.15,295.25,200.33,157.2,132.05,270.95,447.21
528.03,613.13,632.19,568.17,417.94,303.22,195.98,147.26,97.93,224.51,409.43,603.76
575.58,608.66,558.34,418.56,301.4,190.92,137.59,88.65,205.69,387.33,588.63,668.81
401.04,434.01,341.18,284.28,215.96,189.34,126.38,224.82,357.65,525.61,602.62,748.76
477.13,369.72,297.16,213.87,184.93,124.41,230.06,366.19,544.63,625.28,764.94,672.82
294.03,253.13,179.43,169.53,136.55,262.52,398.12,566.87,633.03,757.48,655.0,630.68
347.71,238.36,203.88,141.2,250.79,377.85,555.57,630.37,778.4,690.19,664.08,569.55
221.02,189.77,136.29,253.37,379.45,553.61,624.19,770.96,677.0,649.99,559.82,555.85
129.57,99.97,230.69,373.88,559.79,638.16,780.77,681.99,640.8,541.63,537.05,523.09
51.08,198.85,358.45,560.38,641.47,783.63,678.15,633.48,521.34,510.45,502.89,537.42
207.99,366.13,564.77,641.74,779.25,672.47,628.86,519.63,512.14,506.37,540.62,561.02
255.08,495.65,603.38,775.12,684.55,648.19,527.51,511.34,478.02,497.16,522.45,591.71
468.84,591.12,763.08,678.2,653.01,542.4,527.25,490.6,505.1,523.91,587.07,592.74
410.26,647.47,618.06,650.46,558.67,548.05,489.68,491.61,464.2,504.78,525.44,546.32
719.04,667.93,674.55,556.09,540.33,483.77,496.9,474.68,535.68,565.05,577.48,529.9
611.98,639.71,532.6,534.37,495.01,518.74,493.77,546.54,562.38,564.9,513.27,530.54
682.64,564.38,545.3,489.12,519.43,503.17,565.58,581.81,596.94,547.71,553.16,496.5
782.39,675.07,569.87,537.95,480.19,515.48,546.92,580.15,580.92,620.39,564.97,445.65
637.56,546.9,523.32,477.46,520.82,557.68,587.36,584.15,615.45,554.32,434.21,299.45
481.24,480.3,455.62,520.32,562.43,592.64,580.82,607.63,529.49,402.02,274.66,173.01
522.88,486.65,531.78,557.98,589.98,585.01,620.28,544.03,429.63,305.09,193.29,106.56
523.82,549.15,575.49,598.83,580.33,601.24,523.49,412.2,293.96,192.31,114.51,82.72
694.96,670.3,647.04,581.89,589.58,509.78,416.28,307.41,243.88,183.99,139.02,101.41
513.21,547.91,524.39,581.49,528.5,448.04,323.74,246.66,148.53,80.73,46.69,136.95
620.94,572.47,603.51,524.77,442.82,321.79,256.39,162.31,113.49,87.41,168.29,293.08
590.55,612.94,530.07,443.93,320.82,254.01,161.11,113.35,91.29,173.64,297.56,444.76
636.8,546.25,449.98,318.04,253.11,163.44,121.0,99.99,189.01,314.01,455.66,528.81
328.96,310.89,245.37,250.57,180.99,143.72,97.76,173.41,241.72,355.08,445.01,640.96
352.7,273.36,263.91,178.74,137.71,93.48,176.35,248.48,371.55,465.18,655.9,648.24
510.75,408.63,263.89,149.86,65.07,125.27,219.34,362.62,515.36,741.98,729.59,770.62
334.54,218.22,121.96,60.55,134.72,236.93,373.38,519.85,730.0,705.99,746.6,691.39
164.44,87.97,40.22,130.85,243.01,384.64,525.76,730.96,693.95,726.83,672.37,588.63
71.12,29.24,125.08,241.84,383.41,524.27,727.45,690.73,719.68,663.92,582.44,547.73
35.67,127.22,246.73,386.97,522.52,720.35,682.4,711.83,656.18,576.74,547.02,559.02
139.94,256.72,390.34,521.34,718.23,682.54,714.97,661.43,585.72,555.75,563.57,538.6
232.43,372.96,515.12,721.18,684.61,713.27,654.68,578.4,540.58,546.68,527.03,526.39
338.27,495.86,706.51,679.02,719.1,668.71,591.37,549.55,548.44,521.97,517.75,529.28
463.13,681.89,674.64,727.91,666.69,576.43,524.8,524.73,487.17,483.5,510.18,567.97
627.47,642.63,709.17,663.03,582.06,535.96,531.9,490.04,473.77,492.39,550.75,568.28
604.27,683.95,650.8,583.28,539.7,535.21,488.43,469.0,476.88,531.04,552.6,564.57
886.54,775.67,659.68,554.92,511.63,441.29,437.96,463.73,566.05,619.69,632.13,586.49
853.51,710.03,575.21,506.51,441.68,446.22,484.16,587.32,662.83,682.17,621.0,515.55
679.77,558.5,491.13,434.65,454.45,504.72,608.21,677.7,691.08,622.58,509.82,362.66
597.19,512.6,449.31,458.93,499.31,595.72,666.57,683.71,623.48,517.68,373.89,188.9
528.76,459.29,464.86,500.55,592.98,661.96,679.9,621.48,520.35,379.31,194.25,96.16
483.04,476.27,512.21,598.93,658.28,666.46,607.0,508.06,370.7,192.46,101.08,71.9
488.34,525.62,597.06,649.23,671.21,626.14,535.05,394.85,222.63,127.65,84.46,73.15
580.99,627.71,671.77,679.3,618.86,515.23,376.71,210.38,127.23,94.7,87.75,158.66
604.93,657.63,670.11,616.59,518.65,383.27,215.32,130.26,92.17,81.4,152.21,299.37
663.58,673.6,616.9,516.38,383.31,217.53,134.04,95.54,87.05,157.81,302.34,452.37
568.38,555.11,471.76,367.45,233.65,173.17,131.91,111.65,159.02,282.7,423.28,527.99
739.61,583.6,437.25,249.17,150.92,86.42,81.11,145.5,311.03,480.27,585.95,714.54
751.63,533.11,313.52,170.25,64.4,30.59,103.53,285.95,491.17,624.43,760.44,759.6
312.55,178.81,85.87,43.76,53.55,154.13,320.52,507.0,590.72,692.47,689.53,743.35
214.3,110.03,55.64,51.95,148.16,314.9,506.9,594.07,705.79,707.0,757.84,707.3
29.02,5.09,23.78,144.63,321.22,517.66,596.35,703.06,685.47,725.43,678.34,635.87
21.88,34.2,151.93,323.26,514.64,590.01,697.55,682.16,725.9,682.32,640.98,605.38
74.73,176.49,338.68,519.12,584.91,686.74,673.83,721.34,686.94,650.85,616.64,586.35
138.02,313.24,505.6,583.12,690.78,679.39,722.91,685.72,639.58,600.45,571.74,535.62
390.72,553.27,611.28,695.12,671.55,707.91,677.82,638.37,617.44,600.27,562.5,539.93
559.68,614.15,697.46,673.29,708.58,676.89,637.03,616.27,600.1,563.2,540.96,565.27
798.02,807.97,740.89,722.5,658.12,597.5,591.05,589.38,594.89,601.06,625.44,636.38
758.58,707.76,708.18,662.2,600.23,589.43,578.68,582.63,575.22,594.24,613.75,625.13
595.76,633.74,629.69,605.29,594.19,575.87,562.47,549.81,538.2,547.99,577.48,649.31
597.82,610.58,593.28,590.28,577.38,568.55,554.5,541.0,543.19,567.39,639.68,677.51
550.61,561.66,563.54,565.1,581.13,586.43,573.16,566.7,579.66,638.73,664.98,536.95
439.12,490.09,519.23,571.24,600.25,602.53,586.39,588.56,619.78,627.06,498.19,328.14
473.52,512.37,562.11,593.3,605.66,598.93,603.17,631.52,637.07,503.95,328.36,198.71
625.65,632.78,631.08,607.56,591.34,592.44,634.05,645.52,540.45,379.7,241.33,149.88
583.24,597.7,589.0,588.55,600.54,645.62,652.09,541.1,367.44,222.81,133.07,78.93
475.95,514.49,545.34,594.11,657.95,674.67,552.12,368.88,194.8,87.73,37.27,64.07
442.78,503.44,566.97,650.02,681.24,569.11,381.72,201.78,79.0,17.42,42.6,193.65
622.31,642.27,691.82,685.38,558.05,364.29,197.4,83.39,50.64,91.99,237.17,453.59
875.39,837.0,765.55,567.76,344.88,164.86,74.07,57.36,156.59,332.63,536.09,654.28
845.06,764.35,574.86,355.33,162.08,57.12,34.35,136.56,311.76,519.89,648.85,682.03
842.24,620.98,384.42,168.6,48.8,15.63,123.86,305.42,530.64,672.56,706.7,703.22
553.29,344.63,135.91,35.03,28.9,158.11,339.25,555.12,681.89,699.86,685.08,567.03
416.94,178.61,62.5,34.03,144.97,314.86,536.36,671.46,706.93,704.7,589.5,554.2
157.07,50.02,24.17,141.72,318.07,545.42,680.5,714.0,706.54,585.44,547.59,476.67
15.51,1.9,131.3,318.28,545.8,679.23,708.07,700.02,570.21,528.95,462.16,415.71
32.37,149.43,329.48,547.28,674.68,699.65,694.39,567.65,533.86,472.5,426.33,462.33
145.24,328.98,543.61,670.73,702.28,702.91,578.36,542.28,481.88,432.86,464.24,514.01
298.09,520.84,661.78,704.83,704.31,575.53,533.57,472.09,413.9,442.89,498.52,527.03
567.62,691.18,721.73,706.78,569.29,523.09,465.62,412.5,453.18,515.77,543.25,573.73
549.49,628.86,661.26,570.2,532.53,473.49,401.08,433.6,459.22,470.73,517.2,656.17
605.75,652.01,556.96,520.95,477.68,420.48,457.76,479.17,487.8,527.12,656.3,742.62
640.58,553.59,513.19,470.51,424.53,472.52,497.42,503.37,542.37,666.08,743.71,768.57
522.39,491.92,461.3,426.42,474.2,496.37,497.15,534.56,650.15,725.59,755.16,754.45
494.91,463.94,429.46,476.32,494.93,492.66,529.06,646.0,721.92,752.69,754.62,726.12
449.6,421.42,470.43,492.93,496.47,536.38,652.35,726.24,753.85,752.85,722.07,571.48
439.0,478.49,502.98,503.46,532.47,639.12,710.87,741.25,742.27,716.63,572.82,391.95
550.65,545.11,533.58,543.07,627.82,684.12,716.88,726.44,716.44,586.24,412.19,218.23
484.37,496.37,518.51,620.81,694.09,737.52,743.44,726.04,581.94,397.81,200.57,90.67
460.92,498.47,604.27,685.29,745.76,763.18,746.63,596.04,404.4,200.43,84.58,46.46
531.78,625.96,697.11,747.06,761.8,744.28,597.44,407.16,211.17,99.68,59.26,87.77
529.49,635.37,716.37,762.49,751.15,604.02,400.99,199.67,63.81,12.48,50.35,197.98
695.04,752.32,787.17,758.64,595.24,381.25,183.05,53.72,15.07,63.85,216.04,409.39
759.68,796.06,755.38,586.94,385.84,200.45,76.83,35.08,89.24,238.07,419.3,557.06
930.63,838.26,633.69,391.44,188.45,55.52,27.41,90.87,272.75,472.91,605.11,638.19
835.66,633.72,386.16,184.05,61.69,42.27,109.01,287.62,487.63,616.05,640.9,679.96
618.43,373.7,176.72,60.79,44.63,112.79,289.35,487.71,610.28,631.91,671.53,550.46
320.23,144.78,38.24,35.51,115.88,302.2,498.94,617.51,628.55,659.0,535.38,513.86
118.51,24.92,23.94,109.8,305.09,510.3,629.98,638.6,664.18,534.26,508.6,453.77
74.25,53.82,128.48,309.11,503.44,616.46,629.03,659.7,541.53,523.65,468.81,451.77
26.3,110.95,299.01,502.19,619.2,633.62,661.57,541.71,517.11,458.48,442.14,446.56
121.16,304.84,506.32,620.15,632.32,658.19,538.74,514.41,458.6,443.84,449.5,477.26
308.1,505.76,623.28,635.39,654.2,528.38,502.14,448.84,434.28,442.64,474.84,512.59
475.31,606.62,621.1,647.13,535.17,519.52,466.77,447.76,450.04,475.38,506.83,556.86
806.47,742.23,719.75,548.85,497.14,423.32,420.7,439.88,512.5,573.98,622.16,662.67
618.79,639.94,505.56,494.06,435.54,438.31,443.01,506.47,536.62,568.11,616.67,694.56
831.04,626.67,560.97,441.04,417.91,411.94,496.21,541.17,620.74,695.53,763.72,751.45
559.8,515.78,417.92,418.78,418.82,503.28,539.25,613.79,671.03,730.8,724.09,764.2
483.35,398.74,409.78,418.96,505.29,540.7,611.16,667.14,718.63,708.46,752.44,687.56
473.41,454.55,447.57,513.22,531.45,590.71,650.67,709.78,716.6,772.06,708.93,553.37
536.27,496.28,545.55,540.35,580.29,627.25,690.99,705.61,779.85,731.02,578.56,390.84
461.06,521.89,527.26,579.24,632.41,698.24,708.78,779.44,721.15,563.7,378.25,223.45
614.12,584.81,611.55,636.02,688.72,693.42,773.55,722.52,587.72,415.16,255.85,125.26
554.91,587.78,626.04,689.32,698.86,776.41,720.33,581.2,399.23,238.36,113.17,95.8
528.87,593.9,665.3,689.96,784.18,741.41,600.63,412.66,239.8,103.66,80.85,116.17
594.57,663.18,693.94,789.87,738.32,589.42,397.89,226.93,89.18,69.19,111.28,291.71
641.18,681.02,782.22,736.82,590.69,401.15,228.56,90.03,64.8,103.84,285.24,517.56
648.78,761.17,727.32,592.05,403.13,229.21,85.33,58.22,88.95,266.78,503.51,687.42
825.2,770.56,611.53,400.04,224.23,83.48,66.7,101.26,297.38,540.64,715.25,739.58
736.88,591.17,384.92,219.13,91.98,83.74,117.88,308.47,543.98,711.9,731.1,796.02
520.84,342.06,189.82,84.04,94.04,141.26,327.69,556.04,706.09,711.44,772.35,637.62
317.8,174.46,73.88,89.18,140.48,330.18,557.87,706.84,707.6,764.97,630.31,585.39
160.07,65.36,84.82,139.74,329.51,557.57,705.71,706.69,760.59,623.91,580.57,531.83
104.77,110.31,152.83,329.74,554.78,702.59,708.81,765.02,638.26,599.51,546.57,491.35
90.51,140.09,322.99,554.79,704.03,710.39,763.85,636.37,592.86,537.81,483.88,475.73
129.1,315.05,551.54,704.51,711.73,764.15,634.68,589.45,531.59,476.63,471.28,500.82
287.04,534.68,695.18,710.82,765.65,637.49,589.28,530.13,468.63,459.49,490.17,519.59
472.24,652.66,694.06,770.15,639.28,583.98,513.82,450.74,424.02,450.36,492.32,540.55
620.87,680.19,751.83,626.56,592.72,541.79,482.93,449.74,471.81,503.7,538.6,597.22
680.21,748.88,630.29,598.5,538.4,470.79,433.66,457.76,487.8,525.74,592.78,638.96
620.31,556.23,546.78,520.81,487.99,476.04,494.94,511.73,522.32,566.35,603.53,622.32
495.56,511.48,496.24,480.11,484.31,515.03,529.76,533.56,564.14,590.75,605.14,644.42
545.81,517.67,495.43,489.28,510.2,517.64,523.08,557.66,591.79,612.52,654.84,633.19
564.54,523.72,506.37,513.93,513.74,514.06,551.68,589.51,621.46,670.84,648.11,500.48
590.96,548.88,536.69,516.15,508.82,544.06,588.68,624.74,691.02,677.12,525.11,355.56
463.53,480.8,487.82,508.61,551.04,596.1,620.86,681.57,645.61,483.78,323.21,194.94
447.42,468.54,494.97,545.44,600.49,632.86,692.94,653.08,483.83,317.4,186.14,95.25
556.32,549.65,574.64,601.21,627.18,684.63,655.32,490.33,345.66,226.43,129.19,77.4
432.22,501.97,559.83,622.37,697.46,676.69,499.72,345.62,198.1,84.48,36.85,75.0
441.77,524.43,600.46,692.48,682.37,512.63,354.15,201.89,74.26,17.57,55.47,184.8
631.17,667.84,729.52,685.78,502.87,338.91,198.37,78.7,48.01,100.22,224.11,411.47
716.78,757.1,704.93,509.22,333.88,184.34,66.31,39.74,103.26,235.73,425.39,573.76
704.69,673.15,488.98,329.59,190.97,79.8,49.52,108.38,228.52,409.08,556.74,589.36
579.89,433.04,293.85,182.14,91.67,74.66,128.01,239.4,397.72,530.15,560.12,630.67
622.58,410.56,246.74,98.21,56.93,99.67,230.97,402.86,580.08,634.92,696.02,609.83
364.98,217.73,80.31,52.95,102.97,238.82,406.98,581.2,626.28,680.21,594.3,585.57
251.44,100.29,66.06,105.91,233.29,396.19,572.9,621.82,683.47,603.19,596.0,520.24
58.51,40.67,89.36,229.1,400.77,583.26,629.27,687.48,597.9,583.73,506.66,461.58
45.37,91.93,232.08,401.92,581.45,624.76,682.59,594.13,581.0,506.18,463.0,435.97
83.15,226.42,398.9,581.53,625.2,683.12,593.53,579.48,502.81,457.81,432.1,467.42
192.68,378.35,569.09,622.78,686.37,600.43,583.89,504.96,451.75,420.58,455.38,472.52
280.66,506.26,591.25,685.94,607.77,591.75,500.47,441.85,385.13,408.39,435.04,472.94
385.02,518.03,642.13,598.75,602.23,523.03,454.68,389.17,384.27,393.11,432.94,519.51
420.01,584.79,560.68,590.61,535.8,484.4,414.18,399.17,385.87,408.99,491.52,603.31
634.49,594.66,607.17,534.53,479.55,410.45,403.15,393.47,430.45,518.39,623.94,639.2
707.6,674.58,575.53,488.57,400.2,380.48,379.59,424.59,538.77,661.84,675.64,687.32
1026.29,791.95,615.71,421.83,344.9,311.28,386.82,528.99,737.04,803.07,807.58,731.3
926.87,692.91,470.91,358.68,300.62,357.68,506.72,724.43,820.78,846.67,771.75,602.34
815.32,545.85,399.85,305.55,347.87,490.34,719.58,823.68,879.14,820.79,645.3,371.32
520.39,379.3,299.1,353.45,489.91,711.51,807.85,863.59,796.75,620.12,356.34,163.8
433.29,330.15,377.26,498.85,700.74,783.24,840.26,780.8,615.28,362.45,176.97,54.53
441.23,446.86,534.79,701.29,776.91,832.18,786.8,626.52,400.9,228.96,96.88,30.11
645.08,657.55,771.98,788.41,813.88,752.09,610.0,399.66,275.98,172.12,98.51,57.83
640.43,754.46,786.51,822.63,752.08,597.47,378.58,255.54,144.63,72.87,43.67,138.92
892.03,871.25,870.92,757.97,583.0,353.36,243.74,143.92,105.39,96.17,187.39,338.23
674.2,745.7,685.68,572.1,375.01,281.48,162.5,107.36,50.03,112.22,268.71,493.25
602.21,599.87,519.36,362.47,293.19,190.79,126.15,58.66,87.21,220.9,446.16,607.46
434.57,414.81,308.52,290.51,200.52,139.37,54.04,73.92,164.77,368.9,543.63,811.24
392.37,301.26,274.26,184.25,144.68,81.25,109.11,195.33,397.7,562.34,813.0,871.79
262.34,251.77,167.35,136.62,83.76,120.4,206.24,405.46,564.16,807.77,862.2,949.99
336.3,222.37,164.51,83.36,112.78,197.84,407.71,572.34,839.34,904.42,983.93,891.36
249.49,177.46,93.94,117.74,195.71,398.05,561.74,830.77,901.63,986.96,897.21,799.42
128.73,61.04,103.79,198.93,399.72,558.85,818.93,888.58,960.15,866.46,777.77,669.5
44.14,90.11,196.64,404.56,557.64,810.64,874.98,946.48,845.95,756.74,657.67,615.46
82.17,193.01,401.81,556.21,809.79,875.81,947.87,848.19,756.81,655.76,612.37,568.56
160.61,381.78,546.13,809.94,880.65,953.97,850.58,756.81,646.41,598.49,556.7,539.84
358.81,532.82,803.12,881.11,955.6,852.21,755.37,644.27,590.84,546.25,531.35,541.1
455.76,752.75,857.84,957.99,859.61,760.47,638.09,579.18,513.59,490.73,510.94,560.38
836.22,910.84,991.19,867.06,750.13,616.96,564.47,506.71,504.13,538.01,588.56,560.49
802.25,917.46,834.83,756.49,624.67,564.61,489.17,480.08,483.86,524.85,514.06,552.95
935.01,852.09,758.78,616.66,566.34,502.17,500.77,503.0,551.28,539.98,568.28,543.8
772.72,712.17,582.58,554.31,515.97,532.94,532.08,570.08,541.76,555.08,522.61,436.16
700.67,583.51,540.65,499.16,541.41,565.2,612.38,577.15,592.93,552.26,446.24,303.07
631.57,572.46,511.37,537.81,564.3,617.22,590.03,606.67,579.76,477.55,325.33,206.45
720.34,603.04,589.92,571.9,603.25,565.29,595.59,579.56,513.95,382.91,258.09,146.49
578.74,569.62,564.56,606.29,569.16,594.43,572.31,503.77,364.64,239.23,134.62,76.74
515.83,535.41,584.44,561.26,601.42,591.13,520.74,376.29,240.16,125.59,62.98,44.27
757.67,718.34,643.84,618.32,565.64,468.65,341.67,224.55,162.09,134.53,116.26,189.16
680.93,622.87,598.63,556.35,478.67,366.45,250.51,182.17,147.2,118.92,182.4,311.63
663.31,622.58,568.6,478.85,363.88,247.0,182.9,149.97,131.42,199.34,325.14,442.51
592.58,550.09,465.65,359.07,249.59,190.97,157.47,136.95,198.15,317.52,433.12,541.37
567.1,472.88,368.77,255.38,186.72,143.8,123.0,187.24,307.84,428.37,542.32,707.73
370.53,304.03,217.67,181.53,152.73,140.52,195.17,309.2,403.28,500.41,668.37,684.55
242.37,178.16,162.03,150.53,138.59,191.96,298.94,392.11,475.4,637.3,660.84,738.53
233.18,197.25,169.89,139.28,184.42,288.52,388.35,476.61,653.18,684.3,759.34,764.49
230.36,192.04,148.5,181.87,286.94,389.67,483.4,661.36,702.7,781.0,779.11,734.11
269.36,194.24,209.38,292.26,382.44,468.06,651.76,699.01,795.59,805.83,759.55,720.1
87.41,140.83,254.9,379.47,478.15,666.62,701.53,789.99,773.5,712.32,680.17,645.36
128.99,247.42,376.27,477.7,665.71,699.98,787.04,770.78,705.93,672.56,639.37,595.58
185.61,337.57,457.97,665.23,703.74,791.64,768.04,700.88,651.53,610.54,572.24,587.75
262.02,411.71,640.18,702.05,799.13,779.61,704.61,649.9,589.47,540.49,560.0,623.0
378.32,616.76,696.24,805.94,778.52,694.05,631.16,571.48,511.4,529.83,605.11,621.67
823.83,827.37,879.29,786.32,674.64,599.05,561.01,516.06,586.7,690.99,697.25,641.81
798.33,855.83,779.44,681.99,602.69,556.14,502.7,571.08,665.92,672.08,626.03,633.89
844.7,774.41,677.25,600.13,559.86,510.6,579.21,671.48,675.14,626.97,633.0,563.06
705.51,634.0,574.26,555.49,519.47,595.26,680.8,678.0,612.72,608.2,539.0,416.49
944.51,768.31,664.93,532.46,564.0,629.12,657.63,615.3,687.28,662.25,527.29,345.72
657.45,594.47,491.63,560.13,642.68,679.88,625.37,687.75,635.74,484.37,306.62,217.69
264.65,292.08,437.26,615.9,716.27,701.36,738.54,658.08,429.52,200.96,111.25,43.73
387.03,500.36,645.75,711.7,694.57,735.26,669.94,445.41,242.08,163.5,84.44,69.75
501.69,644.98,717.36,701.7,731.95,656.51,427.89,227.28,148.64,73.56,66.85,87.29
533.35,651.42,657.84,720.31,672.79,462.79,255.49,164.97,64.92,39.22,53.84,162.73
636.77,650.48,712.7,668.66,464.66,263.18,173.5,72.49,43.54,54.23,160.2,319.07
642.15,707.12,662.19,458.59,267.84,185.11,86.07,53.16,62.76,165.97,319.77,483.81
694.47,656.07,451.93,263.05,185.67,92.2,61.29,70.22,171.7,321.63,482.04,583.54
547.64,386.55,221.27,175.65,106.96,92.32,95.13,185.97,309.73,451.6,548.96,712.47
566.51,332.21,236.76,113.32,74.76,67.57,177.15,314.47,498.96,619.53,773.71,724.07
216.22,160.42,75.8,75.13,72.48,179.55,300.73,480.24,572.01,713.32,677.39,711.23
174.88,86.44,82.47,73.4,173.95,292.11,472.93,567.89,713.78,681.21,716.81,686.94
50.95,58.99,62.18,174.6,294.14,473.98,564.16,708.34,666.74,698.44,672.37,637.12
32.53,49.02,162.11,287.42,480.83,581.53,726.63,680.68,707.38,675.21,633.14,494.13
47.71,159.5,288.33,483.72,579.89,720.36,671.71,699.17,666.28,624.91,490.76,418.25
161.36,291.25,482.51,576.39,721.16,677.03,707.16,673.75,633.59,498.35,421.25,429.76
342.95,513.5,594.23,723.52,675.26,702.61,674.84,637.24,512.62,442.17,447.96,449.1
573.59,629.99,746.11,681.52,695.83,659.58,625.68,507.03,450.15,465.0,466.8,471.41
719.9,794.41,722.01,714.64,644.4,582.77,462.94,417.21,449.65,471.35,491.78,555.37
660.22,642.42,664.65,633.01,597.29,494.48,438.91,459.91,451.51,450.82,513.36,567.04
884.97,814.49,719.13,609.36,471.16,397.13,441.97,450.67,508.24,606.05,651.19,663.51
666.26,627.02,556.63,465.62,413.89,469.35,462.53,508.79,570.9,594.34,611.91,603.49
522.15,487.74,435.7,418.38,472.83,458.64,487.92,546.1,541.4,549.89,558.73,447.03
531.53,471.72,423.49,457.09,460.5,511.85,585.84,579.06,603.68,610.97,476.68,302.91
392.53,380.3,418.96,441.62,529.43,631.51,626.51,638.78,631.65,479.18,288.82,142.43
292.81,360.39,416.05,534.28,635.44,624.37,622.4,611.93,434.96,235.93,103.66,47.95
440.44,466.29,560.94,634.89,617.61,613.47,613.49,440.97,261.75,140.58,79.12,45.73
418.53,530.89,617.44,614.6,620.67,625.24,448.48,264.17,131.71,63.56,30.52,99.58
550.97,629.77,623.92,624.33,620.44,438.14,254.14,125.11,61.73,33.06,104.5,224.79
568.95,585.31,603.39,619.06,444.03,262.9,126.9,59.41,14.97,78.11,202.4,438.61
593.04,608.81,619.76,440.61,262.92,130.44,65.59,20.65,86.86,211.28,443.8,602.88
657.22,651.72,456.19,262.96,127.32,63.1,24.86,93.97,230.76,467.64,621.3,679.99
808.7,549.27,324.19,143.91,43.3,-19.86,59.35,211.52,483.83,664.34,727.73,775.5
607.38,361.08,155.61,37.16,-16.56,73.63,236.73,508.1,703.09,768.15,800.21,690.18
410.25,183.91,55.58,-12.23,64.69,218.99,492.89,693.96,770.95,811.63,704.41,582.31
145.64,28.47,-23.32,67.03,219.76,489.2,683.46,759.44,789.36,678.87,565.06,470.22
-15.56,-49.52,52.46,218.05,491.22,687.77,759.73,787.82,666.73,546.93,454.29,410.54
-23.69,67.53,228.63,494.68,685.02,752.4,782.12,663.38,548.26,459.96,417.7,380.82
95.92,246.44,505.07,686.9,748.6,775.18,658.88,546.39,465.69,427.16,390.18,385.1
233.31,495.39,682.78,749.2,776.27,658.64,543.91,462.43,420.2,382.21,378.99,425.69
539.48,711.25,764.15,776.61,654.96,539.15,463.05,423.98,397.42,400.23,443.3,490.84
746.59,782.65,789.36,658.75,536.1,453.98,416.55,392.29,402.5,451.73,500.72,567.9
686.62,732.11,621.07,526.53,466.27,443.86,413.07,414.09,441.55,474.09,538.57,601.01
692.78,592.65,520.18,474.09,438.34,394.2,384.94,414.76,435.44,499.95,578.65,651.29
638.31,554.44,482.18,427.26,395.4,401.64,445.12,464.33,543.78,623.39,677.64,737.1
541.67,476.29,421.33,392.61,405.86,454.5,474.14,551.59,629.12,679.57,735.36,717.4
428.62,388.54,380.3,411.03,455.61,467.97,535.21,612.15,649.27,701.67,694.04,550.86
318.56,339.1,383.9,447.68,475.9,554.53,627.33,657.84,694.66,675.57,530.22,354.01
393.57,419.91,464.62,474.1,551.3,626.13,664.73,704.18,699.71,560.36,377.49,207.79
559.52,546.12,528.5,567.11,609.31,625.19,672.41,681.07,572.53,413.16,248.69,132.64
425.63,451.39,523.36,603.04,640.49,696.81,693.64,573.77,383.9,202.83,90.9,53.58
487.82,546.27,617.04,642.35,691.99,684.84,568.43,381.61,209.06,103.41,66.43,88.75
674.57,697.43,686.88,696.57,672.98,549.21,375.82,212.48,139.09,119.89,135.07,260.11
623.56,638.93,671.84,673.26,557.35,385.38,212.34,133.77,95.1,100.96,232.25,444.86
695.38,706.94,693.6,561.03,378.9,200.86,126.71,92.74,112.27,251.4,462.94,603.64
649.98,656.4,543.13,379.86,204.26,128.53,86.79,103.67,227.9,432.7,580.66,644.11
736.21,593.52,408.77,207.62,120.81,73.39,99.35,229.45,453.47,613.27,673.08,728.48
705.16,478.94,241.24,120.69,67.46,95.32,239.74,469.53,656.56,727.18,769.34,651.87
547.06,283.28,140.03,64.53,90.68,236.63,475.96,666.2,755.62,805.69,679.65,571.99
148.6,55.26,15.43,83.59,250.2,500.04,677.15,756.32,773.33,627.35,524.67,425.12
21.01,-5.65,73.76,249.77,498.91,674.74,749.88,766.64,612.03,506.1,411.25,380.63
2.14,77.94,253.12,499.63,672.9,746.36,764.22,610.73,506.1,412.85,382.93,438.75
88.12,260.36,503.38,673.57,745.37,763.09,611.07,507.06,416.66,386.97,442.03,470.39
275.36,510.94,680.46,748.97,759.49,601.6,496.75,409.12,382.57,441.16,472.2,502.16
491.03,667.7,742.51,758.48,601.98,496.89,406.74,379.76,434.3,464.13,496.16,575.76
686.63,755.4,761.63,597.79,499.17,415.11,393.11,445.91,481.31,513.74,586.23,665.9
718.63,738.44,583.74,496.78,419.27,401.19,450.52,482.94,506.48,572.97,653.27,668.74
959.21,718.05,578.78,435.32,374.72,398.6,448.51,491.63,610.77,725.33,740.74,719.5
532.99,463.12,367.21,364.63,419.19,485.66,511.53,615.0,684.72,672.77,655.31,700.59
512.08,401.03,381.22,417.11,481.01,508.13,619.56,692.47,693.28,681.48,721.32,692.74
393.68,375.97,414.47,481.86,509.62,620.82,692.07,692.89,679.01,716.99,688.3,571.58
379.11,414.51,487.47,515.95,617.57,680.17,677.34,665.7,703.09,678.0,568.61,373.69
476.98,523.96,541.09,625.94,670.74,655.49,646.08,690.51,679.36,581.3,391.49,224.82
462.49,504.64,600.33,662.04,665.79,669.34,711.28,692.66,581.2,380.39,208.29,112.22
453.43,565.01,645.88,665.91,675.21,715.68,690.25,573.78,358.03,181.34,92.22,89.91
557.68,641.24,666.05,677.49,713.1,683.78,565.31,350.99,171.95,83.6,85.64,110.29
593.91,639.99,656.07,703.1,693.25,589.56,375.49,189.4,92.18,84.47,100.42,252.01
675.56,678.63,715.91,695.3,585.07,368.0,185.14,91.61,92.41,113.65,264.95,470.18
619.74,681.34,671.0,577.58,377.99,207.38,110.55,103.98,112.4,252.48,452.89,640.12
832.52,763.6,633.28,387.95,189.63,76.54,83.18,104.95,281.29,504.64,690.83,738.97
744.18,618.51,383.67,194.63,79.11,80.75,97.73,273.11,489.47,674.49,727.91,788.04
524.33,325.11,158.67,72.11,91.26,119.2,286.5,495.05,656.35,694.38,754.73,606.1
252.79,118.43,38.9,74.5,128.0,316.28,525.71,678.85,703.75,749.29,590.31,542.16
179.66,79.31,94.97,127.76,310.9,520.32,682.13,711.29,772.57,620.49,566.66,476.26
128.75,123.19,146.82,316.71,514.93,668.25,700.16,765.95,624.55,578.97,490.09,419.43
118.71,143.62,315.02,515.38,668.59,700.13,764.95,623.8,576.95,487.81,417.45,393.4
85.46,277.16,495.55,667.24,705.81,772.25,624.17,572.14,468.33,390.41,371.78,404.8
273.52,494.69,665.48,703.51,770.93,624.84,573.85,470.46,392.67,373.24,404.42,453.75
516.62,677.45,713.38,775.17,621.66,564.66,461.45,386.47,371.22,407.14,459.42,537.47
667.37,708.44,769.47,618.73,567.17,469.02,394.53,377.53,412.09,461.29,535.81,615.21
764.85,800.09,643.25,577.21,458.95,368.75,351.97,393.38,453.9,540.49,628.73,676.13
660.46,564.0,518.88,437.1,388.93,403.64,440.9,486.14,544.31,606.07,639.97,650.09
540.65,503.66,429.13,388.17,405.15,443.09,486.26,542.33,598.1,629.62,641.29,678.32
612.03,498.37,426.32,409.2,433.38,470.7,538.54,602.48,660.64,686.39,717.62,658.33
586.21,478.6,440.7,440.3,463.54,521.86,591.79,656.7,703.05,747.12,686.07,508.31
393.54,384.95,413.39,465.45,527.14,595.27,647.62,689.61,711.21,640.71,473.5,325.51
313.27,369.76,439.5,521.36,601.61,661.3,697.82,713.83,626.14,448.57,302.58,184.37
414.75,467.83,536.74,601.9,657.34,692.74,714.67,629.84,463.47,323.33,201.29,126.46
510.95,561.14,618.25,661.32,689.87,705.21,623.11,459.18,328.45,214.29,140.6,97.17
593.55,638.34,673.79,693.4,702.08,615.58,453.28,325.15,218.9,150.71,107.68,139.54
601.26,649.44,680.63,701.12,618.82,457.37,324.69,215.69,138.24,91.18,125.72,270.51
609.53,657.52,685.06,613.4,463.62,339.14,228.67,146.88,90.29,117.53,259.94,458.43
657.01,682.66,616.46,468.39,335.47,217.79,132.48,78.16,104.51,249.03,453.82,605.68
586.78,559.68,431.39,325.71,229.41,158.58,98.71,116.31,239.1,427.47,576.49,640.35
554.48,432.04,320.64,223.4,162.53,112.13,134.09,254.44,442.58,587.81,643.43,701.97
638.2,447.07,294.37,171.71,93.53,102.14,242.78,445.87,639.72,722.71,771.9,666.45
578.31,372.42,218.14,101.34,87.64,214.47,428.48,633.09,748.34,817.67,710.41,647.56
247.23,138.03,57.41,84.06,227.01,447.25,637.81,743.84,781.63,657.13,601.75,483.86
160.43,71.88,91.94,226.8,442.88,631.83,740.44,780.77,662.12,610.35,491.72,394.04
27.54,64.26,210.62,440.11,636.04,748.5,784.93,662.98,600.43,475.56,379.23,395.75
55.53,205.89,438.22,636.68,748.35,784.45,661.63,598.49,471.25,373.23,391.64,441.86
232.24,453.71,646.87,751.17,779.96,652.72,591.44,467.71,375.44,397.81,448.37,483.57
475.63,660.53,758.96,780.45,651.01,588.13,466.53,376.16,404.56,458.91,492.81,525.91
732.13,802.25,805.46,654.78,581.61,453.83,369.56,402.83,474.91,519.57,550.73,600.39
751.22,775.11,632.58,574.01,462.79,390.14,421.26,486.8,520.49,541.84,586.89,624.04
752.32,617.79,566.34,461.98,391.32,422.97,485.93,518.33,533.85,575.81,615.02,628.62
586.56,544.12,454.16,395.3,421.6,478.62,504.93,520.42,552.77,590.21,612.16,657.15
635.65,512.23,429.15,425.84,467.83,486.38,511.17,551.54,611.55,646.98,689.71,694.47
482.49,413.81,409.38,458.47,495.27,534.64,576.79,631.28,662.15,696.14,690.02,585.26
352.68,372.28,436.08,491.32,541.8,590.86,639.85,665.31,684.79,669.27,564.82,393.02
484.34,502.76,534.54,552.48,575.73,607.48,639.82,670.4,680.94,595.61,428.16,260.21
614.1,600.49,594.25,585.78,595.57,613.27,651.41,671.25,611.77,462.31,295.38,197.92
666.26,630.7,610.61,602.56,608.48,635.87,659.17,603.57,467.59,312.43,217.72,149.98
526.9,545.79,565.34,603.51,646.53,677.62,611.67,467.66,286.99,177.49,113.46,114.67
565.8,578.53,610.37,645.56,674.69,608.51,467.52,288.43,184.38,123.48,122.87,244.71
510.16,568.66,620.89,670.51,615.56,481.17,296.33,187.33,109.66,98.62,222.14,444.21
629.15,660.63,689.91,614.89,477.1,293.42,192.51,118.08,123.15,253.12,467.74,622.9
602.58,652.62,595.06,476.76,298.93,199.4,118.08,119.63,234.73,440.94,600.46,674.32
766.2,663.05,522.37,311.59,184.4,83.81,92.6,219.0,450.42,630.06,708.64,770.74
624.74,496.32,295.45,181.64,89.7,103.47,226.29,453.71,622.56,693.93,755.47,686.04
502.96,304.2,176.35,76.74,105.63,244.07,480.08,646.24,723.91,782.0,698.41,635.81
326.74,188.26,85.42,109.05,240.8,471.92,638.68,718.87,781.36,701.34,641.23,554.03
87.79,24.16,72.2,233.37,481.4,658.23,730.03,784.98,681.6,606.71,520.48,461.92
5.88,61.62,226.43,479.01,659.65,734.5,788.78,683.91,604.55,515.51,456.5,493.67
97.41,249.09,492.71,662.25,729.69,780.1,678.61,602.38,522.32,468.13,505.53,534.23
198.49,459.93,645.4,729.32,785.04,684.46,601.95,518.47,451.32,482.3,514.24,530.82
405.54,611.59,712.49,785.11,686.75,603.72,512.94,444.22,461.92,488.15,510.64,526.86
719.47,780.22,821.34,688.84,595.51,500.96,444.43,468.21,521.51,558.33,567.16,621.02
764.96,810.88,682.19,594.36,504.49,450.24,472.57,523.62,556.49,562.65,616.37,639.87
1022.8,814.13,668.5,513.26,430.16,438.7,511.04,559.35,617.54,700.47,714.52,661.3
634.93,552.71,451.01,426.96,455.37,533.94,561.09,606.43,644.04,634.86,593.66,636.14
457.73,395.49,392.62,446.07,543.04,582.07,621.49,651.27,619.89,564.35,607.19,606.49
410.16,405.74,448.2,538.25,582.57,629.49,664.37,633.15,583.07,624.36,615.17,527.74
390.21,436.76,536.61,587.21,628.32,657.11,621.13,571.72,608.29,599.62,518.95,388.69
354.55,485.39,559.54,626.79,663.8,631.01,572.0,603.37,574.36,482.93,358.76,243.38
554.63,603.26,650.79,664.89,623.89,561.66,600.93,576.86,503.24,389.18,269.55,152.46
607.97,653.59,661.58,616.87,568.8,616.77,597.09,518.29,406.6,286.03,160.72,132.75
525.06,581.96,571.93,563.6,629.32,618.34,526.51,405.3,253.22,110.13,87.67,99.44
552.8,555.82,551.03,623.56,622.58,538.85,417.56,261.81,112.49,84.25,91.94,222.83
571.76,560.12,630.55,624.95,534.74,409.12,254.01,107.84,82.58,93.63,227.43,449.16
580.6,645.69,629.96,532.1,410.17,260.06,118.11,92.27,109.67,243.83,459.02,647.03
616.27,610.63,524.04,412.37,260.15,114.94,84.31,101.78,228.23,440.44,633.91,707.11
531.24,475.95,383.15,254.34,125.99,104.87,116.91,235.54,428.33,609.6,681.76,749.17
395.11,332.71,225.19,122.35,112.63,131.14,241.59,428.74,588.94,648.46,718.74,595.08
391.06,262.21,141.86,111.44,122.3,230.37,425.23,590.45,666.29,745.24,618.13,560.2
269.4,149.45,109.02,115.7,234.62,440.19,611.08,684.51,766.98,636.71,568.91,486.02
287.75,193.47,164.72,242.25,427.29,586.54,672.66,765.36,667.87,620.11,532.88,412.34
186.3,157.74,239.82,429.04,587.24,670.81,760.77,663.15,612.88,525.88,407.94,382.61
137.25,227.56,420.41,583.91,673.9,768.16,669.82,616.3,525.17,403.42,377.47,405.68
185.89,395.35,568.79,671.48,771.99,677.93,620.93,526.88,394.97,362.13,390.4,440.47
311.52,513.64,648.03,776.57,680.4,616.64,509.02,375.17,319.5,340.37,404.82,456.71
368.97,561.41,723.71,669.82,631.51,540.1,394.75,327.33,314.55,356.66,409.35,523.72
471.54,667.91,641.42,629.81,544.45,400.43,322.9,305.55,325.39,367.83,491.1,574.42
764.38,710.28,653.58,530.55,399.96,341.27,345.54,366.04,438.08,567.07,623.85,607.91
646.32,613.66,503.99,393.96,352.36,367.01,383.21,447.59,562.08,607.98,588.18,584.13
828.15,635.59,472.02,365.59,345.17,340.63,423.57,554.87,651.63,664.08,656.91,592.75
829.79,589.45,432.93,355.87,323.49,390.8,538.93,649.89,708.84,728.88,657.9,515.85
675.61,482.86,387.23,331.46,382.88,520.48,636.76,701.97,741.25,683.69,542.33,376.03
634.05,475.77,390.34,400.49,499.35,589.73,662.4,717.49,693.73,577.96,419.75,266.53
509.1,407.46,414.69,505.87,584.11,647.04,701.71,682.08,573.11,421.99,273.59,167.92
561.68,510.45,557.96,587.81,635.87,683.4,680.59,580.37,467.28,339.98,225.01,129.33
639.34,634.92,636.78,649.37,668.86,647.16,554.56,453.44,356.05,261.72,168.8,118.08
693.6,669.16,672.08,676.62,641.2,537.08,437.98,345.69,263.92,181.62,134.02,189.65
660.59,663.86,674.18,643.38,536.74,433.94,338.98,258.02,171.53,123.42,183.69,319.52
574.27,618.39,610.13,529.87,442.86,356.96,268.45,174.73,105.21,151.54,288.46,457.45
595.9,596.67,520.62,438.51,357.35,272.84,179.73,109.24,150.51,282.85,450.81,597.45
667.43,566.27,461.85,357.85,267.41,173.87,113.71,159.67,309.26,484.95,623.66,802.35
616.36,487.84,376.78,274.61,166.94,96.29,143.49,298.7,483.57,630.23,812.39,818.91
514.2,392.0,283.23,166.15,88.89,132.79,290.61,479.29,634.64,821.77,828.28,881.91
256.46,197.26,120.57,85.47,142.72,305.05,478.2,625.17,778.99,768.22,832.01,833.24
162.7,101.53,71.42,136.1,307.76,488.67,635.18,786.03,768.83,826.68,824.39,759.89
51.46,40.62,118.47,305.58,492.63,642.73,788.45,768.37,814.09,804.65,741.9,708.7
27.51,110.93,301.35,491.74,643.61,790.4,769.19,813.66,801.23,736.14,704.08,665.75
159.49,332.2,507.67,643.88,786.24,764.05,814.69,805.83,752.67,726.2,682.98,650.47
402.32,549.96,669.91,791.66,758.52,801.42,798.06,750.63,740.07,707.65,674.18,623.69
587.58,690.06,807.2,765.79,798.32,785.55,737.96,730.65,705.43,678.99,632.5,621.26
864.12,908.48,835.97,820.96,762.07,681.19,681.28,673.83,685.17,670.01,670.92,647.04
777.64,754.83,773.88,755.44,696.58,707.91,687.8,687.85,640.98,622.53,602.11,607.15
824.06,813.9,785.31,707.55,695.59,658.85,661.35,622.43,618.31,612.27,625.14,656.76
724.25,730.48,676.88,692.13,668.06,676.59,628.88,617.94,589.89,590.17,626.02,651.01
623.79,616.49,648.54,652.3,692.25,667.57,652.73,612.92,591.17,607.77,623.03,503.37
512.9,588.08,611.96,681.02,680.1,682.69,636.74,604.81,598.61,596.48,472.88,351.14
566.07,603.7,667.73,668.97,688.82,658.47,630.67,619.55,615.89,485.6,353.27,222.6
630.91,683.12,678.46,690.67,656.78,626.46,617.5,614.97,490.93,362.91,231.55,174.0
605.91,630.87,660.95,649.12,637.32,638.72,630.87,498.42,352.16,209.29,150.65,110.67
420.57,532.17,572.75,623.15,661.01,673.82,523.35,359.44,166.58,77.2,40.86,103.15
581.26,608.38,637.07,654.96,669.05,525.28,371.8,181.66,107.4,75.54,127.09,263.72
623.65,648.5,656.5,664.76,529.01,383.1,197.92,122.06,94.75,145.21,273.81,488.41
571.32,608.6,636.94,525.25,390.77,211.74,127.86,94.88,127.22,244.38,460.89,623.05
766.43,733.06,583.5,401.82,193.67,92.36,72.74,118.62,272.74,512.94,674.68,730.44
853.65,657.12,444.91,201.15,82.02,51.7,108.82,271.85,540.8,720.22,771.83,809.29
688.87,460.17,211.36,86.14,50.37,102.73,266.48,537.23,721.53,777.21,815.37,694.24
427.96,193.48,70.19,41.92,105.38,279.34,550.61,732.02,782.51,813.45,687.0,610.41
131.41,28.81,22.5,105.91,282.25,551.54,724.61,772.18,786.35,653.12,585.35,508.94
77.17,54.5,123.04,282.9,545.02,716.05,769.82,788.63,667.91,606.45,526.6,469.33
62.72,127.67,286.06,546.45,715.65,768.02,787.22,667.38,607.62,529.08,471.69,466.72
108.61,273.59,540.11,715.67,770.03,789.23,666.91,605.22,522.15,462.13,459.31,478.05
308.27,560.76,728.1,772.09,785.1,658.81,600.0,520.08,468.16,470.65,488.79,484.68
532.2,709.96,762.8,784.56,661.29,602.89,519.22,465.83,461.6,476.8,474.92,525.1
644.28,718.92,763.67,662.27,606.75,521.31,458.75,450.81,448.42,439.61,498.27,610.85
711.8,763.55,654.79,598.16,525.72,476.12,473.01,467.18,458.56,511.9,614.85,666.43
770.13,657.64,602.56,528.18,472.12,463.79,456.84,450.66,505.8,611.38,666.65,691.6
577.91,555.3,496.43,463.05,473.95,480.51,470.23,517.01,605.08,647.19,668.04,741.88
619.65,539.15,485.22,474.47,475.48,464.26,519.31,611.58,670.22,698.86,767.26,747.98
606.32,525.53,497.73,479.45,459.75,509.3,606.85,670.04,714.94,792.67,770.22,601.2
450.31,448.84,455.73,461.63,514.59,610.91,662.79,703.61,761.73,730.81,570.78,381.77
477.42,472.29,474.36,519.11,604.45,648.62,689.87,752.07,727.26,573.57,389.58,232.85
497.41,490.28,525.67,602.13,648.57,692.89,759.94,735.22,588.05,406.23,244.07,152.49
416.1,480.4,572.2,639.49,706.21,786.4,757.94,601.19,401.63,226.95,131.38,72.7
509.63,588.64,654.5,713.99,779.18,739.08,581.07,386.61,217.65,129.59,78.19,101.82
512.01,607.12,686.41,774.3,747.06,595.8,394.56,219.27,113.21,51.31,76.37,237.16
652.94,718.5,786.91,743.01,595.43,400.57,234.1,129.07,79.53,107.94,259.17,450.16
776.04,818.66,767.67,606.21,391.42,209.74,104.55,62.0,102.71,265.17,463.19,624.44
691.44,688.11,561.31,385.53,222.11,125.49,70.55,101.65,233.07,413.27,580.05,665.99
857.85,669.75,443.27,225.49,110.77,50.22,101.95,244.65,466.95,655.76,729.24,774.16
653.49,431.99,214.67,106.24,56.7,116.66,259.6,478.17,662.57,730.09,768.96,667.95
477.02,244.14,117.84,51.63,112.41,259.53,486.26,672.82,754.06,797.51,688.5,624.63
184.3,79.31,31.38,112.11,263.49,491.31,670.48,748.71,776.63,659.25,601.04,521.4
41.0,7.75,99.14,260.88,493.72,675.02,749.93,775.47,648.98,586.17,508.18,437.38
51.14,126.5,276.18,495.72,669.93,741.77,771.84,649.34,597.14,525.15,452.61,449.63
149.95,289.69,506.1,674.45,738.43,762.43,640.24,590.32,523.56,455.1,455.28,467.16
276.02,496.58,668.37,736.58,764.59,644.29,593.51,525.2,453.34,451.27,462.08,476.85
410.83,615.95,706.01,759.51,652.32,608.77,532.56,454.96,432.49,431.1,448.16,493.34
639.49,719.04,769.25,655.02,605.08,523.83,447.28,426.88,430.53,452.43,499.94,597.23
689.91,751.89,642.95,601.17,527.19,456.26,434.66,435.53,451.06,493.24,589.09,667.76
818.86,686.84,622.96,526.6,451.31,430.34,440.13,459.51,519.45,622.78,694.01,701.83
881.93,740.86,596.85,464.59,409.36,398.91,434.48,510.06,660.14,761.22,766.3,776.82
514.05,454.41,385.77,401.51,421.83,470.23,521.49,654.64,699.62,673.69,695.81,713.78
428.08,373.55,389.16,413.72,474.47,536.7,671.39,712.94,682.35,697.92,709.13,553.68
457.3,439.93,445.88,482.25,525.29,648.68,696.04,673.79,709.13,733.66,579.83,409.98
527.9,498.85,515.27,532.95,639.66,676.01,659.91,702.57,747.79,608.16,439.23,256.34
438.76,477.95,509.46,635.26,684.35,676.14,713.7,753.12,598.98,419.89,235.84,127.2
630.87,601.61,690.08,691.79,662.01,685.38,739.05,595.25,452.01,291.98,180.47,116.89
573.59,671.15,681.28,661.24,691.03,746.6,599.56,452.69,285.43,169.97,107.32,124.44
624.32,651.07,648.15,693.56,747.45,596.88,442.34,274.05,146.42,79.7,104.12,212.19
575.0,600.26,666.69,744.21,603.83,454.25,278.3,145.35,59.02,72.77,185.18,422.47
813.67,803.19,815.82,606.94,435.59,253.94,146.16,73.95,142.38,281.7,502.47,660.75
840.08,832.29,625.63,448.59,247.21,121.35,45.6,119.77,264.63,494.55,664.23,751.96
932.02,689.98,480.49,246.81,114.71,39.18,126.97,277.53,533.31,715.04,791.4,821.38
824.48,559.79,291.61,121.86,29.03,107.25,269.49,533.91,746.09,839.93,864.59,738.03
438.45,216.81,74.7,16.89,118.97,296.03,551.38,753.68,820.68,826.72,699.57,593.19
122.41,16.2,-16.34,114.03,302.71,564.63,758.13,819.19,801.87,660.85,559.29,511.65
47.62,3.45,127.44,305.93,556.95,744.44,808.24,796.13,662.24,566.05,520.28,503.9
42.72,150.63,320.13,559.44,741.4,801.35,793.07,661.86,574.34,534.4,516.9,514.41
198.73,350.58,576.28,743.55,795.59,783.62,656.94,573.65,546.77,535.5,531.17,526.3
296.21,541.9,721.98,790.24,791.39,671.84,584.34,551.67,528.07,515.34,508.84,566.4
489.78,688.16,774.02,791.5,674.68,586.15,546.52,520.68,494.29,482.54,546.35,607.52
706.01,783.25,798.85,677.47,583.37,539.44,513.96,489.35,480.7,547.71,611.04,680.93
746.32,774.39,667.09,585.63,539.26,510.42,479.38,470.32,527.66,587.7,664.83,758.37
722.13,634.14,569.43,538.4,511.81,480.7,465.53,520.55,567.69,639.04,738.37,801.38
531.9,514.64,490.99,488.84,499.83,518.68,575.89,608.46,660.34,736.99,780.15,806.19
493.14,477.69,483.54,500.73,519.75,574.98,604.24,655.64,726.99,768.45,798.24,777.9
500.73,497.2,511.54,525.03,571.92,594.56,645.2,719.57,765.9,800.28,782.68,636.39
496.89,509.65,527.34,575.99,593.4,639.05,710.56,757.66,790.67,774.89,633.36,419.51
450.46,491.64,553.41,588.19,646.53,725.95,768.49,795.99,766.45,615.67,401.57,232.31
429.38,512.16,570.19,649.04,728.84,767.83,785.91,753.56,585.47,365.61,206.13,126.0
623.38,640.88,685.16,727.41,761.51,779.49,762.36,598.77,406.87,261.89,170.97,117.96
550.38,630.81,692.0,753.22,793.61,790.49,620.65,419.03,253.44,147.42,90.84,105.25
627.06,691.46,751.38,792.08,791.77,624.63,423.28,256.69,150.68,93.36,105.66,214.23
679.75,740.41,793.13,799.52,621.22,408.65,235.48,131.86,68.86,83.62,204.08,434.02
573.92,693.8,736.18,605.38,429.46,280.29,165.42,86.38,63.21,156.54,382.57,566.39
636.14,702.41,585.78,426.28,284.15,174.02,90.52,63.99,143.64,360.86,546.84,618.46
700.28,586.33,425.28,282.39,174.74,93.81,69.29,148.47,365.73,551.16,620.05,688.87
525.41,392.7,249.36,156.21,110.19,114.04,197.08,402.85,576.34,628.1,678.35,586.34
506.4,322.94,190.9,106.36,103.8,189.09,411.22,591.65,674.64,738.02,632.67,562.92
204.31,114.57,64.66,100.14,201.29,429.41,596.82,670.78,704.27,582.63,519.77,467.24
171.54,100.33,121.13,203.86,421.29,583.24,662.87,701.81,594.05,540.12,486.62,417.5
71.8,102.4,194.37,421.79,585.25,664.85,699.77,590.61,529.09,472.08,405.86,416.04
104.62,196.91,421.96,583.43,664.55,701.39,593.65,531.5,476.21,409.62,418.54,448.94
185.26,415.42,577.95,662.5,703.06,598.71,536.56,480.19,411.05,416.88,444.89,495.2
525.3,644.96,704.22,711.78,585.8,509.92,461.86,403.05,434.96,480.89,531.7,531.78
646.68,703.13,711.23,586.36,511.79,463.19,403.6,434.47,480.7,531.75,531.73,573.53
697.41,708.24,583.56,510.63,463.96,406.21,436.76,482.38,532.32,531.03,572.49,573.43
858.32,676.16,563.08,470.08,391.66,411.75,472.33,533.16,568.56,630.89,625.9,603.24
715.5,585.29,483.16,394.86,408.46,464.8,528.84,566.88,638.13,638.95,615.16,627.97
386.14,357.95,327.41,403.33,482.94,555.53,571.55,629.17,579.48,528.89,554.72,571.3
498.25,416.43,453.19,487.57,538.68,545.39,617.81,580.38,564.94,610.42,620.75,505.88
407.87,447.08,483.91,538.42,548.04,622.02,583.65,566.52,610.11,618.79,503.19,391.5
452.96,488.75,540.04,547.5,621.67,584.31,568.02,612.11,623.17,508.12,395.2,241.59
543.94,568.83,571.9,633.08,574.22,540.82,584.17,602.44,498.04,397.15,252.67,191.04
599.42,590.58,640.84,570.27,542.42,589.17,613.3,507.54,414.71,274.15,206.61,161.81
508.01,588.29,542.33,540.88,596.88,623.91,508.45,409.66,248.2,169.98,131.04,156.16
576.07,536.47,536.2,594.33,623.4,510.81,412.07,250.51,170.43,129.56,153.04,271.99
578.05,563.01,605.85,621.1,510.26,414.97,260.3,181.35,150.77,177.8,290.17,497.56
504.95,569.84,601.26,508.9,419.97,268.22,182.37,148.24,161.19,265.11,475.44,626.06
558.12,592.26,507.8,423.24,266.49,175.05,137.66,151.68,251.38,461.72,618.49,692.16
510.47,458.49,394.57,262.21,183.55,153.27,160.9,254.6,445.06,589.88,664.71,763.71
563.39,456.83,300.45,191.66,142.88,139.11,241.06,439.74,606.96,696.96,795.54,669.14
494.82,327.15,198.89,135.26,137.22,247.87,455.41,623.73,727.15,827.61,689.42,602.51
401.3,241.64,163.54,144.9,239.37,435.23,607.84,717.69,834.71,709.18,625.39,545.23
223.62,152.66,136.57,236.41,438.81,616.05,725.38,839.86,710.04,622.47,539.89,467.01
159.75,139.65,239.33,439.82,614.53,721.55,836.04,707.22,620.7,540.18,468.65,427.75
133.87,236.09,437.84,614.58,721.81,836.69,707.1,619.84,538.44,465.45,425.54,457.42
185.3,405.75,598.63,722.19,839.01,709.02,615.21,531.74,445.77,399.85,436.82,470.97
318.38,545.93,691.02,833.29,718.04,632.75,541.9,449.39,382.58,406.79,442.28,493.89
404.53,605.16,781.83,708.23,647.3,570.87,466.7,388.6,379.62,393.89,447.28,529.02
559.06,753.14,694.69,647.36,572.82,468.01,384.23,372.88,375.41,424.12,511.94,582.95
743.9,693.09,639.95,564.06,471.34,398.98,392.23,391.96,441.6,525.03,586.85,582.48
