347.35,358.83,323.53,329.96,316.67,312.87,319.43,330.61,340.91,347.7,351.2,352.99
298.72,315.44,293.83,302.41,302.28,295.88,294.17,295.94,302.34,308.85,312.76,314.7
308.11,323.29,298.62,309.82,302.91,298.04,301.19,307.58,312.17,314.61,315.77,316.37
358.28,374.86,338.29,342.48,334.11,337.06,345.61,354.67,360.92,364.43,366.42,367.79
393.3,418.49,382.54,372.66,358.12,353.23,353.32,354.08,354.55,354.75,354.81,354.84
457.63,511.01,500.27,497.81,492.56,479.23,468.17,463.97,462.7,461.72,460.64,460.0
472.98,528.19,515.59,510.94,501.4,483.98,469.61,463.98,462.03,460.44,458.41,456.51
250.25,265.72,282.61,300.77,354.76,427.91,487.02,507.18,510.34,510.48,511.06,512.1
366.56,384.49,349.82,362.66,391.77,442.39,469.94,477.1,480.54,482.84,485.73,487.06
391.66,416.05,382.84,376.36,370.3,386.5,420.16,445.59,452.9,453.69,453.83,454.08
247.52,262.23,270.05,276.0,297.19,329.35,390.61,457.38,500.29,510.31,511.11,511.24
237.67,255.42,263.52,273.08,288.2,303.51,335.59,392.91,456.91,499.59,509.78,510.7
229.75,246.68,252.49,264.66,276.51,292.74,307.51,331.47,381.34,445.32,494.58,507.93
229.99,246.71,251.95,263.84,275.93,292.04,304.24,316.55,342.49,396.41,459.34,499.42
341.93,351.03,321.47,329.75,317.85,317.51,325.73,335.78,345.78,363.34,405.54,449.9
345.26,355.3,324.87,332.13,322.03,323.59,331.64,340.0,346.08,351.93,367.27,408.38
232.05,251.09,260.69,272.17,285.95,298.33,314.94,331.33,344.26,351.73,357.79,375.14
232.38,250.92,260.06,271.59,284.78,297.35,313.84,330.11,343.15,350.48,353.9,358.41
496.09,576.45,545.77,526.55,505.83,476.7,453.97,445.37,444.0,445.56,441.36,432.81
385.04,409.96,386.0,395.59,412.85,434.05,446.57,451.02,452.35,452.83,453.11,453.33
229.95,249.83,263.6,282.21,317.31,376.01,434.06,480.43,502.93,508.57,509.62,510.3
225.59,242.48,250.86,265.58,285.33,320.78,382.28,428.54,462.81,489.72,503.14,507.44
225.5,240.93,245.44,256.31,270.93,292.44,333.24,392.01,432.79,465.53,491.04,503.17
223.53,236.49,236.38,244.67,257.79,264.36,281.7,321.24,382.1,421.77,446.93,465.95
225.67,238.64,236.55,243.65,256.57,261.87,270.45,294.64,340.76,394.95,429.9,458.75
313.63,319.73,285.6,284.7,294.54,291.28,290.36,292.12,300.15,317.01,356.32,405.34
268.38,267.94,261.43,271.89,280.21,296.13,298.0,299.33,305.16,326.81,376.41,436.52
318.8,323.1,288.25,289.12,299.67,293.57,292.77,297.45,303.55,308.96,325.92,367.24
280.04,278.87,263.76,272.66,277.35,291.33,287.09,290.5,292.89,291.59,292.84,301.27
334.52,336.61,305.64,314.7,306.59,300.63,299.57,301.6,308.98,320.0,330.53,340.16
299.59,312.68,285.01,284.95,294.95,291.77,290.66,290.49,290.59,290.93,292.3,297.6
281.23,280.68,265.22,273.76,278.79,292.78,292.29,293.36,291.33,290.39,290.38,291.06
278.86,277.03,262.54,272.39,277.63,291.37,285.99,285.29,290.08,293.2,291.88,292.55
356.33,367.84,328.25,334.0,320.75,313.98,315.3,325.1,338.8,351.33,359.24,363.11
285.29,288.92,277.26,285.37,290.8,291.83,289.98,289.76,289.86,290.06,290.29,290.57
295.37,309.51,283.75,282.87,290.74,290.32,289.79,289.89,290.04,290.26,290.61,291.85
263.38,263.48,264.63,279.0,293.28,300.96,309.27,320.44,332.53,340.52,343.55,344.16
262.93,262.55,262.17,277.22,290.78,300.1,307.81,318.07,330.21,339.19,343.0,343.88
260.19,259.59,253.81,263.33,280.75,297.84,302.96,307.01,315.4,327.37,336.98,341.36
265.32,264.53,265.12,278.6,291.83,299.61,306.35,315.9,328.06,337.77,342.23,343.36
263.45,264.27,266.01,278.95,297.89,307.77,320.12,332.92,341.58,345.12,345.91,346.05
258.99,262.74,263.96,272.28,286.76,303.08,327.32,344.05,349.61,350.11,349.76,349.64
254.64,264.33,270.56,275.85,296.38,316.74,337.97,349.92,354.02,357.29,362.57,362.91
256.71,265.6,272.12,276.97,299.05,321.02,341.57,352.15,357.59,362.81,362.22,358.79
254.64,265.24,272.6,277.32,299.62,321.93,342.29,352.09,354.91,356.96,361.81,364.53
253.97,264.26,270.82,276.01,296.74,317.32,338.48,350.18,353.92,355.89,360.25,364.03
260.31,265.51,269.71,275.3,295.56,316.63,342.23,356.12,356.68,354.18,352.81,352.5
267.18,268.97,274.19,284.15,306.6,323.25,337.93,345.86,348.24,348.59,348.66,348.79
286.01,288.37,275.56,290.46,306.32,296.99,292.88,291.79,291.74,292.63,296.64,303.93
269.42,273.45,278.58,285.07,303.01,316.04,330.07,340.47,345.13,346.29,346.45,346.59
277.39,281.28,277.7,284.7,300.04,301.57,308.44,318.44,327.9,334.26,340.44,343.84
502.46,605.68,560.5,530.77,508.76,480.51,454.92,445.3,445.56,442.34,432.74,423.82
291.18,303.21,305.53,329.27,350.94,380.54,399.27,413.91,428.59,438.29,442.92,445.14
295.74,314.19,302.6,321.59,327.7,356.2,390.12,417.68,434.2,440.87,443.72,445.39
291.57,300.49,294.86,312.75,314.58,324.14,357.84,397.64,427.81,439.6,443.36,445.32
290.06,297.04,287.23,301.91,310.54,311.47,328.66,373.15,418.89,440.63,444.75,446.4
274.56,282.17,287.1,292.73,312.83,331.44,358.81,405.0,456.75,489.79,499.12,501.73
341.53,349.45,317.69,332.54,333.81,335.58,341.7,358.14,400.44,447.28,464.36,467.0
374.82,398.65,368.69,370.82,372.76,375.02,377.19,382.35,399.8,440.67,472.56,476.46
321.01,333.9,307.35,317.31,311.12,311.04,313.68,316.15,319.59,330.39,363.16,411.45
288.23,297.06,288.3,297.77,301.03,303.14,312.33,316.21,318.57,322.43,334.48,371.06
291.14,301.91,292.71,306.24,311.06,311.2,313.23,316.47,318.93,320.66,323.78,335.24
292.43,303.17,297.56,311.92,304.47,298.69,301.11,307.54,312.48,315.27,316.95,319.89
300.57,322.54,305.22,316.15,307.68,306.82,311.27,315.18,317.48,318.66,319.35,320.15
384.49,410.32,381.96,379.34,379.03,379.4,374.7,371.06,370.12,370.19,370.39,370.57
291.31,299.81,291.51,309.17,307.73,301.68,304.61,310.24,314.24,316.44,317.54,318.16
282.09,288.58,283.64,290.04,304.49,307.29,313.19,320.48,326.58,332.54,338.3,336.26
289.83,297.34,287.26,298.41,306.32,305.11,306.64,310.95,314.49,316.61,317.72,318.36
268.22,274.05,286.17,295.84,317.68,338.86,350.89,353.17,352.85,352.72,352.85,353.02
271.4,278.52,291.16,298.35,317.68,338.35,350.35,352.7,352.43,352.31,352.44,352.61
292.88,302.79,296.41,313.45,307.22,303.69,307.87,312.57,315.53,317.08,317.89,318.4
319.84,335.27,308.88,319.86,315.3,314.28,315.44,316.7,317.52,318.05,318.45,318.8
318.37,334.81,309.22,320.41,315.9,314.76,315.8,316.99,317.78,318.29,318.69,319.03
333.58,344.96,315.63,326.55,321.31,318.42,317.91,318.65,321.26,328.71,335.67,339.56
310.11,330.07,308.08,319.24,314.31,313.74,315.44,317.0,317.96,318.53,318.93,319.29
308.69,329.18,307.84,318.99,313.93,313.47,315.3,316.96,317.95,318.54,318.95,319.31
308.78,329.3,307.96,319.14,314.14,313.63,315.41,317.03,318.01,318.59,319.0,319.36
311.52,331.15,308.58,319.89,315.21,314.4,315.79,317.19,318.07,318.61,319.01,319.36
293.32,303.19,295.03,313.05,310.69,308.9,311.85,314.98,316.98,318.06,318.68,319.13
291.55,300.42,290.38,302.44,309.07,311.49,312.78,315.07,316.97,318.13,318.82,319.31
290.11,298.37,288.77,298.91,304.83,310.73,313.75,315.45,317.21,318.43,319.19,319.71
297.02,315.26,304.87,315.85,308.19,307.92,311.78,315.01,316.88,317.85,318.41,318.83
289.08,297.08,288.01,297.31,302.84,307.12,315.0,317.13,318.17,319.14,319.87,320.4
372.32,396.63,367.7,370.08,371.23,372.44,373.43,375.09,376.73,378.04,379.04,379.85
295.63,311.22,303.95,315.77,307.86,307.18,311.24,314.74,316.79,317.83,318.41,318.83
283.38,291.44,287.48,295.28,310.12,314.45,320.56,326.32,331.17,337.49,340.12,336.98
274.37,285.09,297.85,303.05,319.7,339.49,350.95,352.98,352.63,352.51,352.64,352.83
289.07,297.11,288.07,297.38,302.86,307.1,315.04,317.22,318.23,319.19,319.91,320.45
279.42,288.68,291.47,299.23,315.75,328.58,338.08,342.06,343.34,344.12,346.64,351.95
404.64,439.39,411.7,389.09,367.97,359.41,358.13,358.52,358.92,359.11,359.18,359.19
347.89,355.44,325.0,339.17,339.91,340.63,342.61,345.09,347.18,348.73,349.91,350.88
284.51,292.35,286.83,294.62,307.93,310.55,315.58,321.57,328.5,335.07,333.52,331.2
262.56,273.0,286.69,289.45,310.57,337.75,358.47,365.16,362.84,359.67,358.13,357.74
296.4,313.65,304.28,315.46,307.47,306.83,310.96,314.51,316.58,317.63,318.23,318.66
296.7,314.57,304.43,315.49,307.53,306.97,311.07,314.57,316.61,317.64,318.23,318.66
303.71,324.69,305.88,316.81,310.42,310.49,313.42,315.81,317.19,317.93,318.41,318.8
365.98,388.95,360.26,364.88,365.69,367.35,368.5,370.12,371.74,373.06,374.12,374.98
486.83,563.08,542.38,528.68,515.15,493.77,472.07,461.94,458.6,457.25,458.4,461.29
425.48,470.68,447.76,438.24,437.77,442.92,449.03,453.64,456.06,457.02,457.42,457.66
384.36,409.87,384.51,394.23,430.9,466.43,480.08,478.26,474.76,473.46,473.17,473.15
321.1,336.13,311.29,325.45,331.36,363.77,411.76,439.93,444.74,445.96,447.19,448.19
380.92,405.7,376.49,376.14,380.72,399.75,440.43,472.24,482.84,488.33,485.1,479.24
376.36,401.01,371.97,372.93,374.67,379.9,400.24,441.87,472.69,481.4,484.22,485.93
268.82,276.19,290.96,299.03,318.91,340.72,357.48,380.84,425.55,476.23,498.96,503.43
283.99,291.59,286.34,293.82,307.73,310.62,316.46,326.61,351.49,404.55,453.45,466.49
370.79,394.99,366.21,369.2,370.49,371.99,373.23,375.67,381.92,403.34,443.72,472.65
266.38,274.12,287.49,296.05,319.08,340.88,352.77,354.74,354.98,359.76,381.26,426.3
367.73,391.31,362.54,366.68,367.87,369.7,371.03,372.83,374.64,376.71,382.37,403.38
248.18,266.91,281.98,286.76,309.14,335.35,352.69,357.78,358.78,359.45,360.75,366.2
266.15,273.12,284.16,288.33,312.43,342.53,358.2,358.98,356.72,355.71,355.69,356.56
289.65,297.19,287.27,297.07,302.96,306.62,310.1,312.92,315.52,317.21,318.16,318.83
360.74,381.95,352.96,359.51,359.68,362.31,364.14,366.08,367.86,369.3,370.46,371.43
380.97,404.28,373.83,373.55,373.78,374.35,376.13,381.12,383.15,379.0,376.5,376.04
291.51,299.9,290.43,306.69,309.06,304.66,307.62,312.12,315.2,316.88,317.75,318.28
262.96,272.0,283.82,287.79,310.2,339.32,359.75,362.43,359.33,357.22,356.59,356.56
281.6,289.08,285.97,292.46,308.86,314.14,321.46,328.33,333.2,338.24,343.37,340.97
284.96,291.72,284.69,292.01,302.97,303.86,308.23,314.71,323.55,329.01,327.18,325.72
290.94,298.99,288.9,302.01,308.59,306.37,308.48,312.41,315.31,316.97,317.84,318.39
309.77,328.48,305.83,316.69,310.53,310.57,313.34,315.59,316.88,317.58,318.03,318.41
315.71,332.33,307.18,318.01,312.93,312.52,314.41,316.08,317.08,317.67,318.08,318.43
322.37,336.41,309.02,319.9,315.36,314.24,315.3,316.5,317.29,317.8,318.2,318.54
356.05,373.56,345.63,353.59,352.44,355.13,357.04,358.95,360.67,362.09,363.25,364.22
420.68,458.96,423.72,395.54,371.66,360.96,359.07,359.37,359.79,359.99,360.06,360.07
516.83,763.39,680.91,593.79,557.35,520.48,483.01,446.22,424.74,413.01,407.04,407.38
356.55,376.71,358.97,381.99,429.93,462.65,470.26,473.32,475.04,475.74,476.03,476.2
426.8,468.32,439.36,424.34,426.07,437.68,448.43,454.06,456.41,457.29,457.67,457.92
415.32,453.44,421.24,402.07,396.34,416.27,440.63,452.2,455.07,455.69,456.0,456.25
298.83,319.59,304.51,317.01,315.5,330.01,374.46,421.07,441.13,444.25,445.55,446.83
442.87,494.99,478.29,472.84,467.23,457.52,454.82,457.55,460.57,462.15,462.8,463.1
293.91,307.74,310.22,333.99,359.27,394.19,420.58,436.03,442.75,445.76,447.47,448.69
442.87,495.89,479.2,473.68,468.21,458.26,455.36,458.06,461.11,462.71,463.37,463.67
381.49,406.81,386.89,406.67,449.69,473.73,481.61,487.45,483.39,477.59,475.34,474.9
254.75,269.79,285.61,297.79,347.3,433.04,495.37,511.97,513.63,513.69,515.82,519.97
255.62,269.76,283.93,290.02,321.59,386.49,459.89,502.91,512.54,513.25,513.91,517.14
241.87,262.19,277.21,282.78,308.23,347.82,408.52,470.48,504.7,512.26,512.84,513.13
252.27,268.01,281.4,286.13,308.86,337.71,370.42,416.96,475.33,505.66,512.38,512.96
240.72,261.05,275.16,280.12,303.62,328.6,351.02,374.37,417.6,475.78,505.69,512.33
507.22,635.07,570.92,531.61,506.24,476.46,450.16,440.52,438.55,429.96,419.39,412.7
237.47,260.78,285.03,305.37,363.44,441.77,496.7,510.65,511.96,511.96,512.62,513.57
245.36,265.4,282.07,294.54,343.42,428.62,493.28,511.42,513.4,513.19,513.71,514.6
241.75,262.36,276.65,283.14,315.54,378.64,454.14,501.01,511.94,512.78,512.85,513.54
251.22,266.95,278.74,283.5,308.84,348.81,409.49,471.1,504.6,511.95,512.51,512.82
261.74,269.94,278.85,283.53,307.03,336.17,372.98,423.36,475.56,500.32,505.06,505.2
314.8,330.15,304.1,314.71,306.81,306.52,312.91,326.07,359.55,409.03,440.49,445.61
317.76,332.14,305.11,315.44,307.88,307.8,312.04,317.4,329.26,362.58,411.31,441.21
300.99,319.64,299.59,311.36,303.49,298.53,301.55,308.27,315.08,327.37,360.02,408.57
300.1,319.34,300.12,311.92,303.78,298.88,302.02,308.46,313.41,318.1,329.34,362.04
305.55,324.79,302.93,314.26,305.6,302.98,307.83,312.87,315.98,317.86,320.88,331.66
310.93,329.05,304.98,315.73,307.5,306.82,311.25,315.08,317.3,318.46,319.4,322.1
320.72,335.63,308.19,318.08,311.61,311.69,314.63,317.03,318.42,319.18,319.73,320.55
316.62,343.13,321.43,331.53,327.15,326.25,327.08,328.24,329.18,329.92,330.57,331.21
407.91,460.84,438.63,410.3,385.91,372.69,369.55,369.42,369.68,369.81,369.85,369.97
321.86,337.13,311.06,320.61,314.71,314.43,316.71,318.71,319.9,320.59,321.07,321.52
299.58,319.92,301.65,313.34,304.65,300.36,304.41,310.45,314.51,316.64,317.66,318.22
292.07,303.65,298.1,312.23,304.68,298.6,299.96,306.46,312.12,315.43,317.1,317.93
274.01,281.45,286.57,291.85,311.81,327.59,339.88,345.37,346.75,346.94,347.08,347.35
281.39,286.32,280.42,287.02,300.46,299.72,304.82,312.34,320.38,328.28,335.02,333.35
288.21,297.06,288.22,297.78,301.04,303.06,311.21,314.86,317.52,319.46,320.61,321.31
272.4,280.97,291.41,297.41,316.75,336.85,348.96,351.72,351.62,351.52,351.65,351.83
267.14,272.84,283.44,293.21,316.89,338.32,350.6,353.11,352.82,352.68,352.8,352.97
271.31,278.33,288.38,294.79,315.17,335.36,347.92,351.17,351.23,351.13,351.24,351.41
289.52,297.01,287.0,298.61,307.2,303.68,304.24,309.32,313.71,316.34,317.71,318.45
270.56,277.38,289.46,296.85,316.82,337.56,349.73,352.31,352.11,352.0,352.13,352.3
278.93,287.18,288.2,294.9,312.7,323.45,333.1,338.61,340.9,341.77,342.92,346.94
269.11,275.25,288.25,297.25,318.01,339.06,351.03,353.26,352.93,352.81,352.94,353.11
409.73,445.77,414.06,389.99,368.13,359.13,357.77,358.15,358.55,358.74,358.8,358.82
294.95,311.19,302.17,313.85,305.09,301.71,306.33,311.62,314.92,316.61,317.44,317.94
302.38,323.2,304.69,315.67,308.08,307.89,311.7,314.83,316.62,317.53,318.06,318.45
362.2,383.99,355.59,361.47,361.91,364.0,365.41,367.12,368.77,370.13,371.24,372.15
351.84,361.69,335.5,347.42,345.13,346.9,348.42,350.1,351.67,352.99,354.07,355.0
373.86,398.43,369.57,371.36,372.55,373.68,374.66,376.35,378.02,379.32,380.31,381.11
372.47,397.0,368.29,370.56,371.78,373.0,374.01,375.7,377.37,378.67,379.68,380.48
376.2,401.01,372.08,372.94,374.02,374.89,375.76,377.42,379.08,380.37,381.38,382.44
357.31,374.16,347.68,355.08,354.13,356.03,357.2,358.64,360.11,361.4,362.48,363.39
344.44,352.49,321.56,331.4,330.43,334.65,337.6,341.01,344.35,346.75,348.34,349.49
375.2,399.97,371.13,372.36,373.48,374.44,375.34,377.01,378.67,379.96,380.94,381.77
355.2,368.99,343.46,351.99,350.34,352.25,353.47,354.91,356.38,357.65,358.73,359.64
373.34,398.1,369.47,371.34,372.52,373.62,374.57,376.24,377.89,379.19,380.18,380.97
265.51,274.1,287.48,293.97,319.06,342.27,354.23,355.73,354.95,354.7,354.8,354.95
260.39,272.14,286.25,289.29,310.32,336.39,353.23,359.37,364.79,366.35,363.34,360.44
320.49,335.71,309.11,320.34,315.92,314.64,315.53,316.64,317.4,317.91,318.3,318.65
295.31,309.98,303.25,315.43,307.38,306.36,310.56,314.29,316.48,317.6,318.22,318.65
233.58,255.52,273.28,279.08,302.37,326.39,346.28,354.8,356.99,357.83,358.5,359.07
245.14,264.48,279.25,284.46,307.42,333.25,351.09,356.83,358.05,358.69,359.29,359.81
264.39,271.92,282.6,286.97,309.67,338.71,359.16,361.9,358.83,356.74,356.12,356.1
469.77,532.51,519.73,513.79,508.57,497.08,482.42,473.8,470.87,469.82,468.59,466.86
274.93,286.0,302.35,322.99,379.58,455.58,495.74,506.55,511.91,519.12,525.12,528.24
296.76,315.9,305.23,323.7,330.58,363.26,402.38,430.3,440.42,443.76,445.6,446.94
302.1,322.51,304.16,317.12,316.82,333.7,379.08,423.75,441.21,444.09,445.46,446.76
303.26,323.59,304.24,315.57,309.71,317.26,344.56,394.24,434.55,443.84,445.12,446.32
305.99,325.76,304.8,315.8,308.87,310.8,323.18,355.18,404.95,438.68,444.61,445.61
323.95,337.04,308.95,319.66,315.12,314.35,317.61,328.7,361.14,409.54,439.93,444.9
324.52,337.66,309.78,320.62,316.08,314.79,315.96,319.25,330.04,362.59,410.83,440.64
336.94,346.0,315.04,325.55,320.63,319.45,325.24,333.33,339.98,355.99,398.21,445.84
348.63,357.32,329.93,343.19,339.9,342.1,344.87,347.44,349.8,353.95,368.5,409.03
379.17,401.77,370.81,371.62,372.33,373.36,374.97,379.21,383.52,380.76,379.86,389.7
358.99,379.0,350.27,357.33,357.03,359.67,361.5,363.41,365.16,366.65,368.23,372.1
428.26,467.46,430.64,399.9,374.74,362.54,360.11,360.38,361.32,364.79,377.13,407.26
341.91,349.53,318.03,328.65,327.27,332.03,335.83,339.52,343.19,346.48,352.85,374.14
332.99,342.84,313.68,324.4,319.46,317.12,317.1,317.95,319.9,326.21,334.74,343.25
316.14,332.43,307.93,318.61,313.47,312.97,314.77,316.4,317.39,317.97,318.47,319.48
310.81,329.23,306.14,316.97,310.98,310.97,313.6,315.75,316.98,317.65,318.1,318.55
309.27,327.97,305.36,316.22,309.61,309.69,312.8,315.29,316.71,317.45,317.92,318.29
308.77,328.2,306.14,317.05,310.97,310.98,313.67,315.86,317.12,317.8,318.24,318.61
307.82,327.82,306.38,317.31,311.3,311.29,313.92,316.07,317.32,317.99,318.43,318.8
315.05,332.54,308.0,319.04,314.26,313.58,315.12,316.59,317.51,318.06,318.46,318.81
361.36,382.94,354.31,360.57,360.93,363.34,365.0,366.85,368.57,369.98,371.11,372.05
328.35,339.74,311.89,322.67,317.97,316.12,316.51,317.36,318.02,318.5,318.98,319.99
313.5,331.13,307.5,318.31,313.05,312.67,314.64,316.37,317.4,317.99,318.41,318.76
308.46,328.57,307.05,318.06,312.57,312.36,314.58,316.47,317.57,318.19,318.61,318.97
306.89,327.96,307.65,318.79,313.61,313.23,315.18,316.9,317.93,318.53,318.95,319.31
308.34,329.09,308.13,319.39,314.51,313.91,315.56,317.1,318.05,318.62,319.03,319.38
408.03,443.87,415.57,391.12,369.2,360.08,358.64,359.01,359.41,359.6,359.67,359.68
304.77,326.54,307.77,318.87,313.56,313.25,315.29,317.08,318.14,318.74,319.15,319.51
309.07,329.73,308.51,319.88,315.18,314.41,315.85,317.27,318.16,318.71,319.11,319.47
383.99,409.57,380.56,378.11,377.86,377.55,378.32,381.57,386.49,384.55,380.19,378.43
415.14,453.76,421.07,393.92,370.78,360.75,359.09,359.43,359.84,360.04,360.1,360.11
418.34,457.71,423.68,395.41,371.75,361.24,359.43,359.76,360.17,360.37,360.43,360.44
338.18,348.07,319.29,329.26,323.63,320.15,319.26,321.05,327.83,335.42,339.56,343.32
454.88,512.88,490.43,481.34,477.73,466.5,459.97,460.84,463.8,465.76,466.62,466.98
343.05,353.65,331.54,351.16,393.67,438.89,457.98,463.17,466.11,468.3,469.41,469.91
325.49,339.72,315.53,333.54,349.53,394.93,433.96,444.63,446.51,447.78,448.87,449.68
349.52,358.22,328.95,343.74,353.59,387.31,436.64,462.49,467.11,468.86,470.01,470.56
317.36,334.68,310.94,322.74,319.84,326.15,352.98,401.84,438.18,445.43,446.52,447.65
312.89,332.21,309.38,320.95,316.71,317.21,326.46,355.09,403.87,438.91,445.53,446.55
316.14,334.22,310.03,321.72,317.33,316.09,318.5,328.04,356.89,405.3,439.42,445.7
306.87,328.12,308.0,319.23,314.26,313.78,315.79,319.17,328.8,357.85,406.24,439.97
308.92,329.57,308.39,319.72,314.97,314.25,315.79,317.51,320.22,329.54,358.71,407.04
303.42,325.2,307.26,318.29,312.74,312.57,314.85,316.83,318.23,320.7,329.99,359.4
315.98,334.06,309.87,321.52,317.09,315.66,316.39,317.42,318.18,318.94,321.17,330.44
303.8,325.58,307.37,318.42,312.94,312.74,314.95,316.85,317.97,318.64,319.35,321.58
394.52,420.73,392.34,387.72,377.54,367.53,363.67,363.12,363.39,363.65,363.81,364.19
310.64,330.6,309.0,320.33,315.66,314.77,316.07,317.42,318.28,318.81,319.21,319.61
322.11,337.79,311.71,323.46,318.85,316.78,316.93,317.65,318.27,318.73,319.1,319.45
306.94,328.23,308.11,319.36,314.42,313.87,315.59,317.17,318.14,318.71,319.13,319.48
316.06,334.15,309.96,321.63,317.2,315.74,316.44,317.45,318.17,318.66,319.04,319.38
316.09,334.18,309.99,321.66,317.24,315.76,316.45,317.46,318.18,318.66,319.05,319.39
327.18,341.07,313.62,325.22,320.28,317.7,317.41,317.93,318.47,318.91,319.28,319.63
359.02,377.62,351.76,358.31,358.06,359.67,360.62,361.96,363.39,364.64,365.7,366.59
378.48,404.27,375.86,375.46,376.23,376.65,377.33,378.93,380.56,381.82,382.83,384.08
419.05,458.75,424.53,395.94,372.13,361.48,359.62,359.93,360.35,360.55,360.61,360.62
423.05,463.49,427.89,397.93,373.49,362.17,360.1,360.38,360.8,361.01,361.08,361.08
445.92,493.76,455.14,426.57,420.62,432.4,449.3,458.73,462.32,463.57,464.06,464.34
433.04,476.5,441.84,419.13,416.04,431.31,448.8,457.15,459.9,460.81,461.21,461.47
424.13,465.18,430.19,403.93,392.46,408.72,436.8,453.87,458.44,459.25,459.56,459.82
495.65,587.73,558.57,537.22,520.17,496.08,471.46,462.76,462.58,460.52,452.68,442.77
508.8,652.2,580.71,536.58,509.76,479.54,454.4,444.72,436.11,423.82,413.8,408.91
437.32,493.36,475.44,469.58,463.29,454.5,452.71,455.67,458.65,460.21,460.89,461.23
472.86,541.79,526.84,518.88,513.21,501.86,486.6,476.51,472.8,471.54,470.3,468.54
434.51,488.53,470.31,464.43,458.79,452.3,452.18,455.65,458.54,459.91,460.47,460.75
394.77,425.16,408.76,418.07,435.61,449.45,456.4,459.88,461.45,462.03,462.27,462.43
426.46,471.22,438.63,417.98,416.22,431.25,447.51,455.1,457.62,458.43,458.78,459.02
379.66,409.31,384.65,386.47,405.29,444.69,474.45,483.91,487.33,489.12,490.57,493.38
365.05,390.42,364.92,369.26,375.06,396.94,439.34,470.44,478.79,481.35,482.62,483.21
331.39,343.95,317.28,328.32,323.59,324.26,337.92,379.55,426.3,445.03,447.33,448.55
335.29,346.34,318.32,328.78,323.35,320.61,323.39,338.27,380.52,429.31,454.42,461.38
316.99,334.72,310.94,322.6,318.11,316.54,317.67,322.42,337.86,379.83,426.22,444.53
317.44,335.23,310.82,322.6,318.13,316.42,316.98,318.5,323.14,338.78,381.13,427.17
312.0,332.12,309.81,321.46,316.98,315.75,316.71,317.95,319.47,324.44,341.45,385.41
308.91,330.18,309.32,320.81,316.21,315.27,316.52,317.86,318.83,320.2,325.5,343.75
321.17,337.72,312.1,323.97,319.33,317.2,317.29,318.0,318.62,319.18,320.33,325.28
318.75,336.0,311.05,322.88,318.38,316.54,316.89,317.71,318.36,318.85,319.32,320.31
341.79,351.88,321.74,330.79,325.75,326.16,332.76,337.49,341.35,344.88,347.34,349.06
376.27,402.79,375.12,375.26,376.23,376.83,377.57,379.19,380.82,382.06,382.99,383.75
367.17,392.47,365.9,369.22,370.41,371.65,372.54,374.08,375.64,376.9,377.88,378.68
370.72,396.87,369.87,371.98,373.21,374.25,375.11,376.72,378.32,379.58,380.54,381.3
387.52,414.31,385.89,381.36,379.44,378.87,382.48,384.26,379.8,376.89,376.18,376.25
372.62,398.44,370.81,372.44,373.56,374.47,375.3,376.9,378.52,379.78,380.74,381.51
393.48,419.93,390.99,385.45,380.71,372.24,366.94,365.46,365.49,365.74,365.89,365.96
386.26,412.27,383.36,379.73,378.53,377.82,379.76,384.77,383.58,379.17,377.29,377.02
369.99,395.06,367.47,370.15,371.25,372.34,373.21,374.79,376.39,377.67,378.65,379.45
503.79,617.86,570.69,537.42,516.51,490.67,465.82,456.58,453.85,446.59,436.03,427.24
460.88,532.72,518.56,511.8,506.47,494.55,479.91,471.82,469.17,468.13,466.81,465.03
365.36,390.88,374.46,397.13,443.22,469.99,476.23,479.46,481.22,481.95,482.33,482.61
348.35,357.18,329.0,347.4,379.65,430.81,459.04,465.25,467.73,469.23,469.93,470.27
373.12,398.64,371.04,374.76,388.57,426.64,464.1,478.65,482.83,484.78,485.76,486.35
372.52,397.92,370.06,372.19,375.92,390.78,429.27,466.06,479.19,482.81,484.47,485.27
352.14,361.76,334.72,347.48,346.53,350.38,364.53,405.64,450.47,466.5,469.24,470.6
342.52,351.61,321.9,330.78,325.34,324.24,332.37,349.46,390.36,442.17,463.69,466.65
346.82,355.33,324.83,334.25,334.99,338.12,340.51,346.21,361.99,403.59,448.91,465.12
350.82,359.76,331.2,344.65,344.36,345.27,346.77,349.04,353.46,368.24,408.96,451.92
374.45,399.99,371.85,372.98,374.0,374.79,375.58,377.25,379.31,383.54,399.28,436.61
356.14,370.3,345.59,353.73,352.49,354.18,355.16,356.47,357.93,359.59,363.45,378.46
353.83,364.94,339.69,350.25,348.51,350.14,351.27,352.68,354.15,355.48,356.95,360.63
376.99,402.65,374.29,374.48,375.34,375.91,376.62,378.23,379.86,381.12,382.13,383.34
359.49,378.31,352.4,358.79,358.59,360.14,361.03,362.35,363.77,365.02,366.07,367.01
458.54,518.57,496.83,487.26,483.19,471.0,462.03,461.46,464.13,466.29,467.32,467.76
429.23,474.64,452.82,444.18,443.87,447.46,452.48,456.81,459.23,460.21,460.61,460.85
423.57,464.88,434.37,417.58,419.1,434.85,449.52,456.08,458.32,459.11,459.48,459.73
417.84,457.36,424.59,401.31,391.96,410.62,438.41,453.78,457.63,458.32,458.62,458.88
435.44,479.15,443.54,419.63,415.6,430.47,448.31,457.07,459.98,460.93,461.34,461.61
519.45,783.3,705.36,610.63,567.13,532.66,496.25,455.12,429.67,419.33,411.42,403.15
444.39,506.94,490.26,484.42,477.65,464.01,456.26,455.48,457.24,459.02,460.32,461.19
424.76,472.49,453.25,446.93,444.19,445.35,449.53,453.82,456.28,457.27,457.67,457.89
489.53,570.24,547.2,531.73,516.47,493.16,470.09,459.63,457.4,459.98,461.39,458.14
469.54,537.64,523.32,515.94,510.81,499.93,485.25,475.67,472.19,471.05,469.89,468.22
399.68,435.56,422.97,421.43,429.85,442.96,451.52,455.65,457.38,458.04,458.33,458.53
373.2,398.87,373.64,384.44,419.83,459.44,475.89,480.93,483.41,484.6,485.2,485.66
375.1,400.78,373.12,376.16,389.88,427.61,464.57,478.91,483.08,485.02,485.99,486.56
371.76,397.1,369.39,371.77,375.53,390.52,429.15,465.93,478.96,482.53,484.18,484.98
371.61,396.93,369.17,371.33,372.81,376.63,391.94,431.28,467.15,479.33,482.66,484.18
440.25,485.74,449.94,425.95,423.49,435.72,450.29,457.93,460.92,462.01,462.46,462.73
365.97,389.89,363.38,370.85,389.78,433.03,467.01,477.17,480.41,482.05,482.83,483.26
367.54,392.0,364.79,368.86,374.31,395.64,438.15,469.9,478.62,481.38,482.79,483.44
369.59,394.59,367.08,369.96,371.75,377.63,399.37,441.83,471.91,479.89,482.44,483.71
509.7,680.53,596.04,541.4,508.73,476.4,452.41,435.75,419.58,407.33,401.02,400.1
454.63,526.64,512.95,507.39,501.94,489.07,475.04,468.39,466.33,465.25,463.78,462.14
372.96,401.28,384.9,407.05,450.87,474.19,480.03,483.53,485.5,486.48,487.17,487.8
362.7,386.86,364.35,377.6,414.21,456.34,473.89,478.53,480.68,481.72,482.22,482.56
364.9,391.5,367.27,372.76,387.08,425.8,463.64,477.87,481.63,483.3,484.12,484.58
381.84,411.54,385.91,383.45,386.36,400.12,437.11,471.63,484.18,488.15,491.56,493.12
405.41,445.73,425.0,399.7,377.26,368.8,376.21,403.18,438.54,458.62,462.99,463.45
410.64,453.47,427.11,399.21,375.75,365.27,365.53,375.82,403.65,438.34,457.56,461.72
443.47,497.11,464.5,443.18,445.5,451.84,458.37,463.03,465.81,467.01,467.47,467.7
418.3,462.49,432.03,408.71,401.53,420.98,445.95,457.87,460.82,461.51,461.84,462.09
408.94,448.16,421.82,396.89,380.81,388.56,420.37,448.84,458.63,460.04,460.27,460.51
456.24,519.97,499.08,490.48,487.37,475.76,465.74,464.17,466.43,468.49,469.46,469.83
461.19,534.1,518.72,511.26,506.38,495.75,481.22,472.25,469.17,468.31,467.66,467.03
438.14,494.85,475.96,470.3,465.53,457.19,455.39,458.25,461.04,462.39,462.9,463.13
365.77,393.24,376.48,397.3,443.58,472.3,479.16,482.53,484.46,485.46,486.19,486.89
438.6,488.95,463.13,450.35,450.56,452.14,455.55,459.55,462.2,463.34,463.78,464.02
334.91,347.04,322.67,341.38,369.05,415.73,442.06,447.2,448.75,450.48,454.38,462.11
313.92,333.17,310.99,325.22,330.73,361.87,410.37,440.32,445.58,446.8,448.03,449.04
308.56,329.77,309.1,320.98,319.08,328.98,365.27,414.75,441.96,445.93,446.94,448.13
328.71,342.67,315.28,326.77,322.09,322.26,334.15,372.48,420.35,443.44,446.49,447.5
344.46,354.33,324.26,332.71,330.09,334.61,341.84,360.72,408.28,453.33,465.89,467.88
325.8,340.42,314.67,326.27,321.29,318.73,318.89,322.75,336.88,377.19,424.35,444.8
327.91,341.98,315.47,326.91,321.79,318.97,318.52,319.53,323.76,338.8,380.54,427.02
362.44,384.78,358.66,363.73,364.37,365.77,366.64,368.14,370.42,376.86,399.93,441.88
336.97,347.6,319.5,329.53,323.92,320.43,319.3,319.71,321.84,329.28,341.66,365.49
322.93,338.21,313.06,324.77,320.0,317.71,317.66,318.3,318.9,319.47,320.7,326.1
331.75,343.99,316.32,327.4,322.1,319.03,318.29,318.62,319.11,319.59,320.37,323.48
348.23,356.91,326.64,337.94,339.91,341.14,342.9,345.58,347.93,349.65,350.94,352.11
354.52,366.44,341.6,351.35,349.72,351.39,352.45,353.82,355.25,356.51,357.58,358.51
378.13,403.89,375.49,375.22,375.99,376.44,377.11,378.71,380.34,381.59,382.55,383.51
378.65,404.42,375.97,375.51,376.24,376.63,377.28,378.88,380.51,381.76,382.77,384.04
362.21,383.81,357.18,362.55,362.99,364.43,365.33,366.72,368.2,369.46,370.49,371.36
365.3,388.83,361.7,366.01,366.88,368.22,369.13,370.63,372.17,373.44,374.46,375.3
364.78,388.05,360.98,365.48,366.28,367.64,368.56,370.04,371.57,372.85,373.87,374.71
343.21,352.15,322.25,331.0,325.87,326.06,332.6,337.4,341.24,344.77,347.23,348.83
352.02,361.57,334.48,347.28,345.98,347.26,348.55,350.18,351.76,353.1,354.19,355.13
361.6,382.7,356.15,361.76,362.08,363.56,364.46,365.85,367.31,368.58,369.61,370.48
373.36,398.79,370.73,372.27,373.34,374.22,375.04,376.65,378.27,379.55,380.51,381.28
348.79,357.26,327.14,339.14,340.88,341.8,343.53,346.04,348.24,349.88,351.11,352.11
328.95,341.66,315.09,326.47,321.36,318.57,318.08,318.52,319.03,319.46,319.83,320.17
338.53,348.51,319.51,329.39,323.73,320.25,319.57,322.62,330.78,336.93,340.78,344.37
433.78,476.47,438.15,404.32,378.27,364.65,361.71,361.82,362.27,362.51,362.59,362.64
428.72,470.17,433.01,401.05,375.73,363.33,360.86,361.07,361.51,361.75,361.95,362.86
375.33,400.87,372.61,373.44,374.42,375.16,375.93,377.54,379.17,380.44,381.42,382.35
292.25,301.53,291.51,305.12,311.4,311.9,313.15,315.45,317.24,318.29,318.93,319.41
272.46,281.76,296.88,302.21,319.66,340.26,351.96,353.93,353.54,353.42,353.56,353.74
275.21,286.39,298.66,303.86,320.01,339.38,350.64,352.66,352.32,352.2,352.34,352.55
283.85,292.21,288.32,296.64,310.92,315.21,321.08,326.35,330.42,335.44,340.37,337.87
509.48,678.27,594.08,540.47,507.8,474.92,450.86,435.32,419.42,407.1,400.78,399.89
373.05,400.93,383.49,405.57,449.36,472.93,478.81,482.31,484.22,485.08,485.61,486.14
298.59,319.48,308.51,326.72,337.31,377.55,419.89,439.91,444.23,445.98,447.37,448.45
300.18,321.4,306.85,319.58,321.15,342.02,389.76,432.1,443.94,445.73,447.01,448.2
298.44,318.04,306.1,317.21,312.39,320.64,349.63,399.74,437.48,445.15,446.32,447.55
305.95,327.21,307.56,318.74,313.84,315.52,326.85,359.46,408.79,440.39,445.62,446.62
312.78,332.0,309.01,320.47,316.0,315.26,318.54,329.73,362.6,411.16,441.07,445.81
368.12,392.51,364.79,368.28,369.4,370.79,372.2,376.73,393.05,431.95,466.79,478.51
357.82,374.89,349.25,356.37,355.73,357.48,358.55,360.32,364.58,380.1,420.34,459.15
339.46,348.92,319.66,329.43,323.78,320.44,320.72,326.89,335.06,341.77,357.93,400.34
310.84,330.66,308.87,320.17,315.47,314.62,315.97,317.35,318.26,319.13,321.77,332.37
339.71,349.65,319.53,329.3,323.81,321.59,326.15,333.82,338.17,342.07,345.62,350.36
317.37,334.68,310.36,321.91,317.44,315.91,316.56,317.54,318.25,318.74,319.17,319.85
309.21,329.71,308.33,319.63,314.84,314.15,315.69,317.17,318.08,318.64,319.05,319.44
301.47,323.08,306.74,317.63,311.54,311.55,314.24,316.46,317.74,318.44,318.9,319.29
307.49,328.45,307.91,319.13,314.14,313.63,315.4,317.02,318.0,318.59,319.0,319.36
305.14,326.68,307.49,318.59,313.26,312.98,315.06,316.88,317.96,318.57,319.0,319.37
309.2,329.72,308.35,319.66,314.89,314.18,315.71,317.18,318.1,318.65,319.06,319.41
395.93,422.59,395.7,389.6,374.42,364.6,361.78,361.66,362.01,362.25,362.35,362.38
295.48,308.99,303.27,316.67,309.56,309.09,312.55,315.53,317.29,318.21,318.76,319.17
305.55,327.05,307.64,318.77,313.53,313.2,315.2,316.97,318.03,318.64,319.07,319.43
316.39,334.43,310.1,321.74,317.3,315.83,316.53,317.54,318.26,318.75,319.14,319.48
317.62,335.34,310.66,322.36,317.9,316.26,316.8,317.72,318.41,318.9,319.28,319.63
299.19,319.86,306.68,317.47,311.01,311.09,314.04,316.46,317.86,318.62,319.1,319.49
298.89,319.16,306.48,317.27,310.73,310.81,313.83,316.3,317.74,318.51,319.0,319.4
299.26,319.81,306.54,317.33,310.9,310.97,313.92,316.34,317.75,318.51,319.0,319.4
297.27,314.92,305.8,316.93,310.07,310.06,313.31,315.99,317.56,318.39,318.91,319.31
300.62,321.97,306.74,317.58,311.45,311.48,314.21,316.47,317.79,318.51,318.99,319.38
296.28,311.56,304.74,316.76,309.74,309.56,312.92,315.74,317.4,318.28,318.82,319.24
301.68,323.25,306.84,317.75,311.83,311.81,314.39,316.53,317.79,318.49,318.96,319.35
302.47,324.0,306.68,317.62,311.72,311.7,314.27,316.41,317.66,318.36,318.82,319.21
319.39,335.87,310.33,322.06,317.63,315.93,316.4,317.28,317.96,318.43,318.81,319.15
430.96,472.64,435.06,402.61,378.18,371.45,386.46,420.65,449.25,458.82,460.06,460.18
486.41,563.28,542.65,528.89,515.9,495.31,473.73,463.33,459.89,458.43,459.06,462.11
508.61,649.97,579.06,535.42,508.53,478.08,452.33,443.07,435.96,424.01,413.86,408.84
308.89,331.93,319.12,340.11,375.15,417.58,438.9,444.44,446.6,448.05,449.1,449.89
220.01,245.77,276.59,288.27,327.79,394.46,451.83,494.32,511.17,515.17,516.25,517.24
215.61,240.64,271.75,279.71,306.91,355.53,411.51,452.25,482.21,503.15,513.32,516.98
194.64,218.41,256.55,273.18,298.51,328.61,374.8,424.11,463.62,479.97,483.12,483.01
186.96,205.02,241.05,260.82,284.85,302.56,328.85,370.82,418.39,457.73,474.81,478.49
185.1,193.59,223.27,247.73,262.32,280.91,299.73,323.27,363.65,410.83,449.55,467.82
172.83,174.75,201.68,223.95,242.87,254.71,264.17,277.16,298.89,341.56,395.32,434.26
161.21,166.45,196.7,217.42,227.25,229.3,231.02,234.78,245.3,262.98,288.27,335.39
164.72,169.46,197.91,217.55,227.09,229.04,230.36,231.59,232.98,235.99,245.39,260.17
174.49,176.57,200.79,217.82,226.56,228.37,229.59,230.72,231.78,232.97,235.6,243.42
165.7,170.97,198.7,218.36,228.24,230.52,232.09,233.44,234.58,235.52,236.69,240.58
163.1,168.91,197.76,217.93,227.82,230.02,231.51,232.84,233.97,234.88,235.67,236.95
160.84,167.11,196.9,217.21,226.84,228.79,230.08,231.27,232.34,233.27,234.04,234.71
161.34,167.53,197.08,217.24,226.84,228.78,230.07,231.26,232.34,233.26,234.03,234.65
268.26,259.57,250.77,249.83,238.29,231.82,229.7,235.22,236.77,229.68,224.99,223.27
166.37,171.15,198.57,217.6,226.98,228.92,230.23,231.43,232.51,233.43,234.18,234.77
161.43,167.61,197.12,217.31,226.94,228.91,230.22,231.43,232.51,233.43,234.19,234.81
177.21,177.64,200.63,216.86,225.25,226.89,227.97,228.98,229.93,230.79,231.55,232.19
202.07,190.0,193.93,201.93,207.59,208.01,207.83,207.58,207.31,207.04,206.81,206.63
226.08,207.03,199.24,204.32,209.63,210.07,209.94,209.75,209.52,209.3,209.11,208.96
235.62,213.17,201.84,205.77,210.71,211.09,211.03,211.33,213.68,217.84,217.22,215.15
279.28,277.52,256.11,250.92,239.65,233.15,234.23,240.59,234.92,228.17,224.98,223.88
271.42,269.62,254.33,249.97,238.59,232.26,231.84,239.1,235.13,228.13,224.56,223.33
322.4,314.0,281.63,261.24,259.97,255.12,245.59,243.37,243.12,243.14,243.23,243.35
263.25,244.89,230.21,233.45,229.46,229.77,233.43,230.48,227.38,226.66,232.11,233.99
248.2,226.53,214.02,220.29,218.97,216.43,214.56,213.45,212.96,212.87,212.96,213.14
263.64,245.42,230.65,233.96,230.81,232.79,233.52,229.32,226.96,227.37,234.06,232.04
256.69,234.24,220.61,225.39,222.32,218.88,216.88,216.02,215.74,216.16,219.24,225.75
226.27,206.85,199.12,204.17,209.44,209.87,209.74,209.53,209.3,209.07,208.87,208.72
240.3,226.29,211.52,213.55,217.88,218.2,218.35,219.49,223.61,225.88,224.02,222.28
239.67,231.34,216.57,217.97,222.13,222.41,222.43,222.44,222.59,223.73,227.88,230.25
238.35,235.55,221.77,222.65,226.7,226.97,227.01,227.06,227.24,228.44,233.84,243.7
236.63,232.62,218.96,220.49,224.81,225.13,225.18,225.2,225.21,225.33,226.26,230.97
249.91,242.1,226.32,225.53,230.3,234.96,235.57,233.68,232.09,231.01,230.78,233.33
245.1,239.47,224.33,223.9,227.18,227.33,227.71,229.89,234.55,234.99,233.85,236.41
313.45,305.79,274.01,273.45,261.13,263.04,255.83,247.28,244.59,244.24,244.25,244.41
243.65,238.51,223.7,223.39,226.74,227.29,229.77,234.3,234.19,232.28,231.11,232.16
495.04,548.51,467.97,426.45,395.22,379.12,372.4,372.66,376.14,378.98,380.1,380.08
252.61,247.61,240.68,251.07,260.23,259.3,257.0,255.7,255.43,257.96,267.1,283.5
266.85,256.76,242.26,253.56,254.76,252.59,251.14,250.52,250.84,253.72,260.79,268.75
262.62,253.77,238.11,243.98,247.95,251.04,251.18,251.28,251.46,252.29,256.19,266.46
264.18,254.87,238.74,243.32,241.96,245.57,249.25,250.05,250.73,251.78,255.84,267.47
263.53,258.45,244.34,246.84,244.29,244.32,252.86,265.04,280.73,311.5,348.1,370.87
397.99,429.27,401.58,383.94,365.05,358.44,361.47,375.71,408.19,440.64,454.19,456.36
422.01,457.36,421.74,394.93,371.33,361.72,365.65,383.99,418.47,446.97,456.48,457.69
432.66,470.07,435.6,413.48,407.61,424.07,444.9,455.36,458.5,459.4,459.81,460.11
430.97,470.06,441.7,427.57,429.85,440.79,450.78,456.21,458.61,459.55,459.98,460.26
412.88,448.97,417.67,401.58,398.93,420.32,443.8,454.02,456.45,457.05,457.39,457.67
451.89,505.33,487.09,480.42,475.95,464.48,458.67,459.86,462.73,464.54,465.34,465.7
493.17,576.0,550.31,533.22,515.97,490.32,466.26,457.49,458.76,458.88,452.85,443.13
460.88,543.62,534.66,531.05,529.95,524.72,518.79,509.66,499.76,493.13,490.11,490.46
355.7,386.55,380.2,407.04,453.95,477.57,482.58,485.34,487.1,488.35,489.49,490.55
352.52,373.23,354.65,370.96,408.4,453.99,472.73,476.81,478.46,479.26,479.65,479.91
368.26,396.31,370.79,375.73,391.29,430.65,467.98,481.95,485.97,487.82,488.91,489.86
445.2,503.29,484.9,480.01,479.13,469.82,464.3,465.07,467.45,468.9,469.46,469.67
344.73,355.68,332.5,356.71,404.96,450.7,464.39,468.01,470.09,471.12,471.57,471.8
353.85,369.28,344.63,359.57,384.55,434.16,464.38,470.94,473.19,474.5,475.11,475.4
359.1,379.53,351.79,359.94,368.57,403.14,448.17,470.65,475.58,477.62,478.74,479.25
347.29,355.17,324.99,339.9,341.89,351.16,384.29,434.96,462.39,466.87,468.39,469.47
344.85,352.9,321.93,332.3,332.94,338.04,348.87,383.52,435.13,462.3,466.49,467.92
344.12,352.48,321.83,331.2,328.82,333.28,338.69,350.91,386.81,437.37,462.74,466.64
349.73,358.26,329.29,343.41,343.12,344.08,345.99,349.81,361.41,396.61,443.17,464.82
351.62,361.03,333.79,346.86,345.52,346.83,348.24,350.22,353.9,366.31,403.44,448.04
345.12,353.7,323.29,332.14,329.94,334.1,337.58,340.97,344.78,349.59,362.81,401.04
343.75,352.56,322.45,331.2,326.66,328.63,334.63,338.53,342.4,345.95,350.36,363.39
317.34,334.63,310.85,322.4,317.89,316.28,316.85,317.8,318.5,319.02,319.68,321.92
274.99,286.3,298.84,304.04,320.16,339.59,350.85,352.84,352.48,352.36,352.54,353.12
301.67,323.24,306.87,317.78,311.9,311.87,314.41,316.54,317.78,318.47,318.94,319.36
304.65,326.25,307.53,318.65,313.39,313.07,315.11,316.9,317.98,318.6,319.03,319.41
315.09,333.6,309.82,321.48,317.06,315.66,316.42,317.46,318.2,318.69,319.08,319.42
345.46,354.66,323.9,334.12,335.28,338.13,340.2,343.39,346.29,348.34,349.76,350.84
377.83,403.44,374.95,374.86,375.69,376.2,376.9,378.51,380.14,381.4,382.36,383.31
415.88,454.73,421.77,394.32,371.05,360.9,359.2,359.54,359.95,360.14,360.2,360.21
369.19,393.94,366.3,369.33,370.43,371.62,372.53,374.12,375.72,377.0,378.0,378.81
373.25,398.62,370.54,372.14,373.22,374.13,374.96,376.58,378.2,379.48,380.45,381.22
358.26,375.59,350.1,357.0,356.47,358.11,359.04,360.36,361.77,363.02,364.07,364.97
339.08,348.77,319.8,329.56,323.88,320.4,319.86,323.65,332.07,337.58,341.41,344.89
376.28,401.84,373.48,373.97,374.9,375.56,376.31,377.92,379.55,380.82,381.77,382.53
410.45,447.49,417.55,392.04,369.69,360.27,358.77,359.13,359.53,359.73,359.79,359.8
421.92,462.02,426.73,397.21,372.97,361.88,359.88,360.17,360.59,360.8,360.86,360.87
304.39,326.24,307.73,318.81,313.46,313.17,315.26,317.07,318.14,318.74,319.16,319.52
314.57,333.25,309.66,321.28,316.84,315.52,316.35,317.44,318.18,318.68,319.07,319.41
296.96,313.79,305.51,316.9,309.99,309.94,313.2,315.9,317.48,318.31,318.83,319.23
322.77,338.18,311.77,323.52,318.89,316.78,316.89,317.6,318.21,318.67,319.04,319.38
303.07,324.9,307.24,318.24,312.62,312.48,314.81,316.78,317.94,318.58,319.02,319.39
294.36,305.13,298.53,315.71,310.58,309.49,312.54,315.43,317.21,318.17,318.75,319.18
293.99,304.25,296.91,314.75,310.78,309.45,312.38,315.29,317.12,318.11,318.7,319.14
278.76,289.01,294.6,302.35,317.98,333.06,342.86,345.8,346.27,346.45,346.88,348.57
302.98,324.5,306.85,317.82,312.07,311.99,314.44,316.5,317.71,318.39,318.85,319.23
307.54,328.38,307.82,319.04,314.05,313.55,315.32,316.95,317.94,318.53,318.95,319.32
445.07,498.75,478.95,471.97,467.6,458.74,456.19,458.93,461.98,463.58,464.22,464.52
369.58,395.79,376.33,396.32,442.86,472.32,479.65,483.35,485.56,486.78,487.73,488.65
389.17,414.97,387.25,389.92,416.12,455.34,470.33,469.63,469.16,469.31,469.45,469.56
365.47,389.1,362.08,367.94,378.95,414.41,455.78,474.54,479.17,481.19,482.21,482.7
377.77,403.37,374.92,375.1,377.92,389.63,424.65,463.21,479.46,483.72,485.57,486.66
355.25,368.4,343.66,352.48,351.26,355.02,366.85,403.86,448.88,467.88,471.32,472.8
357.59,374.07,348.75,355.98,355.27,357.25,360.31,372.96,410.41,453.15,470.24,473.56
368.05,392.5,364.93,368.38,369.45,370.76,372.02,375.85,389.56,425.99,463.17,477.66
349.93,358.57,329.28,342.71,343.13,343.9,345.54,347.94,351.97,364.74,402.46,447.43
353.04,363.47,337.66,349.14,347.39,348.97,350.19,351.73,353.55,357.06,369.81,407.54
328.83,341.52,314.93,326.31,321.23,318.48,318.02,318.48,319.03,319.73,321.95,331.26
336.41,346.87,318.29,328.64,323.1,319.73,318.76,319.31,321.88,329.39,336.63,342.61
349.08,357.59,327.7,340.51,341.78,342.54,344.26,346.6,348.67,350.25,351.49,352.81
327.6,340.73,314.39,325.85,320.86,318.22,317.88,318.38,318.91,319.35,319.72,320.1
316.69,334.4,310.48,322.1,317.63,316.07,316.69,317.66,318.36,318.85,319.23,319.58
394.11,420.27,391.52,386.79,378.69,368.91,364.57,363.76,363.97,364.23,364.36,364.41
378.3,403.89,375.36,375.1,375.89,376.36,377.05,378.66,380.29,381.55,382.56,383.8
297.88,316.83,306.19,317.12,310.31,310.35,313.53,316.14,317.64,318.43,318.92,319.31
297.81,316.55,305.87,316.79,309.88,309.92,313.19,315.87,317.43,318.25,318.76,319.16
291.04,299.85,290.02,300.65,306.08,312.15,314.57,315.95,317.44,318.49,319.18,319.67
290.09,298.67,289.3,299.15,303.68,308.42,315.64,317.26,318.1,318.95,319.61,320.12
297.14,314.55,305.44,316.61,309.56,309.52,312.89,315.69,317.31,318.17,318.7,319.11
296.24,311.39,304.55,316.6,309.52,309.32,312.72,315.59,317.27,318.16,318.7,319.11
291.47,300.38,290.4,301.73,308.12,312.61,313.91,315.64,317.29,318.37,319.04,319.53
304.21,325.66,307.17,318.22,312.79,312.58,314.77,316.67,317.8,318.45,318.9,319.28
313.43,332.41,309.18,320.71,316.24,315.09,316.11,317.29,318.08,318.59,318.99,319.34
375.89,401.24,372.77,373.48,374.47,375.21,375.99,377.62,379.25,380.52,381.48,382.25
448.21,496.92,461.76,438.85,439.25,445.83,453.8,459.38,462.52,463.88,464.42,464.7
401.76,432.75,410.16,396.78,392.24,414.36,441.81,454.83,457.71,458.27,458.58,458.83
311.17,330.91,309.25,321.67,322.82,339.82,386.31,430.8,444.29,445.98,447.11,448.24
310.63,330.69,308.71,320.28,316.85,322.39,345.02,393.25,434.64,444.92,446.19,447.29
315.9,333.97,309.78,321.42,317.19,317.2,325.29,350.95,399.2,437.1,445.24,446.34
335.58,346.73,317.33,327.92,322.49,319.48,320.37,329.89,362.74,419.28,456.38,463.5
437.49,483.6,456.79,442.99,443.47,447.84,453.26,457.81,460.46,461.58,462.03,462.29
323.22,338.32,315.39,334.75,355.52,401.62,436.33,444.74,446.53,447.84,448.91,449.71
325.22,339.48,313.43,327.27,332.24,362.1,410.06,440.0,445.31,446.5,447.7,448.69
307.53,328.55,308.05,319.61,316.98,326.17,359.67,409.5,440.42,445.41,446.43,447.62
297.1,314.51,305.53,316.77,310.08,312.45,325.92,361.98,412.05,441.44,445.88,446.91
300.74,322.05,306.47,317.32,311.07,311.51,316.95,330.46,367.25,415.96,442.26,446.02
319.7,336.21,310.63,322.3,317.83,316.15,317.02,320.67,333.11,369.85,417.77,442.67
296.79,313.52,305.32,316.73,309.64,309.55,313.0,316.25,320.73,333.63,371.08,419.15
298.76,318.79,306.2,317.0,310.31,310.38,313.52,316.14,318.07,321.77,334.53,372.28
294.72,306.35,300.43,316.68,310.86,310.05,313.11,315.94,317.73,319.16,322.97,336.75
298.75,319.19,307.37,318.16,311.98,312.01,314.78,317.1,318.46,319.28,320.32,324.14
294.16,305.03,297.81,315.71,312.0,310.85,313.52,316.2,317.9,318.84,319.5,320.48
299.27,320.07,306.97,317.74,311.44,311.5,314.35,316.71,318.09,318.84,319.34,319.82
298.61,318.67,306.79,317.58,311.13,311.2,314.16,316.6,318.02,318.8,319.3,319.71
296.65,312.95,305.59,317.25,310.43,310.35,313.55,316.24,317.82,318.66,319.19,319.6
302.05,323.97,307.36,318.29,312.6,312.5,314.9,316.94,318.15,318.83,319.3,319.69
397.87,426.02,401.38,390.92,372.51,363.1,360.9,361.0,361.37,361.58,361.67,361.7
305.1,326.87,307.88,318.98,313.7,313.37,315.39,317.16,318.21,318.81,319.23,319.58
308.89,329.63,308.48,319.81,315.04,314.33,315.83,317.29,318.2,318.76,319.16,319.51
303.74,325.56,307.38,318.42,312.92,312.72,314.96,316.87,318.0,318.64,319.07,319.44
313.45,332.67,309.53,321.09,316.62,315.41,316.37,317.52,318.3,318.81,319.2,319.55
314.93,333.56,309.81,321.43,316.99,315.64,316.45,317.52,318.27,318.77,319.15,319.5
317.62,335.15,310.4,322.09,317.65,316.04,316.6,317.54,318.23,318.71,319.09,319.44
341.97,351.72,321.24,330.54,326.17,328.42,334.47,338.36,342.2,345.42,347.57,349.0
297.17,314.84,305.69,316.84,309.82,309.79,313.13,315.88,317.48,318.32,318.83,319.23
296.53,312.58,305.03,316.68,309.6,309.47,312.86,315.7,317.35,318.23,318.76,319.17
252.88,269.7,286.04,289.41,310.5,336.65,353.39,357.97,358.86,359.44,360.01,360.51
264.01,273.67,287.23,289.71,310.65,337.8,358.41,365.15,362.87,359.68,358.12,357.72
242.65,263.01,279.2,284.74,307.64,333.51,351.32,357.01,358.22,358.87,359.48,360.0
240.24,260.64,274.93,280.07,303.53,328.07,347.44,355.19,357.08,357.85,358.5,359.06
232.32,252.9,266.68,274.78,292.67,309.91,330.91,346.15,352.83,355.12,356.15,356.87
230.12,249.53,260.82,272.25,286.5,298.96,316.14,332.87,345.15,351.41,353.86,354.95
220.38,234.5,243.13,255.47,268.12,282.66,294.14,303.2,306.38,307.76,313.67,325.69
224.19,236.89,235.57,243.11,256.14,261.17,267.1,282.86,295.89,302.62,305.59,311.38
192.96,199.84,227.87,249.91,263.62,282.59,298.6,307.44,310.2,310.5,310.46,310.5
179.59,180.59,204.08,222.49,238.26,250.73,258.04,272.26,280.24,285.34,291.94,299.5
168.73,171.86,199.12,218.14,227.6,229.63,231.3,234.59,242.89,253.35,262.05,273.17
168.07,172.25,199.17,217.85,227.15,229.09,230.4,231.6,232.67,233.63,234.71,237.46
162.62,168.24,197.43,217.41,226.99,228.95,230.26,231.47,232.54,233.47,234.26,235.11
273.11,272.65,255.57,250.93,239.56,233.13,233.83,240.7,235.57,228.66,225.24,224.03
171.17,173.58,199.5,217.68,226.81,228.69,229.95,231.11,232.17,233.08,233.83,234.44
176.48,176.96,200.61,217.23,225.77,227.46,228.58,229.63,230.61,231.49,232.25,232.88
173.13,175.6,200.35,217.6,226.36,228.13,229.33,230.44,231.46,232.36,233.12,233.74
185.33,176.76,194.84,208.2,215.3,216.2,216.51,216.78,217.04,217.3,217.56,217.83
441.52,430.27,377.04,355.36,322.45,301.99,294.41,292.31,291.92,292.5,296.06,304.45
190.61,180.37,201.45,221.68,233.29,236.45,237.98,239.22,240.4,241.43,242.29,242.94
210.08,197.87,198.4,212.39,226.58,232.01,234.78,236.06,237.02,237.93,238.74,239.44
173.91,175.8,200.68,219.89,236.09,247.04,255.66,261.35,263.83,264.78,265.1,265.19
184.57,177.11,195.95,210.01,219.18,227.48,236.69,243.29,247.79,250.24,251.78,252.75
248.65,226.83,214.22,220.77,219.96,219.34,224.7,231.31,233.59,234.94,236.02,237.02
270.71,268.21,254.04,249.88,238.5,232.47,233.6,247.82,250.1,247.38,246.56,246.27
262.99,244.42,229.62,232.91,228.61,227.33,232.19,233.68,237.0,241.86,247.95,253.04
167.69,171.88,198.83,217.57,226.86,228.77,230.1,231.56,234.52,242.7,251.84,259.08
201.03,188.67,193.54,201.77,207.44,207.86,207.67,207.46,207.47,209.1,216.22,224.88
191.67,178.86,191.38,201.99,208.08,208.55,208.41,208.24,208.08,208.16,209.89,217.11
254.35,232.74,218.4,223.74,221.19,218.01,215.91,214.91,214.57,214.88,217.57,225.85
199.9,187.23,193.1,201.59,207.28,207.69,207.49,207.23,206.95,206.68,206.48,206.58
168.6,173.02,199.36,217.64,226.76,228.63,229.9,231.06,232.12,233.03,233.8,234.43
170.43,174.34,199.92,217.69,226.63,228.47,229.71,230.85,231.89,232.8,233.56,234.17
163.75,169.57,197.96,217.41,226.83,228.75,230.03,231.21,232.28,233.2,233.96,234.57
180.0,177.88,199.51,214.91,222.92,224.34,225.2,226.02,226.81,227.56,228.25,228.89
163.12,169.03,197.73,217.37,226.83,228.75,230.04,231.22,232.29,233.21,233.97,234.58
167.58,172.57,199.22,217.66,226.81,228.7,229.97,231.14,232.2,233.12,233.87,234.47
187.51,176.74,192.72,204.91,211.52,212.2,212.27,212.3,212.32,212.33,212.35,212.4
247.59,224.86,212.75,220.11,219.61,217.16,215.34,214.18,213.63,213.49,213.59,213.79
269.93,266.17,253.49,249.7,238.23,231.95,230.76,237.89,235.44,228.33,224.49,223.15
281.41,279.02,256.53,251.13,239.84,233.33,234.78,240.72,234.63,228.02,225.02,224.0
273.52,272.76,255.13,250.38,239.05,232.67,233.13,239.97,234.8,227.97,224.71,223.59
278.68,280.04,258.66,253.34,241.86,235.54,241.12,243.05,236.51,230.16,227.05,225.94
332.42,322.81,287.86,267.13,267.54,260.08,250.68,248.14,247.83,247.85,248.02,248.69
267.87,257.19,248.6,250.5,239.12,232.26,229.83,234.25,237.65,230.8,225.67,223.71
226.63,207.77,199.76,204.77,210.04,210.48,210.36,210.17,209.95,209.73,209.55,209.4
220.59,204.36,198.49,204.06,209.45,209.9,209.78,209.58,209.35,209.13,208.93,208.78
224.46,205.97,198.86,204.1,209.42,209.86,209.73,209.53,209.3,209.07,208.87,208.71
281.54,279.03,256.43,251.08,239.81,233.29,234.44,240.64,234.81,228.12,225.01,223.94
271.34,269.58,254.47,250.13,238.74,232.41,232.03,239.3,235.28,228.27,224.71,223.47
267.21,254.9,246.21,249.65,238.74,231.81,229.15,231.34,236.94,231.17,225.6,223.32
269.77,265.74,253.48,249.84,238.36,232.06,230.84,237.98,235.7,228.57,224.66,223.29
271.38,269.63,254.49,250.16,238.77,232.43,232.04,239.31,235.31,228.3,224.73,223.48
270.1,266.54,254.05,250.34,238.79,232.43,231.56,238.98,236.04,228.9,225.02,223.65
267.65,255.38,245.77,250.48,239.82,232.58,229.82,232.2,238.13,232.36,226.53,224.05
263.3,244.97,229.79,233.12,228.97,228.14,232.67,231.5,228.1,226.78,229.71,235.64
273.22,272.89,255.86,251.24,239.87,233.41,234.21,241.01,235.78,228.87,225.46,224.25
271.49,269.68,255.56,251.46,239.9,233.43,233.65,240.96,236.49,229.42,225.74,224.43
285.74,295.74,274.01,271.31,261.95,266.24,261.66,258.38,256.52,253.93,255.33,261.39
406.7,449.39,422.96,397.29,374.42,364.19,362.33,362.56,362.91,363.08,363.13,363.14
329.55,340.59,312.04,322.18,317.38,315.94,316.73,317.84,318.82,320.77,327.12,334.92
336.53,345.02,314.23,324.46,319.66,318.79,324.67,332.72,337.13,341.0,344.14,346.24
360.49,381.09,350.84,357.65,357.36,360.32,362.47,364.58,366.45,367.94,369.13,370.12
369.11,392.14,362.3,366.37,367.6,369.65,371.15,373.03,374.8,376.2,377.28,378.17
406.21,441.15,411.01,388.3,367.15,358.65,357.43,357.83,358.23,358.42,358.48,358.5
391.65,416.24,389.14,386.0,370.98,362.46,360.39,360.52,360.92,361.16,361.26,361.29
394.33,420.6,395.79,386.74,368.82,360.63,359.05,359.32,359.72,359.93,360.01,360.04
407.21,442.67,412.76,389.31,367.82,359.08,357.78,358.18,358.58,358.77,358.83,358.84
442.51,486.43,446.85,411.52,390.25,389.36,416.47,445.95,459.2,461.88,462.27,462.51
380.28,404.37,374.62,374.49,376.8,387.0,419.76,460.09,480.8,486.25,481.22,477.23
377.36,402.08,373.01,373.61,375.45,381.25,403.4,445.22,474.21,482.15,485.34,488.96
367.0,391.05,363.11,367.17,368.53,371.64,381.51,413.72,455.21,475.57,480.4,482.28
507.4,635.56,574.88,535.15,511.66,484.19,458.59,449.07,446.05,437.25,426.35,418.53
463.07,533.5,519.57,512.87,507.65,496.02,481.37,472.92,470.08,469.03,467.76,466.0
356.27,373.1,358.28,381.41,429.86,462.2,469.39,472.16,473.73,474.38,474.64,474.8
346.93,355.62,327.17,344.76,375.85,428.41,457.94,464.54,467.2,468.83,469.61,469.98
359.74,379.14,353.29,361.68,373.81,413.79,455.42,471.44,475.17,476.94,477.84,478.26
348.74,357.23,327.16,339.48,343.51,355.97,395.84,444.52,464.29,467.42,468.91,469.87
347.37,355.81,325.31,335.57,337.57,342.1,355.73,397.49,446.05,464.56,467.35,468.72
356.04,370.15,345.44,353.63,352.44,354.55,358.27,373.33,414.33,455.79,469.69,472.39
348.74,357.2,327.07,339.09,340.83,341.81,343.92,349.04,364.29,405.5,449.95,465.65
344.63,353.34,323.09,331.74,328.22,331.74,336.45,340.25,346.51,362.3,403.71,448.82
436.13,479.56,440.72,406.24,381.46,374.54,391.22,425.45,451.97,460.13,461.13,461.26
346.83,355.33,324.84,334.31,335.32,340.09,351.32,387.82,438.65,463.26,466.99,468.4
353.28,363.82,338.1,349.42,347.75,349.59,352.69,364.7,401.47,447.01,466.6,469.93
376.07,401.74,373.49,374.0,374.93,375.61,376.65,380.44,393.89,429.36,465.43,479.97
408.05,443.81,415.86,391.34,369.4,360.24,358.82,359.43,361.56,369.95,393.17,427.79
397.95,425.48,399.91,390.65,372.9,363.33,360.98,361.07,361.71,363.71,372.23,396.02
391.22,417.24,387.84,381.93,379.64,378.43,373.19,369.57,368.75,369.14,371.22,380.23
405.32,439.07,413.42,390.64,369.22,360.31,358.86,359.21,359.62,359.85,360.19,362.08
499.74,601.51,564.71,537.89,518.91,493.82,469.14,460.51,458.79,453.57,443.66,434.24
407.63,448.83,430.04,423.01,427.6,439.6,448.73,453.36,455.29,456.01,456.34,456.56
372.31,397.82,372.62,383.77,419.49,459.35,475.83,480.84,483.32,484.51,485.12,485.6
359.14,377.26,352.04,360.72,372.7,412.82,454.57,470.5,474.13,475.85,476.74,477.15
347.09,355.63,325.21,334.94,338.18,352.19,391.12,441.7,463.48,466.82,468.34,469.38
348.35,356.86,326.56,337.58,339.9,343.71,357.67,399.7,447.31,464.9,467.62,468.99
355.19,367.86,343.22,352.29,350.84,352.92,356.68,371.83,413.14,455.02,468.95,471.58
367.44,391.8,364.46,368.03,369.06,370.34,371.67,376.19,392.68,431.83,466.64,478.18
350.91,359.89,331.37,344.76,344.47,345.38,346.86,349.13,353.6,368.61,409.6,452.33
455.05,513.97,492.26,483.3,479.35,467.55,460.3,460.85,463.79,465.81,466.71,467.09
447.38,503.73,484.51,477.47,472.73,461.78,457.26,459.31,462.42,464.19,464.92,465.24
341.08,352.44,331.75,351.83,394.46,435.6,450.31,459.66,464.34,466.8,468.6,469.54
350.21,359.26,332.08,352.65,382.69,432.64,460.66,466.6,468.82,470.17,470.8,471.1
435.74,479.89,446.52,425.86,425.71,437.97,450.81,457.42,460.09,461.09,461.51,461.77
345.51,354.28,324.75,337.43,352.17,402.6,448.07,462.26,465.74,467.89,469.09,469.66
330.08,342.48,315.83,327.82,327.22,340.81,384.09,428.92,444.49,446.47,447.53,448.66
337.99,348.16,319.42,329.48,324.64,326.01,342.41,388.33,438.38,458.73,462.64,465.47
344.47,353.29,323.1,331.7,327.99,332.0,342.16,366.52,418.22,457.97,466.01,467.58
348.24,356.73,326.4,337.38,339.37,340.88,343.58,352.16,378.4,427.0,460.5,467.03
360.67,380.79,354.57,360.5,360.61,362.12,363.15,365.55,373.56,400.72,444.15,469.95
381.32,407.13,378.48,377.01,377.42,377.51,378.09,379.84,382.68,391.48,420.59,458.76
362.25,383.86,357.24,362.6,363.03,364.47,365.36,366.77,368.4,370.75,378.48,405.35
371.97,397.28,369.41,371.43,372.52,373.49,374.33,375.93,377.56,378.99,381.09,388.73
359.59,378.48,352.63,358.96,358.8,360.33,361.21,362.53,363.95,365.21,366.41,368.39
371.95,397.26,369.39,371.42,372.51,373.48,374.32,375.92,377.53,378.81,379.81,380.74
403.51,435.71,411.3,390.3,369.29,360.48,359.0,359.33,359.73,359.92,359.99,360.03
355.68,369.1,344.49,353.05,351.68,353.37,354.36,355.67,357.07,358.32,359.38,360.29
367.35,391.67,364.31,367.92,368.94,370.19,371.1,372.64,374.21,375.49,376.5,377.32
318.82,335.58,311.51,323.16,318.6,316.76,317.13,317.97,318.63,319.09,319.47,319.81
320.29,336.74,311.52,323.31,318.74,316.76,317.0,317.77,318.4,318.86,319.23,319.57
301.83,323.62,307.21,318.16,312.45,312.35,314.76,316.79,317.97,318.63,319.08,319.45
299.75,320.54,306.71,317.54,311.36,311.4,314.16,316.44,317.77,318.49,318.96,319.35
292.06,301.23,291.17,303.53,310.38,312.9,313.84,315.73,317.37,318.4,319.04,319.51
290.31,299.05,289.68,299.65,304.1,308.74,316.0,317.57,318.27,319.05,319.68,320.18
420.54,460.42,425.59,396.54,372.51,361.64,359.72,360.02,360.44,360.67,360.93,362.28
301.37,323.2,307.15,318.06,312.12,312.09,314.64,316.77,317.99,318.66,319.13,319.71
295.05,307.06,301.42,316.6,310.2,309.53,312.73,315.59,317.31,318.23,318.78,319.24
302.41,324.09,307.04,318.01,312.3,312.21,314.61,316.64,317.84,318.51,318.96,319.35
303.86,325.53,307.33,318.39,312.96,312.74,314.92,316.8,317.92,318.56,319.0,319.38
298.92,319.0,306.33,317.14,310.62,310.69,313.7,316.16,317.59,318.36,318.85,319.25
302.03,323.63,306.91,317.85,312.03,311.97,314.47,316.56,317.78,318.47,318.93,319.31
306.91,328.05,307.92,319.15,314.18,313.67,315.43,317.05,318.03,318.62,319.04,319.4
401.61,432.68,408.79,389.65,369.13,360.49,359.01,359.34,359.73,359.93,360.0,360.02
450.35,503.27,477.28,465.58,463.95,458.5,457.18,460.06,463.09,464.67,465.31,465.61
339.58,349.84,325.12,344.4,378.74,424.22,445.24,454.6,461.97,465.1,467.35,468.77
347.63,356.05,326.37,341.71,361.17,409.77,452.0,464.19,467.01,468.72,469.66,470.1
334.33,345.16,317.29,328.79,328.21,342.29,385.89,430.01,444.81,447.52,452.77,460.87
357.99,375.16,349.59,356.75,357.19,365.56,392.86,438.91,467.04,472.89,474.79,475.91
356.36,371.14,346.21,354.15,353.16,356.06,363.98,392.32,438.76,466.32,471.74,473.46
389.43,415.11,385.64,380.47,378.0,379.55,378.58,379.7,396.07,431.93,459.62,467.2
449.37,504.02,481.59,472.93,469.51,460.71,457.45,459.81,462.86,464.54,465.23,465.54
364.82,389.38,369.45,388.84,435.78,468.71,476.95,480.46,482.47,483.43,484.02,484.54
349.08,357.7,329.13,347.73,371.79,422.05,457.42,465.63,468.01,469.52,470.27,470.62
356.88,372.5,347.56,356.38,363.45,395.95,442.1,466.92,471.97,473.88,474.99,475.5
313.24,332.13,309.6,321.15,317.78,323.01,345.36,393.42,434.75,445.04,446.31,447.41
310.68,330.74,308.74,320.17,315.71,316.07,324.06,348.14,396.13,435.94,445.25,446.43
301.55,323.2,306.84,317.75,311.77,311.94,315.83,324.84,349.37,397.3,436.56,445.57
300.55,321.82,306.62,317.47,311.27,311.34,314.3,317.89,326.24,350.71,398.47,437.16
304.54,326.12,307.4,318.49,313.14,312.88,315.02,317.05,319.49,327.22,351.65,399.36
303.09,324.82,307.18,318.19,312.59,312.45,314.77,316.76,318.11,320.12,327.73,352.31
350.24,359.95,332.07,345.81,344.89,346.13,347.66,349.51,351.25,352.88,355.65,365.85
316.1,334.01,310.42,321.99,317.51,316.01,316.69,317.69,318.41,318.93,319.51,321.25
404.86,438.41,412.82,390.33,369.03,360.18,358.76,359.11,359.51,359.71,359.82,360.18
303.59,325.53,307.56,318.6,313.1,312.89,315.1,316.99,318.1,318.72,319.15,319.56
306.13,327.58,307.9,319.11,314.05,313.59,315.43,317.09,318.09,318.68,319.1,319.47
305.71,327.21,307.76,318.93,313.8,313.4,315.31,317.02,318.05,318.65,319.07,319.43
306.16,327.58,307.9,319.11,314.07,313.61,315.43,317.08,318.08,318.67,319.09,319.45
303.15,324.94,307.28,318.3,312.76,312.59,314.86,316.8,317.94,318.59,319.03,319.4
302.8,324.55,307.19,318.19,312.58,312.45,314.77,316.74,317.91,318.56,319.01,319.39
